0.4900 	 1 
0.6700 	 1 
0.6700 	 2 
0.8300 	 1 
1.0000 	 1 
1.1595 	 0 
1.5900 	 1 
1.7300 	 1 
1.7357 	 2 
2.1551 	 1 
2.3100 	 1 
2.8500 	 2 
3.4200 	 1 
3.9600 	 2 
4.3400 	 1 
4.8900 	 1 
5.0700 	 2 
5.0794 	 1 
5.4500 	 1 
5.5960 	 1 
5.6000 	 0 
6.0000 	 1 
6.1700 	 2 
6.5500 	 1 
6.7100 	 1 
7.2600 	 1 
7.6600 	 1 
7.8100 	 1 
8.1900 	 1 
8.3400 	 2 
8.3505 	 1 
8.7100 	 1 
8.9000 	 1 
9.1000 	 1 
9.2300 	 1 
9.4000 	 2 
9.4070 	 1 
9.7800 	 1 
9.9300 	 0 
10.3387 	 1 
10.5000 	 2 
10.5070 	 1 
10.9100 	 1 
11.0440 	 0 
11.0500 	 1 
11.6100 	 2 
11.6245 	 1 
12.0200 	 1 
12.1469 	 0 
12.1600 	 1 
12.7042 	 2 
12.7200 	 1 
13.1100 	 1 
13.2600 	 0 
13.2702 	 1 
13.6100 	 1 
13.7800 	 2 
14.1800 	 1 
14.3180 	 1 
14.3300 	 0 
14.8550 	 1 
14.8700 	 2 
15.2700 	 1 
15.4093 	 1 
15.4200 	 0 
15.9579 	 1 
15.9700 	 2 
16.3500 	 1 
16.4891 	 1 
16.5100 	 0 
17.0600 	 1 
17.0696 	 2 
17.4300 	 1 
17.5920 	 1 
17.6000 	 0 
17.9600 	 1 
18.1348 	 1 
18.1400 	 2 
18.5400 	 1 
18.6601 	 0 
18.6800 	 1 
19.0700 	 1 
19.2087 	 1 
19.2200 	 2 
19.6000 	 1 
19.7399 	 0 
20.2884 	 2 
20.3000 	 1 
20.7300 	 1 
20.8631 	 1 
20.8700 	 0 
21.4001 	 1 
21.4100 	 2 
21.8000 	 1 
21.9400 	 1 
21.9500 	 0 
22.3300 	 1 
22.4943 	 2 
22.5100 	 1 
22.8900 	 1 
23.0313 	 1 
23.0400 	 0 
23.4200 	 1 
23.5857 	 1 
23.6000 	 2 
23.9800 	 1 
24.1255 	 1 
24.1400 	 0 
24.6886 	 2 
24.7000 	 1 
25.0700 	 1 
25.2198 	 1 
25.2300 	 0 
25.5900 	 1 
25.7600 	 1 
25.7712 	 2 
26.1500 	 1 
26.3227 	 1 
26.3300 	 0 
26.7000 	 1 
26.8597 	 2 
26.8700 	 1 
27.0500 	 1 
27.2100 	 1 
27.3734 	 0 
27.8000 	 1 
27.9510 	 1 
27.9600 	 2 
28.3400 	 1 
28.4918 	 1 
28.5000 	 0 
29.0367 	 1 
29.0500 	 2 
29.4400 	 1 
29.5980 	 1 
29.6100 	 0 
30.1500 	 2 
30.1571 	 1 
30.5300 	 1 
30.6898 	 1 
30.7000 	 0 
31.2300 	 2 
31.2388 	 1 
31.6200 	 1 
31.7592 	 1 
31.7700 	 0 
32.3200 	 2 
32.3286 	 1 
32.7100 	 1 
32.8612 	 0 
32.8700 	 1 
33.3918 	 2 
33.4000 	 1 
33.7700 	 1 
33.9400 	 1 
33.9490 	 0 
34.3200 	 1 
34.4900 	 2 
34.5041 	 1 
34.8600 	 1 
35.0204 	 0 
35.0300 	 1 
35.4100 	 1 
35.5653 	 0 
35.5900 	 2 
35.7800 	 1 
35.9300 	 1 
36.0898 	 0 
36.5200 	 1 
36.6900 	 1 
37.0776 	 1 
37.2224 	 0 
37.2300 	 1 
37.6000 	 1 
37.7612 	 2 
37.7700 	 1 
38.1500 	 1 
38.3102 	 1 
38.3200 	 0 
38.6800 	 1 
38.8531 	 1 
38.8600 	 2 
39.2200 	 1 
39.4000 	 1 
39.7400 	 1 
39.7900 	 1 
39.8600 	 1 
39.9408 	 1 
39.9500 	 0 
40.3500 	 1 
40.5143 	 2 
40.5200 	 1 
40.8800 	 1 
41.0600 	 2 
41.4400 	 1 
41.6000 	 1 
42.1300 	 2 
42.5200 	 1 
42.6800 	 1 
43.2400 	 2 
43.5900 	 1 
43.8000 	 1 
44.1600 	 1 
44.3224 	 1 
44.3300 	 2 
44.7100 	 1 
44.8800 	 1 
45.2500 	 1 
45.4300 	 2 
45.8100 	 1 
45.9600 	 1 
46.4918 	 1 
46.5000 	 2 
46.9100 	 1 
47.0600 	 1 
47.6000 	 2 
47.9600 	 1 
48.1700 	 1 
48.5000 	 1 
48.6800 	 1 
48.6800 	 2 
48.8700 	 1 
49.0200 	 0 
49.2163 	 0 
49.6200 	 1 
49.7735 	 1 
49.7800 	 2 
50.1700 	 1 
50.3200 	 1 
50.8449 	 1 
50.8500 	 2 
51.2500 	 1 
51.4100 	 1 
51.9600 	 2 
52.3100 	 1 
52.5300 	 1 
52.8800 	 1 
53.0327 	 1 
53.0400 	 2 
53.4100 	 0 
53.5900 	 0 
53.9500 	 1 
54.1224 	 1 
54.1300 	 2 
54.5100 	 1 
54.6800 	 1 
55.0300 	 1 
55.2061 	 1 
55.2200 	 2 
55.5800 	 1 
55.7600 	 1 
56.2900 	 1 
56.6500 	 1 
56.8600 	 1 
57.0700 	 1 
57.2100 	 1 
57.3816 	 1 
57.3900 	 2 
57.7600 	 0 
57.9327 	 0 
58.5000 	 2 
58.8800 	 0 
59.0500 	 0 
59.5959 	 1 
59.6100 	 2 
59.9800 	 0 
60.1500 	 0 
60.7102 	 1 
60.7200 	 2 
61.1000 	 1 
61.2388 	 1 
61.2500 	 0 
61.6200 	 1 
61.7735 	 2 
61.7900 	 1 
62.1837 	 1 
62.3204 	 0 
62.3300 	 1 
62.7286 	 1 
62.8800 	 1 
62.8878 	 2 
63.2700 	 1 
63.3939 	 0 
63.4100 	 1 
63.7900 	 1 
63.9327 	 2 
63.9500 	 1 
64.3300 	 1 
64.4714 	 1 
64.4800 	 0 
65.0400 	 2 
65.4400 	 1 
65.5796 	 0 
65.5900 	 1 
65.9592 	 1 
66.1082 	 2 
66.1200 	 1 
66.5204 	 1 
66.6714 	 0 
66.6800 	 1 
67.2300 	 2 
67.6100 	 1 
67.7653 	 0 
67.7800 	 1 
68.1300 	 1 
68.2939 	 1 
68.3000 	 2 
68.6800 	 1 
68.8367 	 0 
68.8500 	 1 
69.4100 	 1 
69.4163 	 2 
69.8100 	 1 
69.9449 	 0 
69.9600 	 1 
70.4857 	 2 
70.5000 	 1 
70.9200 	 1 
71.0408 	 0 
71.0500 	 1 
71.5980 	 1 
71.6100 	 2 
72.0100 	 1 
72.1388 	 0 
72.1600 	 1 
72.6898 	 1 
72.7000 	 2 
73.0700 	 1 
73.2082 	 0 
73.2200 	 1 
73.7816 	 1 
73.7900 	 2 
74.1700 	 1 
74.3102 	 0 
74.3200 	 1 
74.6800 	 1 
74.8551 	 2 
74.8700 	 1 
75.0600 	 1 
75.2100 	 1 
75.3531 	 0 
75.7700 	 1 
75.9200 	 1 
76.3500 	 1 
76.4796 	 0 
76.4900 	 1 
77.0184 	 1 
77.0300 	 2 
77.4500 	 1 
77.5796 	 0 
77.5900 	 1 
78.1265 	 1 
78.1400 	 2 
78.5300 	 1 
78.6735 	 0 
78.6800 	 1 
79.2143 	 1 
79.2300 	 2 
79.6100 	 1 
79.7612 	 1 
80.3122 	 1 
80.3200 	 2 
80.7100 	 1 
80.8592 	 0 
80.8700 	 1 
81.2300 	 1 
81.3939 	 1 
81.4100 	 2 
81.7800 	 1 
81.9300 	 1 
81.9429 	 0 
82.3429 	 1 
82.4796 	 1 
82.4900 	 2 
82.8939 	 1 
83.0469 	 1 
83.0600 	 0 
83.4306 	 1 
83.5837 	 2 
83.6000 	 1 
83.9900 	 1 
84.1327 	 0 
84.1500 	 1 
84.5700 	 1 
84.7100 	 1 
84.7204 	 2 
85.1000 	 1 
85.2429 	 0 
85.2500 	 1 
85.6100 	 1 
85.7735 	 2 
85.7800 	 1 
86.1500 	 1 
86.3082 	 0 
86.3200 	 1 
86.7000 	 1 
86.8490 	 2 
86.8600 	 1 
87.2400 	 1 
87.4000 	 0 
87.4100 	 1 
87.7800 	 1 
87.9449 	 0 
87.9600 	 2 
88.3600 	 1 
88.5200 	 1 
88.9000 	 1 
89.0633 	 2 
89.0800 	 1 
89.4300 	 1 
89.5900 	 1 
90.1122 	 1 
90.1200 	 2 
90.5200 	 1 
90.6800 	 1 
91.2200 	 2 
91.6000 	 1 
92.1700 	 1 
92.3100 	 1 
92.3184 	 2 
92.6900 	 1 
92.8531 	 0 
92.8600 	 1 
93.2300 	 1 
93.3918 	 2 
93.4000 	 1 
93.7900 	 1 
93.9600 	 1 
94.3100 	 1 
94.4735 	 0 
94.4800 	 1 
94.6700 	 1 
94.8300 	 1 
95.0200 	 1 
95.4000 	 1 
95.5600 	 1 
95.9082 	 0 
