0.0400 	 1 
0.1400 	 2 
0.1415 	 1 
0.4200 	 0 
0.6900 	 1 
0.9800 	 1 
1.2307 	 1 
1.2500 	 2 
1.5200 	 1 
1.7900 	 1 
1.7937 	 2 
2.0800 	 1 
2.2300 	 1 
2.3400 	 2 
2.6100 	 1 
2.7700 	 1 
2.8648 	 0 
2.8700 	 2 
3.1600 	 1 
3.3100 	 1 
3.4200 	 1 
3.4249 	 2 
3.6000 	 1 
3.7000 	 1 
3.8900 	 1 
3.9900 	 2 
4.1400 	 1 
4.2551 	 1 
4.3407 	 1 
4.4873 	 2 
4.5000 	 1 
4.6800 	 1 
4.7800 	 1 
5.0424 	 2 
5.0500 	 1 
5.2400 	 1 
5.3300 	 1 
5.5873 	 2 
5.6000 	 1 
5.7700 	 1 
5.8700 	 1 
6.0300 	 1 
6.1134 	 0 
6.1200 	 2 
6.4100 	 1 
6.5500 	 1 
6.6700 	 2 
6.8500 	 1 
6.9400 	 1 
7.2100 	 2 
7.4200 	 1 
7.5000 	 1 
7.6800 	 1 
7.7700 	 1 
7.9400 	 1 
8.0300 	 1 
8.2100 	 0 
8.3200 	 2 
8.5100 	 1 
8.5900 	 1 
8.7400 	 1 
8.8526 	 2 
8.9600 	 1 
9.0500 	 1 
9.1349 	 0 
9.4100 	 2 
9.5900 	 1 
9.9600 	 2 
10.1500 	 1 
10.2400 	 1 
10.5200 	 2 
10.6900 	 1 
10.7800 	 1 
11.0500 	 2 
11.2300 	 1 
11.3200 	 1 
11.6000 	 2 
11.7700 	 1 
11.8700 	 1 
12.1300 	 2 
12.3200 	 1 
12.4100 	 1 
12.6800 	 2 
12.8600 	 1 
12.9500 	 1 
13.1200 	 1 
13.2200 	 2 
13.4100 	 1 
13.5000 	 1 
13.7700 	 2 
13.9500 	 1 
14.0400 	 1 
14.3100 	 2 
14.5000 	 1 
14.5800 	 1 
14.8600 	 2 
15.0400 	 1 
15.1300 	 1 
15.4000 	 2 
15.5800 	 1 
15.6700 	 1 
15.9400 	 2 
16.1400 	 1 
16.2300 	 1 
16.4900 	 2 
16.6800 	 1 
16.7800 	 1 
17.0400 	 2 
17.2300 	 1 
17.3200 	 1 
17.4900 	 1 
17.5900 	 2 
17.7000 	 1 
17.7800 	 1 
17.8408 	 1 
17.8500 	 0 
18.1300 	 2 
18.3200 	 1 
18.4100 	 1 
18.6800 	 2 
18.8700 	 1 
18.9600 	 1 
19.2300 	 2 
19.4000 	 1 
19.5000 	 1 
19.7700 	 2 
19.9600 	 1 
20.0500 	 1 
20.3200 	 2 
20.5000 	 1 
20.6000 	 1 
20.8600 	 2 
21.0400 	 1 
21.1300 	 1 
21.4000 	 2 
21.5800 	 1 
21.6700 	 1 
21.9400 	 2 
22.1400 	 1 
22.2200 	 1 
22.4800 	 2 
22.6600 	 1 
22.7500 	 1 
22.9200 	 1 
23.0100 	 2 
23.2100 	 1 
23.3000 	 1 
23.5700 	 2 
23.7500 	 1 
23.8400 	 1 
24.0100 	 1 
24.1000 	 2 
24.2800 	 1 
24.3800 	 1 
24.6400 	 2 
24.8400 	 1 
24.9300 	 1 
25.2100 	 2 
25.5000 	 1 
25.6600 	 0 
25.7700 	 2 
25.9400 	 1 
26.0400 	 1 
26.1900 	 1 
26.3000 	 2 
26.5800 	 0 
26.8500 	 2 
27.0500 	 1 
27.1500 	 1 
27.4100 	 2 
27.6000 	 1 
27.7000 	 1 
27.9600 	 2 
28.1500 	 1 
28.2500 	 1 
28.5000 	 2 
28.6900 	 1 
28.7700 	 1 
29.0500 	 2 
29.2300 	 1 
29.3100 	 1 
29.5900 	 2 
29.7800 	 1 
29.8600 	 1 
30.1200 	 2 
30.3100 	 1 
30.3900 	 1 
30.6600 	 2 
30.8500 	 1 
30.9400 	 1 
31.2100 	 2 
31.3900 	 1 
31.4900 	 1 
31.7500 	 2 
31.9400 	 1 
32.0300 	 1 
32.3000 	 2 
32.4900 	 1 
32.5800 	 1 
32.8400 	 2 
33.0300 	 1 
33.1200 	 1 
33.2800 	 1 
33.3700 	 2 
33.5800 	 1 
33.6600 	 1 
33.9300 	 2 
34.1100 	 1 
34.2000 	 1 
34.4700 	 2 
34.6600 	 1 
34.7500 	 1 
34.9100 	 1 
35.0100 	 2 
35.1100 	 1 
35.1900 	 1 
35.2800 	 0 
35.5700 	 2 
35.7300 	 1 
35.8400 	 1 
36.1200 	 2 
36.3000 	 1 
36.3900 	 1 
36.6700 	 2 
36.8600 	 1 
36.9400 	 1 
37.2100 	 2 
37.4100 	 1 
37.4900 	 1 
37.7700 	 2 
37.9443 	 1 
38.0400 	 1 
38.3200 	 2 
38.5000 	 1 
38.5900 	 1 
38.7500 	 1 
38.8500 	 2 
39.0400 	 1 
39.1400 	 1 
39.4000 	 2 
39.5800 	 1 
39.6800 	 1 
39.9500 	 2 
40.1400 	 1 
40.2300 	 1 
40.4900 	 2 
40.6700 	 1 
40.7600 	 1 
40.9200 	 1 
41.0200 	 2 
41.2200 	 1 
41.3100 	 1 
41.5700 	 2 
41.5782 	 1 
41.8600 	 1 
42.1100 	 2 
42.4000 	 1 
42.5700 	 1 
42.6700 	 1 
42.6783 	 2 
42.8400 	 1 
42.9500 	 0 
43.2100 	 1 
43.2167 	 2 
43.4010 	 1 
43.5100 	 1 
43.6700 	 1 
43.7800 	 2 
43.9700 	 1 
44.0600 	 1 
44.2400 	 1 
44.3400 	 0 
44.3458 	 2 
44.5500 	 1 
44.6400 	 1 
44.7800 	 1 
44.8900 	 2 
45.0800 	 1 
45.1700 	 1 
45.4500 	 2 
45.6100 	 1 
45.7100 	 1 
45.8500 	 1 
45.9700 	 2 
46.1600 	 1 
46.2500 	 1 
46.4200 	 0 
46.5200 	 2 
46.7000 	 1 
46.7900 	 1 
46.9638 	 1 
47.0600 	 2 
47.2300 	 1 
47.3100 	 1 
47.5000 	 1 
47.5800 	 2 
47.8600 	 1 
48.0200 	 1 
48.1200 	 2 
48.3200 	 1 
48.4100 	 1 
48.5700 	 1 
48.6800 	 2 
48.6879 	 0 
48.8722 	 1 
48.9700 	 1 
49.1100 	 1 
49.2200 	 2 
49.4100 	 1 
49.5000 	 1 
49.7800 	 2 
49.9600 	 1 
50.0500 	 1 
50.1900 	 1 
50.3100 	 2 
50.5000 	 1 
50.5900 	 1 
50.7500 	 0 
50.8600 	 2 
51.0400 	 1 
51.1400 	 1 
51.3000 	 1 
51.4000 	 2 
51.5000 	 1 
51.5900 	 1 
51.6800 	 0 
51.9600 	 0 
51.9735 	 2 
52.2500 	 1 
52.4000 	 1 
52.5000 	 2 
52.7800 	 1 
52.9500 	 1 
53.0489 	 2 
53.0600 	 1 
53.2500 	 1 
53.3500 	 1 
53.4900 	 1 
53.6100 	 2 
53.7800 	 1 
53.8900 	 1 
54.1600 	 2 
54.3500 	 1 
54.4300 	 1 
54.5800 	 1 
54.6800 	 2 
54.9600 	 1 
55.1500 	 0 
55.2500 	 2 
55.5100 	 1 
55.7700 	 2 
56.0600 	 1 
56.3200 	 2 
56.6000 	 1 
56.7700 	 1 
56.8500 	 2 
57.0500 	 1 
57.1400 	 1 
57.3100 	 1 
57.4070 	 2 
57.4200 	 0 
57.6800 	 2 
57.8400 	 1 
57.9500 	 2 
58.1300 	 1 
58.2100 	 1 
58.4800 	 2 
58.7700 	 1 
58.9300 	 1 
59.0500 	 2 
59.2200 	 1 
59.3100 	 1 
59.4900 	 0 
59.5900 	 2 
59.7754 	 1 
59.8700 	 1 
60.0100 	 1 
60.1300 	 2 
60.2300 	 1 
60.3100 	 1 
60.4200 	 0 
60.6900 	 2 
60.8400 	 1 
60.9700 	 1 
61.2122 	 1 
61.4100 	 1 
61.5000 	 1 
61.7800 	 2 
61.9600 	 1 
62.0500 	 1 
62.3200 	 2 
62.4965 	 1 
62.6000 	 1 
62.8600 	 2 
63.0509 	 1 
63.1400 	 1 
63.4100 	 2 
63.5900 	 1 
63.6800 	 1 
63.9400 	 2 
64.1300 	 1 
64.2300 	 1 
64.3900 	 1 
64.4800 	 2 
64.6800 	 1 
64.7700 	 0 
65.0300 	 2 
65.2200 	 1 
65.3100 	 1 
65.5800 	 2 
65.7600 	 1 
65.8600 	 1 
66.0200 	 1 
66.1100 	 2 
66.3100 	 1 
66.4100 	 1 
66.6700 	 2 
66.8500 	 1 
66.9500 	 1 
67.2100 	 2 
67.3900 	 1 
67.4800 	 1 
67.7500 	 2 
67.9400 	 1 
68.0300 	 1 
68.1900 	 1 
68.2900 	 2 
68.4800 	 1 
68.5700 	 1 
68.8200 	 1 
68.8312 	 2 
69.0300 	 1 
69.1200 	 1 
69.3700 	 2 
69.5700 	 1 
69.6500 	 1 
69.9200 	 2 
70.1100 	 1 
70.2000 	 1 
70.4700 	 2 
70.6500 	 1 
70.7600 	 1 
71.0200 	 2 
71.2000 	 1 
71.3000 	 1 
71.5700 	 2 
71.7500 	 1 
71.8500 	 1 
72.1200 	 2 
72.2900 	 1 
72.3900 	 1 
72.6378 	 0 
72.6500 	 2 
72.8300 	 1 
72.9400 	 1 
73.0800 	 1 
73.1900 	 2 
73.2900 	 1 
73.3700 	 1 
73.4600 	 0 
73.7300 	 2 
73.9200 	 1 
74.0200 	 1 
74.2800 	 2 
74.4800 	 1 
74.5800 	 1 
74.8400 	 2 
75.0400 	 1 
75.1300 	 1 
75.4000 	 2 
75.5800 	 1 
75.6700 	 1 
75.9400 	 2 
76.1295 	 1 
76.2200 	 1 
76.3800 	 1 
76.4700 	 2 
76.6500 	 1 
76.7400 	 1 
77.0100 	 2 
77.2900 	 1 
77.4500 	 1 
77.5700 	 2 
77.8188 	 0 
78.1200 	 2 
78.2900 	 1 
78.4000 	 1 
78.6700 	 2 
78.8600 	 1 
78.9600 	 1 
79.2300 	 2 
79.4200 	 1 
79.5200 	 1 
79.7800 	 2 
79.9710 	 1 
80.0600 	 1 
80.3200 	 2 
80.5100 	 1 
80.5900 	 1 
80.8600 	 2 
81.0400 	 1 
81.1300 	 1 
81.2900 	 1 
81.3800 	 2 
81.6700 	 1 
81.9300 	 2 
82.1300 	 1 
82.2100 	 1 
82.4700 	 2 
82.6700 	 1 
82.7600 	 1 
83.0300 	 2 
83.2100 	 1 
83.3000 	 1 
83.5600 	 2 
83.7600 	 1 
83.8600 	 1 
84.1200 	 2 
84.3200 	 1 
84.4100 	 1 
84.6600 	 2 
84.8400 	 1 
84.9400 	 1 
85.0900 	 1 
85.1800 	 2 
85.3800 	 1 
85.4800 	 1 
85.7400 	 2 
85.9400 	 1 
86.0400 	 1 
86.1800 	 1 
86.3000 	 2 
86.3900 	 1 
86.4800 	 1 
86.5600 	 0 
86.8500 	 2 
87.0300 	 1 
87.1300 	 1 
87.4000 	 2 
87.5900 	 1 
87.6800 	 1 
87.9400 	 2 
88.1300 	 1 
88.2300 	 1 
88.4900 	 2 
88.6800 	 1 
88.7600 	 1 
89.0400 	 2 
89.2300 	 1 
89.3200 	 1 
89.5900 	 2 
89.5900 	 0 
89.7800 	 1 
89.8700 	 1 
90.1400 	 2 
90.1400 	 1 
90.4200 	 1 
90.6800 	 1 
90.6913 	 2 
90.8700 	 1 
90.9600 	 1 
91.1200 	 1 
91.2100 	 2 
91.4000 	 1 
91.5000 	 1 
91.7600 	 2 
91.9500 	 1 
92.0500 	 1 
92.3100 	 2 
92.5000 	 1 
92.5900 	 1 
92.7400 	 1 
92.8400 	 2 
93.1200 	 1 
93.4000 	 2 
93.5800 	 1 
93.6800 	 1 
93.8300 	 1 
93.9400 	 1 
94.1322 	 1 
94.2300 	 1 
94.4800 	 0 
94.4878 	 2 
94.7800 	 1 
94.9300 	 1 
95.0400 	 2 
95.3200 	 1 
95.4800 	 1 
95.5900 	 0 
95.5951 	 2 
95.8800 	 1 
96.0300 	 1 
96.1500 	 2 
96.3300 	 1 
96.4300 	 1 
96.6900 	 2 
96.9700 	 1 
97.1200 	 1 
97.2300 	 2 
97.4200 	 1 
97.5200 	 1 
97.7100 	 0 
97.8100 	 2 
98.0800 	 1 
98.2400 	 1 
98.3400 	 2 
98.6200 	 1 
98.8900 	 2 
99.1700 	 1 
99.4300 	 2 
99.6200 	 1 
99.7000 	 1 
99.8600 	 1 
99.9600 	 2 
100.1600 	 1 
100.2500 	 1 
100.3900 	 1 
100.5200 	 2 
100.6800 	 1 
100.7900 	 1 
101.0500 	 2 
101.3400 	 1 
101.4700 	 1 
101.6000 	 2 
101.7700 	 1 
101.8800 	 1 
102.0400 	 0 
102.0459 	 2 
102.1300 	 2 
