0.4528 	 0 
0.4528 	 2 
0.4528 	 1 
0.7895 	 2 
1.0913 	 2 
1.1029 	 0 
1.1029 	 1 
1.4164 	 2 
1.4164 	 1 
1.5790 	 2 
1.5790 	 1 
1.7183 	 1 
1.7183 	 2 
2.0201 	 1 
2.0317 	 2 
2.2059 	 2 
2.3452 	 0 
2.3452 	 2 
2.3452 	 1 
2.6471 	 1 
2.6587 	 2 
2.9605 	 0 
2.9605 	 1 
2.9722 	 2 
3.2740 	 0 
3.2740 	 1 
3.2856 	 2 
3.4598 	 2 
3.5991 	 2 
3.5991 	 0 
3.5991 	 1 
3.9126 	 0 
3.9126 	 1 
3.9242 	 2 
4.0867 	 2 
4.0867 	 1 
4.2376 	 2 
4.2376 	 1 
4.5511 	 2 
4.5511 	 1 
4.5511 	 0 
4.7369 	 2 
4.8646 	 2 
4.8646 	 0 
4.8646 	 1 
5.1780 	 1 
5.1897 	 2 
5.4799 	 0 
5.4915 	 1 
5.4915 	 2 
5.7934 	 1 
5.8050 	 2 
6.1185 	 1 
6.1185 	 2 
6.1185 	 0 
6.4319 	 1 
6.4435 	 2 
6.6061 	 2 
6.6061 	 1 
6.7454 	 2 
6.7570 	 1 
7.0589 	 2 
7.0589 	 1 
7.3723 	 2 
7.3723 	 1 
7.3723 	 0 
7.6858 	 1 
7.6858 	 2 
7.9993 	 2 
7.9993 	 1 
7.9993 	 0 
8.3127 	 0 
8.3127 	 1 
8.3244 	 2 
8.6262 	 0 
8.6378 	 1 
8.6378 	 2 
8.9513 	 1 
8.9513 	 2 
9.1138 	 2 
9.2648 	 1 
9.2648 	 2 
9.5666 	 0 
9.5666 	 2 
9.5666 	 1 
9.9033 	 1 
9.9033 	 0 
9.9033 	 2 
10.2168 	 1 
10.2168 	 2 
10.5186 	 1 
10.5186 	 2 
10.8437 	 2 
11.1572 	 0 
11.1572 	 2 
11.1572 	 1 
11.4590 	 1 
11.4707 	 2 
11.6100 	 2 
11.7841 	 1 
11.7841 	 2 
12.0860 	 2 
12.0860 	 0 
12.0860 	 1 
12.3995 	 2 
12.3995 	 0 
12.4111 	 1 
12.7245 	 2 
12.7245 	 1 
12.7245 	 0 
13.0264 	 2 
13.0264 	 0 
13.0264 	 1 
13.3399 	 1 
13.3399 	 0 
13.3515 	 2 
13.6533 	 0 
13.6649 	 1 
13.6649 	 2 
13.9668 	 0 
13.9784 	 1 
13.9900 	 2 
14.2919 	 1 
14.3035 	 2 
14.6054 	 2 
14.6054 	 1 
14.9188 	 0 
14.9304 	 1 
14.9304 	 2 
15.2439 	 1 
15.2439 	 2 
15.5458 	 0 
15.5458 	 1 
15.5458 	 2 
15.8592 	 1 
15.8708 	 2 
16.0218 	 2 
16.1843 	 2 
16.1843 	 1 
16.1843 	 0 
16.4978 	 1 
16.5094 	 2 
16.6719 	 2 
16.8112 	 2 
16.8112 	 1 
17.1247 	 2 
17.1247 	 1 
17.4382 	 0 
17.4382 	 1 
17.4382 	 2 
17.7517 	 2 
17.7517 	 1 
18.0535 	 0 
18.0651 	 2 
18.0651 	 1 
18.3670 	 0 
18.3786 	 2 
18.3786 	 1 
18.6921 	 0 
18.7037 	 2 
18.7037 	 1 
19.0055 	 1 
19.0171 	 2 
19.3074 	 0 
19.3190 	 1 
19.3190 	 2 
19.6209 	 0 
19.6325 	 2 
19.6441 	 1 
19.9459 	 0 
19.9459 	 2 
19.9576 	 1 
20.2710 	 2 
20.2826 	 1 
20.5729 	 1 
20.5845 	 2 
20.9096 	 1 
20.9096 	 2 
21.2230 	 1 
21.2230 	 0 
21.2230 	 2 
21.5365 	 2 
21.8500 	 2 
21.8616 	 1 
22.1518 	 2 
22.1518 	 1 
22.4769 	 0 
22.4769 	 1 
22.4769 	 2 
22.7904 	 2 
22.8020 	 1 
23.1039 	 0 
23.1039 	 1 
23.1039 	 2 
23.4173 	 1 
23.4289 	 2 
23.7308 	 0 
23.7308 	 1 
23.7308 	 2 
24.0559 	 2 
24.0559 	 1 
24.3461 	 1 
24.3693 	 2 
24.6712 	 1 
24.6828 	 2 
24.9847 	 2 
24.9847 	 1 
24.9847 	 0 
25.3098 	 1 
25.3214 	 2 
25.6116 	 2 
25.6116 	 1 
25.6116 	 0 
25.9367 	 2 
25.9367 	 1 
26.2385 	 1 
26.2502 	 2 
26.2502 	 0 
26.5752 	 1 
26.5752 	 2 
26.8771 	 2 
26.8887 	 1 
27.1906 	 1 
27.2022 	 2 
27.3531 	 2 
27.5040 	 1 
27.5156 	 2 
27.5156 	 0 
27.8175 	 1 
27.8175 	 2 
28.1310 	 0 
28.1310 	 1 
28.1310 	 2 
28.4561 	 1 
28.4561 	 2 
28.7579 	 1 
28.7695 	 2 
28.7695 	 0 
29.0830 	 1 
29.0830 	 2 
29.2571 	 2 
29.3965 	 2 
29.3965 	 1 
29.7099 	 2 
29.7099 	 1 
30.0002 	 2 
