0.2206 	 0 
0.2206 	 2 
0.4876 	 2 
0.7546 	 2 
0.7546 	 1 
1.0333 	 2 
1.3119 	 2 
1.5790 	 2 
1.8344 	 2 
1.8344 	 1 
2.1246 	 2 
2.3800 	 0 
2.3800 	 2 
2.6471 	 2 
2.9141 	 2 
2.9257 	 1 
3.1927 	 0 
3.1927 	 2 
3.4714 	 2 
3.7384 	 2 
3.7384 	 0 
3.9938 	 2 
4.0054 	 1 
4.1332 	 0 
4.1448 	 2 
4.4002 	 2 
4.5395 	 2 
4.5511 	 0 
4.8065 	 2 
5.0852 	 2 
5.0852 	 1 
5.3638 	 2 
5.8979 	 2 
6.1649 	 1 
6.1649 	 2 
6.4435 	 2 
6.6990 	 0 
6.9776 	 2 
7.2446 	 2 
7.2446 	 1 
7.5233 	 0 
7.5233 	 2 
7.7903 	 2 
8.0573 	 0 
8.0573 	 2 
8.3244 	 2 
8.3244 	 1 
8.4637 	 2 
8.4637 	 0 
8.7307 	 2 
8.8700 	 2 
8.8700 	 0 
9.0093 	 2 
9.1371 	 2 
9.4041 	 1 
9.4041 	 2 
9.6711 	 2 
9.6827 	 0 
9.9498 	 2 
10.2284 	 2 
10.4838 	 2 
10.4838 	 1 
10.7624 	 2 
11.0179 	 0 
11.0295 	 2 
11.2965 	 2 
11.5635 	 2 
11.5635 	 1 
11.8422 	 2 
11.8422 	 0 
12.1208 	 2 
12.3762 	 0 
12.3878 	 2 
12.6433 	 2 
12.6433 	 1 
12.7826 	 0 
12.7942 	 2 
13.0612 	 2 
13.1889 	 0 
13.1889 	 2 
13.4560 	 2 
13.7346 	 1 
13.7346 	 2 
14.0016 	 2 
14.0016 	 0 
14.2687 	 2 
14.5473 	 2 
14.8027 	 2 
14.8143 	 1 
15.0930 	 2 
15.3484 	 2 
15.3484 	 0 
15.6154 	 2 
15.8941 	 2 
15.8941 	 1 
16.1611 	 0 
16.1611 	 2 
16.4397 	 2 
16.7068 	 2 
16.7068 	 0 
16.9738 	 1 
16.9738 	 2 
17.1015 	 0 
17.1131 	 2 
17.3801 	 2 
17.5078 	 0 
17.5078 	 2 
17.7865 	 2 
18.0535 	 2 
18.0535 	 1 
18.3205 	 0 
18.3205 	 2 
18.6108 	 2 
18.8546 	 0 
18.8778 	 2 
19.1332 	 1 
19.1332 	 2 
19.4119 	 2 
19.6789 	 0 
19.6789 	 2 
19.9459 	 2 
20.2130 	 1 
20.2130 	 2 
20.4916 	 2 
20.4916 	 0 
20.7702 	 2 
21.0257 	 2 
21.0257 	 0 
21.0605 	 2 
21.2927 	 2 
21.2927 	 1 
21.4320 	 2 
21.4320 	 0 
21.6990 	 2 
21.8384 	 0 
21.8384 	 2 
22.1054 	 2 
22.3724 	 2 
22.3840 	 1 
22.6511 	 2 
22.6627 	 0 
22.9297 	 2 
23.1735 	 0 
23.1967 	 2 
23.4522 	 2 
23.4638 	 1 
23.7308 	 2 
23.9978 	 2 
23.9978 	 0 
24.2649 	 2 
24.5319 	 2 
24.5435 	 1 
24.8105 	 2 
24.8221 	 0 
25.0892 	 2 
25.3562 	 0 
25.3562 	 2 
25.3794 	 2 
25.6116 	 2 
25.6232 	 1 
25.7509 	 0 
25.7625 	 2 
26.0180 	 2 
26.1573 	 2 
26.1573 	 0 
26.4359 	 2 
26.7029 	 2 
26.7029 	 1 
26.9700 	 0 
26.9700 	 2 
27.2602 	 2 
27.4924 	 0 
27.5273 	 2 
27.7711 	 2 
27.7827 	 1 
28.0497 	 2 
28.3167 	 0 
28.3283 	 2 
28.5954 	 2 
28.8624 	 1 
28.8624 	 2 
29.1410 	 0 
29.1410 	 2 
29.4197 	 2 
29.6751 	 2 
29.6751 	 0 
29.9421 	 1 
29.9421 	 2 
