0.1858 	 2 
0.2438 	 2 
0.3019 	 2 
0.3599 	 2 
0.4296 	 2 
0.4876 	 2 
0.5457 	 2 
0.6037 	 2 
0.9752 	 2 
1.0333 	 2 
1.0449 	 0 
1.2074 	 2 
1.4861 	 1 
1.9040 	 0 
1.9156 	 2 
2.6355 	 2 
2.7864 	 2 
2.7864 	 0 
3.2276 	 2 
3.3669 	 2 
3.5178 	 1 
3.6571 	 2 
3.6571 	 0 
3.7732 	 2 
4.0751 	 2 
4.0867 	 1 
4.4582 	 2 
4.5163 	 0 
4.6556 	 2 
4.9691 	 1 
5.3870 	 0 
5.5496 	 2 
5.8282 	 2 
5.8398 	 1 
5.9559 	 2 
6.2578 	 2 
6.2578 	 0 
6.6873 	 2 
6.6873 	 1 
6.9544 	 1 
7.0008 	 2 
7.1169 	 2 
7.1169 	 0 
7.5465 	 1 
7.5581 	 2 
7.9761 	 2 
7.9761 	 0 
8.2779 	 2 
8.3940 	 1 
8.3940 	 2 
8.4521 	 2 
8.6727 	 2 
8.8004 	 2 
8.8236 	 0 
9.2532 	 2 
9.2532 	 1 
9.6827 	 0 
9.6827 	 2 
10.0775 	 1 
10.1123 	 2 
10.2052 	 2 
10.5070 	 2 
10.5186 	 0 
10.9366 	 1 
10.9366 	 2 
11.0527 	 2 
11.3662 	 1 
11.3778 	 2 
11.4939 	 2 
11.6448 	 2 
11.6448 	 0 
11.7029 	 1 
11.8306 	 1 
12.2253 	 0 
12.2253 	 2 
12.5852 	 2 
12.6084 	 2 
12.6549 	 1 
12.9103 	 0 
13.1541 	 2 
13.3399 	 1 
13.9204 	 2 
14.2222 	 1 
14.6054 	 2 
14.7563 	 0 
15.0349 	 1 
15.1975 	 1 
15.6270 	 0 
15.6502 	 2 
16.0914 	 2 
16.4978 	 0 
16.5094 	 2 
16.9273 	 1 
16.9390 	 2 
17.0318 	 1 
17.3685 	 0 
17.4034 	 2 
17.7865 	 1 
17.7981 	 2 
18.2277 	 2 
18.2393 	 0 
18.4134 	 2 
18.6456 	 1 
18.6572 	 2 
19.0984 	 0 
19.2493 	 2 
19.8415 	 2 
19.9808 	 0 
20.3871 	 2 
20.3871 	 1 
20.8399 	 0 
20.8399 	 2 
21.1069 	 2 
21.2463 	 1 
21.2579 	 2 
21.7107 	 0 
21.7107 	 2 
22.0706 	 2 
22.1054 	 1 
22.1054 	 2 
22.2099 	 2 
22.2215 	 1 
22.5466 	 0 
22.5466 	 2 
22.8136 	 2 
22.9761 	 2 
22.9761 	 1 
23.2780 	 2 
23.4057 	 2 
23.4057 	 0 
23.8353 	 2 
23.8353 	 1 
24.1371 	 2 
24.2649 	 2 
24.2765 	 0 
24.7060 	 2 
25.0776 	 2 
25.1472 	 0 
25.5536 	 1 
25.5652 	 2 
25.9715 	 2 
25.9947 	 0 
26.4475 	 2 
26.8655 	 0 
27.1673 	 1 
27.2951 	 0 
27.5273 	 2 
27.5389 	 1 
27.7130 	 2 
27.7130 	 0 
28.1078 	 1 
28.1078 	 2 
28.1194 	 0 
28.5141 	 2 
28.5489 	 0 
28.5838 	 1 
28.9553 	 1 
28.9669 	 2 
29.3965 	 1 
29.4081 	 0 
29.4661 	 1 
29.9305 	 2 
