0.0580 	 2 
0.0697 	 0 
0.3367 	 2 
0.6153 	 2 
0.6269 	 0 
0.8940 	 2 
1.1842 	 0 
1.1842 	 2 
1.1842 	 1 
1.4629 	 2 
2.0201 	 2 
2.1595 	 0 
2.2988 	 0 
2.5774 	 2 
2.8561 	 2 
3.1347 	 2 
3.4133 	 1 
3.4133 	 2 
3.6920 	 2 
4.2493 	 2 
4.5279 	 2 
4.5395 	 0 
4.8065 	 2 
5.0968 	 2 
5.3754 	 2 
5.6541 	 2 
5.6541 	 1 
5.9327 	 2 
6.4900 	 2 
6.6293 	 0 
6.7686 	 2 
6.7686 	 0 
7.0473 	 2 
7.3259 	 2 
7.8948 	 1 
7.8948 	 2 
8.1734 	 2 
8.9977 	 2 
9.0093 	 0 
9.2764 	 2 
9.5666 	 2 
9.8337 	 2 
10.1239 	 0 
10.1239 	 2 
10.1239 	 1 
10.4025 	 2 
10.9714 	 2 
11.0991 	 0 
11.2501 	 0 
11.5171 	 2 
11.6100 	 1 
11.7957 	 2 
12.0744 	 2 
12.3530 	 2 
12.3646 	 1 
12.6317 	 2 
12.9103 	 2 
13.2005 	 2 
13.4676 	 2 
13.4676 	 0 
13.7578 	 2 
14.0481 	 2 
14.3151 	 2 
14.4544 	 1 
14.4544 	 2 
14.4660 	 0 
14.5937 	 1 
14.5937 	 2 
14.8724 	 2 
15.0349 	 2 
15.4413 	 2 
15.5806 	 0 
15.7199 	 0 
15.9985 	 2 
16.2656 	 2 
16.5558 	 2 
16.8345 	 2 
16.8345 	 1 
17.1131 	 2 
17.6704 	 2 
17.9490 	 0 
17.9490 	 2 
18.2277 	 2 
18.5179 	 2 
18.7849 	 2 
19.0636 	 1 
19.0752 	 2 
19.3538 	 2 
19.6209 	 2 
19.9111 	 2 
20.0504 	 0 
20.1898 	 0 
20.4684 	 2 
20.7470 	 2 
21.0257 	 2 
21.3043 	 2 
21.3043 	 1 
21.5829 	 2 
21.8616 	 2 
22.1402 	 2 
22.4189 	 0 
22.4189 	 2 
22.6859 	 2 
22.9761 	 2 
23.2200 	 1 
23.2548 	 2 
23.5334 	 2 
23.5566 	 2 
23.8237 	 2 
24.0907 	 2 
24.3810 	 2 
24.5203 	 0 
24.6596 	 2 
24.6596 	 0 
24.9382 	 2 
25.2169 	 2 
25.4955 	 2 
25.7741 	 2 
25.7741 	 1 
26.0528 	 2 
26.6101 	 2 
26.8307 	 1 
26.8423 	 2 
26.8887 	 2 
26.9003 	 0 
27.1673 	 2 
27.3995 	 2 
27.7362 	 2 
28.0149 	 2 
28.0149 	 1 
28.2935 	 2 
28.5722 	 2 
28.8508 	 2 
28.9785 	 0 
29.1294 	 0 
29.9770 	 2 
