0.0813 	 0 
0.0813 	 1 
0.0813 	 2 
0.1625 	 1 
0.4992 	 1 
0.5108 	 2 
0.9172 	 0 
0.9288 	 2 
1.3119 	 1 
1.3351 	 2 
1.5557 	 2 
1.7183 	 2 
1.7183 	 0 
2.1130 	 1 
2.1246 	 2 
2.1711 	 1 
2.5426 	 2 
2.5426 	 0 
2.9373 	 2 
3.2044 	 2 
3.3553 	 2 
3.3553 	 0 
3.7500 	 1 
3.7616 	 2 
4.1680 	 0 
4.1796 	 2 
4.5627 	 1 
4.5743 	 2 
4.8298 	 1 
4.8298 	 2 
4.9807 	 2 
4.9807 	 0 
5.3754 	 2 
5.3754 	 1 
5.7934 	 0 
5.7934 	 2 
6.0720 	 0 
6.0720 	 2 
6.1649 	 1 
6.1881 	 2 
6.2113 	 1 
6.5945 	 2 
6.5945 	 0 
7.0008 	 1 
7.2678 	 2 
7.4072 	 0 
7.8251 	 1 
7.8367 	 2 
8.2083 	 2 
8.2431 	 0 
8.5217 	 2 
8.6494 	 2 
8.9049 	 1 
9.0558 	 0 
9.1254 	 1 
9.4737 	 2 
9.6943 	 2 
9.8685 	 2 
10.1471 	 2 
10.2980 	 2 
10.5070 	 2 
10.6928 	 2 
10.7044 	 0 
10.9018 	 2 
11.1224 	 1 
11.1224 	 2 
11.3429 	 1 
11.7725 	 1 
11.7841 	 2 
11.9234 	 1 
11.9351 	 2 
12.6317 	 2 
12.6317 	 0 
12.7478 	 1 
12.7478 	 2 
12.8639 	 2 
13.0612 	 1 
13.1541 	 2 
13.5488 	 2 
13.5605 	 1 
13.8159 	 2 
13.8159 	 1 
13.9668 	 0 
14.3732 	 1 
14.3732 	 2 
14.7911 	 0 
15.1742 	 1 
15.2091 	 2 
16.0102 	 2 
16.2656 	 2 
16.4629 	 2 
16.5907 	 2 
16.7068 	 2 
16.7996 	 1 
16.8112 	 2 
17.1015 	 2 
17.6356 	 1 
17.6588 	 2 
17.6704 	 1 
17.8794 	 2 
18.0535 	 0 
18.0535 	 2 
18.1928 	 2 
18.4831 	 2 
18.4947 	 1 
18.5411 	 1 
18.8778 	 0 
18.8894 	 2 
19.2842 	 0 
19.3074 	 2 
19.3190 	 1 
19.5164 	 2 
19.5512 	 1 
19.6789 	 2 
19.6789 	 0 
20.1085 	 2 
20.1085 	 1 
20.5148 	 1 
20.5264 	 0 
20.5264 	 2 
20.9328 	 2 
20.9792 	 1 
21.3391 	 2 
21.3507 	 0 
21.6178 	 1 
21.7455 	 1 
21.7571 	 2 
21.7803 	 2 
22.1751 	 0 
22.5930 	 2 
22.5930 	 1 
23.0110 	 0 
23.1503 	 2 
23.2200 	 2 
23.4057 	 1 
23.4057 	 2 
23.6727 	 2 
23.8121 	 1 
23.8237 	 0 
23.8237 	 2 
24.2300 	 1 
24.2300 	 2 
24.6364 	 2 
24.6480 	 0 
24.9382 	 1 
25.0776 	 1 
25.1008 	 2 
25.3446 	 1 
25.8902 	 1 
25.9019 	 2 
25.9599 	 1 
26.0528 	 2 
26.1224 	 2 
26.2850 	 1 
26.2966 	 0 
26.7029 	 2 
26.7146 	 1 
27.1209 	 2 
27.5389 	 2 
27.5389 	 1 
27.8291 	 2 
27.9568 	 0 
28.0265 	 2 
28.3748 	 2 
28.3748 	 1 
28.7927 	 2 
29.1875 	 1 
29.2107 	 2 
29.4429 	 2 
29.4545 	 1 
29.6054 	 1 
29.6635 	 1 
29.8260 	 1 
29.8841 	 1 
29.9073 	 1 
29.9886 	 2 
