0.0813 	 1 
0.0813 	 2 
0.2206 	 2 
0.2206 	 1 
0.4412 	 1 
0.4412 	 2 
0.4412 	 0 
0.6037 	 2 
0.7082 	 1 
0.7082 	 2 
0.8591 	 2 
0.9868 	 0 
0.9868 	 2 
0.9985 	 1 
1.2539 	 2 
1.2655 	 1 
1.4396 	 2 
1.5673 	 0 
1.5673 	 2 
1.5673 	 1 
1.8576 	 1 
1.8576 	 0 
1.8576 	 2 
2.1362 	 1 
2.1362 	 0 
2.1362 	 2 
2.4033 	 2 
2.4149 	 1 
2.6122 	 2 
2.6122 	 1 
2.6935 	 1 
2.7051 	 2 
2.7051 	 0 
2.9722 	 1 
2.9838 	 2 
3.2508 	 2 
3.2624 	 0 
3.2624 	 1 
3.5410 	 1 
3.5410 	 2 
3.7268 	 2 
3.7500 	 1 
3.8313 	 2 
3.8313 	 1 
3.8313 	 0 
4.0867 	 2 
4.0867 	 1 
4.3886 	 1 
4.4002 	 2 
4.4002 	 0 
4.6788 	 1 
4.6788 	 2 
4.6788 	 0 
4.9575 	 1 
4.9575 	 2 
4.9691 	 0 
5.2361 	 1 
5.2361 	 2 
5.5263 	 2 
5.5263 	 0 
5.5263 	 1 
5.8050 	 1 
5.8050 	 2 
6.0952 	 2 
6.0952 	 1 
6.0952 	 0 
6.3855 	 1 
6.3855 	 0 
6.3855 	 2 
6.5364 	 1 
6.5480 	 2 
6.6641 	 1 
6.6641 	 0 
6.6641 	 2 
6.9312 	 1 
6.9312 	 2 
7.1285 	 1 
7.1401 	 2 
7.2330 	 1 
7.2330 	 0 
7.2330 	 2 
7.5000 	 0 
7.5000 	 2 
7.5117 	 1 
7.7903 	 0 
7.7903 	 2 
7.7903 	 1 
8.0689 	 1 
8.0689 	 2 
8.0689 	 0 
8.2663 	 1 
8.2663 	 2 
8.2779 	 0 
8.3708 	 0 
8.3708 	 2 
8.3708 	 1 
8.6494 	 1 
8.6494 	 2 
8.9281 	 1 
8.9281 	 0 
8.9281 	 2 
9.1138 	 1 
9.1138 	 2 
9.1138 	 0 
9.2067 	 1 
9.2183 	 0 
9.2183 	 2 
9.2880 	 2 
9.3112 	 1 
9.4970 	 1 
9.4970 	 0 
9.4970 	 2 
9.7640 	 0 
9.7640 	 2 
9.7756 	 1 
10.0542 	 0 
10.0542 	 2 
10.0542 	 1 
10.3329 	 2 
10.6231 	 2 
10.6231 	 1 
10.6231 	 0 
10.9134 	 1 
10.9134 	 0 
10.9134 	 2 
11.1804 	 0 
11.1804 	 2 
11.1804 	 1 
11.4590 	 1 
11.4707 	 0 
11.4707 	 2 
11.6100 	 2 
11.6564 	 1 
11.6680 	 2 
11.6680 	 0 
11.7609 	 2 
11.7609 	 0 
11.7609 	 1 
11.9351 	 2 
11.9351 	 1 
12.0395 	 2 
12.3182 	 2 
12.3182 	 0 
12.3182 	 1 
12.5968 	 2 
12.5968 	 1 
12.8058 	 1 
12.8871 	 1 
12.8871 	 0 
12.8871 	 2 
13.1541 	 1 
13.1657 	 2 
13.4444 	 1 
13.4560 	 2 
13.4560 	 0 
13.7346 	 0 
13.7346 	 1 
13.7346 	 2 
13.8391 	 2 
14.0249 	 0 
14.0249 	 1 
14.0249 	 2 
14.2919 	 0 
14.2919 	 1 
14.2919 	 2 
14.5821 	 1 
14.5821 	 2 
14.5821 	 0 
14.8608 	 1 
14.8608 	 2 
15.1510 	 0 
15.1510 	 2 
15.1510 	 1 
15.4413 	 0 
15.4413 	 2 
15.4413 	 1 
15.5806 	 2 
15.7199 	 0 
15.7199 	 2 
15.7199 	 1 
15.9985 	 2 
15.9985 	 1 
16.1959 	 1 
16.1959 	 2 
16.2075 	 0 
16.2888 	 1 
16.2888 	 2 
16.3004 	 0 
16.5558 	 2 
16.5558 	 1 
16.8461 	 1 
16.8461 	 0 
16.8461 	 2 
17.1247 	 1 
17.1247 	 2 
17.1247 	 0 
17.3221 	 2 
17.3337 	 1 
17.4150 	 1 
17.4266 	 2 
17.4266 	 0 
17.7052 	 2 
17.7052 	 1 
17.7052 	 0 
17.9839 	 1 
17.9839 	 2 
17.9839 	 0 
18.1696 	 0 
18.1696 	 1 
18.1696 	 2 
18.2741 	 2 
18.2741 	 1 
18.2741 	 0 
18.5527 	 0 
18.5527 	 1 
18.5527 	 2 
18.8198 	 0 
18.8198 	 2 
18.8314 	 1 
19.0984 	 0 
19.1100 	 1 
19.1100 	 2 
19.3887 	 2 
19.3887 	 1 
19.3887 	 0 
19.6789 	 1 
19.6789 	 2 
19.6789 	 0 
19.9692 	 0 
19.9692 	 1 
19.9692 	 2 
20.2478 	 1 
20.2478 	 2 
20.2478 	 0 
20.5032 	 1 
20.5032 	 2 
20.7238 	 1 
20.8051 	 2 
20.8167 	 1 
20.8167 	 0 
21.0837 	 0 
21.0837 	 1 
21.0953 	 2 
21.3740 	 0 
21.3740 	 2 
21.3740 	 1 
21.6526 	 2 
21.6526 	 1 
21.8500 	 2 
21.9545 	 0 
21.9545 	 2 
21.9545 	 1 
22.2331 	 0 
22.2331 	 2 
22.2447 	 1 
22.5117 	 0 
22.5117 	 2 
22.5117 	 1 
22.8020 	 0 
22.8020 	 2 
22.8020 	 1 
22.9181 	 2 
23.0806 	 0 
23.0806 	 2 
23.0806 	 1 
23.2083 	 2 
23.3593 	 2 
23.3593 	 1 
23.6379 	 1 
23.6379 	 2 
23.6379 	 0 
23.9166 	 1 
23.9166 	 2 
24.2068 	 0 
24.2068 	 2 
24.2068 	 1 
24.4971 	 2 
24.4971 	 0 
24.4971 	 1 
24.7757 	 2 
24.7757 	 0 
24.7757 	 1 
25.0543 	 2 
25.0659 	 1 
25.2633 	 1 
25.2633 	 2 
25.3446 	 2 
25.3446 	 0 
25.3446 	 1 
25.4607 	 1 
25.6116 	 1 
25.6232 	 2 
25.9019 	 0 
25.9019 	 2 
25.9019 	 1 
26.1805 	 1 
26.1921 	 2 
26.3779 	 1 
26.3895 	 2 
26.4824 	 0 
26.4824 	 1 
26.4824 	 2 
26.6101 	 1 
26.7610 	 2 
26.7610 	 0 
26.7610 	 1 
27.0396 	 0 
27.0396 	 2 
27.0396 	 1 
27.2254 	 1 
27.2254 	 2 
27.2370 	 0 
27.3299 	 1 
27.3299 	 0 
27.3299 	 2 
27.6085 	 1 
27.6085 	 2 
27.6085 	 0 
27.8756 	 2 
27.8756 	 0 
27.8756 	 1 
28.1658 	 2 
28.1658 	 0 
28.1658 	 1 
28.4444 	 2 
28.4561 	 1 
28.7347 	 2 
28.7347 	 0 
28.7347 	 1 
29.0249 	 1 
29.0249 	 0 
29.0249 	 2 
29.3036 	 1 
29.3036 	 2 
29.3036 	 0 
29.5822 	 1 
29.5822 	 2 
29.7796 	 2 
29.7796 	 0 
29.7912 	 1 
29.8725 	 1 
29.8841 	 0 
29.8841 	 2 
