1.7647 	 0 
1.7647 	 2 
2.1478 	 2 
2.1478 	 1 
2.5310 	 0 
2.5310 	 2 
2.7167 	 0 
2.9025 	 2 
2.9025 	 1 
3.0999 	 0 
3.2856 	 0 
3.2856 	 2 
3.6688 	 1 
3.6688 	 2 
4.0519 	 0 
4.0519 	 2 
4.2376 	 0 
4.4234 	 1 
4.4234 	 2 
4.6092 	 0 
4.8065 	 0 
4.8065 	 2 
5.1897 	 1 
5.1897 	 2 
5.5612 	 2 
5.5612 	 0 
5.9443 	 2 
5.9443 	 1 
6.3158 	 2 
6.3158 	 0 
6.6990 	 2 
6.6990 	 1 
7.0821 	 2 
7.0821 	 0 
7.2678 	 0 
7.4536 	 2 
7.4652 	 1 
7.6510 	 0 
7.8367 	 0 
8.2199 	 2 
8.2199 	 1 
8.6030 	 0 
8.6030 	 2 
8.9861 	 1 
8.9861 	 2 
9.1719 	 0 
9.3576 	 0 
9.3576 	 2 
9.7408 	 1 
9.7408 	 2 
10.1239 	 0 
10.1239 	 2 
10.3097 	 0 
10.4954 	 2 
10.4954 	 1 
10.6928 	 0 
10.8785 	 2 
10.8785 	 0 
11.2617 	 2 
11.2617 	 1 
11.6332 	 0 
11.6448 	 2 
12.0163 	 1 
12.0163 	 2 
12.2021 	 0 
12.3995 	 0 
12.5736 	 0 
12.7710 	 1 
12.7710 	 2 
13.1541 	 0 
13.2470 	 2 
13.3515 	 0 
13.5140 	 1 
13.5953 	 2 
13.7230 	 0 
13.8275 	 1 
13.9088 	 1 
13.9088 	 2 
13.9204 	 0 
14.2919 	 2 
14.2919 	 1 
14.6750 	 0 
14.6750 	 2 
14.8724 	 0 
15.0581 	 1 
15.0581 	 2 
15.2439 	 0 
15.4297 	 2 
15.4413 	 0 
15.8128 	 2 
15.8128 	 0 
15.8244 	 1 
16.1959 	 2 
16.1959 	 0 
16.5790 	 2 
16.5790 	 0 
16.5790 	 1 
16.7648 	 0 
16.9506 	 2 
16.9622 	 0 
17.3337 	 2 
17.3337 	 1 
17.3337 	 0 
17.7168 	 2 
17.7168 	 0 
18.0883 	 2 
18.1000 	 1 
18.1000 	 0 
18.4715 	 0 
18.4715 	 2 
18.8546 	 1 
18.8546 	 2 
18.9707 	 2 
19.2261 	 2 
19.2377 	 0 
19.4235 	 0 
19.6093 	 2 
19.6209 	 1 
19.8066 	 0 
19.9924 	 2 
19.9924 	 0 
20.3755 	 2 
20.3755 	 1 
20.3755 	 0 
20.7470 	 2 
20.7586 	 0 
21.1302 	 1 
21.1302 	 0 
21.1418 	 2 
21.5133 	 2 
21.5133 	 0 
21.8964 	 0 
21.8964 	 1 
21.8964 	 2 
22.2679 	 0 
22.2679 	 2 
22.4537 	 0 
22.6511 	 1 
22.6511 	 2 
22.6511 	 0 
22.8368 	 0 
23.0342 	 0 
23.0342 	 2 
23.4057 	 0 
23.4057 	 1 
23.4057 	 2 
23.7888 	 0 
23.7888 	 2 
24.1720 	 0 
24.1720 	 1 
24.1720 	 2 
24.5435 	 2 
24.5551 	 0 
24.9266 	 2 
24.9382 	 1 
25.3098 	 0 
25.3098 	 2 
25.4955 	 1 
25.6929 	 1 
25.6929 	 2 
25.8206 	 2 
25.8786 	 1 
25.8786 	 0 
26.0644 	 1 
26.0644 	 2 
26.0644 	 0 
26.4475 	 1 
26.4475 	 2 
26.8190 	 2 
26.8307 	 0 
27.0164 	 0 
27.2022 	 2 
27.2138 	 1 
27.3995 	 0 
27.5853 	 0 
27.5853 	 2 
27.9684 	 0 
27.9684 	 2 
27.9684 	 1 
28.3400 	 2 
28.3516 	 0 
28.7231 	 2 
28.7347 	 1 
28.9205 	 0 
29.1062 	 2 
29.1062 	 0 
29.4777 	 1 
29.4777 	 2 
29.4777 	 0 
29.7099 	 2 
29.8725 	 0 
30.2440 	 2 
30.2440 	 1 
30.2440 	 0 
30.4530 	 1 
30.6271 	 2 
30.6271 	 0 
30.9986 	 1 
31.0102 	 0 
31.0102 	 2 
31.3818 	 0 
31.3818 	 2 
31.5675 	 0 
31.5791 	 2 
31.7649 	 1 
31.7649 	 2 
31.9507 	 0 
32.1364 	 2 
32.1480 	 0 
32.5195 	 2 
32.5312 	 1 
32.9027 	 2 
32.9027 	 0 
33.2858 	 0 
33.2858 	 1 
33.2858 	 2 
33.6689 	 0 
33.6689 	 2 
34.0405 	 0 
34.0405 	 2 
34.0405 	 1 
34.4236 	 2 
34.4236 	 0 
34.6093 	 0 
34.6210 	 2 
34.7835 	 1 
34.7951 	 2 
34.8067 	 0 
34.9925 	 0 
35.1782 	 2 
35.1782 	 0 
35.5614 	 1 
35.5614 	 2 
35.5614 	 0 
35.7820 	 2 
35.9445 	 2 
35.9445 	 0 
36.3160 	 0 
36.3160 	 2 
36.3276 	 1 
36.6991 	 0 
36.6991 	 2 
37.0707 	 2 
37.0823 	 0 
37.0823 	 1 
37.4538 	 2 
37.4654 	 0 
37.6512 	 1 
37.8369 	 2 
37.8369 	 1 
38.0343 	 1 
38.0343 	 0 
38.2200 	 2 
38.2200 	 0 
38.6032 	 1 
38.6032 	 2 
38.9747 	 2 
38.9863 	 0 
39.1721 	 0 
39.1721 	 2 
39.3578 	 1 
39.3578 	 2 
39.5436 	 0 
39.7410 	 2 
39.7410 	 0 
40.1125 	 2 
40.1241 	 1 
40.1241 	 0 
40.2750 	 1 
40.4956 	 2 
40.5072 	 0 
40.8787 	 2 
40.8787 	 0 
40.8787 	 1 
41.0761 	 0 
41.2502 	 2 
41.2619 	 0 
41.6218 	 2 
41.6334 	 0 
41.6450 	 1 
42.0165 	 0 
42.0165 	 2 
42.1674 	 2 
42.3996 	 1 
42.3996 	 2 
42.3996 	 0 
42.7712 	 2 
42.7828 	 0 
42.7944 	 1 
43.1543 	 1 
43.1543 	 0 
43.1543 	 2 
43.2820 	 2 
43.3865 	 2 
43.5374 	 0 
43.5374 	 2 
43.7232 	 0 
43.9205 	 2 
43.9205 	 1 
44.1063 	 0 
44.2921 	 2 
44.2921 	 0 
44.6752 	 2 
44.6752 	 1 
44.6752 	 0 
44.9074 	 2 
45.0467 	 2 
45.0583 	 0 
45.4298 	 2 
45.4298 	 0 
45.4415 	 1 
45.8130 	 0 
45.8130 	 2 
46.0568 	 2 
46.1961 	 2 
46.1961 	 1 
46.1961 	 0 
46.5676 	 2 
46.5792 	 0 
46.7650 	 0 
46.9507 	 1 
46.9507 	 0 
46.9507 	 2 
47.1481 	 0 
47.3339 	 0 
47.3339 	 2 
47.7170 	 0 
47.7170 	 2 
47.7170 	 1 
48.0885 	 2 
48.1001 	 0 
48.4717 	 0 
48.4717 	 2 
48.4833 	 1 
48.8548 	 0 
48.8548 	 2 
49.2263 	 2 
49.2379 	 1 
49.2379 	 0 
49.4817 	 2 
49.6094 	 0 
49.6094 	 2 
49.7952 	 1 
49.9926 	 1 
50.1899 	 1 
50.1899 	 0 
50.3757 	 0 
50.3757 	 2 
50.5731 	 2 
50.7472 	 2 
50.7588 	 1 
50.9446 	 2 
51.1303 	 0 
51.1303 	 2 
51.3161 	 2 
51.3277 	 0 
51.5135 	 1 
51.5135 	 2 
51.7108 	 0 
51.7224 	 2 
51.8850 	 2 
51.8966 	 0 
52.0940 	 2 
52.2681 	 2 
52.2681 	 0 
52.2681 	 1 
52.6512 	 2 
52.6512 	 0 
52.8370 	 2 
53.0228 	 1 
53.0344 	 2 
53.0344 	 0 
53.2201 	 0 
53.2201 	 2 
53.4059 	 2 
53.4059 	 0 
53.6033 	 2 
53.7890 	 1 
53.7890 	 2 
53.7890 	 0 
53.9051 	 2 
53.9864 	 2 
54.1605 	 0 
54.1722 	 2 
54.3579 	 2 
54.5437 	 1 
54.5437 	 0 
54.5553 	 2 
54.7410 	 2 
54.9268 	 0 
54.9268 	 2 
55.1242 	 2 
55.3099 	 0 
55.3099 	 1 
55.3099 	 2 
55.5073 	 2 
55.6931 	 0 
55.6931 	 2 
55.8788 	 0 
55.8788 	 2 
55.8788 	 1 
56.0646 	 2 
56.0762 	 1 
56.2620 	 0 
56.2620 	 2 
56.2620 	 1 
56.4477 	 0 
56.6451 	 2 
56.8308 	 1 
56.8308 	 2 
57.0166 	 2 
57.2024 	 2 
57.2140 	 0 
57.3997 	 2 
57.5855 	 2 
57.5855 	 0 
57.5855 	 1 
57.7829 	 2 
57.9686 	 0 
57.9686 	 2 
58.1660 	 2 
58.3401 	 2 
58.3517 	 0 
58.3517 	 1 
58.5375 	 2 
58.7233 	 2 
58.7233 	 0 
58.9090 	 0 
58.9206 	 2 
59.1064 	 0 
59.1064 	 1 
59.1064 	 2 
59.3038 	 0 
59.3038 	 2 
59.4779 	 2 
59.4895 	 0 
59.6869 	 2 
59.8610 	 1 
59.8727 	 2 
59.8727 	 0 
60.0004 	 2 
60.0584 	 2 
60.2442 	 0 
60.2442 	 2 
60.4415 	 2 
60.6273 	 1 
60.6273 	 0 
60.6273 	 2 
60.8247 	 2 
60.9988 	 0 
60.9988 	 2 
61.0104 	 1 
61.1033 	 0 
61.1962 	 0 
61.1962 	 2 
61.3820 	 1 
61.3820 	 0 
61.3936 	 2 
61.5677 	 2 
61.6722 	 0 
61.7651 	 2 
61.7651 	 1 
61.9508 	 2 
61.9508 	 0 
62.0553 	 1 
62.1482 	 2 
62.1482 	 1 
62.3340 	 1 
62.3340 	 0 
62.3340 	 2 
62.5197 	 0 
62.5197 	 1 
62.5197 	 2 
62.9029 	 1 
62.9029 	 2 
63.1118 	 2 
63.2860 	 0 
63.2860 	 2 
63.4137 	 2 
63.4717 	 0 
63.6575 	 2 
63.6691 	 1 
63.8549 	 0 
64.0406 	 2 
64.0522 	 0 
64.4238 	 1 
64.4238 	 2 
64.4238 	 0 
64.7953 	 2 
64.8069 	 0 
65.1784 	 2 
65.1900 	 1 
65.3758 	 0 
65.5615 	 0 
65.5615 	 2 
65.9331 	 2 
65.9447 	 1 
65.9447 	 0 
66.3162 	 2 
66.3162 	 0 
66.6993 	 2 
66.6993 	 0 
66.7109 	 1 
67.0824 	 0 
67.0824 	 2 
67.4540 	 1 
67.4540 	 2 
67.4656 	 0 
67.5701 	 2 
67.8371 	 2 
68.0229 	 0 
68.2202 	 2 
68.2202 	 1 
68.4060 	 0 
68.5917 	 2 
68.6034 	 0 
68.9749 	 2 
68.9749 	 0 
68.9865 	 1 
69.3580 	 2 
69.3580 	 0 
69.7295 	 2 
69.7411 	 1 
69.7411 	 0 
70.0546 	 1 
70.1243 	 2 
70.1243 	 0 
70.4842 	 2 
70.4958 	 0 
70.5074 	 1 
70.8673 	 2 
70.8789 	 0 
71.0647 	 0 
71.2620 	 0 
71.2620 	 2 
71.2620 	 1 
71.4478 	 0 
71.4478 	 2 
71.6336 	 2 
71.6452 	 0 
72.0167 	 2 
72.0283 	 1 
72.0399 	 0 
72.3882 	 2 
72.3998 	 0 
72.7713 	 0 
72.7713 	 2 
72.7829 	 1 
73.1545 	 2 
73.1545 	 0 
73.3751 	 2 
73.5260 	 2 
73.5376 	 0 
73.5376 	 1 
73.9091 	 0 
73.9091 	 2 
74.1065 	 1 
74.2922 	 1 
74.3039 	 2 
74.4896 	 1 
74.4896 	 0 
74.6754 	 2 
74.6870 	 0 
74.8727 	 2 
75.0585 	 2 
75.0701 	 1 
75.1049 	 2 
75.1630 	 2 
75.2559 	 2 
75.4300 	 0 
75.4300 	 2 
75.6274 	 2 
75.6274 	 0 
75.8132 	 2 
75.8132 	 1 
75.9757 	 1 
76.0105 	 0 
76.0105 	 2 
76.1963 	 2 
76.1963 	 0 
76.3820 	 2 
76.5794 	 2 
76.5794 	 1 
76.7652 	 2 
76.9509 	 0 
76.9625 	 2 
77.1483 	 2 
77.3341 	 1 
77.3341 	 2 
77.3341 	 0 
77.5314 	 0 
77.5430 	 2 
77.7172 	 0 
77.7172 	 2 
77.9146 	 2 
78.0887 	 0 
78.1003 	 1 
78.1003 	 2 
78.1584 	 2 
78.2164 	 2 
78.2977 	 2 
78.4718 	 2 
78.4718 	 0 
78.6692 	 2 
78.8434 	 0 
78.8550 	 1 
78.8550 	 2 
79.0407 	 2 
79.2265 	 2 
79.2265 	 0 
79.4239 	 2 
79.6096 	 1 
79.6096 	 0 
79.6096 	 2 
79.8070 	 2 
79.9927 	 2 
79.9927 	 0 
80.1785 	 2 
80.1785 	 0 
80.3759 	 2 
80.3759 	 1 
80.5616 	 0 
80.5616 	 2 
80.7474 	 0 
80.7590 	 2 
80.9448 	 2 
81.1305 	 0 
81.1305 	 1 
81.1305 	 2 
81.3279 	 2 
81.5137 	 2 
81.5137 	 0 
81.7110 	 2 
81.8852 	 1 
81.8968 	 2 
81.8968 	 0 
82.0825 	 2 
82.2683 	 0 
82.2915 	 2 
82.4657 	 2 
82.6514 	 2 
82.6514 	 0 
82.6514 	 1 
82.8488 	 2 
83.0346 	 0 
83.0346 	 2 
83.2203 	 2 
83.2203 	 0 
83.4061 	 2 
83.4061 	 0 
83.4061 	 1 
83.6034 	 0 
83.6034 	 2 
83.7892 	 0 
83.8008 	 2 
83.9866 	 2 
84.1723 	 2 
84.1723 	 1 
84.1723 	 0 
84.3697 	 2 
84.5555 	 2 
84.5555 	 0 
84.7412 	 2 
84.9270 	 2 
84.9270 	 1 
84.9386 	 0 
85.1244 	 2 
85.3101 	 0 
85.3101 	 2 
85.5075 	 2 
85.6932 	 2 
85.6932 	 1 
85.8790 	 2 
86.0648 	 0 
86.0648 	 2 
86.2621 	 1 
86.2621 	 2 
86.4479 	 1 
86.4479 	 2 
86.6337 	 2 
86.6337 	 1 
86.6337 	 0 
86.8194 	 1 
86.8310 	 0 
86.8310 	 2 
87.2025 	 2 
87.2141 	 1 
87.5857 	 0 
87.5857 	 2 
87.7714 	 0 
87.9688 	 1 
87.9688 	 2 
88.1662 	 0 
88.3519 	 2 
88.3635 	 0 
88.7351 	 2 
88.7351 	 1 
88.9789 	 2 
89.1066 	 2 
89.1066 	 0 
89.3852 	 2 
89.4897 	 1 
89.4897 	 0 
89.5013 	 2 
89.6755 	 0 
89.8612 	 2 
89.8612 	 0 
90.2444 	 1 
90.2444 	 2 
90.6275 	 0 
90.6275 	 2 
90.9410 	 2 
91.0106 	 0 
91.0106 	 1 
91.0106 	 2 
91.3821 	 2 
91.3937 	 0 
91.7653 	 2 
91.7653 	 1 
91.7653 	 0 
92.1484 	 0 
92.1484 	 2 
92.3341 	 0 
92.5315 	 2 
92.5315 	 1 
92.7057 	 0 
92.9030 	 2 
92.9030 	 0 
92.9030 	 1 
93.0307 	 2 
93.2862 	 2 
93.2862 	 1 
93.6693 	 2 
93.6693 	 0 
93.8551 	 0 
94.0408 	 1 
94.0408 	 2 
94.4123 	 2 
94.4239 	 0 
94.6329 	 2 
94.7955 	 2 
94.8071 	 1 
95.1786 	 2 
95.1786 	 0 
95.3876 	 2 
95.5617 	 2 
95.5617 	 1 
95.5617 	 0 
95.6894 	 2 
95.7475 	 0 
95.9449 	 2 
95.9449 	 0 
96.3164 	 1 
96.3164 	 2 
96.3280 	 0 
96.6995 	 0 
96.6995 	 2 
97.0710 	 1 
97.0826 	 0 
97.0826 	 2 
97.4541 	 2 
97.4658 	 0 
97.8489 	 2 
97.8489 	 1 
98.2204 	 2 
98.2204 	 0 
98.4062 	 0 
98.6035 	 2 
98.6035 	 1 
98.9751 	 0 
98.9751 	 2 
98.9867 	 1 
99.3582 	 2 
99.3582 	 1 
99.7413 	 0 
99.7529 	 2 
99.9271 	 0 
100.1244 	 1 
100.1244 	 2 
100.4960 	 2 
100.5076 	 0 
100.8791 	 1 
100.8791 	 2 
100.8791 	 0 
101.2622 	 2 
101.2622 	 0 
101.6337 	 2 
101.6337 	 1 
101.8311 	 0 
102.0169 	 2 
102.0169 	 0 
102.4000 	 2 
102.4000 	 1 
102.7715 	 2 
102.7831 	 0 
103.1546 	 1 
103.1546 	 2 
103.1546 	 0 
103.3752 	 1 
103.3868 	 2 
103.5378 	 2 
103.5378 	 0 
103.9093 	 2 
103.9209 	 0 
103.9209 	 1 
104.2924 	 0 
104.2924 	 2 
104.5014 	 0 
104.6756 	 1 
104.6756 	 2 
105.0587 	 0 
105.0587 	 2 
105.4302 	 2 
105.4302 	 1 
105.8133 	 0 
105.8133 	 2 
105.9410 	 2 
105.9991 	 0 
106.1965 	 2 
106.1965 	 1 
106.3822 	 0 
106.5796 	 0 
106.5796 	 2 
106.9511 	 1 
106.9511 	 0 
106.9511 	 2 
107.3342 	 0 
107.3342 	 2 
107.5664 	 2 
107.7058 	 1 
107.7174 	 2 
107.7174 	 0 
107.9031 	 0 
108.0889 	 0 
108.0889 	 2 
108.4720 	 0 
108.4836 	 2 
108.4836 	 1 
108.8551 	 2 
108.8668 	 0 
109.2267 	 2 
109.2383 	 1 
109.2383 	 0 
109.5982 	 2 
109.6098 	 1 
109.7839 	 2 
109.7839 	 1 
110.5502 	 2 
110.5618 	 0 
110.7360 	 2 
110.7592 	 1 
110.9333 	 2 
110.9449 	 0 
111.1307 	 2 
111.1307 	 0 
111.5138 	 2 
111.5138 	 1 
111.8854 	 2 
111.8970 	 0 
112.2685 	 2 
112.2685 	 1 
112.4542 	 0 
112.6516 	 2 
112.6632 	 0 
113.0347 	 0 
113.0347 	 2 
113.0347 	 1 
113.4063 	 2 
113.4063 	 0 
113.7894 	 0 
113.7894 	 2 
113.7894 	 1 
113.9868 	 0 
114.1725 	 0 
114.1725 	 2 
114.5440 	 2 
114.5556 	 0 
114.5556 	 1 
114.9272 	 2 
114.9388 	 0 
115.3103 	 1 
115.3103 	 0 
115.3103 	 2 
115.6934 	 0 
115.6934 	 2 
116.0649 	 2 
116.0649 	 0 
116.0649 	 1 
116.1230 	 2 
116.1810 	 2 
116.4481 	 0 
116.4481 	 2 
116.6338 	 0 
116.8312 	 2 
116.8312 	 1 
117.0170 	 0 
117.2027 	 2 
117.2027 	 0 
117.5859 	 1 
117.5859 	 0 
117.5975 	 2 
117.9690 	 0 
117.9690 	 2 
118.3405 	 2 
118.3521 	 1 
118.3521 	 0 
118.7236 	 0 
118.7236 	 2 
119.1068 	 0 
119.1068 	 1 
119.1068 	 2 
119.4783 	 2 
119.4899 	 0 
119.6756 	 0 
119.8614 	 2 
119.8730 	 0 
119.8730 	 1 
120.0588 	 0 
120.2445 	 2 
120.2445 	 0 
120.6277 	 0 
120.6277 	 2 
120.6277 	 1 
120.9992 	 2 
121.0108 	 0 
121.3823 	 0 
121.3823 	 2 
121.3939 	 1 
121.7654 	 0 
121.7654 	 2 
122.1486 	 2 
122.1486 	 1 
122.5201 	 2 
122.5201 	 0 
122.7175 	 1 
122.9032 	 1 
122.9032 	 2 
123.0890 	 1 
123.1006 	 0 
123.2863 	 2 
123.2863 	 0 
123.6579 	 1 
123.6695 	 2 
124.0410 	 2 
124.0410 	 0 
124.2384 	 0 
124.4241 	 1 
124.4241 	 2 
124.6099 	 0 
124.7956 	 2 
124.8073 	 0 
125.1788 	 0 
125.1788 	 2 
125.1788 	 1 
125.4110 	 2 
125.5619 	 2 
125.5619 	 0 
125.6896 	 2 
125.9450 	 2 
125.9450 	 0 
125.9450 	 1 
126.1308 	 0 
126.3166 	 2 
126.3282 	 0 
126.6997 	 1 
126.6997 	 0 
126.6997 	 2 
126.9667 	 2 
127.0828 	 2 
127.0828 	 0 
127.4543 	 0 
127.4543 	 2 
127.4659 	 1 
127.8375 	 0 
127.8375 	 2 
128.2206 	 0 
128.2206 	 1 
128.2206 	 2 
128.4528 	 2 
128.5921 	 0 
128.6037 	 2 
128.7198 	 2 
128.7895 	 0 
128.9752 	 2 
128.9868 	 1 
129.1726 	 0 
129.1726 	 2 
129.3584 	 0 
129.3584 	 2 
130.2988 	 2 
130.3104 	 0 
130.4961 	 1 
130.4961 	 2 
130.6935 	 0 
130.8793 	 0 
130.8793 	 2 
131.2508 	 2 
131.2624 	 0 
131.2624 	 1 
131.6339 	 0 
131.6339 	 2 
131.8313 	 0 
132.0171 	 2 
132.0171 	 1 
132.1215 	 1 
132.2028 	 0 
132.2144 	 2 
132.3886 	 2 
132.4002 	 0 
132.7717 	 1 
132.7717 	 2 
132.7833 	 0 
133.1432 	 2 
133.1548 	 0 
133.5380 	 0 
133.5380 	 1 
133.5380 	 2 
133.9211 	 2 
133.9211 	 0 
134.2810 	 2 
134.2926 	 0 
134.3042 	 1 
134.4087 	 2 
134.6757 	 0 
134.6757 	 2 
134.8847 	 1 
135.0589 	 1 
135.0589 	 2 
135.4304 	 0 
135.4304 	 2 
135.8135 	 1 
135.8135 	 2 
136.0341 	 2 
136.1850 	 2 
136.1966 	 0 
136.3824 	 0 
136.5682 	 2 
136.5798 	 1 
136.7655 	 0 
136.9513 	 2 
136.9513 	 0 
137.3344 	 2 
137.3344 	 0 
137.3344 	 1 
137.7059 	 2 
137.7176 	 0 
138.0891 	 2 
138.0891 	 0 
138.1007 	 1 
138.2864 	 0 
138.4722 	 2 
138.4722 	 0 
138.8205 	 2 
138.8437 	 2 
138.8553 	 0 
138.8669 	 1 
139.2268 	 2 
139.2385 	 0 
139.6100 	 0 
139.6100 	 1 
139.6100 	 2 
139.9931 	 0 
139.9931 	 2 
140.3646 	 0 
140.3762 	 2 
140.3762 	 1 
140.7478 	 0 
140.7478 	 2 
140.9451 	 0 
141.1309 	 1 
141.1309 	 2 
141.3283 	 0 
141.5140 	 2 
141.5140 	 0 
141.8855 	 2 
141.8971 	 0 
141.9088 	 1 
142.1061 	 2 
142.2571 	 2 
142.2687 	 0 
142.6518 	 0 
142.6518 	 2 
142.6518 	 1 
143.0349 	 0 
143.0349 	 2 
143.4064 	 2 
143.4180 	 0 
143.4180 	 1 
143.6386 	 2 
143.7896 	 2 
143.7896 	 0 
143.9057 	 2 
143.9753 	 0 
144.1727 	 1 
144.1727 	 2 
144.3585 	 0 
144.5442 	 2 
144.5558 	 0 
144.9157 	 2 
144.9273 	 0 
144.9273 	 1 
145.3105 	 2 
145.3105 	 0 
145.6820 	 2 
145.6936 	 1 
145.6936 	 0 
146.0651 	 2 
146.0767 	 1 
146.0767 	 0 
146.4366 	 1 
146.4483 	 2 
146.4483 	 0 
146.8198 	 2 
146.8198 	 0 
147.0171 	 1 
147.2029 	 2 
147.2029 	 1 
147.4003 	 1 
147.5860 	 0 
147.5860 	 2 
147.7834 	 2 
147.9692 	 1 
147.9692 	 2 
148.0969 	 2 
148.1665 	 2 
148.3523 	 2 
148.3523 	 0 
148.5380 	 0 
148.5380 	 2 
148.7238 	 2 
148.7238 	 1 
148.8515 	 2 
148.9212 	 0 
148.9212 	 2 
149.1069 	 0 
149.1069 	 2 
149.3043 	 2 
149.4901 	 0 
149.4901 	 2 
149.4901 	 1 
149.6758 	 2 
149.8616 	 0 
149.8732 	 2 
150.0590 	 2 
150.2447 	 2 
150.2447 	 0 
150.2447 	 1 
150.3724 	 2 
150.4305 	 2 
150.4421 	 0 
150.5698 	 2 
150.6046 	 2 
150.6162 	 0 
150.8252 	 2 
150.9994 	 0 
151.0110 	 1 
151.0110 	 2 
151.1967 	 2 
151.3825 	 0 
151.3941 	 2 
151.5799 	 2 
151.7540 	 0 
151.7656 	 2 
151.7656 	 1 
151.9630 	 2 
152.1371 	 0 
152.1488 	 2 
152.3345 	 2 
152.5203 	 1 
152.5203 	 0 
152.5203 	 2 
152.7176 	 2 
152.9034 	 2 
152.9034 	 0 
153.0892 	 0 
153.0892 	 2 
153.2865 	 1 
153.2865 	 2 
153.4723 	 2 
153.4723 	 0 
153.6580 	 0 
153.6697 	 2 
153.8554 	 2 
154.0412 	 2 
154.0412 	 0 
154.0412 	 1 
154.2385 	 2 
154.4243 	 0 
154.4243 	 2 
154.6217 	 2 
154.7958 	 1 
154.8074 	 0 
154.8074 	 2 
155.0048 	 2 
155.1790 	 2 
155.1790 	 0 
155.3763 	 2 
155.5621 	 2 
155.5621 	 1 
155.5621 	 0 
155.6201 	 2 
155.7595 	 2 
155.9336 	 0 
155.9452 	 2 
156.1310 	 2 
156.3167 	 0 
156.3167 	 2 
156.3167 	 1 
156.4444 	 2 
156.5141 	 2 
156.6999 	 0 
156.6999 	 2 
156.8972 	 2 
157.0830 	 1 
157.0830 	 0 
157.0830 	 2 
157.2804 	 2 
157.4661 	 2 
157.4661 	 0 
157.6519 	 2 
157.8376 	 2 
157.8376 	 1 
157.8376 	 0 
158.0350 	 2 
158.2208 	 2 
158.2208 	 0 
158.4065 	 2 
158.5923 	 2 
158.6039 	 0 
158.6039 	 1 
158.8013 	 2 
158.9754 	 2 
158.9870 	 0 
159.1728 	 2 
159.1728 	 1 
159.3585 	 1 
159.3585 	 2 
159.5443 	 2 
159.5559 	 1 
159.5559 	 0 
159.7417 	 0 
159.7417 	 2 
159.7417 	 1 
160.1132 	 2 
160.1248 	 1 
160.4963 	 2 
160.4963 	 0 
160.6821 	 0 
160.8795 	 1 
160.8795 	 2 
161.0652 	 0 
161.2626 	 0 
161.2626 	 2 
161.6341 	 2 
161.6341 	 1 
162.0172 	 0 
162.0172 	 2 
162.4004 	 2 
162.4004 	 0 
162.4120 	 1 
162.5165 	 2 
162.5861 	 0 
162.7719 	 2 
162.7835 	 0 
163.1550 	 2 
163.1550 	 1 
163.1550 	 0 
163.5381 	 0 
163.5381 	 2 
163.9097 	 2 
163.9213 	 0 
163.9213 	 1 
164.2928 	 0 
164.2928 	 2 
164.6759 	 1 
164.6759 	 2 
164.6759 	 0 
165.0474 	 2 
165.0590 	 0 
165.2448 	 0 
165.4306 	 2 
165.4422 	 1 
165.8137 	 2 
165.8137 	 0 
166.1968 	 2 
166.1968 	 1 
166.5683 	 2 
166.5800 	 0 
166.7657 	 0 
166.9515 	 2 
166.9515 	 1 
167.1372 	 0 
167.3346 	 0 
167.3346 	 2 
167.4623 	 2 
167.7061 	 2 
167.7177 	 0 
167.7177 	 1 
168.0893 	 2 
168.0893 	 0 
168.4724 	 2 
168.4724 	 0 
168.4724 	 1 
168.6001 	 2 
168.6581 	 0 
168.8555 	 0 
168.8555 	 2 
169.2386 	 1 
169.2386 	 2 
169.2386 	 0 
169.6102 	 2 
169.6102 	 0 
169.9933 	 1 
169.9933 	 2 
169.9933 	 0 
170.3648 	 2 
170.3764 	 0 
170.7479 	 2 
170.7595 	 1 
171.1311 	 2 
171.1311 	 0 
171.3284 	 0 
171.5142 	 2 
171.5142 	 1 
171.6419 	 2 
171.7116 	 0 
171.8857 	 2 
171.8857 	 1 
171.8973 	 0 
172.2688 	 2 
172.2688 	 1 
172.6171 	 2 
172.6520 	 0 
172.6636 	 2 
172.8377 	 0 
173.0351 	 2 
173.0351 	 1 
173.4066 	 0 
173.4066 	 2 
173.6388 	 2 
173.7898 	 1 
173.7898 	 0 
173.7898 	 2 
174.1729 	 2 
174.1729 	 0 
174.2890 	 2 
174.5444 	 2 
174.5560 	 1 
174.7418 	 0 
174.7418 	 2 
174.9275 	 0 
174.9275 	 2 
175.3107 	 2 
175.3107 	 1 
175.3107 	 0 
175.6938 	 2 
175.6938 	 0 
175.8679 	 0 
176.0537 	 2 
176.0653 	 0 
176.0769 	 1 
176.4484 	 2 
176.4484 	 0 
176.8200 	 2 
176.8316 	 1 
176.8316 	 0 
177.2031 	 2 
177.2147 	 0 
177.4005 	 0 
177.5862 	 1 
177.5862 	 2 
177.9693 	 2 
177.9693 	 0 
178.3409 	 1 
178.3409 	 2 
178.7124 	 2 
178.7240 	 0 
178.9098 	 0 
179.1071 	 2 
179.1187 	 1 
179.2929 	 0 
179.4902 	 2 
179.4902 	 0 
179.8618 	 2 
179.8734 	 1 
179.8734 	 0 
180.2449 	 2 
180.2449 	 0 
180.6280 	 1 
180.6280 	 2 
180.6280 	 0 
180.8138 	 0 
180.9995 	 0 
180.9995 	 1 
181.0112 	 2 
181.3827 	 0 
181.3827 	 2 
181.3827 	 1 
181.7542 	 2 
181.7658 	 0 
182.1373 	 1 
182.1489 	 2 
182.5205 	 2 
182.5205 	 1 
182.5321 	 0 
182.6946 	 1 
183.4493 	 2 
183.4725 	 0 
183.6582 	 2 
183.6698 	 1 
183.8556 	 0 
184.0414 	 2 
184.0414 	 0 
184.4245 	 1 
184.4245 	 2 
184.7960 	 2 
184.8076 	 0 
184.9934 	 2 
185.1791 	 1 
185.1791 	 2 
185.3649 	 0 
185.5623 	 2 
185.5623 	 0 
185.9454 	 1 
185.9454 	 2 
185.9454 	 0 
186.3169 	 2 
186.3285 	 0 
186.7000 	 1 
186.7000 	 0 
186.7000 	 2 
186.8974 	 0 
187.0832 	 0 
187.0832 	 2 
187.4547 	 2 
187.4663 	 1 
187.4663 	 0 
187.8378 	 2 
187.8494 	 0 
188.2210 	 0 
188.2210 	 2 
188.2210 	 1 
188.6041 	 0 
188.6041 	 2 
188.9756 	 2 
188.9756 	 1 
189.3587 	 2 
189.3587 	 0 
189.5445 	 0 
189.7419 	 1 
189.7419 	 2 
189.9392 	 0 
190.1134 	 2 
190.1134 	 0 
190.4965 	 1 
190.4965 	 0 
190.5081 	 2 
190.8796 	 2 
190.8796 	 0 
191.2628 	 0 
191.2628 	 1 
191.2628 	 2 
191.6343 	 2 
191.6459 	 0 
192.0174 	 1 
192.0174 	 0 
192.0174 	 2 
192.4005 	 0 
192.4005 	 2 
192.5863 	 0 
192.7837 	 0 
192.7837 	 2 
192.7837 	 1 
192.9694 	 0 
193.1552 	 0 
193.1552 	 2 
193.5383 	 1 
193.5383 	 2 
193.5383 	 0 
193.9215 	 2 
193.9215 	 0 
194.2930 	 2 
194.2930 	 0 
194.3046 	 1 
194.6761 	 0 
194.6761 	 2 
195.0592 	 2 
195.0592 	 1 
195.4307 	 2 
195.4424 	 0 
195.6281 	 1 
195.8139 	 1 
195.8139 	 2 
195.9996 	 1 
196.0112 	 0 
196.1970 	 0 
196.1970 	 1 
196.1970 	 2 
