0.0580 	 2 
0.3135 	 1 
0.3135 	 2 
0.6734 	 2 
0.8011 	 0 
1.1726 	 2 
1.2655 	 1 
1.3584 	 1 
1.3584 	 2 
1.4512 	 1 
1.4861 	 2 
1.5093 	 1 
1.5557 	 2 
1.5557 	 0 
2.6471 	 0 
2.6587 	 2 
2.8909 	 1 
3.0302 	 2 
3.2508 	 1 
3.3901 	 2 
3.3901 	 0 
3.7616 	 2 
4.1332 	 2 
4.1332 	 0 
4.5047 	 1 
4.5047 	 0 
4.8646 	 0 
4.8762 	 2 
5.2245 	 1 
5.2361 	 2 
5.2477 	 1 
5.5612 	 2 
5.5728 	 0 
5.5844 	 2 
5.8630 	 1 
5.9675 	 1 
5.9791 	 0 
5.9907 	 2 
6.3623 	 2 
6.3623 	 0 
6.5596 	 2 
6.7106 	 2 
6.7222 	 1 
6.8847 	 0 
6.9544 	 2 
6.9776 	 1 
7.4536 	 1 
7.4652 	 0 
7.4768 	 2 
7.8367 	 0 
8.0689 	 2 
8.1966 	 1 
8.5798 	 0 
8.5798 	 2 
8.6030 	 2 
9.3112 	 0 
9.3228 	 2 
9.3460 	 2 
9.5550 	 2 
9.6827 	 2 
10.0659 	 2 
10.4258 	 0 
10.4374 	 2 
10.7973 	 0 
10.7973 	 2 
10.7973 	 1 
11.5403 	 1 
11.5403 	 0 
11.5403 	 2 
11.9002 	 1 
11.9118 	 2 
11.9118 	 0 
12.1556 	 2 
12.2717 	 0 
12.6549 	 1 
12.6549 	 2 
13.0148 	 0 
13.0148 	 1 
13.0264 	 2 
13.2702 	 2 
13.3863 	 2 
13.3979 	 0 
13.4095 	 1 
13.7578 	 0 
13.7694 	 2 
14.0249 	 2 
14.1293 	 1 
14.1293 	 2 
14.5009 	 0 
14.7447 	 1 
14.8724 	 0 
14.8840 	 2 
15.1046 	 1 
15.1162 	 2 
15.2439 	 2 
15.2439 	 0 
15.6038 	 1 
15.6154 	 2 
15.9753 	 1 
15.9869 	 0 
16.3585 	 2 
16.3585 	 0 
16.7184 	 0 
16.7300 	 2 
16.9854 	 2 
17.0899 	 2 
17.1015 	 1 
17.1247 	 2 
17.1595 	 1 
17.4730 	 0 
17.4730 	 2 
17.7052 	 1 
17.8561 	 2 
18.0883 	 2 
18.2044 	 0 
18.2161 	 2 
18.5760 	 2 
18.5760 	 1 
18.9475 	 0 
18.9475 	 2 
19.3074 	 0 
19.3422 	 2 
19.6905 	 0 
20.0620 	 2 
20.4220 	 1 
20.4336 	 0 
20.8051 	 2 
21.0373 	 1 
21.1650 	 2 
21.1650 	 0 
21.5365 	 1 
21.5365 	 2 
22.2679 	 1 
22.2795 	 0 
22.2795 	 2 
22.6511 	 2 
22.6511 	 0 
23.0226 	 2 
23.0226 	 1 
23.3825 	 0 
23.3941 	 2 
23.7540 	 1 
23.7656 	 0 
23.7656 	 2 
24.1255 	 0 
24.1371 	 2 
24.5087 	 2 
24.7525 	 1 
25.2517 	 2 
25.2517 	 0 
25.6116 	 0 
25.9831 	 1 
26.3546 	 0 
26.7262 	 1 
26.7262 	 2 
26.9700 	 1 
26.9816 	 2 
27.0977 	 0 
27.4460 	 0 
27.4576 	 1 
27.5040 	 2 
27.8291 	 2 
27.8291 	 0 
28.2122 	 2 
28.2587 	 2 
28.5722 	 2 
28.5722 	 1 
28.5722 	 0 
28.9437 	 2 
28.9437 	 1 
29.0249 	 1 
29.3152 	 0 
29.6751 	 1 
29.6867 	 0 
29.6867 	 2 
29.9305 	 1 
29.9305 	 2 
30.0582 	 0 
30.0582 	 2 
30.4065 	 2 
30.4181 	 1 
30.7897 	 0 
31.1728 	 0 
31.5443 	 0 
31.5443 	 2 
31.7649 	 2 
31.9158 	 1 
31.9158 	 2 
32.6473 	 0 
32.6589 	 2 
32.8911 	 1 
33.0188 	 1 
33.3903 	 2 
33.7618 	 0 
33.7618 	 2 
34.1333 	 0 
34.5049 	 2 
34.5049 	 0 
34.8764 	 2 
34.8764 	 1 
34.9228 	 2 
35.2363 	 0 
35.2479 	 2 
35.2711 	 2 
35.6078 	 0 
35.6194 	 2 
35.6194 	 1 
35.8516 	 1 
35.9793 	 0 
36.3508 	 2 
36.3508 	 1 
36.6063 	 2 
36.6063 	 1 
36.7224 	 2 
37.0823 	 1 
37.1055 	 2 
37.1055 	 0 
37.4538 	 0 
37.4654 	 2 
37.8369 	 2 
37.8485 	 1 
38.4639 	 1 
38.5683 	 0 
38.5800 	 2 
38.8238 	 1 
38.8586 	 1 
38.9399 	 1 
38.9399 	 0 
38.9515 	 2 
39.3114 	 1 
39.3114 	 2 
39.6829 	 2 
39.6945 	 0 
39.9267 	 1 
40.0544 	 1 
40.0544 	 0 
40.4259 	 1 
40.4259 	 0 
40.7975 	 1 
40.7975 	 2 
41.1690 	 0 
41.5289 	 1 
41.5405 	 0 
41.5405 	 2 
41.7843 	 2 
41.9004 	 2 
41.9120 	 0 
42.2719 	 1 
42.2719 	 2 
42.6551 	 2 
42.6551 	 0 
43.0150 	 2 
43.0150 	 0 
43.3865 	 0 
43.3981 	 2 
43.7580 	 1 
43.7580 	 2 
44.1295 	 0 
44.5010 	 1 
44.5010 	 0 
44.5127 	 2 
44.7449 	 1 
44.8726 	 2 
45.2325 	 1 
45.2441 	 2 
45.6156 	 1 
45.6156 	 2 
45.9871 	 1 
45.9871 	 0 
45.9871 	 2 
46.3586 	 0 
46.3586 	 1 
46.3586 	 2 
46.7302 	 1 
46.7302 	 2 
46.7766 	 2 
47.0901 	 0 
47.1017 	 2 
47.4616 	 0 
47.4616 	 1 
47.4732 	 2 
47.7170 	 2 
47.8331 	 0 
48.2046 	 1 
48.2046 	 2 
48.5761 	 1 
48.5761 	 2 
48.5761 	 0 
48.8200 	 2 
48.9477 	 2 
48.9477 	 0 
48.9941 	 1 
49.1334 	 2 
49.2960 	 1 
49.3192 	 0 
49.6791 	 1 
49.6907 	 2 
50.0622 	 0 
50.3060 	 2 
50.4221 	 0 
50.7937 	 0 
50.7937 	 2 
51.1536 	 1 
51.1652 	 2 
51.5367 	 0 
51.5483 	 2 
51.8966 	 1 
51.9082 	 0 
52.2681 	 1 
52.2797 	 0 
52.2797 	 2 
52.6396 	 1 
52.6396 	 2 
53.0228 	 0 
53.0228 	 2 
53.2550 	 1 
53.2782 	 2 
53.3362 	 2 
53.3827 	 1 
53.3943 	 0 
53.4175 	 2 
53.4523 	 2 
53.6497 	 2 
53.7542 	 0 
53.7658 	 2 
54.1257 	 2 
54.4972 	 0 
54.5088 	 2 
54.8688 	 0 
54.8804 	 2 
55.2403 	 0 
55.2519 	 2 
55.6118 	 2 
55.6118 	 1 
55.9949 	 2 
56.3548 	 0 
56.3664 	 2 
56.7263 	 0 
56.7263 	 2 
56.7263 	 1 
57.0863 	 1 
57.0979 	 2 
57.4694 	 2 
57.4694 	 0 
57.4926 	 2 
57.8293 	 0 
57.8409 	 1 
57.8409 	 2 
58.2008 	 0 
58.2124 	 2 
58.5723 	 2 
58.9439 	 0 
58.9555 	 2 
59.3154 	 0 
59.3154 	 1 
59.3270 	 2 
59.6869 	 0 
59.6869 	 2 
60.0584 	 1 
60.0584 	 2 
60.4299 	 0 
60.6737 	 2 
60.7898 	 1 
60.7898 	 2 
60.7898 	 0 
61.1730 	 2 
61.1730 	 0 
61.5329 	 1 
61.5445 	 2 
61.9160 	 2 
61.9160 	 0 
62.2759 	 0 
62.2875 	 2 
62.5197 	 1 
62.5313 	 2 
62.6474 	 0 
62.6590 	 2 
62.6823 	 2 
63.0073 	 1 
63.0190 	 2 
63.3905 	 2 
63.3905 	 0 
63.7620 	 0 
63.7620 	 2 
64.1335 	 2 
64.1335 	 0 
64.4702 	 1 
64.5050 	 2 
64.5283 	 1 
64.8766 	 1 
64.8766 	 2 
64.8766 	 0 
65.2597 	 2 
65.2597 	 0 
65.6080 	 0 
65.6196 	 2 
65.9795 	 2 
66.3510 	 0 
66.3510 	 2 
66.7225 	 0 
66.7225 	 1 
66.7341 	 2 
67.0941 	 0 
67.0941 	 2 
67.4656 	 1 
67.4656 	 2 
67.8371 	 2 
68.2086 	 2 
68.5685 	 1 
68.5801 	 2 
68.9400 	 2 
69.3000 	 1 
69.3000 	 2 
69.6715 	 1 
69.6947 	 2 
70.0546 	 0 
70.0546 	 2 
70.4261 	 2 
70.7976 	 2 
70.7976 	 0 
71.1576 	 1 
71.1692 	 0 
71.1808 	 2 
71.4130 	 2 
71.5407 	 2 
71.5407 	 0 
71.9122 	 1 
71.9122 	 2 
72.1560 	 2 
72.2721 	 1 
72.2837 	 0 
72.2837 	 2 
72.5275 	 2 
72.5275 	 1 
72.6552 	 0 
72.6552 	 1 
72.6552 	 2 
72.6901 	 2 
72.7713 	 2 
72.7946 	 1 
72.8294 	 2 
72.9223 	 1 
73.0151 	 0 
73.0268 	 2 
73.3983 	 1 
73.3983 	 2 
73.7698 	 2 
74.0020 	 1 
74.1413 	 2 
74.1413 	 0 
74.3619 	 1 
74.3735 	 2 
74.3851 	 0 
74.5012 	 0 
74.5012 	 2 
74.7218 	 2 
74.8611 	 1 
74.8727 	 2 
75.0469 	 2 
75.2443 	 0 
75.2443 	 2 
75.6158 	 0 
75.6158 	 2 
75.8712 	 2 
75.9641 	 2 
75.9757 	 0 
75.9873 	 1 
76.2079 	 2 
76.2079 	 0 
76.3588 	 1 
76.3588 	 2 
76.4053 	 2 
76.7303 	 2 
76.7303 	 0 
76.9741 	 2 
77.1019 	 2 
77.1019 	 0 
77.3341 	 1 
77.4502 	 2 
77.4502 	 0 
77.8333 	 1 
77.8333 	 2 
78.0655 	 2 
78.2048 	 0 
78.2164 	 2 
78.5763 	 0 
78.5763 	 2 
78.9362 	 0 
78.9478 	 2 
78.9827 	 2 
79.3194 	 1 
79.3194 	 2 
79.5632 	 1 
79.6909 	 2 
79.6909 	 0 
79.8766 	 2 
80.0624 	 2 
80.3527 	 1 
80.4223 	 0 
80.7938 	 2 
80.7938 	 1 
81.1654 	 0 
81.1770 	 2 
81.5369 	 2 
81.5369 	 1 
81.5369 	 0 
81.9084 	 0 
81.9084 	 2 
82.2799 	 1 
82.2799 	 2 
82.6514 	 0 
82.6514 	 2 
82.6746 	 2 
83.0229 	 0 
83.0229 	 2 
83.0578 	 2 
83.2668 	 2 
83.3829 	 0 
83.3945 	 2 
83.7544 	 1 
83.7660 	 2 
84.1375 	 0 
84.1375 	 2 
84.3813 	 2 
84.4974 	 0 
84.5090 	 2 
84.8689 	 0 
84.8805 	 2 
84.8805 	 1 
85.2405 	 2 
85.2521 	 1 
85.6120 	 2 
85.6236 	 1 
85.6236 	 0 
85.9835 	 0 
85.9835 	 2 
86.2273 	 1 
86.3550 	 0 
86.3550 	 2 
86.7265 	 1 
86.7265 	 0 
86.7265 	 2 
86.7846 	 2 
86.9703 	 2 
87.0864 	 0 
87.4696 	 1 
87.4696 	 2 
87.4696 	 0 
87.8295 	 0 
88.2126 	 2 
88.2126 	 1 
88.5725 	 2 
88.5841 	 0 
88.8279 	 2 
88.9556 	 2 
88.9556 	 0 
89.3039 	 0 
89.6871 	 2 
89.6871 	 1 
89.6871 	 0 
90.0586 	 0 
90.0586 	 1 
90.0586 	 2 
90.4185 	 0 
90.4301 	 2 
90.4301 	 1 
90.7900 	 0 
91.1383 	 2 
91.1732 	 2 
91.1848 	 1 
91.2312 	 2 
91.5447 	 0 
91.5447 	 2 
91.9046 	 0 
91.9162 	 1 
91.9162 	 2 
92.1484 	 1 
92.1600 	 2 
92.2761 	 2 
92.2761 	 1 
92.2761 	 0 
92.6476 	 2 
93.0191 	 1 
93.3907 	 0 
93.4023 	 2 
93.7622 	 0 
93.7738 	 2 
93.7970 	 2 
94.1337 	 1 
94.1337 	 2 
94.5052 	 0 
94.5052 	 2 
94.8651 	 1 
94.8767 	 2 
94.8767 	 0 
95.1205 	 2 
95.2483 	 0 
95.2483 	 2 
95.6082 	 2 
95.6082 	 1 
95.8636 	 2 
95.8636 	 1 
95.9797 	 1 
95.9913 	 2 
95.9913 	 0 
96.2235 	 2 
96.3280 	 1 
96.3396 	 0 
96.3396 	 2 
96.3860 	 2 
96.7111 	 0 
96.9201 	 2 
97.0826 	 1 
97.0942 	 2 
97.1407 	 2 
97.4658 	 0 
97.4658 	 2 
97.8373 	 0 
97.8489 	 2 
98.0811 	 1 
98.1972 	 1 
98.2088 	 2 
98.5687 	 1 
98.5803 	 2 
98.9518 	 0 
99.3117 	 1 
99.3234 	 2 
99.3234 	 0 
99.5323 	 1 
99.6717 	 1 
99.6833 	 0 
100.0548 	 1 
100.0548 	 2 
100.2986 	 1 
100.2986 	 2 
100.4031 	 1 
100.7978 	 2 
100.8094 	 0 
101.1693 	 2 
101.5293 	 1 
101.5409 	 0 
101.5409 	 2 
101.9124 	 2 
101.9124 	 0 
102.1562 	 2 
102.2723 	 1 
102.2839 	 2 
102.6438 	 1 
102.6670 	 0 
102.7483 	 1 
103.0037 	 1 
103.0153 	 0 
103.0153 	 2 
104.1299 	 1 
104.1299 	 0 
104.1299 	 2 
104.2692 	 1 
107.1833 	 1 
107.1833 	 2 
107.2878 	 1 
107.4620 	 2 
107.4736 	 0 
107.9844 	 2 
108.0889 	 2 
108.1237 	 2 
108.1818 	 1 
108.1818 	 2 
108.2050 	 0 
108.2398 	 2 
108.4488 	 2 
108.4952 	 1 
108.5533 	 2 
108.5649 	 1 
108.5881 	 2 
108.6113 	 2 
108.9364 	 1 
108.9480 	 2 
109.3195 	 0 
109.3195 	 2 
109.3428 	 2 
109.6795 	 0 
109.6911 	 2 
109.9233 	 1 
109.9349 	 2 
110.0510 	 1 
110.0510 	 0 
110.0626 	 2 
110.4225 	 1 
110.4225 	 2 
110.8056 	 2 
110.8056 	 0 
111.1655 	 0 
111.1771 	 2 
111.5254 	 1 
111.5371 	 2 
111.5371 	 0 
111.9086 	 2 
111.9086 	 1 
111.9666 	 1 
112.2801 	 2 
112.2801 	 0 
112.6864 	 0 
112.6864 	 2 
112.8954 	 1 
112.9070 	 2 
113.0231 	 2 
113.2321 	 2 
113.3830 	 2 
113.4179 	 2 
113.7546 	 2 
113.7546 	 0 
113.9519 	 2 
114.0100 	 2 
114.0680 	 2 
114.1377 	 0 
114.1493 	 2 
114.1841 	 2 
114.4976 	 0 
114.5092 	 2 
114.7298 	 2 
114.8691 	 1 
114.8691 	 2 
115.2522 	 0 
115.2522 	 2 
115.4612 	 2 
115.4728 	 1 
115.6005 	 1 
115.6238 	 2 
115.8560 	 1 
115.8676 	 2 
115.9721 	 1 
115.9837 	 0 
115.9837 	 2 
116.3552 	 1 
116.3552 	 2 
116.7267 	 0 
116.7267 	 2 
116.7499 	 2 
117.0982 	 2 
117.0982 	 0 
117.4581 	 0 
117.4698 	 2 
117.8413 	 2 
118.2012 	 0 
118.2128 	 2 
118.5727 	 0 
118.5843 	 1 
118.5843 	 2 
118.8281 	 2 
118.9442 	 0 
118.9558 	 2 
119.3157 	 1 
119.3157 	 2 
119.3506 	 2 
119.6873 	 0 
119.6873 	 2 
119.9311 	 2 
120.0588 	 0 
120.0588 	 2 
120.3955 	 1 
120.4303 	 0 
120.4303 	 2 
120.6509 	 2 
120.8018 	 2 
120.8018 	 1 
121.1733 	 0 
121.1733 	 2 
121.4055 	 1 
121.5449 	 2 
121.7771 	 1 
121.7887 	 2 
121.9048 	 0 
121.9164 	 2 
122.2763 	 2 
122.6594 	 2 
122.6594 	 0 
123.0193 	 0 
123.0309 	 2 
123.3908 	 2 
123.3908 	 0 
123.6114 	 2 
123.7624 	 2 
123.7624 	 1 
124.1339 	 2 
124.1339 	 0 
124.3661 	 1 
124.4938 	 1 
124.5054 	 2 
124.5054 	 0 
124.7376 	 1 
124.7492 	 2 
124.8769 	 2 
124.8769 	 0 
125.0859 	 2 
125.2368 	 1 
125.2484 	 2 
125.6083 	 0 
125.6200 	 2 
125.9683 	 1 
125.9683 	 2 
125.9799 	 0 
126.0031 	 2 
126.3514 	 0 
126.7229 	 2 
127.0944 	 0 
127.1060 	 2 
127.3382 	 1 
127.4659 	 2 
127.8375 	 2 
127.8375 	 0 
128.2090 	 1 
128.2090 	 2 
128.5805 	 2 
128.9404 	 0 
128.9520 	 2 
129.3119 	 0 
129.3235 	 2 
129.6834 	 2 
130.0550 	 0 
130.0666 	 2 
130.4149 	 1 
130.4265 	 2 
130.4265 	 0 
130.7980 	 2 
130.7980 	 0 
131.1695 	 1 
131.1695 	 2 
131.4133 	 1 
131.4133 	 2 
131.5759 	 2 
131.9126 	 1 
131.9126 	 2 
131.9242 	 0 
131.9822 	 1 
132.2841 	 0 
132.6556 	 1 
132.6556 	 2 
133.0271 	 0 
133.2593 	 1 
133.3986 	 2 
133.6308 	 1 
133.7585 	 0 
133.7585 	 2 
134.0952 	 1 
134.0952 	 2 
134.1533 	 2 
134.5016 	 0 
134.5016 	 2 
134.8731 	 1 
134.8847 	 2 
135.2330 	 0 
135.2330 	 1 
135.2446 	 2 
135.6161 	 1 
135.6161 	 2 
135.9877 	 0 
135.9877 	 2 
136.3476 	 1 
136.3476 	 0 
136.3592 	 2 
136.6030 	 2 
136.7191 	 0 
136.7307 	 2 
137.0906 	 1 
137.0906 	 2 
137.1022 	 0 
137.1254 	 2 
137.4621 	 2 
137.4621 	 0 
137.8337 	 2 
137.8337 	 0 
138.2052 	 0 
138.2052 	 2 
138.5767 	 1 
138.5767 	 2 
138.6231 	 2 
138.9482 	 1 
138.9482 	 2 
139.3197 	 1 
139.3197 	 2 
139.5519 	 1 
139.5635 	 2 
139.6912 	 2 
140.0512 	 1 
140.0512 	 2 
140.4343 	 0 
140.4343 	 2 
140.4575 	 2 
140.7942 	 0 
140.8058 	 1 
140.8058 	 2 
141.1657 	 0 
141.1657 	 2 
141.5372 	 2 
141.5372 	 1 
141.5953 	 2 
141.9088 	 2 
141.9088 	 0 
142.1526 	 2 
142.2803 	 0 
142.2803 	 2 
142.2803 	 1 
142.5241 	 1 
142.6518 	 0 
142.6518 	 1 
142.8376 	 2 
143.0233 	 2 
143.0233 	 1 
143.2671 	 2 
143.2671 	 1 
143.7663 	 2 
143.7780 	 0 
144.1263 	 0 
144.4978 	 1 
144.5094 	 2 
144.8809 	 2 
145.2408 	 0 
145.2408 	 2 
145.4846 	 1 
145.6123 	 0 
145.6123 	 2 
145.8213 	 2 
145.9606 	 2 
145.9722 	 1 
146.3554 	 0 
146.7269 	 2 
146.7269 	 1 
146.7269 	 0 
147.0868 	 0 
147.0984 	 2 
147.0984 	 1 
147.4583 	 1 
147.4699 	 2 
147.5164 	 2 
147.8415 	 2 
147.8415 	 0 
148.2014 	 0 
148.2130 	 2 
148.5497 	 1 
148.5613 	 2 
148.9444 	 2 
148.9444 	 1 
149.3159 	 2 
149.3159 	 0 
149.6874 	 2 
149.6874 	 1 
149.6874 	 0 
150.0590 	 2 
150.0590 	 0 
150.4305 	 2 
150.4305 	 1 
150.4769 	 2 
150.8020 	 2 
151.1735 	 2 
151.1735 	 0 
151.4057 	 1 
151.4173 	 2 
151.5450 	 2 
151.9049 	 1 
151.9049 	 2 
152.2881 	 2 
152.6480 	 0 
152.6596 	 2 
152.6596 	 1 
153.0195 	 2 
153.0195 	 0 
153.3910 	 1 
153.3910 	 2 
153.4491 	 2 
153.7625 	 2 
153.7625 	 0 
154.1341 	 0 
154.1341 	 1 
154.1341 	 2 
154.3779 	 2 
154.4940 	 0 
154.5056 	 2 
154.8655 	 2 
154.8655 	 1 
155.1209 	 2 
155.2370 	 1 
155.2370 	 0 
155.2486 	 2 
155.4924 	 2 
155.6201 	 1 
155.6201 	 2 
155.6782 	 1 
155.9452 	 1 
156.3516 	 1 
156.3516 	 2 
156.7347 	 0 
156.7347 	 2 
156.9785 	 2 
157.0946 	 2 
157.0946 	 0 
157.3268 	 1 
157.3384 	 2 
157.4545 	 1 
157.4661 	 0 
157.4661 	 2 
157.8376 	 2 
158.2092 	 0 
158.2092 	 2 
158.5691 	 0 
158.5807 	 1 
158.5807 	 2 
158.9406 	 0 
158.9522 	 2 
159.3005 	 2 
159.3353 	 1 
159.6952 	 0 
159.6952 	 2 
159.9158 	 1 
160.0551 	 2 
160.0551 	 1 
160.0668 	 0 
160.3106 	 2 
160.4383 	 2 
160.6240 	 2 
160.6240 	 1 
160.7866 	 1 
160.7982 	 2 
161.1581 	 2 
161.1581 	 0 
161.5180 	 1 
161.5412 	 2 
161.5412 	 0 
161.9127 	 2 
161.9127 	 0 
162.2727 	 1 
162.2843 	 2 
162.6558 	 0 
162.6558 	 2 
162.6790 	 2 
162.8764 	 1 
163.0041 	 1 
163.0273 	 2 
163.2711 	 2 
163.3872 	 0 
163.3988 	 2 
163.7587 	 1 
163.7587 	 2 
164.1302 	 0 
164.1419 	 2 
164.5018 	 2 
164.5018 	 0 
164.8733 	 2 
164.8733 	 0 
165.2332 	 1 
165.2448 	 2 
165.6163 	 2 
165.6163 	 0 
165.9762 	 0 
165.9878 	 2 
166.2317 	 2 
166.3478 	 0 
166.3594 	 2 
166.7193 	 1 
166.7193 	 2 
167.0908 	 0 
167.1024 	 2 
167.1256 	 2 
167.3462 	 2 
167.4623 	 2 
167.4623 	 1 
167.4739 	 0 
167.8338 	 2 
167.8338 	 0 
168.2054 	 1 
168.2054 	 2 
168.5769 	 0 
168.5769 	 2 
168.8207 	 2 
168.9484 	 2 
169.1922 	 2 
169.1922 	 1 
169.3199 	 2 
169.3199 	 0 
169.3547 	 2 
169.6798 	 1 
169.6914 	 2 
170.0629 	 2 
170.0629 	 0 
170.4229 	 0 
170.4345 	 2 
170.7944 	 0 
170.7944 	 2 
170.7944 	 1 
171.1427 	 2 
171.1427 	 1 
171.1659 	 1 
171.1891 	 2 
171.5374 	 0 
171.5374 	 2 
171.7812 	 1 
171.8973 	 1 
171.9089 	 0 
171.9205 	 2 
172.2805 	 2 
172.2805 	 0 
172.6404 	 2 
172.6520 	 1 
173.0235 	 2 
173.0235 	 0 
173.0467 	 2 
173.3834 	 0 
173.4182 	 2 
173.7549 	 0 
174.1264 	 1 
174.1380 	 2 
174.1613 	 2 
174.5096 	 2 
174.8811 	 2 
175.1249 	 2 
175.2410 	 2 
175.6009 	 1 
175.6125 	 2 
175.9840 	 2 
176.3556 	 0 
176.3556 	 2 
176.3556 	 1 
176.7271 	 2 
176.7271 	 0 
177.0986 	 2 
177.4585 	 0 
177.4701 	 2 
177.8300 	 0 
177.8416 	 1 
177.8416 	 2 
178.2015 	 0 
178.2132 	 2 
178.5731 	 2 
178.5731 	 1 
178.6195 	 2 
178.9446 	 0 
178.9446 	 2 
178.9446 	 1 
179.2000 	 2 
179.3045 	 1 
179.3161 	 0 
179.3161 	 2 
179.9546 	 2 
180.1404 	 1 
