0.1161 	 0 
0.1161 	 2 
0.1161 	 1 
0.3483 	 2 
0.3599 	 1 
0.4760 	 2 
0.4760 	 1 
0.5921 	 2 
0.5921 	 0 
0.5921 	 1 
0.7198 	 2 
0.8359 	 2 
0.8359 	 1 
0.9520 	 2 
0.9520 	 1 
1.0681 	 2 
1.0681 	 0 
1.0681 	 1 
1.1842 	 0 
1.1958 	 1 
1.1958 	 2 
1.3119 	 1 
1.3119 	 2 
1.5441 	 0 
1.5557 	 1 
1.5557 	 2 
1.7879 	 1 
1.7879 	 2 
1.7879 	 0 
1.9156 	 1 
1.9156 	 2 
2.0317 	 2 
2.0317 	 0 
2.0317 	 1 
2.1595 	 2 
2.2639 	 0 
2.2756 	 1 
2.2756 	 2 
2.3917 	 2 
2.3917 	 1 
2.5078 	 2 
2.5078 	 0 
2.5078 	 1 
2.6355 	 2 
2.7516 	 0 
2.7516 	 2 
2.7516 	 1 
2.8677 	 2 
2.8793 	 1 
2.9838 	 0 
2.9954 	 2 
2.9954 	 1 
3.1115 	 1 
3.1115 	 2 
3.2276 	 1 
3.2276 	 0 
3.2276 	 2 
3.4714 	 2 
3.4714 	 1 
3.4714 	 0 
3.7152 	 2 
3.7152 	 1 
3.8313 	 1 
3.8313 	 2 
3.9474 	 1 
3.9474 	 2 
3.9474 	 0 
4.0635 	 2 
4.1912 	 2 
4.1912 	 0 
4.1912 	 1 
4.3189 	 2 
4.3189 	 1 
4.4234 	 0 
4.4350 	 2 
4.4350 	 1 
4.6672 	 2 
4.6788 	 1 
4.7949 	 2 
4.7949 	 1 
4.9110 	 2 
4.9110 	 1 
5.0271 	 2 
5.0271 	 1 
5.1548 	 2 
5.1548 	 1 
5.2709 	 2 
5.3870 	 1 
5.3870 	 2 
5.3870 	 0 
5.5147 	 2 
5.6308 	 2 
5.6308 	 0 
5.6308 	 1 
5.7469 	 2 
5.7585 	 1 
5.8630 	 0 
5.8746 	 1 
5.8746 	 2 
5.9907 	 2 
6.1068 	 2 
6.1068 	 0 
6.1185 	 1 
6.2346 	 2 
6.2346 	 1 
6.3507 	 2 
6.3507 	 1 
6.3507 	 0 
6.5945 	 2 
6.5945 	 1 
6.7106 	 1 
6.7106 	 2 
6.8267 	 0 
6.8267 	 2 
6.8267 	 1 
6.9544 	 1 
6.9544 	 2 
7.0705 	 0 
7.0705 	 2 
7.0705 	 1 
7.1982 	 2 
7.3027 	 1 
7.3027 	 0 
7.3143 	 2 
7.5465 	 0 
7.5465 	 2 
7.5581 	 1 
7.6626 	 1 
7.6742 	 2 
7.7903 	 0 
7.7903 	 1 
7.7903 	 2 
8.0341 	 0 
8.0341 	 1 
8.0341 	 2 
8.1502 	 2 
8.1502 	 1 
8.2663 	 2 
8.2663 	 1 
8.2663 	 0 
8.5101 	 2 
8.5101 	 1 
8.6262 	 2 
8.6378 	 1 
8.7539 	 2 
8.7539 	 0 
8.7539 	 1 
8.8700 	 1 
8.8700 	 2 
8.9861 	 0 
8.9977 	 2 
8.9977 	 1 
9.1138 	 2 
9.2299 	 2 
9.2299 	 1 
9.2299 	 0 
9.4621 	 0 
9.4737 	 1 
9.4737 	 2 
9.5898 	 1 
9.5898 	 2 
9.7059 	 1 
9.7059 	 0 
9.7059 	 2 
9.9498 	 2 
9.9498 	 0 
9.9498 	 1 
10.0775 	 1 
10.0775 	 2 
10.1820 	 0 
10.1936 	 1 
10.1936 	 2 
10.4374 	 1 
10.4374 	 2 
10.5535 	 1 
10.5535 	 2 
10.6696 	 0 
10.6696 	 1 
10.6696 	 2 
10.7973 	 1 
10.7973 	 2 
10.9134 	 2 
10.9134 	 1 
11.1456 	 1 
11.1456 	 2 
11.1456 	 0 
11.3894 	 2 
11.3894 	 1 
11.5171 	 2 
11.5171 	 1 
11.6216 	 2 
11.6216 	 1 
11.8654 	 2 
11.8654 	 1 
11.8654 	 0 
11.9815 	 1 
11.9931 	 2 
12.1092 	 2 
12.1092 	 0 
12.1092 	 1 
12.3530 	 1 
12.3530 	 2 
12.4691 	 2 
12.4691 	 1 
12.5852 	 0 
12.5852 	 1 
12.5852 	 2 
12.7129 	 2 
12.7129 	 1 
12.8290 	 2 
12.8290 	 1 
12.9567 	 2 
13.0728 	 0 
13.0728 	 1 
13.0728 	 2 
13.3050 	 1 
13.3050 	 0 
13.3166 	 2 
13.4327 	 2 
13.4327 	 1 
13.5488 	 2 
13.5488 	 0 
13.5488 	 1 
13.6766 	 2 
13.7927 	 1 
13.7927 	 2 
13.9088 	 1 
13.9088 	 2 
14.0249 	 1 
14.0249 	 0 
14.0365 	 2 
14.2687 	 2 
14.2687 	 1 
14.3848 	 1 
14.3964 	 2 
14.5125 	 2 
14.5125 	 1 
14.5125 	 0 
14.6286 	 1 
14.6286 	 2 
14.7447 	 0 
14.7447 	 1 
14.7563 	 2 
14.8724 	 2 
14.9885 	 2 
14.9885 	 0 
14.9885 	 1 
15.1162 	 2 
15.2323 	 2 
15.2323 	 1 
15.3484 	 2 
15.3484 	 1 
15.4645 	 0 
15.4761 	 2 
15.4761 	 1 
15.7083 	 2 
15.7083 	 1 
16.1843 	 2 
16.1959 	 1 
16.3120 	 1 
16.3120 	 2 
16.3120 	 0 
16.4281 	 0 
16.4281 	 1 
16.4281 	 2 
16.6719 	 1 
16.6719 	 2 
16.6719 	 0 
17.1479 	 2 
17.1479 	 1 
17.2756 	 1 
17.2873 	 2 
17.6356 	 0 
17.6356 	 1 
17.6356 	 2 
17.7517 	 1 
17.7633 	 0 
17.7633 	 2 
17.8678 	 2 
17.8678 	 1 
18.1116 	 2 
18.2277 	 2 
18.2277 	 1 
18.4715 	 2 
18.4715 	 1 
18.8198 	 2 
18.8198 	 0 
18.8314 	 1 
19.0636 	 2 
19.0636 	 1 
19.1913 	 1 
19.1913 	 2 
19.3074 	 1 
19.3074 	 2 
19.3190 	 0 
19.5512 	 1 
19.5512 	 0 
19.5512 	 2 
19.6673 	 1 
19.6673 	 2 
19.7834 	 0 
19.7834 	 1 
19.7834 	 2 
20.0272 	 1 
20.0272 	 0 
20.0388 	 2 
20.1433 	 1 
20.1549 	 2 
20.2710 	 2 
20.2710 	 1 
20.2710 	 0 
20.3987 	 2 
20.3987 	 1 
20.5148 	 2 
20.5148 	 1 
20.7470 	 2 
20.7470 	 0 
20.7470 	 1 
20.9908 	 0 
20.9908 	 1 
20.9908 	 2 
21.1069 	 1 
21.1069 	 2 
21.2230 	 1 
21.2230 	 0 
21.2346 	 2 
21.3507 	 2 
21.4668 	 2 
21.4668 	 1 
21.4668 	 0 
21.5829 	 1 
21.5946 	 2 
21.7107 	 0 
21.7107 	 2 
21.7107 	 1 
21.9545 	 2 
21.9545 	 1 
21.9545 	 0 
22.0706 	 0 
22.0706 	 1 
22.0706 	 2 
22.1867 	 1 
22.1867 	 0 
22.1867 	 2 
22.3144 	 1 
22.3144 	 2 
22.4305 	 1 
22.4305 	 2 
22.6627 	 0 
22.6743 	 1 
22.6743 	 2 
22.9065 	 0 
22.9181 	 1 
22.9181 	 2 
23.0342 	 2 
23.0342 	 1 
23.1503 	 1 
23.1503 	 0 
23.1503 	 2 
23.3941 	 1 
23.3941 	 2 
23.5102 	 1 
23.5102 	 2 
23.6263 	 1 
23.6263 	 0 
23.6379 	 2 
23.8701 	 2 
23.8701 	 1 
23.9862 	 0 
23.9978 	 1 
23.9978 	 2 
24.1139 	 0 
24.1139 	 2 
24.1139 	 1 
24.2300 	 2 
24.2300 	 1 
24.3461 	 2 
24.3461 	 0 
24.3577 	 1 
24.5899 	 0 
24.5899 	 1 
24.5899 	 2 
24.8221 	 0 
24.8337 	 1 
24.8337 	 2 
24.9498 	 2 
24.9498 	 1 
25.0659 	 2 
25.0659 	 1 
25.0659 	 0 
25.3098 	 1 
25.3098 	 0 
25.3098 	 2 
25.4375 	 1 
25.4375 	 2 
25.5536 	 0 
25.5536 	 1 
25.5536 	 2 
25.6813 	 2 
25.7858 	 0 
25.7974 	 2 
25.7974 	 1 
25.9135 	 1 
25.9135 	 2 
26.0296 	 0 
26.0296 	 1 
26.0296 	 2 
26.1573 	 1 
26.1573 	 2 
26.2734 	 2 
26.2734 	 1 
26.3895 	 2 
26.4011 	 1 
26.5056 	 0 
26.5056 	 2 
26.5056 	 1 
26.7494 	 0 
26.7494 	 2 
26.7494 	 1 
26.8655 	 1 
26.8771 	 2 
26.9932 	 1 
26.9932 	 0 
26.9932 	 2 
27.2254 	 2 
27.2370 	 1 
27.2370 	 0 
27.3415 	 1 
27.3531 	 2 
27.4692 	 0 
27.4692 	 1 
27.4692 	 2 
27.5969 	 2 
27.7130 	 1 
27.7130 	 2 
27.8291 	 1 
27.8291 	 2 
27.9452 	 0 
27.9452 	 2 
27.9568 	 1 
28.0729 	 1 
28.0729 	 2 
28.1890 	 1 
28.1890 	 0 
28.1890 	 2 
28.3051 	 2 
28.4328 	 0 
28.4328 	 1 
28.4328 	 2 
28.6766 	 1 
28.6766 	 2 
28.7811 	 1 
28.7927 	 2 
28.9088 	 0 
28.9088 	 1 
28.9088 	 2 
29.0366 	 2 
29.1527 	 1 
29.1527 	 2 
29.2688 	 2 
29.2688 	 1 
29.3849 	 2 
29.3849 	 1 
29.3849 	 0 
29.6287 	 2 
29.6287 	 0 
29.6403 	 1 
29.7564 	 1 
29.7564 	 2 
29.8725 	 0 
29.8725 	 1 
29.8725 	 2 
29.9886 	 1 
29.9886 	 2 
30.1047 	 1 
30.1047 	 2 
30.3485 	 2 
30.3485 	 1 
30.3485 	 0 
30.5923 	 1 
30.5923 	 0 
30.5923 	 2 
30.7084 	 2 
30.7084 	 1 
30.8245 	 1 
30.8361 	 2 
30.8361 	 0 
31.0683 	 2 
31.0683 	 0 
31.0799 	 1 
31.1960 	 2 
31.1960 	 1 
31.3121 	 1 
31.3121 	 2 
31.3121 	 0 
31.5443 	 1 
31.5443 	 2 
31.6720 	 2 
31.6720 	 1 
31.6720 	 0 
31.7881 	 1 
31.7881 	 0 
31.7881 	 2 
31.9042 	 0 
31.9158 	 1 
31.9158 	 2 
32.0319 	 1 
32.0319 	 2 
32.0319 	 0 
32.1480 	 2 
32.2641 	 0 
32.2757 	 2 
32.2757 	 1 
32.5079 	 1 
32.5079 	 0 
32.5195 	 2 
32.6356 	 1 
32.6356 	 2 
32.7517 	 0 
32.7517 	 1 
32.7517 	 2 
32.9839 	 0 
32.9956 	 1 
32.9956 	 2 
33.1117 	 2 
33.1117 	 1 
33.2278 	 0 
33.2394 	 1 
33.2394 	 2 
33.3671 	 2 
33.4716 	 0 
33.4716 	 1 
33.4716 	 2 
33.5877 	 2 
33.5877 	 0 
33.5993 	 1 
33.7038 	 0 
33.7154 	 1 
33.7154 	 2 
33.8315 	 0 
33.8315 	 1 
33.8315 	 2 
33.9476 	 0 
33.9476 	 1 
33.9592 	 2 
34.1914 	 0 
34.1914 	 1 
34.1914 	 2 
34.4236 	 0 
34.4352 	 2 
34.4352 	 1 
34.5513 	 2 
34.5513 	 1 
34.6674 	 1 
34.6674 	 0 
34.6674 	 2 
34.8067 	 2 
34.9112 	 1 
34.9112 	 2 
35.0273 	 2 
35.1550 	 1 
35.1550 	 0 
35.1550 	 2 
35.3872 	 1 
35.3872 	 2 
35.5033 	 1 
35.5149 	 2 
35.6310 	 1 
35.6310 	 0 
35.6310 	 2 
35.7471 	 2 
35.7471 	 1 
35.8632 	 2 
35.8748 	 1 
35.9909 	 2 
36.1070 	 1 
36.1070 	 0 
36.1070 	 2 
36.3508 	 1 
36.3508 	 0 
36.3508 	 2 
36.4785 	 1 
36.4785 	 2 
36.5830 	 1 
36.5830 	 2 
36.5946 	 0 
36.8268 	 0 
36.8385 	 2 
36.8385 	 1 
36.9429 	 1 
36.9546 	 2 
37.0707 	 2 
37.0707 	 0 
37.0707 	 1 
37.3145 	 2 
37.3145 	 1 
37.4306 	 2 
37.4306 	 1 
37.5467 	 2 
37.5467 	 0 
37.5467 	 1 
37.6628 	 0 
37.6744 	 1 
37.6744 	 2 
37.7905 	 1 
37.7905 	 2 
37.9066 	 2 
38.0343 	 0 
38.0343 	 1 
38.0343 	 2 
38.2665 	 0 
38.2781 	 1 
38.2781 	 2 
38.3826 	 1 
38.3942 	 2 
38.5103 	 1 
38.5103 	 0 
38.5103 	 2 
38.6380 	 2 
38.7541 	 1 
38.7541 	 0 
38.7541 	 2 
38.8702 	 2 
38.8818 	 1 
38.9863 	 0 
38.9863 	 1 
38.9979 	 2 
39.1140 	 2 
39.2301 	 1 
39.2301 	 0 
39.2301 	 2 
39.3578 	 1 
39.3578 	 2 
39.4623 	 0 
39.4739 	 1 
39.4739 	 2 
39.5900 	 1 
39.5900 	 2 
39.7061 	 2 
39.7177 	 1 
39.9499 	 0 
39.9499 	 1 
39.9499 	 2 
40.1937 	 1 
40.1937 	 2 
40.3098 	 2 
40.4259 	 2 
40.4259 	 1 
40.4259 	 0 
40.6698 	 2 
40.6814 	 1 
40.7975 	 2 
40.7975 	 1 
40.9136 	 1 
40.9136 	 0 
40.9136 	 2 
41.0413 	 2 
41.1574 	 1 
41.1574 	 2 
41.2735 	 2 
41.2735 	 1 
41.3896 	 2 
41.3896 	 1 
41.3896 	 0 
41.5173 	 1 
41.5173 	 2 
41.6334 	 2 
41.6334 	 1 
41.7495 	 2 
41.8656 	 2 
41.8656 	 0 
41.8772 	 1 
42.1094 	 0 
42.1094 	 1 
42.1094 	 2 
42.2255 	 1 
42.2371 	 2 
42.3532 	 1 
42.3532 	 2 
42.3532 	 0 
42.4693 	 2 
42.5854 	 2 
42.5970 	 1 
42.7131 	 2 
42.7131 	 1 
42.8292 	 1 
42.8292 	 0 
42.8292 	 2 
43.0730 	 1 
43.0730 	 2 
43.1891 	 1 
43.2007 	 2 
43.3052 	 2 
43.3052 	 0 
43.3052 	 1 
43.4329 	 2 
43.4329 	 1 
43.5490 	 2 
43.5490 	 1 
43.7812 	 1 
43.7928 	 2 
43.7928 	 0 
44.0250 	 1 
44.0366 	 2 
44.1527 	 2 
44.1527 	 1 
44.2688 	 2 
44.2688 	 1 
44.2688 	 0 
44.5127 	 1 
44.5127 	 0 
44.5127 	 2 
44.6288 	 1 
44.6404 	 2 
44.7449 	 1 
44.7449 	 0 
44.7565 	 2 
44.8842 	 2 
45.0003 	 1 
45.0003 	 2 
45.1164 	 1 
45.1164 	 2 
45.2325 	 1 
45.2325 	 0 
45.2325 	 2 
45.3486 	 1 
45.3486 	 2 
45.4763 	 1 
45.4763 	 2 
45.7085 	 1 
45.7085 	 2 
45.9523 	 1 
45.9523 	 2 
46.0684 	 1 
46.0800 	 2 
46.1845 	 1 
46.1845 	 2 
46.1845 	 0 
46.4283 	 2 
46.4283 	 1 
46.5560 	 2 
46.6605 	 1 
46.6605 	 0 
46.6721 	 2 
46.7998 	 2 
46.9043 	 1 
46.9043 	 0 
46.9159 	 2 
47.0204 	 1 
47.0320 	 2 
47.1481 	 1 
47.1481 	 0 
47.1481 	 2 
47.2642 	 2 
47.2642 	 1 
47.3919 	 0 
47.3919 	 2 
47.3919 	 1 
47.5080 	 2 
47.6241 	 2 
47.6241 	 0 
47.6357 	 1 
47.7518 	 2 
47.8679 	 0 
47.8679 	 1 
47.8679 	 2 
47.9956 	 2 
48.1117 	 1 
48.1117 	 2 
48.1117 	 0 
48.2395 	 2 
48.3439 	 0 
48.3556 	 2 
48.3556 	 1 
48.4833 	 2 
48.5878 	 2 
48.5878 	 1 
48.5878 	 0 
48.7155 	 1 
48.8316 	 2 
48.8316 	 1 
48.8316 	 0 
48.9593 	 1 
48.9593 	 2 
49.0754 	 2 
49.0754 	 1 
49.0754 	 0 
49.1915 	 0 
49.1915 	 1 
49.1915 	 2 
49.3076 	 1 
49.3076 	 2 
49.3076 	 0 
49.5514 	 1 
49.5514 	 0 
49.5514 	 2 
49.7836 	 2 
49.7952 	 1 
49.7952 	 0 
49.9113 	 1 
49.9113 	 2 
50.0274 	 1 
50.0274 	 2 
50.0274 	 0 
50.1551 	 2 
50.2712 	 2 
50.2712 	 1 
50.3873 	 1 
50.3873 	 2 
50.5150 	 1 
50.5150 	 2 
50.5150 	 0 
50.6311 	 2 
50.7472 	 2 
50.7588 	 1 
50.8749 	 2 
50.8749 	 1 
50.9910 	 2 
50.9910 	 1 
50.9910 	 0 
51.1071 	 2 
51.1071 	 1 
51.2348 	 1 
51.2348 	 2 
51.3625 	 2 
51.4670 	 0 
51.4670 	 1 
51.4670 	 2 
51.7108 	 2 
51.7224 	 1 
51.8269 	 2 
51.8385 	 1 
51.9430 	 0 
51.9430 	 2 
51.9430 	 1 
52.1868 	 1 
52.1868 	 2 
52.1868 	 0 
52.3146 	 1 
52.3146 	 2 
52.4307 	 2 
52.4307 	 0 
52.4307 	 1 
52.6745 	 2 
52.6745 	 1 
52.7906 	 2 
52.7906 	 1 
52.9067 	 2 
52.9067 	 1 
52.9067 	 0 
53.0344 	 1 
53.0344 	 2 
53.1505 	 2 
53.1505 	 1 
53.3827 	 0 
53.3827 	 2 
53.3943 	 1 
53.6265 	 1 
53.6265 	 0 
53.6381 	 2 
53.7542 	 2 
53.7542 	 1 
53.8703 	 0 
53.8703 	 2 
53.8703 	 1 
53.9864 	 2 
54.1141 	 1 
54.1141 	 2 
54.1141 	 0 
54.2302 	 2 
54.3463 	 2 
54.3463 	 1 
54.3463 	 0 
54.5901 	 2 
54.5901 	 1 
54.7178 	 1 
54.7178 	 2 
54.8339 	 2 
54.8339 	 1 
54.8339 	 0 
54.9500 	 2 
54.9500 	 1 
55.0661 	 2 
55.0777 	 1 
55.3099 	 2 
55.3099 	 0 
55.3099 	 1 
55.5537 	 1 
55.5537 	 2 
55.6698 	 1 
55.6698 	 2 
55.7859 	 0 
55.7859 	 2 
55.7859 	 1 
55.9137 	 2 
56.0298 	 1 
56.0298 	 2 
56.1459 	 2 
56.1459 	 1 
56.2736 	 2 
56.2736 	 1 
56.4013 	 2 
56.5058 	 2 
56.5174 	 1 
56.6335 	 2 
56.6335 	 1 
56.7496 	 1 
56.7496 	 2 
56.7496 	 0 
56.8773 	 2 
56.8773 	 1 
56.9934 	 1 
56.9934 	 2 
57.1095 	 2 
57.2256 	 0 
57.2256 	 2 
57.2372 	 1 
57.4694 	 1 
57.4810 	 2 
57.5971 	 1 
57.5971 	 2 
57.7016 	 2 
57.7132 	 1 
57.9454 	 1 
57.9454 	 2 
58.0615 	 1 
58.0731 	 2 
58.1892 	 0 
58.1892 	 2 
58.1892 	 1 
58.4330 	 2 
58.4330 	 1 
58.5491 	 2 
58.5607 	 1 
58.6652 	 0 
58.6652 	 2 
58.6652 	 1 
58.7929 	 2 
58.7929 	 1 
58.9090 	 2 
58.9090 	 0 
58.9090 	 1 
59.1412 	 2 
59.1412 	 1 
59.1412 	 0 
59.3966 	 2 
59.3966 	 1 
59.5011 	 1 
59.5127 	 2 
59.6288 	 2 
59.6288 	 0 
59.6288 	 1 
59.7566 	 2 
59.8727 	 2 
59.8727 	 1 
59.9888 	 2 
60.0004 	 1 
60.1049 	 2 
60.1049 	 0 
60.1165 	 1 
60.3487 	 0 
60.3487 	 2 
60.3487 	 1 
60.4764 	 1 
60.4764 	 2 
60.5925 	 2 
60.5925 	 0 
60.5925 	 1 
60.7086 	 1 
60.7086 	 2 
60.8247 	 2 
60.8247 	 1 
60.8363 	 0 
60.9524 	 2 
61.0685 	 1 
61.0685 	 0 
61.0685 	 2 
61.3123 	 2 
61.3123 	 1 
61.4284 	 2 
61.4284 	 1 
61.5445 	 1 
61.5445 	 0 
61.5445 	 2 
61.7883 	 2 
61.7883 	 0 
61.7999 	 1 
61.9160 	 2 
62.0205 	 0 
62.0321 	 2 
62.0321 	 1 
62.2759 	 2 
62.2759 	 1 
62.3920 	 2 
62.3920 	 1 
62.5081 	 0 
62.5081 	 1 
62.5081 	 2 
62.6358 	 2 
62.6358 	 1 
62.7519 	 2 
62.7519 	 1 
62.8680 	 2 
62.9841 	 0 
62.9957 	 2 
62.9957 	 1 
63.2279 	 0 
63.2395 	 2 
63.2395 	 1 
63.3556 	 1 
63.3556 	 2 
63.4601 	 0 
63.4717 	 1 
63.4717 	 2 
63.7156 	 2 
63.7156 	 0 
63.7156 	 1 
63.8317 	 1 
63.8317 	 2 
63.9478 	 0 
63.9478 	 2 
63.9478 	 1 
64.0755 	 2 
64.1916 	 2 
64.1916 	 1 
64.1916 	 0 
64.3077 	 1 
64.3077 	 2 
64.4238 	 0 
64.4238 	 1 
64.4238 	 2 
64.5515 	 1 
64.5515 	 2 
64.5515 	 0 
64.6676 	 2 
64.6676 	 0 
64.6676 	 1 
64.7837 	 2 
64.9114 	 2 
64.9114 	 0 
64.9114 	 1 
65.1552 	 1 
65.1552 	 2 
65.2713 	 1 
65.2713 	 2 
65.3874 	 1 
65.3874 	 2 
65.5151 	 2 
65.6312 	 2 
65.6312 	 1 
65.7473 	 1 
65.7589 	 2 
65.8634 	 1 
65.8750 	 2 
66.0027 	 2 
66.1188 	 2 
66.1188 	 1 
66.1188 	 0 
66.2349 	 2 
66.2349 	 1 
66.3510 	 1 
66.3510 	 2 
66.3510 	 0 
66.4671 	 1 
66.4671 	 0 
66.4671 	 2 
66.5948 	 1 
66.5948 	 2 
66.8270 	 2 
66.8270 	 1 
66.8270 	 0 
67.0708 	 2 
67.0708 	 1 
67.1869 	 2 
67.1869 	 1 
67.3030 	 0 
67.3030 	 1 
67.3146 	 2 
67.4307 	 2 
67.5468 	 0 
67.5585 	 1 
67.5585 	 2 
67.6746 	 2 
67.6746 	 1 
67.7907 	 0 
67.7907 	 1 
67.7907 	 2 
68.0345 	 2 
68.1506 	 2 
68.1506 	 1 
68.2667 	 2 
68.2667 	 1 
68.2667 	 0 
68.3944 	 1 
68.3944 	 2 
68.5105 	 1 
68.5105 	 2 
68.7427 	 2 
68.7427 	 1 
68.9981 	 2 
68.9981 	 1 
69.1026 	 1 
69.1142 	 2 
69.2303 	 1 
69.2303 	 0 
69.2303 	 2 
69.4625 	 1 
69.4741 	 2 
69.5902 	 2 
69.5902 	 1 
69.7063 	 2 
69.7063 	 0 
69.7063 	 1 
69.9501 	 2 
69.9501 	 1 
70.0662 	 2 
70.0662 	 1 
70.1939 	 0 
70.1939 	 2 
70.1939 	 1 
70.3100 	 1 
70.3100 	 2 
70.4261 	 1 
70.4261 	 0 
70.4261 	 2 
70.5422 	 2 
70.6699 	 1 
70.6699 	 2 
70.9137 	 1 
70.9137 	 2 
71.0298 	 2 
71.0298 	 1 
71.1459 	 2 
71.1459 	 0 
71.1459 	 1 
71.3898 	 2 
71.3898 	 1 
71.3898 	 0 
71.5059 	 1 
71.5175 	 2 
71.6336 	 2 
71.6336 	 1 
71.6336 	 0 
71.7613 	 2 
71.8658 	 2 
71.8774 	 1 
71.9935 	 1 
71.9935 	 2 
72.1096 	 0 
72.1096 	 1 
72.1096 	 2 
72.2257 	 1 
72.2257 	 2 
72.3534 	 0 
72.3534 	 1 
72.3534 	 2 
72.4695 	 2 
72.5856 	 0 
72.5856 	 1 
72.5856 	 2 
72.7133 	 2 
72.8294 	 2 
72.8410 	 1 
72.9455 	 2 
73.0616 	 1 
73.0732 	 0 
73.0732 	 2 
73.2009 	 2 
73.3054 	 1 
73.3054 	 2 
73.4331 	 2 
73.4331 	 1 
73.5492 	 2 
73.5492 	 0 
73.5492 	 1 
73.7930 	 0 
73.7930 	 1 
73.7930 	 2 
73.9091 	 1 
73.9091 	 2 
74.0252 	 2 
74.0252 	 1 
74.0252 	 0 
74.1529 	 1 
74.1529 	 2 
74.2690 	 1 
74.2690 	 0 
74.2690 	 2 
74.5012 	 0 
74.5128 	 2 
74.5128 	 1 
74.7450 	 2 
74.7566 	 1 
74.8611 	 1 
74.8727 	 2 
74.9888 	 1 
74.9888 	 0 
74.9888 	 2 
75.1166 	 2 
75.2210 	 2 
75.2327 	 1 
75.3488 	 1 
75.3488 	 2 
75.4649 	 0 
75.4649 	 1 
75.4765 	 2 
75.7087 	 2 
75.7087 	 1 
75.8248 	 2 
75.8248 	 1 
75.9409 	 1 
75.9525 	 2 
75.9525 	 0 
76.0686 	 1 
76.0686 	 2 
76.1847 	 0 
76.1847 	 2 
76.1847 	 1 
76.4285 	 1 
76.4285 	 2 
76.4285 	 0 
76.6723 	 2 
76.6723 	 1 
76.7884 	 1 
76.7884 	 2 
76.9045 	 1 
76.9045 	 2 
76.9045 	 0 
77.1483 	 0 
77.1483 	 2 
77.1483 	 1 
77.2760 	 1 
77.2760 	 2 
77.3921 	 2 
77.3921 	 1 
77.3921 	 0 
77.6243 	 0 
77.6359 	 1 
77.6359 	 2 
77.7520 	 2 
77.7520 	 1 
77.8681 	 0 
77.8681 	 1 
77.8681 	 2 
77.9842 	 1 
77.9958 	 2 
78.1119 	 2 
78.1119 	 1 
78.3441 	 1 
78.3441 	 2 
78.3441 	 0 
78.5879 	 1 
78.5879 	 0 
78.5995 	 2 
78.7156 	 2 
78.7156 	 1 
78.8317 	 0 
78.8317 	 2 
78.8317 	 1 
79.0756 	 2 
79.0756 	 1 
79.1917 	 2 
79.3078 	 2 
79.3078 	 0 
79.3078 	 1 
79.4471 	 2 
79.5516 	 1 
79.5516 	 2 
79.6793 	 1 
79.6793 	 2 
79.7838 	 1 
79.7954 	 0 
79.7954 	 2 
79.9115 	 1 
79.9115 	 2 
80.0276 	 1 
80.0276 	 2 
80.1437 	 2 
80.2714 	 1 
80.2714 	 2 
80.5152 	 1 
80.5152 	 2 
80.5152 	 0 
80.6313 	 1 
80.6313 	 2 
80.7474 	 1 
80.7474 	 0 
80.7474 	 2 
80.8867 	 2 
80.9912 	 2 
80.9912 	 1 
80.9912 	 0 
81.1189 	 2 
81.1189 	 1 
81.2234 	 2 
81.2234 	 1 
81.2815 	 1 
81.2815 	 2 
81.3627 	 2 
81.4672 	 2 
81.4788 	 0 
81.4788 	 1 
81.5949 	 2 
81.5949 	 1 
81.7110 	 0 
81.7110 	 1 
81.7110 	 2 
81.8271 	 1 
81.8387 	 2 
81.9548 	 1 
81.9548 	 2 
82.1870 	 1 
82.1870 	 0 
82.1986 	 2 
82.4308 	 1 
82.4308 	 2 
82.5469 	 1 
82.5585 	 2 
82.6630 	 1 
82.6746 	 2 
82.6746 	 0 
82.9185 	 1 
82.9185 	 2 
82.9185 	 0 
83.0346 	 2 
83.0346 	 1 
83.1507 	 2 
83.1507 	 0 
83.1507 	 1 
83.2784 	 2 
83.3945 	 0 
83.3945 	 1 
83.3945 	 2 
83.5106 	 1 
83.5106 	 2 
83.6267 	 1 
83.6267 	 2 
83.6267 	 0 
83.7544 	 1 
83.7544 	 2 
83.8705 	 1 
83.8705 	 0 
83.8705 	 2 
83.9982 	 2 
84.1143 	 0 
84.1143 	 1 
84.1143 	 2 
84.3465 	 1 
84.3581 	 2 
84.4626 	 1 
84.4742 	 2 
84.5903 	 0 
84.5903 	 1 
84.5903 	 2 
84.8341 	 2 
84.8341 	 0 
84.8341 	 1 
84.9502 	 2 
84.9502 	 1 
85.0663 	 0 
85.0663 	 1 
85.0663 	 2 
85.3101 	 2 
85.3101 	 1 
85.4262 	 2 
85.4262 	 1 
85.5423 	 0 
85.5539 	 2 
85.5539 	 1 
85.6700 	 1 
85.6700 	 2 
85.7861 	 2 
85.7861 	 1 
86.0299 	 1 
86.0299 	 0 
86.0299 	 2 
86.2621 	 1 
86.2737 	 2 
86.3898 	 1 
86.3898 	 2 
86.5059 	 2 
86.5059 	 1 
86.5059 	 0 
86.6337 	 2 
86.7498 	 0 
86.7498 	 2 
86.7498 	 1 
86.8659 	 1 
86.8775 	 2 
86.9820 	 0 
86.9936 	 2 
86.9936 	 1 
87.1213 	 2 
87.2374 	 2 
87.2374 	 1 
87.3535 	 1 
87.3535 	 2 
87.4696 	 0 
87.4696 	 1 
87.4696 	 2 
87.5857 	 0 
87.5857 	 1 
87.5973 	 2 
87.7134 	 1 
87.7134 	 2 
87.7134 	 0 
87.8295 	 2 
87.9456 	 1 
87.9456 	 0 
87.9456 	 2 
88.0733 	 2 
88.1894 	 2 
88.1894 	 0 
88.1894 	 1 
88.3055 	 1 
88.3171 	 2 
88.4216 	 1 
88.4332 	 0 
88.4332 	 2 
88.5493 	 2 
88.6654 	 2 
88.6654 	 0 
88.6770 	 1 
88.7815 	 1 
88.7931 	 2 
88.9092 	 2 
88.9092 	 1 
88.9092 	 0 
89.1530 	 2 
89.1530 	 1 
89.2691 	 1 
89.2807 	 2 
89.3852 	 1 
89.3852 	 0 
89.3852 	 2 
89.5129 	 1 
89.5129 	 2 
89.6290 	 1 
89.6290 	 0 
89.6290 	 2 
89.8728 	 1 
89.8728 	 2 
89.8728 	 0 
90.1050 	 2 
90.1166 	 1 
90.2211 	 1 
90.2327 	 2 
90.3488 	 0 
90.3488 	 1 
90.3488 	 2 
90.4766 	 2 
90.5927 	 1 
90.5927 	 2 
90.7088 	 2 
90.7088 	 1 
90.8249 	 0 
90.8365 	 2 
90.8365 	 1 
91.0687 	 0 
91.0687 	 2 
91.0803 	 1 
91.1964 	 1 
91.1964 	 2 
91.3125 	 0 
91.3125 	 1 
91.3125 	 2 
91.4286 	 2 
91.4286 	 1 
91.5447 	 2 
91.5447 	 0 
91.5563 	 1 
91.7885 	 0 
91.7885 	 1 
91.7885 	 2 
92.0323 	 2 
92.0323 	 1 
92.1484 	 2 
92.1484 	 1 
92.2645 	 1 
92.2645 	 0 
92.2645 	 2 
92.5083 	 2 
92.5083 	 0 
92.5083 	 1 
92.6244 	 1 
92.6360 	 2 
92.7521 	 0 
92.7521 	 2 
92.7521 	 1 
92.9843 	 1 
92.9959 	 2 
93.1120 	 1 
93.1120 	 2 
93.2281 	 2 
93.2281 	 1 
93.2281 	 0 
93.3442 	 2 
93.3558 	 1 
93.4603 	 0 
93.4719 	 2 
93.4719 	 1 
93.7157 	 0 
93.7157 	 2 
93.7157 	 1 
93.9479 	 0 
93.9479 	 1 
93.9595 	 2 
94.0640 	 2 
94.0640 	 1 
94.1917 	 1 
94.1917 	 2 
94.1917 	 0 
94.4239 	 0 
94.4356 	 2 
94.4356 	 1 
94.5517 	 1 
94.5517 	 2 
94.6678 	 1 
94.6678 	 0 
94.6678 	 2 
94.9116 	 1 
94.9116 	 0 
94.9116 	 2 
95.0393 	 2 
95.0393 	 1 
95.1438 	 0 
95.1554 	 2 
95.1554 	 1 
95.2715 	 2 
95.2715 	 1 
95.3876 	 2 
95.3992 	 1 
95.5153 	 2 
95.5269 	 1 
95.6314 	 1 
95.6314 	 0 
95.6314 	 2 
95.8752 	 1 
95.8752 	 0 
95.8752 	 2 
95.9913 	 2 
95.9913 	 1 
96.1074 	 0 
96.1074 	 1 
96.1074 	 2 
96.2351 	 2 
96.3512 	 2 
96.3512 	 0 
96.3512 	 1 
96.4673 	 1 
96.4789 	 2 
96.5834 	 0 
96.5950 	 2 
96.5950 	 1 
96.8272 	 1 
96.8388 	 2 
96.9549 	 2 
96.9549 	 1 
97.0710 	 1 
97.0710 	 0 
97.0710 	 2 
97.1871 	 1 
97.1987 	 2 
97.3148 	 1 
97.3148 	 0 
97.3148 	 2 
97.5470 	 2 
97.5470 	 0 
97.5470 	 1 
97.7908 	 2 
97.7908 	 1 
97.9069 	 2 
97.9069 	 1 
98.0230 	 0 
98.0230 	 2 
98.0230 	 1 
98.1507 	 2 
98.2668 	 2 
98.2668 	 0 
98.2668 	 1 
98.3946 	 2 
98.3946 	 1 
98.5107 	 2 
98.5107 	 0 
98.5107 	 1 
98.7429 	 0 
98.7545 	 2 
98.7545 	 1 
98.8706 	 2 
98.8706 	 1 
98.9867 	 2 
98.9867 	 0 
98.9867 	 1 
99.1144 	 1 
99.1144 	 2 
99.2305 	 2 
99.2305 	 1 
99.4743 	 0 
99.4743 	 1 
99.4743 	 2 
99.7181 	 1 
99.7181 	 2 
99.8342 	 2 
99.8342 	 1 
99.9503 	 2 
99.9503 	 0 
99.9503 	 1 
100.1941 	 2 
100.1941 	 1 
100.3102 	 1 
100.3102 	 2 
100.4263 	 2 
100.4263 	 0 
100.4263 	 1 
100.6701 	 0 
100.6701 	 1 
100.6701 	 2 
100.7862 	 1 
100.7978 	 2 
100.9023 	 0 
100.9139 	 1 
100.9139 	 2 
101.0300 	 1 
101.0300 	 2 
101.1461 	 2 
101.1461 	 0 
101.1577 	 1 
101.2622 	 2 
101.3899 	 0 
101.3899 	 2 
101.3899 	 1 
101.6337 	 2 
101.6337 	 1 
101.6337 	 0 
101.7498 	 2 
101.7498 	 1 
101.8659 	 2 
101.8659 	 0 
101.8659 	 1 
101.9820 	 2 
102.1098 	 0 
102.1098 	 2 
102.1098 	 1 
102.2375 	 2 
102.2375 	 1 
102.3536 	 2 
102.3536 	 0 
102.3536 	 1 
102.5858 	 0 
102.5974 	 2 
102.5974 	 1 
102.7135 	 1 
102.7135 	 2 
102.8296 	 1 
102.8296 	 2 
102.8296 	 0 
102.9457 	 2 
102.9457 	 0 
102.9573 	 1 
103.0734 	 2 
103.0734 	 1 
103.3056 	 1 
103.3056 	 0 
103.3172 	 2 
103.5494 	 0 
103.5494 	 2 
103.5494 	 1 
103.6655 	 2 
103.6771 	 1 
103.7932 	 1 
103.7932 	 0 
103.7932 	 2 
104.0254 	 0 
104.0370 	 1 
104.0370 	 2 
104.1531 	 1 
104.1531 	 2 
104.2692 	 1 
104.2692 	 2 
104.2692 	 0 
104.5014 	 1 
104.5130 	 2 
104.6291 	 1 
104.6407 	 2 
104.7452 	 0 
104.7452 	 1 
104.7568 	 2 
104.8729 	 1 
104.8729 	 2 
104.9890 	 1 
104.9890 	 2 
105.2328 	 0 
105.2328 	 2 
105.2328 	 1 
105.4883 	 1 
105.4883 	 2 
105.5927 	 1 
105.5927 	 2 
105.7088 	 0 
105.7088 	 1 
105.7088 	 2 
105.8366 	 2 
105.9527 	 1 
105.9527 	 2 
106.0688 	 2 
106.0688 	 1 
106.1849 	 1 
106.1849 	 0 
106.1965 	 2 
106.4403 	 2 
106.4403 	 1 
106.5564 	 2 
106.5564 	 1 
106.6725 	 1 
106.6725 	 2 
106.6725 	 0 
106.7886 	 0 
106.7886 	 2 
106.7886 	 1 
106.9047 	 0 
106.9163 	 2 
106.9163 	 1 
107.1485 	 0 
107.1485 	 2 
107.1485 	 1 
107.3923 	 2 
107.3923 	 0 
107.3923 	 1 
107.5084 	 2 
107.6245 	 0 
107.6245 	 2 
107.6245 	 1 
107.7522 	 2 
107.8683 	 2 
107.8683 	 0 
107.8683 	 1 
107.9844 	 2 
107.9960 	 1 
108.1005 	 0 
108.1121 	 1 
108.1121 	 2 
108.3559 	 1 
108.3559 	 2 
108.3559 	 0 
108.4720 	 1 
108.4720 	 2 
108.5881 	 0 
108.5881 	 2 
108.5881 	 1 
108.7042 	 0 
108.7158 	 2 
108.7158 	 1 
108.8319 	 2 
108.8319 	 0 
108.8319 	 1 
109.0641 	 2 
109.0757 	 1 
109.0757 	 0 
109.3079 	 2 
109.3079 	 1 
109.4240 	 1 
109.4240 	 2 
109.5401 	 1 
109.5517 	 0 
109.5517 	 2 
109.6678 	 2 
109.7956 	 2 
109.7956 	 1 
109.9117 	 1 
109.9117 	 2 
110.0278 	 1 
110.0278 	 0 
110.0278 	 2 
110.2716 	 2 
110.2716 	 1 
110.3877 	 2 
110.5038 	 1 
110.5038 	 2 
110.5154 	 0 
110.6315 	 2 
110.6315 	 1 
110.6315 	 0 
110.7476 	 2 
110.7476 	 0 
110.7592 	 1 
110.9914 	 2 
110.9914 	 0 
110.9914 	 1 
111.2236 	 0 
111.2352 	 1 
111.2352 	 2 
111.3513 	 1 
111.3513 	 2 
111.4674 	 0 
111.4674 	 1 
111.4674 	 2 
111.7112 	 1 
111.7112 	 2 
111.8389 	 1 
111.8389 	 2 
111.9434 	 1 
111.9434 	 2 
111.9550 	 0 
112.0827 	 2 
112.1872 	 1 
112.1988 	 2 
112.3033 	 1 
112.3149 	 2 
112.4310 	 0 
112.4310 	 2 
112.4310 	 1 
112.5471 	 2 
112.5471 	 1 
112.6748 	 2 
112.6748 	 1 
112.7909 	 2 
112.9070 	 2 
112.9070 	 0 
112.9186 	 1 
113.1508 	 2 
113.1508 	 1 
113.2669 	 1 
113.2785 	 2 
113.3830 	 2 
113.3830 	 1 
113.3830 	 0 
113.6268 	 1 
113.6385 	 2 
113.7546 	 1 
113.7546 	 2 
113.8707 	 1 
113.8707 	 0 
113.8707 	 2 
114.1145 	 1 
114.1145 	 2 
114.2306 	 1 
114.2306 	 2 
114.3467 	 1 
114.3467 	 0 
114.3467 	 2 
114.4744 	 2 
114.4744 	 1 
114.5905 	 2 
114.5905 	 1 
114.8227 	 0 
114.8343 	 2 
114.8343 	 1 
115.0665 	 2 
115.0781 	 1 
115.1942 	 2 
115.3103 	 2 
115.3103 	 1 
115.3103 	 0 
115.5425 	 2 
115.5425 	 1 
115.6702 	 2 
115.7863 	 1 
115.7863 	 0 
115.7863 	 2 
115.9256 	 2 
116.0301 	 2 
116.0301 	 0 
116.0301 	 1 
116.1578 	 2 
116.2623 	 1 
116.2739 	 2 
116.3900 	 1 
116.3900 	 2 
116.5061 	 2 
116.5061 	 0 
116.5177 	 1 
116.7499 	 1 
116.7499 	 2 
116.7499 	 0 
116.9821 	 1 
116.9937 	 2 
116.9937 	 0 
117.1098 	 1 
117.1098 	 2 
117.2259 	 1 
117.2259 	 2 
117.2259 	 0 
117.3537 	 2 
117.4698 	 0 
117.4698 	 2 
117.4698 	 1 
117.7020 	 0 
117.7136 	 1 
117.7136 	 2 
117.8413 	 1 
117.9574 	 2 
117.9574 	 1 
118.0735 	 1 
118.0735 	 2 
118.1896 	 0 
118.1896 	 1 
118.1896 	 2 
118.3057 	 0 
118.3173 	 1 
118.3173 	 2 
118.4218 	 2 
118.4218 	 0 
118.4334 	 1 
118.5495 	 2 
118.5611 	 1 
118.6656 	 2 
118.6656 	 0 
118.6772 	 1 
118.7933 	 2 
118.9094 	 0 
118.9094 	 2 
118.9094 	 1 
119.0255 	 2 
119.0371 	 1 
119.1532 	 0 
119.1532 	 2 
119.1532 	 1 
119.2809 	 2 
119.3970 	 2 
119.3970 	 1 
119.3970 	 0 
119.5131 	 2 
119.6292 	 1 
119.6292 	 2 
119.6292 	 0 
119.8730 	 1 
119.8730 	 2 
119.8730 	 0 
119.9891 	 1 
119.9891 	 2 
120.1052 	 1 
120.1052 	 0 
120.1052 	 2 
120.2329 	 1 
120.2329 	 2 
120.3490 	 2 
120.3490 	 1 
120.3490 	 0 
120.5928 	 1 
120.5928 	 0 
120.5928 	 2 
120.8250 	 1 
120.8250 	 0 
120.8366 	 2 
120.9411 	 1 
120.9527 	 2 
121.0688 	 2 
121.0688 	 1 
121.0688 	 0 
121.3127 	 2 
121.3127 	 0 
121.3127 	 1 
121.4288 	 2 
121.4288 	 1 
121.5449 	 0 
121.5449 	 1 
121.5565 	 2 
121.7887 	 0 
121.7887 	 2 
121.7887 	 1 
121.9048 	 2 
122.0209 	 2 
122.0209 	 1 
122.0325 	 0 
122.1486 	 2 
122.1486 	 1 
122.2647 	 2 
122.2647 	 1 
122.3924 	 2 
122.5085 	 1 
122.5085 	 0 
122.5085 	 2 
122.7523 	 1 
122.7523 	 2 
122.8684 	 2 
122.9845 	 1 
122.9845 	 2 
122.9845 	 0 
123.1122 	 2 
123.2283 	 0 
123.2283 	 1 
123.2283 	 2 
123.3444 	 1 
123.3560 	 2 
123.4721 	 1 
123.4721 	 0 
123.4721 	 2 
123.7159 	 2 
123.7159 	 1 
123.8320 	 1 
123.8320 	 2 
123.9481 	 0 
123.9481 	 1 
123.9481 	 2 
124.0642 	 2 
124.0758 	 1 
124.1919 	 1 
124.1919 	 2 
124.3080 	 2 
124.4241 	 0 
124.4241 	 2 
124.4357 	 1 
124.6679 	 2 
124.6679 	 0 
124.6795 	 1 
124.7956 	 2 
124.7956 	 1 
124.9001 	 2 
124.9117 	 1 
125.0278 	 2 
125.1556 	 2 
125.1556 	 1 
125.2717 	 1 
125.2717 	 2 
125.3878 	 0 
125.3878 	 2 
125.3878 	 1 
125.5155 	 2 
125.6316 	 2 
125.6432 	 1 
125.7477 	 1 
125.7477 	 2 
125.8638 	 1 
125.8638 	 2 
125.8638 	 0 
125.9915 	 2 
125.9915 	 1 
126.1076 	 1 
126.1076 	 2 
126.3514 	 0 
126.3514 	 1 
126.3514 	 2 
126.5952 	 1 
126.5952 	 2 
126.6997 	 1 
126.7113 	 2 
126.8158 	 1 
126.8274 	 2 
126.9551 	 2 
127.0712 	 1 
127.0712 	 2 
127.1873 	 2 
127.3034 	 0 
127.3150 	 1 
127.3150 	 2 
127.5588 	 2 
127.5588 	 1 
127.6749 	 1 
127.6749 	 2 
127.7910 	 2 
127.7910 	 0 
127.7910 	 1 
127.9071 	 2 
127.9071 	 1 
128.0232 	 0 
128.0348 	 2 
128.0348 	 1 
128.2670 	 0 
128.2670 	 1 
128.2670 	 2 
128.5108 	 2 
128.5224 	 1 
128.6269 	 2 
128.6269 	 1 
128.7430 	 0 
128.7430 	 1 
128.7430 	 2 
128.9868 	 0 
128.9868 	 1 
128.9985 	 2 
129.1146 	 2 
129.2307 	 1 
129.2307 	 0 
129.2307 	 2 
129.4629 	 2 
129.4745 	 1 
129.5790 	 1 
129.5906 	 2 
129.7067 	 1 
129.7067 	 0 
129.7067 	 2 
129.8228 	 2 
129.8344 	 1 
129.9505 	 2 
129.9505 	 1 
130.0666 	 2 
130.1827 	 1 
130.1827 	 0 
130.1943 	 2 
130.4265 	 1 
130.4265 	 2 
130.5426 	 1 
130.5542 	 2 
130.6703 	 1 
130.6703 	 0 
130.6703 	 2 
130.9141 	 0 
130.9141 	 1 
130.9141 	 2 
131.0302 	 2 
131.0302 	 1 
131.1463 	 2 
131.1463 	 1 
131.1463 	 0 
131.3901 	 2 
131.4017 	 1 
131.5062 	 2 
131.5062 	 1 
131.6223 	 2 
131.6223 	 1 
131.6223 	 0 
131.7500 	 2 
131.7500 	 1 
131.8661 	 0 
131.8661 	 1 
131.8777 	 2 
131.9938 	 2 
132.1099 	 1 
132.1099 	 0 
132.1099 	 2 
132.3421 	 2 
132.3537 	 1 
132.4698 	 1 
132.4698 	 2 
132.5859 	 1 
132.5859 	 2 
132.5859 	 0 
132.8298 	 1 
132.8298 	 2 
132.8298 	 0 
132.9459 	 1 
132.9459 	 2 
133.0620 	 0 
133.0620 	 1 
133.0736 	 2 
133.3174 	 2 
133.3174 	 0 
133.3174 	 1 
133.4219 	 1 
133.4335 	 2 
133.5496 	 1 
133.5496 	 2 
133.5496 	 0 
133.6657 	 1 
133.6773 	 2 
133.7934 	 1 
133.7934 	 2 
133.7934 	 0 
133.9211 	 2 
134.0256 	 1 
134.0256 	 0 
134.0256 	 2 
134.2694 	 0 
134.2694 	 2 
134.2694 	 1 
134.3855 	 2 
134.3855 	 1 
134.5016 	 1 
134.5132 	 2 
134.5132 	 0 
134.6409 	 2 
134.7454 	 1 
134.7570 	 2 
134.8731 	 1 
134.8731 	 2 
134.9892 	 0 
134.9892 	 2 
134.9892 	 1 
135.1169 	 2 
135.2330 	 2 
135.2330 	 0 
135.2330 	 1 
135.3491 	 2 
135.3491 	 1 
135.4652 	 2 
135.4652 	 0 
135.4652 	 1 
135.5929 	 1 
135.5929 	 2 
135.7090 	 1 
135.7090 	 2 
135.9528 	 2 
135.9528 	 0 
135.9528 	 1 
136.1850 	 1 
136.1966 	 2 
136.3127 	 2 
136.3127 	 1 
136.4288 	 1 
136.4288 	 0 
136.4288 	 2 
136.6727 	 0 
136.6727 	 2 
136.6727 	 1 
136.7888 	 2 
136.7888 	 1 
136.9049 	 0 
136.9165 	 2 
136.9165 	 1 
137.1603 	 2 
137.1603 	 1 
137.1603 	 0 
137.2764 	 1 
137.2764 	 2 
137.3925 	 1 
137.3925 	 2 
137.3925 	 0 
137.5086 	 2 
137.5086 	 1 
137.6247 	 2 
137.6247 	 0 
137.6247 	 1 
137.8685 	 1 
137.8685 	 2 
137.8685 	 0 
138.1123 	 1 
138.1239 	 2 
138.2284 	 1 
138.2284 	 2 
138.3445 	 0 
138.3445 	 1 
138.3445 	 2 
138.4722 	 2 
138.5883 	 1 
138.5999 	 2 
138.7044 	 1 
138.7160 	 2 
138.8321 	 2 
138.8321 	 0 
138.8321 	 1 
139.0759 	 1 
139.0759 	 2 
139.1920 	 1 
139.1920 	 2 
139.3081 	 2 
139.3081 	 1 
139.3313 	 1 
139.4242 	 2 
139.4242 	 0 
139.4358 	 1 
139.5519 	 1 
139.5519 	 2 
139.5519 	 0 
139.7841 	 1 
139.7841 	 0 
139.7957 	 2 
139.9118 	 2 
140.0279 	 2 
140.0395 	 1 
140.1556 	 1 
140.1556 	 2 
140.2717 	 2 
140.2717 	 0 
140.2717 	 1 
140.5156 	 1 
140.5156 	 0 
140.5156 	 2 
140.6317 	 1 
140.6317 	 2 
140.7478 	 1 
140.7478 	 2 
140.7478 	 0 
140.8755 	 2 
140.9916 	 2 
140.9916 	 1 
141.1077 	 1 
141.1193 	 2 
141.2238 	 0 
141.2354 	 2 
141.2354 	 1 
141.3515 	 1 
141.3515 	 2 
141.4676 	 2 
141.4792 	 1 
141.5953 	 2 
141.7114 	 1 
141.7114 	 2 
141.9552 	 0 
141.9552 	 1 
141.9552 	 2 
142.0713 	 2 
142.0713 	 1 
142.1874 	 2 
142.1874 	 1 
142.3151 	 2 
142.4312 	 2 
142.4312 	 1 
142.5473 	 1 
142.5589 	 2 
142.6634 	 0 
142.6750 	 2 
142.6750 	 1 
142.9188 	 1 
142.9188 	 2 
143.0349 	 1 
143.0349 	 2 
143.1510 	 2 
143.1510 	 1 
143.1510 	 0 
143.2671 	 2 
143.2671 	 1 
143.3948 	 2 
143.3948 	 1 
143.6270 	 2 
143.6270 	 0 
143.6270 	 1 
143.8708 	 2 
143.8824 	 1 
143.9869 	 2 
143.9869 	 1 
144.1030 	 1 
144.1030 	 2 
144.1030 	 0 
144.2307 	 2 
144.3468 	 1 
144.3468 	 2 
144.4746 	 2 
144.4746 	 1 
144.5907 	 2 
144.5907 	 0 
144.5907 	 1 
144.8345 	 2 
144.8345 	 1 
144.9506 	 1 
144.9506 	 2 
145.0667 	 2 
145.0667 	 1 
145.0667 	 0 
145.1828 	 1 
145.1944 	 2 
145.3105 	 1 
145.3105 	 2 
145.5427 	 1 
145.5427 	 0 
145.5427 	 2 
145.7865 	 1 
145.7981 	 2 
145.9142 	 1 
145.9142 	 2 
146.0303 	 1 
146.0303 	 0 
146.0303 	 2 
146.2741 	 2 
146.2741 	 1 
146.2741 	 0 
146.3902 	 2 
146.3902 	 1 
146.5063 	 2 
146.5063 	 1 
146.5063 	 0 
146.7501 	 2 
146.7501 	 1 
146.8662 	 1 
146.8778 	 2 
146.9823 	 0 
146.9939 	 2 
146.9939 	 1 
147.1100 	 1 
147.1100 	 2 
147.2377 	 2 
147.2377 	 1 
147.3538 	 2 
147.4699 	 1 
147.4815 	 2 
147.7137 	 2 
147.7137 	 1 
147.8298 	 2 
147.8298 	 1 
147.9459 	 2 
147.9459 	 0 
147.9459 	 1 
148.0620 	 2 
148.1898 	 1 
148.1898 	 2 
148.3059 	 1 
148.3175 	 2 
148.4220 	 0 
148.4336 	 2 
148.4336 	 1 
148.6658 	 1 
148.6774 	 2 
148.7935 	 1 
148.7935 	 2 
148.9096 	 1 
148.9096 	 0 
148.9096 	 2 
149.0257 	 1 
149.0257 	 2 
149.0257 	 0 
149.1534 	 1 
149.1534 	 2 
149.3856 	 1 
149.3856 	 2 
149.3856 	 0 
149.5133 	 2 
149.6294 	 1 
149.6294 	 2 
149.6294 	 0 
149.7571 	 2 
149.7571 	 1 
149.8732 	 1 
149.8732 	 2 
149.8732 	 0 
149.9893 	 2 
150.1054 	 1 
150.1170 	 0 
150.1170 	 2 
150.2215 	 1 
150.2331 	 2 
150.3492 	 2 
150.3492 	 1 
150.3492 	 0 
150.4769 	 2 
150.5930 	 1 
150.5930 	 2 
150.7091 	 2 
150.7091 	 1 
150.8252 	 2 
150.8252 	 1 
150.9413 	 1 
150.9413 	 2 
151.0690 	 2 
151.0690 	 1 
151.1967 	 2 
151.3012 	 0 
151.3012 	 1 
151.3128 	 2 
151.5450 	 1 
151.5450 	 2 
151.6611 	 1 
151.6727 	 2 
151.7888 	 2 
151.7888 	 0 
151.7888 	 1 
152.0210 	 1 
152.0327 	 2 
152.0327 	 0 
152.1488 	 1 
152.1488 	 2 
152.2649 	 0 
152.2649 	 2 
152.2649 	 1 
152.3926 	 2 
152.5087 	 1 
152.5087 	 2 
152.6364 	 1 
152.6364 	 2 
152.7525 	 0 
152.7525 	 2 
152.7525 	 1 
152.8686 	 1 
152.8686 	 2 
152.9847 	 0 
152.9847 	 2 
152.9963 	 1 
153.2285 	 1 
153.2285 	 0 
153.2285 	 2 
153.4723 	 1 
153.4723 	 2 
153.5884 	 1 
153.5884 	 2 
153.7045 	 1 
153.7045 	 0 
153.7161 	 2 
153.8322 	 2 
153.9483 	 2 
153.9483 	 0 
153.9599 	 1 
154.0760 	 1 
154.0760 	 2 
154.1921 	 2 
154.1921 	 0 
154.1921 	 1 
154.3198 	 2 
154.4359 	 1 
154.4359 	 2 
154.5520 	 1 
154.5520 	 2 
154.6681 	 0 
154.6681 	 2 
154.6681 	 1 
154.7958 	 2 
154.7958 	 1 
154.9119 	 2 
154.9119 	 1 
155.0280 	 2 
155.1557 	 2 
155.1557 	 1 
155.1557 	 0 
155.3879 	 1 
155.3879 	 2 
155.3879 	 0 
155.5040 	 1 
155.5156 	 2 
155.6317 	 0 
155.6317 	 1 
155.6317 	 2 
155.7595 	 2 
155.8756 	 2 
155.8756 	 0 
155.8756 	 1 
155.9917 	 1 
155.9917 	 2 
156.1078 	 1 
156.1078 	 0 
156.1078 	 2 
156.2355 	 2 
156.3516 	 1 
156.3516 	 2 
156.4677 	 2 
156.4793 	 1 
156.5954 	 2 
156.5954 	 1 
156.7115 	 2 
156.7115 	 1 
156.8276 	 2 
156.8276 	 1 
157.0714 	 2 
157.0714 	 0 
157.0714 	 1 
157.3036 	 1 
157.3036 	 2 
157.4313 	 1 
157.4313 	 2 
157.5474 	 1 
157.5474 	 0 
157.5474 	 2 
157.6751 	 2 
157.7912 	 2 
157.7912 	 1 
157.9073 	 1 
157.9189 	 2 
158.0234 	 2 
158.0234 	 1 
158.1511 	 2 
158.2672 	 2 
158.2672 	 1 
158.3949 	 2 
158.3949 	 1 
158.5110 	 0 
158.5110 	 1 
158.5110 	 2 
158.6271 	 2 
158.6387 	 1 
158.7548 	 2 
158.7548 	 1 
158.8709 	 2 
158.9870 	 0 
158.9870 	 2 
158.9870 	 1 
159.2308 	 2 
159.2308 	 1 
159.3469 	 1 
159.3469 	 2 
159.4630 	 0 
159.4746 	 1 
159.4746 	 2 
159.7068 	 2 
159.7068 	 0 
159.7185 	 1 
159.8346 	 2 
159.8346 	 1 
159.9507 	 0 
159.9507 	 1 
159.9507 	 2 
160.0784 	 2 
160.1945 	 2 
160.1945 	 1 
160.3106 	 2 
160.3106 	 1 
160.4267 	 2 
160.4267 	 1 
160.4267 	 0 
160.5544 	 1 
160.5544 	 2 
160.6705 	 1 
160.6705 	 0 
160.6705 	 2 
160.9143 	 2 
160.9143 	 1 
160.9143 	 0 
161.1465 	 2 
161.1581 	 1 
161.2626 	 1 
161.2742 	 2 
161.3903 	 0 
161.3903 	 1 
161.3903 	 2 
161.6341 	 1 
161.6341 	 0 
161.6341 	 2 
161.7502 	 1 
161.7502 	 2 
161.8663 	 2 
161.8663 	 1 
161.8663 	 0 
162.1101 	 1 
162.1101 	 2 
162.2262 	 1 
162.2262 	 2 
162.3539 	 1 
162.3539 	 0 
162.3539 	 2 
162.4700 	 0 
162.4700 	 1 
162.4700 	 2 
162.5861 	 1 
162.5861 	 0 
162.5861 	 2 
162.8299 	 1 
162.8299 	 0 
162.8299 	 2 
163.0621 	 0 
163.0737 	 1 
163.0737 	 2 
163.1898 	 2 
163.1898 	 1 
163.3059 	 1 
163.3059 	 2 
163.3059 	 0 
163.4337 	 2 
163.5498 	 1 
163.5498 	 2 
163.5498 	 0 
163.6775 	 1 
163.6775 	 2 
163.7820 	 1 
163.7936 	 2 
163.7936 	 0 
164.0258 	 0 
164.0374 	 1 
164.0374 	 2 
164.1535 	 1 
164.1535 	 2 
164.2696 	 0 
164.2696 	 1 
164.2696 	 2 
164.3973 	 1 
164.3973 	 2 
164.5134 	 1 
164.5134 	 0 
164.5134 	 2 
164.6295 	 2 
164.7456 	 1 
164.7456 	 2 
164.7456 	 0 
164.9894 	 1 
164.9894 	 2 
165.1055 	 2 
165.1055 	 1 
165.2216 	 1 
165.2332 	 2 
165.2332 	 0 
165.4654 	 2 
165.4654 	 1 
165.4770 	 0 
165.5815 	 1 
165.5931 	 2 
165.7092 	 0 
165.7092 	 2 
165.7092 	 1 
165.9530 	 2 
165.9530 	 1 
166.0691 	 1 
166.0691 	 2 
166.1852 	 1 
166.1852 	 0 
166.1852 	 2 
166.3129 	 1 
166.3129 	 2 
166.4290 	 0 
166.4290 	 1 
166.4290 	 2 
166.5451 	 2 
166.6612 	 1 
166.6728 	 0 
166.6728 	 2 
166.8005 	 2 
166.9050 	 0 
166.9050 	 1 
166.9050 	 2 
167.0211 	 1 
167.0327 	 2 
167.1488 	 2 
167.1488 	 1 
167.1488 	 0 
167.3927 	 2 
167.3927 	 0 
167.3927 	 1 
167.5088 	 2 
167.5088 	 1 
167.6249 	 1 
167.6249 	 0 
167.6249 	 2 
167.8687 	 2 
167.8687 	 1 
167.8687 	 0 
167.9848 	 1 
167.9964 	 2 
168.1125 	 0 
168.1125 	 1 
168.1125 	 2 
168.2286 	 0 
168.2286 	 2 
168.2402 	 1 
168.3447 	 0 
168.3563 	 2 
168.3563 	 1 
168.4724 	 2 
168.5885 	 1 
168.5885 	 0 
168.5885 	 2 
168.7162 	 2 
168.8323 	 2 
168.8323 	 1 
168.9484 	 1 
168.9484 	 2 
169.0645 	 0 
169.0761 	 2 
169.0761 	 1 
169.3083 	 2 
169.3083 	 0 
169.3083 	 1 
169.7843 	 2 
169.7959 	 1 
170.0281 	 1 
170.0281 	 2 
170.2719 	 1 
170.2719 	 2 
170.7479 	 1 
170.7479 	 2 
171.4678 	 1 
171.4678 	 2 
172.1876 	 2 
172.4198 	 1 
172.4198 	 2 
172.4314 	 0 
172.6636 	 2 
172.6752 	 1 
172.6752 	 0 
172.7913 	 2 
172.7913 	 1 
172.9074 	 2 
172.9074 	 1 
172.9074 	 0 
173.1512 	 2 
173.1512 	 0 
173.1512 	 1 
173.2673 	 1 
173.2789 	 2 
173.3834 	 1 
173.3834 	 0 
173.3950 	 2 
173.6388 	 2 
173.6388 	 1 
173.7433 	 1 
173.7549 	 2 
173.8710 	 2 
173.8710 	 0 
173.8710 	 1 
173.9871 	 2 
173.9987 	 1 
174.1148 	 2 
174.1148 	 1 
174.2309 	 2 
174.3470 	 2 
174.3470 	 0 
174.3470 	 1 
174.5908 	 2 
174.5908 	 1 
174.7069 	 1 
174.7185 	 2 
174.8230 	 2 
174.8230 	 1 
174.8346 	 0 
175.0668 	 0 
175.0785 	 2 
175.0785 	 1 
175.1946 	 2 
175.1946 	 1 
175.3107 	 0 
175.3107 	 2 
175.3107 	 1 
175.5545 	 1 
175.5545 	 2 
175.6706 	 2 
175.6706 	 1 
175.7867 	 2 
175.7867 	 1 
175.7867 	 0 
175.9144 	 1 
175.9144 	 2 
176.0305 	 1 
176.0305 	 0 
176.0305 	 2 
176.2743 	 2 
176.2743 	 0 
176.2743 	 1 
176.5181 	 2 
176.5181 	 1 
176.6342 	 1 
176.6342 	 2 
176.7503 	 0 
176.7503 	 2 
176.7503 	 1 
176.8780 	 2 
176.9941 	 1 
176.9941 	 2 
177.1102 	 1 
177.1102 	 2 
177.2263 	 2 
177.2263 	 1 
177.2263 	 0 
177.4701 	 1 
177.4701 	 2 
177.5862 	 2 
177.5862 	 1 
177.7023 	 0 
177.7139 	 1 
177.7139 	 2 
177.8300 	 1 
177.8300 	 2 
177.9461 	 2 
177.9577 	 1 
177.9577 	 0 
178.0622 	 2 
178.1899 	 1 
178.1899 	 0 
178.1899 	 2 
178.4337 	 0 
178.4337 	 1 
178.4337 	 2 
178.5498 	 1 
178.5498 	 2 
178.6659 	 1 
178.6659 	 0 
178.6659 	 2 
178.7937 	 2 
178.9098 	 1 
178.9098 	 2 
179.0259 	 1 
179.0259 	 2 
179.1420 	 0 
179.1536 	 2 
179.1536 	 1 
179.3858 	 0 
179.3974 	 1 
179.3974 	 2 
179.5019 	 1 
179.5135 	 2 
179.6296 	 0 
179.6296 	 1 
179.6296 	 2 
179.7457 	 2 
179.7573 	 1 
179.8734 	 0 
179.8734 	 2 
179.8734 	 1 
179.9895 	 2 
180.1056 	 0 
180.1172 	 2 
180.1172 	 1 
180.3494 	 2 
180.3494 	 1 
180.4655 	 1 
180.4771 	 2 
180.5932 	 0 
180.5932 	 1 
180.5932 	 2 
180.8254 	 0 
180.8370 	 2 
180.8370 	 1 
180.9531 	 1 
180.9531 	 2 
181.0692 	 0 
181.0692 	 2 
181.0692 	 1 
181.3130 	 1 
181.3130 	 2 
181.4291 	 1 
181.4291 	 2 
181.5452 	 2 
181.5452 	 0 
181.5568 	 1 
181.6729 	 2 
181.6729 	 1 
181.7890 	 2 
181.8006 	 1 
182.0328 	 2 
182.0328 	 0 
182.0328 	 1 
182.2650 	 2 
182.2766 	 1 
182.3927 	 1 
182.3927 	 2 
182.5088 	 2 
182.5088 	 1 
182.5088 	 0 
182.7527 	 2 
182.7527 	 1 
182.8688 	 1 
182.8688 	 2 
182.9849 	 0 
182.9849 	 2 
182.9965 	 1 
183.1242 	 2 
183.2287 	 1 
183.2287 	 2 
183.3564 	 1 
183.3564 	 2 
183.4725 	 0 
183.4725 	 1 
183.4725 	 2 
183.5886 	 2 
183.5886 	 1 
183.7047 	 0 
183.7163 	 1 
183.7163 	 2 
183.9485 	 1 
183.9485 	 0 
183.9485 	 2 
184.1923 	 2 
184.1923 	 1 
184.3084 	 1 
184.3200 	 2 
184.4245 	 0 
184.4245 	 2 
184.4361 	 1 
184.5522 	 2 
184.6683 	 2 
184.6799 	 1 
184.7960 	 2 
184.7960 	 1 
184.9121 	 0 
184.9121 	 1 
184.9121 	 2 
185.1559 	 1 
185.1559 	 2 
185.2604 	 2 
185.2720 	 1 
185.3881 	 1 
185.3881 	 0 
185.3881 	 2 
185.5042 	 1 
185.5158 	 2 
185.6319 	 2 
185.6319 	 1 
185.7596 	 2 
185.8641 	 1 
185.8641 	 2 
186.1195 	 2 
186.1195 	 1 
186.2240 	 1 
186.2356 	 2 
186.3517 	 2 
186.3517 	 0 
186.3517 	 1 
186.5839 	 2 
186.5956 	 1 
186.7117 	 2 
186.7117 	 1 
186.8278 	 2 
186.8278 	 0 
186.8278 	 1 
186.9555 	 2 
187.0716 	 2 
187.0716 	 0 
187.0716 	 1 
187.1877 	 1 
187.1993 	 2 
187.3038 	 1 
187.3038 	 2 
187.3154 	 0 
187.4315 	 1 
187.4315 	 2 
187.5476 	 2 
187.5476 	 1 
187.7914 	 2 
187.7914 	 1 
187.7914 	 0 
188.0352 	 1 
188.0352 	 2 
188.1513 	 2 
188.1513 	 1 
188.2674 	 0 
188.2674 	 1 
188.2674 	 2 
188.5112 	 2 
188.5112 	 1 
188.6273 	 1 
188.6389 	 2 
188.7434 	 0 
188.7434 	 1 
188.7550 	 2 
188.9872 	 0 
188.9872 	 1 
188.9872 	 2 
189.1033 	 1 
189.1149 	 2 
189.2310 	 0 
189.2310 	 1 
189.2310 	 2 
189.3471 	 1 
189.3587 	 2 
189.4748 	 1 
189.4748 	 2 
189.5909 	 2 
189.7070 	 0 
189.7070 	 2 
189.7070 	 1 
189.8347 	 2 
189.9508 	 0 
189.9508 	 2 
189.9508 	 1 
190.0669 	 1 
190.0785 	 2 
190.1830 	 1 
190.1946 	 2 
190.1946 	 0 
190.4268 	 0 
190.4268 	 2 
190.4268 	 1 
190.5429 	 1 
190.5546 	 2 
190.6707 	 2 
190.6707 	 1 
190.6707 	 0 
190.9029 	 0 
190.9145 	 1 
190.9145 	 2 
191.0306 	 1 
191.0306 	 0 
191.0306 	 2 
191.1467 	 2 
191.1467 	 0 
191.1467 	 1 
191.2628 	 0 
191.2744 	 1 
191.2744 	 2 
191.3905 	 1 
191.3905 	 2 
191.3905 	 0 
191.6227 	 0 
191.6343 	 2 
191.6343 	 1 
191.8665 	 2 
191.8665 	 0 
191.8781 	 1 
191.9826 	 1 
191.9942 	 2 
192.0987 	 1 
192.1103 	 0 
192.1103 	 2 
192.3425 	 0 
192.3425 	 1 
192.3541 	 2 
192.4702 	 2 
192.4702 	 1 
192.5863 	 2 
192.5863 	 1 
192.5863 	 0 
192.8301 	 2 
192.8301 	 0 
192.8301 	 1 
192.9462 	 1 
192.9578 	 2 
193.0739 	 1 
193.0739 	 2 
193.0739 	 0 
193.1900 	 1 
193.1900 	 2 
193.3061 	 2 
193.3177 	 1 
193.5499 	 1 
193.5499 	 0 
193.5499 	 2 
193.7821 	 1 
193.7821 	 0 
193.7821 	 2 
193.9098 	 2 
193.9098 	 1 
194.0259 	 1 
194.0259 	 0 
194.0259 	 2 
194.2698 	 1 
194.2698 	 2 
194.2698 	 0 
194.3975 	 1 
194.3975 	 2 
194.5020 	 0 
194.5136 	 2 
194.5136 	 1 
194.6413 	 2 
194.7458 	 1 
194.7458 	 0 
194.7574 	 2 
194.8735 	 2 
194.8735 	 1 
194.9896 	 0 
194.9896 	 1 
194.9896 	 2 
195.1057 	 1 
195.1057 	 2 
195.2334 	 0 
195.2334 	 2 
195.2334 	 1 
195.3495 	 2 
195.4656 	 2 
195.4656 	 0 
195.4772 	 1 
195.5933 	 1 
195.6049 	 2 
195.7094 	 1 
195.7094 	 2 
195.8255 	 1 
195.8255 	 2 
195.9416 	 2 
195.9532 	 1 
195.9532 	 0 
196.1970 	 0 
196.1970 	 1 
196.1970 	 2 
196.3131 	 1 
196.3131 	 2 
196.4292 	 0 
196.4292 	 1 
196.4292 	 2 
196.5569 	 2 
196.6614 	 0 
196.6730 	 1 
196.6730 	 2 
196.7891 	 2 
196.7891 	 1 
196.9052 	 2 
196.9052 	 0 
196.9052 	 1 
197.0329 	 2 
197.0329 	 1 
197.1374 	 2 
197.1490 	 1 
197.3812 	 1 
197.3928 	 2 
197.6250 	 0 
197.6250 	 1 
197.6250 	 2 
197.7527 	 1 
197.7527 	 2 
197.8688 	 1 
197.8688 	 0 
197.8688 	 2 
198.1127 	 0 
198.1127 	 1 
198.1127 	 2 
198.2288 	 2 
198.2288 	 1 
198.3449 	 0 
198.3565 	 2 
198.3565 	 1 
198.5887 	 0 
198.5887 	 2 
198.5887 	 1 
198.7164 	 1 
198.7164 	 2 
198.8325 	 1 
198.8325 	 0 
198.8325 	 2 
198.9486 	 0 
198.9486 	 2 
198.9486 	 1 
199.0763 	 1 
199.0763 	 0 
199.0763 	 2 
199.3085 	 2 
199.3085 	 1 
199.3085 	 0 
199.5523 	 2 
199.5523 	 1 
199.5523 	 0 
199.6684 	 1 
199.6684 	 2 
199.7845 	 1 
199.7845 	 0 
199.7845 	 2 
199.9122 	 2 
200.0283 	 2 
200.0283 	 1 
200.1444 	 1 
200.1560 	 2 
200.2605 	 0 
200.2721 	 2 
200.2721 	 1 
200.5043 	 1 
200.5159 	 2 
200.6320 	 1 
200.6320 	 2 
200.7481 	 2 
200.7481 	 1 
200.7481 	 0 
200.8642 	 1 
200.8758 	 2 
200.9919 	 1 
200.9919 	 0 
200.9919 	 2 
201.2241 	 0 
201.2241 	 1 
201.2357 	 2 
201.4679 	 1 
201.4679 	 2 
201.5840 	 1 
201.5956 	 2 
201.7117 	 0 
201.7117 	 2 
201.7117 	 1 
201.8278 	 2 
201.9439 	 1 
201.9556 	 2 
202.0717 	 2 
202.1878 	 2 
202.1878 	 0 
202.1878 	 1 
202.3155 	 2 
202.4316 	 2 
202.4316 	 0 
202.4316 	 1 
202.5477 	 1 
202.5477 	 2 
202.6638 	 0 
202.6638 	 2 
202.6754 	 1 
202.7915 	 1 
202.7915 	 2 
202.9076 	 2 
202.9076 	 0 
202.9192 	 1 
203.0353 	 2 
203.1398 	 0 
203.1514 	 1 
203.1514 	 2 
203.3952 	 1 
203.3952 	 2 
203.5229 	 2 
203.5229 	 1 
203.6390 	 2 
203.6390 	 1 
203.7667 	 2 
203.8712 	 2 
203.8712 	 1 
203.9989 	 2 
203.9989 	 1 
204.1150 	 0 
204.1150 	 1 
204.1150 	 2 
204.3588 	 1 
204.3588 	 2 
204.4749 	 1 
204.4749 	 2 
204.5910 	 2 
204.5910 	 0 
204.5910 	 1 
204.7187 	 1 
204.7187 	 2 
204.8348 	 2 
204.8348 	 1 
204.9509 	 2 
205.0670 	 0 
205.0670 	 2 
205.0786 	 1 
205.1831 	 2 
205.3108 	 2 
205.3224 	 1 
205.4269 	 2 
205.4385 	 1 
205.5430 	 0 
205.5430 	 2 
205.5546 	 1 
205.7868 	 0 
205.7985 	 2 
205.7985 	 1 
205.9146 	 2 
205.9146 	 1 
206.0307 	 2 
206.0307 	 1 
206.0307 	 0 
206.2745 	 2 
206.2745 	 1 
206.3906 	 1 
206.3906 	 2 
206.5067 	 1 
206.5067 	 0 
206.5067 	 2 
206.6344 	 1 
206.6344 	 2 
206.7505 	 1 
206.7505 	 2 
206.9827 	 2 
206.9827 	 0 
206.9827 	 1 
207.2265 	 1 
207.2381 	 2 
207.3542 	 1 
207.3542 	 2 
207.4703 	 1 
207.4703 	 2 
207.4703 	 0 
207.7025 	 1 
207.7025 	 0 
207.7141 	 2 
207.8302 	 1 
207.8302 	 2 
207.9463 	 1 
207.9463 	 0 
207.9463 	 2 
208.0856 	 2 
208.1901 	 1 
208.1901 	 2 
208.3062 	 2 
208.3178 	 1 
208.4339 	 2 
208.4339 	 0 
208.4339 	 1 
208.5500 	 2 
208.5500 	 1 
208.6661 	 2 
208.6777 	 1 
208.9099 	 0 
208.9099 	 1 
208.9099 	 2 
208.9912 	 2 
209.1537 	 1 
209.1537 	 2 
209.2698 	 1 
209.2698 	 2 
209.3859 	 1 
209.3859 	 2 
209.3859 	 0 
209.6298 	 1 
209.6414 	 2 
209.7459 	 1 
209.7575 	 2 
209.8736 	 1 
209.8736 	 2 
209.8736 	 0 
210.1174 	 1 
210.1174 	 2 
210.2335 	 1 
210.2335 	 2 
210.3496 	 1 
210.3496 	 0 
210.3496 	 2 
210.4657 	 1 
210.4773 	 2 
210.5934 	 1 
210.5934 	 2 
210.7095 	 2 
210.8372 	 1 
210.8372 	 2 
210.9533 	 2 
211.0694 	 1 
211.0810 	 2 
211.1855 	 1 
211.1971 	 2 
211.3132 	 2 
211.3132 	 1 
211.4293 	 2 
211.5570 	 1 
211.5570 	 2 
211.6731 	 2 
211.6731 	 1 
211.7892 	 1 
211.7892 	 0 
211.7892 	 2 
212.0446 	 1 
212.0446 	 2 
212.1491 	 1 
212.1491 	 2 
212.2652 	 1 
212.2652 	 0 
212.2652 	 2 
212.3929 	 1 
212.3929 	 2 
212.5090 	 1 
212.5090 	 0 
212.5090 	 2 
212.7412 	 0 
212.7412 	 1 
212.7412 	 2 
212.9966 	 1 
212.9966 	 2 
213.1127 	 2 
213.1127 	 1 
213.2288 	 2 
213.2288 	 1 
213.2288 	 0 
213.4610 	 0 
213.4727 	 2 
213.4727 	 1 
213.5888 	 1 
213.5888 	 2 
213.7049 	 2 
213.7049 	 0 
213.7049 	 1 
213.9487 	 1 
213.9487 	 2 
214.0648 	 1 
214.0764 	 2 
214.1925 	 2 
214.1925 	 1 
214.1925 	 0 
214.3086 	 1 
214.3086 	 2 
214.4247 	 2 
214.4363 	 1 
214.5524 	 2 
214.6685 	 2 
214.6685 	 1 
214.6685 	 0 
214.9123 	 1 
214.9123 	 2 
215.0284 	 1 
215.0284 	 2 
215.1445 	 1 
215.1445 	 0 
215.1445 	 2 
215.2722 	 2 
215.3883 	 2 
215.3883 	 0 
215.3883 	 1 
215.5044 	 2 
215.5160 	 1 
215.6321 	 1 
215.6321 	 2 
215.8759 	 2 
215.8759 	 1 
215.9920 	 2 
215.9920 	 1 
216.1081 	 2 
216.1081 	 1 
216.1081 	 0 
216.2242 	 1 
216.2358 	 2 
216.3519 	 2 
216.3519 	 1 
216.4680 	 2 
216.5841 	 2 
216.5841 	 0 
216.5957 	 1 
216.7118 	 2 
216.8279 	 0 
216.8395 	 2 
216.8395 	 1 
216.9440 	 1 
216.9556 	 2 
217.0717 	 2 
217.0717 	 0 
217.0717 	 1 
217.3039 	 1 
217.3156 	 2 
217.3156 	 0 
217.4317 	 2 
217.4317 	 1 
217.5478 	 0 
217.5478 	 2 
217.5478 	 1 
217.7916 	 1 
217.7916 	 2 
217.9077 	 1 
217.9193 	 2 
218.0238 	 0 
218.0354 	 1 
218.0354 	 2 
218.1515 	 1 
218.1515 	 2 
218.2676 	 1 
218.2676 	 0 
218.2676 	 2 
218.3837 	 2 
218.5114 	 1 
218.5114 	 0 
218.5114 	 2 
218.6391 	 2 
218.7552 	 1 
218.7552 	 2 
218.8713 	 1 
218.8713 	 2 
218.9874 	 2 
218.9874 	 1 
219.1151 	 2 
219.2312 	 1 
219.2428 	 2 
219.3589 	 2 
219.3589 	 1 
219.4750 	 1 
219.4750 	 2 
219.7188 	 1 
219.7188 	 2 
219.8349 	 1 
219.8349 	 2 
219.9510 	 1 
219.9510 	 2 
219.9510 	 0 
220.0671 	 1 
220.0671 	 2 
220.1948 	 1 
220.1948 	 2 
220.3109 	 2 
220.4270 	 0 
220.4270 	 1 
220.4270 	 2 
220.5663 	 2 
220.6708 	 2 
220.6708 	 1 
220.7869 	 2 
220.9030 	 2 
220.9030 	 1 
220.9146 	 0 
221.1468 	 2 
221.1468 	 1 
221.2746 	 1 
221.2746 	 2 
221.3907 	 1 
221.3907 	 2 
221.3907 	 0 
221.5184 	 2 
221.6345 	 1 
221.6345 	 2 
221.6345 	 0 
221.7506 	 1 
221.7506 	 2 
221.8667 	 0 
221.8667 	 1 
221.8667 	 2 
221.9944 	 2 
221.9944 	 1 
222.1105 	 2 
222.1105 	 1 
222.1105 	 0 
222.3543 	 2 
222.3543 	 1 
222.3543 	 0 
222.5981 	 2 
222.5981 	 1 
222.7142 	 1 
222.7142 	 2 
222.8303 	 2 
222.8303 	 1 
222.8303 	 0 
222.9580 	 2 
223.0625 	 1 
223.0741 	 2 
223.1902 	 1 
223.1902 	 2 
223.3063 	 2 
223.3063 	 0 
223.3063 	 1 
223.5501 	 0 
223.5501 	 2 
223.5617 	 1 
223.6662 	 2 
223.6778 	 1 
223.7939 	 1 
223.7939 	 2 
223.7939 	 0 
223.9100 	 1 
223.9100 	 2 
224.0261 	 0 
224.0377 	 1 
224.0377 	 2 
224.2699 	 1 
224.2699 	 2 
224.2699 	 0 
224.3976 	 2 
224.5137 	 0 
224.5137 	 1 
224.5137 	 2 
224.6298 	 1 
224.6298 	 2 
224.7459 	 1 
224.7459 	 2 
224.7459 	 0 
224.9898 	 2 
224.9898 	 1 
225.1059 	 2 
225.1175 	 1 
225.2336 	 2 
225.2336 	 0 
225.2336 	 1 
225.3613 	 2 
225.4774 	 2 
225.4774 	 1 
225.5935 	 1 
225.5935 	 2 
225.7096 	 0 
225.7096 	 2 
225.7096 	 1 
225.8257 	 2 
225.8373 	 1 
225.9534 	 2 
225.9534 	 1 
226.0695 	 2 
226.1856 	 1 
226.1856 	 2 
226.4294 	 1 
226.4294 	 2 
226.5455 	 2 
226.5455 	 1 
226.6616 	 1 
226.6616 	 2 
226.7893 	 2 
226.9054 	 1 
226.9054 	 2 
227.0331 	 2 
227.0331 	 1 
227.1492 	 2 
227.1492 	 1 
227.1492 	 0 
227.2769 	 2 
227.3930 	 2 
227.3930 	 1 
227.5091 	 2 
227.5091 	 1 
227.6252 	 0 
227.6252 	 2 
227.6252 	 1 
227.7529 	 1 
227.7529 	 2 
227.8690 	 1 
227.8690 	 0 
227.8690 	 2 
228.1012 	 0 
228.1128 	 2 
228.1128 	 1 
228.3450 	 1 
228.3450 	 2 
228.4611 	 1 
228.4727 	 2 
228.5888 	 0 
228.5888 	 2 
228.5888 	 1 
228.7166 	 2 
228.8327 	 2 
228.8327 	 1 
228.9488 	 2 
229.0649 	 0 
229.0765 	 1 
229.0765 	 2 
229.3087 	 1 
229.3087 	 2 
229.4248 	 2 
229.4248 	 1 
229.5525 	 2 
229.5525 	 0 
229.5525 	 1 
229.6686 	 2 
229.6686 	 1 
229.7847 	 0 
229.7963 	 1 
229.7963 	 2 
230.0285 	 1 
230.0285 	 2 
230.0285 	 0 
230.2723 	 2 
230.2723 	 1 
230.3884 	 2 
230.3884 	 1 
230.5045 	 2 
230.5045 	 0 
230.5045 	 1 
230.7483 	 2 
230.7483 	 1 
230.8644 	 1 
230.8760 	 2 
230.9921 	 0 
230.9921 	 1 
230.9921 	 2 
231.1198 	 2 
231.2359 	 2 
231.2359 	 1 
231.3520 	 2 
231.3520 	 1 
231.4681 	 0 
231.4681 	 1 
231.4681 	 2 
231.5958 	 1 
231.5958 	 2 
231.7119 	 2 
231.7119 	 1 
231.9441 	 1 
231.9557 	 2 
232.1879 	 2 
232.1879 	 1 
232.2112 	 2 
232.3156 	 2 
232.3156 	 1 
232.4201 	 1 
232.4317 	 0 
232.4317 	 2 
232.6639 	 1 
232.6756 	 0 
232.6756 	 2 
232.7917 	 1 
232.7917 	 2 
232.9078 	 2 
232.9078 	 1 
232.9078 	 0 
233.1516 	 1 
233.1516 	 2 
233.2677 	 1 
233.2793 	 2 
233.3838 	 1 
233.3954 	 0 
233.3954 	 2 
233.5115 	 1 
233.5115 	 2 
233.6276 	 1 
233.6276 	 0 
233.6276 	 2 
233.7437 	 2 
233.8598 	 1 
233.8714 	 0 
233.8714 	 2 
234.1036 	 2 
234.1152 	 1 
234.1152 	 0 
234.2313 	 2 
234.2313 	 1 
234.3474 	 2 
234.3474 	 1 
234.3474 	 0 
234.5912 	 2 
234.6028 	 1 
234.7073 	 2 
234.8350 	 2 
234.8350 	 1 
235.0672 	 1 
235.0788 	 2 
235.1949 	 2 
235.1949 	 1 
235.3110 	 1 
235.3110 	 0 
235.3110 	 2 
235.4271 	 2 
235.4271 	 1 
235.5548 	 1 
235.5548 	 2 
235.7870 	 0 
235.7870 	 2 
235.7870 	 1 
236.0308 	 1 
236.0308 	 0 
236.0424 	 2 
236.1469 	 1 
236.1585 	 2 
236.2630 	 1 
236.2746 	 2 
236.2746 	 0 
236.4024 	 2 
236.5185 	 1 
236.5185 	 2 
236.6346 	 2 
236.7507 	 0 
236.7507 	 2 
236.7507 	 1 
236.9945 	 1 
236.9945 	 2 
236.9945 	 0 
237.1106 	 1 
237.1106 	 2 
237.2267 	 2 
237.2267 	 1 
237.2267 	 0 
237.3544 	 1 
237.3544 	 2 
237.4705 	 2 
237.4705 	 1 
237.5866 	 2 
237.7027 	 2 
237.7027 	 1 
237.7143 	 0 
237.9465 	 2 
237.9465 	 1 
238.0742 	 2 
238.1903 	 2 
238.1903 	 0 
238.1903 	 1 
238.4341 	 2 
238.4341 	 1 
238.5502 	 2 
238.6663 	 0 
238.6663 	 2 
238.6663 	 1 
238.9101 	 1 
238.9101 	 2 
239.0378 	 2 
239.1423 	 1 
239.1539 	 0 
239.1539 	 2 
239.2700 	 0 
239.2700 	 2 
239.2700 	 1 
239.3861 	 0 
239.3977 	 1 
239.3977 	 2 
239.5138 	 2 
239.6299 	 0 
239.6299 	 2 
239.6299 	 1 
239.8737 	 2 
239.8737 	 0 
239.8737 	 1 
239.9898 	 2 
239.9898 	 1 
240.1059 	 0 
240.1059 	 2 
240.1059 	 1 
240.2453 	 2 
240.3498 	 2 
240.3498 	 1 
240.3498 	 0 
240.4775 	 2 
240.5936 	 2 
240.5936 	 1 
240.5936 	 0 
240.8374 	 1 
240.8374 	 0 
240.8374 	 2 
240.9535 	 2 
241.0696 	 0 
241.0696 	 1 
241.0696 	 2 
241.1857 	 0 
241.1973 	 2 
241.1973 	 1 
241.3018 	 0 
241.3134 	 1 
241.3134 	 2 
241.4295 	 2 
241.5456 	 0 
241.5456 	 2 
241.5572 	 1 
241.7894 	 2 
241.8010 	 0 
241.8010 	 1 
241.9171 	 2 
242.0332 	 1 
242.0332 	 0 
242.0332 	 2 
242.2654 	 2 
242.2770 	 1 
