0.0697 	 0 
0.3135 	 2 
0.3135 	 1 
0.7663 	 2 
0.8011 	 0 
0.8824 	 2 
1.0101 	 2 
1.2655 	 1 
1.4861 	 2 
1.4861 	 0 
1.6370 	 2 
1.7067 	 2 
1.7647 	 2 
1.9273 	 0 
2.1827 	 2 
2.1827 	 0 
3.6107 	 1 
3.7268 	 1 
4.2028 	 2 
4.3305 	 2 
4.5395 	 2 
4.6324 	 1 
4.7020 	 2 
4.8762 	 2 
5.0387 	 1 
5.2361 	 2 
5.7237 	 0 
5.9559 	 2 
5.9675 	 0 
6.1068 	 2 
6.6641 	 1 
6.9312 	 2 
7.1401 	 2 
7.3259 	 2 
7.3956 	 1 
7.4420 	 2 
7.7439 	 2 
8.3244 	 2 
8.3360 	 0 
8.5682 	 2 
8.7888 	 1 
9.0442 	 2 
9.0558 	 1 
9.5202 	 0 
9.7292 	 2 
9.8685 	 1 
10.0078 	 1 
11.1804 	 1 
11.4242 	 1 
11.6100 	 0 
11.6564 	 0 
12.1324 	 0 
12.2485 	 1 
12.3066 	 2 
12.6084 	 1 
12.8174 	 2 
12.8174 	 0 
12.9916 	 1 
13.0844 	 1 
13.2470 	 1 
13.3166 	 0 
13.5372 	 2 
13.5953 	 1 
14.7447 	 1 
15.2323 	 1 
15.4413 	 1 
15.6851 	 2 
15.6851 	 1 
15.9057 	 2 
15.9173 	 0 
15.9985 	 1 
16.0682 	 2 
16.1495 	 2 
16.4049 	 2 
16.4049 	 1 
16.8461 	 0 
16.8693 	 2 
17.0899 	 2 
17.3337 	 2 
17.3337 	 1 
17.5659 	 2 
17.7865 	 0 
18.2741 	 2 
18.2857 	 1 
18.4947 	 2 
18.7385 	 0 
18.7385 	 2 
18.9707 	 2 
19.2145 	 1 
19.2261 	 2 
20.0040 	 0 
20.1549 	 1 
20.3755 	 2 
20.6193 	 0 
20.6309 	 2 
21.0953 	 2 
21.0953 	 1 
21.3159 	 2 
21.5365 	 2 
21.5713 	 0 
21.8151 	 2 
22.0357 	 1 
22.0590 	 2 
22.2563 	 2 
22.5117 	 2 
22.5117 	 0 
22.7439 	 0 
22.7556 	 2 
22.9761 	 2 
22.9994 	 1 
23.2083 	 0 
23.2200 	 2 
23.4405 	 0 
23.4405 	 2 
23.6611 	 2 
23.9398 	 1 
24.1604 	 2 
24.4158 	 2 
24.4158 	 0 
24.6480 	 2 
24.8918 	 2 
24.8918 	 1 
25.3446 	 2 
25.3678 	 0 
25.6000 	 2 
25.8206 	 2 
26.2966 	 0 
26.3082 	 2 
26.5404 	 0 
26.5404 	 2 
26.7610 	 2 
26.7726 	 1 
26.7842 	 2 
26.9932 	 2 
27.2486 	 0 
27.4808 	 2 
27.7130 	 1 
27.7246 	 2 
27.9336 	 2 
28.1658 	 0 
28.1774 	 2 
28.4328 	 2 
28.6418 	 2 
28.6650 	 1 
29.1178 	 0 
29.6171 	 1 
29.6403 	 2 
29.8260 	 1 
29.8260 	 2 
30.0698 	 0 
30.3020 	 2 
30.3020 	 1 
30.5226 	 2 
30.5459 	 1 
30.7664 	 0 
30.9870 	 2 
31.1147 	 2 
31.4979 	 2 
31.4979 	 1 
31.7533 	 1 
31.9390 	 2 
31.9623 	 2 
31.9623 	 0 
32.1945 	 2 
32.4151 	 2 
32.4383 	 1 
32.4731 	 2 
32.6589 	 1 
32.6589 	 2 
32.9027 	 0 
32.9027 	 2 
33.1581 	 2 
33.3903 	 1 
33.3903 	 2 
33.6225 	 2 
33.8547 	 0 
33.8663 	 2 
34.0985 	 2 
34.3307 	 1 
34.5513 	 2 
34.7719 	 2 
34.7951 	 0 
34.8532 	 2 
35.0505 	 2 
35.2363 	 1 
35.2827 	 1 
35.5149 	 2 
35.6891 	 2 
35.7471 	 0 
35.8748 	 2 
36.2231 	 1 
36.6643 	 0 
36.9197 	 2 
37.1519 	 1 
37.3841 	 2 
37.6047 	 0 
37.6279 	 2 
37.8834 	 2 
38.1156 	 1 
38.2433 	 1 
38.3361 	 2 
38.3478 	 0 
38.5800 	 2 
38.5916 	 0 
38.8354 	 2 
39.0560 	 1 
39.0676 	 2 
39.2766 	 2 
39.4507 	 2 
39.5204 	 0 
39.5320 	 2 
39.7177 	 2 
39.9732 	 2 
40.0196 	 1 
40.2402 	 2 
40.4608 	 2 
40.4724 	 0 
40.7278 	 2 
40.9368 	 2 
40.9484 	 1 
41.1690 	 2 
41.4128 	 0 
41.8888 	 1 
42.1210 	 2 
42.3532 	 2 
42.3532 	 0 
42.6086 	 2 
42.8176 	 2 
42.8292 	 1 
42.8524 	 2 
43.0730 	 2 
43.2704 	 2 
43.2820 	 0 
43.3052 	 2 
43.3284 	 2 
43.5490 	 2 
43.7348 	 2 
43.7696 	 1 
43.7928 	 2 
44.0134 	 2 
44.2340 	 0 
44.2340 	 2 
44.4894 	 2 
44.7216 	 2 
44.7216 	 1 
44.9538 	 2 
45.1744 	 2 
45.4182 	 2 
45.6620 	 2 
45.6737 	 1 
45.9059 	 0 
46.1148 	 2 
46.4515 	 1 
46.5212 	 2 
46.5676 	 1 
46.6257 	 1 
46.6257 	 2 
46.7766 	 1 
46.7766 	 2 
46.8463 	 2 
47.0901 	 2 
47.0901 	 0 
47.3455 	 2 
47.3455 	 1 
47.4384 	 2 
47.5080 	 2 
47.5661 	 1 
47.5777 	 2 
47.7634 	 1 
47.7751 	 2 
48.0305 	 2 
48.0305 	 0 
48.2743 	 2 
48.5065 	 1 
48.5065 	 2 
48.7387 	 2 
48.9709 	 0 
48.9825 	 2 
49.2379 	 2 
49.4469 	 2 
49.4585 	 1 
49.6791 	 2 
49.8997 	 2 
49.9113 	 0 
49.9461 	 2 
50.1551 	 2 
50.4105 	 2 
50.6079 	 2 
50.6195 	 1 
50.8169 	 2 
50.8517 	 0 
50.9214 	 2 
51.3393 	 1 
51.3625 	 2 
51.5599 	 2 
51.7921 	 2 
51.7921 	 0 
51.8269 	 2 
52.0475 	 2 
52.2681 	 2 
52.5003 	 2 
52.5235 	 1 
52.7325 	 2 
52.7325 	 0 
52.7673 	 2 
52.9995 	 2 
52.9995 	 0 
53.2317 	 1 
53.2434 	 2 
53.4059 	 1 
53.4639 	 2 
53.4639 	 0 
53.7078 	 0 
53.9632 	 2 
54.1838 	 1 
54.3811 	 2 
54.6366 	 0 
54.6598 	 2 
54.7759 	 2 
54.8804 	 2 
55.1126 	 2 
55.1242 	 1 
55.1474 	 2 
55.3564 	 2 
55.5770 	 2 
55.5770 	 0 
55.8440 	 2 
56.0065 	 1 
56.0065 	 2 
56.1226 	 1 
56.5406 	 0 
56.7496 	 2 
56.7844 	 1 
56.9934 	 2 
57.0166 	 1 
57.2256 	 2 
57.4462 	 2 
57.4694 	 0 
57.7132 	 2 
57.9338 	 2 
57.9454 	 1 
58.1892 	 2 
58.4098 	 0 
58.4098 	 2 
58.6652 	 2 
58.8742 	 2 
58.8858 	 1 
59.1180 	 2 
59.3502 	 0 
59.3502 	 2 
59.6056 	 2 
59.8262 	 2 
59.8378 	 1 
60.0700 	 2 
60.2790 	 0 
60.2906 	 2 
60.5576 	 1 
60.7782 	 2 
60.7898 	 1 
61.0104 	 0 
61.2542 	 2 
61.2542 	 0 
61.2891 	 1 
61.3936 	 2 
61.7302 	 1 
61.7302 	 2 
61.9508 	 2 
62.1946 	 0 
62.3804 	 2 
62.6707 	 2 
62.6823 	 1 
62.8912 	 2 
63.1467 	 0 
63.1467 	 2 
63.3789 	 2 
64.0755 	 2 
64.0871 	 0 
64.3077 	 2 
64.5399 	 2 
64.5515 	 1 
64.6095 	 2 
65.0043 	 2 
65.0159 	 0 
65.2713 	 2 
65.5151 	 1 
65.5267 	 2 
65.7125 	 2 
65.9679 	 2 
65.9795 	 0 
66.1653 	 2 
66.4091 	 2 
66.4439 	 1 
66.4671 	 2 
66.6761 	 2 
66.8967 	 2 
66.9083 	 0 
67.1637 	 2 
67.3843 	 1 
67.3843 	 2 
67.6165 	 2 
67.8603 	 2 
67.8603 	 0 
68.1157 	 0 
68.1157 	 2 
68.3247 	 2 
68.3595 	 1 
68.3595 	 2 
68.5685 	 2 
68.5801 	 0 
68.8007 	 2 
68.8123 	 0 
68.8472 	 1 
69.2883 	 1 
69.2883 	 2 
69.6947 	 0 
69.7644 	 2 
69.7644 	 0 
70.2404 	 1 
70.2520 	 2 
70.4610 	 2 
70.6932 	 2 
70.9370 	 2 
71.1692 	 1 
71.1808 	 2 
71.3898 	 2 
71.6220 	 2 
71.6336 	 0 
71.8774 	 0 
71.8890 	 2 
72.1212 	 1 
72.1328 	 2 
72.3534 	 0 
72.3998 	 1 
72.5740 	 2 
72.5972 	 1 
72.8178 	 2 
72.8294 	 0 
73.0732 	 1 
73.0732 	 2 
73.1777 	 1 
73.2822 	 2 
73.2938 	 0 
73.3170 	 1 
73.3983 	 2 
73.4563 	 1 
73.5144 	 2 
73.5840 	 1 
73.6421 	 2 
73.7582 	 2 
73.7698 	 0 
73.9672 	 2 
74.0020 	 1 
74.0136 	 2 
74.2226 	 2 
74.2226 	 1 
74.2458 	 0 
74.4664 	 2 
74.6986 	 2 
74.6986 	 0 
74.9540 	 1 
74.9540 	 2 
75.1630 	 2 
75.2907 	 1 
75.4068 	 2 
75.4184 	 1 
75.6506 	 2 
75.6622 	 0 
75.8596 	 2 
75.8712 	 1 
75.9176 	 2 
75.9525 	 1 
76.1382 	 1 
76.2427 	 1 
76.4053 	 1 
76.4169 	 2 
76.4401 	 1 
76.6026 	 2 
76.8116 	 2 
76.8580 	 1 
76.8697 	 2 
77.0786 	 2 
77.2992 	 0 
77.3108 	 2 
77.5430 	 2 
77.5430 	 0 
77.7636 	 2 
77.7868 	 2 
77.7868 	 1 
78.0190 	 2 
78.2280 	 2 
78.2512 	 0 
78.4834 	 2 
78.7505 	 2 
78.9711 	 2 
79.1684 	 2 
79.3890 	 2 
79.6328 	 2 
79.6793 	 1 
79.7838 	 1 
79.8999 	 1 
79.9811 	 2 
79.9927 	 1 
80.0508 	 1 
80.1088 	 1 
80.1321 	 0 
80.2366 	 2 
80.3527 	 2 
80.3527 	 1 
80.6081 	 1 
80.6197 	 2 
80.8403 	 2 
80.8751 	 1 
81.0144 	 1 
81.0841 	 0 
81.0957 	 2 
81.3163 	 2 
81.5485 	 2 
81.5833 	 1 
81.7923 	 2 
82.0129 	 2 
82.0245 	 0 
82.2799 	 2 
82.5121 	 1 
82.5353 	 2 
82.7095 	 2 
82.7327 	 1 
82.9185 	 1 
82.9881 	 2 
82.9997 	 0 
83.1274 	 1 
83.2203 	 0 
83.2319 	 2 
83.4409 	 2 
83.4525 	 1 
83.4873 	 1 
83.5802 	 1 
83.7312 	 2 
83.9053 	 2 
83.9053 	 1 
83.9285 	 0 
83.9285 	 2 
84.1723 	 2 
84.3929 	 2 
84.4045 	 1 
84.4626 	 1 
84.6251 	 2 
84.8457 	 0 
84.8573 	 2 
85.1127 	 0 
85.1127 	 2 
85.3333 	 2 
85.3449 	 1 
85.5655 	 2 
85.8093 	 2 
85.8093 	 0 
86.0532 	 2 
86.2737 	 2 
86.2854 	 1 
86.5176 	 2 
86.7614 	 0 
86.7614 	 2 
87.0052 	 0 
87.0052 	 2 
87.2025 	 2 
87.2954 	 2 
87.4463 	 0 
87.4580 	 2 
87.6902 	 2 
87.7134 	 0 
87.9572 	 2 
88.1894 	 2 
88.4100 	 2 
88.6422 	 0 
88.6422 	 2 
88.8976 	 2 
88.8976 	 0 
89.0834 	 2 
89.1182 	 1 
89.5594 	 2 
89.5826 	 0 
89.6174 	 2 
89.8032 	 0 
89.8032 	 2 
90.0586 	 1 
90.0702 	 2 
90.2560 	 2 
90.3024 	 2 
90.5346 	 0 
90.5346 	 2 
90.6507 	 2 
90.7784 	 2 
90.7900 	 0 
90.9990 	 2 
91.0222 	 1 
91.2893 	 2 
91.4402 	 1 
91.4518 	 2 
91.4866 	 0 
91.4866 	 2 
91.7304 	 2 
91.8698 	 2 
91.8698 	 1 
91.9626 	 1 
91.9742 	 2 
92.0323 	 2 
92.1368 	 2 
92.1832 	 2 
92.1948 	 1 
92.3922 	 1 
92.4270 	 0 
92.4270 	 2 
92.6708 	 2 
92.6824 	 0 
92.9030 	 1 
92.9146 	 2 
93.1236 	 2 
93.3558 	 2 
93.3674 	 0 
93.4023 	 2 
93.6229 	 0 
93.6229 	 2 
93.8434 	 2 
93.8667 	 1 
94.0524 	 1 
94.2846 	 1 
94.3311 	 2 
94.3311 	 0 
94.7722 	 2 
95.0277 	 1 
95.0277 	 2 
95.0741 	 1 
95.1902 	 2 
95.2250 	 1 
95.2599 	 0 
95.3876 	 1 
95.5037 	 2 
95.5966 	 1 
95.7010 	 1 
95.7475 	 2 
95.7475 	 1 
95.9565 	 2 
95.9797 	 1 
96.2119 	 0 
96.2119 	 2 
96.4557 	 2 
96.4789 	 0 
96.6647 	 2 
96.7111 	 2 
96.9201 	 2 
97.1523 	 2 
97.1523 	 0 
97.3961 	 2 
97.6399 	 2 
97.8489 	 1 
97.8605 	 2 
98.0927 	 0 
98.1159 	 2 
98.3365 	 2 
98.3365 	 0 
98.4410 	 1 
98.5803 	 1 
98.5919 	 2 
98.7080 	 2 
98.7893 	 2 
98.8473 	 2 
99.0215 	 2 
99.0447 	 2 
99.3001 	 2 
99.5323 	 1 
99.5439 	 2 
99.9735 	 0 
99.9851 	 2 
100.2173 	 2 
100.2289 	 0 
100.4495 	 2 
100.4495 	 1 
100.6933 	 2 
100.9371 	 0 
100.9720 	 2 
101.1693 	 2 
101.4015 	 2 
101.4015 	 1 
101.6221 	 2 
101.8776 	 2 
101.8892 	 0 
102.1214 	 0 
102.1214 	 2 
102.2491 	 2 
102.3652 	 1 
102.3768 	 2 
102.5858 	 2 
102.5974 	 0 
102.7947 	 2 
102.7947 	 1 
102.8412 	 0 
103.0385 	 2 
103.3056 	 2 
103.3172 	 1 
103.5262 	 2 
103.7816 	 2 
104.0138 	 2 
104.0254 	 0 
104.2460 	 2 
104.2460 	 1 
104.4782 	 2 
104.7104 	 0 
104.7220 	 2 
104.9542 	 2 
105.1980 	 2 
105.1980 	 1 
105.3954 	 2 
105.6508 	 2 
105.6624 	 0 
105.8714 	 2 
106.0455 	 1 
106.0688 	 2 
106.1268 	 2 
106.1616 	 1 
106.1849 	 2 
106.3822 	 0 
106.6028 	 2 
106.6028 	 0 
106.8350 	 2 
107.0672 	 1 
107.0788 	 2 
107.2994 	 2 
107.5316 	 1 
107.7406 	 2 
107.9844 	 2 
108.4604 	 2 
108.4952 	 0 
108.9248 	 2 
109.2731 	 2 
109.2731 	 1 
109.3544 	 1 
109.6911 	 0 
109.9000 	 1 
109.9000 	 2 
109.9465 	 1 
110.1439 	 2 
110.3644 	 0 
110.3761 	 2 
110.5966 	 2 
110.8637 	 2 
110.8753 	 1 
111.0843 	 2 
111.1075 	 1 
111.3281 	 2 
111.5603 	 2 
111.8041 	 2 
111.8157 	 1 
112.0363 	 2 
112.2569 	 2 
112.2685 	 0 
112.5123 	 2 
112.7445 	 1 
112.7445 	 2 
112.9651 	 2 
113.2089 	 2 
113.2205 	 0 
113.4643 	 0 
113.4643 	 2 
113.6617 	 2 
113.6965 	 1 
113.7197 	 2 
113.9287 	 2 
114.1377 	 2 
114.1609 	 0 
114.2538 	 2 
114.4047 	 2 
114.6369 	 2 
114.6369 	 1 
114.8575 	 2 
114.8807 	 1 
115.1013 	 2 
115.1129 	 0 
115.3567 	 2 
115.5657 	 2 
115.5889 	 1 
115.6005 	 2 
115.8095 	 2 
116.0301 	 2 
116.0533 	 0 
116.1114 	 2 
116.2971 	 2 
116.5293 	 1 
116.5293 	 2 
116.7499 	 2 
116.9937 	 2 
117.0054 	 0 
117.2259 	 1 
117.4465 	 2 
117.4814 	 1 
117.6671 	 2 
117.6787 	 0 
117.9109 	 2 
117.9225 	 0 
117.9690 	 1 
118.0386 	 1 
118.0851 	 2 
118.2360 	 2 
118.2592 	 0 
118.2941 	 1 
118.4218 	 1 
118.4218 	 2 
118.5727 	 1 
118.6191 	 2 
118.8862 	 0 
118.8862 	 2 
119.0255 	 2 
119.1416 	 2 
119.2112 	 2 
119.2693 	 2 
119.3273 	 2 
119.3854 	 1 
119.3854 	 2 
119.5944 	 2 
119.6640 	 2 
119.8382 	 2 
119.8382 	 0 
119.9427 	 2 
120.0820 	 2 
120.2910 	 2 
120.3142 	 1 
120.3142 	 2 
120.5232 	 2 
120.7786 	 2 
120.7786 	 0 
121.0340 	 2 
121.2430 	 2 
121.2546 	 1 
121.4984 	 2 
121.7306 	 0 
121.7306 	 2 
121.9860 	 2 
122.2066 	 1 
122.2066 	 2 
122.4156 	 2 
122.4388 	 1 
122.5549 	 2 
122.6710 	 0 
122.7059 	 2 
122.9148 	 2 
123.1354 	 2 
123.1470 	 1 
123.3792 	 2 
123.6114 	 0 
123.6463 	 2 
123.8668 	 2 
124.0874 	 1 
124.0874 	 2 
124.3312 	 2 
124.5402 	 2 
124.5634 	 0 
124.5867 	 2 
124.8073 	 2 
125.0162 	 2 
125.0162 	 1 
125.0511 	 2 
125.2717 	 2 
125.2717 	 0 
125.5155 	 0 
125.5155 	 2 
125.7593 	 2 
125.9799 	 1 
125.9915 	 2 
126.1888 	 2 
126.3978 	 2 
126.4443 	 0 
126.4559 	 2 
126.6649 	 2 
126.6997 	 2 
126.8971 	 2 
126.9319 	 1 
126.9319 	 2 
127.1757 	 2 
127.3731 	 2 
127.3963 	 0 
127.6401 	 2 
127.8259 	 1 
127.8723 	 2 
127.8723 	 1 
128.0813 	 2 
128.1277 	 1 
128.3367 	 2 
128.3367 	 0 
128.5921 	 2 
128.8011 	 2 
128.8127 	 1 
128.8359 	 2 
129.0449 	 2 
129.2655 	 2 
129.2887 	 0 
129.5325 	 2 
129.7415 	 2 
129.7531 	 1 
129.9853 	 2 
130.2059 	 0 
130.2175 	 2 
130.4613 	 2 
130.6703 	 2 
130.7051 	 1 
130.9373 	 2 
131.1579 	 0 
131.1579 	 2 
131.4133 	 2 
131.6107 	 2 
131.6571 	 1 
131.6571 	 2 
131.8661 	 2 
131.8893 	 0 
132.0983 	 2 
132.3421 	 2 
132.4466 	 2 
132.6092 	 1 
133.0503 	 0 
133.0852 	 1 
133.1200 	 2 
133.1548 	 2 
133.5380 	 2 
133.5380 	 1 
133.7469 	 2 
134.0024 	 0 
134.0024 	 2 
134.2229 	 2 
134.4668 	 2 
134.4784 	 1 
134.7222 	 2 
134.9312 	 0 
134.9544 	 2 
135.1866 	 2 
135.4188 	 1 
135.4188 	 2 
135.6510 	 2 
135.8832 	 0 
135.8948 	 2 
136.0805 	 2 
136.3360 	 2 
136.3708 	 1 
136.3940 	 2 
136.5449 	 2 
136.8004 	 2 
136.8468 	 0 
137.0790 	 2 
137.3228 	 1 
137.3228 	 2 
137.5318 	 2 
137.7872 	 0 
137.7872 	 2 
138.0194 	 2 
138.2516 	 1 
138.2516 	 2 
138.4838 	 2 
138.7160 	 0 
138.7276 	 2 
138.9714 	 2 
139.2036 	 1 
139.2036 	 2 
139.4242 	 2 
139.6680 	 2 
139.6796 	 0 
139.8886 	 2 
139.9234 	 0 
140.1324 	 2 
140.1905 	 2 
140.2950 	 1 
140.3878 	 2 
140.3878 	 0 
140.6200 	 2 
140.8522 	 2 
141.0844 	 2 
141.1193 	 1 
141.3283 	 2 
141.5605 	 0 
141.5605 	 2 
142.0365 	 1 
142.0365 	 2 
142.2571 	 0 
142.2687 	 2 
142.4893 	 0 
142.5125 	 2 
142.7447 	 2 
142.9653 	 1 
142.9769 	 2 
143.1975 	 2 
143.3948 	 1 
143.4180 	 0 
143.4413 	 2 
143.6735 	 0 
143.6735 	 2 
143.9173 	 2 
143.9289 	 1 
144.1263 	 1 
144.1379 	 2 
144.1611 	 0 
144.1959 	 1 
144.3701 	 2 
144.6371 	 0 
144.6371 	 2 
144.8809 	 2 
144.8925 	 1 
145.0899 	 1 
145.0899 	 2 
145.5891 	 2 
145.5891 	 0 
145.8213 	 1 
145.8445 	 2 
146.0419 	 2 
146.0419 	 1 
146.0419 	 0 
146.2741 	 2 
146.5179 	 0 
146.5179 	 2 
146.6805 	 1 
146.7617 	 2 
146.7617 	 1 
146.9475 	 2 
146.9823 	 0 
147.2261 	 2 
147.4467 	 2 
147.4699 	 0 
147.6789 	 2 
147.7137 	 1 
147.8647 	 2 
147.9343 	 1 
148.0504 	 1 
148.1665 	 0 
148.2594 	 1 
148.3407 	 2 
148.3871 	 2 
148.5845 	 2 
148.6425 	 1 
148.7586 	 1 
148.8747 	 2 
149.1185 	 2 
149.3507 	 0 
149.3624 	 2 
149.4901 	 1 
149.5481 	 2 
149.5946 	 2 
149.8268 	 2 
150.0241 	 2 
150.0590 	 0 
150.3028 	 1 
150.4305 	 1 
150.7091 	 2 
150.7207 	 1 
150.9645 	 2 
150.9994 	 1 
151.0110 	 0 
151.1387 	 1 
151.2083 	 2 
151.4522 	 2 
151.4870 	 0 
151.6844 	 2 
151.8469 	 1 
151.8933 	 1 
151.9514 	 0 
151.9978 	 1 
152.0327 	 2 
152.1371 	 1 
152.1604 	 2 
152.2184 	 1 
152.4158 	 1 
152.4506 	 1 
152.6712 	 2 
152.6944 	 1 
152.8918 	 0 
152.9266 	 2 
152.9498 	 1 
153.1356 	 2 
153.1356 	 0 
153.3910 	 2 
153.3910 	 1 
153.6232 	 2 
153.6232 	 1 
153.8322 	 2 
153.8438 	 0 
153.8902 	 2 
154.0992 	 2 
154.3314 	 1 
154.3314 	 2 
154.5520 	 2 
154.5868 	 1 
154.7146 	 1 
154.7378 	 2 
154.7958 	 0 
155.0280 	 0 
155.0396 	 2 
155.2486 	 2 
155.2718 	 1 
155.3879 	 1 
155.5040 	 2 
155.5273 	 1 
155.7362 	 0 
155.7362 	 2 
155.7711 	 1 
155.9917 	 2 
155.9917 	 1 
156.2122 	 2 
156.2122 	 1 
156.3400 	 1 
156.4444 	 2 
156.6883 	 0 
156.6883 	 2 
156.9205 	 0 
156.9321 	 2 
157.1410 	 2 
157.1527 	 1 
157.3849 	 2 
157.3965 	 1 
157.6287 	 2 
157.6403 	 0 
157.8725 	 2 
158.0931 	 2 
158.0931 	 1 
158.3137 	 2 
158.5459 	 2 
158.5807 	 0 
158.8013 	 2 
158.8129 	 0 
159.0335 	 2 
159.0451 	 1 
159.2773 	 0 
159.2773 	 2 
159.4979 	 2 
159.5211 	 0 
159.7417 	 2 
159.9739 	 1 
159.9855 	 2 
160.2177 	 2 
160.4615 	 0 
160.4615 	 2 
160.6821 	 2 
160.7169 	 0 
160.9143 	 2 
160.9375 	 1 
161.1813 	 2 
161.4019 	 0 
161.4019 	 2 
161.6109 	 2 
161.8895 	 2 
161.8895 	 1 
162.0405 	 2 
162.1101 	 2 
162.3539 	 2 
162.3539 	 0 
162.5861 	 2 
162.5861 	 0 
162.8183 	 1 
162.8299 	 2 
163.0389 	 2 
163.1898 	 2 
163.2479 	 2 
163.2827 	 0 
163.3059 	 2 
163.5381 	 2 
163.6775 	 1 
163.6775 	 2 
163.7820 	 1 
163.7820 	 2 
163.9677 	 2 
164.2347 	 2 
164.2347 	 0 
164.4785 	 2 
164.4785 	 0 
164.6991 	 1 
164.6991 	 2 
164.9429 	 2 
165.1751 	 0 
165.2100 	 2 
165.4306 	 2 
165.6628 	 1 
165.6628 	 0 
165.6744 	 2 
165.8021 	 1 
165.8485 	 1 
165.8950 	 1 
165.9646 	 2 
166.1039 	 2 
166.1388 	 1 
166.3129 	 2 
166.3710 	 1 
166.4522 	 2 
166.4987 	 1 
166.5916 	 2 
166.6148 	 1 
166.7309 	 1 
166.8818 	 1 
166.9399 	 2 
166.9747 	 1 
167.1605 	 2 
167.3114 	 2 
167.3462 	 1 
167.5552 	 2 
167.5668 	 1 
167.7758 	 2 
167.7758 	 1 
168.0196 	 2 
168.0312 	 0 
168.2518 	 2 
168.4956 	 2 
168.4956 	 1 
168.7162 	 2 
168.9368 	 2 
168.9484 	 0 
169.0064 	 2 
169.2038 	 2 
169.4476 	 1 
169.4476 	 2 
169.6682 	 2 
169.8540 	 2 
169.9120 	 2 
169.9236 	 0 
170.1558 	 2 
170.1558 	 0 
170.3648 	 2 
170.3764 	 1 
170.4112 	 2 
170.6202 	 2 
170.8640 	 0 
170.8640 	 2 
170.9685 	 2 
171.0846 	 2 
171.3284 	 1 
171.3400 	 2 
171.5490 	 2 
171.7928 	 2 
171.7928 	 0 
172.0250 	 0 
172.0366 	 2 
172.2572 	 2 
172.2688 	 1 
172.5010 	 2 
172.7216 	 2 
172.7216 	 0 
172.9887 	 2 
173.2093 	 1 
173.2209 	 2 
173.4531 	 2 
173.6853 	 2 
173.6969 	 0 
173.9291 	 2 
174.0220 	 1 
174.0800 	 1 
174.1729 	 1 
174.2890 	 1 
174.3935 	 0 
174.5560 	 1 
174.6024 	 1 
174.7998 	 2 
175.1017 	 2 
175.1249 	 1 
175.1597 	 1 
175.3223 	 2 
175.3803 	 1 
175.5777 	 2 
175.5893 	 0 
175.8331 	 2 
175.8331 	 0 
176.0421 	 2 
176.0653 	 2 
176.0653 	 1 
176.2975 	 2 
176.5065 	 2 
176.5297 	 0 
176.5645 	 2 
176.5878 	 0 
176.7967 	 2 
176.9941 	 2 
177.0057 	 1 
177.2147 	 2 
177.2379 	 1 
177.4701 	 0 
177.4701 	 2 
177.6675 	 2 
177.7255 	 2 
177.8881 	 2 
177.8997 	 1 
178.1783 	 2 
178.1783 	 0 
178.3989 	 2 
178.4221 	 0 
178.4337 	 2 
178.6543 	 2 
178.8865 	 2 
178.8865 	 1 
179.0955 	 2 
179.3509 	 2 
179.3625 	 0 
179.5947 	 2 
180.0707 	 1 
180.2797 	 2 
180.3029 	 0 
180.3958 	 2 
180.5003 	 2 
180.9067 	 1 
181.0924 	 2 
181.1040 	 0 
181.1505 	 1 
181.3943 	 1 
181.4988 	 0 
181.7078 	 2 
181.7194 	 1 
181.9400 	 2 
181.9400 	 0 
182.1489 	 2 
182.1722 	 0 
182.3115 	 1 
182.4160 	 2 
182.4276 	 1 
182.6714 	 2 
182.6714 	 1 
182.8804 	 2 
183.1590 	 2 
183.3680 	 0 
183.3796 	 2 
183.6002 	 2 
183.6118 	 1 
183.8324 	 2 
184.0646 	 2 
184.0646 	 0 
184.3200 	 2 
184.5290 	 2 
184.5406 	 1 
184.7728 	 2 
185.0050 	 0 
185.0050 	 2 
185.2372 	 1 
185.4462 	 2 
185.4810 	 1 
185.7248 	 1 
185.9338 	 2 
185.9338 	 0 
186.1892 	 2 
186.2705 	 1 
186.4214 	 1 
186.4330 	 2 
186.6536 	 0 
186.6536 	 2 
186.8974 	 2 
187.1296 	 0 
187.1412 	 2 
187.3850 	 2 
187.3850 	 1 
187.6172 	 0 
187.6172 	 2 
187.8494 	 2 
187.8494 	 1 
188.0932 	 1 
188.1977 	 1 
188.2093 	 2 
188.3022 	 1 
188.5460 	 2 
188.6737 	 1 
188.7318 	 1 
188.9176 	 1 
189.2426 	 2 
189.4864 	 2 
189.5097 	 1 
189.7070 	 2 
189.7070 	 0 
189.7419 	 0 
189.8231 	 1 
189.9624 	 2 
190.2295 	 1 
190.2295 	 2 
190.4617 	 2 
190.6939 	 2 
190.7055 	 0 
190.9377 	 2 
191.1699 	 2 
191.1815 	 1 
191.4137 	 2 
191.6343 	 0 
191.6459 	 2 
191.8897 	 2 
192.1103 	 1 
192.1335 	 2 
192.3425 	 1 
192.3425 	 2 
192.5863 	 0 
192.5863 	 2 
192.8301 	 2 
192.8301 	 0 
193.0507 	 2 
193.0623 	 1 
193.2713 	 2 
193.5151 	 0 
193.5151 	 2 
193.5732 	 2 
193.7705 	 2 
193.9911 	 1 
193.9911 	 2 
194.0956 	 1 
194.2001 	 1 
194.2117 	 2 
194.4671 	 2 
194.9315 	 2 
194.9547 	 1 
195.0592 	 2 
195.1869 	 2 
195.3030 	 2 
195.3959 	 2 
195.5236 	 2 
195.6513 	 2 
195.7558 	 2 
195.8835 	 2 
195.8951 	 1 
196.0112 	 1 
196.1157 	 2 
196.3595 	 2 
196.3712 	 0 
196.6034 	 2 
196.6150 	 0 
196.8123 	 2 
196.8472 	 1 
197.0213 	 2 
197.0678 	 1 
197.1606 	 1 
197.2767 	 2 
197.2883 	 0 
197.3232 	 1 
197.5205 	 2 
197.5554 	 1 
197.7760 	 1 
197.7876 	 2 
198.0082 	 2 
198.0314 	 2 
198.2404 	 0 
198.2404 	 2 
198.4842 	 2 
198.7164 	 2 
198.7396 	 1 
198.9834 	 2 
199.1924 	 2 
199.1924 	 0 
199.4246 	 2 
199.6684 	 2 
199.6684 	 1 
199.8774 	 2 
200.1328 	 0 
200.1328 	 2 
200.3766 	 0 
200.3766 	 2 
200.4230 	 2 
200.6088 	 2 
200.6320 	 1 
200.7829 	 1 
200.8410 	 2 
201.0732 	 2 
201.0848 	 0 
201.3286 	 2 
201.5724 	 2 
201.5724 	 1 
201.7930 	 2 
202.0368 	 2 
202.0368 	 0 
202.0949 	 2 
202.1878 	 1 
202.2690 	 0 
202.2806 	 2 
202.5012 	 1 
202.6986 	 1 
202.7334 	 2 
202.7683 	 0 
202.8263 	 1 
202.9656 	 2 
202.9888 	 0 
203.0237 	 2 
203.2210 	 2 
203.2559 	 1 
203.4416 	 2 
203.4416 	 1 
203.7667 	 2 
203.8944 	 2 
203.9176 	 1 
204.1382 	 2 
204.2659 	 1 
204.3240 	 1 
204.3588 	 2 
204.6259 	 1 
204.8697 	 0 
204.9161 	 1 
205.1251 	 2 
205.3689 	 2 
205.5895 	 2 
205.5895 	 0 
205.8217 	 2 
206.0539 	 2 
206.2861 	 1 
206.2861 	 2 
206.5183 	 2 
206.7505 	 2 
206.7505 	 0 
206.9943 	 2 
207.2265 	 2 
207.4587 	 0 
207.4587 	 2 
207.4935 	 2 
207.7025 	 2 
207.9463 	 2 
208.2017 	 1 
208.2017 	 2 
208.4223 	 2 
208.6545 	 2 
208.6661 	 0 
208.8983 	 2 
209.1189 	 2 
209.3743 	 0 
209.3743 	 2 
209.6878 	 2 
209.8155 	 2 
210.0593 	 1 
210.0709 	 2 
210.2915 	 2 
210.5469 	 0 
210.5469 	 2 
210.7791 	 2 
211.0113 	 2 
211.2551 	 0 
211.2551 	 2 
211.4641 	 0 
211.4990 	 2 
211.7195 	 0 
211.7312 	 2 
211.9401 	 2 
211.9517 	 1 
212.1607 	 0 
212.4045 	 1 
212.4161 	 2 
212.4278 	 0 
212.5090 	 1 
212.6483 	 1 
212.6600 	 2 
212.9038 	 2 
212.9038 	 1 
213.1360 	 2 
213.3566 	 0 
213.3798 	 2 
213.6120 	 2 
213.8558 	 1 
213.8674 	 2 
214.0880 	 2 
214.3086 	 0 
214.3086 	 2 
214.3550 	 2 
214.5524 	 2 
214.7846 	 1 
214.7846 	 2 
214.9820 	 2 
215.2490 	 0 
215.2490 	 2 
215.4812 	 2 
215.4928 	 0 
215.7250 	 1 
215.7250 	 2 
215.9804 	 2 
216.1429 	 1 
216.1894 	 0 
216.4216 	 2 
216.4564 	 2 
216.6770 	 1 
216.6886 	 2 
217.1298 	 0 
217.1298 	 2 
217.2691 	 2 
217.3736 	 0 
217.3852 	 2 
217.5942 	 2 
217.6290 	 1 
217.9541 	 2 
218.1050 	 2 
218.3372 	 2 
218.5694 	 1 
218.5694 	 2 
218.7900 	 2 
219.0222 	 2 
219.0338 	 0 
219.4866 	 1 
219.4866 	 2 
219.7188 	 2 
219.9510 	 2 
220.0555 	 2 
220.1600 	 2 
220.4270 	 2 
220.6244 	 2 
220.6476 	 0 
220.6824 	 2 
221.1817 	 0 
221.4023 	 1 
221.6577 	 0 
221.8783 	 2 
221.8783 	 0 
221.9828 	 1 
222.5633 	 1 
222.5633 	 2 
222.6213 	 2 
222.8303 	 1 
222.8303 	 2 
223.0393 	 2 
223.0509 	 1 
223.2831 	 1 
223.4921 	 2 
223.5269 	 1 
223.6430 	 1 
223.7475 	 2 
223.7475 	 0 
223.8520 	 2 
223.8984 	 1 
223.9913 	 0 
224.0145 	 2 
224.2467 	 2 
224.2467 	 1 
224.4557 	 1 
224.4673 	 2 
224.7111 	 0 
224.7111 	 2 
224.9433 	 2 
224.9433 	 0 
225.1523 	 2 
225.1871 	 1 
225.3961 	 2 
225.6515 	 2 
225.6515 	 0 
225.9069 	 2 
226.1391 	 2 
226.1391 	 1 
226.6035 	 0 
226.6268 	 2 
226.8357 	 0 
226.8590 	 2 
227.0795 	 1 
227.0795 	 2 
227.1376 	 1 
227.2653 	 1 
227.3466 	 2 
227.5323 	 2 
227.5439 	 0 
227.5788 	 2 
227.7761 	 2 
228.0200 	 2 
228.0200 	 1 
228.0432 	 1 
228.2522 	 2 
228.4844 	 2 
228.4844 	 0 
228.7166 	 0 
228.7514 	 2 
228.8094 	 2 
228.9255 	 2 
228.9604 	 1 
229.1810 	 2 
229.3899 	 2 
229.4248 	 0 
229.4480 	 2 
229.6686 	 2 
229.8892 	 1 
229.9008 	 2 
230.0981 	 2 
230.3768 	 2 
230.3884 	 0 
230.6090 	 0 
230.6438 	 2 
230.8180 	 2 
230.8644 	 1 
231.0966 	 2 
231.2940 	 2 
231.3288 	 0 
231.5610 	 2 
231.7932 	 1 
231.7932 	 2 
232.0138 	 1 
232.2692 	 2 
232.2692 	 0 
232.3156 	 1 
232.4898 	 0 
232.4898 	 2 
232.7336 	 1 
232.7336 	 2 
232.9658 	 2 
233.1748 	 2 
233.1980 	 0 
233.3605 	 2 
233.6740 	 2 
233.6856 	 1 
234.1500 	 2 
234.1732 	 0 
234.2661 	 1 
234.3822 	 2 
234.3822 	 0 
234.6144 	 2 
234.6260 	 1 
234.6957 	 1 
235.0904 	 0 
235.1253 	 2 
235.1833 	 2 
235.3459 	 2 
235.5316 	 2 
235.5548 	 1 
235.6013 	 2 
235.6709 	 1 
235.7754 	 2 
235.8451 	 2 
235.8451 	 1 
236.0424 	 2 
236.0541 	 0 
236.2746 	 0 
236.3443 	 1 
236.4952 	 2 
236.5185 	 1 
236.7390 	 1 
236.7390 	 2 
236.8319 	 2 
236.9712 	 2 
236.9829 	 0 
237.2267 	 0 
237.2383 	 2 
237.4589 	 1 
237.4705 	 2 
237.6446 	 1 
237.7027 	 0 
237.7027 	 2 
237.8072 	 2 
237.9117 	 1 
237.9349 	 0 
237.9349 	 2 
238.0510 	 1 
238.1787 	 2 
238.3412 	 2 
238.3877 	 1 
238.3877 	 0 
238.6315 	 2 
238.6315 	 1 
238.7360 	 1 
238.7708 	 1 
238.9333 	 2 
238.9682 	 1 
239.1307 	 2 
239.3629 	 1 
239.3629 	 2 
239.4558 	 1 
239.5719 	 2 
239.5951 	 1 
239.8273 	 2 
239.8505 	 0 
240.0711 	 2 
240.0827 	 0 
240.3149 	 1 
240.3265 	 2 
240.5355 	 2 
240.7677 	 2 
240.7677 	 0 
240.9999 	 2 
241.2437 	 2 
241.2437 	 1 
241.3018 	 1 
241.4643 	 2 
241.4643 	 1 
241.5224 	 2 
241.6501 	 2 
241.7081 	 0 
241.7197 	 2 
241.9171 	 2 
241.9403 	 0 
241.9751 	 2 
242.1725 	 1 
242.1725 	 2 
242.2190 	 1 
242.2770 	 1 
242.4279 	 2 
242.6485 	 2 
242.6485 	 0 
242.6950 	 1 
242.8923 	 2 
243.1245 	 1 
243.1361 	 2 
243.6005 	 0 
243.6005 	 2 
243.8444 	 0 
243.8444 	 2 
244.0649 	 2 
244.0649 	 1 
244.3204 	 2 
244.5410 	 0 
244.5410 	 2 
245.0170 	 1 
245.0170 	 2 
245.2376 	 2 
245.4698 	 2 
245.4814 	 0 
245.7252 	 2 
245.7252 	 0 
245.8064 	 1 
245.9225 	 2 
245.9806 	 2 
246.0619 	 2 
246.2012 	 0 
246.2476 	 2 
246.3985 	 2 
246.4334 	 0 
246.4682 	 2 
246.6772 	 2 
246.8978 	 1 
246.9094 	 2 
247.1300 	 2 
247.3738 	 2 
247.3738 	 0 
247.5944 	 2 
247.8614 	 1 
247.8730 	 2 
247.9659 	 2 
248.0936 	 2 
248.2794 	 2 
248.5232 	 1 
248.5928 	 2 
248.8018 	 2 
248.8018 	 1 
249.2662 	 2 
249.2778 	 0 
249.5216 	 2 
249.6493 	 2 
249.6493 	 1 
249.7538 	 1 
249.7538 	 2 
249.8235 	 2 
249.8583 	 2 
249.9280 	 2 
250.2182 	 0 
250.2531 	 2 
250.4620 	 2 
250.5317 	 2 
250.6826 	 2 
250.6942 	 1 
250.7291 	 1 
250.7987 	 2 
250.9264 	 2 
251.1702 	 1 
251.2283 	 1 
251.3560 	 1 
251.3560 	 0 
251.3676 	 2 
252.0758 	 2 
252.0874 	 0 
252.2151 	 1 
252.2268 	 2 
252.5751 	 2 
252.8769 	 2 
253.2717 	 0 
253.5039 	 1 
253.5155 	 2 
253.7477 	 0 
253.7709 	 2 
253.9683 	 2 
253.9915 	 1 
253.9915 	 0 
254.2237 	 2 
254.4559 	 1 
254.4791 	 2 
254.5720 	 1 
254.6649 	 2 
254.7345 	 1 
254.9319 	 2 
254.9319 	 0 
255.1641 	 2 
255.1757 	 0 
255.4079 	 2 
255.4311 	 1 
255.4427 	 2 
255.6401 	 2 
255.8607 	 2 
255.8723 	 0 
255.9536 	 2 
256.1277 	 2 
256.3367 	 2 
256.3483 	 1 
256.4180 	 2 
256.5108 	 2 
256.5689 	 2 
256.8243 	 0 
256.8243 	 2 
256.8707 	 2 
256.9404 	 1 
257.0565 	 2 
257.0565 	 0 
257.2771 	 2 
257.2887 	 1 
257.3700 	 2 
257.5325 	 2 
257.7763 	 0 
257.7879 	 2 
258.0201 	 2 
258.2523 	 1 
258.2639 	 2 
258.4845 	 2 
258.7167 	 2 
258.7283 	 0 
258.9489 	 2 
258.9605 	 0 
259.1927 	 2 
259.2044 	 1 
259.4249 	 2 
259.6455 	 2 
259.6571 	 0 
259.9010 	 2 
260.1215 	 1 
260.1215 	 2 
260.3886 	 2 
260.5395 	 1 
260.5976 	 2 
260.6092 	 0 
260.6672 	 2 
260.8530 	 2 
260.8530 	 0 
261.0503 	 2 
261.0620 	 1 
261.2941 	 2 
261.3058 	 0 
261.5263 	 2 
261.5380 	 0 
262.0256 	 2 
262.0256 	 1 
262.2462 	 1 
262.2578 	 2 
262.4900 	 2 
262.5016 	 0 
262.7338 	 0 
262.7454 	 2 
262.9195 	 1 
262.9660 	 2 
262.9660 	 1 
263.1982 	 2 
263.2446 	 1 
263.4420 	 0 
263.4536 	 2 
263.6858 	 2 
263.9180 	 2 
263.9180 	 1 
264.1270 	 2 
264.3824 	 2 
264.3824 	 0 
264.6262 	 0 
264.6262 	 2 
264.8352 	 2 
264.8700 	 1 
265.1022 	 2 
265.3228 	 0 
265.3460 	 2 
265.4273 	 2 
265.5782 	 2 
265.8104 	 1 
265.8220 	 2 
266.0310 	 2 
266.2632 	 2 
266.2748 	 0 
266.5070 	 2 
266.5186 	 0 
266.7508 	 2 
266.7508 	 1 
267.0179 	 0 
267.0411 	 2 
267.0991 	 1 
267.1224 	 2 
267.3313 	 1 
267.6332 	 2 
267.8770 	 2 
268.1208 	 2 
268.3414 	 2 
268.6084 	 2 
268.6200 	 1 
268.6549 	 1 
268.8871 	 0 
269.1309 	 0 
269.1309 	 2 
269.1425 	 1 
269.2122 	 2 
