0.0580 	 2 
0.0580 	 1 
0.3483 	 1 
0.3599 	 2 
0.9288 	 1 
0.9404 	 2 
0.9404 	 0 
1.2190 	 1 
1.4861 	 2 
1.4977 	 0 
1.4977 	 1 
1.7531 	 2 
1.7531 	 0 
1.7647 	 1 
2.0317 	 0 
2.0317 	 2 
2.0317 	 1 
2.3220 	 1 
2.3220 	 2 
2.3800 	 2 
2.6355 	 1 
2.6355 	 2 
2.6355 	 0 
2.9373 	 1 
2.9373 	 2 
3.2160 	 2 
3.2160 	 0 
3.2160 	 1 
3.5062 	 1 
3.5178 	 2 
3.7965 	 2 
3.7965 	 0 
3.7965 	 1 
4.0635 	 1 
4.0635 	 2 
4.0751 	 0 
4.3537 	 2 
4.3537 	 0 
4.3654 	 1 
4.6556 	 1 
4.6556 	 2 
4.6556 	 0 
4.9575 	 2 
4.9575 	 0 
4.9575 	 1 
5.2361 	 0 
5.2361 	 2 
5.2361 	 1 
5.5147 	 0 
5.5147 	 1 
5.5147 	 2 
5.8050 	 1 
5.8282 	 2 
5.8282 	 0 
6.1068 	 0 
6.1068 	 2 
6.1068 	 1 
6.3855 	 1 
6.3855 	 2 
6.3855 	 0 
6.6757 	 1 
6.6757 	 2 
6.6757 	 0 
6.9660 	 1 
6.9660 	 0 
6.9776 	 2 
7.2446 	 0 
7.2562 	 2 
7.2562 	 1 
7.5465 	 0 
7.5465 	 1 
7.5581 	 2 
7.8251 	 1 
7.8251 	 0 
7.8251 	 2 
8.1270 	 0 
8.1270 	 2 
8.1270 	 1 
8.3940 	 1 
8.4056 	 2 
8.6959 	 2 
8.6959 	 1 
8.6959 	 0 
8.9745 	 2 
8.9745 	 0 
8.9745 	 1 
9.2648 	 0 
9.2648 	 1 
9.2648 	 2 
9.5550 	 1 
9.5550 	 2 
9.5550 	 0 
9.8453 	 1 
9.8453 	 0 
9.8453 	 2 
10.1239 	 1 
10.1355 	 0 
10.1355 	 2 
10.4258 	 0 
10.4374 	 1 
10.4374 	 2 
10.7160 	 0 
10.7276 	 1 
10.7276 	 2 
10.9946 	 2 
10.9946 	 0 
10.9946 	 1 
11.2849 	 0 
11.2965 	 2 
11.2965 	 1 
11.5868 	 2 
11.5868 	 1 
11.8770 	 2 
11.8770 	 1 
11.8770 	 0 
12.1673 	 0 
12.1673 	 1 
12.1789 	 2 
12.4343 	 2 
12.4343 	 0 
12.4343 	 1 
12.7245 	 2 
12.7245 	 1 
12.7245 	 0 
13.0148 	 2 
13.0148 	 1 
13.0264 	 0 
13.2934 	 1 
13.3050 	 2 
13.3050 	 0 
13.5953 	 2 
13.5953 	 0 
13.5953 	 1 
13.8855 	 1 
13.8855 	 2 
13.8971 	 0 
14.1758 	 1 
14.1758 	 2 
14.1874 	 0 
14.4660 	 0 
14.4776 	 1 
14.4776 	 2 
14.7447 	 1 
14.7563 	 2 
14.7563 	 0 
15.0349 	 1 
15.0465 	 2 
15.3252 	 0 
15.3252 	 1 
15.3368 	 2 
15.6038 	 0 
15.6038 	 2 
15.6038 	 1 
15.8941 	 0 
15.8941 	 1 
15.8941 	 2 
16.1959 	 1 
16.4862 	 0 
16.4862 	 2 
16.4978 	 1 
16.7648 	 1 
16.7648 	 2 
16.7764 	 0 
17.0667 	 1 
17.0667 	 2 
17.3569 	 0 
17.3569 	 1 
17.3569 	 2 
17.6472 	 2 
17.6588 	 1 
17.6588 	 0 
17.9374 	 2 
18.2161 	 2 
18.2161 	 1 
18.2161 	 0 
18.4947 	 0 
18.4947 	 2 
18.4947 	 1 
18.7617 	 0 
18.7617 	 1 
18.7733 	 2 
19.0520 	 1 
19.0520 	 2 
19.3306 	 1 
19.3306 	 0 
19.3422 	 2 
19.9343 	 1 
19.9343 	 2 
19.9343 	 0 
20.2246 	 1 
20.2246 	 2 
20.2246 	 0 
20.5148 	 2 
20.5148 	 1 
20.5148 	 0 
20.8051 	 1 
20.8167 	 2 
21.0953 	 0 
21.0953 	 2 
21.0953 	 1 
21.3972 	 2 
21.3972 	 1 
21.6758 	 2 
21.6758 	 0 
21.6758 	 1 
21.9661 	 2 
21.9661 	 1 
22.2563 	 0 
22.2563 	 2 
22.2679 	 1 
22.5466 	 2 
22.5466 	 1 
22.5466 	 0 
22.8368 	 1 
22.8368 	 2 
22.8368 	 0 
23.1271 	 2 
23.1271 	 1 
23.4173 	 2 
23.4289 	 1 
23.6960 	 1 
23.7076 	 2 
23.9862 	 0 
23.9862 	 2 
23.9978 	 1 
24.2765 	 2 
24.5551 	 1 
24.5551 	 2 
24.8454 	 1 
24.8454 	 2 
24.8454 	 0 
25.1356 	 2 
25.1356 	 1 
25.1472 	 0 
25.4259 	 0 
25.4259 	 1 
25.4259 	 2 
25.7161 	 0 
25.7161 	 2 
25.7277 	 1 
26.0180 	 1 
26.0180 	 0 
26.0180 	 2 
26.2966 	 0 
26.2966 	 1 
26.2966 	 2 
26.5868 	 1 
26.5985 	 2 
26.8771 	 0 
26.8771 	 1 
26.8771 	 2 
27.1673 	 1 
27.1790 	 2 
27.1790 	 0 
27.4576 	 2 
27.4692 	 0 
27.4692 	 1 
27.7362 	 1 
27.7362 	 2 
27.9220 	 2 
28.0265 	 2 
28.0381 	 1 
28.3167 	 0 
28.3283 	 1 
28.3283 	 2 
28.6070 	 0 
28.6186 	 1 
28.6186 	 2 
28.8972 	 2 
28.9088 	 1 
29.1643 	 0 
29.1643 	 1 
29.1643 	 2 
29.4661 	 1 
29.4661 	 2 
29.4777 	 0 
29.7680 	 0 
29.7680 	 1 
29.7680 	 2 
30.0466 	 0 
30.0466 	 2 
30.0582 	 1 
30.3253 	 2 
30.3253 	 0 
30.3369 	 1 
30.6271 	 1 
30.6387 	 2 
30.6387 	 0 
30.9058 	 2 
30.9058 	 1 
30.9058 	 0 
31.1960 	 2 
31.2076 	 1 
31.4863 	 2 
31.4979 	 1 
31.7765 	 0 
31.7765 	 1 
31.7881 	 2 
32.0784 	 2 
32.0784 	 1 
32.0784 	 0 
32.3570 	 2 
32.3570 	 1 
32.3570 	 0 
32.6356 	 2 
32.6473 	 0 
32.6473 	 1 
32.9375 	 0 
32.9375 	 2 
32.9375 	 1 
33.2161 	 2 
33.2278 	 0 
33.2278 	 1 
33.5180 	 2 
33.5180 	 1 
33.8083 	 2 
33.8083 	 1 
33.8083 	 0 
34.0869 	 1 
34.0869 	 0 
34.0869 	 2 
34.3771 	 0 
34.3771 	 1 
34.3771 	 2 
34.6674 	 0 
34.6674 	 2 
34.6674 	 1 
34.9576 	 2 
34.9693 	 0 
34.9693 	 1 
35.2479 	 0 
35.2479 	 1 
35.2595 	 2 
35.5265 	 1 
35.5265 	 0 
35.5265 	 2 
35.8168 	 0 
35.8168 	 2 
35.8284 	 1 
36.1070 	 1 
36.1070 	 2 
36.1070 	 0 
36.3857 	 1 
36.3857 	 0 
36.3973 	 2 
36.6643 	 2 
36.6759 	 0 
36.6759 	 1 
36.9662 	 2 
36.9662 	 0 
36.9778 	 1 
37.2564 	 2 
37.2564 	 1 
37.2564 	 0 
37.5351 	 2 
37.5467 	 1 
37.6976 	 2 
37.8021 	 0 
37.8137 	 2 
37.8137 	 1 
38.1272 	 1 
38.1388 	 2 
38.4290 	 2 
38.4290 	 0 
38.4406 	 1 
38.7077 	 0 
38.7077 	 1 
38.7077 	 2 
38.9979 	 0 
39.0095 	 2 
39.0095 	 1 
39.2882 	 0 
39.2882 	 2 
39.2882 	 1 
39.5668 	 2 
39.5784 	 1 
39.5784 	 0 
39.8571 	 2 
39.8687 	 1 
40.1357 	 2 
40.1473 	 1 
40.1473 	 0 
40.4376 	 2 
40.4376 	 0 
40.4376 	 1 
40.7278 	 2 
40.7278 	 0 
40.7278 	 1 
41.0064 	 1 
41.0064 	 2 
41.0180 	 0 
41.2967 	 0 
41.2967 	 1 
41.3083 	 2 
41.5869 	 1 
41.5869 	 2 
41.5869 	 0 
41.8772 	 0 
41.8772 	 2 
41.8772 	 1 
42.1674 	 0 
42.1674 	 1 
42.1674 	 2 
42.4461 	 0 
42.4461 	 1 
42.4461 	 2 
42.7247 	 0 
42.7247 	 2 
42.7363 	 1 
43.0266 	 0 
43.0266 	 1 
43.0266 	 2 
43.3168 	 1 
43.3168 	 2 
43.3168 	 0 
43.5955 	 1 
43.5955 	 2 
43.5955 	 0 
43.8161 	 2 
43.8857 	 1 
43.8973 	 2 
44.1876 	 0 
44.1876 	 1 
44.1876 	 2 
44.4662 	 2 
44.4662 	 0 
44.4662 	 1 
44.7565 	 0 
44.7565 	 2 
44.7565 	 1 
45.0351 	 0 
45.0467 	 2 
45.0583 	 1 
45.3254 	 2 
45.3370 	 0 
45.3370 	 1 
45.6156 	 2 
45.6156 	 1 
45.6272 	 0 
45.9059 	 0 
45.9175 	 1 
45.9175 	 2 
46.1961 	 2 
46.1961 	 1 
46.1961 	 0 
46.3702 	 2 
46.4167 	 1 
46.4515 	 2 
46.4980 	 1 
46.4980 	 2 
46.7882 	 1 
46.7882 	 2 
46.7882 	 0 
47.0668 	 1 
47.0668 	 0 
47.0785 	 2 
47.3455 	 2 
47.3455 	 0 
47.3571 	 1 
47.6357 	 2 
47.6473 	 1 
47.6473 	 0 
47.9260 	 1 
47.9260 	 2 
47.9260 	 0 
48.2046 	 2 
48.2046 	 0 
48.2162 	 1 
48.4833 	 0 
48.4833 	 2 
48.5065 	 1 
48.7967 	 2 
48.8083 	 1 
48.8083 	 0 
49.0870 	 0 
49.0986 	 1 
49.0986 	 2 
49.3772 	 2 
49.3772 	 0 
49.3772 	 1 
49.6675 	 2 
49.6791 	 1 
49.9577 	 2 
49.9577 	 0 
49.9577 	 1 
50.2248 	 2 
50.2364 	 0 
50.2364 	 1 
50.5266 	 1 
50.5266 	 0 
50.5382 	 2 
50.8053 	 0 
50.8169 	 2 
50.8169 	 1 
51.1071 	 2 
51.1187 	 0 
51.1187 	 1 
51.3858 	 2 
51.3858 	 0 
51.3974 	 1 
51.6760 	 2 
51.6760 	 0 
51.6760 	 1 
51.9779 	 2 
51.9779 	 1 
52.2681 	 1 
52.2797 	 2 
52.2797 	 0 
52.5584 	 2 
52.5584 	 1 
52.5584 	 0 
52.8370 	 2 
52.8370 	 0 
52.8370 	 1 
53.1156 	 2 
53.1273 	 1 
53.4059 	 0 
53.4059 	 2 
53.4175 	 1 
53.6961 	 0 
53.7078 	 1 
53.7078 	 2 
53.9748 	 2 
53.9748 	 0 
53.9748 	 1 
54.2650 	 1 
54.2766 	 2 
54.5437 	 2 
54.5669 	 0 
54.5669 	 1 
54.8455 	 0 
54.8455 	 2 
54.8455 	 1 
55.1242 	 1 
55.1358 	 0 
55.1358 	 2 
55.4260 	 0 
55.4260 	 1 
55.4260 	 2 
55.6815 	 2 
55.7163 	 0 
55.7163 	 1 
56.0065 	 0 
56.0181 	 1 
56.0181 	 2 
56.2852 	 1 
56.2852 	 2 
56.2852 	 0 
56.5870 	 1 
56.5870 	 2 
56.8657 	 0 
56.8657 	 2 
56.8657 	 1 
57.1443 	 0 
57.1443 	 2 
57.1443 	 1 
57.3301 	 2 
57.4346 	 0 
57.4462 	 2 
57.4462 	 1 
57.7132 	 2 
57.7248 	 0 
57.7248 	 1 
58.0151 	 1 
58.0151 	 2 
58.0151 	 0 
58.0615 	 2 
58.0615 	 1 
58.3053 	 1 
58.3053 	 0 
58.3053 	 2 
58.5839 	 2 
58.5839 	 0 
58.5956 	 1 
58.8742 	 0 
58.8742 	 2 
58.8858 	 1 
59.1644 	 0 
59.1644 	 1 
59.1644 	 2 
59.4431 	 0 
59.4431 	 2 
59.4431 	 1 
59.7217 	 2 
59.7217 	 1 
59.7217 	 0 
60.0120 	 0 
60.0120 	 1 
60.0120 	 2 
60.3022 	 2 
60.3138 	 1 
60.3138 	 0 
60.4648 	 1 
60.4764 	 2 
60.6041 	 2 
60.6041 	 1 
60.8827 	 1 
60.8827 	 2 
60.8943 	 0 
61.1962 	 1 
61.2078 	 2 
61.4980 	 2 
61.5097 	 0 
61.5097 	 1 
61.7999 	 2 
61.7999 	 1 
62.0785 	 1 
62.0785 	 0 
62.0785 	 2 
62.3688 	 2 
62.3688 	 1 
62.3688 	 0 
62.6358 	 1 
62.6358 	 0 
62.6358 	 2 
62.9261 	 1 
62.9261 	 0 
62.9261 	 2 
63.2163 	 1 
63.2163 	 2 
63.2279 	 0 
63.5182 	 2 
63.5182 	 1 
63.7968 	 1 
63.7968 	 0 
63.8084 	 2 
64.0755 	 2 
64.0755 	 1 
64.0755 	 0 
64.3657 	 2 
64.3773 	 1 
64.3773 	 0 
64.6560 	 1 
64.6560 	 0 
64.6560 	 2 
64.9346 	 1 
64.9346 	 0 
64.9346 	 2 
65.2365 	 2 
65.2365 	 0 
65.2481 	 1 
65.5035 	 1 
65.5151 	 0 
65.5151 	 2 
65.8054 	 2 
65.8054 	 1 
66.0956 	 1 
66.1072 	 2 
66.1072 	 0 
66.3859 	 1 
66.3975 	 2 
66.3975 	 0 
66.6761 	 2 
66.6877 	 1 
66.6877 	 0 
66.9547 	 0 
66.9663 	 1 
66.9663 	 2 
67.2450 	 0 
67.2566 	 2 
67.2566 	 1 
67.5352 	 0 
67.5352 	 2 
67.5352 	 1 
67.8255 	 0 
67.8255 	 2 
67.8255 	 1 
68.1157 	 0 
68.1157 	 1 
68.1273 	 2 
68.4060 	 1 
68.4060 	 0 
68.4060 	 2 
68.6962 	 0 
68.6962 	 2 
68.6962 	 1 
68.9633 	 2 
68.9633 	 1 
69.2651 	 1 
69.2767 	 2 
69.5322 	 2 
69.5554 	 1 
69.6715 	 1 
69.6715 	 2 
70.1127 	 1 
70.1243 	 2 
70.4261 	 2 
70.7164 	 2 
70.7280 	 0 
70.7396 	 1 
71.0182 	 2 
71.0182 	 0 
71.0182 	 1 
71.3201 	 2 
71.5755 	 2 
71.5871 	 1 
71.8774 	 2 
71.8774 	 0 
71.8774 	 1 
72.0283 	 2 
72.1676 	 1 
72.4346 	 1 
72.4346 	 2 
72.7249 	 2 
72.7249 	 1 
73.0268 	 2 
73.0268 	 0 
73.0268 	 1 
73.3054 	 1 
73.3170 	 2 
73.3170 	 0 
73.6073 	 2 
73.8975 	 0 
73.8975 	 1 
73.8975 	 2 
74.1645 	 1 
74.1645 	 0 
74.1645 	 2 
74.4664 	 1 
74.4664 	 2 
74.6057 	 2 
74.7334 	 2 
74.7334 	 0 
74.7334 	 1 
75.0237 	 2 
75.3371 	 2 
75.3488 	 0 
75.3488 	 1 
75.6158 	 1 
75.6274 	 0 
75.6274 	 2 
75.9176 	 1 
75.9176 	 0 
75.9176 	 2 
76.1963 	 1 
76.2079 	 2 
76.4865 	 2 
76.4981 	 1 
76.4981 	 0 
76.7884 	 1 
76.7884 	 2 
76.7884 	 0 
77.0670 	 2 
77.0670 	 1 
77.0670 	 0 
77.3573 	 2 
77.3689 	 0 
77.3689 	 1 
77.6243 	 2 
77.6475 	 0 
77.6475 	 1 
77.9262 	 2 
77.9262 	 0 
77.9262 	 1 
78.2164 	 1 
78.2164 	 2 
78.2164 	 0 
78.5067 	 0 
78.5067 	 2 
78.5183 	 1 
78.7969 	 0 
78.7969 	 2 
78.7969 	 1 
79.0872 	 0 
79.0872 	 1 
79.0872 	 2 
79.3426 	 1 
79.3774 	 2 
79.3774 	 1 
79.6561 	 1 
79.6561 	 0 
79.6561 	 2 
79.9463 	 2 
79.9579 	 0 
79.9695 	 1 
80.2366 	 2 
80.2366 	 0 
80.2482 	 1 
80.5268 	 0 
80.5268 	 2 
80.5268 	 1 
80.8171 	 1 
80.8171 	 0 
80.8171 	 2 
81.1073 	 0 
81.1073 	 2 
81.1073 	 1 
81.3859 	 2 
81.3976 	 1 
81.6762 	 0 
81.6762 	 2 
81.6762 	 1 
81.9664 	 2 
81.9664 	 0 
81.9780 	 1 
82.2567 	 2 
82.2567 	 0 
82.2683 	 1 
82.5469 	 0 
82.5585 	 2 
82.5585 	 1 
82.8256 	 2 
82.8256 	 0 
82.8256 	 1 
83.1158 	 2 
83.1158 	 0 
83.1158 	 1 
83.2668 	 2 
83.3945 	 0 
83.4061 	 2 
83.4061 	 1 
83.6847 	 2 
83.6963 	 1 
83.8356 	 1 
83.9634 	 2 
83.9634 	 0 
83.9750 	 1 
84.2652 	 1 
84.2652 	 2 
84.5671 	 0 
84.5671 	 1 
84.5671 	 2 
84.8573 	 0 
84.8573 	 2 
84.8689 	 1 
85.1476 	 1 
85.1476 	 2 
85.1476 	 0 
85.4262 	 2 
85.4494 	 1 
85.7049 	 1 
85.7281 	 1 
85.7397 	 2 
85.9951 	 2 
86.0067 	 1 
86.0183 	 2 
86.2970 	 1 
86.2970 	 2 
86.2970 	 0 
86.5756 	 1 
86.5872 	 2 
86.8659 	 2 
86.8659 	 0 
86.8775 	 1 
87.1561 	 2 
87.1561 	 0 
87.1561 	 1 
87.4463 	 1 
87.4463 	 0 
87.4463 	 2 
87.7250 	 0 
87.7366 	 1 
87.7366 	 2 
88.0152 	 2 
88.0152 	 0 
88.0268 	 1 
88.3171 	 0 
88.3171 	 2 
88.3287 	 1 
88.5957 	 0 
88.6073 	 2 
88.6190 	 1 
88.8976 	 2 
88.9092 	 1 
89.1762 	 2 
89.1762 	 0 
89.1878 	 1 
89.4665 	 2 
89.4665 	 0 
89.4665 	 1 
89.7567 	 0 
89.7567 	 2 
89.7683 	 1 
90.0354 	 0 
90.0354 	 2 
90.0470 	 1 
90.3372 	 0 
90.3372 	 1 
90.3372 	 2 
90.6043 	 1 
90.6159 	 0 
90.6159 	 2 
90.8132 	 2 
90.9061 	 2 
90.9061 	 1 
90.9061 	 0 
91.1964 	 1 
91.2080 	 2 
91.4750 	 2 
91.4750 	 1 
91.4866 	 0 
91.7653 	 1 
91.7653 	 0 
91.7769 	 2 
92.0671 	 2 
92.0671 	 1 
92.0671 	 0 
92.3458 	 2 
92.3458 	 0 
92.3574 	 1 
92.6360 	 2 
92.6360 	 0 
92.6360 	 1 
92.8566 	 1 
92.9495 	 1 
92.9495 	 2 
92.9495 	 0 
93.1933 	 1 
93.2049 	 0 
93.2049 	 2 
93.5068 	 1 
93.5068 	 2 
93.5068 	 0 
93.8086 	 2 
93.8086 	 0 
93.8086 	 1 
94.0873 	 0 
94.0873 	 1 
94.0989 	 2 
94.3775 	 2 
94.3891 	 0 
94.3891 	 1 
94.6329 	 2 
94.6445 	 1 
94.9580 	 0 
94.9580 	 1 
94.9580 	 2 
95.2483 	 2 
95.2599 	 0 
95.2599 	 1 
95.5269 	 1 
95.5269 	 0 
95.5269 	 2 
95.8171 	 1 
95.8171 	 0 
95.8171 	 2 
96.0958 	 1 
96.0958 	 0 
96.0958 	 2 
96.3744 	 0 
96.3860 	 2 
96.3860 	 1 
96.6763 	 2 
96.6763 	 1 
96.6763 	 0 
96.9665 	 1 
96.9665 	 2 
96.9665 	 0 
97.2684 	 1 
97.2684 	 0 
97.2684 	 2 
97.5586 	 0 
97.5702 	 2 
97.5702 	 1 
97.8373 	 0 
97.8373 	 2 
97.8489 	 1 
98.1391 	 1 
98.1507 	 2 
98.4178 	 2 
98.4178 	 0 
98.4294 	 1 
98.6964 	 1 
98.6964 	 0 
98.7080 	 2 
98.9867 	 0 
98.9867 	 2 
98.9867 	 1 
99.2769 	 1 
99.2769 	 0 
99.2769 	 2 
99.5323 	 2 
99.5323 	 1 
99.5788 	 2 
99.8574 	 1 
99.8690 	 2 
100.1128 	 0 
100.1244 	 1 
100.1244 	 2 
100.4147 	 2 
100.4147 	 1 
100.7166 	 2 
100.7166 	 1 
100.7282 	 0 
100.9836 	 2 
100.9836 	 0 
100.9952 	 1 
101.2622 	 1 
101.2622 	 0 
101.2622 	 2 
101.5757 	 2 
101.5873 	 0 
101.5873 	 1 
101.8543 	 1 
101.8543 	 2 
102.1446 	 1 
102.1446 	 2 
102.2955 	 2 
102.4232 	 2 
102.4348 	 1 
102.4348 	 0 
102.7251 	 2 
102.7367 	 1 
103.0269 	 1 
103.0385 	 0 
103.0385 	 2 
103.3056 	 0 
103.3056 	 2 
103.3056 	 1 
103.5958 	 2 
103.5958 	 1 
103.5958 	 0 
103.8861 	 0 
103.8861 	 2 
103.8861 	 1 
104.1763 	 2 
104.1879 	 1 
104.4666 	 1 
104.4666 	 2 
104.7452 	 1 
104.7452 	 2 
104.7568 	 0 
105.0239 	 1 
105.0355 	 2 
105.3257 	 0 
105.3257 	 2 
105.3373 	 1 
105.6160 	 2 
105.6160 	 1 
105.6276 	 0 
105.9062 	 1 
105.9062 	 2 
105.9062 	 0 
106.2081 	 2 
106.2081 	 1 
106.2081 	 0 
106.4983 	 0 
106.4983 	 1 
106.4983 	 2 
106.7770 	 0 
106.7886 	 1 
106.7886 	 2 
107.0672 	 2 
107.0672 	 1 
107.0672 	 0 
107.3459 	 0 
107.3459 	 2 
107.3575 	 1 
107.6361 	 0 
107.6361 	 2 
107.6477 	 1 
107.9263 	 1 
107.9263 	 0 
107.9263 	 2 
108.1934 	 1 
108.2050 	 2 
108.2050 	 0 
108.4836 	 2 
108.4952 	 0 
108.4952 	 1 
108.7158 	 2 
108.7971 	 1 
108.8087 	 2 
109.0990 	 1 
109.0990 	 2 
109.3660 	 1 
109.3660 	 2 
109.6678 	 2 
109.6795 	 1 
109.9465 	 2 
109.9465 	 0 
109.9581 	 1 
110.2251 	 1 
110.2367 	 0 
110.2367 	 2 
110.5154 	 0 
110.5154 	 1 
110.5154 	 2 
110.8172 	 0 
110.8172 	 1 
110.8172 	 2 
111.1075 	 0 
111.1075 	 2 
111.1075 	 1 
111.3977 	 1 
111.3977 	 2 
111.3977 	 0 
111.6648 	 0 
111.6880 	 2 
111.6880 	 1 
111.9782 	 2 
111.9782 	 1 
112.2685 	 2 
112.2685 	 0 
112.2801 	 1 
112.5471 	 2 
112.5471 	 1 
112.5471 	 0 
112.8374 	 1 
112.8374 	 2 
112.8374 	 0 
113.1160 	 2 
113.1276 	 0 
113.1276 	 1 
113.4179 	 0 
113.4179 	 1 
113.4179 	 2 
113.7081 	 0 
113.7197 	 1 
113.7197 	 2 
113.9868 	 0 
113.9868 	 1 
113.9868 	 2 
114.2886 	 1 
114.2886 	 2 
114.5673 	 1 
114.5673 	 0 
114.5673 	 2 
114.8343 	 2 
114.8459 	 0 
114.8459 	 1 
115.1245 	 2 
115.1245 	 0 
115.1245 	 1 
115.4148 	 2 
115.4148 	 1 
115.7050 	 2 
115.7050 	 0 
115.7050 	 1 
115.9953 	 1 
116.0069 	 2 
116.2739 	 1 
116.2739 	 2 
116.2739 	 0 
116.5874 	 2 
116.5990 	 1 
116.8660 	 2 
116.8660 	 0 
116.8776 	 1 
117.1563 	 2 
117.1563 	 0 
117.1563 	 1 
117.4233 	 1 
117.4349 	 2 
117.4349 	 0 
117.7252 	 1 
117.7484 	 2 
118.0154 	 2 
118.0270 	 1 
118.3173 	 1 
118.3289 	 2 
118.5959 	 2 
118.6075 	 0 
118.6075 	 1 
118.8978 	 2 
118.8978 	 1 
118.8978 	 0 
119.1764 	 0 
119.1880 	 1 
119.1880 	 2 
119.4667 	 1 
119.4667 	 0 
119.4667 	 2 
119.7453 	 1 
119.7453 	 0 
119.7453 	 2 
120.0356 	 2 
120.0356 	 0 
120.0472 	 1 
120.3258 	 1 
120.3258 	 2 
120.3258 	 0 
120.6044 	 2 
120.8947 	 1 
120.8947 	 0 
120.8947 	 2 
121.1966 	 1 
121.2082 	 2 
121.2082 	 0 
121.4868 	 2 
121.4868 	 1 
121.4984 	 0 
121.7654 	 0 
121.7654 	 1 
121.7654 	 2 
122.0557 	 0 
122.0557 	 2 
122.0557 	 1 
122.3343 	 2 
122.3459 	 1 
122.3459 	 0 
122.6246 	 2 
122.6362 	 0 
122.6362 	 1 
122.9148 	 2 
122.9148 	 0 
122.9148 	 1 
123.2051 	 2 
123.2051 	 0 
123.2167 	 1 
123.4837 	 0 
123.4837 	 2 
123.4953 	 1 
123.7856 	 2 
123.7856 	 0 
123.7856 	 1 
124.0642 	 0 
124.0758 	 2 
124.0758 	 1 
124.3661 	 1 
124.3661 	 2 
124.3661 	 0 
124.6563 	 1 
124.6563 	 2 
124.6563 	 0 
124.9466 	 1 
124.9466 	 0 
124.9466 	 2 
125.2252 	 0 
125.2368 	 2 
125.2368 	 1 
125.5155 	 1 
125.5155 	 2 
125.5155 	 0 
125.8057 	 2 
125.8057 	 0 
125.8057 	 1 
126.0960 	 1 
126.0960 	 0 
126.0960 	 2 
126.3746 	 0 
126.3862 	 1 
126.3862 	 2 
126.6649 	 0 
126.6765 	 1 
126.6765 	 2 
126.9551 	 0 
126.9667 	 2 
126.9667 	 1 
127.2454 	 0 
127.2454 	 2 
127.2570 	 1 
127.5472 	 2 
127.5472 	 0 
127.5472 	 1 
127.8259 	 2 
127.8259 	 0 
127.8259 	 1 
128.1161 	 1 
128.1277 	 2 
128.1277 	 0 
128.4063 	 1 
128.4063 	 2 
128.6966 	 0 
128.6966 	 1 
128.6966 	 2 
128.9752 	 0 
128.9752 	 2 
128.9868 	 1 
129.2655 	 1 
129.2655 	 2 
129.2655 	 0 
129.5673 	 1 
129.5673 	 2 
129.5673 	 0 
129.8344 	 0 
129.8344 	 2 
129.8460 	 1 
130.1246 	 0 
130.1246 	 1 
130.1246 	 2 
130.4149 	 1 
130.7167 	 2 
130.7167 	 1 
130.7167 	 0 
130.9954 	 2 
130.9954 	 1 
130.9954 	 0 
131.2856 	 2 
131.2856 	 0 
131.2856 	 1 
131.5759 	 0 
131.5759 	 2 
131.5759 	 1 
131.8661 	 0 
131.8661 	 2 
131.8777 	 1 
132.1564 	 0 
132.1680 	 2 
132.1680 	 1 
132.4466 	 0 
132.4466 	 2 
132.4582 	 1 
132.7369 	 0 
132.7369 	 1 
132.7485 	 2 
133.0271 	 2 
133.0271 	 1 
133.0271 	 0 
133.3058 	 1 
133.3058 	 0 
133.3174 	 2 
133.5844 	 2 
133.5960 	 1 
133.5960 	 0 
133.8863 	 1 
133.8863 	 0 
133.8863 	 2 
134.1765 	 2 
134.1765 	 0 
134.1881 	 1 
134.4668 	 1 
134.4784 	 2 
134.7454 	 2 
134.7454 	 0 
134.7454 	 1 
135.0473 	 1 
135.0473 	 0 
135.0589 	 2 
135.3375 	 0 
135.3491 	 1 
135.3491 	 2 
135.6161 	 2 
135.6161 	 1 
135.6161 	 0 
135.8948 	 2 
135.8948 	 1 
135.8948 	 0 
136.2199 	 1 
136.2199 	 2 
136.4869 	 1 
136.4869 	 2 
136.7539 	 1 
136.7539 	 2 
136.7655 	 0 
137.0442 	 1 
137.0442 	 2 
137.3344 	 1 
137.3344 	 2 
137.3344 	 0 
137.6479 	 1 
137.6479 	 2 
137.6479 	 0 
137.8801 	 1 
137.8801 	 2 
138.1936 	 1 
138.2052 	 2 
138.2052 	 0 
138.4606 	 1 
138.4838 	 1 
138.5070 	 2 
138.7624 	 1 
138.7741 	 0 
138.7741 	 2 
139.0759 	 2 
139.3546 	 2 
139.3662 	 0 
139.3662 	 1 
139.6332 	 2 
139.6448 	 1 
139.9583 	 2 
139.9583 	 0 
139.9583 	 1 
140.2253 	 1 
140.2253 	 0 
140.2369 	 2 
140.5272 	 1 
140.5272 	 2 
140.5272 	 0 
140.8174 	 2 
140.8174 	 1 
141.1077 	 1 
141.1077 	 0 
141.1077 	 2 
141.3979 	 2 
141.4095 	 1 
141.6766 	 2 
141.6882 	 1 
141.6882 	 0 
141.9668 	 1 
141.9668 	 2 
141.9668 	 0 
142.2571 	 2 
142.2571 	 1 
142.2571 	 0 
142.5357 	 0 
142.5473 	 1 
142.5473 	 2 
142.8259 	 1 
142.8376 	 2 
142.8376 	 0 
143.1278 	 1 
143.1278 	 2 
143.4064 	 2 
143.4180 	 1 
143.6967 	 2 
143.6967 	 0 
143.7083 	 1 
143.9869 	 1 
143.9869 	 0 
143.9869 	 2 
144.2656 	 1 
144.2772 	 2 
144.5674 	 2 
144.5790 	 1 
144.5907 	 0 
144.8577 	 1 
144.8693 	 2 
144.8693 	 0 
145.1479 	 2 
145.1595 	 0 
145.1595 	 1 
145.4498 	 1 
145.4498 	 2 
145.4498 	 0 
145.7400 	 1 
145.7400 	 2 
145.7400 	 0 
146.0187 	 1 
146.0187 	 2 
146.3089 	 2 
146.3089 	 0 
146.3089 	 1 
146.5876 	 0 
146.5876 	 2 
146.5992 	 1 
146.8778 	 2 
146.8894 	 0 
146.8894 	 1 
147.1681 	 0 
147.1681 	 2 
147.1681 	 1 
147.4583 	 2 
147.4583 	 1 
147.4583 	 0 
147.7370 	 0 
147.7370 	 1 
147.7370 	 2 
148.0272 	 2 
148.0272 	 1 
148.0272 	 0 
148.3175 	 0 
148.3291 	 2 
148.3291 	 1 
148.6193 	 2 
148.6193 	 1 
148.6193 	 0 
148.9096 	 1 
148.9096 	 2 
148.9096 	 0 
149.1998 	 1 
149.1998 	 2 
149.2114 	 0 
149.4785 	 1 
149.4785 	 2 
149.4785 	 0 
149.7687 	 0 
149.7687 	 1 
149.7687 	 2 
150.0473 	 2 
150.0590 	 0 
150.0590 	 1 
150.3376 	 2 
150.3376 	 1 
150.3376 	 0 
150.6278 	 0 
150.6395 	 2 
150.6395 	 1 
150.9065 	 2 
150.9065 	 1 
150.9413 	 1 
150.9413 	 2 
151.1967 	 2 
151.1967 	 1 
151.1967 	 0 
151.4870 	 2 
151.4870 	 1 
151.4870 	 0 
151.7772 	 1 
151.7772 	 2 
151.7772 	 0 
152.0559 	 1 
152.0559 	 2 
152.0675 	 0 
152.3461 	 0 
152.3461 	 1 
152.3461 	 2 
152.6364 	 0 
152.6364 	 1 
152.6364 	 2 
152.9266 	 2 
152.9266 	 1 
152.9266 	 0 
153.2169 	 1 
153.2169 	 0 
153.2169 	 2 
153.4955 	 0 
153.5071 	 2 
153.5071 	 1 
153.7858 	 2 
153.7858 	 1 
153.7974 	 0 
154.0760 	 0 
154.0876 	 2 
154.0876 	 1 
154.3779 	 1 
154.3779 	 0 
154.3779 	 2 
154.6565 	 2 
154.6565 	 0 
154.6565 	 1 
154.9468 	 2 
154.9584 	 0 
154.9584 	 1 
155.2370 	 1 
155.2370 	 0 
155.2486 	 2 
155.5156 	 2 
155.5156 	 0 
155.5156 	 1 
155.8059 	 2 
155.8059 	 0 
155.8059 	 1 
156.1078 	 2 
156.1078 	 0 
156.1078 	 1 
156.3864 	 1 
156.3864 	 2 
156.3864 	 0 
156.6650 	 0 
156.6650 	 2 
156.6650 	 1 
156.9669 	 1 
156.9669 	 2 
156.9669 	 0 
157.2571 	 1 
157.2571 	 2 
157.2571 	 0 
157.5242 	 0 
157.5242 	 1 
157.5358 	 2 
157.8260 	 2 
157.8376 	 1 
157.8376 	 0 
158.4181 	 1 
158.4181 	 2 
158.4298 	 0 
158.6968 	 0 
158.6968 	 1 
158.7084 	 2 
158.9870 	 0 
158.9870 	 2 
158.9870 	 1 
159.1844 	 2 
159.2076 	 1 
159.5791 	 1 
159.5791 	 2 
159.8578 	 1 
159.8578 	 0 
159.8578 	 2 
160.1480 	 1 
160.1480 	 2 
160.1480 	 0 
160.4267 	 0 
160.4267 	 1 
160.4383 	 2 
160.7169 	 2 
160.7285 	 0 
160.7285 	 1 
160.9956 	 0 
160.9956 	 1 
161.0072 	 2 
161.2858 	 2 
161.2858 	 0 
161.2858 	 1 
161.5761 	 2 
161.5761 	 1 
161.5761 	 0 
161.8663 	 2 
161.8779 	 1 
161.8779 	 0 
162.1566 	 1 
162.1566 	 0 
162.1566 	 2 
162.4352 	 1 
162.4352 	 0 
162.4352 	 2 
162.7254 	 2 
162.7254 	 1 
163.0157 	 0 
163.0273 	 1 
163.0273 	 2 
163.3176 	 0 
163.3176 	 2 
163.3176 	 1 
163.5962 	 0 
163.5962 	 1 
163.5962 	 2 
163.8864 	 0 
163.8980 	 1 
163.8980 	 2 
164.1883 	 2 
164.1883 	 1 
164.1883 	 0 
164.4785 	 2 
164.4785 	 1 
164.4785 	 0 
164.7456 	 1 
164.7456 	 2 
164.7572 	 0 
165.0358 	 0 
165.0358 	 2 
165.0474 	 1 
165.3261 	 1 
165.3261 	 0 
165.3261 	 2 
165.6163 	 0 
165.6163 	 1 
165.6163 	 2 
165.9066 	 2 
165.9066 	 0 
165.9066 	 1 
166.1852 	 2 
166.1852 	 1 
166.1852 	 0 
166.4755 	 0 
166.4755 	 2 
166.4755 	 1 
166.7657 	 0 
166.7657 	 2 
166.7773 	 1 
167.0560 	 1 
167.0676 	 0 
167.0676 	 2 
167.3462 	 1 
167.3462 	 0 
167.3578 	 2 
167.6481 	 0 
167.6481 	 2 
167.6597 	 1 
167.9267 	 0 
167.9267 	 1 
167.9267 	 2 
168.2170 	 0 
168.2170 	 2 
168.2170 	 1 
168.4956 	 2 
168.4956 	 0 
168.5072 	 1 
168.7975 	 1 
168.7975 	 2 
168.7975 	 0 
169.0993 	 1 
169.0993 	 2 
169.0993 	 0 
169.3780 	 1 
169.3780 	 2 
169.3780 	 0 
169.6682 	 1 
169.6682 	 2 
169.9352 	 1 
169.9352 	 0 
169.9468 	 2 
170.2255 	 0 
170.2255 	 1 
170.2255 	 2 
170.5157 	 2 
170.5157 	 0 
170.5157 	 1 
170.7944 	 0 
170.7944 	 2 
170.8060 	 1 
171.0962 	 0 
171.0962 	 2 
171.0962 	 1 
171.3865 	 1 
171.3981 	 2 
171.6651 	 2 
171.6651 	 0 
171.6767 	 1 
171.9554 	 0 
171.9554 	 1 
171.9670 	 2 
172.2572 	 1 
172.2572 	 2 
172.2572 	 0 
172.5359 	 2 
172.5359 	 0 
172.5359 	 1 
172.8261 	 2 
172.8261 	 0 
172.8261 	 1 
173.1048 	 0 
173.1164 	 2 
173.1164 	 1 
173.4066 	 2 
173.4066 	 1 
173.4066 	 0 
173.6969 	 2 
173.6969 	 1 
173.8362 	 2 
173.9523 	 2 
173.9523 	 0 
173.9523 	 1 
174.1497 	 2 
174.2541 	 1 
174.2658 	 2 
174.5444 	 0 
174.5444 	 1 
174.5444 	 2 
174.8346 	 2 
174.8346 	 1 
174.8346 	 0 
175.1133 	 2 
175.1133 	 0 
175.1133 	 1 
175.4151 	 1 
175.4151 	 2 
175.4151 	 0 
175.6938 	 2 
175.7054 	 1 
175.7054 	 0 
176.0189 	 2 
176.0189 	 1 
176.1814 	 2 
176.2859 	 1 
176.2859 	 2 
176.5645 	 2 
176.5761 	 1 
176.8664 	 0 
176.8664 	 1 
176.8664 	 2 
177.1334 	 2 
177.1334 	 0 
177.1334 	 1 
177.4237 	 1 
177.4237 	 0 
177.4237 	 2 
177.7255 	 0 
177.7255 	 2 
177.7255 	 1 
177.9926 	 2 
178.0042 	 1 
178.0158 	 0 
178.2828 	 0 
178.2828 	 1 
178.2828 	 2 
178.5963 	 0 
178.5963 	 2 
178.5963 	 1 
178.8865 	 0 
178.8981 	 2 
178.8981 	 1 
179.1652 	 1 
179.1652 	 2 
179.1652 	 0 
179.4670 	 1 
179.4670 	 0 
179.4786 	 2 
179.6180 	 2 
179.7341 	 0 
179.7341 	 1 
179.7457 	 2 
180.0243 	 0 
180.0243 	 2 
180.0243 	 1 
180.3262 	 0 
180.3262 	 1 
180.3262 	 2 
180.4771 	 2 
180.6048 	 0 
180.6048 	 1 
180.6048 	 2 
180.8718 	 0 
180.8834 	 1 
180.8834 	 2 
181.1853 	 1 
181.2201 	 2 
181.5104 	 0 
181.5104 	 2 
181.5220 	 1 
181.7774 	 2 
181.7774 	 1 
181.7774 	 0 
182.0677 	 2 
182.0677 	 1 
182.0793 	 0 
182.3579 	 1 
182.3579 	 0 
182.3579 	 2 
182.6366 	 2 
182.6366 	 0 
182.6366 	 1 
182.9268 	 2 
182.9268 	 1 
182.9268 	 0 
183.2054 	 2 
183.2171 	 1 
183.2171 	 0 
183.5073 	 1 
183.5189 	 2 
183.7976 	 1 
183.7976 	 2 
183.7976 	 0 
184.0762 	 0 
184.0762 	 2 
184.0762 	 1 
184.3548 	 0 
184.3664 	 1 
184.3664 	 2 
184.6567 	 0 
184.6683 	 1 
184.6683 	 2 
184.9353 	 2 
184.9469 	 1 
184.9469 	 0 
185.2488 	 2 
185.2488 	 1 
185.2488 	 0 
185.5158 	 1 
185.5274 	 2 
185.5274 	 0 
185.7480 	 2 
185.8177 	 2 
185.8293 	 1 
186.1195 	 0 
186.1195 	 2 
186.1312 	 1 
186.3866 	 0 
186.3982 	 1 
186.3982 	 2 
186.6884 	 0 
186.6884 	 2 
186.6884 	 1 
186.9787 	 0 
186.9903 	 2 
186.9903 	 1 
187.2689 	 0 
187.2689 	 1 
187.2689 	 2 
187.5592 	 0 
187.5592 	 2 
187.5592 	 1 
187.8378 	 2 
187.8378 	 1 
187.8494 	 0 
188.1397 	 2 
188.1397 	 1 
188.4067 	 0 
188.4183 	 1 
188.4183 	 2 
188.6970 	 2 
188.6970 	 1 
188.6970 	 0 
188.9756 	 2 
188.9756 	 0 
188.9756 	 1 
189.2659 	 0 
189.2659 	 2 
189.2659 	 1 
189.5445 	 0 
189.5561 	 1 
189.5561 	 2 
189.8347 	 2 
189.8347 	 0 
189.8347 	 1 
190.1250 	 2 
190.1250 	 1 
190.1250 	 0 
190.3920 	 2 
190.4152 	 1 
190.7171 	 2 
190.7171 	 0 
190.7171 	 1 
190.9957 	 1 
191.0073 	 2 
191.2744 	 2 
191.2744 	 1 
191.5762 	 0 
191.5878 	 2 
191.5878 	 1 
191.8549 	 2 
191.8665 	 0 
191.8665 	 1 
192.1567 	 2 
192.4122 	 2 
192.4238 	 1 
192.7140 	 1 
192.7256 	 2 
193.0159 	 2 
193.0275 	 1 
193.0275 	 0 
193.3177 	 0 
193.3177 	 1 
193.3177 	 2 
193.5848 	 2 
193.5964 	 1 
193.8866 	 0 
193.8982 	 1 
193.8982 	 2 
194.1769 	 0 
194.1769 	 2 
194.1769 	 1 
194.4787 	 1 
194.4787 	 2 
194.7341 	 1 
194.7341 	 2 
194.7458 	 0 
195.0476 	 2 
195.0476 	 1 
195.3379 	 2 
195.3495 	 0 
195.3611 	 1 
195.6049 	 0 
195.6049 	 1 
195.6049 	 2 
195.9068 	 1 
195.9068 	 2 
195.9068 	 0 
196.1738 	 1 
196.1854 	 0 
196.1854 	 2 
196.4640 	 0 
196.4640 	 1 
196.4640 	 2 
196.7659 	 2 
196.7659 	 1 
196.7659 	 0 
197.0329 	 1 
197.0329 	 2 
197.0445 	 0 
197.3348 	 0 
197.3348 	 1 
197.3464 	 2 
197.6250 	 1 
197.6250 	 2 
197.9153 	 0 
197.9153 	 1 
197.9153 	 2 
198.2055 	 1 
198.2055 	 0 
198.2055 	 2 
198.4958 	 1 
198.4958 	 0 
198.5074 	 2 
198.6583 	 2 
198.7396 	 1 
198.7976 	 2 
199.0298 	 1 
199.0415 	 2 
199.3549 	 1 
199.3549 	 2 
199.3665 	 0 
199.6452 	 1 
199.6568 	 2 
199.9354 	 0 
199.9354 	 2 
199.9354 	 1 
200.2373 	 2 
200.2373 	 1 
200.2373 	 0 
200.5275 	 0 
200.5275 	 1 
200.5275 	 2 
200.8178 	 0 
200.8178 	 2 
200.8178 	 1 
201.0848 	 2 
201.0964 	 0 
201.0964 	 1 
201.3751 	 2 
201.3751 	 1 
201.6537 	 2 
201.6537 	 0 
201.6653 	 1 
201.9556 	 2 
201.9556 	 0 
201.9556 	 1 
202.2342 	 2 
202.2342 	 1 
202.2342 	 0 
202.5244 	 2 
202.5361 	 1 
202.8031 	 2 
202.8031 	 1 
202.8031 	 0 
203.0817 	 2 
203.0817 	 0 
203.0933 	 1 
203.3836 	 0 
203.3836 	 2 
203.3952 	 1 
203.6738 	 2 
203.9525 	 1 
203.9525 	 0 
203.9525 	 2 
204.2427 	 2 
204.5446 	 0 
204.5446 	 2 
204.5562 	 1 
204.8232 	 1 
204.8348 	 0 
204.8348 	 2 
205.1251 	 2 
205.1251 	 0 
205.1367 	 1 
205.4153 	 0 
205.4153 	 2 
205.4269 	 1 
205.6127 	 2 
205.6940 	 1 
205.7172 	 2 
205.9958 	 2 
205.9958 	 1 
205.9958 	 0 
206.2861 	 2 
206.2861 	 0 
206.2861 	 1 
206.5647 	 0 
206.5763 	 1 
206.5879 	 2 
206.8550 	 0 
206.8666 	 2 
206.8666 	 1 
207.1568 	 0 
207.1568 	 1 
207.1568 	 2 
207.4471 	 2 
207.4471 	 0 
207.4471 	 1 
207.7373 	 0 
207.7489 	 1 
207.7489 	 2 
208.0276 	 2 
208.0276 	 0 
208.0392 	 1 
208.3178 	 0 
208.3294 	 1 
208.3294 	 2 
208.6081 	 0 
208.6081 	 2 
208.6197 	 1 
208.9099 	 1 
208.9099 	 2 
209.1770 	 2 
209.1770 	 1 
209.4672 	 2 
209.4672 	 1 
209.4672 	 0 
209.7459 	 0 
209.7459 	 2 
209.7459 	 1 
210.0245 	 2 
210.0361 	 0 
210.0361 	 1 
210.3263 	 2 
210.3263 	 1 
210.3263 	 0 
210.6050 	 1 
210.6050 	 0 
210.6166 	 2 
210.8140 	 2 
210.8836 	 1 
210.8952 	 2 
210.8952 	 0 
211.1855 	 1 
211.1971 	 2 
211.4757 	 2 
211.4757 	 0 
211.4757 	 1 
211.7660 	 0 
211.7776 	 2 
211.7776 	 1 
212.0562 	 2 
212.0678 	 0 
212.0678 	 1 
212.3581 	 1 
212.3581 	 2 
212.3581 	 0 
212.6367 	 2 
212.6483 	 1 
212.6483 	 0 
212.9386 	 1 
212.9386 	 2 
212.9386 	 0 
213.2056 	 2 
213.2056 	 1 
213.2056 	 0 
213.5075 	 2 
213.5075 	 1 
213.5075 	 0 
213.7977 	 1 
213.7977 	 2 
213.7977 	 0 
214.0764 	 1 
214.0880 	 2 
214.0880 	 0 
214.3666 	 2 
214.3666 	 0 
214.3782 	 1 
214.6220 	 0 
214.6337 	 2 
214.6453 	 1 
214.9471 	 2 
214.9471 	 1 
214.9471 	 0 
215.2374 	 0 
215.2490 	 1 
215.2490 	 2 
215.5160 	 0 
215.5160 	 1 
215.5276 	 2 
215.8063 	 1 
215.8063 	 2 
216.0965 	 2 
216.1081 	 0 
216.1081 	 1 
216.3751 	 0 
216.3751 	 2 
216.3868 	 1 
216.6654 	 0 
216.6654 	 1 
216.6654 	 2 
216.9556 	 2 
216.9556 	 1 
216.9556 	 0 
217.2575 	 1 
217.2575 	 0 
217.2575 	 2 
217.5478 	 0 
217.5594 	 1 
217.5594 	 2 
217.8264 	 0 
217.8380 	 1 
217.8380 	 2 
218.1283 	 0 
218.1399 	 2 
218.1399 	 1 
218.4069 	 2 
218.4069 	 1 
218.4069 	 0 
218.6855 	 0 
218.6971 	 2 
218.6971 	 1 
218.9758 	 0 
218.9758 	 1 
218.9874 	 2 
219.2660 	 0 
219.2660 	 2 
219.2660 	 1 
219.5098 	 2 
219.5331 	 1 
219.8465 	 1 
219.8581 	 2 
220.1252 	 2 
220.1252 	 0 
220.1252 	 1 
220.4154 	 2 
220.7057 	 2 
220.7173 	 1 
220.7173 	 0 
220.9727 	 0 
220.9843 	 1 
220.9843 	 2 
221.2629 	 0 
221.2629 	 1 
221.2746 	 2 
221.5532 	 1 
221.5532 	 0 
221.5648 	 2 
221.8434 	 1 
221.8434 	 0 
221.8434 	 2 
222.1337 	 1 
222.1453 	 2 
222.4356 	 2 
222.4356 	 0 
222.4472 	 1 
222.7490 	 1 
222.7490 	 2 
223.0277 	 1 
223.0393 	 2 
223.0393 	 0 
223.2947 	 1 
223.2947 	 0 
223.3063 	 2 
223.5966 	 1 
223.5966 	 2 
223.5966 	 0 
223.8868 	 1 
223.8868 	 2 
223.8868 	 0 
224.0726 	 2 
224.1771 	 1 
224.1771 	 2 
224.4673 	 1 
224.4673 	 2 
224.4673 	 0 
224.7459 	 0 
224.7459 	 1 
224.7576 	 2 
225.0478 	 2 
225.0478 	 1 
225.3148 	 0 
225.3264 	 2 
225.3380 	 1 
225.6051 	 0 
225.6167 	 2 
225.6167 	 1 
225.9069 	 1 
225.9069 	 2 
225.9069 	 0 
226.1856 	 0 
226.1972 	 2 
226.1972 	 1 
226.4758 	 2 
226.4758 	 0 
226.4874 	 1 
226.7777 	 0 
226.7893 	 2 
226.7893 	 1 
227.0447 	 2 
227.0563 	 1 
227.0563 	 0 
227.3466 	 0 
227.3582 	 2 
227.3698 	 1 
227.6252 	 0 
227.6252 	 2 
227.6368 	 1 
227.9039 	 0 
227.9155 	 1 
227.9155 	 2 
228.1941 	 1 
228.1941 	 0 
228.1941 	 2 
228.4844 	 1 
228.4844 	 2 
228.4844 	 0 
228.7049 	 2 
228.7746 	 1 
229.0649 	 0 
229.0649 	 1 
229.0649 	 2 
229.2506 	 2 
229.3551 	 1 
229.3551 	 0 
229.3667 	 2 
229.6570 	 2 
229.6570 	 1 
229.9356 	 2 
229.9356 	 0 
229.9472 	 1 
230.2259 	 2 
230.2259 	 0 
230.2259 	 1 
230.5161 	 2 
230.5161 	 0 
230.5161 	 1 
230.8180 	 2 
230.8180 	 0 
230.8180 	 1 
231.0966 	 2 
231.0966 	 1 
231.0966 	 0 
231.3868 	 0 
231.3868 	 2 
231.3985 	 1 
231.6539 	 2 
231.6655 	 1 
231.6887 	 2 
231.9790 	 2 
231.9790 	 1 
232.2576 	 2 
232.2576 	 1 
232.2692 	 0 
232.5362 	 2 
232.5362 	 0 
232.5362 	 1 
232.8265 	 0 
232.8265 	 2 
232.8381 	 1 
233.1167 	 2 
233.1167 	 1 
233.1167 	 0 
233.4070 	 2 
233.4070 	 0 
233.4070 	 1 
233.6972 	 1 
233.7205 	 2 
233.9875 	 1 
233.9875 	 0 
233.9875 	 2 
234.2777 	 2 
234.2777 	 1 
234.2777 	 0 
234.5564 	 0 
234.5680 	 1 
234.5680 	 2 
234.8466 	 1 
234.8466 	 2 
234.8466 	 0 
235.1369 	 2 
235.1369 	 1 
235.1369 	 0 
235.4155 	 1 
235.4271 	 2 
235.4271 	 0 
235.7174 	 2 
235.7174 	 1 
235.7174 	 0 
236.0076 	 2 
236.0076 	 1 
236.0076 	 0 
236.2863 	 0 
236.2979 	 1 
236.2979 	 2 
236.5881 	 2 
236.5881 	 1 
236.5881 	 0 
236.8668 	 0 
236.8668 	 2 
236.8784 	 1 
237.1454 	 0 
237.1454 	 2 
237.1570 	 1 
237.4356 	 2 
237.4356 	 1 
237.4356 	 0 
237.7259 	 2 
237.7375 	 1 
238.0161 	 0 
238.0278 	 1 
238.0278 	 2 
238.3180 	 1 
238.3296 	 2 
238.5966 	 1 
238.5966 	 2 
238.5966 	 0 
238.8869 	 2 
238.8869 	 1 
239.1888 	 0 
239.1888 	 2 
239.2004 	 1 
239.5022 	 1 
239.7809 	 0 
239.7809 	 1 
239.7809 	 2 
240.0479 	 2 
240.0479 	 0 
240.0711 	 1 
240.3265 	 2 
240.3265 	 0 
240.3381 	 1 
240.5123 	 2 
240.6052 	 2 
240.6168 	 1 
240.8722 	 2 
240.8838 	 1 
241.1857 	 1 
241.1857 	 2 
241.1973 	 0 
241.4759 	 2 
241.4759 	 0 
241.4875 	 1 
241.7662 	 0 
241.7778 	 1 
241.7778 	 2 
242.0448 	 0 
242.0564 	 1 
242.0564 	 2 
242.3351 	 2 
242.3351 	 0 
242.3351 	 1 
242.6253 	 2 
242.6253 	 0 
242.6253 	 1 
242.9156 	 0 
242.9272 	 2 
242.9272 	 1 
243.2058 	 2 
243.2058 	 0 
243.2058 	 1 
243.5193 	 2 
243.5193 	 1 
243.7863 	 2 
243.7979 	 1 
243.8211 	 1 
244.0766 	 2 
244.0766 	 0 
244.0766 	 1 
244.3668 	 0 
244.3668 	 2 
244.3668 	 1 
244.6454 	 0 
244.6454 	 1 
244.6454 	 2 
244.9357 	 2 
244.9357 	 1 
244.9357 	 0 
245.2143 	 1 
245.2143 	 0 
245.2259 	 2 
245.4814 	 0 
245.4814 	 2 
245.4930 	 1 
245.7948 	 2 
245.8064 	 1 
246.0967 	 2 
246.1083 	 1 
246.3637 	 0 
246.3637 	 1 
246.3637 	 2 
246.6540 	 0 
246.6656 	 1 
246.6656 	 2 
246.9442 	 0 
246.9442 	 1 
246.9442 	 2 
247.2345 	 1 
247.2345 	 2 
247.2345 	 0 
247.5363 	 2 
247.5363 	 0 
247.5363 	 1 
247.8150 	 2 
247.8150 	 0 
247.8150 	 1 
248.1168 	 2 
248.1168 	 1 
248.1168 	 0 
248.4071 	 0 
248.4071 	 2 
248.4071 	 1 
248.6857 	 1 
248.6857 	 2 
248.6857 	 0 
248.9760 	 2 
248.9760 	 0 
248.9760 	 1 
249.2662 	 2 
249.2778 	 0 
249.2894 	 1 
249.5565 	 2 
249.5565 	 0 
249.5565 	 1 
250.1137 	 0 
250.1137 	 2 
250.1254 	 1 
250.4272 	 1 
250.4388 	 2 
250.7059 	 2 
250.7059 	 1 
250.7175 	 0 
250.9845 	 2 
250.9845 	 0 
250.9845 	 1 
251.2863 	 2 
251.2863 	 0 
251.2863 	 1 
251.5650 	 0 
251.5766 	 1 
251.5766 	 2 
251.8552 	 2 
251.8552 	 1 
252.1339 	 0 
252.1339 	 1 
252.1455 	 2 
252.4357 	 0 
252.4357 	 1 
252.4357 	 2 
252.7260 	 0 
252.7376 	 1 
252.7376 	 2 
253.0162 	 2 
253.0162 	 0 
253.0278 	 1 
253.2949 	 2 
253.2949 	 1 
253.2949 	 0 
253.5851 	 2 
253.5967 	 1 
253.5967 	 0 
253.8754 	 1 
253.8754 	 2 
253.8754 	 0 
254.1656 	 0 
254.1656 	 2 
254.1772 	 1 
254.4675 	 1 
254.4675 	 0 
254.4675 	 2 
254.7345 	 2 
254.7461 	 0 
254.7461 	 1 
255.0364 	 0 
255.0480 	 1 
255.0480 	 2 
255.3382 	 0 
255.3382 	 1 
255.3382 	 2 
255.4311 	 1 
255.6169 	 1 
255.6169 	 2 
255.6169 	 0 
255.9071 	 2 
255.9187 	 0 
255.9187 	 1 
256.1974 	 1 
256.1974 	 2 
256.1974 	 0 
256.4876 	 2 
256.4876 	 0 
256.4876 	 1 
256.7663 	 0 
256.7663 	 1 
256.7663 	 2 
257.0565 	 2 
257.0565 	 0 
257.0565 	 1 
257.3468 	 2 
257.3468 	 0 
257.3584 	 1 
257.6254 	 2 
257.6370 	 1 
257.6370 	 0 
257.9156 	 2 
257.9156 	 0 
257.9156 	 1 
258.1943 	 1 
258.1943 	 2 
258.2059 	 0 
258.4845 	 0 
258.4845 	 2 
258.4961 	 1 
258.7632 	 2 
258.7632 	 1 
258.7748 	 0 
259.0534 	 2 
259.0534 	 1 
259.3205 	 2 
259.3205 	 0 
259.3205 	 1 
259.6107 	 0 
259.6107 	 2 
259.6107 	 1 
259.8893 	 0 
259.9010 	 2 
259.9010 	 1 
260.2028 	 0 
260.2028 	 1 
260.2144 	 2 
260.4815 	 2 
260.4815 	 0 
260.4815 	 1 
260.7601 	 1 
260.7717 	 2 
260.7717 	 0 
261.0620 	 0 
261.0620 	 1 
261.0736 	 2 
261.3290 	 0 
261.3290 	 1 
261.3290 	 2 
261.3870 	 1 
261.6424 	 1 
261.6541 	 2 
261.9327 	 1 
261.9327 	 0 
261.9327 	 2 
262.2229 	 0 
262.2229 	 2 
262.2346 	 1 
262.4668 	 2 
262.5132 	 0 
262.5248 	 1 
262.5364 	 2 
262.6873 	 2 
262.7918 	 2 
262.7918 	 0 
262.8034 	 1 
263.0937 	 2 
263.0937 	 0 
263.1053 	 1 
263.3839 	 2 
263.3839 	 0 
263.3839 	 1 
263.6626 	 0 
263.6626 	 1 
263.6626 	 2 
263.9644 	 2 
263.9644 	 0 
263.9644 	 1 
264.5566 	 0 
264.5566 	 1 
264.5566 	 2 
264.8352 	 0 
264.8352 	 1 
264.8352 	 2 
265.1254 	 1 
265.1254 	 0 
265.1254 	 2 
265.4157 	 2 
265.4273 	 1 
265.6943 	 2 
265.7059 	 1 
265.7059 	 0 
266.0078 	 1 
266.0078 	 0 
266.0078 	 2 
266.2748 	 0 
266.2748 	 2 
266.2748 	 1 
266.5767 	 1 
266.5767 	 2 
266.5767 	 0 
266.8553 	 2 
266.8669 	 0 
266.8669 	 1 
267.1340 	 0 
267.1340 	 1 
267.1456 	 2 
267.4242 	 2 
267.4242 	 1 
267.4242 	 0 
267.7261 	 2 
267.7261 	 1 
268.0047 	 0 
268.0047 	 2 
268.0047 	 1 
268.3066 	 2 
268.3066 	 0 
268.3066 	 1 
268.5736 	 1 
268.5852 	 2 
268.8639 	 1 
268.8755 	 0 
268.8755 	 2 
269.1773 	 1 
269.1773 	 0 
269.1773 	 2 
269.4444 	 0 
269.4560 	 2 
269.4676 	 1 
269.7462 	 0 
269.7462 	 1 
269.7462 	 2 
270.0597 	 1 
270.0597 	 2 
270.3267 	 2 
270.3267 	 0 
270.3383 	 1 
270.6170 	 1 
270.6170 	 2 
270.8956 	 1 
270.8956 	 2 
270.8956 	 0 
271.1975 	 1 
271.1975 	 2 
271.1975 	 0 
271.4761 	 0 
271.4761 	 2 
271.4761 	 1 
271.7547 	 0 
271.7547 	 1 
271.7663 	 2 
272.0334 	 2 
272.0450 	 1 
272.0450 	 0 
272.3352 	 1 
272.3352 	 2 
272.3352 	 0 
272.6139 	 0 
272.6139 	 2 
272.6139 	 1 
272.8809 	 1 
272.8925 	 0 
272.8925 	 2 
273.1828 	 1 
273.1828 	 2 
273.1828 	 0 
273.4498 	 2 
273.7981 	 2 
273.7981 	 1 
274.0767 	 0 
274.0767 	 1 
274.0767 	 2 
274.3554 	 2 
274.6456 	 1 
274.6456 	 0 
274.6456 	 2 
274.9127 	 2 
274.9127 	 1 
274.9475 	 0 
275.1913 	 1 
275.2261 	 2 
275.4932 	 0 
275.4932 	 1 
275.4932 	 2 
275.7950 	 1 
275.7950 	 2 
276.1085 	 2 
276.1201 	 1 
276.3755 	 2 
276.3755 	 1 
276.3755 	 0 
276.6541 	 2 
276.6541 	 1 
276.9676 	 0 
276.9676 	 1 
276.9792 	 2 
277.2463 	 0 
277.2463 	 1 
277.2579 	 2 
277.8035 	 0 
277.8035 	 1 
277.8035 	 2 
278.0822 	 2 
278.3956 	 0 
278.3956 	 2 
278.3956 	 1 
278.6743 	 1 
278.6743 	 2 
278.9645 	 2 
278.9645 	 0 
278.9645 	 1 
279.2548 	 0 
279.2548 	 2 
279.2548 	 1 
279.5450 	 0 
279.5450 	 2 
279.5450 	 1 
279.8469 	 0 
279.8469 	 2 
279.8469 	 1 
280.1255 	 0 
280.1371 	 2 
280.1371 	 1 
280.4042 	 0 
280.4158 	 1 
280.4158 	 2 
280.7060 	 2 
280.7060 	 0 
280.7060 	 1 
280.9847 	 1 
280.9847 	 2 
280.9847 	 0 
281.2749 	 2 
281.2749 	 0 
281.2749 	 1 
281.5768 	 2 
281.5884 	 1 
281.8554 	 0 
281.8554 	 2 
281.8554 	 1 
282.1457 	 2 
282.1573 	 1 
282.4359 	 2 
282.4359 	 1 
282.4359 	 0 
282.7494 	 1 
282.7494 	 2 
283.0280 	 0 
283.0280 	 2 
283.0396 	 1 
283.3067 	 0 
283.3067 	 1 
283.3067 	 2 
283.5969 	 1 
283.5969 	 0 
283.5969 	 2 
283.8988 	 0 
283.8988 	 2 
283.8988 	 1 
284.1542 	 2 
284.1658 	 0 
284.1658 	 1 
284.4561 	 1 
284.4793 	 2 
284.7231 	 0 
284.7347 	 2 
284.7347 	 1 
285.0249 	 2 
285.0249 	 0 
285.0366 	 1 
285.3152 	 0 
285.3152 	 2 
285.3152 	 1 
285.5822 	 0 
285.5822 	 2 
285.5938 	 1 
285.8725 	 1 
285.8725 	 0 
285.8725 	 2 
286.1279 	 1 
286.1279 	 2 
286.4414 	 2 
286.4646 	 1 
286.7664 	 2 
287.0219 	 2 
287.0219 	 1 
287.3353 	 2 
287.6256 	 0 
287.6256 	 2 
287.6256 	 1 
287.8926 	 1 
287.8926 	 0 
287.9042 	 2 
288.2061 	 0 
288.2061 	 2 
288.2177 	 1 
288.4963 	 0 
288.4963 	 1 
288.4963 	 2 
288.6821 	 2 
288.7866 	 0 
288.7982 	 1 
288.7982 	 2 
289.0768 	 0 
289.0768 	 1 
289.0884 	 2 
289.3671 	 0 
289.3671 	 2 
289.3787 	 1 
289.6573 	 2 
289.6689 	 1 
289.9360 	 0 
289.9476 	 1 
289.9476 	 2 
290.2262 	 2 
290.2262 	 0 
290.2262 	 1 
290.2610 	 1 
290.5165 	 2 
290.5165 	 1 
290.5165 	 0 
290.8067 	 2 
290.8183 	 1 
290.8183 	 0 
291.0970 	 2 
291.0970 	 1 
291.0970 	 0 
291.3872 	 0 
291.3872 	 2 
291.3988 	 1 
291.6775 	 0 
291.6775 	 1 
291.6775 	 2 
291.9677 	 2 
291.9677 	 1 
291.9677 	 0 
292.2580 	 2 
292.2580 	 0 
292.2580 	 1 
292.5366 	 0 
292.5366 	 1 
292.5366 	 2 
292.8152 	 2 
292.8268 	 0 
292.8268 	 1 
293.1055 	 0 
293.1055 	 2 
293.1171 	 1 
293.3957 	 2 
293.3957 	 0 
293.4073 	 1 
293.6860 	 0 
293.6860 	 1 
293.6976 	 2 
293.8834 	 2 
293.9762 	 1 
293.9762 	 2 
293.9762 	 0 
294.2665 	 1 
294.2665 	 2 
294.2665 	 0 
294.5567 	 0 
294.5567 	 2 
294.5567 	 1 
294.8238 	 0 
294.8354 	 1 
294.8354 	 2 
295.1256 	 1 
295.1256 	 0 
295.1256 	 2 
295.4159 	 2 
295.4159 	 0 
295.4275 	 1 
295.7061 	 0 
295.7061 	 1 
295.7061 	 2 
295.9964 	 2 
295.9964 	 1 
295.9964 	 0 
296.2982 	 2 
296.2982 	 0 
296.2982 	 1 
296.5769 	 1 
296.5769 	 0 
296.5769 	 2 
296.8671 	 1 
296.8671 	 0 
296.8671 	 2 
297.1458 	 2 
297.1458 	 0 
297.1574 	 1 
297.4360 	 1 
297.4360 	 2 
297.4360 	 0 
297.7030 	 2 
297.7030 	 0 
297.7146 	 1 
298.0165 	 1 
298.0165 	 0 
298.0165 	 2 
298.3068 	 1 
298.3184 	 0 
298.3184 	 2 
298.5970 	 0 
298.5970 	 1 
298.5970 	 2 
298.8873 	 1 
298.8873 	 2 
299.1775 	 0 
299.1775 	 2 
299.1775 	 1 
299.4561 	 2 
299.4561 	 0 
299.4561 	 1 
299.7464 	 0 
299.7464 	 2 
299.7464 	 1 
300.0366 	 2 
300.0366 	 1 
300.0366 	 0 
300.3385 	 0 
300.3385 	 2 
300.3385 	 1 
300.6404 	 1 
300.6404 	 0 
300.6520 	 2 
300.9074 	 1 
300.9074 	 0 
300.9190 	 2 
301.1976 	 0 
301.2093 	 1 
301.2093 	 2 
301.4879 	 0 
301.4879 	 2 
301.4879 	 1 
301.7665 	 2 
301.7665 	 1 
301.7665 	 0 
302.0568 	 2 
302.0568 	 0 
302.0568 	 1 
302.3470 	 2 
302.3470 	 1 
302.3470 	 0 
302.6373 	 1 
302.6489 	 2 
302.9275 	 2 
302.9391 	 1 
303.2178 	 0 
303.2178 	 2 
303.2178 	 1 
303.5196 	 2 
303.5196 	 1 
303.7983 	 1 
303.7983 	 0 
303.7983 	 2 
304.0653 	 2 
304.0769 	 1 
304.0769 	 0 
304.3672 	 1 
304.3672 	 2 
304.3672 	 0 
304.6458 	 1 
304.6458 	 2 
304.9361 	 2 
304.9361 	 0 
304.9477 	 1 
305.2147 	 0 
305.2263 	 1 
305.2263 	 2 
305.5049 	 0 
305.5049 	 2 
305.5166 	 1 
305.7836 	 2 
305.7836 	 1 
306.0971 	 2 
306.0971 	 1 
306.0971 	 0 
306.3641 	 0 
306.3641 	 2 
306.3757 	 1 
306.6659 	 0 
306.6659 	 1 
306.6659 	 2 
306.9562 	 1 
306.9562 	 2 
306.9562 	 0 
307.2464 	 1 
307.2464 	 2 
307.2580 	 0 
307.5483 	 2 
307.5483 	 1 
307.8269 	 1 
307.8269 	 0 
307.8269 	 2 
308.1288 	 2 
308.1288 	 1 
308.4074 	 0 
308.4190 	 1 
308.4190 	 2 
308.6977 	 1 
308.6977 	 2 
308.6977 	 0 
308.9763 	 0 
308.9879 	 1 
308.9879 	 2 
309.2782 	 1 
309.2782 	 2 
309.2782 	 0 
309.5684 	 0 
309.5684 	 2 
309.5800 	 1 
309.8587 	 2 
309.8587 	 0 
310.1373 	 2 
310.1373 	 1 
310.1373 	 0 
310.4276 	 2 
310.4276 	 0 
310.4276 	 1 
310.7062 	 0 
310.7062 	 2 
310.7178 	 1 
310.9849 	 1 
310.9849 	 0 
310.9849 	 2 
311.2635 	 1 
311.2635 	 2 
311.2635 	 0 
311.5537 	 0 
311.5654 	 2 
311.5654 	 1 
311.7743 	 2 
311.8556 	 1 
312.1459 	 2 
312.1459 	 1 
312.1459 	 0 
312.4361 	 0 
312.4361 	 1 
312.4477 	 2 
312.7380 	 2 
312.7380 	 1 
313.0050 	 2 
313.0166 	 0 
313.0166 	 1 
313.2952 	 1 
313.3068 	 2 
313.3068 	 0 
313.5855 	 1 
313.5971 	 2 
313.5971 	 0 
313.8873 	 0 
313.8873 	 2 
313.8873 	 1 
314.1660 	 2 
314.1660 	 0 
314.1776 	 1 
314.4678 	 1 
314.4678 	 2 
314.7233 	 0 
314.7349 	 1 
314.7349 	 2 
315.0367 	 1 
315.0367 	 2 
315.3386 	 0 
315.3386 	 1 
315.3386 	 2 
315.6172 	 0 
315.6172 	 1 
315.6172 	 2 
315.9075 	 1 
315.9075 	 0 
315.9075 	 2 
316.1861 	 2 
316.1861 	 0 
316.1977 	 1 
316.4764 	 0 
316.4880 	 2 
316.4880 	 1 
316.7898 	 2 
316.7898 	 1 
317.0453 	 0 
317.0569 	 2 
317.0569 	 1 
317.3355 	 1 
317.3471 	 2 
317.6258 	 2 
317.6374 	 0 
317.6374 	 1 
317.9160 	 0 
317.9160 	 2 
317.9160 	 1 
318.2063 	 2 
318.2063 	 0 
318.2063 	 1 
318.4965 	 2 
318.4965 	 1 
318.7868 	 0 
318.7868 	 1 
318.7868 	 2 
319.0886 	 1 
319.0886 	 2 
319.0886 	 0 
319.3556 	 1 
319.3673 	 2 
319.6575 	 1 
319.6575 	 0 
319.6691 	 2 
319.9478 	 1 
319.9478 	 2 
319.9478 	 0 
320.2264 	 0 
320.2380 	 1 
320.2380 	 2 
320.5050 	 0 
320.5050 	 1 
320.5166 	 2 
320.7953 	 2 
320.8069 	 1 
321.0971 	 0 
321.1088 	 1 
321.1088 	 2 
321.3990 	 0 
321.4106 	 1 
321.4106 	 2 
321.6776 	 0 
321.6776 	 1 
321.6776 	 2 
321.9563 	 2 
321.9679 	 1 
322.2581 	 0 
322.2581 	 2 
322.2698 	 1 
322.5368 	 2 
322.5368 	 1 
322.8270 	 1 
322.8270 	 2 
322.8270 	 0 
323.1057 	 2 
323.1057 	 0 
323.1057 	 1 
323.3843 	 2 
323.3843 	 0 
323.3843 	 1 
323.6629 	 0 
323.6746 	 2 
323.6746 	 1 
323.9648 	 2 
323.9648 	 1 
324.5685 	 0 
324.5685 	 1 
324.5685 	 2 
324.8472 	 2 
324.8472 	 1 
324.8588 	 0 
325.1374 	 2 
325.1490 	 1 
325.1490 	 0 
325.4161 	 1 
325.4161 	 2 
325.7063 	 2 
325.7063 	 0 
325.7179 	 1 
326.0082 	 2 
326.0198 	 1 
326.2752 	 2 
326.2752 	 0 
326.2752 	 1 
326.5887 	 1 
326.5887 	 2 
326.8557 	 2 
326.8673 	 0 
326.8673 	 1 
327.1343 	 0 
327.1459 	 2 
327.1459 	 1 
327.4362 	 2 
327.4362 	 1 
327.4362 	 0 
327.7264 	 0 
327.7264 	 2 
327.7380 	 1 
328.0167 	 2 
328.0167 	 0 
328.0167 	 1 
328.3185 	 2 
328.3185 	 1 
328.3185 	 0 
328.5856 	 0 
328.5856 	 2 
328.5856 	 1 
328.8874 	 0 
328.8874 	 1 
328.8990 	 2 
329.1661 	 1 
329.1661 	 2 
329.1661 	 0 
329.4447 	 1 
329.4447 	 0 
329.4563 	 2 
329.7350 	 0 
329.7350 	 1 
329.7350 	 2 
330.0252 	 0 
330.0368 	 1 
330.0368 	 2 
330.3271 	 0 
330.3271 	 2 
330.3387 	 1 
330.6173 	 0 
330.6289 	 2 
330.6289 	 1 
330.8960 	 2 
330.8960 	 0 
330.9076 	 1 
331.2094 	 2 
331.2094 	 0 
331.2094 	 1 
331.4881 	 2 
331.4881 	 0 
331.4881 	 1 
331.7667 	 1 
331.7667 	 0 
331.7667 	 2 
332.0570 	 0 
332.0570 	 1 
332.0570 	 2 
332.3472 	 1 
332.3472 	 2 
332.3472 	 0 
332.6375 	 1 
332.6375 	 2 
332.6375 	 0 
332.9161 	 1 
332.9161 	 2 
332.9161 	 0 
333.1947 	 2 
333.1947 	 0 
333.2063 	 1 
333.4966 	 1 
333.4966 	 2 
333.4966 	 0 
333.7752 	 0 
333.7868 	 1 
333.7868 	 2 
334.0655 	 0 
334.0771 	 1 
334.0771 	 2 
334.3557 	 0 
334.3557 	 1 
334.3673 	 2 
334.6576 	 0 
334.6576 	 1 
334.6576 	 2 
334.9478 	 1 
334.9478 	 2 
334.9478 	 0 
335.2265 	 2 
335.2265 	 0 
335.2381 	 1 
335.5051 	 0 
335.5167 	 2 
335.5167 	 1 
335.8070 	 1 
335.8070 	 2 
335.8070 	 0 
336.0856 	 2 
336.0856 	 1 
336.0856 	 0 
336.3759 	 0 
336.3759 	 2 
336.3759 	 1 
336.6545 	 2 
336.6661 	 1 
336.6661 	 0 
336.7010 	 2 
336.7010 	 1 
336.9564 	 2 
336.9564 	 0 
336.9564 	 1 
337.2466 	 2 
337.2466 	 0 
337.2582 	 1 
337.5369 	 2 
337.5369 	 0 
337.5485 	 1 
337.8271 	 1 
337.8271 	 2 
337.8271 	 0 
338.1174 	 0 
338.1290 	 2 
338.1290 	 1 
338.4076 	 0 
338.4076 	 1 
338.4192 	 2 
338.6863 	 2 
338.6863 	 1 
338.6863 	 0 
338.9765 	 1 
338.9765 	 2 
338.9765 	 0 
339.2551 	 2 
339.2668 	 1 
339.5686 	 1 
339.5686 	 2 
339.5686 	 0 
339.8473 	 2 
339.8473 	 0 
339.8473 	 1 
340.1143 	 2 
340.3929 	 0 
340.3929 	 2 
340.3929 	 1 
340.6948 	 0 
340.6948 	 2 
340.6948 	 1 
340.9734 	 1 
340.9734 	 2 
341.2405 	 1 
341.2521 	 2 
341.2521 	 0 
341.5423 	 2 
341.5423 	 1 
341.5539 	 0 
341.8210 	 2 
341.8210 	 0 
341.8210 	 1 
342.0996 	 1 
342.0996 	 0 
342.0996 	 2 
342.4015 	 1 
342.4015 	 2 
342.4015 	 0 
342.7033 	 2 
342.7033 	 1 
343.0052 	 0 
343.0052 	 2 
343.0052 	 1 
343.2838 	 0 
343.2838 	 1 
343.2838 	 2 
343.5741 	 0 
343.5741 	 1 
343.5857 	 2 
343.8759 	 1 
343.8759 	 2 
343.8759 	 0 
344.1662 	 2 
344.1662 	 1 
344.1662 	 0 
344.4448 	 2 
344.4448 	 1 
344.4448 	 0 
344.7234 	 0 
344.7351 	 2 
344.7351 	 1 
345.0253 	 2 
345.0253 	 1 
345.0253 	 0 
345.3156 	 2 
345.3156 	 0 
345.3156 	 1 
345.5942 	 0 
345.6058 	 1 
345.6058 	 2 
345.8728 	 0 
345.8728 	 2 
345.8844 	 1 
346.1631 	 0 
346.1747 	 2 
346.1747 	 1 
346.4417 	 2 
346.4417 	 1 
346.4417 	 0 
346.7320 	 1 
346.7320 	 0 
346.7320 	 2 
347.0338 	 2 
347.0338 	 0 
347.0338 	 1 
347.3357 	 1 
347.3357 	 2 
347.6143 	 2 
347.6143 	 1 
347.6143 	 0 
347.9046 	 2 
347.9046 	 0 
347.9162 	 1 
348.2064 	 0 
348.2064 	 1 
348.2064 	 2 
348.4967 	 1 
348.4967 	 2 
348.7753 	 1 
348.7869 	 0 
348.7869 	 2 
349.0656 	 0 
349.0656 	 2 
349.0656 	 1 
349.3558 	 0 
349.3674 	 2 
349.3674 	 1 
349.6461 	 1 
349.6461 	 2 
349.6461 	 0 
349.9247 	 0 
349.9247 	 2 
349.9363 	 1 
350.2034 	 2 
350.2150 	 1 
350.4936 	 2 
350.5052 	 1 
350.5052 	 0 
350.7839 	 1 
350.7955 	 2 
350.8071 	 0 
351.0857 	 2 
351.0857 	 1 
351.0857 	 0 
351.3992 	 1 
351.4108 	 2 
351.7243 	 2 
351.7359 	 1 
351.7359 	 0 
352.3048 	 1 
352.3048 	 0 
352.3164 	 2 
352.6298 	 2 
352.9085 	 1 
352.9085 	 0 
352.9085 	 2 
353.2800 	 1 
353.6863 	 2 
353.7328 	 2 
353.8024 	 1 
353.9185 	 2 
353.9185 	 0 
353.9302 	 1 
355.1492 	 2 
355.1492 	 1 
356.2405 	 2 
356.4727 	 2 
356.4960 	 1 
356.5888 	 2 
356.8094 	 1 
357.7382 	 2 
357.8776 	 2 
