0.1858 	 0 
0.1858 	 1 
0.1858 	 2 
0.3019 	 1 
0.3135 	 2 
0.4180 	 1 
0.4180 	 2 
0.5224 	 1 
0.5341 	 2 
0.6385 	 0 
0.6385 	 1 
0.6385 	 2 
0.8475 	 1 
0.8475 	 0 
0.8591 	 2 
0.9636 	 1 
0.9752 	 2 
0.9752 	 0 
1.0797 	 1 
1.0797 	 0 
1.0797 	 2 
1.1958 	 0 
1.1958 	 2 
1.1958 	 1 
1.3003 	 2 
1.3119 	 1 
1.5209 	 1 
1.5209 	 0 
1.5209 	 2 
1.6486 	 1 
1.6486 	 2 
1.7415 	 0 
1.7531 	 1 
1.7531 	 2 
1.8576 	 2 
1.8576 	 1 
1.9621 	 1 
1.9621 	 0 
1.9737 	 2 
2.2407 	 2 
2.2639 	 1 
2.5078 	 2 
2.5426 	 1 
2.7980 	 2 
3.0766 	 1 
3.3553 	 1 
3.6339 	 1 
3.7384 	 2 
3.7384 	 0 
3.7500 	 1 
3.9590 	 1 
3.9590 	 0 
3.9590 	 2 
4.0635 	 2 
4.0635 	 1 
4.1796 	 2 
4.1912 	 0 
4.1912 	 1 
4.4002 	 0 
4.4118 	 2 
4.4118 	 1 
4.5047 	 2 
4.6324 	 2 
4.6324 	 0 
4.6324 	 1 
4.8530 	 1 
4.8530 	 0 
4.8530 	 2 
4.9575 	 1 
4.9575 	 2 
5.0736 	 1 
5.0736 	 0 
5.0736 	 2 
5.2941 	 2 
5.2941 	 1 
5.2941 	 0 
5.5147 	 1 
5.5147 	 2 
5.5147 	 0 
5.7353 	 2 
5.7353 	 0 
5.7469 	 1 
5.8398 	 2 
5.8398 	 1 
5.9559 	 0 
5.9675 	 2 
5.9675 	 1 
6.1765 	 2 
6.1765 	 0 
6.1881 	 1 
6.2810 	 2 
6.4087 	 0 
6.4087 	 1 
6.4087 	 2 
6.6177 	 2 
6.6293 	 1 
6.6293 	 0 
6.7338 	 1 
6.7338 	 2 
6.8499 	 0 
6.8499 	 1 
6.8499 	 2 
7.0705 	 0 
7.0705 	 1 
7.0705 	 2 
7.1750 	 2 
7.2911 	 0 
7.2911 	 1 
7.2911 	 2 
7.4072 	 2 
7.5117 	 2 
7.5233 	 1 
7.6161 	 1 
7.6278 	 2 
7.7439 	 0 
7.7439 	 1 
7.7439 	 2 
7.9528 	 0 
7.9644 	 1 
7.9644 	 2 
8.1850 	 1 
8.1850 	 2 
8.1850 	 0 
8.4056 	 0 
8.4056 	 1 
8.4056 	 2 
8.5101 	 1 
8.5101 	 2 
8.6262 	 2 
8.6262 	 1 
8.6262 	 0 
8.7423 	 2 
8.7423 	 1 
8.8584 	 2 
8.8584 	 1 
8.8584 	 0 
9.0790 	 0 
9.0790 	 2 
9.0790 	 1 
9.1951 	 1 
9.3112 	 1 
9.3112 	 2 
9.4157 	 1 
9.4157 	 2 
9.5202 	 1 
9.5202 	 2 
9.7408 	 0 
9.7408 	 1 
9.7408 	 2 
9.8569 	 2 
9.8569 	 1 
9.9730 	 2 
9.9730 	 0 
9.9730 	 1 
10.0775 	 1 
10.0775 	 0 
10.0891 	 2 
10.1936 	 2 
10.1936 	 1 
10.1936 	 0 
10.4025 	 1 
10.4141 	 0 
10.4141 	 2 
10.5302 	 2 
10.5302 	 0 
10.5302 	 1 
10.6347 	 1 
10.6347 	 0 
10.6347 	 2 
10.7508 	 1 
10.7508 	 2 
10.8553 	 1 
10.8553 	 0 
10.8553 	 2 
11.0643 	 1 
11.0643 	 2 
11.1688 	 1 
11.2965 	 2 
11.2965 	 1 
11.2965 	 0 
11.5171 	 1 
11.5287 	 2 
11.7261 	 1 
11.7377 	 2 
11.7377 	 0 
11.9583 	 0 
11.9583 	 1 
11.9583 	 2 
12.0628 	 1 
12.0628 	 2 
12.1905 	 0 
12.1905 	 1 
12.1905 	 2 
12.3995 	 0 
12.4111 	 1 
12.4111 	 2 
12.6200 	 0 
12.6200 	 1 
12.6317 	 2 
12.8406 	 1 
12.8522 	 2 
12.8522 	 0 
12.9451 	 1 
12.9567 	 2 
13.0728 	 0 
13.0728 	 2 
13.0728 	 1 
13.2934 	 1 
13.2934 	 2 
13.2934 	 0 
13.5140 	 2 
13.5140 	 0 
13.5140 	 1 
13.7462 	 2 
13.7462 	 1 
13.8391 	 1 
13.8507 	 2 
13.9668 	 2 
13.9668 	 1 
13.9668 	 0 
14.1874 	 2 
14.1874 	 1 
14.3964 	 0 
14.4080 	 1 
14.4080 	 2 
14.6286 	 2 
14.6286 	 1 
14.6286 	 0 
14.7215 	 1 
14.7331 	 2 
14.7447 	 1 
14.8492 	 0 
14.8492 	 2 
14.8492 	 1 
15.0698 	 1 
15.0698 	 2 
15.0698 	 0 
15.2903 	 1 
15.2903 	 0 
15.2903 	 2 
15.5225 	 2 
15.6154 	 1 
15.6270 	 2 
15.7431 	 1 
15.7431 	 0 
15.7431 	 2 
15.9637 	 0 
15.9637 	 2 
15.9637 	 1 
16.1727 	 1 
16.1843 	 0 
16.1843 	 2 
16.3933 	 1 
16.4049 	 0 
16.4049 	 2 
16.4978 	 1 
16.5094 	 2 
16.6255 	 0 
16.6255 	 1 
16.6255 	 2 
16.8461 	 2 
16.8461 	 0 
16.8461 	 1 
17.0667 	 0 
17.0667 	 1 
17.0667 	 2 
17.2873 	 2 
17.2873 	 0 
17.2989 	 1 
17.3917 	 1 
17.4034 	 2 
17.5195 	 2 
17.5195 	 0 
17.5195 	 1 
17.7400 	 2 
17.7400 	 1 
17.7400 	 0 
17.8445 	 2 
17.9606 	 1 
17.9606 	 2 
17.9606 	 0 
18.1812 	 2 
18.1812 	 0 
18.1812 	 1 
18.2741 	 1 
18.2857 	 2 
18.4018 	 2 
18.4018 	 0 
18.4018 	 1 
18.6224 	 2 
18.6340 	 1 
18.8430 	 1 
18.8430 	 0 
18.8430 	 2 
19.0752 	 2 
19.0752 	 1 
19.0752 	 0 
19.1681 	 1 
19.1797 	 2 
19.2958 	 1 
19.2958 	 2 
19.2958 	 0 
19.5164 	 2 
19.5164 	 0 
19.5280 	 1 
19.7370 	 0 
19.7370 	 1 
19.7370 	 2 
19.9576 	 1 
19.9576 	 0 
19.9576 	 2 
20.0620 	 1 
20.0620 	 2 
20.1781 	 2 
20.1781 	 0 
20.1898 	 1 
20.3987 	 1 
20.4103 	 2 
20.4103 	 0 
20.6193 	 0 
20.6193 	 2 
20.6309 	 1 
20.8515 	 2 
20.8631 	 1 
20.9560 	 2 
21.0721 	 1 
21.0721 	 0 
21.0721 	 2 
21.2927 	 2 
21.2927 	 1 
21.3972 	 2 
21.5133 	 2 
21.5133 	 0 
21.5133 	 1 
21.6410 	 1 
21.6410 	 2 
21.7571 	 1 
21.7571 	 2 
21.8500 	 1 
21.8616 	 2 
21.9661 	 0 
21.9661 	 2 
21.9661 	 1 
22.1867 	 0 
22.1867 	 2 
22.1867 	 1 
22.3028 	 1 
22.3028 	 0 
22.3028 	 2 
22.4189 	 1 
22.4189 	 0 
22.4189 	 2 
22.5234 	 1 
22.5234 	 2 
22.6395 	 0 
22.6395 	 2 
22.6395 	 1 
22.8484 	 1 
22.8484 	 0 
22.8484 	 2 
22.9645 	 1 
22.9761 	 2 
23.0806 	 2 
23.0806 	 0 
23.0806 	 1 
23.1851 	 2 
23.1967 	 1 
23.2896 	 1 
23.2896 	 2 
23.4289 	 1 
23.5102 	 2 
23.6263 	 2 
23.7308 	 1 
23.7424 	 2 
23.7424 	 0 
23.9630 	 0 
23.9630 	 2 
23.9630 	 1 
24.1836 	 2 
24.1836 	 1 
24.1836 	 0 
24.4042 	 2 
24.4042 	 1 
24.4042 	 0 
24.5087 	 2 
24.5087 	 1 
24.6248 	 1 
24.6248 	 0 
24.6248 	 2 
24.8454 	 0 
24.8570 	 1 
24.8570 	 2 
25.0659 	 1 
25.0659 	 2 
25.0776 	 0 
25.2981 	 0 
25.2981 	 1 
25.2981 	 2 
25.4026 	 2 
25.5187 	 0 
25.5187 	 1 
25.5187 	 2 
25.7393 	 0 
25.7393 	 2 
25.7393 	 1 
25.9599 	 0 
25.9599 	 2 
25.9599 	 1 
26.0644 	 2 
26.1805 	 0 
26.1805 	 2 
26.1921 	 1 
26.2966 	 2 
26.4011 	 0 
26.4127 	 1 
26.4127 	 2 
26.6217 	 2 
26.6217 	 0 
26.6333 	 1 
26.8539 	 0 
26.8539 	 2 
26.8539 	 1 
27.0629 	 0 
27.0745 	 1 
27.0745 	 2 
27.1790 	 2 
27.1790 	 1 
27.2951 	 0 
27.2951 	 2 
27.2951 	 1 
27.5156 	 1 
27.5156 	 0 
27.5156 	 2 
27.7362 	 1 
27.7362 	 2 
27.7362 	 0 
27.9568 	 2 
27.9568 	 1 
28.0497 	 1 
28.1542 	 1 
28.1890 	 2 
28.3980 	 1 
28.4096 	 2 
28.6302 	 0 
28.6302 	 2 
28.6302 	 1 
28.8508 	 2 
28.8508 	 1 
28.8508 	 0 
28.9553 	 2 
29.0714 	 0 
29.0714 	 2 
29.0714 	 1 
29.2920 	 1 
29.2920 	 0 
29.2920 	 2 
29.5126 	 2 
29.5126 	 1 
29.5126 	 0 
29.7332 	 0 
29.7332 	 2 
29.7448 	 1 
29.8376 	 1 
29.8493 	 2 
29.9654 	 2 
29.9654 	 0 
29.9654 	 1 
30.1859 	 1 
30.1859 	 0 
30.1859 	 2 
30.3949 	 0 
30.3949 	 1 
30.4065 	 2 
30.5226 	 2 
30.6271 	 1 
30.6271 	 0 
30.6271 	 2 
30.7316 	 2 
30.8477 	 2 
30.8477 	 0 
30.8477 	 1 
31.0683 	 1 
31.0683 	 0 
31.0683 	 2 
31.2889 	 0 
31.2889 	 2 
31.2889 	 1 
31.5095 	 0 
31.5095 	 2 
31.5211 	 1 
31.6256 	 2 
31.6256 	 1 
31.7417 	 0 
31.7417 	 2 
31.7417 	 1 
31.9623 	 0 
31.9623 	 2 
31.9623 	 1 
32.1829 	 2 
32.1829 	 1 
32.1945 	 0 
32.4034 	 1 
32.4034 	 2 
32.4034 	 0 
32.5079 	 2 
32.5079 	 1 
32.6240 	 0 
32.6240 	 2 
32.6356 	 1 
32.7866 	 2 
32.8446 	 1 
32.8446 	 0 
32.8562 	 2 
33.0652 	 2 
33.0768 	 1 
33.0768 	 0 
33.2858 	 0 
33.2858 	 2 
33.2974 	 1 
33.4019 	 2 
33.5180 	 2 
33.5180 	 0 
33.5180 	 1 
33.7386 	 2 
33.7386 	 0 
33.7386 	 1 
33.9592 	 1 
33.9592 	 2 
33.9592 	 0 
34.1798 	 2 
34.1798 	 0 
34.1798 	 1 
34.2843 	 2 
34.4004 	 2 
34.4004 	 1 
34.4120 	 0 
34.6210 	 0 
34.6326 	 1 
34.6326 	 2 
34.8415 	 1 
34.8532 	 2 
35.0389 	 1 
35.0505 	 2 
35.1666 	 2 
35.2943 	 1 
35.2943 	 0 
35.2943 	 2 
35.5149 	 2 
35.5149 	 0 
35.5149 	 1 
35.7239 	 1 
35.7355 	 2 
35.7355 	 0 
35.9561 	 0 
35.9561 	 1 
35.9561 	 2 
36.0606 	 2 
36.1883 	 2 
36.1883 	 1 
36.1883 	 0 
36.3160 	 1 
36.4089 	 2 
36.6179 	 1 
36.6295 	 0 
36.6295 	 2 
36.7456 	 2 
36.8501 	 2 
36.8501 	 0 
36.9546 	 1 
36.9662 	 2 
37.0707 	 2 
37.0707 	 0 
37.0707 	 1 
37.1868 	 0 
37.1984 	 2 
37.1984 	 1 
37.2912 	 0 
37.3029 	 1 
37.3029 	 2 
37.5118 	 1 
37.5234 	 2 
37.5234 	 0 
37.7324 	 0 
37.7324 	 1 
37.7440 	 2 
37.9414 	 1 
37.9530 	 0 
37.9646 	 2 
38.1852 	 2 
38.1852 	 1 
38.1852 	 0 
38.4058 	 0 
38.4058 	 2 
38.4058 	 1 
38.6264 	 0 
38.6264 	 1 
38.6264 	 2 
38.8470 	 1 
38.8470 	 2 
38.8470 	 0 
39.0676 	 1 
39.0676 	 0 
39.0676 	 2 
39.2882 	 1 
39.2882 	 0 
39.2882 	 2 
39.5088 	 1 
39.5088 	 0 
39.5088 	 2 
39.7410 	 2 
39.7410 	 1 
39.7410 	 0 
39.9499 	 2 
39.9615 	 0 
39.9615 	 1 
40.1705 	 0 
40.1821 	 2 
40.1821 	 1 
40.4027 	 1 
40.4027 	 2 
40.4027 	 0 
40.5072 	 2 
40.5188 	 1 
40.6233 	 2 
40.6233 	 1 
40.6233 	 0 
40.8439 	 2 
40.8555 	 0 
40.8555 	 1 
41.0761 	 0 
41.0761 	 1 
41.0761 	 2 
41.2851 	 1 
41.2967 	 2 
41.3896 	 2 
41.4941 	 1 
41.5057 	 2 
41.5057 	 0 
41.7379 	 0 
41.7379 	 2 
41.7379 	 1 
41.9585 	 1 
41.9585 	 0 
41.9585 	 2 
42.1790 	 1 
42.1790 	 2 
42.1907 	 0 
42.2951 	 2 
42.3996 	 0 
42.3996 	 2 
42.4112 	 1 
42.6086 	 2 
42.6202 	 0 
42.6202 	 1 
42.8408 	 1 
42.8408 	 0 
42.8408 	 2 
43.0614 	 2 
43.0614 	 0 
43.0730 	 1 
43.1775 	 2 
43.1775 	 1 
43.2936 	 1 
43.2936 	 0 
43.2936 	 2 
43.5142 	 0 
43.5258 	 1 
43.5258 	 2 
43.7348 	 0 
43.7348 	 2 
43.7348 	 1 
43.9554 	 0 
43.9554 	 2 
43.9670 	 1 
44.1760 	 0 
44.1876 	 2 
44.1876 	 1 
44.4082 	 2 
44.4082 	 0 
44.4082 	 1 
44.6288 	 2 
44.6288 	 0 
44.6288 	 1 
44.8377 	 1 
44.8377 	 2 
44.9422 	 1 
44.9538 	 2 
45.0699 	 1 
45.0699 	 0 
45.0699 	 2 
45.2905 	 2 
45.2905 	 1 
45.5111 	 0 
45.5111 	 1 
45.5111 	 2 
45.7317 	 2 
45.7433 	 1 
45.9523 	 2 
45.9523 	 0 
45.9639 	 1 
46.1845 	 0 
46.1845 	 2 
46.1845 	 1 
46.3935 	 0 
46.3935 	 2 
46.3935 	 1 
46.4515 	 1 
46.6257 	 0 
46.6257 	 2 
46.7302 	 2 
46.8463 	 1 
46.8463 	 0 
46.8463 	 2 
47.0552 	 1 
47.0668 	 2 
47.0668 	 0 
47.2874 	 2 
47.2990 	 0 
47.2990 	 1 
47.5080 	 0 
47.5080 	 2 
47.5196 	 1 
47.6125 	 1 
47.6241 	 2 
47.7402 	 0 
47.7402 	 2 
47.7402 	 1 
47.9492 	 1 
47.9492 	 0 
47.9608 	 2 
48.1814 	 1 
48.1814 	 2 
48.1814 	 0 
48.4020 	 2 
48.4020 	 1 
48.4020 	 0 
48.5181 	 2 
48.6226 	 1 
48.6226 	 0 
48.6342 	 2 
48.8432 	 1 
48.8548 	 2 
49.0638 	 2 
49.0638 	 1 
49.0638 	 0 
49.2844 	 2 
49.2844 	 1 
49.2844 	 0 
49.5049 	 2 
49.5166 	 0 
49.5166 	 1 
49.6327 	 2 
49.7371 	 2 
49.7488 	 1 
49.9577 	 1 
49.9577 	 2 
49.9577 	 0 
50.0738 	 1 
50.1899 	 1 
50.2015 	 2 
50.3293 	 2 
50.3989 	 2 
50.4105 	 1 
50.6311 	 1 
50.6311 	 2 
50.6311 	 0 
50.7356 	 1 
50.8517 	 0 
50.8517 	 2 
50.8633 	 1 
50.9678 	 1 
50.9678 	 2 
51.0839 	 1 
51.0839 	 0 
51.0839 	 2 
51.2929 	 2 
51.2929 	 1 
51.2929 	 0 
51.4090 	 1 
51.5367 	 2 
51.5367 	 1 
51.6412 	 2 
51.6412 	 1 
51.7341 	 1 
51.7457 	 2 
51.9546 	 2 
52.1868 	 2 
52.1868 	 0 
52.1868 	 1 
52.3958 	 2 
52.4074 	 1 
52.6164 	 1 
52.6280 	 0 
52.6280 	 2 
52.8486 	 1 
52.8486 	 2 
53.0692 	 2 
53.0692 	 1 
53.0808 	 0 
53.2898 	 2 
53.3014 	 0 
53.3130 	 1 
53.5104 	 1 
53.5104 	 0 
53.5104 	 2 
53.7310 	 1 
53.7310 	 0 
53.7426 	 2 
53.8355 	 2 
53.8355 	 1 
53.9632 	 2 
53.9632 	 0 
53.9632 	 1 
54.1838 	 0 
54.1838 	 1 
54.1838 	 2 
54.3695 	 1 
54.4044 	 2 
54.4044 	 0 
54.6133 	 1 
54.6249 	 0 
54.6366 	 2 
54.8455 	 1 
54.8455 	 2 
54.8571 	 0 
55.0661 	 2 
55.0661 	 0 
55.0777 	 1 
55.2867 	 0 
55.2867 	 1 
55.2867 	 2 
55.5189 	 1 
55.5189 	 2 
55.5189 	 0 
55.7395 	 0 
55.7395 	 2 
55.7395 	 1 
55.9601 	 0 
55.9601 	 2 
55.9717 	 1 
56.1807 	 2 
56.1807 	 1 
56.1807 	 0 
56.4013 	 2 
56.4013 	 1 
56.5174 	 2 
56.6219 	 0 
56.6219 	 1 
56.6219 	 2 
56.8424 	 0 
56.8541 	 2 
56.8541 	 1 
57.0630 	 0 
57.0630 	 2 
57.0746 	 1 
57.2488 	 2 
57.2836 	 1 
57.2952 	 0 
57.2952 	 2 
57.5158 	 1 
57.5158 	 2 
57.5158 	 0 
57.7364 	 2 
57.7364 	 0 
57.7364 	 1 
57.9570 	 0 
57.9570 	 1 
57.9570 	 2 
58.1660 	 2 
58.1776 	 1 
58.3982 	 0 
58.3982 	 1 
58.4098 	 2 
58.6188 	 2 
58.6304 	 1 
58.7233 	 1 
58.8394 	 2 
58.8510 	 0 
58.8510 	 1 
59.0600 	 2 
59.0600 	 1 
59.1761 	 1 
59.2922 	 0 
59.2922 	 1 
59.2922 	 2 
59.4663 	 1 
59.4779 	 2 
59.7333 	 2 
59.7333 	 1 
59.7333 	 0 
59.9655 	 2 
60.0584 	 1 
60.1745 	 2 
60.1745 	 1 
60.1861 	 0 
60.4067 	 0 
60.4067 	 2 
60.4067 	 1 
60.5112 	 2 
60.6157 	 0 
60.6157 	 1 
60.6273 	 2 
60.8479 	 1 
60.8479 	 2 
61.0685 	 2 
61.0685 	 1 
61.0685 	 0 
61.2891 	 1 
61.2891 	 2 
61.5097 	 0 
61.5097 	 2 
61.5097 	 1 
61.7419 	 2 
61.7419 	 1 
61.9392 	 2 
61.9508 	 1 
61.9624 	 0 
62.1830 	 1 
62.1830 	 2 
62.3920 	 2 
62.4036 	 0 
62.4036 	 1 
62.6242 	 0 
62.6242 	 1 
62.6242 	 2 
62.8448 	 1 
62.8448 	 0 
62.8448 	 2 
63.0654 	 0 
63.0654 	 2 
63.0654 	 1 
63.2860 	 0 
63.2860 	 2 
63.2860 	 1 
63.5066 	 2 
63.5182 	 1 
63.5182 	 0 
63.6227 	 2 
63.7388 	 0 
63.7388 	 2 
63.7388 	 1 
63.9594 	 1 
63.9594 	 0 
63.9594 	 2 
64.1800 	 1 
64.1800 	 0 
64.1800 	 2 
64.4005 	 2 
64.4005 	 0 
64.4005 	 1 
64.6211 	 1 
64.6211 	 0 
64.6211 	 2 
64.8301 	 2 
64.8417 	 1 
65.0623 	 2 
65.0623 	 0 
65.0623 	 1 
65.2829 	 2 
65.2945 	 1 
65.3990 	 2 
65.5035 	 1 
65.5151 	 2 
65.5151 	 0 
65.7357 	 2 
65.7473 	 1 
65.9447 	 1 
65.9563 	 2 
65.9563 	 0 
66.1769 	 1 
66.1769 	 2 
66.4091 	 1 
66.4091 	 2 
66.5948 	 2 
66.6297 	 1 
66.8270 	 2 
66.8386 	 1 
66.8386 	 0 
67.0708 	 1 
67.0824 	 2 
67.2798 	 2 
67.2798 	 1 
67.5120 	 1 
67.5120 	 0 
67.5236 	 2 
67.7326 	 2 
67.7326 	 1 
67.7326 	 0 
67.9532 	 2 
67.9532 	 0 
67.9648 	 1 
68.0461 	 1 
68.0693 	 2 
68.1738 	 2 
68.1738 	 0 
68.1738 	 1 
68.4060 	 2 
68.4060 	 1 
68.6150 	 1 
68.6266 	 0 
68.6266 	 2 
68.8472 	 1 
68.8472 	 2 
68.9517 	 1 
69.0561 	 2 
69.0678 	 1 
69.0678 	 0 
69.2883 	 1 
69.2883 	 2 
69.5089 	 1 
69.5089 	 2 
69.5089 	 0 
69.7179 	 1 
69.7295 	 2 
69.7411 	 0 
69.9617 	 0 
69.9617 	 1 
69.9617 	 2 
70.1823 	 0 
70.1823 	 2 
70.1939 	 1 
70.4029 	 2 
70.4029 	 0 
70.4029 	 1 
70.6235 	 2 
70.6235 	 1 
70.7280 	 2 
70.8441 	 0 
70.8441 	 2 
70.8441 	 1 
71.0647 	 1 
71.0647 	 0 
71.0763 	 2 
71.2853 	 2 
71.2853 	 0 
71.2853 	 1 
71.5059 	 0 
71.5175 	 1 
71.5175 	 2 
71.6103 	 1 
71.6220 	 2 
71.7380 	 0 
71.7380 	 2 
71.7380 	 1 
71.9586 	 1 
71.9586 	 0 
71.9586 	 2 
72.1792 	 1 
72.1792 	 2 
72.1792 	 0 
72.4927 	 1 
72.6320 	 2 
72.8410 	 1 
72.8410 	 2 
72.8410 	 0 
73.0616 	 2 
73.0616 	 0 
73.0732 	 1 
73.2822 	 2 
73.2938 	 0 
73.3054 	 1 
73.4099 	 2 
73.5028 	 1 
73.5144 	 2 
73.5144 	 0 
73.7350 	 2 
73.8395 	 2 
73.9556 	 2 
73.9556 	 0 
73.9556 	 1 
74.1761 	 1 
74.1878 	 2 
74.3967 	 2 
74.3967 	 1 
74.4083 	 0 
74.6173 	 2 
74.6289 	 1 
74.8495 	 1 
74.8495 	 2 
74.9540 	 1 
75.0121 	 2 
75.2907 	 1 
75.2907 	 2 
75.2907 	 0 
75.4765 	 2 
75.5113 	 1 
75.7319 	 2 
75.7319 	 1 
75.9873 	 1 
75.9873 	 2 
76.0686 	 1 
76.1847 	 1 
76.1847 	 2 
76.2892 	 2 
76.4053 	 1 
76.4053 	 0 
76.4053 	 2 
76.5214 	 1 
76.5330 	 2 
76.6259 	 1 
76.6259 	 0 
76.6375 	 2 
77.0554 	 2 
77.0554 	 1 
77.3805 	 2 
77.3921 	 1 
77.5082 	 2 
77.5082 	 1 
77.8681 	 2 
77.9610 	 1 
78.0190 	 1 
78.0307 	 2 
78.1584 	 2 
78.4022 	 2 
78.4022 	 1 
78.6112 	 2 
78.6228 	 1 
78.6460 	 2 
78.8434 	 1 
78.8434 	 2 
79.0175 	 2 
79.2845 	 1 
79.2845 	 2 
79.4122 	 1 
79.7141 	 2 
79.8418 	 2 
79.8418 	 0 
79.8534 	 1 
80.1669 	 1 
80.2017 	 2 
80.3875 	 1 
80.6197 	 1 
80.6197 	 2 
80.8403 	 2 
80.8519 	 1 
81.0609 	 1 
81.0609 	 2 
81.2698 	 2 
81.4092 	 1 
81.4092 	 2 
81.5020 	 2 
81.5020 	 1 
81.7459 	 2 
81.8039 	 1 
81.8155 	 2 
81.9432 	 2 
82.1638 	 1 
82.1638 	 2 
82.3960 	 2 
82.3960 	 1 
82.5005 	 2 
82.5121 	 1 
82.6166 	 2 
82.8256 	 2 
82.8372 	 0 
82.8372 	 1 
83.0694 	 2 
83.2784 	 1 
83.2900 	 2 
83.5106 	 2 
83.5106 	 0 
83.5106 	 1 
83.7312 	 2 
83.7312 	 0 
83.7312 	 1 
83.9517 	 1 
83.9517 	 2 
83.9634 	 0 
84.0562 	 1 
84.0678 	 2 
84.1839 	 2 
84.1839 	 0 
84.1839 	 1 
84.3929 	 0 
84.4045 	 2 
84.4045 	 1 
84.6251 	 1 
84.6251 	 0 
84.6251 	 2 
84.8457 	 0 
84.8457 	 2 
84.8457 	 1 
84.9502 	 2 
84.9502 	 1 
85.0663 	 1 
85.0663 	 2 
85.0779 	 0 
85.2869 	 0 
85.2869 	 2 
85.2985 	 1 
85.5075 	 1 
85.5075 	 0 
85.5075 	 2 
85.7281 	 2 
85.7397 	 1 
85.7397 	 0 
85.8326 	 2 
85.8442 	 1 
85.9603 	 2 
85.9603 	 0 
85.9603 	 1 
86.1809 	 2 
86.1809 	 1 
86.1809 	 0 
86.2854 	 2 
86.4015 	 2 
86.4015 	 1 
86.4015 	 0 
86.6220 	 2 
86.6220 	 1 
86.6220 	 0 
86.7265 	 2 
86.7265 	 1 
86.8426 	 2 
86.8426 	 1 
86.8426 	 0 
87.0632 	 0 
87.0748 	 2 
87.0748 	 1 
87.2838 	 1 
87.2838 	 2 
87.2838 	 0 
87.5160 	 1 
87.5160 	 2 
87.6089 	 1 
87.6205 	 2 
87.7366 	 1 
87.7366 	 0 
87.7366 	 2 
87.9572 	 2 
87.9572 	 1 
87.9572 	 0 
88.1778 	 0 
88.1778 	 2 
88.1778 	 1 
88.3984 	 0 
88.3984 	 2 
88.3984 	 1 
88.5029 	 2 
88.5145 	 1 
88.6306 	 2 
88.6306 	 0 
88.6306 	 1 
88.7351 	 2 
88.7467 	 1 
88.8512 	 2 
88.8512 	 0 
88.8512 	 1 
89.0717 	 1 
89.0717 	 0 
89.0717 	 2 
89.1878 	 1 
89.3039 	 1 
89.3039 	 0 
89.3156 	 2 
89.4084 	 2 
89.4084 	 1 
89.5129 	 2 
89.5245 	 1 
89.7335 	 2 
89.7335 	 0 
89.7335 	 1 
89.8612 	 1 
89.8612 	 2 
89.8612 	 0 
89.9657 	 2 
89.9657 	 0 
89.9657 	 1 
90.0702 	 1 
90.0818 	 0 
90.0818 	 2 
90.1863 	 2 
90.1863 	 1 
90.1863 	 0 
90.3953 	 1 
90.4069 	 2 
90.4069 	 0 
90.5230 	 1 
90.5230 	 0 
90.5230 	 2 
90.6275 	 2 
90.6391 	 1 
90.7436 	 1 
90.7436 	 2 
90.8481 	 2 
91.0687 	 0 
91.2893 	 0 
91.2893 	 2 
91.2893 	 1 
91.5098 	 0 
91.5215 	 1 
91.5215 	 2 
91.7304 	 1 
91.7304 	 2 
91.7304 	 0 
91.9626 	 1 
91.9626 	 2 
92.1716 	 1 
92.1832 	 2 
92.1832 	 0 
92.4038 	 1 
92.4038 	 0 
92.4038 	 2 
92.6128 	 1 
92.6244 	 2 
92.6244 	 0 
92.8450 	 1 
92.8450 	 0 
92.8450 	 2 
92.9495 	 2 
93.0656 	 0 
93.0656 	 1 
93.0656 	 2 
93.2978 	 1 
93.2978 	 2 
93.2978 	 0 
93.5068 	 0 
93.5068 	 1 
93.5184 	 2 
93.7273 	 0 
93.7273 	 1 
93.7390 	 2 
93.8434 	 2 
93.9595 	 0 
93.9595 	 1 
93.9595 	 2 
94.1801 	 2 
94.1801 	 1 
94.1801 	 0 
94.2962 	 2 
94.4007 	 1 
94.4007 	 2 
94.4007 	 0 
94.6213 	 1 
94.6213 	 2 
94.6213 	 0 
94.7258 	 2 
94.7839 	 1 
94.8419 	 2 
95.0625 	 1 
95.0741 	 2 
95.0741 	 0 
95.2831 	 2 
95.2831 	 1 
95.2947 	 0 
95.5037 	 0 
95.5037 	 2 
95.5153 	 1 
95.6082 	 1 
95.6082 	 2 
95.7243 	 1 
95.7243 	 2 
95.7359 	 0 
95.9565 	 0 
95.9565 	 1 
95.9565 	 2 
96.1654 	 1 
96.1771 	 2 
96.1771 	 0 
96.3976 	 1 
96.3976 	 2 
96.3976 	 0 
96.5021 	 2 
96.5021 	 1 
96.6182 	 1 
96.6182 	 2 
96.6298 	 0 
96.8504 	 1 
96.8504 	 2 
97.0594 	 1 
97.0710 	 0 
97.0710 	 2 
97.2916 	 2 
97.4077 	 2 
97.5122 	 0 
97.5122 	 1 
97.5122 	 2 
97.7328 	 2 
97.7328 	 0 
97.7444 	 1 
97.9534 	 1 
97.9534 	 0 
97.9534 	 2 
98.1740 	 2 
98.1856 	 0 
98.1856 	 1 
98.4062 	 2 
98.4062 	 0 
98.4062 	 1 
98.6268 	 0 
98.6268 	 1 
98.6268 	 2 
98.8357 	 1 
98.8473 	 2 
98.8473 	 0 
99.0679 	 1 
99.0679 	 0 
99.0679 	 2 
99.1608 	 1 
99.1724 	 2 
99.2885 	 0 
99.2885 	 1 
99.2885 	 2 
99.5207 	 1 
99.5207 	 2 
99.7297 	 0 
99.7297 	 1 
99.7413 	 2 
99.9503 	 0 
99.9503 	 1 
99.9619 	 2 
100.0664 	 2 
100.1825 	 2 
100.1825 	 0 
100.1825 	 1 
100.6237 	 2 
100.6237 	 0 
100.6237 	 1 
100.8443 	 0 
100.8443 	 1 
100.8443 	 2 
100.9488 	 2 
101.0649 	 2 
101.0649 	 1 
101.0649 	 0 
101.2971 	 2 
101.5060 	 1 
101.5060 	 2 
101.5060 	 0 
101.7382 	 1 
101.7382 	 2 
101.7382 	 0 
101.8427 	 2 
101.9472 	 1 
101.9588 	 0 
101.9588 	 2 
102.1794 	 1 
102.1794 	 2 
102.1794 	 0 
102.3884 	 1 
102.4000 	 2 
102.4000 	 0 
102.6090 	 2 
102.6206 	 1 
102.8412 	 2 
102.8412 	 1 
103.0618 	 0 
103.0734 	 2 
103.0734 	 1 
103.2475 	 2 
103.2824 	 0 
103.2824 	 1 
103.2940 	 2 
103.5029 	 1 
103.5146 	 0 
103.5146 	 2 
103.6190 	 2 
103.7351 	 0 
103.7351 	 2 
103.7351 	 1 
103.9557 	 2 
103.9557 	 1 
104.1763 	 2 
104.1763 	 1 
104.1763 	 0 
104.3040 	 2 
104.3737 	 1 
104.4201 	 2 
104.6175 	 1 
104.6291 	 2 
104.6291 	 0 
104.8497 	 0 
104.8497 	 1 
104.8613 	 2 
105.0587 	 1 
105.0703 	 2 
105.2793 	 1 
105.2909 	 2 
105.3954 	 2 
105.4999 	 1 
105.5115 	 0 
105.5115 	 2 
105.7321 	 0 
105.7321 	 2 
105.7321 	 1 
105.9527 	 1 
105.9527 	 0 
105.9527 	 2 
106.1732 	 0 
106.1732 	 1 
106.1732 	 2 
106.2893 	 2 
106.3938 	 0 
106.4054 	 1 
106.4054 	 2 
106.6144 	 0 
106.6144 	 1 
106.6260 	 2 
106.8350 	 1 
106.8466 	 2 
106.8466 	 0 
107.0672 	 0 
107.0672 	 1 
107.0672 	 2 
107.1717 	 2 
107.2878 	 2 
107.2878 	 1 
107.2878 	 0 
107.5084 	 1 
107.5084 	 0 
107.5084 	 2 
107.7290 	 1 
107.7406 	 0 
107.7406 	 2 
107.9380 	 2 
107.9612 	 1 
108.0541 	 1 
108.1818 	 1 
108.1818 	 2 
108.1818 	 0 
108.4024 	 1 
108.4024 	 2 
108.4024 	 0 
108.6229 	 1 
108.6229 	 0 
108.6229 	 2 
108.8435 	 2 
108.9480 	 2 
109.0641 	 1 
109.0641 	 0 
109.0641 	 2 
109.2847 	 2 
109.2847 	 1 
109.2847 	 0 
109.5053 	 1 
109.5169 	 0 
109.5169 	 2 
109.7259 	 0 
109.7259 	 1 
109.7259 	 2 
109.8420 	 2 
109.9581 	 1 
109.9581 	 0 
109.9581 	 2 
110.1787 	 2 
110.1787 	 0 
110.1787 	 1 
110.3993 	 0 
110.3993 	 2 
110.3993 	 1 
110.6199 	 0 
110.6199 	 2 
110.6315 	 1 
110.7244 	 2 
110.8405 	 1 
110.8405 	 2 
110.8521 	 0 
111.0378 	 1 
111.0610 	 0 
111.0727 	 2 
111.2816 	 1 
111.2816 	 2 
111.2932 	 0 
111.5022 	 0 
111.5022 	 1 
111.5022 	 2 
111.6183 	 2 
111.7344 	 0 
111.7344 	 2 
111.7344 	 1 
111.8505 	 2 
111.9550 	 2 
111.9550 	 1 
112.1756 	 1 
112.1872 	 2 
112.3846 	 1 
112.3962 	 2 
112.5007 	 2 
112.6168 	 2 
112.6168 	 1 
112.6284 	 0 
112.8374 	 1 
112.8490 	 2 
112.8490 	 0 
113.0580 	 1 
113.0696 	 0 
113.0696 	 2 
113.2902 	 2 
113.3946 	 2 
113.5107 	 0 
113.5107 	 2 
113.5107 	 1 
113.6733 	 2 
113.7313 	 1 
113.7313 	 2 
113.9519 	 2 
113.9519 	 0 
113.9519 	 1 
114.1725 	 0 
114.1841 	 2 
114.4047 	 1 
114.4047 	 0 
114.4047 	 2 
114.6137 	 1 
114.6137 	 0 
114.6137 	 2 
114.8459 	 2 
114.8459 	 1 
114.8459 	 0 
115.0665 	 0 
115.0665 	 2 
115.0781 	 1 
115.1710 	 2 
115.2871 	 1 
115.2987 	 2 
115.4264 	 1 
115.5077 	 2 
115.7283 	 0 
115.7283 	 2 
115.7283 	 1 
115.9488 	 2 
115.9488 	 1 
116.0766 	 2 
116.1810 	 2 
116.1810 	 1 
116.1810 	 0 
116.3900 	 2 
116.4016 	 1 
116.6106 	 0 
116.6106 	 1 
116.6106 	 2 
116.8312 	 1 
116.8428 	 0 
116.8544 	 2 
116.9589 	 1 
116.9589 	 2 
117.0634 	 1 
117.0634 	 0 
117.0750 	 2 
117.1795 	 2 
117.2956 	 2 
117.2956 	 0 
117.2956 	 1 
117.5162 	 2 
117.5162 	 1 
117.5162 	 0 
117.6323 	 2 
117.7484 	 2 
117.7484 	 1 
117.8529 	 2 
117.8645 	 1 
117.9574 	 2 
117.9690 	 1 
118.1780 	 0 
118.1780 	 1 
118.1896 	 2 
118.2941 	 1 
118.3057 	 2 
118.4102 	 1 
118.4102 	 2 
118.5146 	 1 
118.5263 	 2 
118.6307 	 2 
118.6307 	 1 
118.6307 	 0 
118.8397 	 2 
118.8397 	 1 
118.8397 	 0 
119.0719 	 1 
119.0835 	 2 
119.1880 	 2 
119.1880 	 1 
119.3041 	 2 
119.4551 	 1 
119.5015 	 2 
119.6176 	 1 
119.6292 	 2 
119.7337 	 1 
119.7337 	 2 
119.8846 	 2 
119.8962 	 1 
120.0936 	 2 
120.1052 	 1 
120.1749 	 1 
120.1749 	 2 
120.4071 	 1 
120.4071 	 2 
120.5116 	 2 
120.5116 	 1 
120.6277 	 1 
120.6277 	 0 
120.6277 	 2 
120.7554 	 2 
120.8134 	 1 
120.8599 	 2 
121.0572 	 0 
121.0572 	 1 
121.0688 	 2 
121.2894 	 0 
121.2894 	 2 
121.2894 	 1 
121.5100 	 0 
121.5100 	 1 
121.5100 	 2 
121.7306 	 1 
121.7422 	 2 
121.8351 	 2 
121.9512 	 0 
121.9512 	 2 
121.9512 	 1 
122.1718 	 2 
122.1718 	 1 
122.4040 	 2 
122.4040 	 1 
122.4040 	 0 
122.6246 	 2 
122.6362 	 1 
122.7291 	 2 
122.8452 	 2 
122.8452 	 0 
122.8452 	 1 
122.9497 	 2 
123.0541 	 1 
123.0658 	 2 
123.1586 	 1 
123.2863 	 0 
123.2863 	 2 
123.2863 	 1 
123.5069 	 2 
123.5069 	 1 
123.5185 	 0 
123.7275 	 2 
123.7275 	 1 
123.7275 	 0 
123.9597 	 2 
123.9597 	 1 
124.1803 	 1 
124.1803 	 0 
124.1803 	 2 
124.4009 	 1 
124.4125 	 2 
124.6215 	 0 
124.6215 	 1 
124.6215 	 2 
124.8305 	 1 
124.8421 	 2 
124.8421 	 0 
125.0627 	 1 
125.0743 	 0 
125.0743 	 2 
125.2833 	 1 
125.2833 	 2 
125.5039 	 2 
125.5039 	 1 
125.5039 	 0 
125.7128 	 2 
125.7244 	 1 
125.9566 	 0 
125.9566 	 1 
125.9566 	 2 
126.1772 	 2 
126.1888 	 1 
126.3862 	 1 
126.3978 	 2 
126.5952 	 2 
126.6184 	 1 
126.8390 	 0 
126.8506 	 2 
126.8506 	 1 
127.0596 	 2 
127.0596 	 1 
127.2802 	 2 
127.2802 	 0 
127.2802 	 1 
127.5124 	 2 
127.5240 	 1 
127.7330 	 1 
127.7330 	 2 
127.8723 	 2 
127.9303 	 1 
127.9420 	 2 
128.1741 	 2 
128.1741 	 1 
128.1741 	 0 
128.3947 	 2 
128.3947 	 1 
128.5108 	 2 
128.6153 	 1 
128.6269 	 2 
128.6269 	 0 
128.8359 	 2 
128.8475 	 1 
129.0565 	 0 
129.0565 	 2 
129.0681 	 1 
129.2771 	 1 
129.3003 	 2 
129.3816 	 1 
129.4048 	 2 
129.5093 	 1 
129.5093 	 2 
129.5093 	 0 
129.7299 	 2 
129.7299 	 1 
129.9505 	 1 
129.9505 	 2 
129.9505 	 0 
130.1711 	 2 
130.1711 	 1 
130.1827 	 0 
130.2756 	 2 
130.4033 	 1 
130.4033 	 2 
130.4033 	 0 
130.6239 	 1 
130.6239 	 2 
130.8328 	 1 
130.8328 	 2 
130.8444 	 0 
131.0650 	 2 
131.0650 	 1 
131.0650 	 0 
131.2856 	 0 
131.2856 	 2 
131.2972 	 1 
131.5062 	 0 
131.5062 	 2 
131.5062 	 1 
131.7268 	 2 
131.7268 	 1 
131.7384 	 0 
131.9474 	 0 
131.9590 	 2 
131.9590 	 1 
132.1796 	 0 
132.1796 	 2 
132.1796 	 1 
132.4002 	 0 
132.4002 	 1 
132.4002 	 2 
132.6208 	 2 
132.6208 	 0 
132.6208 	 1 
132.8414 	 2 
132.8530 	 1 
132.9459 	 2 
132.9459 	 1 
133.0620 	 2 
133.0620 	 0 
133.0620 	 1 
133.2825 	 2 
133.2825 	 0 
133.5031 	 1 
133.5031 	 2 
133.5031 	 0 
133.7237 	 1 
133.7353 	 2 
133.8398 	 2 
133.9559 	 2 
133.9559 	 1 
134.0720 	 2 
134.1765 	 2 
134.1765 	 1 
134.3739 	 2 
134.3855 	 1 
134.5132 	 2 
134.6177 	 2 
134.6409 	 1 
134.8383 	 2 
134.8499 	 1 
134.9660 	 2 
135.0008 	 1 
135.0124 	 2 
135.0705 	 2 
135.2795 	 2 
135.2795 	 0 
135.2795 	 1 
135.5000 	 1 
135.5117 	 0 
135.5117 	 2 
135.7322 	 1 
135.7322 	 2 
135.7439 	 0 
135.9528 	 2 
135.9528 	 0 
135.9644 	 1 
136.1734 	 0 
136.1734 	 2 
136.1734 	 1 
136.3940 	 2 
136.3940 	 1 
136.4056 	 0 
136.5101 	 2 
136.6146 	 1 
136.6262 	 0 
136.6262 	 2 
136.8352 	 2 
136.8468 	 1 
137.0558 	 0 
137.0674 	 1 
137.0674 	 2 
137.2880 	 0 
137.2880 	 2 
137.2880 	 1 
137.3809 	 1 
137.5086 	 0 
137.5086 	 2 
137.5086 	 1 
137.7292 	 1 
137.7408 	 0 
137.7408 	 2 
137.9498 	 0 
137.9498 	 2 
137.9498 	 1 
138.1703 	 1 
138.1820 	 2 
138.4025 	 0 
138.4025 	 1 
138.4025 	 2 
138.6231 	 1 
138.6231 	 2 
138.8321 	 1 
138.8437 	 2 
138.8437 	 0 
139.0643 	 2 
139.0643 	 0 
139.0759 	 1 
139.1804 	 1 
139.2849 	 1 
139.2849 	 2 
139.2849 	 0 
139.3313 	 2 
139.3313 	 1 
139.5055 	 2 
139.5055 	 0 
139.5171 	 1 
139.7261 	 1 
139.7261 	 0 
139.7261 	 2 
139.9467 	 2 
139.9583 	 1 
140.1789 	 2 
140.1789 	 1 
140.1789 	 0 
140.3995 	 2 
140.3995 	 1 
140.6200 	 1 
140.6200 	 2 
140.6200 	 0 
140.8406 	 2 
140.8406 	 1 
141.0612 	 1 
141.0612 	 0 
141.0728 	 2 
141.2934 	 0 
141.2934 	 2 
141.2934 	 1 
141.4095 	 2 
141.5024 	 2 
141.5024 	 0 
141.5024 	 1 
141.7114 	 2 
141.7462 	 1 
141.9320 	 2 
141.9552 	 1 
142.1177 	 1 
142.1758 	 2 
142.3964 	 0 
142.3964 	 2 
142.3964 	 1 
142.6170 	 2 
142.6170 	 0 
142.6170 	 1 
142.7215 	 2 
142.8492 	 1 
142.8492 	 0 
142.8492 	 2 
143.0698 	 2 
143.0698 	 0 
143.2323 	 1 
143.2787 	 0 
143.2903 	 2 
143.6270 	 1 
143.7083 	 2 
143.7431 	 1 
143.8592 	 2 
143.9637 	 1 
143.9637 	 2 
144.1727 	 0 
144.1727 	 1 
144.1959 	 2 
144.4281 	 1 
144.6139 	 2 
144.6139 	 1 
144.8345 	 1 
144.8461 	 2 
145.0667 	 2 
145.0667 	 1 
145.4150 	 2 
145.4266 	 1 
145.5078 	 2 
145.6007 	 2 
145.6007 	 1 
145.6472 	 1 
145.7168 	 2 
145.9374 	 2 
145.9490 	 1 
146.1928 	 1 
146.1928 	 2 
146.3902 	 2 
146.4018 	 1 
146.5876 	 2 
146.7037 	 2 
146.8314 	 2 
146.8430 	 1 
147.1913 	 2 
147.1913 	 1 
147.4003 	 2 
147.4003 	 1 
147.7254 	 1 
147.7254 	 2 
147.7370 	 0 
147.9692 	 1 
148.1665 	 1 
148.1665 	 2 
148.1665 	 0 
148.4103 	 1 
148.6077 	 2 
148.6077 	 1 
148.9676 	 1 
148.9676 	 2 
149.0605 	 1 
149.3507 	 2 
149.3740 	 1 
149.5017 	 2 
149.5365 	 1 
149.7223 	 1 
149.7339 	 2 
149.9545 	 1 
149.9545 	 2 
150.0357 	 1 
150.0357 	 2 
150.1867 	 1 
150.3840 	 2 
150.3840 	 1 
150.4537 	 2 
150.7439 	 2 
150.8368 	 1 
150.8484 	 2 
150.9297 	 2 
151.0574 	 0 
151.0574 	 2 
151.0574 	 1 
152.7409 	 1 
153.0659 	 2 
153.0659 	 1 
153.2865 	 2 
153.2865 	 0 
153.2865 	 1 
153.3910 	 1 
153.4026 	 2 
153.5071 	 2 
153.5071 	 1 
153.5071 	 0 
153.7277 	 2 
153.7393 	 1 
153.9483 	 0 
153.9483 	 2 
153.9483 	 1 
154.1805 	 1 
154.1805 	 2 
154.1805 	 0 
154.2850 	 1 
154.2850 	 2 
154.4011 	 1 
154.4011 	 0 
154.4011 	 2 
154.6217 	 2 
154.6217 	 0 
154.6217 	 1 
154.7378 	 1 
154.8307 	 0 
154.8423 	 2 
154.8423 	 1 
155.0629 	 0 
155.0629 	 1 
155.0745 	 2 
155.2834 	 0 
155.2951 	 1 
155.2951 	 2 
155.4924 	 2 
155.5040 	 0 
155.5156 	 1 
155.6085 	 2 
155.7246 	 0 
155.7246 	 1 
155.7246 	 2 
155.9452 	 2 
155.9452 	 1 
156.1774 	 1 
156.1774 	 2 
156.1774 	 0 
156.3864 	 1 
156.3980 	 0 
156.3980 	 2 
156.6186 	 1 
156.6186 	 2 
156.7231 	 2 
156.7347 	 1 
156.8392 	 1 
156.8392 	 0 
156.8392 	 2 
156.9437 	 2 
157.0598 	 0 
157.0598 	 1 
157.0598 	 2 
157.2804 	 0 
157.2804 	 1 
157.2920 	 2 
157.5010 	 1 
157.5010 	 0 
157.5010 	 2 
157.7215 	 1 
157.7215 	 0 
157.7215 	 2 
157.8376 	 1 
157.8376 	 2 
157.9537 	 1 
157.9537 	 0 
157.9537 	 2 
158.1743 	 1 
158.1743 	 0 
158.1743 	 2 
158.2788 	 1 
158.3949 	 0 
158.3949 	 2 
158.3949 	 1 
158.5110 	 1 
158.6155 	 2 
158.6155 	 0 
158.6271 	 1 
158.7316 	 1 
158.7316 	 2 
158.8477 	 0 
158.8477 	 1 
158.8477 	 2 
159.0567 	 1 
159.0683 	 0 
159.0799 	 2 
159.2773 	 1 
159.2889 	 2 
159.2889 	 0 
159.5095 	 2 
159.6024 	 1 
159.6140 	 2 
159.7301 	 0 
159.7301 	 1 
159.7301 	 2 
159.9507 	 2 
160.0203 	 1 
160.1712 	 1 
160.1712 	 0 
160.1712 	 2 
160.4034 	 2 
160.6240 	 1 
160.6240 	 2 
160.8446 	 1 
160.8446 	 0 
160.8446 	 2 
161.0536 	 1 
161.0652 	 0 
161.0652 	 2 
161.2742 	 1 
161.2858 	 2 
161.3903 	 2 
161.5064 	 0 
161.5064 	 2 
161.5064 	 1 
161.7270 	 1 
161.7270 	 2 
161.7386 	 0 
161.9476 	 2 
161.9476 	 1 
161.9476 	 0 
162.1682 	 2 
162.1682 	 1 
162.1682 	 0 
162.2727 	 1 
162.4004 	 1 
162.4004 	 0 
162.4004 	 2 
162.6093 	 0 
162.6210 	 1 
162.6210 	 2 
162.8299 	 1 
162.8415 	 2 
162.8415 	 0 
163.0621 	 1 
163.0621 	 0 
163.0621 	 2 
163.1666 	 1 
163.1666 	 2 
163.2943 	 0 
163.2943 	 2 
163.2943 	 1 
163.5149 	 0 
163.5149 	 2 
163.5149 	 1 
163.6078 	 1 
163.7239 	 1 
163.7239 	 2 
163.7239 	 0 
163.8748 	 1 
163.9445 	 2 
164.1767 	 0 
164.1767 	 1 
164.1883 	 2 
164.3973 	 0 
164.3973 	 2 
164.3973 	 1 
164.6063 	 1 
164.6179 	 0 
164.6179 	 2 
164.8385 	 1 
164.8385 	 2 
164.9429 	 2 
164.9546 	 1 
165.0590 	 1 
165.0707 	 0 
165.0707 	 2 
165.2796 	 1 
165.2796 	 2 
165.2796 	 0 
165.3957 	 1 
165.5002 	 2 
165.5118 	 1 
165.5118 	 0 
165.7208 	 1 
165.7324 	 0 
165.7324 	 2 
165.8369 	 2 
165.9530 	 1 
165.9530 	 0 
165.9530 	 2 
166.1736 	 1 
166.1736 	 2 
166.3826 	 1 
166.3942 	 0 
166.3942 	 2 
166.5103 	 2 
166.6148 	 1 
166.6264 	 0 
166.6264 	 2 
166.8354 	 1 
166.9399 	 1 
166.9399 	 2 
166.9515 	 0 
167.2766 	 2 
167.2882 	 1 
167.4971 	 2 
167.5088 	 1 
167.7293 	 2 
167.7293 	 1 
167.7293 	 0 
167.9499 	 2 
167.9615 	 1 
168.1705 	 0 
168.1705 	 2 
168.1705 	 1 
168.3911 	 2 
168.4027 	 1 
168.6117 	 1 
168.6117 	 2 
168.6233 	 0 
168.8439 	 2 
168.8439 	 1 
168.8439 	 0 
169.0645 	 1 
169.0645 	 0 
169.0645 	 2 
169.2967 	 2 
169.5173 	 2 
169.5173 	 1 
169.7379 	 2 
169.7379 	 0 
169.7495 	 1 
169.9585 	 2 
169.9701 	 1 
169.9701 	 0 
170.1790 	 1 
170.1790 	 0 
170.1907 	 2 
170.3996 	 1 
170.4112 	 0 
170.4112 	 2 
170.6202 	 0 
170.6318 	 2 
170.6318 	 1 
170.7479 	 1 
170.8989 	 2 
171.0498 	 2 
171.1659 	 1 
171.1659 	 2 
171.4213 	 2 
171.4329 	 1 
171.6651 	 1 
171.6651 	 2 
171.9670 	 2 
172.0831 	 2 
172.1992 	 2 
172.3153 	 2 
172.4082 	 1 
172.4546 	 2 
172.6171 	 1 
172.6288 	 2 
172.8377 	 2 
172.8377 	 1 
172.8493 	 0 
173.2789 	 2 
173.5111 	 1 
173.5111 	 2 
173.7317 	 1 
173.9523 	 1 
173.9871 	 2 
174.2890 	 2 
174.4167 	 2 
174.4283 	 1 
174.6141 	 2 
174.7302 	 2 
174.8463 	 1 
174.8579 	 2 
175.0668 	 2 
175.0785 	 1 
175.1829 	 1 
175.1829 	 2 
175.3107 	 1 
175.3223 	 2 
175.5196 	 2 
175.5429 	 1 
175.6125 	 2 
175.9492 	 1 
175.9608 	 2 
176.2278 	 1 
176.4020 	 1 
176.4136 	 2 
176.4600 	 1 
176.6226 	 1 
176.7155 	 2 
176.8200 	 2 
176.9477 	 2 
176.9477 	 1 
177.2844 	 2 
177.2960 	 1 
177.4005 	 1 
177.5282 	 1 
177.5398 	 2 
177.9461 	 2 
177.9577 	 1 
178.2712 	 2 
178.2828 	 1 
178.5034 	 2 
178.6776 	 1 
178.8517 	 2 
179.0723 	 2 
179.1652 	 1 
179.2813 	 1 
179.2929 	 2 
179.5367 	 1 
179.5367 	 2 
179.9314 	 2 
179.9430 	 1 
180.2797 	 2 
180.3842 	 2 
180.6396 	 1 
180.6396 	 2 
180.7441 	 2 
180.8486 	 2 
180.9415 	 1 
180.9647 	 2 
181.0808 	 0 
181.0808 	 1 
181.0808 	 2 
181.1853 	 2 
181.3943 	 2 
181.5104 	 2 
181.6149 	 1 
181.6265 	 2 
181.6265 	 0 
181.7310 	 1 
181.7310 	 2 
181.8471 	 1 
181.8471 	 2 
181.9632 	 2 
182.0677 	 1 
182.0677 	 2 
182.1722 	 1 
182.1838 	 2 
182.2883 	 1 
182.2999 	 2 
182.4044 	 2 
182.4044 	 1 
182.5205 	 2 
182.6249 	 1 
182.6249 	 0 
182.6366 	 2 
182.7410 	 1 
182.8455 	 1 
183.0777 	 2 
183.0777 	 1 
183.1706 	 1 
183.2867 	 1 
183.2867 	 2 
183.5073 	 2 
183.7279 	 2 
183.7279 	 1 
183.7279 	 0 
183.9485 	 1 
183.9485 	 2 
184.1691 	 0 
184.1691 	 1 
184.1807 	 2 
184.3084 	 2 
184.4013 	 1 
184.4013 	 2 
184.5058 	 2 
184.6219 	 0 
184.6219 	 1 
184.6219 	 2 
184.8424 	 0 
184.8424 	 2 
184.8657 	 1 
185.0514 	 2 
185.0514 	 0 
185.0630 	 1 
185.2836 	 2 
185.2836 	 0 
185.2836 	 1 
185.3881 	 1 
185.3881 	 2 
185.5042 	 2 
185.5158 	 0 
185.5158 	 1 
185.7248 	 2 
185.7248 	 0 
185.7364 	 1 
185.9454 	 2 
185.9454 	 1 
186.1660 	 1 
186.1776 	 2 
186.2821 	 1 
186.3982 	 1 
186.3982 	 0 
186.3982 	 2 
186.6188 	 2 
186.6304 	 1 
186.8394 	 2 
186.8394 	 0 
186.8394 	 1 
187.0600 	 1 
187.0600 	 0 
187.0600 	 2 
187.2805 	 0 
187.2805 	 1 
187.2922 	 2 
187.5127 	 1 
187.5127 	 0 
187.5127 	 2 
187.7217 	 1 
187.7217 	 2 
187.7217 	 0 
187.9423 	 2 
187.9539 	 0 
187.9539 	 1 
188.0584 	 2 
188.1745 	 1 
188.1745 	 0 
188.1745 	 2 
188.3951 	 2 
188.3951 	 0 
188.4067 	 1 
188.6157 	 2 
188.6157 	 0 
188.6157 	 1 
188.8363 	 1 
188.8363 	 0 
188.8363 	 2 
188.9408 	 1 
188.9524 	 2 
189.0569 	 0 
189.0685 	 1 
189.0685 	 2 
189.2891 	 1 
189.2891 	 0 
189.2891 	 2 
189.5097 	 1 
189.5097 	 0 
189.5097 	 2 
189.7186 	 1 
189.7186 	 2 
189.8347 	 2 
189.8347 	 1 
189.9508 	 1 
189.9508 	 2 
189.9508 	 0 
190.1714 	 0 
190.1714 	 2 
190.1830 	 1 
190.3920 	 2 
190.3920 	 0 
190.3920 	 1 
190.6126 	 1 
190.6126 	 0 
190.6126 	 2 
190.7171 	 2 
190.7287 	 1 
190.8448 	 0 
190.8448 	 1 
190.8448 	 2 
191.0073 	 1 
191.0538 	 2 
191.2744 	 1 
191.2860 	 0 
191.2860 	 2 
191.5066 	 2 
191.5995 	 1 
191.7272 	 0 
191.7272 	 1 
191.7272 	 2 
191.9478 	 2 
191.9478 	 0 
191.9594 	 1 
192.0522 	 2 
192.1683 	 2 
192.1683 	 1 
192.1683 	 0 
192.3889 	 2 
192.3889 	 1 
192.4934 	 2 
192.6211 	 0 
192.6211 	 1 
192.6211 	 2 
192.8417 	 1 
192.8417 	 2 
193.0623 	 1 
193.0623 	 0 
193.0623 	 2 
193.2713 	 2 
193.2829 	 1 
193.4803 	 2 
193.4919 	 1 
193.5035 	 0 
193.6196 	 2 
193.7357 	 2 
193.7357 	 1 
193.9447 	 2 
193.9447 	 1 
193.9563 	 0 
194.1769 	 0 
194.1769 	 1 
194.1769 	 2 
194.3975 	 0 
194.3975 	 2 
194.3975 	 1 
194.6180 	 0 
194.6180 	 2 
194.6180 	 1 
194.8386 	 2 
194.8386 	 1 
194.8386 	 0 
195.0592 	 1 
195.0592 	 2 
195.0592 	 0 
195.2798 	 2 
195.2914 	 1 
195.2914 	 0 
195.5004 	 2 
195.5120 	 0 
195.5120 	 1 
195.7210 	 1 
195.7210 	 2 
195.7326 	 0 
195.9532 	 1 
195.9532 	 2 
195.9532 	 0 
196.1738 	 0 
196.1738 	 1 
196.1738 	 2 
196.3828 	 2 
196.3944 	 1 
196.6150 	 0 
196.6150 	 1 
196.6150 	 2 
196.8356 	 2 
196.8472 	 1 
196.9400 	 2 
196.9400 	 1 
197.0561 	 2 
197.0561 	 0 
197.0678 	 1 
197.2883 	 2 
197.2883 	 1 
197.4973 	 2 
197.5089 	 0 
197.5089 	 1 
197.6947 	 1 
197.7179 	 2 
197.9501 	 1 
197.9501 	 2 
198.1707 	 2 
198.1823 	 1 
198.3797 	 2 
198.3797 	 0 
198.3797 	 1 
198.5422 	 2 
198.6235 	 1 
198.8325 	 2 
198.8325 	 1 
198.8441 	 0 
199.0647 	 0 
199.0647 	 1 
199.0647 	 2 
199.2853 	 0 
199.2853 	 2 
199.2853 	 1 
199.4014 	 2 
199.5059 	 2 
199.5059 	 0 
199.5059 	 1 
199.5987 	 1 
199.6103 	 2 
199.7264 	 2 
199.7264 	 0 
199.7264 	 1 
199.9470 	 2 
199.9470 	 0 
199.9586 	 1 
200.1676 	 1 
200.1676 	 2 
200.1676 	 0 
200.3882 	 2 
200.4927 	 1 
200.6088 	 1 
200.6088 	 2 
200.6204 	 0 
200.8410 	 2 
200.8410 	 1 
201.0616 	 2 
201.0616 	 1 
201.0616 	 0 
201.2822 	 1 
201.2822 	 0 
201.2822 	 2 
201.5028 	 2 
201.5028 	 1 
201.5144 	 0 
201.7350 	 0 
201.7350 	 1 
201.7350 	 2 
201.9439 	 0 
201.9439 	 1 
201.9556 	 2 
202.2806 	 2 
202.3967 	 0 
202.3967 	 2 
202.3967 	 1 
202.6173 	 2 
202.6173 	 0 
202.6173 	 1 
202.8379 	 0 
202.8379 	 1 
202.8379 	 2 
203.0585 	 0 
203.0585 	 1 
203.0585 	 2 
203.1630 	 1 
203.2791 	 0 
203.2907 	 1 
203.2907 	 2 
203.5113 	 1 
203.5113 	 2 
203.5113 	 0 
203.7203 	 2 
203.7203 	 1 
203.7203 	 0 
204.1150 	 1 
204.1847 	 2 
204.3937 	 2 
204.3937 	 1 
204.3937 	 0 
204.6142 	 2 
204.6142 	 1 
204.6142 	 0 
204.8348 	 2 
204.8348 	 1 
204.8464 	 0 
205.0670 	 1 
205.0670 	 2 
205.2760 	 2 
205.2760 	 1 
205.3805 	 2 
205.4966 	 1 
205.5082 	 0 
205.5082 	 2 
205.7288 	 2 
205.7404 	 1 
205.8333 	 1 
205.9378 	 2 
205.9494 	 1 
206.1700 	 1 
206.1700 	 2 
206.3906 	 2 
206.4022 	 1 
206.5067 	 1 
206.5531 	 2 
206.6112 	 2 
206.6228 	 1 
206.8434 	 2 
206.8434 	 1 
207.0291 	 2 
207.0639 	 1 
207.0639 	 2 
207.2845 	 1 
207.2845 	 2 
207.2845 	 0 
207.5400 	 2 
207.6212 	 1 
207.6328 	 2 
207.7373 	 2 
207.9579 	 1 
207.9579 	 2 
208.0740 	 2 
208.1785 	 1 
208.1901 	 2 
208.3294 	 2 
208.5965 	 2 
208.6081 	 1 
208.8171 	 1 
208.9332 	 2 
208.9564 	 1 
209.0493 	 2 
209.0609 	 1 
209.5020 	 1 
209.5601 	 1 
209.5833 	 2 
209.7110 	 2 
209.9432 	 2 
209.9432 	 1 
210.1522 	 2 
210.2335 	 2 
210.3844 	 1 
210.3844 	 2 
210.5585 	 2 
210.6282 	 1 
210.8256 	 2 
210.8372 	 1 
211.2668 	 2 
211.3945 	 1 
211.3945 	 2 
211.7195 	 2 
211.7195 	 1 
211.7312 	 0 
212.1607 	 2 
212.1607 	 1 
212.3929 	 1 
212.3929 	 2 
212.6135 	 1 
212.6135 	 2 
212.9502 	 1 
212.9618 	 2 
213.0431 	 2 
213.0547 	 1 
213.0663 	 0 
213.2869 	 2 
213.3449 	 1 
213.3566 	 2 
213.4959 	 2 
213.7165 	 1 
213.7281 	 2 
213.9487 	 2 
213.9487 	 1 
214.0183 	 1 
214.0415 	 2 
214.0648 	 1 
214.1576 	 2 
214.3782 	 2 
214.3782 	 1 
214.6220 	 2 
214.7149 	 1 
214.8310 	 1 
215.0516 	 0 
215.0632 	 1 
215.0632 	 2 
215.2838 	 0 
215.2838 	 1 
215.2954 	 2 
215.3999 	 2 
215.3999 	 1 
215.5160 	 1 
215.5160 	 2 
215.6205 	 1 
215.6321 	 2 
215.7366 	 1 
215.7366 	 2 
215.9456 	 0 
215.9572 	 1 
215.9572 	 2 
216.0733 	 2 
216.0733 	 1 
216.1778 	 1 
216.1778 	 0 
216.1778 	 2 
216.2823 	 1 
216.2939 	 2 
216.2939 	 0 
216.3984 	 2 
216.3984 	 0 
216.4100 	 1 
216.6190 	 2 
216.6190 	 0 
216.6190 	 1 
216.7467 	 2 
216.8512 	 1 
216.8512 	 2 
216.9440 	 1 
216.9673 	 2 
217.0717 	 1 
217.0717 	 2 
217.2807 	 0 
217.2807 	 1 
217.2923 	 2 
217.3968 	 1 
217.3968 	 2 
217.5129 	 1 
217.5129 	 2 
217.6290 	 2 
217.6290 	 1 
217.7335 	 2 
217.7335 	 1 
217.9425 	 0 
217.9541 	 1 
217.9541 	 2 
218.1747 	 2 
218.1747 	 1 
218.2792 	 1 
218.2792 	 0 
218.2792 	 2 
218.3953 	 1 
218.4069 	 2 
218.6159 	 0 
218.6159 	 1 
218.6275 	 2 
220.1252 	 2 
220.5896 	 2 
