0.0929 	 2 
0.6966 	 2 
1.3119 	 2 
1.9273 	 2 
2.4265 	 0 
2.5310 	 0 
2.5310 	 2 
3.1463 	 1 
3.1463 	 2 
3.7500 	 1 
3.7616 	 2 
3.9590 	 0 
4.0635 	 1 
4.2609 	 0 
4.3654 	 0 
4.3654 	 1 
4.3770 	 2 
4.5627 	 1 
4.5627 	 0 
4.6672 	 1 
4.6788 	 2 
4.8762 	 1 
4.9807 	 0 
5.0271 	 2 
5.0852 	 1 
5.1548 	 2 
5.2477 	 2 
5.2825 	 0 
5.5960 	 0 
5.6076 	 2 
6.0952 	 0 
6.1997 	 1 
6.4087 	 0 
6.5132 	 2 
6.6293 	 2 
6.7106 	 0 
6.8267 	 0 
6.8383 	 2 
7.1285 	 2 
7.1285 	 1 
7.3375 	 2 
7.4188 	 0 
7.6394 	 2 
7.7206 	 0 
8.0341 	 0 
8.0573 	 2 
8.5449 	 0 
8.6494 	 1 
8.6610 	 2 
8.7771 	 2 
8.8584 	 0 
8.9513 	 2 
8.9977 	 1 
9.1603 	 0 
9.2648 	 0 
9.5782 	 1 
9.5898 	 2 
9.7872 	 2 
9.8685 	 0 
9.9730 	 1 
10.1587 	 2 
10.1703 	 0 
10.4838 	 0 
11.0991 	 1 
11.1920 	 1 
11.3081 	 0 
11.4126 	 2 
11.4474 	 1 
11.6100 	 0 
11.7145 	 1 
11.7145 	 2 
12.0279 	 1 
12.2369 	 2 
12.2717 	 1 
12.3182 	 0 
12.6200 	 0 
12.9567 	 2 
13.4444 	 0 
13.4560 	 2 
13.7578 	 1 
13.7578 	 2 
13.7927 	 2 
13.8623 	 1 
13.8855 	 2 
14.8143 	 1 
14.8956 	 1 
14.9653 	 2 
14.9769 	 0 
15.0814 	 1 
15.0930 	 2 
15.2787 	 2 
15.2787 	 0 
15.3716 	 2 
15.3832 	 0 
15.6967 	 2 
15.6967 	 1 
15.9985 	 2 
15.9985 	 0 
16.0218 	 1 
16.3120 	 2 
16.3120 	 1 
16.6371 	 2 
16.7532 	 2 
16.8345 	 2 
16.9157 	 1 
16.9273 	 2 
17.1247 	 0 
17.2292 	 2 
17.4266 	 0 
17.5311 	 1 
17.5427 	 2 
17.7284 	 2 
17.7284 	 0 
17.8213 	 2 
17.8213 	 0 
18.1464 	 1 
18.1464 	 2 
18.3902 	 2 
18.4483 	 0 
18.7501 	 0 
18.7617 	 1 
18.7617 	 2 
19.0868 	 2 
19.1913 	 2 
19.2958 	 2 
19.3654 	 1 
19.3771 	 2 
19.5628 	 0 
19.6789 	 2 
19.7254 	 1 
19.8647 	 0 
19.9808 	 2 
19.9924 	 1 
20.1781 	 0 
20.2826 	 0 
20.2826 	 2 
20.6077 	 1 
20.6077 	 2 
20.8980 	 0 
20.8980 	 2 
20.8980 	 1 
21.2114 	 1 
21.2114 	 2 
21.5365 	 2 
21.6410 	 2 
21.7339 	 2 
21.8151 	 2 
21.8151 	 1 
22.0009 	 2 
22.0125 	 0 
22.1402 	 2 
22.3144 	 0 
22.3260 	 2 
22.4305 	 1 
22.6278 	 2 
22.6278 	 0 
22.7323 	 0 
23.0458 	 2 
23.0458 	 1 
23.3361 	 0 
23.3361 	 1 
23.3593 	 2 
23.6495 	 2 
23.6611 	 1 
23.9862 	 2 
24.1836 	 2 
24.2649 	 1 
24.4622 	 0 
24.7641 	 0 
24.8802 	 1 
24.8802 	 2 
25.0776 	 0 
25.1820 	 0 
25.1820 	 2 
25.4839 	 1 
25.4955 	 2 
25.7858 	 0 
25.7974 	 2 
25.8322 	 1 
26.0992 	 1 
26.5288 	 2 
26.6333 	 2 
26.7146 	 2 
26.7494 	 2 
26.9119 	 0 
27.0164 	 1 
27.0164 	 2 
27.2138 	 0 
27.3183 	 1 
27.5273 	 0 
27.6317 	 2 
27.9336 	 1 
27.9336 	 2 
27.9917 	 2 
28.1774 	 2 
28.2239 	 1 
28.2355 	 0 
28.2355 	 2 
28.2703 	 2 
28.5373 	 2 
28.5605 	 1 
28.8856 	 2 
28.9901 	 2 
29.0830 	 2 
29.1643 	 1 
29.1643 	 2 
29.3616 	 0 
29.6635 	 0 
29.7796 	 1 
29.7796 	 2 
29.9770 	 0 
30.0815 	 2 
30.0815 	 0 
30.3833 	 2 
30.3833 	 1 
30.6852 	 0 
30.6968 	 2 
30.7548 	 1 
30.8245 	 2 
30.9986 	 2 
31.0102 	 0 
31.3237 	 2 
31.4398 	 2 
31.5327 	 2 
31.6140 	 2 
31.6372 	 1 
31.6488 	 2 
31.7997 	 2 
31.8113 	 0 
31.9042 	 2 
32.1132 	 0 
32.2177 	 1 
32.2293 	 2 
32.4151 	 0 
32.5195 	 0 
32.5312 	 2 
32.8330 	 2 
32.8446 	 1 
33.1349 	 2 
33.1465 	 0 
33.4483 	 1 
33.4600 	 2 
33.7618 	 0 
33.7618 	 2 
33.9592 	 1 
34.3655 	 2 
34.3655 	 0 
34.6558 	 0 
34.6790 	 2 
34.6906 	 1 
34.9693 	 0 
34.9809 	 2 
35.2943 	 1 
35.5846 	 2 
35.5846 	 0 
35.8980 	 1 
36.0954 	 0 
36.3973 	 0 
36.5134 	 1 
36.8152 	 0 
36.8152 	 2 
37.1171 	 2 
37.1171 	 1 
37.4190 	 0 
37.4306 	 2 
37.7324 	 1 
37.9298 	 0 
38.0343 	 2 
38.0459 	 0 
38.3478 	 1 
38.5451 	 0 
38.6612 	 2 
38.8470 	 0 
38.9515 	 2 
38.9631 	 1 
39.2533 	 0 
39.4623 	 2 
39.5668 	 1 
39.5784 	 2 
39.8687 	 0 
39.8803 	 2 
40.1821 	 1 
40.2750 	 1 
40.4840 	 2 
40.4840 	 0 
40.7975 	 1 
40.9948 	 0 
41.0877 	 2 
41.3083 	 0 
41.4128 	 1 
41.7030 	 2 
41.7030 	 0 
42.0165 	 1 
42.3184 	 0 
42.3300 	 2 
42.6318 	 1 
42.8292 	 0 
42.9685 	 2 
43.1311 	 0 
43.2472 	 1 
44.1644 	 0 
44.1644 	 2 
44.4778 	 1 
44.7449 	 2 
44.7681 	 0 
45.0815 	 1 
45.3834 	 0 
45.3950 	 2 
45.5808 	 0 
45.6969 	 1 
45.7085 	 2 
45.9059 	 0 
46.0103 	 2 
46.2077 	 0 
46.3122 	 1 
46.6024 	 0 
46.6141 	 2 
46.9159 	 2 
46.9159 	 1 
47.1249 	 2 
47.2178 	 0 
47.4384 	 2 
47.5312 	 1 
47.8331 	 0 
47.8331 	 2 
48.1350 	 2 
48.1466 	 1 
48.3323 	 0 
48.6458 	 0 
48.7619 	 1 
49.0522 	 2 
49.0638 	 0 
49.3656 	 1 
49.4005 	 1 
49.6675 	 0 
49.8649 	 2 
49.9810 	 1 
50.2828 	 0 
50.4686 	 2 
50.4802 	 0 
50.5266 	 2 
50.5963 	 2 
50.6311 	 1 
50.7937 	 0 
50.8865 	 1 
50.8981 	 2 
51.0839 	 0 
51.5019 	 0 
51.5135 	 2 
51.8037 	 0 
51.8037 	 2 
51.8153 	 1 
52.1172 	 0 
52.1288 	 2 
52.4190 	 2 
52.4423 	 1 
52.7325 	 0 
52.7325 	 2 
53.0460 	 1 
53.0576 	 2 
53.2434 	 0 
53.3478 	 2 
53.5452 	 0 
53.5568 	 1 
53.5684 	 2 
53.6497 	 1 
53.8819 	 2 
53.9632 	 0 
53.9748 	 1 
54.2766 	 1 
54.5669 	 0 
54.8688 	 1 
55.0777 	 0 
55.1822 	 0 
55.4957 	 2 
55.5073 	 1 
55.6931 	 0 
55.7976 	 2 
56.1110 	 1 
56.4013 	 0 
56.4013 	 2 
56.7147 	 1 
56.7147 	 2 
56.9237 	 2 
57.0166 	 0 
57.2372 	 2 
57.3301 	 1 
57.6319 	 0 
57.9338 	 2 
57.9454 	 1 
58.1428 	 0 
58.2473 	 2 
58.4446 	 0 
58.5607 	 1 
58.8510 	 0 
58.8510 	 2 
59.1296 	 1 
59.1761 	 1 
59.4663 	 0 
59.6521 	 2 
59.7798 	 1 
59.7798 	 2 
60.0816 	 0 
60.2326 	 2 
60.3951 	 1 
60.5809 	 0 
60.6621 	 1 
60.6621 	 2 
60.8827 	 0 
60.9988 	 1 
60.9988 	 2 
61.3007 	 0 
61.6141 	 1 
61.7999 	 2 
61.9160 	 0 
61.9160 	 2 
62.2063 	 2 
62.4965 	 0 
62.5081 	 2 
62.8912 	 2 
62.9609 	 2 
63.0190 	 2 
63.0422 	 0 
63.3440 	 0 
63.3556 	 1 
63.3673 	 2 
63.4485 	 1 
63.6807 	 2 
63.7504 	 0 
63.8317 	 2 
63.8665 	 1 
63.9129 	 2 
64.0290 	 2 
64.3657 	 0 
64.3773 	 2 
64.6908 	 2 
64.8649 	 0 
64.9810 	 1 
64.9810 	 2 
65.1784 	 0 
65.2829 	 2 
65.4803 	 0 
65.5964 	 2 
65.9098 	 2 
65.9098 	 1 
66.0492 	 1 
66.2001 	 0 
66.5020 	 0 
66.8154 	 0 
67.1173 	 0 
67.1173 	 2 
67.3146 	 0 
67.4307 	 2 
67.6281 	 0 
67.7558 	 2 
67.7558 	 1 
67.9300 	 0 
68.0461 	 2 
68.3479 	 2 
68.3595 	 1 
68.5105 	 2 
68.6498 	 0 
68.8704 	 1 
68.9517 	 2 
69.1839 	 1 
69.2419 	 0 
69.5786 	 2 
69.7760 	 0 
69.8688 	 2 
69.8805 	 0 
70.0778 	 0 
70.1939 	 0 
70.1939 	 2 
70.3797 	 0 
70.4958 	 0 
70.4958 	 2 
70.7976 	 1 
70.7976 	 2 
71.0879 	 0 
71.3085 	 1 
71.4246 	 2 
72.0283 	 2 
72.3185 	 0 
72.3418 	 2 
72.5275 	 0 
72.6204 	 0 
72.6320 	 2 
72.6436 	 1 
72.8294 	 0 
72.9571 	 2 
73.2473 	 1 
73.5492 	 2 
73.5956 	 1 
73.7001 	 2 
73.7350 	 2 
73.7466 	 0 
73.8743 	 2 
74.0600 	 2 
74.0600 	 0 
74.1529 	 0 
74.4664 	 1 
74.5012 	 2 
74.7799 	 2 
74.7799 	 0 
75.0817 	 2 
75.0817 	 1 
75.4184 	 2 
75.5113 	 2 
75.6158 	 2 
75.6971 	 2 
75.6971 	 1 
75.7319 	 2 
75.8944 	 0 
75.8944 	 2 
76.0105 	 2 
76.1963 	 0 
76.2079 	 2 
76.2892 	 1 
76.3240 	 2 
76.4981 	 0 
76.6026 	 0 
76.6142 	 2 
76.8348 	 2 
76.9161 	 1 
76.9509 	 2 
77.0786 	 2 
77.2296 	 0 
77.2528 	 1 
77.5314 	 0 
77.5314 	 1 
77.5430 	 2 
77.8565 	 2 
77.9726 	 2 
78.0655 	 2 
78.1468 	 1 
78.1468 	 2 
78.3441 	 0 
78.4486 	 2 
78.6460 	 0 
78.7389 	 2 
78.7737 	 1 
78.9478 	 0 
79.0175 	 2 
79.0639 	 0 
79.0872 	 2 
79.3658 	 2 
79.6793 	 2 
79.6793 	 0 
79.6909 	 1 
79.9811 	 1 
79.9811 	 0 
79.9811 	 2 
80.3178 	 2 
80.4107 	 2 
80.5268 	 2 
80.5965 	 1 
80.5965 	 2 
80.6313 	 2 
80.7938 	 0 
80.8983 	 2 
81.0957 	 0 
81.1073 	 2 
81.2118 	 2 
81.2118 	 1 
81.3976 	 0 
81.5020 	 2 
81.5020 	 0 
81.5485 	 1 
81.5833 	 1 
81.8155 	 0 
81.8155 	 1 
81.8271 	 2 
81.9664 	 2 
82.1174 	 1 
82.1290 	 2 
82.1522 	 2 
82.4192 	 1 
82.4308 	 2 
82.4308 	 0 
82.7559 	 2 
82.8720 	 2 
82.9765 	 2 
83.0462 	 1 
83.0462 	 2 
83.0810 	 2 
83.2319 	 0 
83.3596 	 2 
83.5454 	 0 
83.6615 	 2 
83.6615 	 1 
83.8473 	 0 
83.9517 	 0 
83.9634 	 2 
84.2652 	 1 
84.2768 	 2 
84.5671 	 0 
84.5787 	 2 
84.5903 	 1 
84.8689 	 0 
84.8805 	 2 
84.8805 	 1 
85.2056 	 2 
85.3101 	 2 
85.4262 	 2 
85.4959 	 2 
85.4959 	 1 
85.5307 	 2 
85.6932 	 0 
85.8093 	 2 
85.8210 	 1 
85.9951 	 0 
86.0996 	 1 
86.1112 	 2 
86.2970 	 0 
86.4131 	 0 
86.4131 	 2 
86.6569 	 2 
86.7149 	 1 
86.7381 	 2 
87.0168 	 2 
87.0168 	 0 
87.0748 	 1 
87.3302 	 2 
87.3302 	 1 
87.6669 	 2 
87.7598 	 2 
87.8643 	 2 
87.9456 	 1 
87.9456 	 2 
88.1429 	 0 
88.2474 	 2 
88.4448 	 0 
88.5609 	 1 
88.5609 	 2 
88.7467 	 0 
88.7583 	 2 
88.8512 	 0 
88.8512 	 2 
89.1530 	 1 
89.1878 	 2 
89.3388 	 2 
89.4433 	 2 
89.4665 	 0 
89.4897 	 2 
89.5013 	 1 
89.7683 	 0 
89.7800 	 2 
89.7800 	 1 
89.9889 	 2 
90.1050 	 2 
90.2095 	 2 
90.3024 	 2 
90.3372 	 2 
90.3837 	 1 
90.3953 	 2 
90.5694 	 2 
90.5927 	 0 
90.6971 	 2 
90.8945 	 2 
90.8945 	 0 
90.9990 	 1 
91.0106 	 2 
91.1964 	 0 
91.3009 	 0 
91.3125 	 2 
91.5331 	 2 
91.6143 	 1 
91.6376 	 2 
91.8465 	 2 
91.9162 	 0 
91.9278 	 2 
92.2297 	 1 
92.2297 	 2 
92.5315 	 2 
92.5315 	 0 
92.7405 	 1 
92.8450 	 1 
93.1352 	 0 
93.4487 	 1 
93.7390 	 0 
93.7506 	 2 
94.0292 	 0 
94.0408 	 2 
94.3659 	 2 
94.3659 	 0 
94.5633 	 2 
94.8767 	 0 
94.9928 	 2 
95.1786 	 0 
95.2831 	 1 
95.5849 	 0 
95.5849 	 2 
95.8636 	 1 
95.8984 	 1 
95.9100 	 2 
96.2003 	 0 
96.4789 	 2 
96.5137 	 1 
96.7576 	 2 
96.8040 	 2 
96.8156 	 0 
97.1291 	 1 
97.3264 	 0 
97.4309 	 2 
97.6167 	 2 
97.6283 	 0 
97.7328 	 1 
98.0230 	 2 
98.0346 	 0 
98.3365 	 0 
98.3481 	 2 
98.3481 	 1 
98.6500 	 2 
98.6500 	 0 
98.9518 	 2 
98.9518 	 1 
99.2653 	 2 
99.2653 	 0 
99.5788 	 1 
99.7529 	 2 
99.7645 	 0 
99.8806 	 2 
100.0780 	 0 
100.1825 	 1 
100.1825 	 2 
100.4844 	 0 
100.4844 	 2 
100.7862 	 1 
101.0997 	 0 
101.1113 	 2 
101.4132 	 1 
101.5989 	 0 
101.7382 	 2 
102.0169 	 1 
102.9341 	 2 
102.9341 	 0 
102.9805 	 1 
103.1663 	 1 
103.2359 	 0 
103.5494 	 0 
103.8629 	 1 
104.1647 	 2 
104.1647 	 0 
104.3505 	 2 
104.4666 	 1 
104.4782 	 2 
104.5595 	 2 
104.6291 	 2 
104.6756 	 0 
104.7800 	 2 
104.9658 	 2 
104.9774 	 0 
105.0819 	 1 
105.3838 	 2 
105.3838 	 0 
105.6856 	 2 
105.6972 	 1 
105.8946 	 2 
105.9875 	 2 
105.9991 	 0 
106.2197 	 2 
106.3474 	 1 
106.6028 	 0 
106.6144 	 2 
106.8118 	 0 
106.9279 	 1 
106.9279 	 2 
107.1137 	 2 
107.1137 	 0 
107.4155 	 2 
107.4271 	 0 
107.5316 	 1 
107.8335 	 2 
107.8335 	 0 
108.1237 	 0 
108.1469 	 1 
108.4488 	 0 
108.6229 	 2 
108.7623 	 1 
109.0641 	 0 
109.0641 	 2 
109.2034 	 2 
109.3544 	 1 
109.5634 	 0 
109.5634 	 2 
109.6678 	 1 
109.6795 	 2 
109.8420 	 2 
109.8768 	 0 
109.9813 	 1 
109.9813 	 2 
110.2832 	 2 
110.2832 	 0 
110.8985 	 0 
110.8985 	 2 
111.2004 	 2 
111.2004 	 1 
111.5022 	 0 
111.5138 	 2 
111.8157 	 1 
111.8273 	 2 
112.0247 	 0 
112.1292 	 2 
112.3149 	 0 
112.3265 	 1 
112.3498 	 2 
112.4310 	 1 
112.6632 	 2 
112.7213 	 2 
112.7329 	 0 
112.8025 	 1 
113.0463 	 1 
113.3250 	 2 
113.3366 	 0 
113.4527 	 2 
113.6501 	 1 
113.9635 	 2 
114.2770 	 2 
114.4628 	 0 
114.5673 	 2 
114.7762 	 0 
114.8807 	 1 
115.1826 	 0 
115.1826 	 2 
115.4844 	 0 
115.4961 	 2 
115.4961 	 1 
115.7050 	 2 
115.7747 	 2 
115.7863 	 0 
116.0069 	 2 
116.4016 	 0 
116.4016 	 2 
116.5990 	 0 
116.7151 	 1 
116.7151 	 2 
116.9125 	 0 
117.0286 	 2 
117.2143 	 0 
117.2143 	 2 
117.3304 	 1 
117.6323 	 0 
117.6323 	 2 
117.9109 	 1 
117.9458 	 1 
118.2476 	 0 
118.5611 	 1 
118.8513 	 0 
118.8513 	 2 
119.0023 	 2 
119.0371 	 0 
119.0603 	 2 
119.1532 	 1 
119.3622 	 2 
119.3622 	 0 
119.4783 	 2 
119.6524 	 2 
119.6756 	 0 
119.7801 	 2 
119.7801 	 1 
120.0820 	 0 
120.0820 	 2 
120.3722 	 0 
120.3955 	 1 
120.6973 	 2 
120.6973 	 0 
120.9876 	 2 
121.2778 	 2 
121.3010 	 0 
121.6145 	 1 
121.6842 	 2 
121.8003 	 2 
121.8119 	 0 
121.9164 	 2 
122.1137 	 0 
122.1254 	 1 
122.1370 	 2 
122.4620 	 2 
122.5317 	 0 
122.6362 	 1 
122.6942 	 2 
122.7755 	 1 
122.8103 	 2 
122.8336 	 0 
123.1470 	 0 
123.1470 	 2 
123.6463 	 0 
123.7624 	 1 
123.7624 	 2 
123.9597 	 0 
124.0642 	 2 
124.0874 	 1 
124.1919 	 2 
124.2616 	 0 
124.3777 	 0 
124.3777 	 2 
124.6795 	 1 
124.9001 	 2 
124.9698 	 0 
125.2833 	 0 
125.5967 	 0 
125.8173 	 1 
126.0960 	 0 
126.2005 	 1 
126.2121 	 2 
126.3282 	 2 
126.3978 	 0 
126.5139 	 2 
126.6532 	 2 
126.6997 	 0 
126.8274 	 2 
127.1293 	 1 
127.1409 	 2 
127.3382 	 2 
127.4195 	 0 
127.5240 	 1 
127.5937 	 2 
127.7098 	 2 
127.7330 	 0 
128.0348 	 0 
128.5457 	 0 
128.6502 	 1 
128.6618 	 2 
128.7198 	 2 
128.7430 	 1 
128.8475 	 0 
128.9636 	 2 
129.0913 	 2 
129.1726 	 0 
129.4861 	 2 
129.5790 	 1 
129.6022 	 2 
129.8576 	 2 
129.8692 	 0 
130.1014 	 2 
130.1711 	 0 
130.4845 	 0 
130.9954 	 1 
130.9954 	 0 
130.9954 	 2 
131.0186 	 2 
131.2856 	 0 
131.3088 	 1 
131.3088 	 2 
131.3321 	 2 
131.4133 	 1 
131.4482 	 2 
132.4118 	 1 
132.5279 	 0 
132.6440 	 1 
132.6440 	 2 
132.8298 	 0 
132.8646 	 2 
132.9342 	 2 
132.9342 	 0 
133.2477 	 1 
133.2477 	 2 
133.5496 	 2 
133.5496 	 0 
133.5612 	 1 
133.6076 	 1 
133.8630 	 1 
133.8630 	 0 
133.8630 	 2 
134.1881 	 2 
134.2926 	 2 
134.3971 	 2 
134.4668 	 1 
134.4784 	 2 
134.6757 	 0 
134.7918 	 2 
134.9776 	 0 
135.0821 	 1 
135.1053 	 2 
135.2795 	 0 
135.3839 	 2 
135.3839 	 0 
135.7090 	 2 
135.7090 	 1 
135.9180 	 2 
135.9993 	 0 
136.0109 	 2 
136.0341 	 1 
136.3011 	 2 
136.3011 	 1 
136.3127 	 0 
136.6378 	 2 
136.7423 	 2 
136.8468 	 2 
136.9165 	 1 
136.9281 	 2 
136.9629 	 2 
137.1138 	 0 
137.2183 	 2 
137.2299 	 1 
137.4273 	 0 
137.5318 	 1 
137.5434 	 2 
137.7292 	 0 
137.8337 	 2 
137.8337 	 0 
138.0659 	 2 
138.1471 	 1 
138.4490 	 0 
138.4490 	 2 
138.4722 	 1 
138.7508 	 0 
138.7508 	 2 
138.7508 	 1 
139.0875 	 2 
139.1804 	 2 
139.2965 	 2 
139.3662 	 2 
139.3662 	 1 
139.5751 	 0 
139.6332 	 2 
139.7029 	 1 
139.8770 	 0 
139.9351 	 2 
139.9815 	 2 
139.9815 	 1 
140.1789 	 0 
140.1905 	 2 
140.2717 	 0 
140.2834 	 2 
140.5968 	 1 
140.5968 	 2 
140.8871 	 0 
140.9219 	 2 
141.2005 	 0 
141.2122 	 1 
141.2122 	 2 
141.5372 	 2 
141.6417 	 2 
141.7462 	 2 
141.8159 	 2 
141.8159 	 1 
142.0132 	 0 
142.1293 	 2 
142.1874 	 1 
142.3267 	 0 
142.4312 	 1 
142.4428 	 2 
142.6170 	 0 
142.7215 	 0 
142.7447 	 2 
143.0465 	 1 
143.0465 	 2 
143.3368 	 0 
143.3368 	 2 
143.3484 	 1 
143.3716 	 1 
143.6502 	 1 
143.6619 	 2 
143.9173 	 2 
143.9985 	 2 
144.0566 	 2 
144.1959 	 2 
144.2656 	 2 
144.2656 	 1 
144.4629 	 0 
144.5790 	 2 
144.7764 	 0 
144.7880 	 2 
144.8809 	 1 
144.9041 	 2 
145.0783 	 0 
145.1712 	 2 
145.4846 	 2 
145.4962 	 1 
145.7865 	 0 
145.7981 	 2 
146.1000 	 2 
146.1000 	 1 
146.1000 	 0 
146.4250 	 2 
146.6456 	 2 
146.7153 	 1 
146.7153 	 2 
146.7501 	 2 
146.9127 	 0 
147.0171 	 1 
147.0288 	 2 
147.2261 	 0 
147.3306 	 1 
147.3422 	 2 
147.4699 	 1 
147.4815 	 2 
147.5164 	 2 
147.5280 	 0 
147.6209 	 0 
147.9459 	 2 
147.9459 	 1 
148.2362 	 0 
148.2478 	 2 
148.2942 	 1 
148.5264 	 2 
148.5613 	 1 
148.8863 	 2 
148.9792 	 2 
149.0953 	 2 
149.1534 	 2 
149.1650 	 1 
149.2114 	 2 
149.3275 	 2 
149.3507 	 0 
149.4785 	 2 
149.6642 	 0 
149.7803 	 1 
149.7803 	 2 
149.9777 	 0 
150.0822 	 2 
150.3840 	 1 
150.3956 	 2 
150.6975 	 2 
150.6975 	 0 
150.9994 	 1 
151.0110 	 2 
151.3128 	 0 
151.3128 	 2 
151.5102 	 1 
151.6147 	 1 
151.9166 	 2 
151.9166 	 0 
152.2068 	 0 
152.2184 	 2 
152.2416 	 1 
152.5203 	 0 
152.5203 	 2 
152.8221 	 0 
152.8337 	 1 
152.9963 	 2 
153.1356 	 2 
153.1356 	 0 
153.3330 	 2 
153.4491 	 1 
153.6464 	 0 
153.7625 	 2 
154.0644 	 1 
154.3663 	 0 
154.3663 	 2 
154.6797 	 1 
154.6913 	 2 
154.9700 	 0 
154.9816 	 2 
155.2834 	 1 
155.4692 	 2 
155.5853 	 2 
155.5969 	 0 
155.8988 	 1 
155.8988 	 2 
156.0961 	 0 
156.2122 	 2 
156.3516 	 2 
156.4096 	 0 
156.5141 	 1 
156.8044 	 1 
156.8160 	 0 
156.8160 	 2 
157.1178 	 1 
157.1527 	 2 
157.4313 	 0 
157.4313 	 2 
157.7332 	 1 
158.0350 	 2 
158.0350 	 0 
158.3485 	 1 
158.5459 	 2 
158.5459 	 0 
158.6620 	 2 
158.8593 	 0 
158.9638 	 1 
159.2657 	 2 
159.2657 	 0 
159.4398 	 2 
159.5675 	 1 
159.8694 	 0 
159.8810 	 2 
160.1829 	 1 
160.3802 	 0 
160.5195 	 2 
160.6821 	 0 
160.7982 	 1 
161.7154 	 2 
161.7154 	 0 
162.0288 	 1 
162.3191 	 0 
162.3423 	 2 
162.6326 	 1 
162.9344 	 0 
162.9344 	 2 
163.2479 	 2 
163.3059 	 2 
163.3524 	 2 
163.4104 	 0 
163.4220 	 2 
163.7587 	 0 
163.8632 	 1 
163.8748 	 2 
164.1651 	 0 
164.1651 	 2 
164.4669 	 1 
164.4785 	 2 
164.6759 	 2 
164.7688 	 0 
164.9778 	 2 
165.0823 	 1 
165.3841 	 0 
165.3841 	 2 
165.5815 	 0 
165.6976 	 1 
165.6976 	 2 
165.8834 	 0 
166.1968 	 2 
166.1968 	 0 
166.3129 	 1 
166.6148 	 2 
166.6148 	 0 
166.9166 	 1 
167.2185 	 2 
167.2301 	 0 
167.5320 	 1 
167.8338 	 2 
167.8338 	 0 
167.9615 	 2 
168.0776 	 2 
168.1473 	 1 
168.3331 	 0 
168.3447 	 2 
168.4608 	 2 
168.6349 	 2 
168.6465 	 0 
168.7626 	 1 
169.0645 	 2 
169.0645 	 0 
169.3199 	 2 
169.3663 	 0 
169.3780 	 1 
169.6798 	 0 
169.6798 	 2 
169.9585 	 2 
169.9817 	 1 
170.2719 	 1 
170.2835 	 2 
170.2835 	 0 
170.5970 	 1 
170.5970 	 2 
170.7944 	 0 
170.8989 	 2 
171.0962 	 0 
171.1078 	 1 
171.2007 	 1 
171.4329 	 2 
171.5026 	 0 
171.5839 	 1 
171.8161 	 1 
171.8161 	 0 
172.1063 	 2 
172.1179 	 0 
172.4314 	 1 
172.7332 	 2 
172.7332 	 0 
173.0351 	 1 
173.1396 	 2 
173.2325 	 0 
173.2325 	 2 
173.3486 	 2 
173.5459 	 0 
173.5459 	 2 
173.6620 	 1 
173.6620 	 2 
173.9523 	 0 
173.9523 	 2 
174.2658 	 1 
174.2658 	 2 
174.4631 	 2 
174.5676 	 0 
174.5676 	 2 
174.7882 	 2 
174.8695 	 1 
174.8927 	 2 
175.1713 	 0 
175.1829 	 2 
175.3687 	 0 
175.4848 	 1 
175.4964 	 2 
175.6822 	 0 
175.7634 	 2 
175.9956 	 0 
176.1001 	 2 
176.1117 	 1 
176.4020 	 2 
176.4020 	 0 
176.6806 	 1 
176.7387 	 1 
177.0173 	 0 
177.3308 	 1 
177.6327 	 0 
177.6327 	 2 
177.7720 	 2 
177.8184 	 2 
177.8765 	 2 
177.9345 	 1 
178.1319 	 0 
178.1319 	 2 
178.4454 	 0 
178.4454 	 2 
178.4802 	 2 
178.5498 	 1 
178.8517 	 0 
178.8633 	 2 
179.1652 	 0 
179.1652 	 2 
179.1768 	 1 
179.4670 	 2 
179.4670 	 0 
179.7573 	 2 
179.7805 	 1 
180.0591 	 2 
180.0824 	 0 
180.3842 	 2 
180.3958 	 1 
180.5816 	 0 
180.6861 	 2 
180.8951 	 0 
180.8951 	 1 
180.9183 	 2 
180.9995 	 1 
181.2317 	 2 
181.3014 	 0 
181.3943 	 1 
181.4175 	 1 
181.4639 	 2 
181.5104 	 1 
181.5800 	 2 
181.9167 	 0 
181.9283 	 2 
182.2302 	 2 
182.4160 	 0 
182.5321 	 1 
182.5321 	 2 
182.7294 	 0 
182.8339 	 2 
183.1358 	 0 
183.1590 	 2 
183.4493 	 1 
183.4493 	 2 
183.7395 	 0 
184.0530 	 0 
184.3664 	 0 
184.6683 	 0 
184.6799 	 2 
184.8657 	 0 
184.9818 	 1 
184.9818 	 2 
185.1791 	 0 
185.2952 	 1 
185.2952 	 2 
185.3185 	 2 
185.4810 	 0 
185.6087 	 2 
185.8990 	 1 
185.8990 	 2 
185.9918 	 2 
186.0499 	 1 
186.0615 	 2 
186.1892 	 0 
186.5027 	 2 
186.8045 	 0 
186.8278 	 2 
187.1296 	 2 
187.3154 	 0 
187.4315 	 2 
187.6288 	 0 
187.7333 	 2 
187.7333 	 0 
187.9307 	 0 
188.0352 	 2 
188.0352 	 0 
188.3487 	 1 
188.3487 	 2 
188.6389 	 0 
188.8711 	 1 
188.9756 	 2 
189.1730 	 1 
189.5909 	 2 
189.8812 	 2 
190.1946 	 1 
190.2063 	 2 
190.3804 	 0 
190.4849 	 0 
190.4965 	 2 
190.7984 	 1 
191.0886 	 0 
191.1002 	 2 
191.1467 	 1 
191.2163 	 1 
191.2279 	 2 
191.2744 	 2 
191.3208 	 1 
191.4021 	 1 
191.7039 	 0 
191.7156 	 2 
192.0174 	 2 
192.0290 	 1 
192.3193 	 0 
192.3309 	 2 
192.3657 	 1 
192.6327 	 2 
192.6327 	 1 
192.8301 	 0 
192.9462 	 2 
193.2481 	 1 
193.2597 	 2 
193.3990 	 1 
193.5383 	 2 
193.5499 	 0 
193.8634 	 1 
194.1537 	 0 
194.1653 	 2 
194.4787 	 1 
194.4787 	 2 
194.7690 	 0 
194.7806 	 2 
195.0824 	 1 
195.0824 	 2 
195.2682 	 0 
195.3959 	 2 
195.5933 	 0 
195.6978 	 1 
195.7907 	 2 
195.8603 	 2 
195.9068 	 2 
195.9880 	 2 
195.9880 	 0 
196.2318 	 1 
196.2899 	 2 
196.5337 	 1 
196.6034 	 0 
196.6150 	 2 
196.9168 	 1 
196.9168 	 2 
197.2187 	 2 
197.2187 	 0 
197.5205 	 0 
197.5322 	 2 
197.5322 	 1 
197.7295 	 2 
197.7295 	 0 
197.8340 	 2 
198.0430 	 0 
198.1475 	 2 
198.1475 	 1 
198.3565 	 2 
198.4493 	 0 
198.6583 	 1 
198.7628 	 2 
198.7628 	 1 
198.8673 	 1 
199.0531 	 2 
199.0531 	 0 
199.3549 	 2 
199.3665 	 1 
199.6684 	 0 
199.6800 	 2 
199.8774 	 1 
199.9702 	 0 
199.9819 	 2 
199.9935 	 1 
200.2721 	 1 
200.2837 	 2 
200.5972 	 1 
200.5972 	 2 
200.8874 	 0 
