1.1146 	 1 
3.9126 	 2 
6.5596 	 2 
6.7918 	 0 
7.0240 	 1 
7.0240 	 2 
7.2446 	 1 
7.3607 	 1 
7.4768 	 0 
7.4768 	 2 
7.4884 	 1 
7.9296 	 1 
7.9296 	 2 
8.0573 	 1 
8.3824 	 2 
8.3824 	 0 
8.8352 	 1 
8.8468 	 2 
9.2880 	 0 
9.2996 	 2 
9.7408 	 1 
9.7524 	 2 
10.2052 	 2 
10.2052 	 0 
10.6580 	 2 
10.6580 	 1 
11.1107 	 2 
11.1107 	 0 
11.5635 	 2 
11.5635 	 1 
11.6216 	 2 
11.6448 	 1 
11.6796 	 2 
12.0163 	 2 
12.0279 	 0 
12.4691 	 2 
12.4807 	 1 
12.5852 	 1 
12.9335 	 0 
12.9335 	 2 
13.3863 	 1 
13.3863 	 2 
13.8391 	 2 
13.8391 	 0 
14.2919 	 2 
14.2919 	 1 
14.4080 	 1 
14.7447 	 2 
14.7447 	 0 
15.1975 	 1 
15.1975 	 2 
15.6619 	 2 
15.6619 	 0 
16.1146 	 1 
16.1146 	 2 
16.5674 	 0 
16.5790 	 2 
17.0202 	 1 
17.0202 	 2 
17.4730 	 0 
17.4730 	 2 
17.9258 	 1 
17.9374 	 2 
18.3902 	 2 
18.3902 	 0 
18.8430 	 1 
18.8430 	 2 
19.2958 	 0 
19.2958 	 2 
19.7486 	 1 
19.7486 	 2 
20.2014 	 0 
20.2014 	 2 
20.6541 	 1 
20.6541 	 2 
21.1185 	 0 
21.1185 	 2 
21.4436 	 0 
21.5713 	 1 
21.5713 	 2 
21.6758 	 2 
21.6758 	 1 
21.8964 	 2 
22.0241 	 0 
22.2447 	 2 
22.2563 	 1 
22.4769 	 1 
22.6975 	 2 
22.9297 	 0 
23.1619 	 2 
23.3825 	 1 
23.6147 	 2 
23.8353 	 0 
24.0675 	 2 
24.2881 	 1 
24.5203 	 2 
24.7409 	 0 
24.9731 	 2 
25.2053 	 1 
25.4259 	 2 
25.6464 	 0 
25.8902 	 2 
26.1108 	 1 
26.3430 	 2 
26.5636 	 0 
26.7958 	 2 
27.0164 	 2 
27.0164 	 1 
27.2486 	 2 
27.2602 	 1 
27.4692 	 0 
27.7014 	 2 
27.9336 	 1 
28.1542 	 2 
28.3864 	 0 
28.6070 	 2 
28.8392 	 1 
29.0598 	 2 
29.0946 	 1 
29.2920 	 0 
29.5242 	 2 
29.7448 	 1 
29.9770 	 2 
30.2092 	 0 
30.4298 	 2 
30.6620 	 1 
30.8825 	 2 
31.1031 	 0 
31.1844 	 0 
31.3353 	 2 
31.5675 	 1 
31.7881 	 2 
32.0203 	 0 
32.2525 	 2 
32.4731 	 1 
32.7053 	 2 
32.9259 	 0 
33.1581 	 2 
33.3787 	 2 
33.3787 	 1 
33.6109 	 2 
33.8431 	 0 
34.0637 	 2 
34.2959 	 1 
34.5165 	 2 
34.7487 	 0 
34.9809 	 2 
35.2015 	 1 
35.4337 	 2 
35.6542 	 0 
35.8864 	 2 
36.1186 	 1 
36.3392 	 2 
36.5598 	 0 
36.5714 	 2 
36.7920 	 0 
37.0242 	 1 
37.0242 	 2 
37.2448 	 2 
37.4770 	 0 
37.6976 	 2 
37.9298 	 1 
38.1504 	 2 
38.3710 	 0 
38.6148 	 2 
38.8354 	 1 
39.0676 	 2 
39.2882 	 0 
39.5204 	 2 
39.7526 	 2 
39.7526 	 1 
39.9732 	 2 
40.1937 	 0 
40.4259 	 2 
40.6581 	 2 
40.6581 	 1 
40.8787 	 2 
41.1109 	 0 
41.3431 	 2 
41.5637 	 1 
41.7959 	 2 
42.0165 	 0 
42.2487 	 2 
42.4693 	 1 
42.7015 	 2 
42.9337 	 0 
43.1543 	 2 
43.3865 	 1 
43.6071 	 2 
43.8393 	 0 
44.0599 	 2 
44.0599 	 1 
44.2921 	 2 
44.2921 	 1 
44.5243 	 2 
44.7449 	 0 
44.9771 	 2 
45.1976 	 1 
45.4298 	 2 
45.6504 	 0 
45.7317 	 0 
45.8826 	 2 
46.1148 	 1 
46.3354 	 2 
46.5676 	 0 
46.7882 	 2 
47.0204 	 1 
47.0204 	 2 
47.2410 	 2 
47.4732 	 0 
47.7054 	 2 
47.9260 	 1 
48.1582 	 2 
48.3788 	 0 
48.6110 	 2 
48.8316 	 1 
48.9361 	 1 
49.0638 	 2 
49.2844 	 0 
49.5166 	 2 
49.9693 	 2 
50.2015 	 0 
50.4337 	 2 
50.4337 	 0 
50.5034 	 2 
50.6659 	 1 
50.7704 	 0 
50.7820 	 2 
50.8865 	 2 
51.0026 	 2 
51.0026 	 1 
51.1071 	 0 
51.3393 	 2 
51.5599 	 2 
51.5715 	 1 
51.7921 	 2 
52.0243 	 2 
52.0243 	 0 
52.2449 	 2 
52.4771 	 2 
52.4771 	 1 
52.7093 	 2 
52.9299 	 2 
52.9299 	 0 
53.1505 	 2 
53.3827 	 1 
53.3827 	 2 
53.6149 	 2 
53.6149 	 1 
53.8355 	 0 
53.8355 	 2 
54.0677 	 2 
54.2883 	 2 
54.2883 	 1 
54.5205 	 2 
54.5321 	 1 
54.7527 	 2 
54.7527 	 0 
54.9732 	 2 
55.2054 	 2 
55.2054 	 1 
55.4260 	 2 
55.6582 	 2 
55.6582 	 0 
55.8788 	 2 
56.1110 	 1 
56.1110 	 2 
56.3432 	 2 
56.5638 	 2 
56.5638 	 0 
57.0166 	 2 
57.0166 	 1 
57.2488 	 2 
57.4810 	 0 
57.4810 	 2 
57.7016 	 2 
57.9222 	 1 
57.9338 	 2 
58.1544 	 2 
58.3750 	 0 
58.3866 	 2 
58.6072 	 2 
58.8394 	 2 
58.8394 	 1 
59.0600 	 2 
59.2922 	 2 
59.2922 	 0 
59.5127 	 2 
59.7449 	 1 
59.9771 	 2 
60.1977 	 0 
60.1977 	 2 
60.4299 	 2 
60.6621 	 1 
60.6621 	 2 
60.8827 	 2 
61.1033 	 0 
61.1149 	 2 
61.3355 	 2 
61.5097 	 1 
61.5445 	 1 
61.5561 	 2 
61.7883 	 2 
62.0205 	 2 
62.0205 	 0 
62.2411 	 2 
62.4733 	 2 
62.4733 	 1 
62.7055 	 2 
62.9261 	 0 
62.9377 	 2 
63.1583 	 2 
63.3905 	 1 
63.6111 	 2 
63.8433 	 0 
63.8433 	 2 
64.0639 	 2 
64.2844 	 2 
64.2961 	 1 
64.5166 	 2 
64.7488 	 0 
64.9694 	 2 
65.2016 	 1 
65.2016 	 2 
65.4338 	 2 
65.6544 	 0 
67.4772 	 0 
67.4772 	 1 
67.4772 	 2 
67.5701 	 1 
67.9300 	 2 
67.9416 	 1 
68.1506 	 0 
68.3828 	 2 
68.3828 	 0 
68.8356 	 1 
68.8356 	 2 
69.0910 	 1 
69.2883 	 0 
69.3000 	 2 
69.6366 	 0 
69.7527 	 2 
69.7527 	 1 
69.9733 	 0 
70.2055 	 2 
70.2055 	 0 
70.6583 	 1 
70.6583 	 2 
71.1111 	 0 
71.1111 	 2 
71.5639 	 2 
71.5639 	 1 
71.7032 	 1 
71.7845 	 0 
72.0167 	 2 
72.0167 	 0 
72.4695 	 1 
72.4811 	 2 
72.5391 	 2 
72.6088 	 1 
72.9339 	 0 
72.9339 	 2 
73.3867 	 1 
73.3867 	 2 
73.6073 	 0 
73.8395 	 0 
73.8395 	 2 
74.0484 	 1 
74.2922 	 1 
74.2922 	 2 
74.7450 	 0 
74.7450 	 2 
75.1978 	 1 
75.1978 	 2 
75.4184 	 0 
75.6622 	 2 
75.6622 	 0 
76.1150 	 1 
76.1150 	 2 
76.2311 	 1 
76.5562 	 2 
76.5678 	 0 
76.9045 	 0 
77.0206 	 1 
77.0206 	 2 
77.2412 	 0 
77.4618 	 2 
77.4734 	 0 
77.9262 	 1 
77.9262 	 2 
78.3906 	 2 
78.3906 	 0 
78.8434 	 2 
78.8434 	 1 
79.0639 	 0 
79.2845 	 0 
79.2961 	 2 
79.7489 	 1 
79.7489 	 2 
80.2017 	 2 
80.2017 	 0 
80.6545 	 2 
80.6545 	 1 
80.8751 	 0 
81.1073 	 0 
81.1073 	 2 
81.3395 	 1 
81.5717 	 2 
81.5717 	 1 
81.6994 	 1 
81.7807 	 0 
82.0245 	 2 
82.0245 	 0 
82.2451 	 2 
82.4773 	 1 
82.6979 	 0 
82.6979 	 2 
82.9301 	 0 
83.1507 	 2 
83.3712 	 2 
83.3829 	 1 
83.6151 	 2 
83.8356 	 0 
83.8356 	 2 
84.0678 	 2 
84.2884 	 2 
84.2884 	 1 
84.5206 	 2 
84.7412 	 2 
84.7528 	 0 
84.9734 	 2 
85.1940 	 2 
85.2056 	 1 
85.4262 	 2 
85.6584 	 0 
85.8790 	 2 
86.1112 	 1 
86.1112 	 2 
86.3318 	 2 
86.5640 	 2 
86.5640 	 0 
86.7962 	 2 
87.0168 	 2 
87.0168 	 1 
87.2490 	 2 
87.4812 	 0 
87.7018 	 2 
87.9224 	 2 
87.9340 	 1 
88.1546 	 2 
88.3868 	 0 
88.3868 	 2 
88.6073 	 2 
88.8279 	 2 
88.8395 	 1 
89.0601 	 2 
89.0950 	 1 
89.3039 	 0 
89.3039 	 2 
89.4084 	 2 
89.5129 	 2 
89.7335 	 1 
89.9773 	 2 
89.9773 	 0 
90.1979 	 0 
90.2095 	 2 
90.4301 	 2 
90.6623 	 1 
90.6623 	 2 
90.8829 	 2 
91.1151 	 0 
91.1151 	 2 
91.3357 	 2 
91.5679 	 1 
91.7885 	 2 
92.0207 	 0 
92.0207 	 2 
92.2529 	 2 
92.2993 	 1 
92.4735 	 1 
92.4735 	 2 
92.7057 	 2 
92.9263 	 0 
93.1585 	 2 
93.3790 	 1 
93.3790 	 2 
93.6112 	 2 
93.8318 	 0 
94.0640 	 2 
94.2846 	 1 
94.2962 	 2 
94.5168 	 2 
94.5284 	 1 
94.7490 	 0 
94.9696 	 2 
94.9696 	 1 
95.2018 	 1 
95.3179 	 1 
95.4224 	 2 
95.4340 	 0 
95.6546 	 1 
95.7591 	 1 
96.5602 	 0 
96.5718 	 2 
97.0130 	 2 
97.0246 	 1 
97.1291 	 1 
97.4774 	 2 
97.4774 	 0 
97.9302 	 2 
97.9302 	 1 
98.0346 	 1 
98.3829 	 0 
98.3829 	 2 
98.8357 	 1 
98.8357 	 2 
98.8938 	 2 
98.9634 	 1 
99.3001 	 0 
99.3001 	 2 
99.7529 	 2 
99.7529 	 1 
99.8806 	 1 
100.2057 	 0 
100.2057 	 2 
100.6469 	 1 
100.6585 	 2 
100.7746 	 1 
101.1113 	 0 
101.1113 	 2 
101.5641 	 2 
101.5641 	 1 
101.6918 	 1 
102.0169 	 0 
102.0285 	 2 
102.4697 	 1 
102.4813 	 2 
102.9341 	 0 
102.9341 	 2 
103.3868 	 2 
103.3868 	 1 
103.8396 	 0 
103.8396 	 2 
104.2924 	 1 
104.2924 	 2 
104.7568 	 0 
104.7568 	 2 
105.1980 	 1 
105.1980 	 2 
105.3141 	 2 
105.6508 	 0 
105.6624 	 2 
106.1152 	 2 
106.1152 	 1 
106.5680 	 0 
106.5680 	 2 
107.0208 	 2 
107.0208 	 1 
107.1485 	 1 
107.4736 	 2 
107.4736 	 0 
107.9263 	 2 
107.9263 	 1 
108.0657 	 1 
108.3791 	 2 
108.3791 	 0 
108.8319 	 1 
108.8435 	 2 
109.2963 	 2 
109.2963 	 0 
109.7491 	 2 
109.7491 	 1 
109.8420 	 1 
110.2019 	 0 
110.2019 	 2 
110.5386 	 0 
110.6547 	 1 
110.6547 	 2 
110.7708 	 1 
111.1075 	 0 
111.1075 	 2 
111.3397 	 0 
111.3397 	 2 
111.5603 	 1 
111.7925 	 2 
112.0247 	 0 
112.2453 	 2 
112.4775 	 1 
112.6980 	 2 
112.9186 	 0 
113.1624 	 2 
113.3946 	 1 
113.6152 	 2 
113.8242 	 2 
113.8358 	 0 
114.0680 	 2 
114.2886 	 1 
114.5208 	 2 
114.7414 	 0 
114.9736 	 2 
115.2058 	 1 
115.4264 	 2 
115.6586 	 0 
115.8792 	 2 
115.8908 	 1 
116.1230 	 1 
116.3436 	 2 
116.5642 	 0 
116.7964 	 2 
117.0286 	 1 
117.2492 	 2 
117.4814 	 0 
117.7020 	 2 
117.9341 	 1 
118.1547 	 2 
118.3869 	 0 
118.6075 	 2 
118.8397 	 1 
119.0603 	 2 
119.2925 	 0 
119.5247 	 2 
119.7453 	 1 
119.8614 	 1 
119.9659 	 2 
120.1981 	 0 
120.4303 	 2 
120.6625 	 1 
120.6625 	 2 
120.8831 	 2 
121.1037 	 0 
121.3359 	 2 
121.5681 	 1 
121.7887 	 2 
122.0209 	 0 
122.2531 	 2 
122.4737 	 2 
122.4737 	 1 
122.7059 	 2 
122.9264 	 0 
123.1586 	 2 
123.3792 	 2 
123.3792 	 1 
123.6114 	 2 
123.8320 	 0 
124.0642 	 2 
124.2848 	 1 
124.5170 	 2 
124.7492 	 0 
124.9698 	 0 
124.9814 	 2 
125.0395 	 2 
125.2020 	 2 
125.2020 	 1 
125.3181 	 0 
125.3297 	 2 
125.4342 	 2 
125.4690 	 1 
125.5503 	 1 
125.5503 	 2 
125.6548 	 0 
125.8870 	 2 
126.1076 	 2 
126.1076 	 1 
126.3398 	 2 
126.5604 	 0 
126.5604 	 2 
126.7926 	 2 
127.0132 	 2 
127.0248 	 1 
127.2454 	 2 
127.4659 	 2 
127.4776 	 0 
127.6981 	 2 
127.9187 	 2 
128.1509 	 2 
128.1625 	 1 
128.3831 	 2 
128.3831 	 0 
128.6037 	 1 
128.6153 	 2 
128.8359 	 2 
128.8359 	 1 
129.0681 	 2 
129.2887 	 0 
129.5209 	 2 
129.7531 	 1 
129.7531 	 2 
129.9737 	 2 
130.2059 	 0 
130.2059 	 2 
130.4381 	 2 
130.6587 	 2 
130.6587 	 1 
130.8793 	 2 
131.1115 	 0 
131.3321 	 2 
131.5643 	 2 
131.7965 	 2 
132.0171 	 0 
132.0171 	 2 
132.2493 	 2 
132.4698 	 1 
132.4698 	 2 
132.7020 	 2 
132.9226 	 0 
132.9342 	 2 
133.1548 	 2 
133.3870 	 2 
133.3870 	 1 
133.6076 	 2 
133.8398 	 2 
133.8398 	 0 
134.0604 	 2 
134.2926 	 2 
134.2926 	 1 
134.5132 	 2 
134.7454 	 0 
134.7570 	 2 
134.9776 	 2 
135.1982 	 1 
135.1982 	 2 
135.4304 	 2 
135.6045 	 2 
135.6510 	 0 
135.8832 	 2 
136.1038 	 2 
136.3360 	 2 
136.5566 	 0 
136.5682 	 2 
136.7888 	 2 
136.7888 	 1 
137.0093 	 2 
137.0210 	 1 
137.1951 	 2 
137.2415 	 2 
137.2532 	 1 
137.4737 	 2 
137.4737 	 0 
137.6943 	 1 
137.7059 	 2 
137.9265 	 2 
137.9265 	 1 
138.1587 	 2 
138.3793 	 0 
138.6115 	 2 
138.8321 	 2 
138.8437 	 1 
139.0643 	 2 
139.2849 	 2 
139.2965 	 0 
139.5171 	 2 
139.7493 	 2 
139.7493 	 1 
139.9699 	 2 
139.9699 	 1 
140.2021 	 0 
142.0249 	 0 
142.0249 	 2 
142.1061 	 1 
142.4776 	 1 
142.4776 	 2 
142.6982 	 0 
142.9304 	 0 
142.9304 	 2 
143.3832 	 1 
143.3832 	 2 
143.4877 	 1 
143.8360 	 2 
143.8360 	 0 
144.1727 	 0 
144.2888 	 1 
144.3004 	 2 
144.4281 	 2 
144.5094 	 0 
144.7532 	 0 
144.7532 	 2 
145.2060 	 1 
145.2060 	 2 
145.6588 	 0 
145.6704 	 2 
146.1116 	 1 
146.1116 	 2 
146.3438 	 0 
146.5644 	 2 
146.5644 	 0 
147.0171 	 2 
147.0171 	 1 
147.0752 	 2 
147.4699 	 0 
147.4699 	 2 
147.9227 	 1 
147.9343 	 2 
148.1433 	 0 
148.3755 	 2 
148.3871 	 0 
148.8283 	 2 
148.8399 	 1 
149.2927 	 2 
149.2927 	 0 
149.7455 	 2 
149.7455 	 1 
149.9661 	 0 
150.1983 	 0 
150.2099 	 2 
150.6511 	 1 
150.6627 	 2 
150.7788 	 1 
151.1155 	 2 
151.1155 	 0 
151.4522 	 0 
151.5683 	 1 
151.5683 	 2 
151.7888 	 0 
152.0210 	 0 
152.0210 	 2 
152.4738 	 2 
152.4738 	 1 
152.9266 	 2 
152.9382 	 0 
153.3794 	 2 
153.3910 	 1 
153.6000 	 0 
153.8322 	 2 
153.8438 	 0 
154.2850 	 2 
154.2966 	 1 
154.7378 	 0 
154.7494 	 2 
155.2022 	 1 
155.2022 	 2 
155.4228 	 0 
155.6550 	 0 
155.6550 	 2 
155.8872 	 1 
156.1078 	 2 
156.1078 	 1 
156.3283 	 0 
156.5605 	 2 
156.5722 	 0 
156.7927 	 2 
157.0249 	 1 
157.2339 	 2 
157.4777 	 0 
157.6983 	 2 
157.9305 	 1 
157.9305 	 2 
158.1511 	 2 
158.3833 	 2 
158.3833 	 0 
158.6155 	 2 
158.8361 	 1 
158.8361 	 2 
159.0567 	 2 
159.2889 	 2 
159.2889 	 0 
159.5211 	 2 
159.7417 	 2 
159.7533 	 1 
159.9739 	 2 
160.2061 	 0 
160.4267 	 2 
160.6589 	 1 
160.8795 	 2 
161.1117 	 0 
161.1117 	 2 
161.3439 	 2 
161.5644 	 2 
161.5644 	 1 
161.7966 	 2 
162.0172 	 0 
162.0288 	 2 
162.2494 	 2 
162.4700 	 2 
162.4816 	 1 
162.7022 	 2 
162.9344 	 0 
162.9344 	 2 
163.1550 	 2 
163.3756 	 2 
163.3756 	 1 
163.6078 	 2 
163.8400 	 0 
163.8516 	 2 
163.9445 	 2 
164.0606 	 2 
164.2928 	 2 
164.2928 	 1 
164.5134 	 2 
164.7456 	 2 
164.7456 	 0 
164.9778 	 2 
165.1984 	 1 
165.1984 	 2 
165.4306 	 2 
165.6512 	 0 
165.8834 	 2 
166.0343 	 2 
166.1039 	 1 
166.1156 	 2 
166.3361 	 2 
166.5683 	 0 
166.7889 	 2 
167.0211 	 1 
167.0211 	 2 
167.2417 	 2 
167.4739 	 0 
167.6945 	 1 
167.7061 	 2 
167.9267 	 1 
168.1473 	 2 
168.1473 	 0 
168.3795 	 2 
168.3795 	 0 
168.6117 	 2 
168.8323 	 1 
169.0645 	 2 
169.0761 	 1 
169.2967 	 0 
169.5173 	 2 
169.5173 	 1 
169.7495 	 1 
169.8656 	 1 
169.9701 	 2 
169.9817 	 0 
170.1210 	 1 
170.2023 	 1 
170.3184 	 1 
170.7595 	 2 
171.1078 	 0 
171.1078 	 2 
171.3400 	 2 
171.3400 	 1 
171.5606 	 2 
171.5722 	 1 
171.7928 	 2 
171.8277 	 1 
172.0134 	 2 
172.0250 	 0 
172.2572 	 2 
172.4778 	 2 
172.4778 	 1 
172.7100 	 2 
172.9306 	 2 
172.9306 	 0 
173.1512 	 2 
173.3834 	 2 
173.3834 	 1 
173.6156 	 2 
173.8362 	 2 
173.8362 	 0 
174.0684 	 2 
174.1148 	 1 
174.2890 	 1 
174.2890 	 2 
174.5212 	 2 
174.7418 	 2 
174.7418 	 0 
174.9740 	 2 
175.1946 	 1 
175.1946 	 2 
175.4268 	 2 
175.6590 	 0 
175.6590 	 2 
175.8912 	 2 
175.9144 	 1 
176.1117 	 1 
176.1117 	 2 
176.3323 	 2 
176.5529 	 2 
176.5645 	 0 
176.7851 	 2 
177.0173 	 2 
177.0173 	 1 
177.2495 	 2 
177.2844 	 1 
177.4701 	 0 
177.4701 	 2 
177.7023 	 2 
177.9229 	 1 
177.9345 	 2 
178.1435 	 2 
178.1551 	 1 
178.1783 	 1 
178.3873 	 0 
178.3873 	 2 
178.6079 	 2 
178.6427 	 1 
178.8401 	 1 
178.8401 	 2 
179.0723 	 2 
179.2929 	 2 
179.2929 	 0 
179.5251 	 2 
179.5367 	 1 
179.7108 	 1 
179.7457 	 1 
179.7457 	 2 
179.9779 	 2 
180.1985 	 0 
180.1985 	 2 
180.4307 	 2 
180.4655 	 1 
180.6512 	 2 
180.6629 	 1 
180.8834 	 2 
181.1156 	 0 
181.1156 	 2 
181.3478 	 2 
181.5568 	 1 
181.5684 	 2 
181.7890 	 2 
181.7890 	 1 
182.0212 	 0 
182.0212 	 2 
182.2418 	 2 
182.4740 	 2 
182.4740 	 1 
182.6946 	 2 
182.7062 	 1 
182.9268 	 2 
182.9268 	 0 
183.1590 	 2 
183.3796 	 1 
183.3796 	 2 
183.6118 	 2 
183.6350 	 1 
183.8324 	 2 
183.8440 	 0 
184.0646 	 2 
184.2968 	 2 
184.2968 	 1 
184.5174 	 2 
184.7496 	 0 
184.7496 	 2 
184.9818 	 2 
184.9934 	 1 
185.2024 	 1 
185.2024 	 2 
185.3185 	 1 
185.4346 	 2 
185.4346 	 1 
185.4578 	 1 
185.6551 	 0 
185.6668 	 1 
185.6668 	 2 
185.8873 	 2 
186.1079 	 2 
186.1079 	 1 
186.3401 	 2 
186.5607 	 0 
186.5723 	 2 
186.7929 	 2 
187.0135 	 2 
187.0135 	 1 
187.2457 	 2 
187.4779 	 0 
187.4779 	 2 
187.7101 	 2 
187.9307 	 2 
187.9307 	 1 
188.1629 	 2 
188.1861 	 1 
188.3719 	 1 
188.3835 	 0 
188.3835 	 2 
188.6157 	 2 
188.8363 	 2 
188.8363 	 1 
189.0685 	 2 
189.3007 	 2 
189.3007 	 0 
189.5213 	 2 
189.7419 	 1 
189.7535 	 2 
189.9741 	 2 
190.1830 	 1 
190.2063 	 2 
190.2063 	 0 
190.4268 	 2 
190.6590 	 2 
190.6590 	 1 
190.6939 	 1 
190.8912 	 2 
191.1118 	 2 
191.1118 	 0 
191.3440 	 2 
191.5646 	 1 
191.5646 	 2 
191.7968 	 2 
192.0174 	 2 
192.0174 	 0 
192.2496 	 2 
192.4702 	 1 
192.4702 	 2 
192.7140 	 2 
192.9230 	 0 
192.9346 	 2 
193.1552 	 2 
193.3874 	 1 
193.3874 	 2 
193.6196 	 2 
193.8402 	 2 
193.8402 	 0 
194.0608 	 0 
194.0608 	 2 
194.2930 	 2 
194.2930 	 1 
194.5136 	 2 
194.7458 	 0 
194.7574 	 2 
194.9780 	 2 
195.1985 	 1 
195.1985 	 2 
195.4307 	 2 
195.6513 	 0 
195.6629 	 2 
195.8951 	 2 
196.1041 	 1 
196.1157 	 2 
196.3479 	 2 
196.5569 	 0 
196.5685 	 2 
196.7891 	 1 
196.8007 	 2 
197.0097 	 1 
197.0213 	 2 
197.2419 	 2 
197.4741 	 0 
197.4741 	 2 
197.7063 	 2 
197.9153 	 1 
197.9269 	 2 
198.1591 	 2 
198.3913 	 2 
198.3913 	 0 
198.6235 	 2 
198.8325 	 1 
198.8441 	 2 
199.0647 	 2 
199.1808 	 1 
199.7497 	 2 
199.9702 	 2 
200.0863 	 2 
200.2024 	 0 
202.0252 	 0 
202.0252 	 2 
202.0252 	 1 
202.1065 	 1 
202.4780 	 1 
202.4780 	 2 
202.6986 	 0 
202.9308 	 0 
202.9308 	 2 
203.3836 	 2 
203.3836 	 1 
203.8364 	 1 
203.8364 	 0 
203.8364 	 2 
204.1731 	 0 
204.2892 	 1 
204.3008 	 2 
204.5098 	 0 
204.7536 	 2 
204.7536 	 0 
205.2063 	 1 
205.2063 	 2 
205.6591 	 0 
205.6591 	 2 
206.1119 	 2 
206.1119 	 1 
206.3325 	 0 
206.5647 	 2 
206.5647 	 0 
207.0175 	 2 
207.0175 	 1 
207.1104 	 1 
207.4703 	 0 
207.4703 	 2 
207.9231 	 1 
207.9347 	 2 
208.1437 	 0 
208.3875 	 0 
208.3875 	 2 
208.8403 	 2 
208.8403 	 1 
209.2815 	 2 
209.2931 	 0 
209.7459 	 1 
209.7459 	 2 
209.9664 	 0 
210.1986 	 2 
210.2102 	 0 
210.6514 	 2 
210.6514 	 1 
210.7559 	 1 
210.7791 	 2 
211.1042 	 0 
211.1158 	 2 
211.5570 	 2 
211.5686 	 1 
211.7892 	 0 
212.0214 	 2 
212.0214 	 0 
212.4742 	 1 
212.4742 	 2 
212.5671 	 1 
212.9270 	 2 
212.9270 	 0 
213.3798 	 2 
213.3914 	 1 
213.8326 	 2 
213.8326 	 0 
214.2970 	 2 
214.2970 	 1 
214.7498 	 2 
214.7498 	 0 
215.2025 	 2 
215.2025 	 1 
215.4231 	 0 
215.6553 	 2 
215.6553 	 0 
215.8875 	 1 
216.1081 	 1 
216.1197 	 2 
216.3403 	 0 
216.5609 	 1 
216.5609 	 0 
216.5725 	 2 
216.7931 	 2 
216.7931 	 1 
217.0137 	 1 
217.2459 	 2 
217.4781 	 0 
217.4781 	 2 
217.6987 	 2 
217.9309 	 1 
218.1515 	 2 
218.3837 	 0 
218.6043 	 2 
218.8365 	 1 
218.8365 	 2 
219.0571 	 2 
219.2893 	 0 
219.3009 	 2 
219.5215 	 2 
219.7420 	 1 
219.9510 	 1 
219.9742 	 2 
220.2064 	 2 
220.2064 	 0 
220.4270 	 2 
220.6476 	 1 
220.6592 	 2 
220.8798 	 2 
221.1120 	 0 
221.3326 	 2 
221.5648 	 1 
221.7854 	 2 
221.7970 	 1 
222.0176 	 2 
222.0176 	 0 
222.0989 	 0 
222.2498 	 2 
222.4704 	 2 
222.4704 	 1 
222.7026 	 2 
222.9232 	 0 
222.9348 	 2 
223.1554 	 2 
223.3644 	 2 
223.3876 	 1 
223.6082 	 2 
223.8404 	 0 
223.8404 	 2 
223.9449 	 2 
224.0610 	 2 
224.2932 	 2 
224.2932 	 1 
224.5137 	 2 
224.7459 	 2 
224.7459 	 0 
224.9781 	 2 
225.1987 	 1 
225.1987 	 2 
225.4309 	 2 
225.6515 	 0 
225.8837 	 2 
226.1043 	 1 
226.3365 	 2 
226.5687 	 2 
226.5687 	 0 
226.7893 	 2 
227.0215 	 2 
227.0215 	 1 
227.2421 	 2 
227.4743 	 0 
227.6949 	 2 
227.9271 	 1 
227.9271 	 2 
228.1593 	 2 
228.3799 	 0 
228.6121 	 2 
228.8327 	 1 
228.8327 	 2 
229.0649 	 2 
229.2854 	 0 
229.5176 	 1 
229.5176 	 2 
229.7498 	 1 
229.8659 	 1 
229.9704 	 0 
229.9704 	 2 
230.2026 	 1 
230.3187 	 1 
231.1082 	 0 
