0.058	1
0.070	0
0.093	0
0.464	1
0.499	2
0.894	0
1.184	1
1.300	1
1.312	2
1.707	0
2.113	2
2.508	1
2.519	0
2.810	1
2.914	0
2.926	2
3.344	0
3.750	2
4.156	0
4.540	1
4.551	0
4.563	2
4.586	1
4.969	0
5.004	0
5.155	1
5.770	0
5.770	1
6.060	0
6.165	2
6.455	1
6.571	0
6.978	1
6.989	2
7.256	2
7.291	1
7.384	0
7.814	2
8.208	1
8.220	0
8.626	2
9.021	1
9.033	0
9.056	0
9.451	1
9.451	2
9.857	0
10.275	2
10.670	1
10.681	0
10.716	0
11.088	1
11.111	2
11.494	0
11.494	1
11.900	1
11.912	2
12.307	1
12.318	0
12.597	1
12.608	0
12.725	1
13.015	1
13.038	1
13.142	0
13.166	0
13.560	2
13.804	2
13.944	1
13.955	0
13.990	0
14.350	1
14.362	2
14.768	0
15.186	2
15.581	1
15.592	0
16.010	2
16.266	1
16.393	1
16.405	0
16.440	0
16.811	2
17.218	1
17.229	0
17.612	1
17.624	2
18.019	1
18.030	0
18.448	1
18.843	1
18.855	0
19.249	1
19.261	0
19.656	1
19.667	0
19.691	0
20.085	1
20.097	2
20.503	1
20.515	0
20.933	2
20.944	1
21.328	0
21.328	1
21.362	0
21.745	2
22.152	1
22.163	0
22.570	2
22.965	1
22.988	0
23.011	0
23.382	1
23.394	2
23.789	1
23.800	0
24.358	2
24.625	1
24.636	0
24.671	0
25.031	1
25.066	2
25.461	1
25.472	0
25.507	0
25.890	2
26.088	2
26.273	1
26.285	0
26.680	1
26.691	2
27.086	1
27.098	0
27.133	0
27.527	2
27.922	1
27.934	0
28.340	1
28.363	2
28.619	1
28.758	0
29.164	1
29.187	2
29.559	1
29.571	0
