0.453	2
0.720	2
0.731	1
1.277	2
1.544	2
1.811	1
2.090	2
2.624	2
2.879	2
2.891	1
3.170	2
3.437	2
3.715	2
3.959	2
3.971	1
4.122	2
4.377	2
4.528	2
4.783	2
5.039	2
5.050	1
5.608	2
5.875	2
6.130	2
6.142	1
6.409	2
6.687	2
6.943	2
7.210	2
7.221	1
7.488	2
7.767	2
8.034	2
8.290	2
8.301	1
8.440	2
8.696	2
8.847	2
9.102	2
9.253	2
9.369	2
9.381	1
9.648	2
9.915	2
10.194	2
10.449	2
10.461	1
10.739	2
11.006	2
11.262	2
11.529	2
11.540	1
11.819	2
12.086	2
12.365	2
12.608	2
12.620	1
12.771	2
13.026	2
13.177	2
13.212	0
13.433	2
13.688	2
13.700	1
13.978	2
14.245	2
14.524	2
14.780	2
14.791	1
14.826	2
15.058	2
15.337	2
15.592	2
15.859	2
15.871	1
16.138	2
16.417	2
16.695	2
16.951	1
16.985	2
17.090	2
17.345	2
17.496	2
17.543	0
17.752	2
18.019	2
18.030	1
18.297	0
18.297	2
18.576	2
18.843	2
18.866	0
19.098	0
19.098	2
19.110	1
19.389	2
19.656	2
19.679	0
19.702	0
19.911	2
20.178	2
20.190	1
20.468	2
20.735	2
21.014	2
21.258	2
21.269	1
21.316	2
21.420	2
21.676	2
21.827	2
21.838	0
22.082	2
22.105	0
22.338	2
22.349	1
22.361	0
22.396	2
22.628	2
22.686	0
22.895	2
23.162	0
23.174	2
23.417	2
23.441	1
23.452	0
23.475	2
23.708	2
23.986	2
24.033	0
24.091	0
24.242	2
24.509	2
24.520	1
24.555	2
24.787	2
25.066	2
25.333	2
25.588	2
25.600	1
25.646	2
25.739	2
25.995	2
26.146	2
26.157	0
26.227	0
26.401	2
26.668	2
26.680	1
26.947	2
27.225	2
27.492	2
27.748	2
27.759	1
27.771	0
27.806	2
28.038	2
28.305	2
28.328	0
28.561	2
28.828	2
28.839	1
29.118	2
29.385	2
29.663	2
29.907	2
29.919	1
