0.406	1
0.430	0
0.430	2
0.697	2
0.871	2
0.975	1
0.987	2
1.242	2
1.533	1
1.556	0
1.556	2
1.823	1
1.834	2
1.846	0
2.113	1
2.125	2
2.276	2
2.357	1
2.392	2
2.601	0
2.694	0
2.694	2
2.961	2
3.239	1
3.251	2
3.518	2
3.738	0
3.808	1
3.831	0
3.831	2
4.098	2
4.377	1
4.389	2
4.586	1
4.656	1
4.679	0
4.679	2
4.934	1
4.957	0
4.957	2
5.039	2
5.224	2
5.503	1
5.515	2
5.782	2
6.072	1
6.084	0
6.084	2
6.351	1
6.362	2
6.374	0
6.525	2
6.548	1
6.641	1
6.653	2
6.920	2
7.129	0
7.210	1
7.221	0
7.221	2
7.488	2
7.767	1
7.779	2
8.057	2
8.266	0
8.336	1
8.359	0
8.359	2
8.626	2
8.905	1
8.916	2
9.079	1
9.102	0
9.195	1
9.207	0
9.207	2
9.311	2
9.485	0
9.485	2
9.497	1
9.752	2
10.043	2
10.310	2
10.588	1
10.612	0
10.612	2
10.879	1
10.890	2
10.902	0
11.169	1
11.180	2
11.447	2
11.656	0
11.656	2
11.749	0
11.749	2
11.958	2
12.016	2
12.295	1
12.307	2
12.585	1
12.585	2
12.794	0
12.887	0
12.887	2
13.142	1
13.154	2
13.433	1
13.444	2
13.700	2
13.711	1
13.735	0
13.735	2
13.816	2
14.013	0
14.013	2
14.280	2
14.315	1
14.420	2
14.559	1
14.571	2
14.838	2
15.116	1
15.139	0
15.139	2
15.418	2
15.430	0
15.557	2
15.697	1
15.708	2
15.975	2
16.184	0
16.266	1
16.277	0
16.277	2
16.544	2
16.823	1
16.834	2
17.113	2
17.322	0
17.403	1
17.415	0
17.415	2
17.682	2
17.717	1
17.961	1
17.972	2
18.123	2
18.158	0
18.239	1
18.262	0
18.262	2
18.530	1
18.541	0
18.541	2
18.808	2
19.087	1
19.098	2
19.377	2
19.656	1
19.667	0
19.679	2
19.946	2
19.958	0
20.062	2
20.225	1
20.236	2
20.503	2
20.724	0
20.770	2
20.805	0
20.805	1
20.817	2
20.875	1
21.072	2
21.328	2
21.362	1
21.362	2
21.641	2
21.850	0
21.931	1
21.943	0
21.943	2
22.210	2
22.489	1
22.500	2
22.674	1
22.767	1
22.790	0
22.790	2
22.930	2
23.046	1
23.069	0
23.069	2
23.336	2
23.626	1
23.626	2
23.905	2
24.137	2
24.184	1
24.195	0
24.207	2
24.474	1
24.485	0
24.485	2
24.636	2
24.683	1
24.752	1
24.764	2
25.031	2
25.252	0
25.321	1
25.333	0
25.345	2
25.484	2
25.600	2
25.879	1
25.902	2
26.169	2
26.378	0
26.471	0
26.471	2
26.738	2
27.016	1
27.028	2
27.225	0
27.318	0
27.318	2
27.597	0
27.609	2
27.643	1
27.864	2
28.154	1
28.166	2
28.433	2
28.723	0
28.723	2
29.002	1
29.013	0
29.013	2
29.083	2
29.280	1
29.292	2
29.559	2
29.780	0
29.861	0
29.872	2
