0.163	2
0.221	2
0.325	2
0.395	2
0.464	2
0.511	2
0.580	2
0.952	2
1.022	0
1.184	2
1.463	1
1.892	0
1.904	2
2.345	1
2.624	2
2.752	1
2.763	0
3.030	2
3.193	1
3.483	1
3.622	1
3.634	0
3.657	2
3.971	1
4.063	1
4.423	1
4.423	2
4.481	1
4.493	0
4.516	2
4.934	1
5.352	1
5.364	0
5.375	2
5.642	2
5.677	1
5.817	1
6.223	1
6.246	0
6.246	2
6.409	2
6.664	1
6.931	1
7.082	1
7.094	0
7.105	2
7.268	2
7.523	1
7.941	1
7.953	0
8.371	1
8.371	2
8.649	2
8.766	2
8.777	1
8.800	0
9.230	1
9.300	2
9.427	1
9.660	0
10.066	1
10.484	2
10.495	0
10.913	1
11.355	1
11.366	2
11.482	1
11.622	0
11.796	1
12.051	1
12.190	1
12.214	0
12.597	2
12.632	1
12.794	1
12.887	1
12.899	0
12.968	2
12.992	2
13.050	1
13.096	1
13.119	2
13.177	1
13.328	1
13.479	1
13.886	1
14.721	1
14.733	0
14.791	1
15.174	1
15.592	1
15.615	0
16.045	1
16.057	2
16.475	0
16.916	1
17.334	1
17.345	0
17.624	1
17.775	1
17.786	2
18.204	2
18.216	0
18.216	1
18.634	1
18.646	2
19.075	1
19.087	0
19.493	1
19.818	2
19.934	1
19.958	0
20.387	1
20.654	1
20.817	0
21.107	1
21.235	1
21.235	2
21.560	1
21.676	1
21.687	2
21.699	0
22.094	1
22.152	2
22.523	0
22.953	1
23.255	2
23.266	1
23.371	1
23.382	0
23.812	1
24.102	2
24.242	1
24.242	2
24.253	0
24.671	1
25.101	2
25.124	0
25.542	1
25.960	1
25.972	0
26.413	1
26.424	2
26.831	1
26.842	0
27.144	1
27.249	1
27.283	0
27.516	1
27.667	1
27.678	0
27.690	2
27.934	1
28.085	1
28.108	0
28.526	0
28.549	1
28.642	1
28.793	1
28.932	1
29.362	1
29.385	0
29.791	1
29.907	2
