0.058	0
0.128	0
0.313	2
0.592	2
0.871	2
1.149	1
1.149	2
1.707	2
1.985	2
2.159	0
2.229	0
2.264	2
2.287	0
2.322	0
2.543	2
2.833	2
3.100	2
3.379	2
3.390	1
3.947	2
4.226	2
4.505	2
4.528	0
4.551	0
4.598	0
4.632	0
4.783	2
5.062	2
5.341	2
5.619	1
5.619	2
6.455	2
6.618	0
6.757	0
6.792	0
7.012	2
7.303	2
7.581	2
7.709	0
7.860	1
7.860	2
8.417	0
8.417	2
8.696	2
8.742	0
8.975	2
8.998	0
9.056	0
9.253	2
9.532	2
9.810	2
10.089	2
10.101	1
10.937	2
11.088	0
11.204	2
11.238	0
11.285	0
11.494	2
11.773	2
12.051	2
12.330	1
12.330	2
13.166	2
13.444	2
13.468	0
13.502	0
13.723	0
13.723	2
14.013	2
14.280	0
14.280	2
14.443	2
14.466	1
14.559	2
14.571	1
15.406	2
15.441	0
15.557	0
15.685	2
15.708	0
15.790	0
15.964	2
16.242	2
16.521	2
16.800	1
16.800	2
17.636	2
17.914	2
17.937	0
17.995	0
18.193	2
18.483	2
18.762	2
19.040	1
19.040	2
19.876	2
20.039	0
20.155	2
20.178	0
20.236	0
20.434	2
20.712	2
20.991	2
21.269	2
21.281	1
22.105	2
22.384	2
22.407	0
22.674	2
22.953	2
23.232	2
23.510	1
23.510	2
24.346	2
24.509	0
24.567	0
24.625	2
24.648	0
24.903	2
25.182	2
25.461	2
25.739	2
25.751	1
26.587	2
26.819	2
26.889	0
26.912	0
27.144	2
27.365	2
27.701	2
27.980	1
27.980	2
28.816	2
28.979	0
29.118	0
29.385	2
29.663	2
