3.901	1
3.936	0
4.168	1
4.331	1
4.354	0
4.783	0
5.050	2
5.329	0
5.608	0
5.608	2
5.886	2
6.153	1
6.153	2
6.455	2
6.583	0
6.583	2
7.001	0
7.012	2
7.268	2
7.384	1
7.558	0
7.837	0
8.104	2
8.127	2
8.371	1
8.371	2
8.649	2
8.673	2
8.800	0
8.812	2
8.835	1
8.870	1
9.218	0
9.485	1
9.485	2
9.776	0
9.787	2
9.985	1
10.054	0
10.066	2
10.321	2
10.588	2
10.879	2
11.018	0
11.436	0
11.703	2
11.714	1
11.993	0
12.005	2
12.272	0
12.272	2
12.539	2
12.817	1
12.817	2
12.841	2
13.096	2
13.247	0
13.665	0
13.920	1
13.920	2
14.211	0
14.489	0
14.501	2
14.756	2
15.035	2
15.325	2
15.464	0
15.871	2
15.882	0
15.894	2
16.149	2
16.161	1
16.393	1
16.440	0
16.440	2
16.718	0
16.985	2
17.252	2
17.264	1
17.287	1
17.543	2
17.682	0
18.100	0
18.112	2
18.367	1
18.367	2
18.657	0
18.669	2
18.936	0
18.947	2
18.982	0
19.203	2
19.482	1
19.621	0
19.900	1
19.911	0
20.317	1
20.410	0
20.538	0
20.584	1
20.875	1
21.026	0
21.153	1
21.304	0
21.374	0
21.722	1
21.978	1
22.117	1
22.221	0
22.535	1
22.639	0
22.814	1
23.081	0
23.081	2
23.092	1
23.220	2
23.232	1
23.359	2
23.371	1
23.499	1
23.499	2
23.905	1
23.928	0
24.346	0
24.764	0
25.020	2
25.043	1
25.159	1
25.321	0
25.321	2
25.600	0
25.646	0
25.867	2
26.134	2
26.146	1
26.424	1
26.424	2
26.564	0
26.982	0
26.993	2
27.063	1
27.249	2
27.388	1
27.539	0
27.539	2
27.818	0
28.096	2
28.352	1
28.352	2
28.375	1
28.642	2
28.793	0
28.839	0
29.211	0
29.211	2
29.257	0
29.466	2
29.756	2
29.768	0
30.035	0
30.174	1
30.314	2
30.348	1
30.581	1
30.581	2
30.662	1
30.871	2
31.010	0
31.033	1
31.138	1
31.428	0
31.428	2
31.684	1
31.684	2
31.707	1
31.835	1
31.985	0
31.997	2
32.264	0
32.531	2
32.566	1
32.601	1
32.787	1
32.798	2
33.088	2
33.112	2
33.228	0
33.646	0
33.646	2
33.913	2
34.203	0
34.203	2
34.482	0
34.749	2
35.016	2
35.027	1
35.457	0
35.457	2
35.863	0
35.875	2
36.130	2
36.420	0
36.420	2
36.699	0
36.978	2
37.233	2
37.373	1
37.535	2
37.674	0
38.092	0
38.092	2
38.174	0
38.348	2
38.371	1
38.650	0
38.650	2
38.917	0
39.184	1
39.195	2
39.462	1
39.462	2
39.602	1
39.753	2
39.892	0
39.950	0
40.310	0
40.321	2
40.368	0
40.565	1
40.565	2
40.844	1
40.856	2
40.867	0
41.146	0
41.726	1
42.109	0
42.167	0
42.260	0
42.527	0
42.527	2
42.794	2
43.085	0
43.085	2
43.340	1
43.363	0
43.642	2
43.897	2
44.188	2
44.339	0
44.733	1
44.756	0
44.756	2
45.012	2
45.023	1
45.302	2
45.314	0
45.558	1
45.581	0
45.859	2
46.126	1
46.126	2
46.417	2
46.556	0
46.556	2
46.974	0
46.974	2
47.229	2
47.334	1
47.438	1
47.520	2
47.531	0
47.810	0
48.077	2
48.135	1
48.344	1
48.344	2
48.634	2
48.750	1
48.774	0
48.785	2
49.191	0
49.191	2
49.459	1
49.459	2
49.749	0
49.749	2
50.027	0
50.294	2
50.306	1
50.561	2
50.573	1
51.003	0
51.003	2
51.409	2
51.421	0
51.467	0
51.676	2
51.966	0
51.966	2
52.245	0
52.524	2
52.779	1
52.779	2
52.941	1
53.081	2
53.220	0
53.220	2
53.626	2
53.638	0
53.894	2
54.184	2
54.195	0
54.462	0
54.741	2
55.008	1
55.008	2
55.089	1
55.298	2
55.438	0
55.449	2
55.856	0
55.856	2
56.111	2
56.134	1
56.413	0
56.413	2
56.692	0
56.959	2
57.226	2
57.237	1
57.516	2
57.667	0
58.073	0
58.073	2
58.131	0
58.340	1
58.340	2
58.630	0
58.630	2
58.688	0
58.909	0
59.188	2
59.455	1
59.884	0
59.931	0
60.302	0
60.349	0
60.558	2
60.569	1
60.848	2
60.860	0
61.127	0
61.127	1
61.127	2
61.405	2
61.672	2
61.695	1
61.962	2
62.102	0
62.206	1
62.520	0
62.531	2
62.566	0
62.787	2
62.798	1
62.996	1
63.077	0
63.356	0
63.623	1
63.901	0
64.052	1
64.296	1
64.319	0
64.435	1
65.492	1
65.562	2
66.676	2
67.233	2
68.731	1
68.766	0
69.161	1
69.184	0
69.230	0
69.451	1
69.451	2
69.741	0
70.020	0
70.287	2
70.554	1
70.554	2
70.705	1
70.751	2
70.844	1
70.844	2
70.983	0
71.076	1
71.401	0
71.401	2
71.657	1
71.668	2
71.959	0
72.028	1
72.226	2
72.237	0
72.771	2
72.783	1
73.062	2
73.213	0
73.619	0
73.886	2
73.898	1
74.165	2
74.176	0
74.385	1
74.455	0
74.466	2
74.733	2
74.989	1
75.000	2
75.395	1
75.430	0
75.848	0
76.115	1
76.115	2
76.370	1
76.394	0
76.487	0
76.637	1
76.672	0
77.230	1
77.357	0
77.624	1
77.648	0
77.891	1
77.926	0
77.973	0
78.077	0
78.321	1
78.321	2
78.623	0
78.901	0
79.168	2
79.435	2
79.726	2
79.842	1
79.865	0
79.865	2
80.132	1
80.144	0
80.144	2
80.515	1
80.538	2
80.805	1
80.840	0
80.968	1
81.119	0
81.223	1
81.386	2
81.630	1
81.653	2
81.885	1
81.943	2
82.094	0
82.373	0
82.373	2
82.733	1
82.768	2
83.023	1
83.058	0
83.336	0
83.603	2
83.870	1
83.870	2
84.312	0
84.323	2
84.590	0
84.985	2
84.997	1
85.275	2
85.426	0
85.670	1
85.693	0
86.239	0
86.483	1
86.529	0
86.587	0
86.796	1
86.808	0
87.179	1
87.203	2
87.504	0
87.783	0
87.829	0
88.050	2
88.178	1
88.317	2
88.329	1
88.607	2
88.712	1
88.747	0
88.758	2
89.025	0
89.037	2
89.432	2
89.722	0
90.001	0
90.047	0
90.268	2
90.511	1
90.535	2
90.569	1
90.953	1
90.976	0
90.976	2
91.022	0
91.231	1
91.254	0
91.649	2
91.661	1
91.916	1
91.951	0
92.218	0
92.485	2
92.601	1
92.752	1
92.764	2
93.042	2
93.193	0
93.240	0
93.414	1
93.472	0
93.472	2
93.867	2
93.878	1
94.157	2
94.261	1
94.285	1
94.308	0
94.563	1
94.586	0
94.993	0
95.004	1
95.028	1
95.121	0
95.388	1
95.411	0
95.469	0
95.829	0
96.096	1
96.096	2
96.386	0
96.386	2
96.491	0
96.665	0
96.932	2
96.955	1
96.978	1
97.187	1
97.199	2
97.210	1
97.489	2
97.512	1
97.640	0
98.046	0
98.046	2
98.104	0
98.313	2
98.487	1
98.604	0
98.604	2
98.882	0
99.161	2
99.416	2
99.428	1
99.718	2
99.857	0
100.275	0
100.275	2
100.357	0
100.519	0
100.531	1
100.531	2
100.833	0
100.833	2
100.879	0
101.100	0
101.158	1
101.367	1
101.378	2
101.645	2
101.657	1
101.936	2
102.075	0
102.087	2
102.493	0
102.493	2
102.748	2
102.806	1
103.050	0
103.062	2
103.085	1
103.294	2
103.329	0
103.596	2
103.863	2
103.874	1
104.153	2
104.292	0
104.304	2
104.710	0
104.710	2
104.977	1
104.977	2
105.268	0
105.268	2
105.546	0
105.802	1
105.825	2
106.080	2
106.092	1
106.371	2
106.522	0
106.928	2
106.940	0
107.195	1
107.195	2
107.311	1
107.485	0
107.485	2
107.764	0
108.042	2
108.309	1
108.309	2
108.600	2
108.739	0
109.157	0
109.157	2
109.412	2
109.424	1
109.714	0
109.714	2
109.958	1
109.981	0
110.260	2
110.306	1
110.527	1
110.527	2
110.806	1
110.817	2
110.957	0
110.957	2
111.015	0
111.375	0
111.375	2
111.642	1
111.642	2
111.932	0
111.932	2
111.990	0
112.094	1
112.199	2
112.210	0
112.489	2
112.640	1
112.756	0
112.849	1
113.162	1
113.174	0
113.232	0
113.592	0
113.604	2
113.859	1
113.859	2
114.149	0
114.149	2
114.428	0
114.707	2
114.962	2
114.974	1
115.264	2
115.403	0
115.821	0
115.821	2
115.902	0
116.077	2
116.100	0
116.367	0
116.367	2
116.645	0
116.924	2
117.191	2
117.481	2
117.621	0
117.632	2
117.644	1
118.039	0
118.039	2
118.294	2
118.306	1
118.596	0
118.596	2
118.851	1
118.875	0
119.142	2
119.165	1
119.409	2
119.420	1
119.699	2
119.815	1
119.838	0
120.256	0
120.256	2
120.523	1
120.523	2
120.813	0
120.813	2
121.092	0
121.371	2
121.626	1
121.626	2
121.789	1
121.812	1
121.916	2
122.067	0
122.485	0
122.485	2
122.741	2
122.752	1
123.031	2
123.043	0
123.310	0
123.588	2
123.844	1
123.855	2
124.145	2
124.285	0
124.703	0
124.703	2
124.958	1
124.958	2
125.248	2
125.260	0
125.341	1
125.527	0
125.806	2
126.073	1
126.073	2
126.340	1
126.363	2
126.491	2
126.502	0
126.920	0
126.920	2
127.187	2
127.199	1
127.478	0
127.478	2
127.512	1
127.756	0
127.803	0
128.023	2
128.290	1
128.290	2
128.453	1
128.580	2
128.731	0
128.731	2
129.138	2
129.149	0
129.405	2
129.695	0
129.707	2
129.974	0
130.241	2
130.519	0
130.810	1
130.949	0
130.995	0
131.262	0
131.367	0
131.413	0
131.622	2
131.634	1
131.924	0
132.156	1
132.203	0
132.470	2
132.737	1
132.737	2
133.027	2
133.166	0
133.584	0
133.584	2
133.851	1
133.851	2
134.142	0
134.420	0
134.676	1
134.676	2
134.966	0
135.361	1
135.396	0
136.081	2
137.741	2
137.787	1
138.855	2
139.401	1
139.831	0
140.225	1
140.249	0
140.504	1
140.516	2
140.527	1
140.783	1
140.806	0
141.084	0
141.351	2
141.630	2
141.909	2
142.048	0
142.106	0
142.454	1
142.466	0
142.478	2
142.721	1
142.733	2
143.023	0
143.035	2
143.302	0
143.302	2
143.569	2
143.848	2
144.277	0
144.277	2
144.312	1
144.684	0
144.695	2
144.962	1
144.962	2
145.241	0
145.241	2
145.485	1
145.519	0
145.531	2
145.786	2
146.054	1
146.065	2
146.355	2
146.460	1
146.495	0
146.889	2
147.180	2
147.215	1
147.273	1
147.319	0
147.598	0
147.737	2
147.946	0
148.167	0
148.294	2
148.457	1
148.596	1
148.631	1
148.689	1
148.712	0
148.968	1
148.991	0
149.386	2
149.397	1
149.653	1
149.687	0
149.966	0
150.233	2
150.396	1
150.489	1
150.500	2
150.512	1
150.790	2
150.930	0
150.988	0
151.208	0
151.348	1
151.615	1
151.615	2
151.905	0
152.184	0
152.451	2
152.578	1
152.718	2
152.880	1
153.008	2
153.124	1
153.159	0
153.159	2
153.403	1
153.437	0
153.832	1
153.832	2
154.099	1
154.122	0
154.401	0
154.668	2
154.924	1
154.947	2
155.063	1
155.225	2
155.330	1
155.376	0
155.609	1
155.655	0
155.667	2
155.690	1
155.783	2
156.050	2
156.061	1
156.340	2
156.456	1
156.491	0
156.770	0
156.770	2
157.176	1
157.547	1
157.594	0
157.849	1
157.872	0
157.954	0
158.267	2
158.279	1
158.569	0
158.848	0
159.115	2
159.370	1
159.382	2
159.672	2
159.800	1
159.811	0
159.869	0
160.090	0
160.102	2
160.427	1
160.496	2
160.775	1
160.787	0
161.065	0
161.205	1
161.332	2
161.599	2
161.890	2
162.040	0
162.319	0
162.667	1
162.714	2
163.004	0
163.283	0
163.341	0
163.689	1
163.828	2
163.840	1
164.014	1
164.107	2
164.258	0
164.258	2
164.490	1
164.537	0
164.931	1
164.931	2
165.222	2
165.361	1
165.373	0
165.628	1
165.651	0
166.081	1
166.150	1
166.232	1
166.452	1
166.475	0
166.534	0
166.905	0
167.160	2
167.451	0
167.451	2
167.718	2
167.729	0
167.741	2
167.996	2
168.275	2
168.484	1
168.554	2
168.670	1
168.705	0
168.844	2
169.123	0
169.227	0
169.378	1
169.378	2
169.668	0
169.947	0
169.958	2
170.493	2
170.620	1
170.701	1
170.783	2
170.829	1
170.922	0
170.980	1
171.027	1
171.061	2
171.328	2
171.340	0
171.607	1
171.607	2
171.897	0
172.176	0
172.188	2
172.710	2
172.722	1
173.000	2
173.140	0
173.279	2
173.534	1
173.558	0
173.569	2
173.825	2
173.836	1
174.115	0
174.393	0
174.393	2
174.928	1
174.939	2
174.962	0
175.044	1
175.369	0
175.787	0
176.042	2
176.054	1
176.332	0
176.483	1
176.611	0
176.890	2
177.075	1
177.168	2
177.447	2
177.551	1
177.586	0
177.714	2
177.911	1
177.993	2
178.004	0
178.271	1
178.271	2
178.561	0
178.828	0
179.107	2
179.374	2
179.664	2
179.804	0
179.862	0
179.943	2
180.175	1
180.198	1
180.222	0
180.489	1
180.489	2
180.779	0
180.779	2
181.058	0
181.058	2
181.255	1
181.336	2
181.592	2
181.603	1
181.615	2
181.870	2
181.882	1
181.986	1
182.033	0
182.439	1
182.706	1
182.718	2
182.985	1
182.985	2
183.136	0
183.194	1
183.275	2
183.472	1
183.809	1
183.821	2
183.937	0
184.204	1
184.250	0
184.297	0
184.645	1
184.668	0
184.668	2
184.935	2
185.214	2
185.226	0
185.493	0
185.771	2
186.038	2
186.050	1
186.329	2
186.468	0
186.468	2
186.886	0
186.897	2
186.990	1
187.153	1
187.153	2
187.431	0
187.559	0
187.722	0
187.989	2
188.267	1
188.267	2
188.546	2
188.685	0
188.697	2
188.755	1
189.103	0
189.103	2
189.336	1
189.370	2
189.661	0
189.672	2
189.823	1
189.904	1
189.939	0
189.951	2
190.206	2
190.229	2
190.450	1
190.485	2
190.497	1
190.682	1
190.914	0
190.973	1
191.100	1
191.298	1
191.321	0
191.332	2
191.588	2
191.599	1
191.843	1
191.878	2
191.890	0
192.122	1
192.145	2
192.168	1
192.331	1
192.424	1
192.470	1
192.563	0
192.610	1
192.691	2
192.714	1
192.842	0
192.958	1
193.132	0
193.550	0
193.550	2
193.596	0
193.631	1
193.817	1
193.817	2
194.107	0
194.374	2
194.386	0
194.653	2
194.723	1
194.920	2
195.210	2
195.349	0
195.361	2
195.767	0
195.767	2
195.860	1
196.034	2
196.058	2
196.325	0
196.325	2
196.464	1
196.534	1
196.557	1
196.603	0
196.615	2
196.650	0
196.708	1
196.870	2
196.952	1
196.986	1
197.137	1
197.137	2
197.254	1
197.428	2
197.451	1
197.567	0
197.579	2
197.939	1
197.985	0
198.101	1
198.252	2
198.264	1
198.542	0
198.554	2
198.821	0
198.832	2
199.100	2
199.367	2
199.378	1
199.494	1
199.645	1
199.645	2
199.796	0
199.843	0
200.063	1
200.191	1
200.191	2
200.469	2
200.481	1
200.748	2
200.760	1
200.899	0
200.911	2
201.178	0
201.189	2
201.456	0
201.503	1
201.596	1
201.689	1
202.014	0
202.072	1
202.432	0
202.466	1
202.699	1
202.699	2
202.989	0
202.989	2
203.233	1
203.256	2
203.267	0
203.535	2
203.802	2
203.813	1
204.092	2
204.231	0
204.649	0
204.661	2
204.928	2
205.195	2
205.206	0
205.253	0
205.485	0
206.007	1
206.298	0
206.449	0
207.702	2
208.805	2
209.363	2
210.895	0
211.127	0
211.290	1
211.313	0
211.580	1
211.580	2
211.870	0
212.126	1
212.138	2
212.149	0
212.416	2
212.695	1
212.695	2
212.973	2
213.113	0
213.136	2
213.345	1
213.368	1
213.531	0
213.798	2
213.809	1
214.088	0
214.100	2
214.367	0
214.378	2
214.634	2
214.912	2
214.924	1
215.214	2
215.342	0
215.377	1
215.388	0
215.713	1
215.760	0
216.027	1
216.027	2
216.305	0
216.317	2
216.514	1
216.584	0
216.596	2
216.863	2
217.130	1
217.130	2
217.420	2
217.536	1
217.559	0
217.699	2
217.745	1
217.954	1
217.954	2
217.977	1
218.523	0
218.581	1
218.802	0
218.860	0
219.011	1
219.080	1
219.359	0
219.742	1
219.777	0
219.777	1
219.881	0
220.009	1
220.056	0
220.056	1
220.067	2
220.102	0
220.462	1
220.740	1
221.019	1
221.437	1
221.576	1
221.600	1
221.855	1
221.994	1
222.006	0
222.052	0
222.273	1
222.285	0
222.285	2
222.366	0
222.633	2
222.703	1
222.970	1
223.237	1
223.655	1
223.794	1
223.817	1
224.073	1
224.212	1
224.223	0
224.223	2
224.270	0
224.491	1
224.502	0
224.908	1
225.187	1
225.466	1
226.011	1
226.429	1
226.441	0
226.708	1
226.720	0
226.801	0
227.021	1
227.126	1
227.149	1
227.405	1
227.544	1
227.556	0
227.556	2
227.823	1
227.834	0
227.834	2
228.124	1
228.241	1
228.380	0
228.403	1
228.659	0
228.705	1
228.717	0
228.937	0
229.309	1
229.343	1
229.343	2
229.611	1
229.634	0
229.680	1
229.912	0
230.179	2
230.446	2
230.574	1
230.737	2
230.853	1
230.888	0
231.131	1
231.166	0
231.166	2
231.561	2
231.573	1
231.828	1
231.851	0
232.130	0
232.397	2
232.676	1
232.676	2
232.803	1
232.954	2
233.105	0
233.105	2
233.384	0
233.755	1
233.779	1
233.779	2
234.046	1
234.080	0
234.127	0
234.359	0
234.893	2
234.905	1
235.288	1
235.323	0
235.555	1
235.601	0
235.996	2
236.286	2
236.402	1
236.437	0
236.681	1
236.716	0
236.716	2
237.122	1
237.145	1
237.285	1
237.540	0
237.598	0
237.819	0
238.225	1
238.225	2
238.481	1
238.515	0
238.794	0
239.061	2
239.328	1
239.328	2
239.479	1
239.618	2
239.769	0
239.816	0
240.036	2
240.048	0
240.443	2
240.454	1
240.710	1
240.733	0
241.012	0
241.279	2
241.406	1
241.557	2
241.836	2
241.987	0
241.987	2
242.254	1
242.265	0
242.277	2
242.393	2
242.660	2
242.672	1
242.939	1
242.962	0
243.241	0
243.496	2
243.763	1
243.775	2
243.821	1
244.204	0
244.216	2
244.448	1
244.483	0
244.889	1
244.889	2
245.168	2
245.284	1
245.319	0
245.354	1
245.563	1
245.597	0
245.992	2
246.004	1
246.433	0
246.712	0
247.072	1
247.107	2
247.118	1
247.374	1
247.397	0
247.676	0
247.943	2
248.221	2
248.233	1
248.500	2
248.651	0
248.930	0
248.941	2
249.324	2
249.429	1
249.626	0
249.893	0
250.160	2
250.288	1
250.427	1
250.439	2
250.555	1
250.717	2
250.868	0
250.868	2
251.147	0
251.542	2
251.832	1
251.844	0
252.122	0
252.389	2
252.645	1
252.656	2
252.947	2
253.051	1
253.098	0
253.144	0
253.365	0
253.376	2
253.423	0
253.771	1
253.771	2
254.050	2
254.177	1
254.200	0
254.444	1
254.479	0
254.491	2
255.013	1
255.257	1
255.315	0
255.396	1
255.570	1
255.594	0
255.640	0
255.988	1
255.988	2
256.267	1
256.290	0
256.557	0
257.103	2
257.393	2
257.533	0
257.811	0
258.206	2
258.229	1
258.508	0
258.786	0
259.320	2
259.750	0
260.029	0
260.400	1
260.725	0
261.004	0
261.271	2
261.538	2
261.550	1
261.933	1
261.979	0
262.211	1
262.258	0
262.653	1
262.653	2
263.082	0
263.361	0
264.197	0
264.475	0
264.847	1
264.870	2
265.172	0
265.439	0
265.985	2
266.414	0
266.693	0
267.389	0
267.668	0
268.643	0
268.922	0
269.607	0
269.886	0
