0.163	1
0.174	2
0.197	0
0.290	0
0.290	1
0.395	1
0.406	0
0.499	1
0.511	0
0.604	1
0.639	0
0.824	1
0.836	2
0.848	0
0.940	1
0.964	0
1.045	1
1.126	0
1.161	1
1.184	0
1.289	1
1.312	0
1.498	1
1.509	2
1.533	0
1.614	1
1.625	0
1.718	1
1.741	0
1.823	1
1.846	0
1.939	1
1.974	0
3.762	0
3.936	1
3.936	2
4.052	2
4.087	0
4.168	0
4.168	1
4.168	2
4.214	0
4.319	0
4.342	0
4.389	2
4.412	0
4.540	0
4.598	1
4.609	2
4.644	0
4.841	2
4.853	0
4.957	2
5.050	0
5.050	1
5.062	2
5.097	0
5.271	2
5.492	1
5.503	2
5.573	0
5.677	0
5.712	1
5.712	2
5.828	2
5.944	0
5.944	1
5.944	2
5.991	0
6.060	0
6.165	2
6.188	0
6.385	2
6.420	0
6.536	0
6.606	1
6.618	2
6.699	0
6.722	2
6.827	1
6.838	2
6.873	0
6.908	0
7.024	0
7.047	2
7.082	0
7.268	1
7.279	0
7.326	0
7.384	0
7.430	0
7.477	0
7.500	2
7.535	0
7.605	2
7.721	0
7.721	1
7.721	2
7.767	0
7.941	2
7.964	0
8.069	0
8.150	1
8.162	2
8.208	0
8.231	0
8.394	2
8.406	0
8.440	0
8.499	1
8.510	2
8.522	0
8.603	1
8.615	2
8.649	0
8.719	2
8.835	2
8.847	0
8.893	0
9.056	1
9.067	2
9.091	0
9.172	1
9.183	0
9.276	1
9.288	0
9.381	1
9.404	0
9.497	1
9.532	0
9.718	1
9.729	2
9.834	1
9.857	0
9.938	1
10.008	0
10.066	1
10.077	0
10.170	1
10.194	0
10.391	1
10.403	2
10.414	0
10.495	1
10.612	1
10.623	0
10.716	1
10.739	0
10.832	0
10.890	0
11.053	0
11.053	1
11.053	2
11.157	2
11.273	1
11.285	2
11.297	0
11.494	2
11.714	1
11.714	2
11.761	0
11.947	1
11.947	2
11.958	0
12.063	2
12.167	1
12.167	2
12.260	0
12.388	2
12.608	2
12.701	0
12.829	1
12.829	2
12.934	2
13.050	1
13.061	2
13.096	0
13.270	2
13.293	0
13.502	2
13.537	0
13.619	0
13.723	2
13.735	0
13.839	2
13.944	1
13.944	2
13.990	0
14.164	2
14.385	2
14.420	0
14.547	0
14.605	2
14.710	2
14.826	1
14.838	2
14.861	0
14.896	0
15.047	2
15.279	2
15.302	0
15.395	0
15.499	2
15.615	2
15.720	0
15.720	1
15.720	2
15.766	0
15.940	2
16.161	1
16.173	2
16.196	0
16.382	1
16.382	2
16.486	2
16.602	0
16.602	1
16.614	2
16.649	0
16.672	0
16.742	0
16.834	2
17.055	0
17.055	2
17.090	0
17.113	0
17.276	2
17.392	2
17.496	1
17.496	2
17.543	0
17.624	0
17.717	2
17.949	0
18.158	1
18.158	2
18.274	2
18.390	1
18.390	2
18.413	0
18.611	2
18.820	1
18.831	0
18.831	2
19.052	1
19.064	2
19.075	0
19.168	2
19.273	1
19.284	2
19.725	2
19.807	0
19.934	0
19.934	2
20.050	2
20.167	1
20.167	2
20.387	2
20.410	0
20.608	2
20.654	0
20.724	0
20.828	1
20.840	2
20.852	0
20.944	2
21.049	1
21.060	2
21.095	0
21.490	1
21.502	2
21.525	0
21.606	1
21.629	0
21.722	1
21.734	0
21.838	1
21.850	0
21.931	1
21.966	0
22.163	1
22.175	2
22.268	1
22.303	0
22.384	1
22.454	0
22.500	1
22.512	0
22.605	1
22.628	0
22.825	1
22.837	2
22.872	0
22.941	1
23.046	1
23.069	0
23.162	1
23.185	0
23.266	1
23.313	0
23.487	2
23.522	0
23.603	2
23.719	0
23.719	1
23.719	2
23.766	0
23.835	0
23.882	0
23.940	2
23.951	1
23.963	0
24.091	1
24.160	2
24.207	0
24.230	1
24.253	1
24.323	0
24.393	1
24.393	2
24.416	0
24.509	2
24.578	1
24.602	0
24.602	1
24.613	2
24.648	0
24.718	0
24.764	0
24.822	2
24.845	0
24.892	0
25.054	2
25.089	0
25.112	0
25.194	0
25.275	1
25.275	2
25.356	0
25.379	2
25.496	1
25.507	2
25.530	0
25.635	0
25.716	1
25.716	2
25.739	0
25.937	1
25.948	2
25.983	0
26.006	0
26.076	0
26.169	1
26.169	2
26.204	0
26.285	2
26.378	1
26.389	2
26.424	0
26.517	0
26.610	2
26.645	0
26.796	0
26.831	2
26.865	0
26.889	0
26.970	0
26.993	0
27.051	2
27.063	1
27.086	0
27.156	2
27.272	1
27.283	2
27.307	0
27.341	0
27.423	0
27.458	0
27.492	2
27.516	1
27.725	2
27.852	0
27.945	1
27.945	2
28.061	2
28.166	1
28.166	2
28.201	0
28.386	2
28.410	0
28.595	1
28.607	2
28.642	0
28.735	0
28.828	1
28.828	2
28.862	0
28.932	2
29.048	1
29.060	2
29.164	0
29.222	0
29.269	2
29.304	1
29.315	0
29.478	0
29.501	2
29.559	0
29.640	0
29.722	2
29.838	2
29.942	1
29.942	2
29.977	0
30.081	0
30.128	0
30.163	2
30.244	0
30.430	0
30.453	0
30.604	2
30.627	0
30.708	2
30.824	0
30.824	1
30.836	2
30.871	0
30.941	0
30.987	0
31.045	2
31.068	0
31.092	1
31.115	0
31.266	1
31.277	2
31.312	0
31.405	0
31.428	0
31.498	2
31.521	0
31.614	2
31.718	1
31.718	2
31.765	0
31.835	0
31.881	0
31.939	2
31.962	0
32.160	1
32.160	2
32.194	0
32.229	0
32.299	0
32.380	2
32.427	0
32.485	2
32.601	1
32.612	2
32.647	0
32.740	0
32.821	2
32.833	1
32.856	0
33.042	1
33.054	2
33.088	0
33.112	0
33.181	0
33.239	0
33.274	1
33.274	2
33.297	0
33.355	0
33.390	2
33.495	1
33.506	2
33.530	0
33.634	0
33.715	2
33.750	0
33.948	2
33.959	1
33.971	0
33.994	0
34.157	2
34.203	0
34.261	2
34.377	1
34.389	2
34.493	0
34.609	2
34.830	2
34.865	0
34.900	1
35.051	1
35.062	2
35.167	2
35.201	0
35.271	1
35.283	2
35.318	0
35.341	0
35.422	0
35.492	2
35.527	0
35.550	1
35.724	2
35.747	0
35.770	0
35.933	1
35.933	2
36.049	2
36.153	1
36.165	2
36.200	0
36.270	0
36.420	0
36.595	0
36.606	1
36.606	2
36.676	0
36.711	1
36.746	0
36.827	1
36.838	2
36.850	0
36.943	2
37.024	0
37.047	1
37.059	2
37.094	0
37.117	0
37.164	1
37.164	2
37.187	0
37.280	2
37.465	0
37.535	0
37.709	2
37.721	1
37.825	2
37.941	2
38.162	2
38.197	0
38.278	0
38.383	2
38.417	0
38.615	2
38.661	0
38.731	2
38.824	2
39.044	1
39.056	0
39.056	2
39.277	0
39.277	1
39.277	2
39.486	2
39.497	0
39.509	1
39.567	0
39.602	2
39.636	0
39.718	1
39.718	2
39.938	2
39.973	0
40.159	2
40.391	1
40.391	2
40.426	0
40.507	2
40.612	1
40.612	2
40.832	0
40.832	2
40.867	0
41.041	1
41.053	2
41.088	0
41.262	2
41.273	1
41.378	2
41.494	2
41.715	2
41.749	0
41.831	0
41.935	2
41.970	0
42.156	1
42.167	2
42.225	0
42.284	2
42.388	2
42.597	2
42.794	1
42.829	2
43.050	0
43.050	2
43.119	0
43.154	2
43.270	1
43.282	2
43.317	0
43.491	2
43.712	1
43.723	2
43.758	0
43.944	2
43.955	1
44.060	2
44.164	1
44.164	2
44.234	0
44.280	1
44.304	0
44.385	2
44.606	2
44.617	1
44.652	0
44.826	2
44.931	2
45.047	1
45.058	2
45.093	0
45.267	2
45.500	0
45.534	0
45.616	0
45.720	2
45.836	2
45.941	1
45.941	2
45.976	0
46.161	2
46.196	0
46.382	1
46.440	0
46.602	2
46.626	1
46.707	2
46.823	1
46.835	2
46.869	0
47.044	1
47.044	2
47.055	0
47.102	0
47.276	2
47.496	1
47.496	2
47.531	0
47.613	2
47.717	1
47.717	2
47.938	2
47.972	0
48.205	0
48.286	0
48.379	2
48.390	1
48.437	0
48.483	2
48.599	1
48.611	2
48.820	2
48.866	0
49.041	1
49.052	2
49.110	0
49.261	1
49.284	2
49.308	0
49.377	0
49.389	2
49.493	1
49.493	2
49.609	1
49.726	2
49.749	0
49.935	1
49.946	2
49.981	0
50.039	1
50.097	0
50.155	1
50.213	0
50.271	1
50.329	0
50.376	1
50.422	0
50.608	1
50.620	2
50.654	0
50.712	1
50.770	0
50.828	1
50.875	0
50.933	1
50.991	0
51.096	0
51.270	1
51.281	2
51.328	0
51.397	1
51.421	0
51.490	1
51.548	0
51.606	1
51.653	0
51.931	2
51.943	0
51.943	1
52.048	2
52.164	1
52.164	2
52.187	0
52.396	2
52.593	1
52.605	2
52.663	0
52.837	0
52.837	2
52.941	2
53.046	0
53.046	1
53.058	2
53.139	0
53.267	2
53.487	1
53.499	2
53.534	0
53.708	2
53.824	2
53.940	1
53.940	2
53.975	0
54.161	2
54.184	0
54.381	2
54.439	0
54.509	0
54.602	1
54.613	2
54.625	0
54.729	2
54.822	1
54.834	2
54.869	0
55.055	2
55.275	1
55.275	2
55.298	0
55.368	1
55.496	2
55.600	1
55.600	2
55.716	1
55.716	2
55.763	0
55.844	0
55.937	2
56.157	0
56.157	1
56.157	2
56.192	0
56.285	0
56.378	1
56.390	2
56.506	2
56.599	1
56.610	2
56.645	0
56.831	2
56.842	0
57.040	1
57.051	2
57.086	0
57.260	2
57.272	1
57.295	0
57.377	2
57.493	1
57.493	2
57.539	0
57.713	2
57.736	0
57.794	1
57.945	2
57.980	0
58.166	1
58.166	2
58.282	2
58.387	1
58.387	2
58.421	0
58.607	2
58.816	1
58.828	0
58.828	2
58.874	0
59.048	0
59.048	1
59.048	2
59.153	2
59.269	1
59.281	2
59.292	0
59.710	1
59.722	0
59.722	2
59.942	2
60.058	2
60.163	1
60.163	2
60.256	0
60.383	2
60.418	0
60.604	2
60.697	0
60.825	0
60.825	1
60.825	2
60.848	1
60.929	2
61.045	1
61.057	2
61.092	0
61.266	0
61.266	2
61.486	1
61.498	2
61.533	0
61.614	0
61.719	1
61.719	2
61.835	2
61.939	1
61.939	2
61.974	0
62.160	1
62.160	2
62.171	0
62.334	1
62.380	0
62.380	2
62.438	0
62.601	0
62.601	2
62.705	2
62.822	1
62.833	2
62.856	0
62.949	0
63.042	2
63.065	0
63.147	1
63.263	1
63.274	2
63.309	0
63.390	0
63.495	0
63.495	1
63.507	2
63.518	0
63.611	2
63.681	0
63.704	0
63.716	1
63.727	2
63.750	0
63.774	1
63.797	0
63.843	0
63.890	0
63.936	2
64.157	2
64.192	0
64.377	2
64.389	1
64.482	2
64.598	1
64.610	2
64.633	0
64.830	2
65.051	0
65.051	2
65.097	0
65.120	0
65.190	0
65.236	0
65.271	2
65.295	1
65.387	2
65.399	1
65.445	0
65.492	1
65.503	2
65.550	0
65.620	0
65.712	2
65.910	1
65.933	1
65.945	2
65.980	0
66.154	1
66.154	2
66.165	0
66.270	2
66.374	1
66.386	2
66.397	0
66.606	2
66.815	1
66.827	2
66.873	0
67.059	0
67.059	1
67.059	2
67.164	2
67.268	1
67.280	2
67.361	0
67.489	2
67.535	0
67.721	2
67.802	0
67.930	2
67.953	1
68.046	2
68.162	1
68.162	2
68.209	0
68.290	0
68.383	2
68.406	0
68.603	2
68.650	0
68.719	0
68.789	0
68.836	2
68.952	2
69.045	1
69.056	2
69.103	0
69.265	2
69.497	2
69.532	0
69.613	0
69.718	1
69.718	2
69.730	0
69.822	2
69.939	1
69.939	2
69.985	0
70.055	0
70.159	2
70.380	2
70.415	0
70.600	1
70.612	2
70.728	2
70.821	1
70.832	2
70.856	0
71.053	2
71.262	1
71.274	2
71.308	0
71.494	1
71.494	2
71.506	0
71.599	2
71.715	1
71.715	2
71.761	0
71.935	2
72.168	2
72.191	0
72.284	0
72.388	2
72.400	1
72.504	2
72.609	1
72.609	2
72.644	0
72.829	2
73.050	2
73.096	0
73.271	0
73.271	2
73.375	2
73.491	1
73.503	2
73.514	0
73.712	2
73.932	1
73.944	2
73.979	0
74.165	1
74.165	2
74.176	0
74.281	2
74.385	1
74.385	2
74.478	0
74.606	2
74.641	0
74.826	2
74.861	0
74.919	0
75.047	1
75.047	2
75.151	2
75.267	1
75.279	2
75.314	0
75.488	2
75.511	0
75.709	1
75.720	2
75.755	0
75.825	0
75.894	0
75.941	2
75.952	0
75.952	1
76.045	1
76.057	2
76.092	0
76.382	1
76.498	1
76.637	0
77.044	1
77.090	0
77.172	0
77.485	1
77.531	0
77.613	0
77.926	1
77.973	0
78.065	0
78.414	0
78.495	0
78.820	1
78.867	0
78.948	0
79.203	2
79.261	1
79.308	0
79.389	0
79.702	1
79.749	0
79.830	1
79.842	0
80.167	1
80.202	0
80.225	0
80.283	0
80.596	1
80.643	0
80.724	0
81.049	0
81.084	0
81.525	0
81.607	0
81.932	1
81.978	0
82.059	0
82.373	1
82.419	0
82.500	0
82.814	1
82.860	0
83.267	1
83.313	0
83.394	0
83.487	1
83.499	2
83.766	0
83.929	1
83.940	2
83.952	0
83.952	1
83.998	0
84.045	2
84.161	0
84.161	1
84.161	2
84.207	0
84.381	2
84.405	0
84.602	2
84.648	0
84.672	0
84.822	1
84.834	2
84.846	0
84.950	2
84.985	0
85.043	0
85.043	1
85.055	2
85.090	0
85.275	2
85.287	0
85.403	0
85.484	1
85.496	2
85.542	0
85.566	0
85.647	0
85.705	1
85.716	2
85.821	2
85.937	0
85.937	1
85.937	2
85.983	0
86.158	2
86.227	0
86.274	1
86.285	0
86.378	1
86.390	2
86.413	0
86.599	1
86.610	2
86.727	2
86.750	0
86.819	1
86.831	2
86.877	0
86.901	0
86.947	0
87.017	0
87.052	2
87.261	1
87.319	0
87.493	2
87.539	0
87.597	2
87.713	0
87.713	1
87.725	2
87.760	0
87.934	2
88.004	0
88.097	0
88.143	1
88.166	2
88.201	0
88.387	2
88.491	1
88.503	2
88.514	0
88.607	0
88.607	1
88.607	2
88.654	0
88.712	2
88.828	2
88.840	0
88.886	0
88.956	0
89.049	1
89.060	2
89.083	0
89.165	1
89.176	0
89.269	1
89.292	0
89.339	0
89.385	1
89.408	0
89.490	1
89.525	0
89.617	0
89.710	1
89.722	2
89.826	1
89.850	0
89.942	1
90.001	0
90.047	1
90.128	0
90.163	1
90.198	0
90.384	1
90.395	2
90.419	0
90.488	1
90.604	1
90.616	0
90.709	1
90.825	0
90.871	0
90.987	0
91.045	2
91.069	0
91.150	2
91.266	1
91.278	2
91.312	0
91.382	0
91.429	0
91.440	1
91.487	2
91.521	0
91.719	2
91.754	0
91.939	1
91.939	2
91.951	0
92.056	2
92.148	1
92.160	2
92.206	0
92.276	0
92.323	0
92.381	2
92.404	0
92.601	2
92.636	0
92.752	0
92.822	2
92.833	1
92.926	2
93.042	1
93.054	2
93.089	0
93.182	0
93.240	0
93.275	2
93.298	0
93.298	1
93.495	1
93.495	2
93.530	0
93.553	0
93.634	0
93.716	2
93.751	0
93.832	2
93.843	0
93.936	1
93.948	2
93.983	0
94.052	0
94.076	0
94.134	0
94.157	2
94.192	0
94.238	0
94.378	1
94.378	2
94.389	0
94.505	0
94.598	0
94.598	2
94.703	2
94.819	1
94.830	2
94.865	0
94.888	0
94.970	0
95.051	2
95.062	0
95.271	2
95.306	0
95.330	0
95.492	1
95.504	2
95.515	0
95.608	2
95.713	1
95.713	2
95.933	0
95.933	2
96.154	1
96.154	2
96.189	0
96.212	0
96.305	0
96.328	0
96.374	2
96.409	0
96.491	2
96.583	0
96.607	1
96.607	2
96.711	0
96.769	0
96.781	1
96.827	2
96.862	0
96.967	0
97.025	0
97.048	2
97.083	0
97.141	1
97.187	0
97.222	0
97.280	2
97.292	0
97.292	1
97.384	1
97.384	2
97.489	1
97.501	2
97.535	0
97.605	1
97.628	0
97.710	2
97.744	0
97.919	0
97.942	1
97.977	0
98.046	0
98.151	1
98.151	2
98.174	0
98.267	2
98.383	0
98.383	1
98.383	2
98.429	0
98.534	0
98.604	1
98.604	2
98.627	0
98.696	1
98.824	2
98.871	0
99.045	1
99.056	2
99.068	0
99.161	2
99.265	1
99.277	2
99.312	0
99.381	0
99.428	0
99.486	2
99.509	0
99.718	2
99.753	0
99.927	2
99.939	1
99.962	0
100.020	0
100.043	2
100.159	1
100.159	2
100.194	0
100.299	0
100.380	2
100.403	0
100.600	1
100.600	2
100.635	0
100.670	0
100.728	0
100.821	1
100.833	2
100.949	2
101.042	1
101.053	2
101.088	0
101.181	0
101.274	2
101.297	0
101.483	1
101.494	2
101.529	0
101.552	0
101.634	0
101.657	0
101.703	2
101.715	1
101.750	0
101.808	1
101.820	2
101.936	1
101.947	2
101.982	0
102.005	0
102.098	0
102.156	0
102.156	2
102.377	2
102.458	1
102.504	0
102.609	0
102.609	2
102.725	2
102.818	1
102.830	2
102.864	0
102.888	0
102.980	0
103.050	2
103.271	2
103.306	0
103.422	0
103.491	1
103.491	2
103.596	2
103.712	1
103.724	2
103.747	0
103.828	0
103.886	0
103.933	2
103.967	0
104.141	0
104.153	1
104.165	2
104.200	0
104.234	0
104.269	1
104.304	0
104.327	0
104.385	1
104.385	2
104.409	0
104.501	2
104.606	1
104.606	2
104.641	0
104.722	1
104.722	2
104.734	0
104.792	0
104.826	2
104.850	0
104.908	0
105.035	1
105.094	0
105.268	1
105.268	2
105.372	2
105.488	2
105.500	1
105.523	0
105.720	2
105.755	0
105.929	2
105.976	0
106.162	2
106.220	0
106.278	2
106.382	2
106.603	2
106.812	1
106.823	2
107.044	1
107.044	2
107.148	2
107.172	0
107.265	1
107.265	2
107.497	2
107.532	0
107.717	2
107.938	2
107.973	0
108.054	2
108.159	2
108.391	2
108.449	0
108.611	2
108.646	0
108.820	1
108.820	2
108.925	2
109.041	2
109.076	0
109.273	2
109.308	0
109.389	0
109.494	2
109.714	2
109.772	0
109.830	2
109.935	2
110.155	2
110.376	1
110.388	2
110.411	0
110.492	0
110.597	2
110.701	2
110.817	1
110.829	2
110.864	0
111.049	2
111.258	1
111.270	0
111.270	2
111.305	0
111.491	2
111.502	1
111.607	2
111.711	0
111.711	1
111.723	2
111.792	0
111.943	2
112.152	1
112.199	0
112.373	1
112.373	2
112.489	2
112.605	1
112.605	2
112.640	0
112.826	2
112.872	1
113.046	1
113.081	0
113.162	0
113.279	1
113.279	2
113.383	2
113.488	1
113.499	2
113.534	0
113.755	0
113.975	0
113.998	0
114.149	2
114.184	1
114.265	2
114.381	1
114.381	2
114.416	0
114.509	0
114.544	1
114.602	2
114.823	2
115.043	1
115.055	2
115.090	0
115.148	1
115.171	0
115.171	2
115.264	1
115.275	2
115.299	0
115.519	0
115.751	0
115.821	0
115.891	0
115.926	2
115.949	1
115.995	0
116.042	2
116.158	1
116.158	2
116.378	2
116.599	2
116.657	0
116.820	1
116.831	2
116.866	0
116.936	0
116.947	2
117.040	1
117.052	2
117.156	1
117.272	2
117.307	0
117.493	1
117.505	2
117.539	0
117.597	1
117.632	0
117.656	0
117.725	1
117.772	0
117.830	1
117.876	0
117.934	1
117.981	0
118.155	1
118.166	2
118.201	0
118.259	1
118.317	0
118.375	1
118.422	0
118.538	0
118.596	1
118.654	0
118.828	1
118.840	2
118.875	0
118.933	1
118.979	0
119.037	1
119.095	0
119.188	0
119.211	0
119.316	0
119.490	0
119.490	1
119.490	2
119.594	2
119.710	1
119.722	2
119.734	0
119.919	2
120.152	1
120.152	2
120.163	0
120.198	0
120.384	1
120.384	2
120.500	2
120.604	1
120.604	2
120.697	0
120.825	2
120.860	0
121.034	1
121.046	2
121.057	0
121.139	0
121.266	1
121.266	2
121.313	0
121.371	2
121.487	1
121.498	2
121.545	0
121.707	2
121.928	1
121.940	2
121.986	0
122.160	1
122.160	2
122.183	0
122.276	2
122.381	1
122.381	2
122.416	0
122.601	2
122.822	1
122.822	2
123.043	2
123.147	2
123.263	1
123.275	2
123.310	0
123.391	0
123.484	2
123.704	0
123.716	2
123.739	0
123.925	1
123.937	2
123.971	0
124.053	2
124.157	1
124.157	2
124.192	0
124.331	0
124.401	0
124.598	1
124.598	2
124.633	0
124.819	2
124.877	1
124.923	2
125.039	1
125.051	2
125.086	0
125.144	1
125.272	2
125.283	0
125.492	2
125.527	0
125.713	2
125.829	2
125.933	1
125.945	2
125.980	0
126.154	2
126.375	2
126.386	0
126.421	0
126.595	2
126.607	0
126.607	1
126.711	2
126.827	1
126.827	2
126.851	0
127.048	2
127.257	1
127.269	0
127.269	2
127.501	2
127.605	2
127.710	1
127.721	2
127.803	0
127.977	0
128.163	2
128.186	0
128.372	2
128.488	2
128.604	1
128.604	2
128.639	0
128.824	2
128.836	0
129.045	2
129.091	0
129.277	2
129.393	2
129.486	1
129.498	2
129.533	0
129.707	1
129.707	2
129.730	0
129.939	0
129.939	2
129.985	0
130.148	2
130.171	1
130.264	2
130.380	1
130.380	2
130.415	0
130.496	0
130.601	2
130.810	1
130.821	2
130.856	0
130.937	0
131.042	0
131.053	2
131.170	2
131.262	1
131.274	2
131.309	0
131.390	0
131.437	0
131.483	2
131.495	1
131.506	0
131.704	1
131.715	2
131.738	0
131.831	0
131.936	1
131.936	2
132.040	2
132.156	1
132.156	2
132.191	0
132.272	0
132.377	2
132.400	0
132.598	0
132.598	2
132.644	0
132.714	1
132.737	0
132.783	0
132.830	1
132.830	2
132.946	2
132.969	0
132.992	0
133.039	1
133.050	2
133.108	0
133.166	0
133.271	2
133.468	1
133.492	0
133.492	2
133.538	0
133.712	0
133.712	2
133.817	2
133.933	1
133.944	0
133.944	2
134.374	1
134.374	2
134.606	2
134.722	2
134.827	1
134.827	2
134.954	0
135.082	0
135.256	1
135.268	2
135.279	0
135.349	0
135.488	2
135.593	2
135.709	1
135.721	2
135.755	0
135.930	2
135.953	0
136.150	1
136.162	2
136.197	0
136.278	0
136.382	1
136.382	2
136.394	0
136.499	2
136.603	1
136.603	2
136.661	0
136.824	2
137.033	1
137.044	2
137.102	0
137.265	1
137.265	2
137.369	2
137.485	1
137.497	2
137.532	0
137.613	0
137.706	2
137.927	0
137.927	1
137.938	2
137.973	0
138.159	1
138.159	2
138.194	0
138.275	2
138.379	1
138.379	2
138.414	0
138.820	1
138.820	2
138.855	0
139.041	1
139.041	2
139.064	0
139.146	2
139.262	1
139.273	2
139.308	0
139.494	2
139.505	0
139.668	1
139.714	2
139.749	0
139.784	1
139.935	2
139.947	1
140.051	2
140.156	1
140.167	2
140.202	0
140.376	2
140.585	1
140.597	0
140.597	2
140.643	0
140.817	2
140.829	0
140.934	2
141.038	1
141.050	0
141.050	2
141.131	0
141.270	2
141.479	1
141.491	2
141.549	0
141.723	2
141.827	2
141.932	1
141.944	2
142.025	0
142.187	0
142.385	2
142.408	0
142.594	1
142.594	2
142.710	2
142.826	1
142.826	2
142.861	0
143.047	2
143.058	0
143.256	1
143.279	2
143.302	0
143.383	0
143.453	0
143.499	2
143.511	0
143.511	1
143.604	0
143.604	1
143.604	2
143.685	0
143.708	1
143.940	1
144.033	0
144.045	1
144.149	1
144.591	1
144.602	0
144.637	0
144.718	0
145.078	0
145.171	0
145.531	0
145.612	0
145.926	1
145.972	0
146.054	0
146.367	1
146.413	0
146.808	1
146.855	0
146.936	0
147.261	1
147.307	0
147.377	1
147.389	0
147.714	1
147.749	0
148.190	0
148.283	0
148.596	1
148.643	0
148.724	0
149.084	0
149.165	0
149.478	1
149.525	0
149.966	0
150.361	1
150.419	0
150.500	0
150.814	1
150.860	0
151.046	1
151.057	2
151.139	1
151.266	1
153.043	0
153.089	0
153.205	0
153.263	1
153.263	2
153.287	0
153.379	2
153.484	1
153.496	0
153.496	2
153.542	0
153.646	0
153.704	2
153.925	1
153.937	2
153.983	0
154.006	0
154.157	2
154.180	0
154.273	2
154.308	0
154.378	1
154.378	2
154.424	0
154.622	0
154.749	0
154.831	2
154.865	0
155.028	0
155.040	2
155.086	0
155.156	2
155.260	1
155.272	2
155.318	0
155.492	2
155.516	0
155.643	0
155.713	2
155.748	0
155.783	0
155.945	2
156.050	2
156.154	0
156.154	1
156.166	2
156.235	0
156.352	0
156.514	0
156.595	0
156.595	1
156.642	0
156.711	0
156.816	2
156.932	2
156.967	0
157.048	0
157.048	1
157.048	2
157.095	0
157.199	0
157.269	2
157.280	0
157.478	1
157.489	2
157.536	0
157.559	0
157.605	1
157.710	1
157.722	2
157.838	0
157.838	2
157.931	0
157.931	1
157.942	2
157.977	0
158.325	1
158.383	2
158.418	0
158.557	0
158.604	1
158.604	2
158.708	2
158.824	0
158.824	1
158.824	2
158.871	0
159.033	1
159.045	2
159.068	0
159.196	0
159.254	1
159.277	2
159.300	0
159.324	0
159.393	0
159.451	0
159.498	2
159.509	1
159.602	2
159.707	1
159.718	2
159.753	0
159.904	0
160.194	0
160.380	2
160.392	1
160.485	2
160.508	0
160.601	0
160.601	1
160.601	2
160.670	0
160.821	2
160.961	0
161.030	1
161.042	2
161.100	0
161.216	0
161.274	1
161.274	2
161.379	1
161.390	2
161.402	0
161.483	1
161.495	2
161.611	0
161.715	2
161.855	0
161.924	0
161.924	1
161.936	2
161.994	0
162.157	2
162.168	1
162.261	2
162.284	0
162.377	0
162.377	1
162.389	2
162.412	0
162.447	0
162.598	2
162.714	1
162.818	1
162.818	2
162.865	0
162.911	0
162.934	0
163.051	2
163.062	0
163.167	2
163.260	1
163.271	2
163.329	0
163.492	2
163.631	0
163.701	1
163.712	0
163.747	0
163.933	2
164.037	2
164.049	1
164.072	0
164.153	1
164.165	2
164.212	0
164.281	0
164.316	1
164.374	2
164.513	0
164.606	2
164.629	0
164.664	0
164.827	1
164.827	2
164.943	0
164.943	2
165.036	0
165.036	1
165.047	2
165.268	2
165.489	0
165.489	2
165.547	0
165.709	2
165.732	1
165.814	2
165.849	0
165.930	0
165.930	1
165.941	2
166.127	1
166.150	2
166.371	0
166.371	1
166.383	2
166.417	0
166.487	2
166.534	0
166.603	1
166.603	2
166.719	2
166.824	0
166.928	1
166.940	2
167.184	0
167.300	0
167.381	0
167.486	2
167.706	1
167.718	2
167.753	0
167.845	0
167.927	2
168.147	1
168.147	2
168.182	0
168.287	0
168.380	2
168.600	1
168.600	2
168.635	0
168.728	0
168.821	2
169.041	1
169.053	0
169.053	2
169.111	0
169.273	1
169.297	0
169.448	0
169.482	1
169.599	0
169.715	1
169.749	0
169.889	0
169.935	1
169.970	0
170.040	0
170.156	1
170.167	2
170.330	0
170.376	1
170.481	0
170.551	0
170.597	1
170.609	2
170.632	0
170.713	0
170.783	0
171.038	2
171.154	2
171.932	1
171.944	2
172.048	2
172.815	2
172.931	2
173.720	2
173.825	2
174.591	2
174.707	2
175.496	2
175.601	2
176.367	2
176.483	2
177.273	2
177.389	2
178.143	2
178.260	2
179.049	2
179.165	2
179.931	2
180.036	2
180.825	2
180.941	2
181.708	1
181.824	1
181.928	1
182.044	1
182.161	1
182.265	1
182.370	1
182.486	1
182.602	1
182.706	1
182.822	1
182.927	1
183.043	1
183.147	1
183.275	0
183.484	2
183.496	0
183.600	2
183.705	1
183.716	2
183.740	0
184.146	1
184.157	2
184.216	0
184.378	2
184.494	2
184.599	1
184.599	2
184.692	0
185.040	2
185.075	0
185.133	0
185.260	2
185.365	2
185.481	1
185.493	2
185.527	0
185.713	2
185.725	0
185.922	1
185.934	2
185.992	0
186.166	0
186.166	2
186.270	2
186.375	1
186.387	2
186.445	0
186.596	2
186.816	0
186.816	1
186.828	2
186.886	0
187.037	0
187.037	2
187.153	2
187.257	1
187.269	2
187.315	0
187.490	2
187.699	0
187.699	1
187.710	2
187.745	0
187.826	0
187.931	1
187.942	2
187.954	1
188.047	2
188.151	1
188.163	2
188.186	0
188.395	0
188.592	1
188.604	2
188.639	0
188.813	2
188.929	2
189.045	1
189.045	2
189.092	0
189.127	1
189.266	2
189.301	0
189.452	1
189.486	2
189.521	0
189.707	1
189.719	2
189.835	2
189.928	1
189.939	2
189.974	0
190.148	2
190.380	0
190.380	2
190.415	0
190.589	2
190.601	0
190.705	2
190.822	1
190.822	2
190.856	0
191.263	0
191.263	1
191.263	2
191.321	0
191.495	2
191.611	2
191.704	1
191.716	2
191.797	0
191.925	2
191.971	0
192.157	2
192.192	0
192.377	1
192.377	2
192.482	2
192.598	1
192.610	2
192.633	0
192.819	2
192.830	0
193.051	2
193.097	0
193.260	1
193.271	2
193.387	2
193.492	1
193.492	2
193.527	0
193.712	2
193.724	0
193.863	1
193.933	2
194.154	2
194.165	0
194.258	2
194.374	0
194.374	1
194.386	2
194.409	0
194.595	2
194.606	0
194.699	1
194.815	2
194.827	0
194.862	0
194.897	1
194.932	1
195.048	0
195.048	2
195.140	1
195.164	2
195.268	1
195.268	2
195.303	0
195.396	0
195.442	0
195.489	2
195.500	0
195.698	1
195.709	2
195.744	0
195.837	0
195.930	2
195.942	0
195.942	1
196.034	2
196.151	1
196.162	2
196.185	0
196.371	2
196.603	2
196.638	0
196.719	0
196.824	2
196.940	2
197.045	1
197.045	2
197.091	0
197.161	0
197.265	2
197.474	1
197.486	2
197.532	0
197.706	0
197.706	2
197.822	2
197.927	1
197.939	2
197.950	0
198.147	2
198.368	1
198.380	2
198.415	0
198.600	1
198.600	2
198.716	2
198.821	1
198.821	2
198.914	0
199.041	2
199.076	0
199.262	2
199.297	0
199.355	0
199.483	2
199.587	2
199.703	1
199.715	2
199.761	0
199.924	2
199.947	0
200.144	1
200.156	2
200.191	0
200.272	0
200.377	2
200.493	2
200.597	1
200.609	2
200.632	0
200.853	0
201.038	1
201.038	2
201.085	0
201.259	1
201.259	2
201.282	0
201.363	2
201.480	1
201.491	2
201.526	0
201.607	0
201.712	2
201.921	0
201.921	1
201.932	2
201.967	0
202.153	1
202.153	2
202.188	0
202.269	2
202.374	1
202.385	2
202.408	0
202.617	0
202.815	1
202.815	2
202.861	0
203.035	1
203.035	2
203.059	0
203.151	2
203.256	1
203.267	2
203.314	0
203.488	1
203.488	2
203.500	0
203.709	2
203.743	0
203.825	0
203.941	1
203.941	2
204.045	2
204.150	1
204.161	2
204.196	0
204.370	2
204.591	1
204.603	0
204.603	2
204.637	0
204.812	2
204.823	0
204.823	1
204.928	2
205.044	1
205.044	2
205.264	2
205.485	0
205.485	1
205.485	2
205.543	0
205.706	1
205.717	2
205.833	2
205.926	1
205.938	2
206.019	0
206.147	2
206.193	0
206.379	2
206.472	0
206.600	2
206.704	2
206.820	1
206.820	2
206.867	0
207.041	2
207.064	0
207.261	1
207.273	0
207.273	2
207.308	0
207.377	0
207.447	0
207.494	2
207.505	0
207.598	1
207.610	2
207.749	0
207.935	1
208.039	1
208.190	0
208.271	0
208.585	1
208.631	0
208.713	0
209.038	1
209.084	0
209.154	0
209.479	1
209.525	0
209.607	0
209.920	1
209.966	0
210.048	0
210.361	1
210.408	0
210.489	0
210.756	2
210.814	1
210.860	0
210.942	0
211.255	1
211.302	0
211.383	1
211.394	0
211.708	2
211.720	1
211.778	0
212.149	1
212.184	0
212.637	0
212.718	0
213.043	0
213.078	0
213.473	1
213.519	0
213.612	0
213.925	1
213.972	0
214.053	0
214.367	1
214.413	0
214.854	0
215.040	1
215.052	2
215.261	1
215.272	2
215.295	0
215.377	1
215.388	0
215.481	1
215.504	0
215.597	1
215.620	0
215.702	1
215.737	0
215.934	1
215.934	2
215.957	0
216.038	1
216.073	0
216.143	1
216.224	0
216.259	1
216.375	1
216.398	0
216.607	1
216.607	2
216.631	0
216.712	1
216.828	1
216.840	0
216.932	1
216.944	0
217.049	1
217.072	0
217.258	1
217.269	2
217.281	0
217.374	1
217.478	1
217.594	1
217.617	0
217.710	1
217.931	1
217.942	2
217.966	0
218.047	1
218.151	1
218.163	0
218.268	1
218.372	0
218.372	1
218.407	0
218.604	1
218.604	2
218.627	0
