6.548	1
6.583	0
6.606	1
6.664	0
6.699	0
6.769	0
6.769	1
7.454	0
7.454	1
7.906	2
8.139	0
8.150	1
8.359	0
8.591	0
8.824	2
9.265	0
9.276	1
9.358	0
9.729	2
9.961	0
10.182	0
10.252	0
10.414	0
10.437	1
10.635	2
10.879	1
10.960	1
11.088	0
11.552	2
11.773	0
11.807	1
11.993	0
12.074	0
12.237	0
12.458	2
12.678	0
12.701	1
12.725	1
12.899	0
13.363	2
13.595	0
13.816	0
13.886	0
13.932	1
14.048	0
14.071	1
14.280	2
14.721	0
14.721	1
15.186	2
15.418	0
15.627	0
15.708	0
15.871	0
15.882	1
16.091	2
16.324	0
16.335	1
16.417	1
16.544	0
16.556	1
16.625	1
16.997	2
17.229	0
17.241	1
17.450	0
17.461	1
17.682	0
17.914	2
18.135	0
18.228	1
18.367	0
18.379	1
18.820	2
19.052	0
19.273	0
19.284	1
19.342	0
19.505	0
19.516	1
19.725	2
19.981	1
20.178	0
20.178	1
20.643	2
20.886	1
21.084	0
21.095	1
21.165	0
21.339	1
21.420	0
21.432	1
21.502	1
21.548	2
21.769	1
21.792	0
21.804	1
21.827	0
21.908	0
21.989	0
22.082	0
22.233	2
22.686	0
22.686	2
22.698	1
22.906	0
22.953	1
23.139	0
23.139	2
23.150	1
23.406	1
23.591	2
23.812	0
23.812	1
23.893	1
24.044	2
24.346	0
24.497	2
24.509	1
24.555	0
24.729	0
24.741	1
24.834	0
24.950	1
24.961	2
24.985	0
25.414	1
25.414	2
25.426	0
25.635	0
25.646	1
25.867	2
26.320	2
26.331	0
26.355	0
26.540	0
26.540	1
26.622	1
26.657	0
26.773	2
26.993	1
27.086	0
27.225	2
27.446	0
27.446	1
27.690	2
28.143	2
28.363	0
28.363	1
28.584	0
28.595	2
29.048	2
29.269	0
29.269	1
29.501	2
29.954	2
29.965	1
30.174	0
30.418	0
30.418	2
30.871	2
30.883	1
31.092	0
31.103	1
31.161	0
31.184	0
31.324	2
31.637	0
31.777	1
31.777	2
31.788	0
31.997	0
32.009	1
32.102	0
32.229	2
32.299	0
32.334	0
32.682	2
32.903	0
32.903	1
33.030	0
33.065	0
33.135	2
33.588	1
33.599	2
33.808	0
33.808	1
33.890	0
34.040	1
34.052	2
34.075	0
34.505	0
34.505	2
34.725	0
34.725	1
34.795	0
34.807	1
34.853	0
34.958	2
35.236	0
35.410	2
35.434	1
35.445	0
35.631	0
35.643	1
35.701	0
35.712	1
35.736	0
35.863	2
35.898	0
36.107	1
36.316	0
36.316	2
36.339	1
36.362	0
36.432	1
36.537	1
36.548	0
36.548	2
36.629	1
36.769	0
37.082	1
37.233	2
37.245	1
37.268	1
37.454	0
37.523	0
37.570	1
37.686	0
37.686	2
38.139	0
38.139	2
38.162	1
38.359	0
38.452	0
38.545	0
38.592	2
39.056	2
39.265	0
39.277	1
39.509	1
39.509	2
39.962	2
40.171	0
40.182	1
40.310	1
40.414	2
40.635	0
40.716	0
40.867	1
40.867	2
41.088	0
41.088	1
41.181	0
41.320	2
41.436	0
41.575	0
41.773	1
41.773	2
41.993	0
41.993	1
42.075	0
42.225	2
42.678	0
42.690	1
42.690	2
42.910	0
42.910	1
43.131	0
43.143	1
43.143	2
43.595	2
43.816	0
43.828	1
43.897	1
44.048	2
44.501	2
44.722	0
44.733	1
44.849	1
44.954	0
44.954	2
44.977	1
45.407	0
45.407	2
45.430	1
45.639	0
45.650	1
45.732	0
45.871	2
46.173	0
46.324	2
46.405	0
46.544	0
46.556	1
46.777	2
46.869	0
47.032	0
47.229	1
47.229	2
47.450	0
47.462	1
47.473	0
47.508	0
47.554	1
47.682	2
48.135	2
48.170	1
48.356	0
48.356	1
48.448	0
48.599	0
48.599	2
48.681	0
49.041	1
49.052	2
49.261	1
49.331	0
49.366	1
49.505	2
49.795	0
49.958	2
49.981	1
50.004	0
50.178	0
50.178	1
50.248	0
50.283	0
50.411	0
50.411	1
50.411	2
50.515	0
50.747	0
50.747	1
50.875	2
50.887	0
50.887	1
50.921	1
51.084	0
51.096	1
51.177	0
51.200	0
51.328	2
51.780	2
51.989	0
52.001	1
52.233	1
52.233	2
52.280	0
52.315	0
52.454	0
52.512	0
52.593	0
52.686	1
52.686	2
52.698	0
52.907	1
52.930	0
53.011	0
53.139	2
53.185	0
53.406	1
53.592	1
53.592	2
53.812	0
53.812	1
53.894	0
54.033	1
54.056	1
54.056	2
54.184	0
54.219	1
54.265	0
54.265	1
54.358	1
54.509	1
54.509	2
54.718	0
54.729	1
54.776	0
54.846	0
54.962	2
55.217	0
55.414	2
55.426	1
55.438	0
55.635	0
55.635	1
55.705	0
55.716	1
55.856	1
55.867	2
55.879	0
55.983	1
56.088	1
56.204	0
56.320	2
56.332	0
56.471	1
56.541	0
56.552	1
56.773	2
57.237	2
57.249	0
57.446	0
57.469	1
57.667	1
57.678	0
57.690	2
57.702	1
57.748	0
57.806	1
57.841	0
57.899	1
57.911	0
58.027	0
58.143	1
58.143	2
58.363	0
58.375	1
58.445	0
58.596	2
58.839	0
59.048	2
59.060	0
59.269	0
59.281	1
59.350	0
59.350	1
59.501	2
59.780	0
59.803	0
59.849	0
59.954	2
59.977	0
60.000	0
60.093	0
60.175	0
60.186	1
60.267	0
60.418	2
60.488	0
60.871	2
60.894	0
61.080	0
61.092	1
61.324	0
61.324	2
61.452	0
61.544	0
61.591	1
61.661	0
61.777	1
61.777	2
61.997	0
61.997	1
62.020	0
62.067	1
62.137	0
62.229	2
62.682	1
62.682	2
62.822	0
62.903	1
62.984	1
63.135	2
63.356	1
63.379	0
63.507	0
63.588	2
63.634	0
63.820	0
63.820	1
63.890	0
63.925	0
64.052	2
64.087	0
64.261	1
64.389	1
64.505	2
64.517	1
64.528	0
64.714	0
64.737	1
64.807	1
64.819	0
64.946	0
64.958	1
64.958	2
64.993	0
65.086	0
65.155	0
65.167	1
65.178	0
65.213	0
65.295	1
65.411	2
65.422	0
65.422	1
65.480	0
65.480	1
65.527	0
65.550	1
65.596	0
65.643	1
65.736	0
65.794	0
67.454	0
67.454	1
67.918	2
68.127	0
68.139	1
68.360	0
68.360	1
68.452	1
68.824	2
69.265	1
69.277	0
69.358	1
69.590	1
69.602	0
69.730	2
69.950	0
69.962	1
70.182	0
70.194	1
70.635	2
70.670	1
70.705	0
70.902	0
71.088	1
71.100	0
71.552	2
71.773	0
71.773	1
72.005	0
72.017	1
72.458	2
72.911	0
72.922	1
72.969	0
72.992	1
73.213	0
73.236	0
73.363	2
73.375	0
73.584	0
73.584	1
73.630	0
73.816	0
73.816	1
73.886	0
73.921	0
74.095	1
74.281	2
74.722	1
74.733	0
74.745	1
75.186	2
75.407	0
75.407	1
75.627	1
75.639	0
75.651	1
75.720	1
76.092	2
76.545	0
76.545	1
76.881	0
77.009	2
77.230	0
77.241	1
77.311	1
77.450	0
77.462	1
77.520	0
77.578	1
77.706	1
77.915	0
77.915	2
78.170	0
78.193	1
78.367	0
78.367	1
78.820	2
79.041	0
79.052	1
79.273	0
79.285	1
79.505	0
79.528	0
79.726	2
79.749	0
80.179	0
80.190	1
80.271	1
80.504	0
80.538	1
80.643	2
80.875	1
80.898	0
80.945	0
81.084	0
81.096	1
81.548	2
81.572	1
81.676	0
81.699	1
81.769	0
81.850	1
82.001	0
82.001	1
82.083	1
82.106	0
82.233	2
82.675	0
82.686	2
82.907	0
82.907	1
83.139	0
83.139	2
83.360	0
83.394	1
83.592	2
83.603	1
83.812	0
83.894	0
83.905	1
84.045	2
84.288	0
84.497	0
84.497	2
84.532	0
84.718	0
84.730	1
84.822	0
84.962	2
84.973	1
84.997	0
85.217	0
85.240	1
85.403	0
85.415	2
85.426	1
85.635	0
85.635	1
85.716	1
85.728	0
85.867	2
86.309	1
86.320	0
86.320	2
86.390	1
86.541	0
86.552	1
86.773	1
86.773	2
87.040	0
87.226	2
87.446	1
87.458	0
87.690	1
87.690	2
87.725	0
88.131	1
88.143	0
88.143	2
88.364	0
88.375	1
88.433	1
88.456	0
88.584	1
88.596	2
88.607	0
88.898	1
89.049	2
89.269	0
89.281	1
89.501	2
89.954	1
89.954	2
90.024	1
90.175	0
90.186	1
90.268	1
90.279	0
90.419	1
90.419	2
90.430	0
90.453	0
90.651	0
90.674	0
90.871	2
91.092	0
91.103	1
91.162	0
91.324	2
91.777	1
91.777	2
91.800	0
91.847	0
91.986	0
91.997	1
92.079	1
92.230	2
92.241	1
92.543	1
92.682	2
92.694	0
92.903	0
92.903	1
93.147	2
93.588	0
93.600	1
93.600	2
93.809	1
93.820	0
94.041	1
94.052	2
94.494	1
94.505	2
94.726	0
94.726	1
94.958	2
95.411	0
95.411	1
95.411	2
95.887	1
96.003	0
96.096	0
96.096	1
96.131	0
96.200	1
96.212	0
96.247	0
96.305	1
96.316	0
96.421	0
96.421	1
96.537	0
96.549	1
97.001	2
97.454	0
97.466	1
97.559	1
97.686	0
97.907	2
98.128	0
98.162	1
98.360	0
98.371	1
98.441	1
98.824	2
99.045	0
99.068	1
99.265	0
99.265	1
99.393	1
99.498	0
99.509	1
99.730	2
99.962	1
100.182	0
100.182	1
100.635	2
100.867	0
100.867	1
101.076	1
101.088	0
101.216	1
101.552	2
101.773	0
101.785	1
101.866	1
101.994	0
102.005	1
102.075	1
102.458	2
102.679	0
102.899	0
102.899	1
103.131	0
103.155	1
103.364	2
103.816	0
104.281	2
104.501	0
104.513	1
104.722	0
104.815	1
104.954	0
104.966	1
105.186	2
105.407	0
105.628	0
105.639	1
105.709	1
105.744	0
106.092	2
106.324	0
106.545	0
106.777	0
106.789	1
106.998	2
107.230	0
107.241	1
107.265	1
107.450	0
107.462	1
107.880	1
107.915	2
108.054	1
108.135	0
108.170	1
108.356	0
108.356	1
108.449	1
108.600	1
108.820	2
108.936	1
109.041	0
109.053	1
109.157	1
109.261	0
109.273	1
109.726	2
109.958	0
109.970	1
110.179	0
110.179	1
110.411	0
110.515	0
110.527	1
110.597	0
110.643	2
110.875	1
110.922	0
110.945	0
110.968	0
110.991	0
111.084	0
111.096	1
111.096	2
111.177	0
111.316	0
111.316	2
111.398	1
111.769	0
111.781	2
111.792	1
111.990	0
112.222	0
112.234	2
112.245	1
112.675	0
112.686	2
112.698	1
112.907	0
112.907	1
113.139	2
113.592	2
113.697	0
113.813	0
113.824	1
113.894	1
113.917	0
114.045	1
114.045	2
114.056	0
114.080	0
114.347	0
114.498	1
114.498	2
114.718	0
114.718	1
114.788	1
114.962	2
115.310	0
115.403	1
115.415	2
115.438	0
115.635	0
115.647	1
115.717	0
115.868	2
115.879	1
116.100	0
116.320	2
116.332	1
116.541	0
116.541	1
116.622	0
116.773	2
117.214	0
117.226	2
117.447	0
117.458	1
117.679	0
117.679	1
117.690	2
118.132	1
118.143	2
118.352	0
118.364	1
118.596	2
118.851	1
119.049	0
119.049	2
119.060	1
119.269	0
119.269	1
119.501	0
119.501	2
119.954	0
119.954	2
120.175	0
120.186	1
120.407	2
120.871	0
120.871	2
120.895	0
121.080	0
121.080	1
121.162	1
121.185	0
121.324	1
121.324	2
121.475	0
121.777	1
121.777	2
121.998	0
121.998	1
122.230	2
122.671	1
122.683	2
122.903	0
122.915	1
122.984	1
123.135	2
123.147	1
123.368	1
123.588	2
123.820	0
123.820	1
123.844	0
123.925	0
124.053	2
124.308	0
124.401	1
124.505	2
124.517	0
124.726	0
124.738	1
124.796	0
124.958	0
124.958	1
124.958	2
125.295	0
125.295	1
125.411	1
125.411	2
125.423	0
125.434	1
125.504	1
125.632	0
125.632	1
125.864	2
125.887	0
126.317	2
126.537	0
126.537	1
126.781	2
126.793	0
126.990	1
127.002	0
127.222	0
127.234	2
127.454	0
127.466	1
127.536	1
127.687	2
127.756	0
128.128	1
128.139	2
128.360	1
128.406	0
128.441	1
128.580	1
128.592	2
128.673	0
128.708	1
128.743	0
128.824	0
128.882	0
129.033	1
129.045	2
129.265	1
129.300	0
129.370	1
129.509	2
129.730	0
129.800	1
129.962	2
129.974	0
130.043	1
130.171	0
130.183	1
130.415	0
130.415	2
130.438	1
130.508	0
130.635	1
130.647	0
130.694	0
130.775	0
130.868	2
130.879	1
131.088	0
131.100	1
131.135	0
131.170	1
131.320	2
131.762	1
131.773	2
132.005	1
132.040	0
132.075	1
132.226	0
132.226	2
132.238	1
132.319	0
132.365	1
132.435	1
132.447	0
132.528	0
132.540	1
132.586	0
132.690	1
132.690	2
132.714	0
132.760	1
132.911	0
132.911	1
132.969	0
133.004	1
133.143	2
133.596	2
133.608	0
133.817	0
133.898	1
134.049	1
134.049	2
134.060	0
134.084	0
134.269	1
134.304	0
134.339	0
134.362	0
134.409	0
134.502	0
134.502	2
134.525	0
134.722	0
134.745	1
134.827	0
134.850	0
134.954	2
135.407	1
135.407	2
135.628	0
135.639	1
135.732	0
135.860	1
135.872	0
135.872	2
135.930	0
136.081	0
136.208	0
136.324	0
136.324	2
136.417	0
136.545	0
136.626	1
136.777	2
136.800	0
137.230	1
137.230	2
137.242	0
137.451	0
137.451	1
137.543	0
137.683	2
137.903	1
138.031	0
138.136	2
138.147	1
138.170	0
138.356	0
138.368	1
138.379	0
138.495	0
138.600	2
138.844	0
139.053	0
139.053	2
139.064	1
139.273	0
139.273	1
139.366	1
139.505	0
139.505	1
139.505	2
139.529	0
139.587	0
139.622	0
139.726	1
139.784	0
139.819	0
139.958	2
139.970	1
140.005	0
140.028	1
140.121	0
140.132	1
140.156	0
140.179	1
140.249	0
140.260	1
140.365	1
142.002	0
142.002	1
142.454	2
142.675	0
142.687	1
142.907	0
142.919	1
143.372	2
143.813	0
144.149	0
144.277	2
144.486	0
144.533	1
144.718	0
144.730	1
144.788	0
145.183	2
145.218	0
145.241	1
145.624	1
145.636	0
145.647	1
145.717	1
145.995	0
146.100	2
146.321	0
146.321	1
146.541	1
146.646	0
146.797	0
147.006	2
147.017	0
147.447	0
147.458	1
147.528	0
147.691	0
147.795	1
147.911	0
147.911	2
148.132	0
148.132	1
148.155	0
148.190	0
148.213	0
148.225	1
148.248	0
148.364	0
148.364	1
148.828	2
149.107	0
149.269	0
149.269	1
149.734	2
149.943	0
149.943	1
149.966	1
150.175	0
150.187	1
150.639	2
151.081	1
151.092	0
151.104	1
151.162	0
151.429	0
151.429	1
151.545	2
151.766	0
151.800	1
151.998	0
151.998	1
152.056	0
152.102	0
152.265	0
152.462	2
152.915	1
152.938	0
153.159	0
153.368	2
153.588	0
153.600	1
153.821	1
153.844	0
154.088	0
154.273	2
154.726	1
154.749	0
154.784	0
154.807	0
154.807	1
155.028	0
155.051	0
155.063	1
155.179	2
155.191	0
155.214	0
155.295	0
155.318	0
155.400	0
155.411	1
155.423	0
155.481	0
155.643	0
155.643	1
155.887	0
156.096	2
156.119	1
156.317	0
156.328	1
156.549	0
156.561	1
156.619	0
156.770	2
157.234	2
157.455	0
157.687	2
157.989	1
158.140	2
158.151	1
158.360	0
158.592	2
158.883	0
159.045	1
159.045	2
159.068	0
159.266	0
159.266	1
159.347	0
159.498	2
159.509	1
159.730	0
159.800	1
159.962	2
159.974	0
160.183	0
160.183	1
160.415	2
160.868	1
160.868	2
161.088	0
161.100	1
161.297	1
161.321	2
161.773	1
161.773	2
161.994	1
162.087	1
162.226	2
162.273	0
162.458	0
162.679	0
162.679	1
162.691	2
162.714	0
162.900	1
162.934	0
162.992	1
163.143	0
163.143	2
163.352	1
163.596	2
163.817	0
163.817	1
163.898	0
164.049	2
164.502	2
164.513	0
164.722	0
164.804	1
164.955	1
164.955	2
165.210	0
165.233	0
165.419	0
165.419	2
165.628	0
165.640	1
165.872	2
166.127	0
166.325	0
166.325	2
166.371	1
166.417	0
166.545	0
166.545	1
166.615	0
166.777	0
166.777	2
166.789	1
167.044	0
167.230	0
167.230	2
167.242	1
167.451	0
167.462	1
167.683	2
168.136	0
168.136	2
168.147	1
168.356	0
168.368	1
168.600	2
169.053	2
169.273	0
169.273	1
169.506	2
169.947	0
169.958	1
169.958	2
170.179	1
170.411	1
170.434	1
170.446	0
170.458	1
170.527	0
170.539	1
170.643	1
170.655	0
170.748	1
170.852	1
170.864	0
170.957	1
170.969	0
171.085	0
171.085	1
171.096	2
171.340	0
171.549	2
171.770	1
171.804	0
171.990	1
172.002	2
172.025	0
172.222	1
172.269	1
172.443	1
172.455	2
172.478	0
172.501	0
172.687	2
172.896	1
172.907	0
172.907	2
172.919	1
172.989	1
173.140	2
173.163	0
173.372	2
173.581	1
173.650	0
173.813	0
173.813	1
173.825	2
173.906	1
173.917	0
174.034	1
174.057	0
174.277	2
174.498	1
174.719	0
174.719	1
174.730	2
174.962	2
175.183	2
175.404	0
175.415	2
175.624	0
175.636	1
175.636	2
175.856	0
175.868	1
175.868	2
176.089	2
176.309	0
176.321	1
176.321	2
176.541	0
176.541	1
176.553	2
177.006	2
177.447	0
177.447	1
177.459	2
177.667	0
177.679	1
177.911	2
178.120	0
178.352	0
178.364	1
178.364	2
178.457	0
178.596	2
178.828	2
178.887	0
179.037	1
179.049	2
179.072	0
179.270	0
179.270	1
179.281	2
179.351	1
179.490	1
179.734	2
179.955	1
179.966	0
180.175	0
180.187	1
180.187	2
180.257	1
180.465	1
180.640	2
180.849	1
180.872	0
180.907	0
181.081	1
181.092	2
181.174	0
181.336	0
181.534	1
181.545	2
181.592	0
181.766	1
181.998	0
181.998	1
181.998	2
182.068	0
182.091	1
182.462	2
182.671	0
182.683	2
182.904	0
182.904	1
182.915	2
183.124	1
183.368	2
183.809	0
183.821	1
183.821	2
184.274	2
184.494	0
184.494	1
184.715	0
184.726	1
184.726	2
184.947	1
185.191	2
185.411	1
185.411	2
185.539	0
185.632	0
185.644	2
185.725	1
186.096	2
186.538	0
186.549	2
186.572	0
186.619	0
186.619	1
187.002	2
187.025	0
187.048	0
187.072	0
187.095	0
187.234	0
187.234	2
187.257	0
187.443	1
187.455	0
187.466	2
187.524	1
187.571	1
187.687	2
187.919	2
188.140	2
188.151	0
188.163	1
188.209	0
188.360	0
188.360	1
188.360	2
188.465	0
188.592	2
188.616	1
188.627	0
188.813	0
188.825	2
188.860	0
189.068	0
189.266	0
189.277	1
189.277	2
189.336	0
189.730	2
190.020	0
190.171	0
190.183	1
190.183	2
190.253	1
190.276	0
190.404	1
190.415	0
190.438	0
190.636	2
190.868	1
191.089	0
191.100	1
191.100	2
191.553	2
191.774	1
191.774	2
191.994	0
192.006	1
192.006	2
192.226	0
192.459	2
192.691	1
192.911	0
192.911	1
192.911	2
192.993	1
193.364	2
193.387	0
193.596	2
193.817	0
193.817	2
193.829	1
193.898	1
194.038	0
194.049	2
194.061	0
194.281	0
194.281	2
194.723	0
194.734	2
194.850	0
194.978	0
195.187	2
195.199	0
195.419	0
195.628	0
195.640	1
195.640	2
195.663	0
195.709	1
195.733	0
195.860	1
196.093	2
196.534	1
196.557	2
196.569	0
196.592	0
196.627	1
196.778	2
197.010	2
197.230	1
197.242	0
197.381	0
197.451	0
197.462	1
197.462	2
197.474	0
197.915	1
197.915	2
198.147	1
198.356	1
198.368	0
198.368	2
198.449	1
198.461	0
198.821	2
198.844	0
199.065	0
199.100	1
199.146	1
199.274	0
199.320	0
199.343	1
199.436	0
199.448	1
199.506	1
199.599	1
199.668	1
199.715	0
199.784	0
199.808	1
199.866	0
199.877	1
199.947	0
199.947	1
200.040	1
200.063	0
200.179	0
200.191	1
200.272	1
200.330	1
202.002	0
202.014	1
202.455	2
202.675	0
202.675	1
202.908	0
202.908	1
203.372	2
203.813	0
203.825	1
204.069	1
204.150	0
204.278	2
204.359	1
204.498	0
204.510	1
204.568	0
204.730	0
204.823	0
204.974	1
205.183	2
205.439	0
205.636	1
205.659	0
205.682	0
205.717	1
206.089	2
206.309	1
206.344	0
206.391	1
206.541	0
206.553	1
207.006	2
207.459	0
207.470	1
207.505	0
207.528	0
207.772	0
207.911	0
207.911	2
207.935	0
208.016	0
208.132	0
208.179	0
208.213	1
208.353	1
208.364	0
208.817	2
209.072	1
209.107	0
209.270	0
209.270	1
209.734	2
209.955	0
209.955	1
210.187	0
210.187	1
210.640	2
211.093	0
211.104	1
211.429	0
211.545	2
211.766	0
211.778	1
211.812	1
211.998	0
212.010	1
212.103	0
212.463	2
212.486	0
212.904	0
212.904	1
212.939	0
213.159	0
213.194	1
213.368	2
213.589	1
213.612	0
213.635	0
213.670	1
213.809	1
213.821	0
213.902	0
214.274	2
214.727	0
214.808	0
215.063	0
215.179	0
215.179	2
215.214	0
215.295	0
215.412	0
215.481	0
215.632	0
215.632	1
215.725	0
215.864	0
216.097	2
216.120	0
216.305	1
216.317	0
216.538	0
216.549	1
216.781	2
217.223	0
217.234	1
217.234	2
217.443	0
217.455	1
217.687	1
217.687	2
217.710	1
218.128	0
218.140	1
218.140	2
218.360	0
218.465	0
218.593	2
218.860	1
218.953	1
219.045	0
219.045	1
219.045	2
219.266	0
219.266	1
219.336	1
219.487	0
219.498	2
219.510	1
219.591	0
219.963	1
219.963	2
219.974	0
220.172	0
220.183	1
220.288	0
220.415	2
220.857	1
220.868	2
221.089	0
221.089	1
221.321	2
221.530	1
221.565	0
221.774	1
221.774	2
221.797	0
221.994	0
221.994	1
222.076	0
222.227	2
222.250	0
222.679	1
222.679	2
222.703	0
222.749	1
222.900	0
222.912	1
223.121	1
223.144	0
223.144	2
223.585	1
223.597	2
223.817	0
223.898	0
223.898	1
223.991	0
224.049	2
224.502	2
224.514	0
224.583	1
224.723	0
224.723	1
224.816	0
224.955	0
224.955	2
224.978	0
225.001	0
225.303	0
225.408	2
225.628	1
225.640	0
225.872	2
226.313	0
226.325	1
226.325	2
226.418	0
226.534	0
226.545	1
226.638	0
226.778	2
226.789	0
226.836	0
227.021	1
227.230	2
227.242	0
227.242	1
227.451	0
227.451	1
227.683	2
228.124	1
228.136	0
228.136	2
228.357	0
228.368	1
228.577	0
228.589	2
229.030	1
229.053	2
229.262	0
229.274	1
229.506	2
229.947	0
229.947	1
229.959	2
230.028	1
230.423	1
230.446	0
230.551	0
230.632	1
230.655	0
230.772	0
230.783	1
230.864	0
230.957	1
230.969	0
231.004	0
231.085	0
231.085	1
231.178	0
