0.325	1
0.917	0
0.929	1
1.486	2
1.741	0
2.020	0
2.020	2
2.357	1
2.624	1
2.635	2
2.914	2
3.193	1
3.204	0
3.216	2
3.506	2
3.773	0
3.773	1
3.785	2
3.796	1
4.052	0
4.342	0
4.946	1
4.946	2
5.236	2
5.515	0
5.526	2
5.817	2
6.107	2
6.362	0
6.653	0
6.664	2
7.245	1
7.256	2
7.535	2
7.814	0
7.825	2
8.406	1
8.417	2
8.684	0
8.975	0
8.975	2
9.265	2
9.543	1
9.567	2
9.845	2
10.101	1
10.136	0
10.426	2
10.716	1
10.728	2
10.995	0
11.006	2
11.285	0
11.297	1
11.297	2
11.575	2
11.865	1
11.877	2
12.434	0
13.026	2
13.282	0
13.584	0
13.595	2
14.176	1
14.187	2
14.466	2
14.745	0
15.337	2
15.581	0
15.592	1
15.592	2
15.882	0
15.894	1
15.894	2
16.486	2
16.765	0
17.345	0
17.647	1
17.647	2
17.879	2
17.926	1
18.193	1
18.471	1
18.773	1
18.773	2
19.319	0
19.331	1
19.331	2
19.934	2
20.201	0
20.503	1
20.503	2
20.515	0
21.084	2
21.107	1
21.653	0
21.664	1
21.664	2
22.245	1
22.256	2
22.535	0
22.825	0
22.825	1
22.837	2
23.115	2
23.417	2
23.986	0
24.567	2
24.834	0
25.136	0
25.136	2
25.716	1
25.728	2
26.006	2
26.297	0
26.297	2
26.889	2
27.156	0
27.167	2
27.446	0
27.458	2
27.748	2
28.328	2
28.607	0
28.897	2
29.164	1
29.466	0
29.756	0
29.768	2
30.348	2
30.627	2
30.894	1
30.906	0
31.498	2
31.765	0
31.777	2
32.055	0
32.067	2
32.357	2
32.636	1
32.647	2
32.938	2
33.216	0
33.216	2
33.820	2
34.075	0
34.087	2
34.366	0
34.377	2
34.667	2
34.969	2
35.248	2
35.515	1
35.527	0
35.538	2
35.805	2
36.107	2
36.374	0
36.386	2
36.664	0
36.676	2
36.955	2
37.256	2
37.442	2
37.512	2
37.802	0
37.814	2
38.441	2
38.696	0
38.986	0
38.998	2
39.277	2
39.578	2
39.857	2
40.124	1
40.124	2
40.136	0
40.426	2
40.728	2
40.995	0
41.006	2
41.285	0
41.297	2
41.587	2
41.866	1
41.889	2
42.156	2
42.446	0
42.725	2
43.015	1
43.027	2
43.294	0
43.305	2
43.584	0
43.595	2
44.176	1
44.176	2
44.466	2
44.745	0
44.745	1
44.756	2
45.035	2
45.349	2
45.604	0
45.627	2
45.906	0
45.906	2
46.196	2
46.475	1
46.777	2
47.067	0
47.345	2
47.647	2
47.914	0
47.926	2
48.205	0
48.216	2
48.495	2
48.797	1
48.808	2
49.099	2
49.366	0
49.377	2
49.958	2
50.225	0
50.236	2
50.515	0
50.527	2
50.805	2
51.096	1
51.107	2
51.374	2
51.676	0
51.676	1
51.966	2
52.257	1
52.280	2
52.535	0
52.558	2
52.825	0
52.825	2
53.104	2
53.406	2
53.685	2
53.963	0
53.975	1
53.975	2
54.253	2
54.567	2
54.834	0
54.846	2
55.124	0
55.124	1
55.136	2
55.426	2
55.705	1
55.716	2
56.007	2
56.274	1
56.285	0
56.285	2
56.575	2
56.854	0
56.854	1
56.866	2
57.133	0
57.144	2
57.423	0
57.423	2
57.713	2
58.003	1
58.015	2
58.294	2
58.584	0
58.584	2
58.874	2
59.153	1
59.164	2
59.431	0
59.443	2
59.710	2
59.722	1
60.012	1
60.442	1
60.581	1
60.871	1
60.871	2
60.906	0
61.196	2
61.498	1
61.510	2
61.742	1
61.788	0
62.079	1
62.079	2
62.357	0
62.624	1
62.636	2
62.926	1
62.926	2
63.216	0
63.507	2
63.797	1
63.808	2
64.052	1
64.075	0
64.366	2
64.644	0
64.935	1
64.935	2
65.225	2
65.515	0
65.794	2
66.096	1
66.107	2
66.374	0
66.397	2
66.676	2
66.955	0
67.245	1
67.245	2
67.524	0
67.524	2
67.825	0
67.825	1
67.825	2
68.116	2
68.394	1
68.418	2
68.685	0
68.708	0
68.963	0
69.265	2
69.567	2
70.089	2
70.101	0
70.124	1
70.740	2
70.983	2
71.007	0
71.587	0
71.610	2
71.866	1
71.877	2
72.005	1
72.144	1
72.411	1
72.411	2
72.446	0
72.725	2
73.015	0
73.027	2
73.282	1
73.282	2
73.305	0
73.375	0
73.886	0
74.176	2
74.455	0
74.455	1
74.582	1
74.710	1
74.722	0
75.024	2
75.337	2
75.604	0
75.616	1
75.616	2
75.906	0
75.906	1
75.906	2
76.185	2
76.487	1
76.487	2
76.777	1
76.777	2
77.055	1
77.055	2
77.067	0
77.357	2
77.648	2
77.903	0
77.915	2
78.205	0
78.216	2
78.495	2
78.669	1
78.774	1
78.785	2
79.076	2
79.366	0
79.656	2
79.946	1
79.958	2
80.225	0
80.237	2
80.515	0
80.527	2
80.805	2
81.107	1
81.107	2
81.386	2
81.665	0
81.676	2
81.955	2
82.257	1
82.268	2
82.733	2
82.802	1
82.802	2
82.814	0
83.104	2
83.244	0
83.383	1
83.394	2
83.940	0
83.963	1
84.567	1
84.590	2
84.846	0
84.857	2
85.136	0
85.148	1
85.148	2
85.438	2
85.728	1
85.728	2
86.018	2
86.285	0
86.285	1
86.297	2
86.576	2
86.877	1
86.877	2
87.144	0
87.156	2
87.214	0
87.435	0
87.446	2
87.713	2
88.027	2
88.317	2
88.596	1
88.596	2
88.607	0
88.898	2
89.188	0
89.188	1
89.199	2
89.455	0
89.757	0
89.757	2
90.035	2
90.326	1
90.337	2
90.627	2
90.895	0
90.918	2
91.196	2
91.487	1
91.765	0
92.056	0
92.056	2
92.346	2
92.636	1
92.648	2
92.938	2
93.205	0
93.217	2
93.507	2
93.820	2
94.076	0
94.099	2
94.366	0
94.378	2
94.958	1
94.958	2
95.248	2
95.515	0
95.527	2
95.817	2
96.107	2
96.374	0
96.374	2
96.665	0
96.665	2
96.955	2
97.268	1
97.559	2
97.837	0
98.429	2
98.685	0
98.975	0
98.975	1
98.987	2
99.265	2
99.556	1
99.857	2
99.869	1
100.101	1
100.113	0
100.717	2
100.984	0
101.274	0
101.576	2
101.866	1
101.878	2
102.121	2
102.272	1
102.412	0
102.412	1
103.027	1
103.039	2
103.294	0
103.584	0
103.874	2
104.072	2
104.165	1
104.176	2
104.734	2
104.745	0
105.012	2
105.326	2
105.604	0
105.895	0
105.906	2
106.196	2
106.475	1
106.487	2
106.777	2
107.056	0
107.056	1
107.334	2
107.636	1
107.636	2
107.903	0
108.182	2
108.193	1
108.205	0
108.797	2
109.087	2
109.366	0
109.378	2
109.946	1
109.946	2
110.225	0
110.504	0
110.515	2
111.096	1
111.107	2
111.386	2
111.642	2
111.676	0
111.978	2
112.280	2
112.536	0
112.826	0
112.837	2
113.116	2
113.406	1
113.418	2
113.708	2
113.975	0
113.975	1
114.567	2
114.823	0
115.113	0
115.125	2
115.403	2
115.693	2
115.705	1
115.995	2
116.262	0
116.286	2
116.866	1
116.878	2
117.133	0
117.435	0
117.435	2
118.027	1
118.027	2
118.306	0
118.584	0
118.596	2
118.886	2
119.188	2
119.200	1
119.455	0
119.467	2
119.734	0
119.757	2
120.024	0
120.047	2
120.314	0
120.337	2
120.523	2
120.593	0
120.593	1
120.709	2
120.732	1
120.883	0
121.487	2
121.754	0
122.044	0
122.334	2
122.636	2
122.648	1
122.903	2
123.193	0
123.217	1
123.217	2
123.472	2
123.786	2
123.797	1
124.053	0
124.076	2
124.354	0
124.354	1
124.656	2
124.923	1
124.947	2
125.225	2
125.504	0
126.096	2
126.363	0
126.665	0
126.955	1
126.955	2
127.245	1
127.245	2
127.814	0
127.814	1
128.406	2
128.685	0
128.975	2
129.254	0
129.567	2
129.823	0
130.113	0
130.171	2
130.717	1
130.984	0
131.274	0
131.286	2
131.866	2
131.878	1
132.156	2
132.447	0
132.447	1
132.447	2
132.737	2
133.027	2
133.294	0
133.584	0
133.584	2
133.886	2
134.188	2
134.745	0
134.745	1
135.047	2
135.349	2
135.593	2
135.605	0
135.883	0
135.883	2
136.487	2
136.742	0
136.742	1
137.334	0
137.660	2
137.857	2
138.194	1
138.437	0
138.762	1
138.797	2
138.902	1
139.343	1
139.355	0
139.633	2
139.947	1
139.958	2
140.214	0
140.516	0
140.516	1
140.527	2
141.096	1
141.096	2
141.375	1
141.677	0
141.677	1
141.677	2
141.955	2
142.257	2
142.524	0
142.536	2
142.826	0
142.826	1
142.826	2
143.128	2
143.685	1
143.697	2
143.975	0
144.277	2
144.591	2
144.858	0
145.148	0
145.160	2
145.450	2
145.728	1
145.740	2
146.297	0
146.297	1
146.297	2
146.878	2
147.156	0
147.168	2
147.447	0
147.447	1
147.458	2
147.749	2
148.027	1
148.039	2
148.317	2
148.608	0
148.898	2
149.200	2
149.467	0
149.757	0
149.769	2
150.047	2
150.338	1
150.349	2
150.906	0
150.906	1
151.197	2
151.487	1
151.499	2
151.754	0
151.777	2
152.044	0
152.056	1
152.056	2
152.346	1
152.346	2
152.625	1
152.636	2
152.927	2
153.205	0
153.205	1
153.496	2
153.797	2
154.064	0
154.076	2
154.366	0
154.366	1
154.366	2
154.657	2
154.947	1
154.958	2
155.237	2
155.504	1
155.516	0
155.806	2
156.096	2
156.363	0
156.375	2
156.653	0
156.665	1
156.665	2
156.967	2
157.257	1
157.257	2
157.513	0
157.524	2
157.826	0
157.849	2
157.861	1
158.418	1
158.430	2
158.685	0
158.708	2
158.975	0
158.975	1
158.987	2
159.556	1
159.568	2
159.835	2
160.136	0
160.136	1
160.136	2
160.415	2
160.427	0
160.717	2
160.984	0
161.007	2
161.274	0
161.286	2
161.564	2
161.855	1
161.866	2
162.145	2
162.157	0
162.424	0
162.424	1
162.424	2
162.714	2
163.027	1
163.027	2
163.294	0
163.318	2
163.585	0
163.596	2
163.886	2
164.177	1
164.188	2
164.467	2
164.746	0
164.746	1
165.036	2
165.338	2
165.593	0
165.616	2
165.883	0
165.895	2
166.185	2
166.475	2
166.766	2
167.056	0
167.346	2
167.636	1
167.648	2
167.903	0
168.205	0
168.205	1
168.217	2
168.496	2
168.786	1
169.088	2
169.366	0
169.366	1
169.657	2
169.947	2
169.970	0
170.214	0
170.504	0
170.794	1
170.794	2
171.085	1
171.096	2
171.654	0
171.944	2
172.257	2
172.524	0
172.536	2
172.815	0
172.815	1
172.826	2
173.105	2
173.395	1
173.395	2
173.674	2
173.685	0
173.941	1
173.952	0
174.243	2
174.556	2
174.811	0
174.835	2
175.113	0
175.113	1
175.113	2
175.415	2
175.694	1
175.717	2
176.007	2
176.274	0
176.565	2
176.855	1
176.866	2
177.122	0
177.133	2
177.145	0
177.412	2
177.424	0
177.424	1
177.714	2
178.004	1
178.016	2
178.260	2
178.271	1
178.283	0
178.585	0
178.596	1
178.596	2
178.887	2
179.165	1
179.188	2
179.444	0
179.711	0
179.746	2
180.013	2
180.024	0
180.024	1
180.303	2
180.442	1
180.582	0
180.582	1
180.860	0
180.872	1
180.872	2
181.522	2
181.754	1
181.777	0
182.044	0
182.068	1
182.068	2
182.346	2
182.358	0
182.637	1
182.637	2
182.915	1
182.927	2
183.194	1
183.194	2
183.205	0
183.786	1
183.809	2
184.053	1
184.076	0
184.366	1
184.366	2
184.657	0
184.935	1
184.947	2
185.237	2
185.504	1
185.516	0
185.806	2
186.120	2
186.387	0
186.398	2
186.677	0
186.677	1
186.688	2
187.257	1
187.269	2
187.536	1
187.548	0
187.559	2
187.838	0
187.838	1
187.838	2
188.383	0
188.407	1
188.418	2
188.685	0
188.685	1
188.685	2
188.964	1
188.976	0
188.976	2
189.254	0
189.254	2
189.533	0
189.556	1
189.556	2
189.812	0
190.113	0
190.125	2
190.717	2
190.996	0
191.263	2
191.565	1
191.576	0
191.576	2
191.843	1
191.866	2
192.401	0
192.714	2
193.039	2
193.295	1
193.295	2
193.318	0
193.573	2
193.875	1
193.887	0
194.154	1
194.165	2
194.467	2
194.746	0
195.059	2
195.338	1
195.349	2
195.582	1
195.582	2
195.605	0
195.895	0
195.895	2
196.452	2
196.464	1
196.743	2
197.021	1
197.021	2
197.033	0
197.323	2
197.613	1
197.625	2
197.892	0
197.927	2
198.194	0
198.206	2
198.774	1
198.786	2
199.065	2
199.355	0
199.355	1
199.355	2
199.645	2
199.924	1
199.947	2
200.226	0
200.516	0
200.516	1
200.516	2
200.806	2
201.085	1
201.096	2
201.352	2
201.363	1
201.642	0
201.665	2
201.944	0
201.944	2
202.223	1
202.246	2
202.501	2
202.791	0
202.791	2
203.070	2
203.082	1
203.384	1
203.384	2
203.511	1
203.941	0
204.231	2
204.545	1
204.545	2
204.823	0
205.125	0
205.125	1
205.125	2
205.415	2
205.717	1
205.717	2
205.996	2
206.274	0
206.286	2
206.565	2
206.878	2
207.145	0
207.157	2
207.435	0
207.447	2
207.737	2
208.028	1
208.028	2
208.318	2
208.585	1
208.585	2
208.620	0
208.898	2
209.200	2
209.456	0
209.734	2
209.746	0
209.746	1
210.024	2
210.326	2
210.884	0
211.453	0
211.476	1
211.487	2
211.766	0
212.056	0
212.358	2
212.625	1
212.648	2
213.206	1
213.217	0
213.507	2
213.798	1
213.809	2
214.065	0
214.088	2
214.355	0
214.367	2
214.947	2
214.959	1
215.516	0
215.806	2
216.097	2
216.364	0
216.654	0
216.944	2
217.246	1
217.258	2
217.548	2
217.826	0
217.826	1
217.826	2
218.117	2
218.419	2
218.686	0
218.964	0
218.976	2
219.254	2
219.556	2
219.835	2
220.114	0
220.114	1
220.114	2
220.706	2
220.973	0
221.251	1
221.263	0
221.542	0
221.832	0
221.832	2
221.843	1
222.134	1
222.145	2
222.424	1
222.447	0
222.737	2
223.039	2
223.283	0
223.306	2
223.585	0
223.585	2
224.073	2
224.165	1
224.165	2
224.456	1
224.456	2
224.734	1
224.746	0
225.048	2
225.338	1
225.338	2
225.605	0
225.895	0
225.895	2
226.186	2
226.464	1
226.487	2
227.033	1
227.045	0
227.347	2
227.625	1
227.625	2
227.892	0
228.182	0
228.182	1
228.182	2
228.473	2
228.763	1
228.775	2
229.343	0
229.936	1
229.947	2
230.214	0
230.504	0
230.504	1
230.516	2
230.806	2
231.085	1
231.097	2
231.387	2
231.642	1
231.689	0
231.979	2
232.269	2
232.525	0
232.826	0
232.826	1
232.826	2
233.117	2
233.395	1
233.407	2
233.697	2
233.976	0
233.976	1
233.976	2
234.556	1
234.568	2
234.835	0
234.847	1
234.847	2
235.125	0
235.137	2
235.416	2
235.427	1
235.717	2
235.729	1
235.996	2
236.275	1
236.286	0
236.577	2
236.878	2
237.122	0
237.157	2
237.424	0
237.436	2
237.772	1
238.016	2
238.039	1
238.306	2
238.585	0
238.585	1
238.597	2
238.887	2
239.769	0
239.781	2
240.025	2
240.048	1
240.118	1
240.303	1
240.338	2
240.477	1
240.756	0
240.861	1
240.861	2
240.919	0
241.197	2
241.488	1
241.488	2
241.755	0
241.766	2
242.033	1
242.033	2
242.045	0
242.091	0
242.637	2
242.649	1
242.916	2
243.206	0
243.508	2
243.798	1
243.810	2
244.065	0
244.065	1
244.355	2
244.634	1
244.645	0
244.924	1
244.947	2
245.203	0
245.493	0
245.493	2
246.085	1
246.097	2
246.340	1
246.340	2
246.364	0
246.631	0
246.654	1
246.654	2
246.933	0
247.246	2
247.803	0
247.803	1
247.815	2
248.407	1
248.407	2
248.674	0
248.686	1
248.964	0
248.964	1
248.964	2
249.266	1
249.568	2
249.673	2
250.102	2
250.114	0
250.114	1
250.717	2
250.973	0
251.275	0
251.275	1
251.286	2
251.565	2
251.867	2
252.122	0
252.424	0
252.424	1
252.424	2
253.016	2
253.283	0
253.585	1
253.585	2
253.864	0
254.154	1
254.177	2
254.444	1
254.456	2
254.735	0
254.735	1
254.746	2
255.025	2
255.315	0
255.338	2
255.605	0
255.896	0
255.907	1
255.919	2
256.186	1
256.186	2
256.476	1
256.488	2
256.743	0
257.045	0
257.045	1
257.637	2
257.904	0
258.183	0
258.206	2
258.485	2
258.740	0
258.763	2
258.775	1
259.309	2
259.320	0
259.599	0
259.599	1
260.458	1
260.748	1
261.062	2
261.306	0
261.306	1
261.410	1
261.642	2
262.200	1
262.525	2
262.769	1
263.129	1
263.372	1
263.651	1
263.953	0
263.953	1
263.953	2
264.011	0
264.557	1
264.557	2
264.812	1
264.824	0
265.114	1
265.114	2
265.125	0
265.694	1
265.718	2
265.985	1
265.985	2
266.252	1
266.275	0
266.565	2
267.122	0
267.134	1
267.413	0
267.424	2
268.005	1
268.005	2
268.295	2
268.585	0
268.875	2
269.154	1
269.444	0
269.468	2
269.735	0
269.758	2
270.013	2
270.327	1
270.327	2
270.594	0
270.594	1
270.617	2
270.884	0
270.896	1
270.907	2
271.186	2
271.476	1
271.488	2
271.743	0
272.022	1
272.045	2
272.324	0
272.324	2
272.602	1
272.614	2
272.869	0
273.171	0
273.194	1
274.065	0
274.634	0
274.889	1
274.936	2
275.203	2
275.470	2
275.493	0
275.493	1
275.795	2
276.050	1
276.120	2
276.341	2
276.352	1
276.376	0
276.654	2
276.956	1
276.968	0
276.968	2
277.235	1
277.246	2
277.502	1
277.792	0
277.792	1
278.071	2
278.372	1
278.396	2
278.651	0
278.674	1
278.674	2
278.953	0
278.953	1
278.965	2
279.533	1
279.545	2
279.835	1
279.835	2
280.114	0
280.416	2
280.694	1
280.718	2
280.961	0
280.985	2
281.252	1
281.263	0
281.263	2
281.565	2
281.855	1
281.855	2
282.146	1
282.146	2
282.436	0
282.436	1
282.448	2
282.738	2
283.040	2
283.295	0
283.307	2
283.585	0
283.597	1
283.597	2
283.887	2
284.177	2
284.711	0
285.420	2
285.571	0
285.594	2
285.884	2
286.116	2
286.453	2
286.465	1
286.557	1
286.708	1
287.010	0
287.045	1
287.045	2
287.637	2
287.881	0
287.916	2
288.194	0
288.206	2
288.508	2
288.798	1
288.798	2
289.077	2
289.355	0
289.367	1
289.367	2
289.646	2
289.948	1
289.959	2
290.215	0
290.238	2
290.505	0
290.516	2
290.807	2
291.097	2
291.387	2
291.666	0
291.677	1
291.677	2
291.968	2
292.246	1
292.258	2
292.525	0
292.537	2
292.815	0
292.815	1
292.815	2
293.094	2
293.396	1
293.396	2
293.686	2
293.965	0
293.965	1
294.545	1
294.568	2
294.824	0
295.126	0
295.137	2
295.427	2
295.695	1
295.718	2
296.008	2
296.263	1
296.298	0
296.577	2
296.867	2
297.134	0
297.157	2
297.424	0
297.703	1
297.715	2
298.017	2
298.028	1
298.307	2
298.585	0
298.585	1
298.585	2
299.178	2
299.445	0
299.735	0
300.037	2
300.327	1
300.339	2
300.350	1
300.629	2
300.907	0
300.919	1
300.919	2
301.488	2
301.743	0
302.034	0
302.045	2
302.614	1
302.637	2
303.206	0
303.206	1
303.218	2
303.798	2
304.065	0
304.367	0
304.367	1
304.367	2
304.646	2
304.936	1
304.948	2
305.203	1
305.203	2
305.215	0
305.505	0
305.528	1
305.772	1
305.772	2
306.097	2
306.352	0
306.387	2
306.654	0
306.666	2
306.945	2
307.246	1
307.246	2
307.815	0
307.815	1
308.407	1
308.419	2
308.686	0
308.965	0
308.988	2
309.568	1
309.568	2
309.847	2
310.126	0
310.137	1
310.137	2
310.428	2
310.706	1
310.706	2
310.962	0
311.252	0
311.263	1
311.263	2
311.554	2
311.832	1
311.856	2
312.146	2
312.436	0
312.726	2
313.017	1
313.017	2
313.284	0
313.574	0
313.585	2
313.876	2
314.178	2
314.735	0
315.315	0
315.327	2
315.594	0
315.617	2
315.896	0
315.907	2
316.186	2
316.476	1
316.488	2
316.778	2
317.045	0
317.626	1
317.637	2
317.904	0
318.195	0
318.195	1
318.195	2
318.485	2
318.775	1
318.798	2
319.077	2
319.356	0
319.367	2
319.646	2
319.936	1
319.948	2
320.215	0
320.238	2
320.505	0
320.517	2
320.807	2
321.086	1
321.097	2
321.387	2
321.666	0
321.666	2
321.689	2
321.701	1
321.794	0
321.956	2
322.247	1
322.258	2
322.525	2
322.815	0
322.815	2
323.082	2
323.094	1
323.396	1
323.408	2
323.663	1
323.953	1
323.953	2
323.965	0
324.557	2
324.836	0
325.126	0
325.126	2
325.706	1
325.718	0
325.718	2
326.252	1
326.275	0
326.856	2
326.879	1
327.123	0
327.425	0
327.425	2
328.028	2
328.307	2
328.562	1
328.586	0
328.597	2
328.887	2
329.154	1
329.166	2
329.433	0
329.723	0
329.735	2
330.025	2
330.315	2
330.617	2
330.884	1
330.919	0
330.919	2
331.198	2
331.476	1
331.476	2
331.743	0
331.755	2
332.045	0
332.045	2
332.336	1
332.336	2
332.626	1
332.637	2
332.904	0
333.195	0
333.195	1
333.775	2
334.054	0
334.344	2
334.356	0
334.646	2
334.936	1
334.936	2
335.226	2
335.505	0
335.505	2
335.795	2
336.086	2
336.364	0
336.655	0
336.655	2
336.956	2
337.247	2
337.525	2
337.816	0
337.816	1
338.117	2
338.408	2
338.675	0
338.675	1
338.953	2
338.965	0
338.965	1
339.557	0
339.557	1
339.557	2
339.824	1
339.836	0
340.381	0
340.393	2
340.683	1
341.240	0
341.264	2
341.542	0
341.809	0
342.088	2
342.100	0
342.390	0
342.413	1
342.703	2
342.982	1
342.994	2
343.261	0
343.562	0
343.574	2
343.864	2
344.155	1
344.155	2
344.422	0
344.445	2
344.456	1
344.723	2
345.002	0
345.025	2
345.304	1
345.304	2
345.861	0
345.873	2
346.151	0
346.442	2
346.477	1
346.720	2
347.022	0
347.045	1
347.045	2
347.614	2
347.893	0
347.905	2
348.195	0
348.195	2
348.206	1
348.775	2
349.054	0
349.054	2
349.356	2
349.634	0
349.913	1
349.925	2
350.482	0
350.494	2
350.505	1
351.062	1
351.086	2
351.724	0
351.724	1
351.724	2
352.282	1
352.885	1
353.257	1
353.895	1
353.907	0
353.930	0
355.126	0
355.126	1
356.554	2
356.624	2
356.786	2
356.867	2
357.169	2
357.332	2
357.715	2
