1.045	1
5.445	1
7.895	1
8.150	1
8.382	1
8.417	0
8.940	0
9.300	0
9.671	0
10.391	0
10.902	0
11.262	0
11.633	0
11.749	0
11.842	1
12.318	1
12.365	0
13.235	0
13.595	0
13.816	1
14.036	1
14.280	1
14.826	0
15.186	0
15.569	0
15.673	0
15.778	1
15.906	0
16.347	0
16.707	0
16.753	1
16.776	0
17.241	1
17.740	1
17.868	1
17.984	1
18.100	2
18.170	0
18.228	1
18.355	1
18.413	1
18.483	1
18.599	1
18.715	1
18.715	2
18.843	2
18.855	1
18.971	1
19.098	1
19.203	1
19.342	1
19.458	1
19.563	0
19.586	1
19.702	1
19.702	2
19.807	0
19.818	1
19.900	1
19.934	0
19.958	1
20.016	1
20.050	0
20.074	1
20.190	1
20.259	1
20.294	0
20.317	1
20.445	1
20.538	0
20.561	1
20.666	0
20.921	0
20.933	1
20.979	0
21.095	0
21.235	1
21.281	0
21.293	1
21.339	1
21.525	0
21.548	1
21.583	1
21.676	1
22.105	1
22.256	1
22.349	1
22.372	1
22.430	1
22.489	1
22.570	1
22.883	1
23.011	1
23.069	1
23.127	1
23.626	0
23.696	0
23.882	0
24.114	1
24.369	0
24.393	1
24.462	1
24.474	0
24.543	0
24.706	0
24.741	1
24.822	1
24.961	0
25.066	1
25.298	1
25.321	0
25.391	0
25.426	1
25.542	1
25.565	0
25.635	0
26.030	1
26.389	1
26.413	0
26.482	0
26.749	1
26.773	0
26.842	0
27.005	1
27.237	1
27.260	0
27.353	1
27.388	0
27.446	0
27.481	1
27.504	0
27.968	1
28.328	1
28.352	0
28.410	0
28.688	1
28.711	0
28.781	0
28.932	1
29.164	1
29.199	0
29.257	0
29.304	1
29.327	0
29.408	1
29.431	0
29.907	1
30.256	1
30.290	0
30.348	0
30.616	1
30.650	0
30.708	0
30.871	1
31.347	1
31.370	0
31.440	0
31.835	1
31.858	1
32.194	1
32.229	0
32.287	0
32.554	1
32.589	0
32.647	0
32.810	1
33.042	1
33.065	0
33.135	0
33.170	1
33.286	1
33.309	0
33.773	1
34.133	1
34.157	0
34.226	0
34.493	1
34.516	0
34.586	0
34.737	1
34.981	1
35.004	0
35.097	1
35.190	0
35.225	1
35.248	0
35.306	0
35.468	0
35.468	2
35.701	1
35.712	0
35.712	2
35.944	1
35.944	2
35.956	0
36.061	1
36.095	0
36.153	0
36.177	1
36.235	0
36.420	1
36.432	2
36.444	0
36.513	0
36.676	1
36.676	2
36.688	0
36.780	1
36.908	2
36.931	0
37.001	0
37.036	1
37.164	1
37.164	2
37.187	0
37.396	2
37.431	0
37.651	0
37.651	2
37.883	2
37.895	0
38.034	0
38.092	0
38.116	2
38.174	0
38.243	1
38.243	2
38.359	1
38.371	2
38.394	0
38.510	0
38.603	1
38.615	0
38.615	2
38.684	1
38.719	1
38.847	2
38.859	0
39.091	1
39.091	2
39.126	0
39.184	0
39.219	1
39.242	0
39.335	2
39.358	0
39.358	1
39.474	1
39.578	2
39.602	1
39.822	2
39.938	1
39.962	0
40.031	0
40.054	2
40.089	0
40.298	1
40.298	2
40.333	0
40.391	0
40.449	0
40.542	1
40.554	2
40.565	1
40.786	2
40.809	0
40.879	0
40.914	1
40.937	0
41.018	2
41.030	1
41.053	0
41.262	2
41.297	0
41.517	2
41.540	1
41.749	2
41.866	1
41.866	2
41.900	0
41.982	1
41.993	2
42.017	0
42.121	1
42.237	1
42.237	2
42.260	0
42.330	0
42.353	2
42.388	0
42.469	1
42.481	2
42.713	1
42.713	2
42.748	0
42.841	1
42.876	0
42.934	0
42.957	2
42.969	1
43.003	0
43.050	0
43.201	1
43.201	2
43.212	0
43.398	2
43.445	1
43.456	0
43.688	2
43.700	0
43.804	1
43.839	0
43.932	2
43.955	0
44.164	2
44.199	0
44.327	0
44.408	1
44.420	0
44.420	2
44.536	1
44.652	1
44.652	2
44.675	0
44.745	0
44.896	1
44.896	2
44.931	0
45.000	1
45.047	0
45.070	2
45.128	1
45.140	2
45.174	0
45.383	1
45.383	2
45.395	0
45.627	2
45.639	0
45.743	1
45.767	0
45.836	0
45.871	2
45.917	0
45.976	1
45.987	2
46.103	2
46.138	0
46.254	0
46.347	1
46.347	2
46.359	0
46.382	1
46.463	1
46.591	1
46.591	2
46.602	0
46.788	2
46.823	1
46.858	0
46.928	0
46.962	1
47.067	2
47.102	0
47.195	1
47.322	1
47.322	2
47.554	2
47.566	1
47.671	1
47.705	0
47.763	0
47.798	2
47.845	0
47.926	1
48.042	2
48.054	1
48.065	0
48.135	0
48.286	1
48.286	2
48.402	1
48.530	2
48.553	0
48.623	0
48.762	2
48.774	1
48.797	0
48.855	0
49.006	2
49.017	1
49.041	0
49.145	1
49.250	1
49.250	2
49.493	2
49.644	0
49.737	2
49.760	0
49.981	2
50.004	0
50.097	2
50.132	0
50.225	1
50.225	2
50.341	1
50.434	2
50.457	1
50.480	0
50.550	0
50.585	1
50.608	0
50.701	1
50.701	2
50.736	0
50.794	0
50.945	2
51.188	1
51.188	2
51.432	2
51.548	1
51.572	0
51.641	0
51.664	1
51.664	2
51.711	0
51.908	1
51.908	2
51.931	0
52.001	0
52.152	1
52.164	2
52.268	1
52.396	1
52.396	2
52.419	0
52.489	0
52.640	1
52.640	2
52.663	0
52.883	2
52.907	0
53.127	1
53.127	2
53.371	2
53.476	1
53.510	0
53.580	0
53.603	2
53.650	0
53.719	1
53.835	1
53.847	2
53.882	0
53.998	0
54.091	1
54.091	2
54.114	1
54.335	2
54.579	1
54.579	2
54.602	0
54.671	0
54.811	1
54.811	2
54.846	0
54.962	1
55.055	1
55.055	2
55.089	1
55.298	2
55.322	1
55.414	1
55.449	0
55.507	0
55.542	2
55.577	0
55.670	1
55.786	1
55.786	2
55.809	0
56.018	1
56.030	2
56.262	1
56.262	2
56.285	0
56.355	0
56.390	1
56.506	2
56.517	1
56.541	0
56.599	0
56.622	1
56.750	2
56.784	0
56.993	1
57.005	2
57.237	2
57.260	1
57.353	1
57.388	0
57.481	2
57.504	0
57.609	1
57.702	1
57.713	2
57.748	0
57.818	0
57.841	2
57.887	0
57.969	1
57.969	2
58.073	1
58.201	2
58.236	0
58.294	0
58.329	1
58.363	0
58.445	1
58.445	2
58.479	0
58.538	0
58.688	2
58.932	1
58.932	2
58.955	1
59.176	2
59.292	1
59.315	0
59.385	0
59.408	2
59.443	0
59.652	2
59.664	1
59.687	0
59.803	0
59.896	1
59.896	2
60.012	1
60.140	2
60.163	0
60.256	1
60.383	2
60.407	0
60.616	2
60.651	0
60.871	1
60.871	2
61.103	2
61.254	0
61.347	2
61.382	0
61.591	1
61.591	2
61.614	0
61.835	1
61.846	2
62.079	2
62.322	2
62.346	0
62.404	0
62.555	2
62.566	1
62.589	0
62.810	1
62.810	2
62.833	1
63.042	2
63.065	1
63.193	0
63.251	0
63.286	2
63.321	0
63.518	1
63.530	2
63.553	0
63.774	1
63.774	2
63.797	1
63.866	1
63.959	1
64.017	2
64.029	0
64.099	0
64.134	1
64.250	1
64.250	2
64.284	0
64.342	0
64.493	2
64.528	0
64.737	1
64.737	2
64.981	2
65.097	1
65.132	0
65.213	1
65.225	2
65.248	0
65.341	1
65.353	2
65.469	2
65.492	0
65.550	0
65.585	1
65.608	0
65.712	2
65.829	1
65.840	2
65.910	1
65.956	2
65.968	0
66.072	1
66.096	0
66.154	0
66.188	1
66.200	2
66.223	0
66.328	0
66.421	1
66.432	2
66.444	0
66.664	1
66.676	2
66.688	0
66.908	2
66.920	0
67.036	1
67.059	0
67.129	0
67.199	0
67.396	1
67.396	2
67.419	0
67.489	0
67.500	2
67.640	1
67.640	2
67.651	0
67.756	1
67.884	1
67.884	2
67.895	0
67.976	0
68.127	1
68.127	2
68.151	0
68.371	2
68.394	0
68.603	1
68.615	0
68.615	2
68.847	2
68.859	0
68.963	1
68.998	0
69.056	0
69.079	1
69.091	2
69.137	0
69.207	1
69.207	2
69.335	2
69.358	0
69.486	0
69.567	1
69.579	2
69.590	0
69.822	2
69.834	0
70.066	1
70.066	2
70.089	0
70.206	0
70.298	2
70.333	0
70.426	1
70.554	1
70.554	2
70.786	2
70.798	1
70.902	1
70.937	0
70.995	0
71.030	2
71.053	0
71.123	0
71.262	2
71.274	1
71.297	0
71.367	0
71.506	1
71.517	2
71.622	1
71.750	1
71.750	2
71.773	0
71.843	0
71.912	0
71.993	1
71.993	2
72.028	0
72.086	0
72.237	2
72.260	0
72.319	0
72.481	1
72.481	2
72.713	2
72.725	1
72.829	2
72.864	0
72.957	2
72.992	0
73.201	1
73.201	2
73.236	0
73.294	0
73.317	2
73.363	0
73.445	2
73.456	1
73.561	1
73.677	1
73.689	2
73.712	0
73.781	0
73.839	0
73.932	2
73.944	1
73.967	0
74.014	0
74.165	2
74.176	0
74.292	1
74.408	1
74.420	0
74.420	2
74.652	2
74.768	1
74.803	0
74.861	0
74.896	2
74.919	0
75.024	2
75.128	2
75.140	1
75.175	0
75.244	2
75.291	0
75.384	1
75.384	2
75.395	0
75.500	1
75.616	1
75.627	2
75.639	0
75.709	0
75.871	2
75.894	0
76.103	2
76.138	0
76.231	1
76.347	1
76.359	0
76.359	2
76.591	1
76.591	2
76.603	0
76.707	1
76.742	0
76.800	0
76.823	1
76.835	2
76.881	0
76.951	2
77.067	1
77.067	2
77.102	0
77.311	1
77.322	2
77.334	0
77.439	1
77.555	2
77.578	0
77.810	1
77.833	0
77.891	0
77.996	1
78.042	2
78.077	0
78.124	0
78.170	1
78.286	1
78.298	2
78.518	2
78.553	1
78.646	1
78.669	0
78.739	0
78.762	2
78.797	0
79.006	2
79.041	0
79.099	0
79.250	1
79.261	2
79.366	1
79.494	1
79.494	2
79.517	0
79.586	0
79.656	0
79.737	1
79.737	2
79.761	0
79.830	0
79.981	2
80.004	0
80.225	2
80.248	1
80.457	2
80.469	1
80.608	0
80.701	2
80.736	0
80.945	2
80.980	0
81.038	0
81.061	2
81.096	0
81.189	1
81.189	2
81.305	1
81.421	1
81.432	2
81.456	0
81.514	0
81.548	1
81.583	0
81.676	1
81.676	2
81.699	0
81.908	1
81.908	2
82.152	1
82.164	2
82.396	2
82.547	0
82.605	0
82.651	2
82.675	0
82.872	1
82.884	2
82.907	0
82.965	0
83.116	1
83.127	2
83.151	1
83.232	1
83.360	2
83.383	0
83.499	1
83.522	0
83.603	1
83.638	0
83.696	0
83.847	2
83.882	0
84.091	1
84.103	2
84.335	2
84.474	0
84.567	2
84.614	0
84.822	1
84.822	2
84.846	0
85.055	1
85.055	2
85.171	1
85.299	2
85.531	1
85.542	2
85.577	0
85.635	0
85.693	0
85.786	2
85.809	0
85.867	0
86.018	1
86.030	2
86.262	2
86.390	1
86.413	0
86.483	0
86.506	2
86.541	0
86.750	2
86.785	0
86.843	0
86.994	2
87.017	1
87.237	1
87.237	2
87.261	0
87.330	0
87.388	0
87.481	2
87.504	0
87.562	0
87.725	2
87.748	0
87.969	1
87.969	2
88.201	2
88.213	1
88.352	0
88.422	0
88.445	2
88.480	0
88.689	1
88.689	2
88.712	0
88.805	2
88.840	0
88.932	2
88.944	1
89.049	1
89.165	2
89.199	0
89.258	0
89.292	1
89.327	0
89.408	1
89.408	2
89.443	0
89.501	0
89.641	1
89.664	2
89.896	1
89.908	2
90.140	2
90.256	1
90.291	0
90.349	0
90.384	2
90.407	0
90.616	2
90.627	1
90.651	0
90.860	1
90.871	2
90.976	1
91.103	1
91.103	2
91.127	0
91.347	2
91.359	1
91.382	0
91.591	2
91.626	0
91.684	0
91.835	1
91.835	2
92.079	2
92.195	1
92.230	0
92.288	0
92.311	2
92.357	0
92.555	1
92.555	2
92.590	0
92.706	0
92.799	1
92.799	2
92.822	1
93.042	2
93.275	1
93.286	2
93.309	0
93.530	2
93.553	0
93.611	0
93.658	1
93.762	1
93.774	2
93.797	1
94.006	2
94.029	1
94.122	1
94.157	0
94.215	0
94.250	2
94.285	0
94.389	1
94.494	1
94.494	2
94.517	0
94.586	0
94.645	0
94.737	1
94.737	2
94.761	1
94.981	2
95.004	0
95.062	0
95.213	2
95.225	1
95.248	0
95.457	2
95.492	0
95.701	1
95.713	2
95.945	2
96.073	1
96.096	0
96.177	1
96.189	2
96.212	0
96.421	1
96.421	2
96.456	0
96.549	2
96.583	0
96.665	1
96.676	2
96.781	1
96.908	1
96.908	2
96.932	0
97.001	0
97.036	1
97.071	0
97.129	0
97.164	2
97.176	1
97.187	0
97.245	0
97.361	1
97.396	2
97.419	1
97.535	1
97.640	1
97.640	2
97.872	2
97.907	1
98.000	1
98.035	0
98.093	0
98.116	2
98.174	0
98.255	1
98.360	2
98.453	0
98.604	2
98.615	1
98.650	1
98.778	1
98.847	2
98.859	1
98.871	0
98.894	1
98.929	0
98.987	1
99.091	2
99.114	1
99.126	0
99.184	0
99.230	1
99.277	1
99.335	2
99.358	0
99.579	2
99.811	2
99.939	1
99.962	0
100.032	0
100.055	2
100.090	0
100.171	1
100.229	1
100.299	2
100.333	0
100.531	1
100.542	2
100.612	1
100.659	1
100.786	2
100.798	1
101.018	1
101.030	2
101.053	0
101.123	0
101.181	1
101.262	2
101.297	0
101.506	1
101.506	2
101.750	2
101.866	1
101.901	0
101.959	0
101.994	2
102.040	0
102.110	2
102.237	2
102.249	1
102.261	0
102.330	0
102.470	1
102.481	2
102.725	2
102.748	0
102.957	1
102.957	2
102.992	0
103.050	1
103.201	2
103.236	0
103.445	1
103.445	2
103.689	2
103.805	2
103.840	0
103.933	2
103.956	0
104.165	2
104.176	1
104.200	0
104.269	0
104.292	2
104.327	0
104.409	1
104.420	2
104.652	1
104.652	2
104.676	0
104.780	1
104.803	0
104.896	2
104.919	0
104.919	1
105.024	1
105.140	2
105.372	1
105.384	2
105.616	2
105.744	1
105.779	0
105.837	0
105.860	2
106.104	2
106.115	1
106.138	0
106.208	0
106.347	1
106.347	2
106.371	1
106.533	1
106.591	2
106.614	0
106.672	0
106.835	1
106.835	2
106.858	0
106.928	0
106.951	1
107.067	2
107.102	0
107.311	1
107.323	2
107.555	2
107.671	1
107.706	0
107.764	0
107.799	2
107.833	0
107.938	1
108.042	1
108.042	2
108.066	0
108.135	0
108.217	1
108.275	1
108.286	2
108.518	2
108.542	1
108.774	2
108.797	0
108.867	0
108.890	1
109.006	2
109.041	0
109.250	1
109.250	2
109.494	2
109.610	1
109.645	0
109.703	0
109.726	1
109.738	2
109.772	0
109.830	0
109.970	2
109.981	1
110.005	0
110.214	1
110.214	2
110.341	1
110.457	2
110.492	0
110.550	0
110.701	2
110.736	0
110.945	2
110.957	1
110.980	0
111.189	2
111.212	1
111.433	2
111.549	1
111.583	0
111.642	0
111.676	2
111.909	1
111.909	2
111.943	0
112.001	0
112.036	2
112.071	0
112.152	1
112.164	2
112.396	1
112.396	2
112.419	0
112.489	0
112.605	0
112.686	0
112.733	0
112.884	2
113.116	1
113.139	2
113.360	2
113.476	1
113.511	0
113.580	0
113.615	2
113.650	0
113.847	2
113.871	0
114.091	1
114.091	2
114.335	1
114.335	2
114.358	0
114.416	0
114.474	1
114.567	1
114.579	2
114.602	0
114.672	0
114.811	2
114.846	0
115.055	2
115.066	1
115.171	1
115.299	2
115.415	1
115.450	0
115.508	0
115.542	2
115.589	0
115.786	1
115.786	2
115.810	0
115.879	0
116.030	1
116.030	2
116.262	2
116.518	1
116.518	2
116.541	0
116.599	0
116.750	2
116.785	0
116.994	1
117.005	2
117.121	1
117.238	2
117.388	0
117.447	0
117.470	2
117.528	0
117.714	2
117.725	1
117.748	0
117.957	1
117.969	2
118.201	2
118.224	0
118.294	0
118.329	1
118.364	0
118.445	2
118.457	1
118.480	0
118.596	0
118.677	1
118.689	2
118.712	0
118.933	1
118.933	2
119.165	2
119.176	1
119.293	1
119.316	0
119.409	2
119.432	0
119.652	1
119.652	2
119.687	0
119.803	0
119.896	1
119.896	2
120.128	1
120.140	2
120.163	0
120.233	0
120.256	1
120.291	0
120.384	1
120.384	2
120.407	0
120.477	0
120.628	2
120.860	1
120.860	2
121.104	2
121.220	1
121.255	0
121.313	0
121.347	2
121.591	1
121.591	2
121.615	0
121.835	1
121.835	2
122.067	1
122.079	2
122.091	0
122.207	1
122.311	2
122.323	1
122.346	0
122.416	0
122.555	2
122.590	0
122.799	1
122.799	2
123.043	2
123.159	1
123.182	0
123.252	0
123.286	2
123.333	0
123.519	1
123.530	2
123.553	0
123.762	1
123.774	2
124.006	2
124.250	1
124.250	2
124.285	0
124.343	0
124.413	0
124.494	2
124.529	0
124.738	2
124.981	2
125.121	0
125.190	0
125.225	2
125.248	0
125.272	0
125.457	1
125.457	2
125.492	0
125.620	0
125.713	2
125.748	1
125.945	1
125.945	2
125.968	0
126.038	0
126.189	1
126.189	2
126.212	0
126.282	0
126.340	0
126.433	2
126.456	0
126.665	1
126.676	2
126.909	2
127.036	1
127.060	0
127.152	2
127.176	0
127.269	1
127.396	1
127.396	2
127.431	0
127.489	0
127.512	2
127.547	0
127.640	1
127.640	2
127.872	1
127.884	2
127.907	0
128.000	1
128.035	0
128.093	0
128.139	2
128.151	0
128.221	0
128.360	2
128.604	1
128.615	2
128.848	2
128.964	1
128.998	0
129.057	0
129.103	2
129.138	0
129.335	1
129.335	2
129.358	0
129.416	0
129.579	1
129.579	2
129.683	1
129.823	2
129.834	0
129.904	0
130.055	1
130.055	2
130.090	0
130.148	0
130.299	2
130.334	0
130.543	1
130.543	2
130.775	1
130.786	2
130.902	2
130.914	1
130.937	0
131.030	2
131.053	0
131.262	2
131.274	1
131.297	0
131.355	0
131.390	2
131.425	0
131.506	1
131.518	2
131.750	2
131.762	1
131.773	0
131.843	0
131.878	1
131.971	0
132.005	2
132.017	0
132.087	0
132.238	2
132.481	1
132.481	2
132.505	1
132.714	2
132.841	1
132.865	0
132.934	0
132.992	0
133.201	1
133.201	2
133.224	0
133.294	0
133.445	1
133.457	2
133.689	1
133.689	2
133.712	0
133.770	0
133.817	1
133.921	1
133.933	2
133.956	0
134.026	0
134.165	2
134.200	0
134.409	1
134.420	2
134.653	2
134.769	2
134.780	1
134.803	0
134.896	2
134.920	0
135.140	2
135.163	0
135.256	2
135.291	0
135.384	1
135.384	2
135.616	2
135.639	0
135.732	2
135.744	1
135.779	0
135.872	1
135.872	2
135.895	0
135.953	0
136.034	2
136.104	2
136.115	0
136.348	1
136.359	0
136.359	2
136.591	2
136.603	0
136.707	1
136.742	0
136.800	0
136.882	0
137.079	1
137.079	2
137.091	0
137.125	0
137.160	0
137.323	1
137.323	2
137.334	0
137.427	1
137.555	1
137.555	2
137.578	0
137.648	0
137.706	1
137.799	2
137.834	0
138.043	2
138.077	0
138.286	1
138.286	2
138.298	0
138.530	2
138.542	0
138.646	1
138.670	0
138.739	0
138.762	2
138.820	0
138.890	1
139.006	1
139.006	2
139.041	0
139.099	0
139.262	0
139.262	2
139.285	1
139.366	1
139.494	2
139.505	0
139.738	1
139.738	2
139.761	0
139.831	0
139.889	0
139.981	2
140.005	0
140.214	1
140.225	2
140.458	2
140.481	1
140.574	1
140.608	0
140.666	0
140.701	2
140.748	0
140.829	1
140.945	1
140.945	2
140.980	0
141.096	0
141.189	2
141.201	1
141.433	2
141.456	0
141.526	0
141.560	1
141.665	2
141.677	1
141.700	0
141.758	0
141.909	2
141.944	0
142.153	1
142.153	2
142.396	2
142.420	1
142.512	2
142.547	0
142.640	2
142.675	0
142.884	2
142.907	0
142.977	0
143.000	2
143.035	0
143.116	1
143.128	2
143.244	1
143.314	2
143.395	0
143.453	0
143.488	1
143.511	0
143.604	1
143.604	2
143.639	0
143.697	0
143.848	2
143.859	0
144.091	1
144.091	2
144.103	0
144.335	1
144.335	2
144.347	0
144.451	1
144.475	0
144.579	2
144.591	0
144.695	2
144.811	2
144.846	0
144.962	0
145.055	1
145.067	0
145.067	2
145.171	1
145.299	1
145.299	2
145.322	0
145.392	0
145.543	2
145.554	1
145.578	0
145.694	0
145.775	1
145.775	2
145.821	0
146.019	1
146.030	0
146.042	2
146.274	0
146.274	1
146.274	2
146.413	0
146.483	0
146.506	2
146.553	0
146.622	1
146.634	2
146.750	1
146.750	2
146.785	0
146.901	0
147.006	0
147.006	1
147.006	2
147.110	1
147.238	2
147.249	0
147.482	2
147.505	0
147.574	0
147.714	2
147.749	0
147.969	1
147.969	2
148.201	2
148.329	1
148.352	0
148.410	0
148.445	2
148.480	0
148.573	1
148.689	1
148.689	2
148.712	0
148.933	2
148.956	1
149.165	1
149.177	2
149.188	0
149.258	0
149.293	1
149.409	2
149.420	1
149.444	0
149.502	0
149.653	2
149.687	0
149.896	2
150.140	1
150.140	2
150.291	0
150.349	0
150.384	2
150.500	1
150.616	2
150.628	1
150.651	0
150.744	2
150.779	0
150.872	1
150.872	2
151.104	2
151.127	0
151.197	0
151.232	1
151.255	0
151.348	2
151.382	0
151.441	0
151.591	2
151.824	1
151.835	2
151.859	1
152.079	2
152.195	1
152.218	0
152.288	0
152.346	0
152.416	0
152.555	1
152.555	2
152.578	0
152.648	0
152.799	2
152.811	1
152.915	1
153.031	2
153.066	0
153.275	1
153.287	2
153.310	0
153.519	2
153.554	0
153.623	0
153.763	1
153.774	2
153.797	1
154.006	2
154.157	0
154.215	0
154.250	2
154.285	0
154.366	1
154.494	1
154.494	2
154.517	0
154.738	1
154.738	2
154.842	1
154.982	2
155.225	1
155.225	2
155.249	0
155.458	2
155.492	0
155.585	1
155.701	1
155.713	2
155.945	2
156.096	0
156.154	0
156.189	2
156.235	0
156.421	2
156.433	1
156.456	0
156.665	1
156.677	2
156.781	1
156.909	1
156.909	2
156.932	0
157.002	0
157.037	1
157.153	2
157.176	1
157.187	0
157.246	0
157.396	2
157.431	0
157.640	2
157.663	1
157.884	2
157.907	1
158.000	1
158.035	0
158.128	2
158.151	0
158.256	1
158.360	1
158.360	2
158.395	0
158.465	0
158.488	2
158.511	0
158.581	0
158.616	1
158.616	2
158.732	1
158.848	2
158.871	0
158.941	0
158.975	1
158.999	0
159.092	1
159.092	2
159.126	0
159.184	0
159.312	2
159.324	1
159.568	1
159.579	2
159.811	2
159.939	1
159.962	0
160.055	2
160.078	0
160.299	1
160.299	2
160.334	0
160.543	1
160.543	2
160.566	1
160.659	1
160.787	2
160.810	0
160.938	0
161.030	1
161.030	2
161.054	0
161.263	1
161.274	2
161.297	0
161.506	1
161.518	2
161.541	1
161.750	2
161.866	1
161.901	0
161.959	0
161.982	1
161.994	2
162.040	0
162.238	1
162.238	2
162.261	0
162.389	0
162.470	1
162.482	2
162.598	1
162.725	2
162.958	1
162.969	2
162.992	0
163.109	0
163.190	1
163.201	2
163.236	0
163.445	1
163.457	2
163.689	2
163.701	1
163.805	1
163.840	0
163.933	2
163.968	0
164.049	1
164.165	2
164.177	1
164.200	0
164.270	0
164.409	2
164.432	1
164.653	1
164.653	2
164.688	0
164.746	0
164.780	1
164.815	0
164.897	1
164.897	2
164.931	0
165.140	2
165.175	0
165.233	0
165.373	1
165.384	2
165.628	2
165.732	2
165.744	1
165.779	0
165.860	1
165.860	2
165.895	0
166.104	1
166.104	2
166.139	0
166.197	0
166.220	1
166.220	2
166.255	0
166.348	1
166.348	2
166.580	1
166.592	2
166.615	0
166.708	1
166.742	0
166.801	0
166.835	2
166.870	0
167.079	2
167.091	1
167.172	1
167.323	2
167.532	2
167.555	2
167.671	1
167.706	0
167.764	0
167.799	2
167.845	0
167.938	1
168.043	1
168.043	2
168.124	0
168.287	1
168.287	2
168.310	1
168.403	1
168.484	1
168.530	2
168.542	0
168.554	1
168.612	0
168.681	0
168.763	2
168.786	1
168.797	0
168.914	1
168.983	1
169.006	2
169.030	1
169.041	0
169.250	2
169.494	2
169.610	1
169.645	0
169.703	0
169.738	1
169.738	2
169.761	1
169.784	0
169.854	1
169.970	2
169.993	1
170.005	0
170.017	1
170.121	0
170.156	1
170.225	1
170.225	2
170.458	2
170.701	2
170.713	1
170.736	0
170.794	0
170.852	0
170.945	2
170.969	0
171.189	2
171.433	2
171.549	1
171.572	0
171.642	0
171.665	2
171.723	0
171.909	1
171.909	2
171.944	0
172.002	0
172.153	1
172.153	2
172.397	1
172.397	2
172.420	0
172.489	0
172.524	1
172.640	2
172.675	0
172.733	0
172.884	2
172.907	0
173.116	1
173.128	2
173.372	2
173.476	1
173.476	2
173.511	0
173.604	2
173.639	0
173.848	1
173.848	2
173.883	0
173.964	2
173.999	0
174.092	1
174.092	2
174.324	1
174.335	2
174.359	0
174.417	0
174.452	1
174.486	0
174.544	0
174.579	1
174.579	2
174.602	0
174.672	0
174.811	2
174.835	1
175.055	2
175.067	1
175.299	2
175.450	0
175.508	0
175.543	2
175.787	1
175.787	2
175.810	0
175.880	0
176.042	2
176.205	1
176.263	2
176.298	0
176.356	0
176.506	2
176.541	0
176.657	1
176.750	2
176.785	0
176.982	1
177.006	2
177.238	2
177.284	1
177.389	0
177.447	0
177.482	2
177.517	0
177.714	2
177.726	1
177.749	0
177.865	0
177.958	1
177.958	2
177.993	1
178.202	2
178.213	1
178.445	2
178.469	1
178.480	0
178.561	1
178.596	0
178.689	2
178.712	0
178.794	1
178.921	1
178.945	2
179.177	2
179.293	1
179.316	0
179.386	0
179.409	2
179.455	0
179.653	2
179.664	1
179.688	0
179.746	0
179.897	1
179.908	2
180.140	2
180.164	0
180.233	0
180.384	2
180.407	0
180.616	1
180.628	2
180.651	0
180.872	2
180.883	1
180.907	1
181.104	2
181.220	1
181.220	2
181.255	0
181.359	2
181.383	0
181.592	1
181.592	2
181.615	0
181.719	2
181.743	0
181.835	1
181.835	2
182.068	1
182.079	2
182.102	0
182.161	0
182.195	1
182.230	0
182.335	2
182.346	0
182.416	0
182.555	2
182.799	1
182.811	2
183.043	2
183.159	1
183.182	0
183.252	0
183.287	2
183.333	0
183.426	0
183.519	1
183.531	2
183.542	0
183.612	0
183.763	1
183.786	2
184.007	2
184.030	0
184.099	0
184.157	1
184.169	2
184.250	1
184.250	2
184.285	0
184.355	0
184.494	2
184.529	0
184.738	2
184.982	2
185.098	1
185.121	0
185.191	0
185.226	2
185.272	0
185.458	1
185.458	2
185.493	0
185.597	0
185.702	1
185.702	2
185.945	2
186.189	1
186.189	2
186.212	0
186.270	0
186.433	2
186.456	0
186.665	1
186.677	2
186.909	2
187.025	1
187.060	0
187.118	0
187.153	2
187.188	0
187.211	0
187.397	1
187.397	2
187.431	0
187.640	1
187.652	2
187.884	2
187.907	0
187.966	0
188.000	1
188.047	0
188.116	2
188.128	1
188.151	0
188.279	0
188.372	2
188.395	0
188.604	2
188.639	1
188.720	1
188.848	2
188.964	1
188.964	2
188.999	0
189.092	2
189.103	0
189.336	1
189.336	2
189.359	0
189.428	0
189.463	2
189.486	0
189.568	1
189.568	2
189.812	1
189.812	2
189.835	0
189.904	0
189.939	1
189.962	0
190.020	0
190.055	2
190.090	0
190.160	0
190.299	2
190.543	1
190.543	2
190.787	2
190.903	1
190.938	0
190.996	0
191.031	2
191.065	0
191.263	1
191.263	2
191.298	0
191.507	1
191.518	2
191.750	1
191.750	2
191.774	0
191.878	1
191.994	1
191.994	2
192.017	0
192.099	0
192.238	2
192.261	0
192.482	1
192.482	2
192.610	1
192.714	2
192.842	1
192.865	0
192.923	0
192.958	2
193.004	0
193.202	1
193.202	2
193.236	0
193.353	0
193.445	1
193.457	2
193.689	2
193.933	1
193.933	2
193.956	0
194.014	0
194.084	0
194.165	2
194.200	0
194.409	1
194.421	2
194.653	1
194.653	2
194.769	1
194.804	0
194.862	0
194.897	2
194.955	0
195.140	2
195.164	0
195.233	0
195.291	0
195.384	2
195.617	2
195.628	1
195.640	0
195.709	0
195.744	1
195.767	1
195.872	1
195.872	2
195.895	0
195.965	0
196.011	0
196.104	2
196.139	0
196.348	2
196.360	1
196.383	1
196.592	2
196.708	1
196.708	2
196.743	0
196.836	2
196.847	0
196.952	1
197.079	1
197.079	2
197.103	0
197.195	2
197.230	0
197.312	1
197.323	2
197.335	1
197.555	1
197.555	2
197.590	0
197.648	0
197.683	1
197.706	0
197.776	0
197.811	1
197.834	0
197.892	0
198.043	2
198.287	1
198.287	2
198.531	2
198.647	1
198.670	0
198.740	0
198.809	0
199.007	1
199.007	2
199.030	0
199.100	0
199.250	1
199.262	2
199.494	1
199.494	2
199.517	0
199.587	0
199.738	2
199.761	0
199.831	0
199.982	2
200.005	0
200.214	1
200.226	2
200.458	2
200.574	2
200.586	1
200.609	0
200.702	2
200.725	0
200.945	1
200.945	2
200.980	0
201.062	2
201.096	0
201.189	2
201.305	1
201.421	1
201.433	2
201.445	0
201.514	0
201.549	1
201.642	0
201.677	1
201.677	2
201.700	0
201.758	0
201.909	2
202.165	1
202.165	2
202.397	2
202.513	1
202.536	0
202.606	0
202.652	2
202.675	0
202.884	1
202.884	2
202.908	0
202.966	0
203.128	2
203.233	1
203.360	1
203.360	2
203.384	0
203.453	0
203.523	0
203.604	1
203.604	2
203.639	0
203.848	2
203.883	0
204.103	2
204.336	2
204.452	1
204.487	0
204.579	2
204.591	0
204.812	2
204.846	0
204.916	0
204.939	2
204.974	0
205.067	1
205.067	2
205.299	1
205.299	2
205.322	0
205.415	1
205.450	0
205.543	1
205.543	2
205.566	1
205.578	0
