0.290	1
0.824	0
0.917	0
1.242	1
1.335	1
1.416	2
1.463	0
1.486	1
1.533	0
1.602	0
1.904	1
1.927	0
1.974	0
2.032	0
2.276	2
2.961	1
3.053	0
3.077	0
3.390	1
3.448	0
3.518	0
3.762	2
4.156	0
4.261	0
4.563	0
4.621	0
4.923	0
4.992	0
5.201	1
5.224	2
5.433	1
5.550	2
5.631	0
5.979	2
6.002	0
6.107	0
6.385	0
6.478	0
6.722	2
7.129	0
7.488	0
7.523	0
7.581	0
7.639	0
7.860	0
7.895	0
7.953	0
8.208	2
8.394	1
8.603	0
8.661	1
8.928	2
9.346	0
9.439	0
9.671	2
10.449	0
10.472	0
10.820	0
10.855	0
10.913	0
10.971	0
11.169	2
11.598	0
12.028	0
12.330	0
12.655	2
13.061	0
13.375	0
13.444	0
13.514	0
13.793	1
13.816	0
13.886	0
14.118	1
14.129	2
14.280	1
14.524	0
14.896	0
15.279	0
15.604	2
16.010	0
16.115	0
16.417	0
16.475	0
16.776	0
16.846	0
17.090	1
17.450	1
17.496	0
17.868	0
17.961	0
18.228	0
18.332	0
18.576	2
18.936	0
19.064	0
19.307	0
19.365	0
19.714	0
19.807	0
20.050	2
20.422	0
20.550	0
20.793	2
20.828	0
21.200	0
21.293	0
21.537	2
22.303	0
22.407	0
22.454	0
22.674	0
22.767	0
22.825	0
23.023	2
23.719	1
23.789	0
23.893	0
24.184	0
24.485	1
24.485	2
24.718	2
24.729	1
24.915	0
25.228	0
25.228	2
25.298	0
25.658	0
25.983	2
26.389	0
26.715	2
27.144	0
27.446	0
27.864	0
27.957	0
28.259	0
28.328	0
28.630	0
28.700	0
29.431	0
29.710	0
29.814	0
30.081	0
30.186	0
30.418	2
30.917	0
31.184	0
31.231	0
31.289	0
31.556	0
31.660	0
31.893	2
32.264	0
32.311	0
32.334	0
32.508	0
32.670	0
32.775	0
33.379	2
33.785	0
34.157	0
34.249	0
34.307	0
34.516	0
34.621	0
34.679	0
35.364	0
35.643	0
36.037	0
36.328	2
36.339	1
36.571	2
36.583	1
36.746	0
36.850	0
36.897	0
37.082	2
37.152	0
37.222	0
37.512	0
37.837	2
38.325	0
38.557	2
38.975	0
39.311	2
39.718	0
39.811	0
40.043	0
40.112	0
40.403	0
40.484	0
40.554	0
40.797	2
41.192	0
41.227	0
41.552	0
41.657	0
41.935	0
42.040	0
42.260	2
42.284	2
42.667	0
42.771	0
43.038	0
43.143	0
43.410	0
43.514	0
43.561	0
44.513	0
45.000	0
45.244	2
45.964	0
46.034	0
46.138	0
46.405	0
46.475	0
46.730	2
47.113	0
47.496	0
47.624	0
47.868	0
48.193	2
48.425	1
48.495	0
48.588	0
48.623	0
48.692	0
48.750	0
48.924	0
48.936	2
48.948	1
49.006	0
49.064	0
49.377	0
49.435	0
49.656	1
49.679	2
50.457	0
50.852	0
50.921	0
51.165	2
51.572	0
51.664	0
51.908	2
51.943	0
52.001	0
52.338	0
52.407	0
52.640	1
52.860	1
53.011	0
53.290	2
53.418	0
53.510	0
53.789	0
53.894	0
54.126	2
54.625	0
54.857	0
54.869	1
54.892	0
54.996	0
55.043	0
55.263	0
55.333	0
55.356	0
55.414	0
55.612	2
55.821	1
56.007	0
56.366	1
56.750	0
56.842	0
57.098	2
57.493	0
57.562	0
57.829	0
57.876	0
57.992	0
58.224	0
58.270	0
58.329	0
58.538	0
58.572	2
59.350	0
59.722	0
60.058	2
60.476	0
60.836	0
61.161	0
61.161	1
61.231	0
61.533	1
61.533	2
61.939	0
62.311	0
62.659	1
62.682	0
63.019	2
63.414	0
63.518	0
63.808	0
64.192	0
64.250	0
64.447	1
64.493	2
64.865	2
64.888	1
64.900	0
65.271	0
65.364	0
65.643	0
65.736	0
66.479	0
66.734	0
66.850	0
67.117	0
67.152	0
67.210	0
67.466	2
67.535	0
67.825	0
67.849	0
68.209	2
68.220	0
68.696	0
68.940	2
69.265	2
69.381	0
69.706	0
69.730	0
70.078	0
70.113	0
70.182	0
70.229	0
70.345	0
70.426	2
71.204	0
71.227	0
71.285	0
71.576	0
71.901	2
72.133	1
72.319	0
72.504	1
72.504	2
72.644	2
72.678	0
72.771	0
72.911	1
73.050	0
73.143	0
73.735	1
73.781	0
73.886	0
74.153	0
74.524	0
74.617	0
74.873	2
75.267	0
75.372	0
75.639	0
75.743	0
75.906	2
76.011	0
76.103	0
76.173	2
76.347	2
76.754	0
76.858	0
77.113	0
77.218	0
77.485	0
77.601	0
77.810	1
77.833	2
78.333	0
78.600	0
78.774	0
78.971	0
79.296	2
79.714	0
79.853	0
80.086	0
80.446	0
80.794	2
81.200	0
81.293	0
81.525	0
81.665	0
81.943	0
82.083	0
82.280	2
82.675	0
82.779	0
83.046	0
83.151	0
83.754	2
84.161	0
84.486	0
84.497	2
84.869	1
84.904	0
84.997	0
85.240	2
85.960	2
85.972	0
86.007	0
86.378	0
86.483	0
86.703	2
86.727	2
87.121	0
87.214	0
87.493	0
87.586	0
87.853	0
87.957	0
88.038	0
88.201	2
88.607	0
88.967	0
89.072	0
89.350	0
89.443	0
89.629	0
89.675	2
90.082	0
90.186	0
90.453	0
90.825	0
91.521	0
91.556	0
91.661	0
91.928	0
91.951	0
92.264	0
92.404	0
92.636	2
93.042	0
93.147	0
93.414	0
93.518	0
93.797	0
94.528	0
94.900	0
94.993	0
95.271	0
95.597	1
95.597	2
95.829	2
95.840	1
96.015	0
96.409	0
96.479	0
96.746	0
96.816	0
96.885	2
97.489	0
98.232	0
98.569	2
98.975	0
99.068	0
99.300	2
99.335	0
99.439	0
99.544	1
99.718	0
99.811	0
100.032	2
100.043	1
100.275	2
100.287	1
100.450	0
100.554	0
100.647	1
100.821	0
100.891	0
101.193	0
101.518	1
101.518	2
101.541	2
101.924	0
102.028	0
102.249	2
102.272	1
102.296	0
102.621	2
102.679	0
102.992	1
102.992	2
103.050	0
103.143	0
104.107	2
104.118	0
104.165	0
107.253	2
107.265	1
107.346	2
107.357	1
107.439	2
108.066	1
108.147	1
108.251	0
108.553	1
108.635	0
108.704	0
108.948	2
109.343	0
109.679	2
109.726	0
110.039	0
110.109	0
110.829	0
110.922	0
111.154	0
111.212	0
111.514	0
111.595	0
111.665	0
111.885	1
111.897	2
112.129	1
112.640	2
112.663	0
112.779	0
113.046	0
113.151	0
113.383	2
114.149	0
114.254	0
114.312	0
114.521	0
114.625	0
114.869	2
115.275	0
115.647	0
115.833	1
116.007	0
116.111	0
116.344	2
116.750	0
117.110	0
117.214	0
117.272	0
117.481	0
117.586	0
117.830	2
118.236	0
118.608	0
118.991	0
119.316	2
119.710	0
119.745	0
119.803	0
119.943	0
120.082	1
120.117	0
120.477	0
120.755	1
120.802	2
120.918	1
121.940	0
122.265	2
122.683	0
122.776	0
123.077	0
123.147	0
123.437	0
123.751	2
124.122	0
124.157	0
124.529	0
124.633	0
124.900	0
124.958	1
125.005	0
125.237	2
125.736	0
125.945	2
126.003	0
126.038	0
126.108	0
126.375	0
126.444	0
126.479	0
126.526	0
126.723	2
127.501	0
127.861	0
127.954	0
128.197	2
128.627	0
128.987	0
129.370	0
129.440	0
129.683	2
130.078	0
130.183	0
130.380	1
130.450	0
130.543	0
130.786	0
130.856	0
131.146	1
131.146	2
131.390	1
131.390	2
131.553	0
131.657	0
131.715	0
131.796	0
131.889	2
131.971	0
132.040	0
132.331	0
133.050	0
133.410	0
133.515	0
133.817	0
134.095	0
134.525	0
134.629	0
134.861	0
134.931	0
135.256	0
135.303	0
135.361	0
136.104	0
136.371	0
136.475	0
136.754	0
136.777	0
136.847	0
137.091	2
137.497	0
137.857	0
137.892	0
137.950	0
138.228	0
138.321	0
138.379	0
139.308	2
139.331	0
139.807	0
140.040	2
140.446	0
140.817	0
140.922	0
141.189	0
141.224	0
141.282	0
141.967	0
142.245	0
142.245	1
142.315	0
142.687	0
143.000	1
143.000	2
143.070	0
143.244	1
143.244	2
143.406	0
143.511	0
143.743	2
143.755	0
143.824	0
144.184	0
144.498	2
145.647	0
145.984	2
146.379	0
146.471	0
146.773	0
147.145	0
147.215	0
147.458	2
147.865	0
147.888	0
148.062	0
148.225	0
148.329	0
148.550	0
148.608	0
148.701	0
148.944	2
149.339	0
149.711	0
149.804	0
149.862	0
150.082	0
150.175	0
150.233	0
150.314	0
150.814	0
151.162	2
151.185	0
151.290	0
151.661	0
151.905	2
152.102	0
152.335	0
152.671	0
152.776	0
152.822	0
153.043	0
153.136	0
153.194	0
153.786	0
154.157	0
154.529	0
154.842	1
154.854	2
155.098	1
155.260	0
155.283	0
155.365	0
155.504	0
155.597	2
155.667	0
156.038	0
156.108	0
156.352	2
156.758	0
156.781	0
157.129	0
157.524	0
157.547	1
157.582	0
157.826	2
158.232	0
158.325	0
158.627	0
158.697	0
158.999	0
159.068	0
159.300	2
159.312	1
159.707	0
160.009	1
160.090	0
160.183	0
160.450	0
160.554	0
160.601	2
160.798	2
161.205	0
161.553	0
161.657	0
161.715	0
161.924	0
162.029	0
162.087	0
162.284	2
163.051	0
163.074	0
163.422	0
163.515	0
163.747	2
164.153	0
164.223	0
164.490	0
164.548	0
164.897	0
164.931	0
164.989	0
165.245	2
165.605	0
165.640	0
165.999	0
166.104	0
166.394	0
166.719	2
167.114	0
167.219	0
167.439	1
167.497	0
167.613	0
167.811	0
167.845	1
167.892	0
168.205	2
168.600	0
168.635	0
168.925	1
169.308	0
169.320	1
169.366	0
169.668	2
170.086	0
170.179	0
170.481	0
170.852	0
170.922	0
171.143	1
171.398	1
171.526	0
171.595	0
171.932	0
172.037	0
172.304	0
172.408	0
172.652	2
173.140	0
173.407	0
173.511	0
173.569	0
173.778	0
173.883	0
174.126	2
174.893	0
175.276	0
175.369	0
175.601	2
176.042	0
176.344	0
176.402	0
176.472	0
176.739	0
176.774	0
176.843	0
176.901	0
177.099	2
177.482	0
177.586	0
177.865	0
178.236	0
178.573	2
178.968	0
179.072	0
179.293	2
179.339	0
179.444	0
