0.058	0
0.290	1
0.511	1
0.755	2
0.766	1
0.778	0
0.824	0
1.242	1
1.463	2
1.486	0
1.521	0
1.927	0
2.159	2
2.183	0
3.599	1
3.704	1
4.296	1
4.540	1
4.540	2
4.551	0
5.016	1
5.248	0
5.248	2
5.724	0
5.944	2
5.968	0
6.908	2
7.105	2
7.314	2
7.372	1
7.465	1
8.324	0
8.777	1
9.009	0
9.009	2
9.520	0
9.578	0
9.706	2
9.741	0
11.157	1
11.401	1
11.656	0
11.889	0
11.935	0
12.121	0
12.585	1
12.806	2
12.817	0
13.317	0
13.526	2
13.537	0
14.721	1
14.954	1
15.197	1
15.418	1
15.418	2
15.662	1
15.906	0
16.138	2
16.370	0
16.382	1
16.405	2
16.614	2
16.846	0
16.858	2
17.078	2
17.113	0
17.310	1
17.322	2
17.775	0
17.786	2
18.030	2
18.262	1
18.297	2
18.495	2
18.727	0
18.739	2
18.971	2
19.191	1
19.226	2
19.423	2
19.656	2
19.667	0
20.143	1
20.167	2
20.364	2
20.399	1
20.619	0
20.631	2
20.852	2
21.072	1
21.107	2
21.293	2
21.548	2
21.560	0
21.780	2
22.013	1
22.047	2
22.245	2
22.489	2
22.500	0
22.732	0
22.744	2
22.965	1
22.976	2
23.197	0
23.197	2
23.429	0
23.917	1
23.940	2
24.149	2
24.404	0
24.404	2
24.636	2
24.869	1
24.892	2
25.112	2
25.356	0
25.356	2
25.577	2
25.797	1
25.821	2
26.030	2
26.285	0
26.285	2
26.517	2
26.749	1
26.784	1
26.982	2
27.225	0
27.237	2
27.469	2
27.690	1
27.922	2
28.154	0
28.166	2
28.398	2
28.653	1
28.665	2
28.874	2
29.118	0
29.129	2
29.362	2
29.594	1
29.605	0
29.617	2
29.803	2
30.058	0
30.058	2
30.093	0
30.279	1
30.523	1
30.557	1
30.766	0
30.975	2
31.010	0
31.486	1
31.498	2
31.533	1
31.684	2
31.939	1
31.951	2
31.962	0
32.183	2
32.415	1
32.427	0
32.450	2
32.636	2
32.659	0
32.891	0
32.891	2
33.135	2
33.355	0
33.367	1
33.390	2
33.588	2
33.843	0
33.843	2
34.075	2
34.307	1
34.331	2
34.354	1
34.540	2
34.795	0
34.795	2
35.027	2
35.201	2
35.260	1
35.294	1
35.294	2
35.492	2
35.736	0
35.736	2
35.921	2
35.979	0
36.200	1
36.223	2
36.409	2
36.664	0
36.676	2
36.908	2
37.129	1
37.152	0
37.164	2
37.605	0
37.616	2
38.081	1
38.104	2
38.127	1
38.325	2
38.336	0
38.568	2
38.580	0
38.812	2
39.044	1
39.056	2
39.265	2
39.439	2
39.509	0
39.520	2
39.706	2
39.985	1
40.008	2
40.217	2
40.461	2
40.472	0
40.705	2
40.937	1
40.960	2
41.157	2
41.401	0
41.401	2
41.866	1
41.889	2
42.342	0
42.342	2
42.365	1
42.574	2
42.806	1
42.829	2
43.038	2
43.282	0
43.294	2
43.526	2
43.712	2
43.758	1
43.781	2
43.990	2
44.234	0
44.246	2
44.466	2
44.698	1
44.722	2
44.931	2
45.163	0
45.174	2
45.418	2
45.639	1
45.662	2
45.883	2
45.894	0
46.126	0
46.591	1
46.614	0
46.614	1
46.626	2
46.765	2
46.823	2
47.067	0
47.067	2
47.241	2
47.485	2
47.543	1
47.566	0
48.019	0
48.030	2
48.251	2
48.483	1
48.506	2
48.704	2
48.959	0
48.971	2
49.203	2
49.435	1
49.459	2
49.656	2
49.911	0
49.911	2
50.132	2
50.376	1
50.399	2
50.585	2
50.782	2
50.840	0
50.852	2
51.316	1
51.339	2
51.537	2
51.792	0
51.792	2
52.024	2
52.257	1
52.280	1
52.280	2
52.489	2
52.733	0
52.733	2
52.976	2
52.988	0
53.209	1
53.232	2
53.441	2
53.452	0
53.685	2
53.696	0
53.940	2
54.161	1
54.184	2
54.370	2
54.637	0
54.637	2
54.764	2
54.869	2
55.089	1
55.124	2
55.333	2
55.577	0
55.589	2
55.821	2
56.041	0
56.041	1
56.076	2
56.517	2
56.529	0
56.750	2
56.982	1
57.017	2
57.214	2
57.458	0
57.458	2
57.690	2
57.922	1
57.945	2
58.154	2
58.398	0
58.410	2
58.630	2
58.863	1
58.886	1
58.886	2
59.095	2
59.339	0
59.350	2
59.582	2
59.815	1
59.838	2
60.035	2
60.291	2
60.302	0
60.534	1
60.743	2
60.755	1
60.999	0
61.243	0
61.707	1
61.730	2
61.928	2
62.183	0
62.183	2
62.415	2
62.659	1
62.682	2
62.880	2
62.903	0
63.135	0
63.135	2
63.367	2
63.599	1
63.634	2
63.820	2
64.064	2
64.075	0
64.284	2
64.528	1
64.563	2
65.004	0
65.016	2
65.236	2
65.480	1
65.515	2
65.689	2
65.956	2
65.968	0
66.421	1
66.456	2
66.653	2
66.897	0
66.908	2
67.140	2
67.361	1
67.396	2
67.593	2
67.837	2
67.860	0
68.093	2
68.104	0
68.325	1
68.348	2
68.545	2
68.569	0
68.801	0
69.010	2
69.277	1
69.288	2
69.497	2
69.741	2
69.753	0
69.822	0
70.217	1
70.240	2
70.438	2
70.670	0
70.682	2
70.914	2
71.146	1
71.169	2
71.378	2
71.610	2
71.634	0
71.645	1
71.866	2
71.877	0
72.098	1
72.121	2
72.307	2
72.342	0
72.551	2
72.806	2
72.829	0
73.050	1
73.062	2
73.259	2
73.271	0
73.503	2
73.747	2
73.758	0
73.979	0
73.979	1
73.990	2
74.199	2
74.234	0
74.443	2
74.675	2
74.699	0
74.931	1
74.942	2
74.954	1
75.140	2
75.175	0
75.395	2
75.651	0
75.651	2
75.894	1
76.115	1
76.220	1
76.347	0
76.777	2
76.846	1
76.858	2
77.055	2
77.288	0
77.299	2
77.531	0
77.531	2
77.764	1
77.798	2
77.996	2
78.240	0
78.240	2
78.472	2
78.704	1
78.948	2
79.180	1
79.424	1
79.552	1
79.772	1
79.877	1
79.993	1
80.016	1
80.120	0
80.341	2
80.608	1
80.829	2
81.072	0
81.072	2
81.328	0
81.328	2
81.560	1
81.583	1
82.024	0
82.024	2
82.268	2
82.489	1
82.965	2
82.988	0
83.209	2
83.220	0
83.453	1
83.673	2
83.708	1
83.917	0
83.917	2
84.149	2
84.381	1
84.846	0
84.846	2
85.090	2
85.101	0
85.322	1
85.566	2
85.809	0
86.042	2
86.274	1
86.494	2
86.738	2
86.750	0
86.994	0
86.994	2
87.214	1
87.446	0
87.690	2
87.702	0
88.155	1
88.387	2
88.631	0
88.631	2
88.886	0
88.886	2
89.107	1
89.571	0
89.606	2
89.803	2
90.047	1
90.198	2
90.268	2
90.523	2
90.535	0
90.755	2
90.778	0
90.999	1
91.475	0
91.719	2
91.939	1
92.415	2
92.427	0
92.659	2
92.671	0
92.740	0
92.880	1
93.124	0
93.124	2
93.356	2
93.367	0
93.600	2
93.611	0
93.843	1
94.064	2
94.296	2
94.319	0
94.424	1
94.528	1
94.749	2
94.761	1
95.016	1
95.121	1
95.260	0
95.469	2
95.713	1
95.956	2
96.189	2
96.212	0
96.432	2
96.467	0
96.688	1
96.920	0
97.141	0
97.141	2
97.384	2
97.617	1
97.698	1
97.837	2
98.081	0
98.313	2
98.325	0
98.557	1
99.033	0
99.277	2
99.463	2
99.498	1
99.974	0
100.194	2
100.217	0
100.287	0
100.438	1
100.670	2
100.926	0
101.146	2
101.378	1
101.402	1
101.611	2
101.854	2
101.878	0
102.110	0
102.110	2
102.330	1
102.563	2
102.586	0
102.772	2
102.830	0
103.039	2
103.306	1
103.503	2
103.758	0
103.758	2
104.002	2
104.014	0
104.223	1
104.455	2
104.710	0
104.722	2
104.943	2
104.954	0
105.163	1
105.395	2
105.604	1
105.639	2
105.651	0
105.720	0
105.883	2
105.906	0
105.964	0
106.115	1
106.138	2
106.580	0
106.812	2
107.056	1
107.288	2
107.508	1
107.961	2
108.251	0
108.484	2
108.495	0
108.925	2
109.679	0
109.877	2
109.888	1
109.935	1
110.353	0
110.597	2
110.840	1
110.864	1
111.061	2
111.096	1
111.305	2
111.316	0
111.549	0
111.560	2
111.792	1
112.048	0
112.257	0
112.268	2
112.292	0
112.501	2
112.721	1
112.744	1
112.953	2
113.197	2
113.209	0
113.441	2
113.453	0
113.522	0
113.638	2
113.673	1
114.149	0
114.207	0
114.381	2
114.614	1
114.846	2
115.090	2
115.101	0
115.322	1
115.334	2
115.345	0
115.566	1
116.042	0
116.100	0
116.274	2
116.506	1
116.529	2
116.727	2
116.971	2
116.994	0
117.087	1
117.203	1
117.354	1
117.447	1
117.667	0
117.899	2
117.923	0
118.340	2
118.387	1
118.410	2
118.608	2
118.875	2
118.886	0
118.921	0
119.118	2
119.293	2
119.362	1
119.827	0
119.827	2
120.059	2
120.291	1
120.314	2
120.512	2
120.767	2
120.779	0
120.999	2
121.231	1
121.266	2
121.475	2
121.498	0
121.719	0
121.719	2
121.777	0
121.951	2
122.183	1
122.207	2
122.520	2
122.659	0
122.671	2
122.776	2
122.892	2
123.124	1
123.159	2
123.356	2
123.611	0
123.611	2
123.669	0
123.844	2
124.064	1
124.087	0
124.099	2
124.111	1
124.296	2
124.540	0
124.552	2
124.784	2
125.005	1
125.028	2
125.237	2
125.272	0
125.492	2
125.504	0
125.736	2
125.957	1
125.991	2
126.177	2
126.433	0
126.444	2
126.665	2
126.909	1
126.920	2
127.141	2
127.385	0
127.396	2
127.617	2
127.837	1
127.872	1
127.884	2
128.070	2
128.337	0
128.337	2
128.569	2
128.789	1
128.824	2
129.033	2
129.277	0
129.289	2
129.509	2
129.741	1
129.765	2
129.962	2
130.206	0
130.229	2
130.450	2
130.670	1
130.705	1
130.705	2
130.902	2
131.146	0
131.158	2
131.390	2
131.634	1
131.646	2
131.866	2
131.878	0
132.110	1
132.110	2
132.331	2
132.342	1
132.435	2
132.690	1
133.039	0
133.271	2
133.526	1
133.550	2
133.747	2
133.782	0
133.991	0
133.991	2
134.223	2
134.467	1
134.490	2
134.699	2
134.920	0
134.943	2
134.966	0
135.175	2
135.407	1
135.430	2
135.639	2
135.872	0
135.883	2
136.115	2
136.313	2
136.348	1
136.359	0
136.371	2
136.580	2
136.603	0
136.835	0
136.835	2
137.067	2
137.300	1
137.323	2
137.520	2
137.776	0
137.776	2
137.996	2
138.228	1
138.263	2
138.472	2
138.716	0
138.716	2
138.774	0
138.948	2
139.180	1
139.215	2
139.413	2
139.656	2
139.668	0
139.900	2
139.912	0
140.144	1
140.156	2
140.365	2
140.376	0
140.585	2
140.620	0
140.841	2
141.073	1
141.108	2
141.305	2
141.549	0
141.549	2
141.607	0
141.769	2
142.013	1
142.036	2
142.234	2
142.478	0
142.489	2
142.721	2
142.954	1
142.988	2
143.174	2
143.406	1
143.430	2
143.441	0
143.673	0
143.906	1
143.906	2
144.115	2
144.149	0
144.370	0
144.382	2
144.625	2
144.637	0
144.695	0
144.823	0
144.869	1
144.869	2
145.067	2
145.101	0
145.310	0
145.322	2
145.566	2
145.578	0
145.798	0
145.798	1
145.821	2
146.019	2
146.042	0
146.262	2
146.506	0
146.506	2
146.739	1
146.750	2
146.947	2
146.982	0
147.203	0
147.203	2
147.458	2
147.470	0
147.691	2
147.702	1
147.865	1
147.923	1
148.027	1
148.155	0
148.387	2
148.573	2
148.631	1
148.852	2
149.095	2
149.107	0
149.339	0
149.339	2
149.571	1
149.804	2
149.931	1
150.047	2
150.059	0
150.117	2
150.280	1
150.407	1
150.489	2
150.500	1
150.732	2
150.756	1
150.988	1
151.011	0
151.115	1
151.243	1
151.452	2
151.475	0
151.475	1
151.684	0
151.719	1
151.754	1
151.940	0
152.427	0
152.439	1
152.451	2
152.648	2
152.776	1
152.892	0
152.903	2
152.927	1
153.124	0
153.136	2
153.194	0
153.391	1
153.391	2
153.600	2
153.612	0
153.832	0
153.844	2
154.076	2
154.308	1
154.343	2
154.540	2
154.784	0
154.784	2
155.016	0
155.016	2
155.249	1
155.481	2
155.504	1
155.725	0
155.968	2
156.201	1
156.317	2
156.421	2
156.665	2
156.677	0
156.909	0
156.909	2
156.979	0
157.141	1
157.373	2
157.605	2
157.617	0
157.838	2
158.070	1
158.093	2
158.302	2
158.557	2
158.569	0
158.801	0
158.801	2
159.022	1
159.057	2
159.254	2
159.266	0
159.498	0
159.695	1
159.730	2
159.962	1
160.194	2
160.450	2
160.461	0
160.694	2
160.705	0
160.763	0
160.926	1
160.961	2
161.158	2
161.390	0
161.414	2
161.634	2
161.855	1
162.087	2
162.342	0
162.354	2
162.575	0
162.575	2
162.795	1
163.027	2
163.283	0
163.283	2
163.341	0
163.503	2
163.968	2
164.223	2
164.235	0
164.467	2
164.479	0
164.688	0
164.688	1
164.734	2
164.931	2
165.175	0
165.175	2
165.245	0
165.407	2
165.640	1
165.674	0
165.674	1
165.872	2
165.895	0
166.116	1
166.116	2
166.371	1
166.475	1
166.568	2
166.592	1
166.708	1
166.928	1
167.021	1
167.056	0
167.091	1
167.288	2
167.532	1
167.555	2
167.753	2
167.996	2
168.020	0
168.240	2
168.252	0
168.472	1
168.496	2
168.705	2
168.716	0
168.937	0
168.960	2
169.181	2
169.424	1
169.645	2
169.889	2
169.912	0
170.144	2
170.156	0
170.365	1
170.609	2
170.852	0
170.852	2
170.910	0
171.085	2
171.305	1
171.770	2
171.793	0
172.013	2
172.025	0
172.095	0
172.246	1
172.478	2
172.722	0
172.954	2
173.186	1
173.418	2
173.662	2
173.685	0
173.906	2
173.917	0
174.150	1
174.393	0
174.637	0
174.858	2
175.102	1
175.311	2
175.554	2
175.589	0
175.624	0
175.798	2
175.833	0
176.042	1
176.077	2
176.147	1
176.274	2
176.286	0
176.506	2
176.518	0
176.576	0
176.774	1
176.971	1
177.203	2
177.447	2
177.459	0
177.691	2
177.702	0
177.772	0
178.120	1
178.155	2
178.643	2
178.863	1
179.096	2
179.351	0
179.583	2
179.815	1
180.048	1
180.152	1
180.268	2
180.291	0
181.487	0
181.673	2
181.685	1
181.719	1
181.940	0
182.172	0
182.404	2
182.648	0
182.648	1
182.857	2
182.880	0
183.055	0
183.124	2
183.356	0
183.368	2
183.403	0
183.589	1
183.809	2
184.053	0
184.088	2
184.297	2
184.517	1
184.750	2
184.889	1
184.982	2
184.993	0
185.226	1
185.435	2
185.458	1
185.713	1
185.806	1
185.911	2
185.934	0
186.178	2
186.398	0
186.398	1
186.410	2
186.456	0
186.619	2
186.642	0
186.851	0
186.874	2
187.118	0
187.130	2
187.188	0
187.327	0
187.362	1
187.594	2
187.606	0
187.826	1
188.070	1
188.175	1
188.291	1
188.662	1
188.778	1
188.883	1
189.231	2
189.486	1
189.742	0
189.951	2
190.206	1
190.450	2
190.682	2
190.705	0
190.926	2
190.938	0
191.158	1
191.402	2
191.634	0
191.878	2
192.087	1
192.319	2
192.563	2
192.575	0
192.807	2
192.819	0
193.039	1
193.271	2
193.503	0
193.562	0
193.747	2
193.968	1
194.096	1
194.200	2
194.467	0
194.699	0
194.920	1
195.024	1
195.152	2
195.408	0
195.640	2
195.860	1
196.104	2
196.336	2
196.371	0
196.580	2
196.603	0
196.812	1
197.056	1
197.265	2
197.288	0
197.509	2
197.753	1
197.985	2
198.240	0
198.473	0
198.473	2
198.716	1
198.949	2
199.181	0
199.239	0
199.425	2
199.645	1
200.121	2
200.133	0
200.365	2
200.377	0
200.609	1
200.841	2
201.073	0
201.073	2
201.549	1
201.770	2
202.014	0
202.048	0
202.257	0
202.269	2
202.490	1
202.722	2
202.977	0
203.198	2
203.418	1
203.442	1
203.546	1
203.871	2
203.894	1
203.918	1
204.115	0
204.336	2
204.370	0
204.603	1
204.846	2
204.858	0
205.113	2
205.357	2
205.578	0
205.589	2
205.798	2
206.031	2
206.251	1
206.286	2
206.495	2
206.739	0
206.739	2
206.797	0
206.971	2
207.157	0
207.203	2
207.447	0
207.447	2
207.679	2
207.923	2
208.167	1
208.202	2
208.411	2
208.643	2
208.655	0
208.875	2
209.061	0
209.107	2
209.351	2
209.374	0
209.432	0
209.583	2
209.653	2
209.804	2
210.036	1
210.059	2
210.257	2
210.524	2
210.535	0
210.593	0
210.756	2
210.965	0
211.000	2
211.232	2
211.244	0
211.302	0
211.464	0
211.464	2
211.696	0
211.696	2
211.743	0
211.929	1
211.929	2
212.172	0
212.381	2
212.416	0
212.648	2
212.881	1
213.113	2
213.357	0
213.589	2
213.600	0
213.833	1
213.995	1
214.065	2
214.297	0
214.761	1
214.994	2
215.249	0
215.470	0
215.481	2
215.702	1
216.050	2
216.189	0
216.247	0
216.445	2
216.654	1
216.886	2
217.130	0
217.362	0
217.362	2
217.594	1
217.838	2
217.850	0
218.082	0
218.546	1
218.767	2
219.022	0
219.243	1
219.463	1
219.475	2
219.696	2
219.719	0
219.939	2
219.951	0
220.404	2
221.158	0
221.379	1
221.425	1
221.611	1
221.646	0
221.832	1
221.867	0
221.878	2
222.087	1
222.319	2
222.807	1
222.807	2
223.028	2
223.039	1
223.144	1
223.260	1
223.388	1
223.597	1
223.747	0
223.980	2
224.212	1
224.456	2
224.467	0
224.688	2
224.700	0
224.943	0
225.164	1
225.176	0
225.396	2
225.640	0
225.640	2
225.884	2
226.104	1
226.592	2
226.604	0
226.824	0
227.045	1
227.521	2
227.532	0
227.765	2
227.985	1
228.090	1
228.473	0
228.542	0
228.705	0
228.775	0
228.937	1
229.181	2
229.413	0
229.645	2
229.866	1
229.901	1
230.110	2
230.354	2
230.377	0
230.586	0
230.597	2
230.830	1
231.073	2
231.306	0
231.306	2
231.770	1
232.002	2
232.246	2
232.258	0
232.478	2
232.490	0
232.722	1
232.803	1
232.931	0
232.954	2
233.198	0
233.233	2
233.256	0
233.430	2
233.662	1
233.686	1
234.138	2
234.162	0
234.382	0
234.591	2
234.614	1
234.696	1
234.847	2
235.079	0
235.323	2
235.497	2
235.555	1
235.775	2
236.019	2
236.031	0
236.263	0
236.263	2
236.495	1
236.727	2
236.971	0
236.971	2
237.203	0
237.215	2
237.436	1
237.668	2
237.691	0
237.912	2
237.923	0
237.981	0
238.039	1
238.376	0
238.376	2
238.411	1
238.585	0
238.608	2
238.620	1
238.736	1
238.864	0
239.107	2
239.154	1
239.340	1
239.572	2
239.816	2
239.851	0
239.909	0
240.060	2
240.083	0
240.292	1
240.477	0
240.501	0
240.512	2
240.744	0
240.988	2
241.209	0
241.220	1
241.453	2
241.697	0
241.755	0
241.917	0
241.929	2
242.161	1
242.254	1
242.393	2
242.637	0
242.637	2
243.101	1
243.334	2
243.589	0
243.833	0
243.833	2
244.053	1
244.146	1
244.297	2
244.529	0
244.773	2
244.994	1
245.470	0
245.714	2
245.725	0
245.911	2
245.946	1
246.050	1
246.097	1
246.190	0
246.259	0
246.422	0
246.654	2
246.886	1
247.118	2
247.362	0
247.409	0
247.594	2
247.618	0
247.838	1
248.070	2
248.314	0
248.372	0
248.546	2
248.779	1
248.999	2
249.243	2
249.266	0
249.452	1
249.475	0
249.487	2
249.696	2
249.719	1
249.951	2
250.195	2
250.207	0
250.671	1
250.892	2
250.938	1
251.135	1
251.344	2
251.716	1
252.064	2
252.087	0
252.552	2
253.272	0
253.481	1
253.748	0
253.945	2
253.980	0
254.050	0
254.200	2
254.433	1
254.665	2
254.909	2
254.932	0
255.152	0
255.152	2
255.222	0
255.385	1
255.582	0
255.617	2
255.675	1
255.861	0
256.104	2
256.313	2
256.325	0
256.337	1
256.557	2
256.801	2
256.813	0
256.871	0
257.045	0
257.045	2
257.103	0
257.254	2
257.277	1
257.474	0
257.498	0
257.521	2
257.765	0
257.997	2
258.218	0
258.229	1
258.252	1
258.461	2
258.717	0
258.949	0
258.949	2
259.170	1
259.413	2
259.646	0
260.110	1
260.110	2
260.598	0
260.830	2
260.841	0
261.039	2
261.050	1
261.283	2
261.294	0
261.329	0
261.526	0
261.584	0
261.770	2
262.002	1
262.223	2
262.490	0
262.734	0
262.792	0
262.943	1
263.187	2
263.430	0
263.663	2
263.883	1
264.115	2
264.382	0
264.603	2
264.615	0
264.835	1
265.079	2
265.323	0
265.323	2
265.381	0
265.555	2
265.776	1
265.996	1
266.252	2
266.263	0
266.495	2
266.507	0
266.716	1
267.192	1
267.308	1
267.424	1
267.622	2
267.865	2
268.585	2
268.597	1
268.887	0
269.108	2
269.131	0
