0.093	2
0.325	2
0.453	2
0.569	2
0.813	2
0.929	2
1.045	2
1.161	2
1.289	2
1.521	2
1.765	2
1.892	2
2.009	2
2.252	2
2.368	2
2.485	2
2.728	2
2.856	2
2.972	2
3.088	2
3.448	2
3.692	2
3.808	2
3.924	2
4.168	2
4.296	2
4.412	2
4.772	2
4.888	2
5.004	2
5.132	2
5.364	2
5.735	2
5.851	2
6.095	2
6.211	2
6.327	2
6.571	2
6.687	2
6.803	2
6.931	2
7.047	2
7.291	2
7.651	2
7.767	2
7.779	0
8.011	2
8.127	2
8.243	1
8.243	2
8.255	0
8.487	2
8.615	2
8.731	2
8.742	0
8.847	2
9.207	2
9.218	0
9.451	2
9.567	2
9.683	2
9.706	0
9.938	2
10.054	2
10.170	2
10.182	0
10.530	2
10.646	2
10.658	0
10.762	2
10.890	2
11.122	2
11.134	0
11.366	2
11.494	2
11.598	1
11.610	2
11.622	0
11.854	2
11.970	2
12.086	2
12.098	0
12.446	2
12.562	1
12.574	0
12.574	2
12.690	2
12.806	2
13.038	1
13.050	2
13.061	0
13.410	2
13.514	1
13.526	2
13.537	0
13.769	2
13.897	2
14.002	2
14.013	0
14.373	2
14.489	2
14.512	0
14.605	2
14.733	2
14.965	2
14.988	0
15.209	2
15.325	2
15.453	0
15.464	1
15.708	0
16.417	0
16.660	0
16.672	1
17.125	1
17.136	0
17.612	2
17.856	0
18.808	2
18.820	0
19.052	1
19.180	1
19.284	2
19.296	0
19.528	2
19.644	2
19.772	2
19.783	0
20.004	2
20.132	2
20.236	1
20.248	2
20.259	0
20.364	2
20.724	2
20.735	0
21.095	2
21.200	1
21.211	2
21.223	0
21.455	2
21.571	2
21.687	2
21.699	0
21.931	2
22.163	1
22.163	2
22.187	0
22.291	2
22.407	2
22.651	2
22.663	0
23.011	2
23.115	1
23.127	2
23.139	0
23.371	2
23.487	2
23.603	2
23.615	0
23.626	1
23.975	2
24.091	2
24.102	0
24.207	2
24.242	1
24.567	2
24.578	0
24.811	2
24.927	2
25.043	2
25.054	0
25.287	2
25.414	2
25.530	0
25.530	2
25.890	2
26.006	2
26.018	0
26.122	2
26.250	2
26.482	2
26.494	0
26.854	2
26.958	1
26.970	2
26.982	0
27.214	2
27.330	2
27.446	2
27.458	0
27.690	2
27.818	2
27.922	2
27.945	0
28.050	2
28.410	2
28.421	0
28.770	2
28.886	2
28.897	0
29.129	2
29.373	0
29.373	2
29.733	2
29.849	2
29.861	0
29.965	2
30.325	2
30.337	0
30.697	2
30.813	2
30.824	0
31.045	2
31.173	2
31.289	2
31.300	0
31.300	1
31.649	2
31.753	1
31.765	2
31.777	0
31.881	2
32.009	2
32.253	0
32.253	2
32.612	2
32.717	1
32.729	2
32.752	0
32.972	2
33.088	2
33.205	2
33.216	0
33.228	1
33.576	2
33.692	2
33.704	0
33.808	2
34.168	2
34.180	0
34.180	1
34.412	2
34.528	2
34.644	2
34.667	0
34.888	2
35.132	0
35.132	2
35.492	2
35.608	2
35.619	0
35.724	2
35.968	2
36.084	2
36.095	0
36.328	2
36.455	2
36.560	1
36.571	2
36.583	0
36.815	2
36.931	2
37.047	2
37.059	0
37.291	1
37.291	2
37.407	2
37.523	2
37.547	0
37.640	2
38.011	0
38.011	2
38.255	1
38.371	2
38.487	2
38.499	0
38.731	2
38.847	2
38.963	2
38.975	0
39.335	2
39.451	2
39.462	0
39.567	2
39.671	2
39.927	2
39.938	0
40.171	2
40.287	2
40.403	2
40.426	0
40.647	2
40.774	2
40.890	2
40.914	0
41.250	2
41.366	2
41.378	0
41.482	2
41.854	0
41.854	2
41.877	0
42.214	2
42.318	1
42.330	2
42.353	0
42.574	2
42.690	2
42.806	2
42.818	0
42.829	1
42.841	0
43.050	2
43.166	2
43.282	1
43.282	2
43.305	0
43.410	2
43.770	1
43.770	2
43.793	0
44.141	2
44.246	1
44.246	2
44.257	0
44.489	2
44.606	2
44.733	2
44.756	0
44.965	2
45.093	2
45.209	2
45.221	0
45.325	2
45.685	2
45.697	0
45.708	1
45.720	0
45.917	2
45.941	1
46.057	2
46.161	1
46.161	2
46.184	0
46.405	2
46.533	2
46.649	2
46.660	1
46.893	0
47.009	2
47.125	2
47.241	2
47.380	0
47.392	1
47.613	1
47.613	2
47.845	1
47.856	0
47.972	2
48.089	2
48.100	0
48.332	0
48.332	2
48.356	0
48.448	2
48.565	2
48.808	2
48.924	2
49.052	2
49.064	1
49.168	2
49.296	0
49.528	2
49.540	1
49.749	2
49.784	0
49.888	2
50.004	2
50.016	0
50.248	2
50.376	2
50.492	0
50.492	2
50.852	2
50.968	2
50.979	0
51.084	2
51.444	2
51.455	0
51.688	2
51.931	2
51.943	0
52.175	2
52.291	2
52.407	2
52.419	0
52.779	2
52.883	1
52.883	2
52.907	0
53.000	2
53.371	0
53.371	2
53.731	2
53.847	1
53.847	2
53.870	0
54.091	2
54.219	2
54.335	0
54.335	2
54.346	1
54.567	2
54.695	2
54.811	2
54.822	0
54.927	2
55.055	2
55.287	2
55.298	0
55.322	1
55.531	2
55.647	2
55.763	2
55.774	0
56.007	2
56.134	2
56.250	0
56.250	2
56.262	1
56.494	2
56.610	2
56.726	2
56.750	0
56.842	2
56.970	2
57.202	2
57.226	0
57.446	2
57.458	1
57.574	1
57.574	2
57.678	1
57.690	2
57.702	0
57.934	2
58.050	2
58.166	2
58.189	0
58.189	1
58.410	2
58.526	2
58.642	2
58.665	0
58.770	2
58.886	2
59.130	2
59.141	0
59.362	2
59.490	2
59.606	2
59.617	0
59.849	2
60.082	2
60.093	0
60.105	1
60.325	2
60.453	2
60.558	1
60.569	2
60.581	0
60.685	2
61.045	2
61.057	0
61.068	1
61.289	2
61.417	2
61.521	2
61.544	0
62.009	2
62.020	0
62.253	2
62.369	2
62.473	1
62.485	2
62.508	0
62.601	2
62.729	2
62.973	2
62.984	0
63.332	2
63.437	1
63.449	2
63.460	0
63.692	2
63.808	2
63.925	2
63.936	0
63.959	0
64.412	2
64.424	0
64.528	2
64.644	2
64.888	2
64.900	1
64.911	0
65.132	2
65.364	2
65.387	0
65.608	2
65.852	0
65.852	2
66.212	2
66.328	2
66.339	0
66.444	2
66.572	2
66.804	2
66.815	0
67.048	2
67.291	2
67.303	0
67.535	2
67.651	2
67.767	2
67.791	0
68.011	2
68.127	2
68.243	1
68.243	2
68.255	0
68.371	2
68.731	2
68.743	0
68.963	2
69.091	2
69.207	2
69.219	0
69.451	2
69.683	2
69.695	0
69.927	2
69.950	1
70.055	2
70.171	2
70.182	0
70.287	2
70.647	2
70.658	0
70.682	1
70.891	2
71.007	2
71.123	1
71.123	2
71.146	0
71.367	2
71.610	2
71.622	0
71.622	1
71.970	2
72.086	2
72.098	0
72.202	2
72.330	2
72.574	0
72.574	2
72.806	2
72.934	2
73.050	2
73.062	0
73.294	2
73.410	2
73.526	2
73.538	0
73.770	2
73.886	2
74.002	2
74.025	0
74.130	2
74.246	2
74.490	2
74.501	0
74.501	1
74.722	2
74.954	1
74.966	2
74.977	0
75.209	2
75.326	2
75.453	0
75.453	2
75.685	2
75.813	2
75.918	1
75.929	2
75.941	0
76.045	2
76.405	2
76.417	0
76.649	2
76.765	2
76.893	2
76.904	0
77.137	2
77.253	2
77.369	2
77.380	0
77.613	2
77.729	2
77.845	2
77.857	0
77.961	2
78.089	2
78.321	2
78.333	0
78.565	2
78.692	2
78.809	2
78.832	0
79.052	2
79.168	2
79.285	2
79.296	0
79.319	0
79.528	2
79.656	2
79.761	1
79.772	2
79.784	0
79.888	2
80.004	2
80.248	2
80.260	0
80.492	2
80.724	2
80.747	0
80.968	1
80.968	2
81.096	2
81.212	2
81.223	0
81.444	2
81.572	2
81.688	2
81.699	0
81.804	2
82.175	2
82.187	0
82.408	2
82.535	2
82.651	2
82.663	0
82.895	1
82.895	2
83.011	2
83.127	2
83.139	0
83.360	1
83.487	2
83.603	1
83.603	2
83.627	0
83.731	2
83.859	1
84.091	2
84.103	0
84.451	2
84.567	2
84.579	0
84.811	2
84.927	2
85.043	2
85.055	0
85.066	1
85.287	2
85.415	2
85.531	2
85.542	0
85.647	2
86.007	2
86.018	0
86.367	2
86.483	1
86.483	2
86.506	0
86.727	2
86.854	2
86.970	2
86.982	0
87.330	2
87.446	2
87.458	0
87.562	2
87.690	2
87.922	1
87.922	2
87.934	0
88.166	2
88.294	2
88.410	2
88.422	0
88.654	2
88.886	2
88.898	0
89.130	2
89.246	2
89.362	1
89.362	2
89.385	0
89.490	2
89.850	2
89.861	0
90.210	2
90.326	2
90.349	0
90.569	2
90.686	2
90.802	2
90.813	0
90.825	1
91.045	2
91.173	2
91.289	2
91.301	0
91.405	2
91.498	1
91.765	2
91.777	0
92.009	2
92.137	2
92.253	2
92.264	0
92.485	2
92.613	2
92.729	2
92.740	0
93.089	2
93.205	1
93.205	2
93.217	0
93.321	2
93.449	2
93.693	2
93.704	0
93.925	2
94.052	2
94.157	1
94.169	2
94.192	0
94.412	2
94.528	2
94.645	2
94.656	1
94.668	0
94.888	2
95.016	2
95.121	1
95.132	2
95.144	0
95.248	2
95.608	2
95.631	0
95.968	2
96.084	2
96.096	0
96.328	2
96.572	2
96.583	0
96.932	2
97.048	2
97.059	0
97.164	2
97.524	2
97.535	0
97.768	2
97.895	2
98.000	1
98.011	2
98.023	0
98.255	2
98.371	2
98.487	2
98.511	0
98.731	2
98.847	2
98.859	1
98.963	1
98.963	2
98.987	0
99.091	2
99.451	2
99.463	0
99.463	1
99.811	2
99.927	2
99.950	0
100.171	2
100.287	2
100.403	2
100.415	0
100.647	2
100.775	2
100.891	2
100.902	0
101.007	2
101.367	2
101.378	0
101.611	2
101.727	2
101.854	0
101.854	2
102.087	2
102.214	2
102.330	2
102.342	0
102.342	1
102.690	2
102.795	1
102.806	2
102.818	0
102.922	2
103.050	2
103.282	2
103.294	0
103.306	1
103.317	0
103.654	2
103.758	1
103.770	2
103.782	0
104.014	2
104.130	2
104.246	2
104.258	0
104.490	1
104.490	2
104.618	2
104.722	2
104.745	0
104.850	2
105.210	2
105.221	0
105.453	2
105.570	2
105.686	1
105.686	2
105.697	0
105.929	2
106.046	2
106.173	2
106.185	0
106.533	2
106.638	1
106.649	2
106.661	0
106.765	2
107.125	2
107.137	0
107.148	1
107.160	0
107.369	2
107.485	2
107.601	1
107.613	2
107.624	0
107.857	2
107.973	2
108.089	2
108.100	0
108.449	2
108.565	1
108.565	2
108.577	0
108.681	2
108.809	2
109.053	0
109.053	2
109.412	2
109.529	2
109.540	0
109.772	2
109.888	2
110.005	2
110.016	0
110.248	2
110.492	2
110.504	0
110.608	2
110.968	2
110.980	0
110.991	1
111.212	2
111.328	2
111.444	2
111.456	0
111.688	2
111.932	2
111.943	0
111.943	1
112.164	2
112.187	1
112.292	2
112.396	1
112.408	2
112.419	0
112.524	2
112.640	2
112.884	2
112.895	0
113.255	2
113.371	2
113.383	0
113.604	2
113.731	2
113.847	2
113.859	1
114.091	1
114.091	2
114.207	2
114.323	2
114.335	0
114.451	2
114.811	2
114.823	0
114.823	1
115.055	1
115.078	1
115.171	2
115.183	1
115.275	1
115.287	2
115.299	0
115.531	2
115.659	2
115.763	2
116.019	0
116.135	2
116.251	2
116.367	2
116.506	0
116.727	1
116.727	2
116.959	1
116.982	0
117.098	2
117.214	2
117.226	0
117.447	2
117.470	0
117.574	2
117.690	2
118.050	2
118.166	0
118.166	2
118.178	1
118.282	2
118.422	0
118.642	2
118.654	1
118.898	0
119.014	2
119.118	1
119.130	2
119.142	0
119.374	2
119.490	2
119.606	2
119.618	0
119.629	1
119.978	2
120.082	2
120.105	0
120.210	2
120.326	2
120.570	0
120.570	2
120.813	2
121.046	2
121.057	0
121.289	2
121.417	2
121.533	0
121.533	2
121.893	2
122.009	2
122.021	0
122.125	2
122.485	2
122.497	0
122.729	2
122.857	2
122.973	2
122.984	0
123.217	2
123.333	2
123.449	2
123.460	0
123.693	2
123.704	1
123.809	2
123.913	1
123.925	2
123.937	0
124.053	2
124.169	2
124.413	2
124.424	0
124.772	2
124.889	2
124.900	0
125.132	2
125.248	2
125.365	2
125.376	0
125.388	1
125.608	2
125.736	2
125.852	2
125.864	0
125.968	2
126.084	2
126.328	2
126.340	0
126.351	1
126.688	2
126.804	2
126.827	0
127.048	2
127.292	0
127.292	2
127.536	1
127.652	2
127.768	2
127.779	0
127.884	2
128.012	2
128.255	0
128.255	2
128.488	2
128.615	2
128.720	1
128.731	2
128.743	0
128.964	2
129.207	2
129.219	0
129.451	2
129.683	1
129.683	2
129.695	0
129.811	2
130.171	0
130.171	2
130.531	2
130.647	1
130.647	2
130.670	0
130.670	1
130.891	2
131.019	2
131.123	2
131.135	0
131.367	2
131.379	1
131.495	2
131.599	1
131.611	2
131.622	0
131.727	2
131.855	2
132.087	2
132.098	0
132.563	1
132.563	2
132.574	0
132.807	2
132.934	2
133.050	2
133.074	0
133.294	2
133.410	2
133.526	2
133.550	0
133.642	2
133.770	2
134.014	0
134.014	2
134.246	2
134.478	1
134.490	2
134.502	0
134.734	2
134.850	2
134.966	2
134.978	0
135.210	2
135.326	2
135.454	2
135.465	0
135.570	2
135.930	0
135.930	2
136.173	2
136.290	2
136.406	2
136.417	0
136.649	2
136.893	0
136.893	2
137.125	2
137.137	1
137.253	2
137.369	2
137.381	0
137.485	2
137.845	2
137.868	0
138.089	2
138.217	2
138.321	1
138.321	2
138.344	0
138.577	2
138.693	2
138.809	2
138.820	0
139.169	2
139.285	1
139.285	2
139.297	0
139.401	2
139.529	2
139.773	0
139.773	2
140.005	2
140.132	2
140.237	1
140.249	2
140.260	0
140.492	2
140.725	2
140.736	0
141.096	2
141.212	2
141.224	0
141.328	2
141.688	2
141.700	0
141.932	2
141.944	1
142.048	2
142.164	1
142.164	2
142.187	0
142.408	2
142.536	2
142.652	2
142.663	0
142.896	2
143.012	2
143.128	2
143.139	0
143.244	2
143.372	2
143.604	2
143.615	0
144.091	2
144.103	0
144.208	2
144.324	2
144.567	2
144.579	0
144.811	2
144.927	2
145.043	1
145.043	2
145.067	0
145.171	2
145.287	2
145.531	0
145.531	2
145.891	2
146.007	2
146.019	0
146.251	2
146.367	2
146.483	2
146.495	0
146.727	2
146.739	1
146.855	2
146.971	2
146.982	0
147.087	2
147.447	2
147.458	0
147.691	2
147.818	2
147.923	1
147.923	2
147.946	0
148.167	2
148.410	2
148.422	0
148.770	2
148.886	1
148.886	2
148.910	0
149.002	2
149.130	2
149.362	2
149.374	0
149.850	2
150.094	2
150.210	2
150.326	2
150.698	2
150.802	2
150.930	2
151.290	2
151.650	2
151.766	2
152.009	2
152.137	2
152.242	2
152.613	2
152.729	2
152.845	2
152.973	2
153.205	2
153.449	2
153.565	2
153.681	2
153.937	2
154.053	2
154.169	2
154.413	2
154.529	2
154.645	2
154.761	2
155.121	2
155.492	2
155.609	2
155.852	2
155.968	2
156.085	2
156.328	2
156.456	2
156.561	2
156.688	2
157.048	2
157.292	2
157.408	2
157.524	2
157.768	2
157.896	2
158.000	2
158.372	2
158.488	2
158.604	2
158.732	2
158.964	2
158.975	1
159.335	2
159.451	2
159.695	2
159.811	2
159.927	2
160.171	2
160.287	2
160.403	2
160.531	2
160.647	2
160.891	2
161.251	2
161.367	2
161.379	0
161.611	2
161.727	2
161.843	2
161.866	0
162.215	2
162.319	1
162.331	2
162.342	0
162.447	2
162.807	2
162.818	0
162.818	1
163.051	2
163.178	2
163.283	1
163.283	2
163.294	0
163.527	2
163.654	2
163.770	2
163.782	0
164.130	2
164.246	2
164.258	0
164.362	2
164.490	2
164.722	2
164.746	0
165.094	2
165.198	1
165.210	2
165.222	0
165.454	2
165.570	2
165.686	2
165.698	0
166.046	2
166.162	2
166.185	0
166.290	2
166.406	2
166.638	1
166.650	2
166.661	0
167.010	2
167.126	2
167.137	0
167.369	2
167.486	2
167.602	1
167.602	2
167.625	0
167.845	2
167.857	1
167.973	2
168.078	1
168.089	2
168.101	0
168.205	2
168.554	1
168.565	2
168.577	0
168.937	2
169.053	0
169.064	1
169.076	0
169.297	0
170.017	0
170.260	0
170.736	0
171.445	1
171.468	0
172.397	1
172.408	2
172.420	0
172.652	1
172.768	1
172.884	2
172.907	0
173.128	2
173.256	2
173.372	2
173.383	0
173.732	2
173.848	2
173.859	0
173.952	1
173.964	2
174.092	2
174.324	2
174.335	0
174.811	2
174.823	0
175.055	2
175.171	2
175.287	2
175.299	0
175.531	2
175.659	2
175.763	2
175.787	0
175.891	2
176.007	2
176.251	0
176.251	2
176.263	1
176.611	2
176.727	1
176.727	2
176.750	0
176.971	2
177.203	2
177.215	1
177.226	0
177.459	1
177.575	2
177.691	2
177.702	0
177.807	2
178.167	2
178.178	0
178.527	2
178.643	1
178.643	2
178.654	0
178.887	2
179.014	2
179.130	2
179.142	0
179.490	2
179.606	2
179.630	0
179.722	2
180.082	2
180.094	0
180.326	2
180.454	2
180.570	2
180.582	0
180.814	2
180.930	2
181.046	2
181.058	0
181.069	1
181.290	2
181.406	2
181.522	2
181.534	0
181.650	2
181.766	2
182.010	2
182.021	0
182.370	2
182.486	2
182.497	0
182.729	2
182.973	0
182.973	2
183.205	2
183.333	2
183.438	1
183.449	2
183.461	0
183.565	2
183.925	2
183.937	0
183.948	1
184.169	2
184.285	2
184.401	1
184.413	2
184.424	0
184.657	2
184.773	2
184.889	2
184.900	0
184.900	1
185.133	2
185.249	2
185.365	1
185.365	2
185.377	0
185.481	2
185.609	2
185.841	2
185.864	0
186.212	2
186.329	1
186.329	2
186.340	0
186.572	2
186.688	2
186.805	2
186.816	0
187.048	1
187.176	2
187.281	1
187.292	2
187.304	0
187.408	2
187.768	2
187.780	0
188.128	1
188.244	2
188.267	0
188.488	2
188.616	2
188.732	2
188.743	0
188.743	1
188.964	2
189.092	2
189.196	1
189.208	2
189.219	0
189.324	2
189.452	2
189.684	2
189.695	0
189.928	2
190.055	2
190.171	2
190.183	0
190.404	2
190.531	2
190.647	2
190.659	0
190.891	2
191.007	2
191.123	2
191.147	0
191.251	2
191.367	2
191.611	2
191.623	0
191.623	1
191.843	2
191.971	2
192.087	2
192.099	0
192.331	2
192.447	2
192.563	2
192.575	0
192.807	2
192.935	2
193.051	2
193.062	0
193.167	2
193.295	2
193.527	2
193.538	0
193.771	2
193.887	2
194.003	2
194.026	0
194.247	2
194.374	2
194.490	2
194.502	0
194.734	2
194.850	2
194.966	2
194.978	0
195.082	2
195.210	2
195.454	2
195.477	0
195.570	1
195.698	1
195.814	2
195.930	2
195.942	0
196.174	2
196.290	2
196.406	2
196.418	0
196.650	2
196.882	2
196.905	0
197.010	2
197.126	2
197.370	0
197.370	2
197.613	2
197.730	2
197.846	2
197.869	0
198.089	2
198.217	2
198.333	0
198.333	2
198.565	2
198.693	2
198.809	2
198.821	0
198.925	2
199.053	2
199.285	2
199.297	0
199.308	1
199.529	2
199.657	2
199.761	1
199.761	2
199.784	0
200.005	2
200.249	2
200.260	0
200.493	2
200.609	2
200.725	2
200.737	0
200.841	2
200.969	2
201.201	2
201.213	0
201.445	2
201.572	2
201.689	2
201.700	0
201.932	2
202.165	2
202.199	0
202.408	2
202.536	2
202.652	2
202.664	0
202.768	2
202.896	2
203.128	2
203.140	0
203.372	1
203.372	2
203.511	1
203.604	2
203.627	0
203.848	2
203.976	2
204.092	2
204.115	0
204.452	2
204.568	2
204.579	0
204.684	2
204.812	2
205.055	0
205.055	2
205.288	2
205.415	2
205.531	2
205.543	0
205.775	2
205.891	2
206.007	2
206.019	0
206.216	2
206.367	2
206.483	1
206.483	2
206.507	0
206.611	2
206.971	2
206.983	0
207.203	2
207.331	2
207.447	1
207.447	2
207.459	0
207.691	2
207.807	2
207.935	0
207.935	2
208.167	2
208.190	1
208.295	2
208.411	2
208.422	0
208.527	2
208.887	2
208.898	0
209.131	2
209.247	2
209.363	2
209.386	0
209.607	2
209.734	2
209.850	2
209.862	0
210.094	2
210.210	2
210.326	2
210.338	0
210.442	2
210.570	2
210.814	2
210.826	0
210.826	1
211.046	2
211.174	2
211.290	2
211.302	0
211.534	2
211.650	2
211.766	2
211.778	0
212.126	2
212.242	2
212.265	0
212.370	2
212.486	2
212.730	2
212.741	0
213.090	2
213.206	1
213.206	2
213.229	0
213.449	2
213.577	2
213.693	0
213.693	2
213.925	2
214.053	2
214.169	1
214.169	2
214.181	0
214.285	2
214.413	2
214.645	2
214.657	0
214.889	2
215.133	2
215.144	0
215.377	2
215.493	2
215.609	2
215.620	0
215.853	2
215.969	2
216.085	2
216.097	0
216.201	2
216.236	1
216.271	0
216.573	2
216.584	0
216.932	2
217.037	1
217.049	2
217.072	0
217.292	2
217.408	2
217.525	2
217.536	0
217.768	2
217.896	2
218.001	1
218.012	2
218.024	0
218.128	2
218.244	2
218.488	2
218.500	0
218.500	1
218.732	2
218.848	2
218.964	2
218.987	0
219.208	2
219.336	2
219.452	2
219.463	0
219.812	2
219.928	2
219.939	0
220.044	2
220.172	2
220.404	2
220.415	0
220.648	2
220.891	2
220.903	0
221.135	2
221.251	2
221.367	2
221.391	0
221.611	2
221.727	2
221.843	2
221.867	0
221.971	2
222.331	2
222.343	0
222.563	2
222.691	2
222.807	2
222.819	0
223.051	2
223.167	2
223.283	2
223.295	0
223.527	2
223.655	2
223.759	1
223.771	2
223.782	0
223.887	2
224.247	2
224.258	0
224.270	1
224.491	2
224.607	2
224.723	1
224.723	2
224.746	0
224.967	2
225.210	2
225.234	0
225.454	1
225.570	2
225.686	2
225.710	0
225.802	2
225.930	2
226.162	2
226.186	0
226.406	2
226.534	2
226.638	1
226.650	2
226.662	0
226.894	2
227.010	2
227.126	2
227.149	0
227.370	1
227.498	2
227.602	2
227.625	0
227.730	2
227.846	2
228.090	2
228.101	0
228.322	2
228.566	2
228.577	0
228.809	2
229.053	2
229.065	0
229.285	2
229.413	2
229.518	1
229.529	2
229.541	0
229.645	2
230.005	2
230.017	0
230.017	1
230.249	2
230.377	2
230.493	2
230.504	0
230.725	2
230.853	2
230.969	2
230.980	0
230.992	1
231.213	2
231.329	2
231.445	2
231.468	0
231.561	2
231.689	2
231.933	0
231.933	2
232.409	1
232.409	2
232.420	0
232.652	2
232.768	2
232.885	2
232.896	0
233.256	2
233.361	1
233.372	2
233.384	0
233.488	2
233.604	2
233.848	2
233.860	1
233.871	0
234.324	2
234.336	0
234.568	1
234.696	2
234.812	2
234.835	0
235.172	2
235.276	1
235.288	2
235.299	0
235.404	2
235.543	1
235.775	2
235.787	0
236.135	2
236.240	1
236.251	2
236.263	0
236.611	2
236.727	2
236.739	0
237.087	2
237.203	1
237.215	2
237.227	0
237.331	2
237.691	2
237.703	1
237.714	0
238.051	2
238.167	2
238.179	0
238.202	0
238.411	1
238.411	2
238.539	2
238.655	2
238.666	0
239.015	2
239.119	1
239.131	2
239.142	0
239.247	2
239.375	1
239.607	2
239.618	0
239.851	2
239.978	2
240.083	2
240.106	0
240.327	1
240.327	2
240.454	2
240.570	2
240.594	0
240.814	1
240.930	2
241.046	2
241.058	0
241.162	2
241.279	1
241.534	2
241.546	1
241.557	0
241.778	1
241.894	2
241.998	1
242.033	0
242.265	0
