0.209	2
0.592	2
0.975	2
1.358	2
1.741	2
1.788	0
2.125	1
2.125	2
2.508	2
2.554	0
2.682	1
2.740	0
2.879	2
2.891	1
3.065	1
3.123	0
3.262	2
3.286	0
3.646	1
3.646	2
4.017	1
4.017	2
4.075	0
4.203	1
4.238	0
4.400	2
4.412	1
4.586	1
4.632	0
4.772	1
4.783	2
4.830	0
5.166	1
5.166	2
5.538	2
5.921	1
5.921	2
6.165	0
6.304	2
6.316	0
6.351	0
6.676	2
6.687	1
7.059	2
7.117	0
7.291	0
7.442	1
7.442	2
7.663	0
7.860	0
8.197	1
8.197	2
8.580	2
8.626	0
8.963	1
8.975	2
9.137	1
9.183	0
9.334	2
9.381	0
9.718	2
9.729	1
10.101	2
10.124	0
10.333	0
10.472	2
10.484	1
10.716	0
10.855	2
10.879	0
11.238	1
11.238	2
11.622	2
11.645	0
11.993	2
12.005	1
12.214	0
12.353	0
12.434	0
12.550	1
12.574	0
12.759	1
12.945	0
13.154	0
13.386	0
13.526	1
13.723	0
13.804	1
13.909	0
13.909	2
13.955	0
14.280	1
14.338	2
14.896	0
15.047	1
15.105	2
15.209	1
15.221	0
15.430	0
15.476	0
15.488	2
15.801	1
15.836	0
15.859	2
15.987	0
16.242	2
16.370	0
16.556	1
16.567	0
16.625	2
16.730	1
16.951	0
16.985	0
17.322	1
17.369	0
17.380	2
17.508	0
17.763	2
17.914	0
18.077	1
18.135	2
18.274	0
18.495	0
18.518	2
18.669	0
18.843	1
18.901	2
19.226	0
19.423	0
19.598	1
19.598	2
19.621	0
19.656	2
19.830	0
19.958	1
19.981	0
19.981	2
20.027	0
20.039	2
20.352	1
20.399	0
20.793	2
20.944	0
21.119	1
21.130	0
21.153	0
21.177	2
21.293	0
21.513	0
21.560	2
21.873	1
21.920	0
21.943	2
22.059	0
22.489	0
22.639	1
22.698	2
22.814	1
23.023	0
23.057	0
23.081	2
23.394	1
23.429	0
23.452	2
23.591	0
23.789	0
23.835	2
23.986	0
24.149	1
24.218	2
24.346	0
24.567	0
24.741	0
24.915	1
24.961	0
24.973	2
25.124	0
25.310	0
25.356	2
25.484	1
25.670	1
25.681	2
25.855	1
25.902	0
26.064	0
26.088	0
26.111	2
26.424	1
26.877	2
27.191	1
27.202	0
27.249	2
27.423	0
27.609	0
27.632	2
27.957	1
27.992	0
28.015	2
28.375	0
28.711	1
28.746	0
28.770	2
29.106	0
29.153	2
29.466	1
29.489	0
29.513	0
29.536	2
29.896	0
30.035	0
30.232	1
30.290	2
30.650	0
30.674	2
30.987	1
31.057	2
31.405	0
31.428	2
31.742	1
31.811	2
32.136	0
32.171	0
32.194	2
32.508	1
32.508	2
32.543	0
32.566	2
32.949	2
33.263	1
33.274	0
33.309	0
33.332	2
33.692	0
33.704	2
34.029	1
34.040	0
34.064	0
34.087	2
34.447	0
34.470	2
34.586	1
34.783	1
34.818	0
34.853	2
35.178	0
35.225	2
35.538	1
35.561	0
35.585	0
35.608	2
35.968	0
35.991	2
36.119	0
36.304	1
36.362	2
36.479	0
36.734	0
36.746	2
37.059	1
37.105	0
37.129	2
37.454	2
37.489	0
37.628	1
37.825	1
38.011	1
38.058	0
38.220	0
38.243	0
38.266	2
38.580	1
38.615	0
38.719	2
39.195	0
39.346	1
39.358	0
39.404	2
39.764	0
39.787	2
40.101	1
40.147	0
40.159	2
40.263	2
40.519	0
40.542	2
40.867	1
40.890	0
40.925	2
41.250	0
41.308	2
41.622	1
41.668	0
41.680	2
42.040	0
42.063	2
42.191	0
42.376	1
42.446	2
42.806	0
43.143	1
43.189	0
43.201	2
43.561	0
43.897	1
43.967	2
44.071	1
44.130	0
44.292	0
44.327	0
44.664	1
44.698	0
45.105	2
45.418	1
45.430	0
45.465	0
45.488	2
45.836	0
45.859	2
46.184	1
46.196	0
46.219	0
46.370	0
46.602	0
46.788	0
46.939	1
46.974	0
46.997	2
47.334	0
47.334	1
47.380	2
47.694	1
47.740	0
47.763	2
48.123	0
48.263	0
48.460	1
48.518	2
48.878	0
48.901	2
49.215	1
49.644	0
49.656	2
49.784	1
49.981	1
50.039	2
50.167	1
50.213	0
50.352	2
50.399	0
50.538	2
50.736	1
50.794	2
50.875	2
51.107	2
51.304	2
51.351	0
51.490	0
51.490	1
51.560	2
51.722	0
51.862	0
51.873	2
51.920	0
52.071	2
52.245	1
52.315	2
52.442	2
52.628	2
52.686	0
52.814	2
53.011	1
53.081	2
53.220	0
53.243	0
53.394	2
53.406	0
53.452	0
53.580	2
53.766	1
53.812	0
53.835	2
54.149	2
54.195	0
54.335	2
54.532	1
54.579	0
54.590	2
54.718	2
54.915	0
54.915	2
54.962	0
55.101	2
55.298	1
55.333	0
55.356	2
55.472	2
55.670	2
55.716	0
55.867	1
55.879	0
55.925	2
56.053	1
56.239	1
56.285	0
56.308	2
56.471	0
56.610	2
56.808	1
56.877	2
56.993	2
57.191	2
57.237	0
57.377	2
57.574	1
57.574	2
57.632	2
57.760	2
57.945	2
58.131	2
58.329	1
58.375	0
58.514	2
58.700	2
58.758	0
58.897	2
59.095	1
59.130	0
59.153	2
59.292	0
59.315	0
59.466	2
59.478	0
59.524	0
59.652	2
59.849	1
59.896	0
59.907	2
60.035	2
60.221	2
60.279	0
60.418	2
60.604	1
60.651	0
60.674	2
60.790	2
60.987	1
60.987	2
61.034	0
61.103	0
61.161	1
61.219	0
61.370	1
61.405	0
61.556	2
61.672	0
61.719	0
61.753	1
61.753	2
61.788	0
61.812	2
61.823	1
61.858	0
61.916	1
61.951	0
61.997	0
62.032	1
62.079	0
62.125	1
62.148	0
62.195	2
62.311	1
62.369	0
62.555	0
62.880	1
62.891	0
63.332	2
63.507	0
63.646	1
63.658	0
63.704	2
63.878	0
64.075	0
64.087	2
64.180	2
64.412	1
64.424	0
64.447	0
64.470	2
64.830	0
64.842	2
65.167	1
65.202	0
65.225	2
65.608	2
65.921	1
65.968	0
65.991	2
66.351	0
66.490	0
66.688	1
66.746	2
67.106	0
67.129	2
67.210	2
67.442	1
67.512	2
67.872	0
67.884	2
68.197	1
68.267	2
68.592	0
68.627	0
68.650	2
68.963	1
68.998	0
69.021	2
69.381	0
69.730	1
69.741	0
69.788	2
70.484	1
70.496	0
70.531	0
70.542	2
70.902	0
70.925	2
71.239	1
71.274	0
71.308	2
71.634	0
71.680	2
71.993	2
72.017	1
72.063	0
72.423	0
72.446	2
72.574	0
72.760	1
72.818	2
73.154	0
73.189	0
73.201	2
73.514	1
73.561	0
73.584	2
73.944	0
74.083	1
74.281	1
74.281	2
74.466	1
74.513	0
74.641	1
74.652	2
74.710	0
74.850	2
75.035	1
75.035	2
75.105	2
75.418	2
75.465	0
75.604	2
75.802	0
75.802	1
75.860	2
75.941	2
76.034	0
76.161	1
76.173	2
76.220	0
76.359	2
76.556	1
76.603	0
76.626	2
76.939	2
76.986	0
77.125	2
77.322	1
77.380	2
77.520	0
77.543	0
77.694	2
77.706	0
77.880	2
78.077	1
78.124	0
78.135	2
78.263	2
78.460	2
78.507	0
78.646	2
78.832	1
78.878	0
78.901	2
79.018	2
79.215	2
79.226	0
79.261	0
79.401	2
79.598	1
79.633	0
79.656	2
79.784	2
79.970	2
80.028	0
80.179	0
80.353	1
80.353	2
80.527	1
80.550	2
80.596	0
80.724	1
80.771	0
80.922	2
81.119	1
81.119	2
81.131	0
81.154	0
81.177	2
81.479	2
81.537	0
81.676	2
81.874	1
81.874	2
81.885	0
81.932	2
82.059	2
82.268	2
82.292	0
82.442	2
82.628	1
82.640	2
82.651	0
82.698	2
82.814	2
83.011	2
83.058	0
83.197	2
83.244	0
83.394	1
83.441	0
83.453	2
83.592	0
83.766	2
83.963	2
84.149	1
84.219	2
84.335	2
84.532	2
84.579	0
84.718	2
84.915	1
84.962	0
84.973	2
85.090	2
85.287	2
85.333	0
85.484	2
85.647	0
85.670	1
85.716	0
85.844	0
85.856	2
86.100	0
86.216	0
86.239	1
86.425	1
86.436	2
86.622	1
86.634	0
86.657	0
86.819	0
86.866	0
86.866	2
87.168	0
87.191	1
87.330	0
87.412	0
87.609	0
87.748	1
87.771	0
87.946	1
88.143	0
88.189	0
88.364	0
88.398	2
88.712	1
88.758	0
88.770	2
88.932	0
89.130	0
89.153	2
89.281	0
89.408	2
89.466	1
89.478	2
89.652	1
89.664	0
89.838	1
89.884	0
90.233	1
90.268	0
90.291	2
90.442	0
90.651	0
90.790	0
90.976	0
90.987	1
90.999	2
91.045	2
91.208	0
91.347	1
91.382	0
91.742	1
91.788	0
91.812	2
91.951	0
92.172	0
92.195	2
92.357	0
92.508	1
92.752	0
92.903	0
92.961	0
93.240	0
93.263	1
93.333	2
93.693	0
93.820	1
93.843	0
94.029	1
94.029	2
94.227	0
94.261	0
94.447	0
94.784	1
94.830	0
94.842	2
95.004	0
95.213	0
95.353	0
95.550	1
95.724	1
95.747	0
95.910	1
95.945	0
95.968	0
95.991	2
96.305	1
96.351	0
96.363	2
96.514	0
96.676	1
96.734	0
96.746	2
96.874	0
97.048	0
97.059	1
97.117	0
97.129	2
97.280	0
97.431	1
97.454	0
97.826	1
97.837	0
97.860	0
97.895	2
98.035	0
98.244	0
98.267	2
98.441	0
98.580	1
98.824	0
98.975	0
99.323	0
99.347	1
99.486	0
99.730	2
99.892	1
99.927	0
100.101	1
100.171	2
100.299	0
100.357	0
100.519	0
100.867	1
100.902	0
100.926	2
101.088	0
101.285	0
101.309	2
101.436	0
101.622	1
101.796	1
101.808	0
101.982	1
102.005	2
102.040	0
102.063	2
102.365	0
102.377	1
102.423	0
102.446	2
102.597	0
102.806	0
102.818	2
102.946	0
103.131	1
103.155	0
103.317	2
103.352	0
103.364	2
103.503	1
103.526	0
103.561	0
103.584	2
103.898	1
103.967	2
104.107	0
104.339	2
104.455	1
104.664	1
104.896	0
105.024	1
105.059	0
105.395	0
105.419	1
105.419	2
105.558	0
105.848	0
105.999	0
106.150	0
106.173	1
106.243	2
106.371	0
106.417	0
106.603	0
106.940	1
106.940	2
106.974	0
106.998	2
107.160	0
107.357	0
107.508	0
107.694	1
107.717	0
107.764	2
107.892	0
108.066	1
108.135	2
108.460	1
108.495	0
108.530	2
108.669	0
108.902	2
109.018	0
109.215	1
109.285	2
109.424	0
109.587	1
109.587	2
109.645	0
109.784	1
110.585	0
110.736	1
111.096	1
111.131	0
111.491	1
111.560	2
112.106	0
112.257	1
112.315	2
112.489	0
112.698	0
112.698	2
113.012	1
113.058	0
113.081	2
113.197	0
113.453	2
113.592	0
113.778	1
113.813	0
113.836	2
113.952	1
113.975	0
114.161	0
114.207	0
114.219	2
114.544	1
114.567	0
114.718	0
114.950	0
114.974	2
115.125	0
115.287	1
115.322	0
115.357	2
115.484	0
115.717	0
115.740	2
115.879	0
116.053	1
116.100	0
116.111	2
116.448	0
116.495	2
116.634	0
116.808	1
116.994	1
117.203	0
117.249	0
117.574	1
117.609	0
117.632	2
118.015	2
118.329	1
118.375	0
118.399	2
118.515	0
118.724	0
118.770	2
119.095	1
119.130	0
119.153	2
119.269	0
119.536	2
119.850	1
119.861	0
119.885	0
119.908	2
120.024	1
120.082	0
120.245	0
120.279	0
120.291	2
120.616	1
120.651	0
120.674	2
120.802	0
121.197	0
121.371	1
121.406	0
121.429	2
121.556	0
121.789	0
121.812	2
121.951	0
122.125	1
122.183	2
122.334	0
122.520	0
122.567	2
122.694	1
122.892	1
122.950	2
123.077	1
123.124	0
123.286	0
123.310	0
123.646	1
124.087	2
124.262	0
124.401	1
124.413	0
124.471	2
124.575	1
124.830	0
125.167	1
125.179	0
125.214	0
125.585	0
125.608	2
125.724	0
125.922	1
125.957	0
125.991	2
126.154	0
126.688	1
126.723	0
126.746	2
127.106	0
127.129	2
127.257	0
127.443	1
127.512	2
127.872	0
127.884	2
128.209	1
128.209	2
128.267	2
128.627	0
128.650	2
128.789	0
128.813	0
128.964	1
129.138	1
129.347	2
129.358	0
129.393	0
129.730	0
130.113	0
130.276	1
130.287	2
130.334	0
130.485	0
130.485	1
130.543	2
130.659	1
130.717	0
130.902	0
130.926	2
131.239	1
131.286	0
131.309	2
131.669	0
131.680	2
132.005	1
132.040	0
132.063	2
132.400	0
132.447	2
132.760	1
132.807	0
132.818	2
133.178	0
133.201	2
133.329	0
133.526	1
133.584	2
133.944	0
133.968	2
134.281	1
134.293	0
134.316	0
134.339	2
134.699	0
134.722	2
134.803	2
134.850	1
135.036	1
135.105	2
135.233	1
135.268	0
135.465	0
135.790	2
135.802	1
135.825	0
136.173	2
136.220	0
136.417	0
136.557	1
136.568	0
136.626	2
136.789	0
136.986	0
136.998	2
137.323	1
137.334	0
137.358	0
137.741	0
137.764	2
137.880	0
138.077	1
138.112	0
138.136	2
138.519	2
138.832	1
138.879	0
138.902	2
139.262	0
139.413	0
139.598	1
139.656	2
140.028	0
140.040	2
140.353	1
140.423	2
140.783	0
140.968	0
141.119	1
141.119	2
141.177	2
141.293	1
141.514	0
141.537	0
141.560	2
141.874	0
141.874	1
141.909	0
141.932	2
142.454	0
142.640	1
142.652	0
142.698	2
143.081	2
143.395	1
143.441	0
143.464	2
143.813	0
143.836	2
144.149	1
144.161	2
144.184	0
144.219	2
144.544	0
144.544	1
144.591	2
144.904	2
144.916	1
144.951	0
145.485	0
145.670	1
145.740	2
146.100	0
146.112	2
146.228	1
146.437	1
146.448	0
146.471	0
146.495	2
146.704	1
146.797	1
146.855	0
146.878	2
146.889	1
147.006	1
147.075	1
147.191	1
147.377	1
147.423	0
147.551	1
147.563	2
147.609	0
147.760	2
147.946	1
147.958	2
148.016	2
148.132	2
148.329	2
148.515	2
148.712	0
148.712	1
148.712	2
148.770	2
149.072	0
149.072	1
149.084	2
149.130	0
149.281	2
149.467	1
149.537	2
149.653	0
149.653	2
149.838	1
149.850	2
149.896	0
150.036	2
150.221	1
150.291	2
150.407	1
150.430	0
150.454	0
150.616	0
150.674	0
150.790	2
150.988	1
151.034	0
151.046	2
151.359	1
151.359	2
151.417	0
151.557	2
151.754	1
151.754	2
151.800	0
151.812	2
151.928	2
152.126	2
152.137	0
152.311	2
152.509	1
152.543	0
152.567	2
152.694	2
152.880	2
152.938	0
153.089	0
153.263	1
153.461	2
153.507	0
153.646	2
153.681	0
153.832	2
154.030	1
154.064	0
154.215	2
154.401	2
154.448	0
154.587	2
154.784	1
154.796	0
154.970	2
155.167	2
155.214	0
155.353	2
155.550	1
155.562	0
155.609	2
155.667	2
155.922	2
155.934	0
156.108	2
156.154	0
156.305	1
156.352	0
156.537	0
156.688	2
156.874	2
157.060	1
157.071	2
157.106	0
157.129	2
157.246	2
157.431	1
157.443	2
157.629	2
157.826	1
157.977	0
158.012	2
158.198	2
158.221	0
158.244	0
158.395	2
158.557	0
158.581	1
158.627	0
158.755	0
158.766	2
159.010	0
159.126	0
159.150	1
159.347	1
159.347	2
159.405	2
159.533	1
159.544	0
159.742	0
159.788	2
160.078	0
160.102	1
160.241	0
160.531	0
160.682	0
160.868	1
160.926	2
161.065	0
161.112	0
161.286	0
161.309	2
161.448	2
161.622	1
161.669	0
161.681	2
161.843	0
162.040	0
162.064	2
162.191	0
162.366	1
162.389	1
162.447	2
162.551	1
162.575	0
162.749	1
163.143	1
163.178	0
163.352	0
163.561	0
163.701	0
163.886	0
163.898	1
163.910	2
164.107	0
164.293	0
164.653	1
164.862	0
165.105	2
165.280	0
165.419	1
165.651	0
165.779	1
165.814	0
166.150	0
166.174	1
166.232	0
166.243	2
166.325	0
166.766	0
166.940	1
167.137	0
167.358	0
167.695	1
167.741	0
167.764	2
167.915	0
168.124	0
168.136	2
168.263	0
168.461	1
168.658	0
168.821	1
169.215	1
169.215	2
169.273	0
169.424	0
169.633	0
169.784	0
169.958	0
169.970	1
170.017	0
170.179	0
170.376	0
170.423	2
170.736	1
170.945	0
171.154	0
171.282	1
171.294	0
171.352	0
171.491	1
171.561	2
171.688	0
171.746	0
171.897	0
172.234	0
172.246	1
172.397	0
172.478	0
172.640	2
172.687	0
172.803	1
172.838	0
173.012	1
173.070	2
173.209	0
173.441	0
173.767	1
173.813	0
173.836	2
174.196	0
174.219	2
174.347	0
174.533	1
174.591	2
174.730	0
175.299	1
175.334	0
175.357	2
175.508	0
175.717	0
175.856	0
176.030	0
176.054	1
176.100	0
176.263	0
176.448	0
176.808	1
176.820	2
176.878	2
177.017	0
177.180	1
177.366	1
177.424	0
177.575	1
177.633	2
177.807	0
177.969	0
178.329	1
178.759	0
178.770	2
178.910	0
179.096	1
179.154	2
179.293	0
179.339	0
179.513	0
179.537	2
179.839	2
179.850	1
179.908	2
180.071	0
180.268	0
180.291	2
180.419	0
180.605	1
180.616	2
180.674	2
180.802	0
181.058	2
181.371	1
181.418	0
181.429	2
181.534	0
181.580	0
181.789	0
181.812	2
181.928	0
182.114	0
182.126	1
182.172	0
182.335	0
182.497	2
182.509	1
182.520	0
182.683	1
183.414	2
183.496	0
183.658	1
183.879	0
184.007	1
184.041	0
184.401	1
184.471	2
185.168	1
185.226	2
185.342	1
185.562	0
185.609	2
185.922	1
185.969	0
185.992	2
186.108	0
186.363	2
186.503	0
186.677	1
186.735	0
186.746	2
187.118	0
187.130	2
187.141	0
187.443	1
187.501	0
187.513	2
187.629	0
187.849	0
188.035	0
188.209	1
188.244	0
188.267	2
188.395	0
188.627	0
188.651	2
188.790	0
188.964	1
189.022	2
189.359	0
189.405	2
189.544	0
189.719	1
189.788	2
189.893	1
190.113	0
190.485	1
190.520	0
190.543	2
190.926	2
191.065	0
191.240	1
191.309	2
191.425	0
191.646	0
191.681	2
192.006	1
192.052	0
192.064	2
192.180	0
192.447	2
192.760	1
192.819	2
192.935	1
192.958	0
192.993	0
193.155	0
193.190	0
193.202	2
193.515	1
193.585	2
193.712	0
193.968	2
194.107	0
194.281	1
194.316	0
194.339	2
194.467	0
194.699	0
194.723	2
194.862	0
195.036	1
195.106	2
195.245	0
195.431	0
195.477	2
195.605	1
195.802	1
195.814	0
195.860	2
195.988	1
196.000	0
196.174	0
196.185	1
196.185	2
196.220	0
196.243	2
196.360	2
