0.244	1
0.290	0
0.395	2
0.511	2
0.662	2
0.789	1
1.068	2
1.207	2
1.335	1
1.358	0
1.614	2
1.881	1
2.171	2
2.310	2
2.438	1
2.473	0
2.496	0
2.717	2
2.844	2
2.984	1
3.111	2
3.251	2
3.262	1
3.379	2
3.506	1
3.529	0
3.785	1
3.936	2
4.063	1
4.214	2
4.354	2
4.481	2
4.609	1
4.656	0
4.760	2
4.888	2
5.039	2
5.155	1
5.294	2
5.433	2
5.445	1
5.573	2
5.700	1
5.724	0
5.840	2
5.979	2
6.107	2
6.246	1
6.385	2
6.525	2
6.664	2
6.792	1
6.827	0
6.943	2
7.070	2
7.221	2
7.338	1
7.477	2
7.605	2
7.628	1
7.906	0
8.150	1
8.162	0
8.429	1
8.464	0
8.696	2
8.731	1
8.951	2
8.986	1
8.998	0
9.253	2
9.509	1
9.648	1
9.787	2
9.799	1
9.927	2
10.054	1
10.344	2
10.600	1
10.879	2
11.146	1
11.424	2
11.564	2
11.691	1
11.831	2
11.970	2
11.981	1
12.109	2
12.237	2
12.272	0
12.504	1
12.608	1
12.655	2
12.783	1
12.922	2
13.073	2
13.177	1
13.201	2
13.340	1
13.386	0
13.619	2
13.758	2
13.874	1
14.025	2
14.153	2
14.315	2
14.443	1
14.454	0
14.710	2
14.849	2
14.977	1
15.081	1
15.139	2
15.267	2
15.418	2
15.523	1
15.546	0
15.801	1
15.813	2
15.964	2
16.068	1
16.219	2
16.347	1
16.347	2
16.475	2
16.614	1
16.614	2
16.637	0
16.881	1
17.160	1
17.427	2
17.461	1
17.705	2
17.717	1
17.740	0
17.984	2
18.112	2
18.251	1
18.262	0
18.390	2
18.530	2
18.541	1
18.669	2
18.797	1
18.820	0
18.936	2
19.075	2
19.331	1
19.493	2
19.621	2
19.760	2
19.888	1
20.167	2
20.434	1
20.584	2
20.712	2
20.863	2
21.002	0
21.235	1
21.525	1
21.595	1
21.804	1
21.804	2
22.071	1
22.094	0
22.117	0
22.349	2
22.477	2
22.616	1
22.906	2
23.046	2
23.174	2
23.197	0
23.220	0
23.313	2
23.452	2
23.719	1
23.731	0
23.870	2
23.998	2
24.265	1
24.288	0
24.311	0
24.543	2
24.671	2
24.799	1
25.078	1
25.078	2
25.217	2
25.345	2
25.612	1
25.890	1
25.925	0
26.157	2
26.413	2
26.436	2
26.471	0
26.726	2
26.842	2
26.982	1
27.121	2
27.272	2
27.527	1
27.550	0
27.818	2
27.945	2
28.073	1
28.108	0
28.224	2
28.363	2
28.502	2
28.619	1
28.642	0
28.770	2
28.897	2
29.037	2
29.164	1
29.199	0
29.304	2
29.443	2
29.698	1
29.722	0
29.977	1
30.140	2
30.267	0
30.267	1
30.418	2
30.534	2
30.546	1
30.790	1
30.813	0
31.068	2
31.080	1
31.208	2
31.335	1
31.614	1
31.626	2
31.881	1
31.916	0
32.160	2
32.299	2
32.427	1
32.578	2
32.705	1
32.717	2
32.972	1
33.251	2
33.518	1
33.657	2
33.797	2
33.924	2
34.087	0
34.331	1
34.621	1
34.888	2
34.900	1
35.167	1
35.213	0
35.445	2
35.712	1
35.840	2
35.991	1
35.991	2
36.119	2
36.815	1
36.838	0
37.071	1
37.210	2
37.349	2
37.373	0
37.396	0
37.616	2
37.767	2
37.883	1
37.907	0
38.162	2
38.301	2
38.417	1
38.441	0
38.708	1
38.859	2
38.986	1
39.137	2
39.277	1
39.277	2
39.404	2
39.532	1
39.578	0
39.683	2
39.811	2
39.962	2
40.078	1
40.217	2
40.356	2
40.368	1
40.496	2
40.623	1
40.647	0
40.763	2
40.902	2
41.030	2
41.169	1
41.308	2
41.448	2
41.599	2
41.715	1
41.749	0
41.866	2
41.993	2
42.144	2
42.260	1
42.400	2
42.539	2
42.551	1
42.806	1
43.073	1
43.085	0
43.201	2
43.352	1
43.375	1
43.386	0
43.619	2
43.654	1
43.874	2
43.909	1
43.932	0
44.176	2
44.431	1
44.571	2
44.710	2
44.722	1
44.849	2
44.977	1
45.267	2
45.523	0
45.523	1
45.801	2
46.347	2
46.486	2
46.614	1
46.753	2
46.893	2
47.032	2
47.160	1
47.160	2
47.195	0
47.427	1
47.705	1
47.856	2
47.996	2
48.123	2
48.263	1
48.286	0
48.309	0
48.541	2
48.681	2
48.797	1
48.948	2
49.087	2
49.238	2
49.366	1
49.377	0
49.633	2
49.772	2
49.900	1
50.062	2
50.190	2
50.341	2
50.445	1
50.469	0
50.608	2
50.724	1
50.736	2
50.887	2
50.991	1
51.142	2
51.270	1
51.270	2
51.397	2
51.537	2
51.548	1
51.804	1
51.943	2
52.082	1
52.349	2
52.384	1
52.628	2
52.663	0
52.907	2
53.034	2
53.174	1
53.313	2
53.452	2
53.464	1
53.592	2
53.719	1
53.743	0
53.859	2
53.998	2
54.265	1
54.416	2
54.544	2
54.683	2
54.822	1
54.834	0
55.089	2
55.356	1
55.507	2
55.635	2
55.786	2
55.925	0
56.169	1
56.459	1
56.726	1
56.726	2
56.993	1
57.017	0
57.040	0
57.272	2
57.400	2
57.539	1
57.690	2
57.829	2
57.969	2
58.096	2
58.120	0
58.143	0
58.375	2
58.642	1
58.654	0
58.793	2
58.921	2
59.188	1
59.211	0
59.466	2
59.606	2
59.722	1
59.745	0
60.000	2
60.012	1
60.140	2
60.279	2
60.534	1
60.674	2
60.825	1
60.848	0
61.080	2
61.336	2
61.359	2
61.394	0
61.649	2
61.765	2
61.904	1
62.195	2
62.334	2
62.450	1
62.473	0
62.740	2
62.868	2
63.007	1
63.031	0
63.077	1
63.147	2
63.286	2
63.425	2
63.541	1
63.576	0
63.692	2
63.820	2
63.959	2
64.087	1
64.122	0
64.226	2
64.377	2
64.621	1
64.644	0
64.900	1
65.062	2
65.190	1
65.202	0
65.341	2
65.457	2
65.469	1
65.608	2
65.712	1
65.736	0
65.991	2
66.130	2
66.258	1
66.537	1
66.548	2
66.804	1
66.839	0
67.082	2
67.094	1
67.222	2
67.349	1
67.500	2
67.628	1
67.640	2
67.895	1
68.174	2
68.325	2
68.441	1
68.719	2
68.847	2
69.010	0
69.254	1
69.544	1
69.811	2
69.822	1
70.089	1
70.136	0
70.368	2
70.635	1
70.763	2
70.914	1
70.914	2
71.459	2
71.738	1
71.761	0
71.993	1
72.133	2
72.272	2
72.295	0
72.319	0
72.539	2
72.690	2
72.795	1
73.062	2
73.201	2
73.329	1
73.352	0
73.480	2
73.596	1
73.758	2
73.874	1
74.025	2
74.165	1
74.165	2
74.292	2
74.432	1
74.478	0
74.699	2
74.850	2
74.977	1
75.117	2
75.244	2
75.256	1
75.384	2
75.523	1
75.790	2
75.929	2
76.057	1
76.196	2
76.347	2
76.487	2
76.603	1
76.637	0
76.765	2
76.893	2
77.044	2
77.160	1
77.299	2
77.427	2
77.450	1
77.566	2
77.706	1
77.729	0
77.973	1
78.240	1
78.274	1
78.286	0
78.507	2
78.774	2
78.820	0
79.064	2
79.319	1
79.459	2
79.610	2
79.621	1
79.737	2
79.865	1
80.016	2
80.155	2
80.295	2
80.422	1
80.701	2
80.956	1
80.980	0
81.247	2
81.386	2
81.502	1
81.653	2
81.781	2
81.792	1
82.059	1
82.059	2
82.083	0
82.326	1
82.477	2
82.605	1
82.744	2
82.895	2
83.023	2
83.151	1
83.174	0
83.197	0
83.302	2
83.429	2
83.569	2
83.696	1
83.847	2
83.975	2
84.126	2
84.254	1
84.277	0
84.521	2
84.672	2
84.788	1
84.950	2
85.078	2
85.229	2
85.333	1
85.357	0
85.624	1
85.624	2
85.775	2
85.891	1
85.902	0
86.030	2
86.158	2
86.169	1
86.285	2
86.436	1
86.436	2
86.460	0
86.692	1
86.831	2
86.982	1
87.237	2
87.516	2
87.551	0
87.574	0
87.806	2
87.934	2
88.073	1
88.201	2
88.352	1
88.352	2
88.491	2
88.607	1
88.631	0
88.886	2
89.153	1
89.304	2
89.443	2
89.583	2
89.710	1
89.722	0
89.989	2
90.128	1
90.128	2
90.256	1
90.395	2
90.535	1
90.535	2
90.674	2
90.825	0
91.057	1
91.220	2
91.347	1
91.487	2
91.614	1
91.626	2
91.893	1
91.916	0
92.172	2
92.299	2
92.439	1
92.578	2
92.729	2
92.868	2
92.996	2
93.019	0
93.263	2
93.402	2
93.530	1
93.542	0
93.681	2
93.820	2
94.087	1
94.110	0
94.354	2
94.494	2
94.621	1
94.645	0
94.761	2
94.888	2
94.900	1
95.039	2
95.167	2
95.422	1
95.713	1
95.736	0
95.980	2
96.003	1
96.223	2
96.247	2
96.282	0
96.537	2
96.665	2
96.804	1
96.943	2
97.083	2
97.350	1
97.361	0
97.489	2
97.628	2
97.756	2
97.895	1
97.919	0
97.965	1
98.174	2
98.325	2
98.441	1
98.464	0
98.580	2
98.720	2
98.731	1
98.847	2
98.987	1
99.010	0
99.126	2
99.265	2
99.277	1
99.521	1
99.544	0
99.788	1
99.950	2
100.078	1
100.090	0
100.229	2
100.357	2
100.368	1
100.496	2
100.600	1
100.624	0
100.891	2
100.902	1
101.030	2
101.146	1
101.436	1
101.436	2
101.692	1
101.982	2
102.110	2
102.249	1
102.400	2
102.528	1
102.539	2
102.783	1
102.806	0
103.073	2
103.340	1
103.480	2
103.607	2
103.747	2
103.898	0
104.153	1
104.432	1
104.699	2
104.710	1
104.977	1
105.024	0
105.256	2
105.395	2
105.523	1
105.651	2
105.802	2
105.813	1
105.941	2
106.347	2
106.626	1
106.649	0
106.893	1
107.021	2
107.172	2
107.183	0
107.218	0
107.439	2
107.578	2
107.706	1
107.833	2
107.973	2
107.984	1
108.112	2
108.228	1
108.263	0
108.507	1
108.785	1
108.936	2
109.076	1
109.076	2
109.203	2
109.343	1
109.378	0
109.482	2
109.610	2
109.761	2
109.877	1
110.016	2
110.155	2
110.167	1
110.295	2
110.422	1
110.446	0
110.562	2
110.701	2
110.829	2
110.968	1
111.107	2
111.247	2
111.398	2
111.514	1
111.549	0
111.792	2
111.943	2
112.060	1
112.338	2
112.350	1
112.477	2
112.605	1
112.640	0
113.151	1
113.186	0
113.209	0
113.418	2
113.453	1
113.685	2
113.708	1
113.731	0
113.975	2
114.231	1
114.509	2
114.649	2
114.776	1
115.066	2
115.206	2
115.322	1
115.484	2
115.601	1
115.601	2
115.868	1
116.146	2
116.413	1
116.553	2
116.692	2
116.831	2
116.959	1
116.971	2
116.994	0
117.226	1
117.505	1
117.644	2
117.795	2
117.934	2
118.062	1
118.085	0
118.108	0
118.340	2
118.480	2
118.596	1
118.747	2
118.886	2
119.037	2
119.165	1
119.176	0
119.432	2
119.571	2
119.699	1
119.861	2
119.989	2
120.140	2
120.256	1
120.256	2
120.279	0
120.303	0
120.523	2
120.674	2
120.790	1
120.813	0
121.069	2
121.208	2
121.324	1
121.347	0
121.591	2
121.615	1
121.626	0
121.870	1
122.021	2
122.160	2
122.276	1
122.300	0
122.404	1
122.427	0
122.683	1
122.683	2
122.706	0
122.973	1
123.240	2
123.391	2
123.507	1
123.530	0
123.797	2
124.076	1
124.343	2
124.494	2
124.610	1
124.633	0
