0.023	2
0.511	2
0.522	1
0.557	2
0.580	1
0.650	1
1.068	0
1.591	2
1.625	1
1.730	1
2.148	0
2.183	2
2.670	2
2.694	0
2.694	1
2.705	2
2.752	2
2.786	2
2.821	1
3.228	2
3.251	0
3.785	2
3.796	1
3.831	1
3.843	2
4.214	2
4.331	2
4.342	0
4.377	2
4.865	2
4.888	0
4.888	1
4.923	2
4.934	1
4.957	2
4.981	2
5.422	2
5.445	0
5.480	2
5.968	2
5.991	1
6.014	1
6.014	2
6.095	2
6.107	1
6.502	2
6.536	0
6.548	2
7.059	2
7.070	0
7.070	1
7.210	1
7.593	2
7.628	0
8.150	2
8.173	1
8.290	1
8.696	2
8.719	0
8.742	2
9.230	2
9.265	1
9.300	1
9.358	2
9.776	2
9.810	0
9.822	2
9.834	0
10.321	2
10.356	0
10.356	1
10.368	2
10.391	1
10.449	2
10.472	1
10.867	2
10.902	0
10.913	2
10.925	0
11.413	2
11.436	0
11.436	1
11.471	1
11.482	2
11.575	1
11.970	2
12.005	0
12.016	2
12.516	2
12.539	1
12.574	1
12.632	2
12.666	1
