0.023	0
0.128	0
0.488	1
0.534	1
0.627	1
0.859	1
1.103	0
1.602	1
1.672	1
2.148	1
2.194	0
2.403	0
2.694	1
2.752	1
2.856	1
3.251	0
3.297	0
3.785	1
3.843	1
4.342	0
4.377	0
4.899	1
4.992	1
5.410	0
5.457	0
6.223	2
6.536	0
7.152	1
7.581	1
7.616	0
8.092	2
8.115	1
8.150	1
8.231	2
8.266	1
8.684	0
8.742	0
9.218	1
9.334	1
9.776	1
9.799	0
9.834	0
9.880	0
10.321	1
10.379	1
10.879	0
10.937	0
11.424	1
11.552	1
12.016	0
12.481	2
12.550	1
13.491	2
13.653	1
13.723	1
13.862	2
14.187	0
14.675	1
14.733	1
14.791	1
15.232	1
15.778	1
15.882	1
16.347	2
16.916	1
16.974	1
17.009	1
17.287	2
17.415	2
17.473	0
17.519	0
17.961	1
18.100	1
18.309	1
18.506	0
18.564	0
18.669	0
19.017	2
19.052	1
19.087	1
19.168	1
19.644	0
20.143	1
20.712	0
20.921	0
21.223	1
21.258	1
21.629	2
22.059	2
22.268	2
22.326	1
22.430	1
22.814	2
22.848	1
22.883	0
23.429	1
23.545	1
24.509	1
24.543	1
25.124	0
25.414	1
25.612	1
25.646	1
25.728	1
