0.023	0
0.569	1
0.940	0
1.010	0
1.115	0
1.115	2
1.370	0
1.649	0
1.649	2
1.904	0
1.916	1
1.916	2
2.194	0
2.194	2
2.485	2
2.752	0
2.752	1
2.775	2
3.030	2
3.135	0
3.297	2
3.309	0
3.425	0
3.564	0
3.564	2
3.831	0
3.831	1
3.843	2
3.947	0
4.098	0
4.098	2
4.226	0
4.377	0
4.377	2
4.656	2
4.934	0
4.934	1
4.946	2
5.213	2
5.329	0
5.480	0
5.492	2
5.735	0
5.735	2
6.002	0
6.014	2
6.269	0
6.269	1
6.281	2
6.548	0
6.827	2
7.105	1
7.535	0
7.639	0
7.651	2
7.779	0
7.930	0
8.173	0
8.185	1
8.301	0
8.313	1
8.440	1
8.464	0
8.603	0
8.719	2
8.731	0
9.009	2
9.276	1
9.288	2
9.555	2
9.683	0
9.810	0
9.822	2
9.973	0
10.089	0
10.089	2
10.344	2
10.368	0
10.623	1
10.635	0
10.913	2
10.925	0
11.459	0
11.459	1
11.471	2
11.761	2
11.854	0
11.877	1
12.016	0
12.028	2
12.156	1
12.283	0
12.295	2
12.550	0
12.550	1
12.562	2
12.678	0
12.841	0
12.841	2
12.968	0
13.119	0
13.119	2
13.653	0
13.653	1
13.665	2
13.932	2
14.048	0
14.199	0
14.211	2
14.350	0
14.466	0
14.478	2
14.721	2
14.733	0
15.012	0
15.012	1
15.302	0
15.824	1
16.219	0
16.358	0
16.382	2
16.509	0
16.637	0
16.788	1
16.881	0
16.916	1
17.183	0
17.183	1
17.322	1
17.485	0
17.752	2
17.833	0
17.903	0
18.007	0
18.030	1
18.158	0
18.204	1
18.274	2
18.437	0
18.448	1
18.564	0
18.692	1
18.704	0
18.820	0
18.831	2
18.971	0
19.087	0
19.087	2
19.098	1
19.238	0
19.365	2
19.377	0
19.632	2
19.644	0
19.691	0
19.900	2
20.108	0
20.178	1
20.190	2
20.341	0
20.445	2
20.596	0
20.735	0
20.735	2
20.852	0
20.886	1
20.991	0
21.002	2
21.119	0
21.269	1
21.269	2
21.374	0
21.525	0
21.606	1
21.664	1
21.815	0
21.896	1
22.384	0
22.396	1
22.396	2
22.814	0
22.860	0
22.941	0
22.941	2
23.081	0
23.197	0
23.464	2
23.475	0
23.731	0
23.742	1
23.754	2
24.044	0
24.044	2
24.555	0
24.567	1
24.567	2
24.950	0
25.112	0
25.228	0
25.379	0
25.658	0
25.658	1
25.658	2
25.704	2
25.913	2
26.192	0
26.215	1
26.239	0
26.320	0
26.355	1
26.459	0
26.482	1
26.517	1
26.622	1
26.738	2
26.889	0
26.935	0
27.156	0
27.156	1
27.423	2
27.434	0
27.562	2
28.375	1
28.386	0
28.630	0
28.653	1
28.793	1
28.828	1
28.897	2
29.048	1
29.071	0
29.164	0
29.304	0
29.315	1
29.396	2
29.582	1
29.849	0
29.872	2
29.954	0
29.989	1
30.012	1
30.023	2
30.116	0
30.174	1
30.290	1
30.430	0
30.430	1
30.569	0
31.115	0
31.126	1
31.521	0
31.649	0
31.800	0
31.916	0
32.171	0
32.183	2
32.450	1
32.461	0
32.461	2
32.740	0
32.740	2
33.007	2
33.274	0
33.274	1
33.286	2
33.564	2
33.669	0
33.831	0
33.831	2
33.948	0
34.087	0
34.099	2
34.366	0
34.366	1
34.366	2
34.493	0
34.633	2
34.656	0
34.783	0
34.911	0
34.923	2
35.468	1
35.886	0
35.886	1
35.968	0
36.014	2
36.026	0
36.281	0
36.560	0
36.560	2
36.827	0
36.827	1
37.105	0
37.384	2
37.640	0
37.651	1
37.930	2
38.046	0
38.185	0
38.197	2
38.325	0
38.452	0
38.464	1
38.731	0
38.882	1
38.998	1
39.010	0
39.137	0
39.288	0
39.288	1
39.323	1
39.834	0
39.834	1
39.845	2
40.217	0
40.240	1
40.287	0
40.380	0
40.380	2
40.519	0
40.635	0
40.647	2
40.890	0
40.902	2
41.169	0
41.181	1
41.459	0
41.738	2
41.993	0
42.005	1
42.017	2
42.284	2
42.365	0
42.400	1
42.539	2
42.551	0
42.667	0
42.806	0
42.806	2
43.073	0
43.073	1
43.085	2
43.352	0
43.352	2
43.491	0
43.619	1
43.642	0
43.654	2
44.188	0
44.188	1
44.199	2
44.640	0
44.733	0
44.733	2
44.884	0
44.989	0
45.267	0
45.267	2
45.523	0
45.534	1
45.546	0
45.813	0
45.813	2
46.092	2
46.359	1
46.637	2
46.753	0
46.893	0
46.904	2
47.160	0
47.299	1
47.427	1
47.450	0
47.554	0
47.694	0
47.705	1
47.821	0
47.984	0
48.007	1
