0.012	0
0.906	0
1.103	1
1.985	0
2.183	0
3.077	0
3.274	1
3.599	0
3.599	1
3.820	1
4.133	0
4.365	0
5.283	0
5.503	1
6.351	0
6.536	0
7.430	0
7.628	0
7.628	1
8.185	2
8.522	0
8.719	0
9.625	0
9.834	0
9.834	1
9.845	2
10.716	0
10.913	0
10.937	2
11.796	0
11.993	0
11.993	1
12.144	1
12.283	1
12.423	0
12.434	1
12.550	1
12.875	0
12.887	1
13.061	0
13.978	0
14.176	0
14.176	1
14.199	2
15.058	0
15.244	0
15.244	2
16.347	0
16.358	1
16.660	1
16.904	1
16.951	1
17.218	0
17.438	0
18.007	2
18.332	0
18.553	1
18.611	2
19.110	2
19.656	2
19.992	0
20.201	0
20.201	2
20.747	0
20.759	1
21.269	0
21.281	2
21.838	2
22.372	0
22.384	2
22.930	0
22.941	1
23.011	2
23.452	2
23.766	0
23.975	0
23.975	2
24.300	0
24.300	1
24.520	2
24.822	0
25.066	1
25.078	2
25.194	2
25.356	1
25.600	1
25.879	0
26.134	0
26.726	2
27.005	0
27.237	1
27.574	0
28.119	0
28.352	0
28.677	0
28.677	2
29.199	0
29.431	0
29.431	1
29.745	0
29.745	2
30.290	0
30.511	0
30.523	2
31.092	2
31.405	0
31.626	1
32.148	2
32.461	0
32.682	0
32.682	2
33.251	2
33.564	0
33.576	2
33.797	0
33.797	1
34.087	1
34.342	1
34.644	1
34.900	0
35.422	2
35.759	0
36.003	1
36.873	0
37.082	0
37.094	2
37.651	2
37.976	0
38.197	1
38.731	2
39.277	2
39.834	0
40.368	0
40.380	1
40.925	2
41.436	0
41.436	2
42.005	1
42.098	1
42.388	0
42.388	1
42.539	1
42.852	1
43.085	1
43.398	0
43.642	0
44.222	2
44.547	0
44.768	0
44.768	1
44.780	2
45.302	2
45.627	0
45.836	2
46.359	2
46.370	0
46.475	0
46.719	0
46.916	1
46.928	2
47.450	2
48.019	2
48.576	0
48.576	2
49.099	0
49.099	1
49.633	2
49.958	0
50.155	0
50.155	2
50.724	2
51.072	0
51.281	0
51.281	1
51.293	2
51.618	1
52.140	0
52.373	0
53.301	0
53.487	1
54.044	2
54.370	0
54.567	0
54.579	2
55.461	0
55.647	0
55.647	1
56.192	2
56.529	0
56.726	0
57.597	0
57.841	0
57.853	1
58.398	2
58.700	0
58.897	0
59.281	1
60.024	0
60.035	1
60.175	0
60.186	1
60.302	0
60.302	1
60.430	1
60.546	1
60.569	0
60.894	0
60.894	1
61.092	0
61.475	1
61.672	2
62.009	0
62.206	0
62.206	1
62.752	2
63.089	0
63.286	0
63.309	2
63.646	1
64.180	0
64.389	0
64.389	1
64.923	2
65.260	0
65.469	0
65.480	2
66.038	2
66.351	0
66.595	1
66.769	2
66.897	1
67.117	2
67.442	0
67.651	1
67.675	2
67.976	0
67.976	1
68.185	0
68.185	2
68.441	1
68.534	1
68.592	1
68.719	0
68.731	2
68.812	1
68.917	1
69.056	0
69.068	1
69.137	1
69.242	0
69.346	0
69.486	1
69.788	0
70.670	0
70.879	0
70.879	1
71.250	1
71.761	0
71.982	0
72.887	0
73.085	0
73.085	1
73.410	0
73.956	0
73.956	2
74.176	0
74.188	2
74.745	2
75.059	0
75.302	1
75.627	0
75.871	1
76.150	1
76.394	2
76.405	0
76.951	0
77.195	1
77.439	1
77.485	1
77.787	1
78.007	1
78.309	0
78.541	0
79.412	0
79.412	2
79.644	0
79.656	1
79.946	0
79.946	2
80.480	0
80.713	0
80.713	2
81.038	0
81.548	0
81.781	0
81.792	1
82.117	0
82.675	0
82.895	0
82.895	2
83.766	0
83.987	1
84.811	0
85.055	0
85.914	0
86.134	0
86.134	1
86.448	0
86.448	1
86.994	0
87.214	0
88.143	0
88.352	0
88.352	1
89.234	0
89.432	0
90.314	0
90.511	1
90.883	0
91.417	0
91.614	0
91.626	2
92.485	0
92.694	0
92.694	1
93.553	0
93.774	0
93.785	2
94.668	0
94.888	0
94.888	1
95.422	2
95.736	0
95.956	0
97.071	1
97.942	0
98.151	0
99.056	0
99.289	0
99.289	1
99.614	0
100.148	0
100.357	0
101.204	0
101.436	1
102.307	0
102.528	0
103.398	0
103.631	0
103.631	1
103.956	0
104.501	0
104.710	0
105.604	0
