0.244	1
0.255	0
0.395	2
0.511	2
0.662	2
0.789	1
1.068	2
1.335	1
1.347	0
1.614	2
1.892	1
2.171	2
2.450	0
2.450	1
2.717	2
2.984	1
3.251	2
3.518	2
3.529	0
3.785	1
4.063	1
4.214	2
4.354	2
4.481	2
4.621	1
4.632	0
4.644	2
4.888	2
5.155	1
5.294	2
5.433	2
5.573	2
5.700	1
5.712	0
5.979	2
6.107	2
6.246	1
6.525	2
6.792	1
6.803	0
7.070	2
7.338	1
7.605	2
7.872	1
7.883	0
8.150	0
8.162	1
8.429	1
8.696	2
8.951	2
8.986	0
9.253	2
9.509	1
9.787	2
10.054	1
10.066	0
10.089	2
10.344	2
10.600	1
10.879	2
11.146	1
11.157	0
11.169	2
11.424	2
11.691	1
11.970	2
12.237	2
12.260	0
12.504	1
12.783	1
12.922	2
13.073	2
13.201	2
13.340	1
13.351	0
13.619	2
13.886	1
14.025	2
14.153	2
14.443	0
14.710	2
14.849	2
14.977	1
15.139	2
15.256	2
15.418	2
15.523	1
15.534	0
15.546	2
15.813	2
15.964	2
16.068	1
16.347	2
16.475	2
16.614	2
16.637	0
16.881	1
17.171	1
17.427	2
17.705	2
17.728	0
17.984	2
18.251	1
18.390	2
18.530	2
18.669	2
18.797	1
18.808	0
18.820	2
18.936	2
19.064	2
19.342	1
19.621	2
19.888	1
19.900	0
20.167	2
20.434	1
20.712	2
20.979	1
20.991	0
21.014	2
21.246	1
21.537	1
21.804	2
22.071	1
22.082	0
22.349	2
22.477	2
22.616	1
22.906	2
23.046	2
23.174	1
23.174	2
23.185	0
23.313	2
23.452	2
23.719	1
23.870	2
23.998	2
24.276	1
24.288	0
24.543	2
24.799	1
25.078	2
25.345	2
25.356	1
25.368	0
25.612	1
25.902	1
26.157	2
26.436	2
26.448	1
26.459	0
26.726	2
26.842	2
26.982	1
27.272	2
27.527	1
27.539	0
27.818	2
28.085	1
28.224	2
28.363	2
28.630	1
28.642	0
28.642	2
28.897	2
29.176	1
29.455	2
29.698	1
29.710	0
29.733	2
29.977	1
30.267	1
30.534	2
30.790	1
30.801	0
30.813	2
31.068	2
31.208	2
31.335	1
31.626	2
31.881	1
31.893	0
31.893	2
32.160	2
32.427	1
32.578	2
32.717	2
32.972	1
32.984	0
32.996	2
33.251	2
33.518	1
33.797	2
34.064	1
34.075	0
34.331	1
34.621	1
34.888	2
35.097	2
35.167	1
35.178	0
35.445	2
35.712	1
35.840	2
35.991	2
36.258	1
36.270	0
36.815	1
36.850	2
36.955	1
37.071	1
37.210	2
37.349	1
37.349	2
37.361	0
37.616	2
37.767	2
37.895	1
38.162	2
38.301	2
38.417	1
38.429	0
38.708	1
38.986	1
39.137	2
39.277	2
39.404	2
39.544	1
39.555	0
39.567	2
39.811	2
40.078	1
40.356	2
40.496	2
40.635	1
40.647	0
40.902	2
41.030	2
41.169	1
41.448	2
41.726	1
41.738	0
41.993	2
42.260	1
42.539	2
42.806	0
43.073	0
43.085	1
43.352	1
43.619	2
43.874	2
43.921	0
44.176	2
44.431	1
44.710	2
44.977	1
44.989	0
45.267	2
45.523	1
45.801	2
46.068	1
46.080	0
46.092	2
46.347	2
46.614	1
46.893	2
47.160	2
47.183	0
47.427	1
47.705	1
47.845	2
47.996	2
48.123	2
48.263	1
48.274	0
48.541	2
48.808	1
48.948	2
49.087	2
49.377	0
49.633	2
49.772	2
49.900	1
50.062	2
50.190	2
50.341	2
50.445	1
50.457	0
50.469	2
50.736	2
50.887	2
50.991	1
51.142	2
51.270	2
51.397	2
51.537	2
51.560	0
51.804	1
52.094	1
52.349	2
52.628	2
52.651	0
52.907	2
53.174	1
53.313	2
53.452	2
53.592	2
53.719	1
53.731	0
53.743	2
53.859	2
53.998	2
54.265	1
54.544	2
54.811	1
54.822	0
55.089	2
55.356	1
55.635	2
55.914	0
55.914	1
56.169	1
56.459	1
56.726	2
56.993	1
57.005	0
57.272	2
57.400	2
57.539	1
57.829	2
57.969	2
58.108	2
58.120	0
58.236	2
58.375	2
58.642	1
58.921	2
59.199	1
59.211	0
59.466	2
59.722	1
60.000	2
60.279	1
60.279	2
60.291	0
60.534	1
60.825	1
61.080	2
61.336	2
61.359	2
61.370	1
61.382	0
61.649	2
61.765	2
61.916	1
62.195	2
62.462	0
62.462	2
62.740	2
62.868	2
63.007	1
63.147	2
63.286	2
63.553	1
63.565	0
63.576	2
63.832	2
64.099	1
64.377	2
64.621	1
64.633	0
64.656	2
64.900	1
65.190	1
65.457	2
65.712	1
65.724	0
65.747	2
66.003	2
66.130	2
66.258	1
66.548	2
66.804	1
66.815	0
66.815	2
67.082	2
67.349	1
67.500	2
67.640	2
67.895	1
67.907	0
67.918	2
68.174	2
68.441	1
68.719	2
68.986	1
68.998	0
69.254	1
69.544	1
69.811	2
70.020	2
70.089	1
70.101	0
70.368	2
70.635	1
70.763	2
70.914	2
71.181	1
71.192	0
71.738	1
71.773	2
71.877	1
72.005	1
72.133	2
72.272	2
72.284	0
72.284	1
72.539	2
72.690	2
72.806	1
73.073	2
73.329	1
73.340	0
73.607	1
73.758	2
73.886	1
74.025	2
74.165	2
74.432	1
74.443	0
74.466	2
74.699	2
74.850	2
74.977	1
75.244	2
75.384	2
75.523	1
75.535	0
75.790	2
76.069	1
76.347	2
76.614	1
76.626	0
76.893	2
77.160	1
77.299	2
77.427	2
77.706	0
77.717	2
77.973	0
77.973	1
78.251	1
78.518	2
78.774	2
78.809	0
79.064	2
79.331	1
79.610	2
79.877	1
79.888	0
79.900	2
80.155	2
80.422	1
80.701	2
80.956	1
80.968	0
80.991	2
81.247	2
81.502	1
81.653	2
81.781	2
82.059	2
82.071	0
82.326	1
82.605	1
82.744	2
82.895	2
83.023	2
83.162	1
83.174	0
83.429	2
83.696	1
83.975	2
84.254	1
84.265	0
84.521	2
84.672	2
84.799	1
84.950	2
85.078	2
85.333	1
85.357	0
85.368	2
85.624	2
85.891	1
86.158	2
86.436	2
86.460	0
86.703	1
86.982	1
87.249	2
87.516	2
87.539	0
87.806	2
88.073	1
88.201	2
88.352	2
88.619	1
88.631	0
88.642	2
88.886	2
89.153	1
89.443	2
89.710	1
89.722	0
89.989	2
90.256	1
90.395	2
90.535	2
90.802	1
90.813	0
90.836	2
91.057	1
91.347	1
91.626	2
91.893	1
91.905	0
92.172	2
92.299	2
92.439	1
92.717	2
92.996	1
92.996	2
93.008	0
93.263	2
93.530	1
93.809	2
94.087	1
94.099	0
94.621	1
94.900	2
95.167	2
95.179	1
95.190	0
95.422	1
95.713	1
95.980	2
96.223	2
96.247	2
96.270	1
96.282	0
96.537	2
96.804	1
96.943	2
97.094	2
97.361	0
97.489	2
97.628	2
97.756	2
97.895	1
98.174	2
98.441	1
98.453	0
98.464	2
98.720	2
98.987	1
99.126	2
99.265	2
99.521	1
99.532	0
99.556	2
99.788	1
100.078	1
100.357	2
100.612	1
100.624	0
100.635	2
100.891	2
101.158	1
101.436	2
101.703	1
101.703	2
101.715	0
101.982	2
102.249	1
102.539	2
102.795	0
102.795	1
102.818	2
103.073	2
103.340	1
103.619	2
103.886	1
103.898	0
103.921	2
104.153	0
104.153	1
104.432	1
104.699	2
104.919	2
104.989	1
105.001	0
105.256	2
105.523	1
105.802	2
106.069	1
106.080	0
106.626	1
106.661	2
106.765	1
106.893	1
107.021	2
107.172	1
107.172	2
107.183	0
107.439	2
107.578	2
107.706	1
107.973	2
108.240	1
108.251	0
108.251	2
108.518	1
108.785	1
108.936	2
109.076	2
109.203	2
109.343	1
109.354	0
109.610	2
109.761	2
109.877	1
110.155	2
110.295	2
110.434	1
110.446	0
110.701	2
110.968	1
111.247	2
111.525	1
111.537	0
111.792	2
112.071	1
112.338	2
112.617	0
112.884	0
112.884	1
113.151	1
113.418	2
113.685	2
113.720	0
113.975	2
114.231	1
114.521	2
114.776	1
114.788	0
115.066	2
115.322	1
115.601	2
115.868	1
115.879	0
115.891	2
116.146	2
116.413	1
116.692	2
116.971	1
116.971	2
116.982	0
117.226	1
117.505	1
117.656	2
117.795	2
118.062	1
118.073	0
118.340	2
118.608	1
118.747	2
118.886	2
119.165	1
119.176	0
119.432	2
119.699	1
119.861	2
119.989	2
120.140	2
120.256	1
120.256	2
120.268	0
120.523	2
120.674	2
120.802	1
121.069	2
121.208	2
121.324	1
121.336	0
121.591	2
121.615	1
121.626	0
121.882	1
122.160	2
122.276	1
122.300	0
122.404	1
122.416	0
122.683	1
122.694	0
122.973	1
123.240	2
123.391	2
123.519	0
123.519	1
123.553	2
123.797	2
124.076	1
124.343	2
124.494	2
124.621	1
124.633	0
124.668	2
