0.410	2
0.480	0
13.720	2
14.610	2
22.600	0
25.160	1
26.150	2
26.740	0
26.740	1
26.740	2
26.960	2
27.540	2
27.730	1
27.730	2
28.010	2
28.320	0
28.320	1
28.320	2
28.530	2
28.720	0
28.720	2
29.130	2
29.310	1
29.310	2
29.850	2
30.890	1
30.890	2
31.480	0
31.480	1
31.480	2
31.690	2
32.470	2
32.740	2
33.060	1
33.060	2
33.270	2
33.860	2
34.050	2
34.840	2
35.030	2
35.440	2
36.210	1
37.200	1
37.790	1
38.780	2
39.050	2
39.590	2
39.770	0
40.180	2
40.360	1
40.360	2
40.640	2
40.950	1
41.160	2
41.350	2
41.760	2
41.940	1
41.940	2
42.220	2
42.530	1
42.530	2
42.750	2
43.340	2
43.520	1
43.520	2
44.110	1
44.110	2
44.320	2
44.510	0
44.700	0
45.100	2
45.890	1
45.890	2
46.680	2
47.470	2
47.670	0
47.860	0
47.860	1
47.860	2
48.250	2
49.040	2
49.830	2
50.620	2
50.820	0
51.410	2
52.200	2
52.910	1
52.910	2
52.990	2
53.190	0
53.780	2
54.180	0
54.570	2
55.170	0
55.360	2
56.070	1
56.150	2
56.940	1
56.940	2
57.730	2
57.950	0
58.520	2
58.920	0
59.310	2
60.100	2
60.300	1
60.490	0
60.890	2
61.080	0
61.680	2
62.680	0
63.250	2
63.450	0
63.450	2
63.650	0
64.040	2
64.250	0
64.830	2
65.030	0
65.540	2
65.620	2
66.410	2
66.610	1
66.810	0
67.200	2
67.990	2
68.700	1
68.700	2
68.780	2
68.980	0
69.570	2
84.570	2
85.760	0
86.150	2
86.350	1
86.940	2
87.650	2
87.730	2
88.520	2
89.310	2
90.100	2
90.310	0
90.810	1
91.300	0
91.680	2
92.070	1
92.070	2
92.470	2
93.260	2
94.040	2
94.830	2
95.620	2
96.410	2
97.200	2
97.990	2
98.780	2
99.570	2
100.360	2
101.150	2
101.550	0
101.940	2
102.540	0
102.730	2
103.520	2
104.310	2
105.100	2
105.890	2
106.680	2
107.460	2
107.470	1
107.870	0
109.040	2
109.830	2
110.620	0
110.620	2
111.030	0
111.410	2
112.200	2
112.990	2
113.600	0
113.780	2
114.180	0
114.570	2
115.170	0
115.360	2
116.150	2
116.750	0
116.940	2
117.340	0
117.730	2
117.920	0
118.520	2
119.310	2
120.090	2
120.890	2
121.090	0
121.680	2
122.470	2
123.250	2
124.040	2
124.240	0
124.830	2
125.620	2
125.820	0
126.410	2
127.200	2
127.400	0
127.990	2
128.780	2
129.570	1
129.570	2
130.360	2
131.150	2
131.940	2
132.730	1
132.730	2
133.130	0
133.520	2
134.310	2
135.100	2
135.890	0
135.890	1
135.890	2
136.280	0
136.680	2
137.470	2
138.250	2
139.040	2
139.450	0
139.830	2
140.620	2
141.020	1
141.810	1
142.600	0
142.600	1
142.600	2
143.000	2
143.390	1
143.390	2
144.180	2
144.580	0
144.580	2
144.960	1
144.960	2
145.760	0
145.760	2
146.540	1
146.540	2
147.140	0
147.340	0
147.340	2
147.740	0
147.740	2
148.120	0
148.120	1
148.120	2
148.520	1
148.920	0
149.700	1
149.700	2
150.500	0
150.500	2
151.280	0
151.280	1
151.280	2
152.080	0
152.080	2
152.860	1
152.860	2
153.650	1
153.650	2
154.440	1
156.020	1
156.020	2
156.820	2
157.210	0
157.210	2
157.600	1
157.600	2
158.390	0
158.390	2
159.180	1
159.180	2
159.970	2
160.750	1
160.750	2
161.550	0
162.330	1
162.330	2
163.530	2
163.910	1
163.910	2
164.120	0
164.700	1
164.700	2
166.280	1
167.070	1
168.260	2
168.650	1
168.650	2
169.450	0
169.450	2
169.840	0
169.840	2
170.230	1
170.230	2
171.030	0
171.030	2
171.810	1
171.810	2
172.600	0
172.600	2
173.000	0
173.000	2
173.390	1
173.390	2
173.780	0
173.780	1
174.180	0
174.960	1
174.960	2
175.760	0
175.760	2
176.160	0
176.540	1
176.540	2
177.340	0
177.340	2
178.120	1
178.120	2
178.910	1
178.910	2
181.280	1
181.280	2
182.080	2
182.470	0
182.470	2
182.860	1
182.860	2
183.650	0
183.650	2
184.440	1
184.440	2
185.630	0
185.630	2
186.020	1
186.020	2
187.590	1
187.600	2
188.000	2
188.790	2
189.170	1
189.180	2
189.960	1
189.960	2
192.330	1
225.140	0
225.360	0
