8.810	0
9.330	0
9.860	0
10.380	0
10.380	2
10.900	0
10.900	2
11.420	0
11.420	2
11.940	0
12.460	0
12.990	0
12.990	2
13.510	0
13.510	2
14.030	0
14.030	2
14.550	0
14.550	2
15.070	0
15.070	2
15.600	0
15.600	2
16.120	0
16.120	2
16.640	0
16.640	2
17.160	0
17.160	2
17.420	2
17.680	0
17.940	2
18.200	0
18.200	2
18.470	2
18.720	0
18.990	2
19.250	0
19.250	2
19.510	2
19.770	0
19.770	2
20.030	2
20.290	0
20.290	2
20.550	2
20.810	0
20.810	2
20.950	2
21.070	2
21.330	0
21.600	2
21.860	0
22.120	2
22.380	0
22.380	2
22.640	2
22.900	0
22.900	2
23.160	2
23.420	0
23.420	2
23.680	2
23.940	0
24.200	2
24.460	0
24.470	2
24.730	2
24.990	0
24.990	2
25.250	2
25.510	0
25.510	2
26.030	0
26.550	0
26.550	2
27.070	0
27.590	0
28.120	0
28.640	0
28.640	2
29.160	0
29.160	2
29.680	0
29.680	2
30.200	0
30.720	0
30.720	2
31.250	0
31.770	0
31.770	2
33.850	0
33.850	2
33.990	2
34.120	2
34.250	0
34.250	1
34.250	2
34.380	0
34.380	1
34.380	2
34.640	0
34.640	1
34.640	2
34.900	0
34.900	2
35.030	0
35.030	2
35.160	0
35.160	1
35.160	2
35.420	0
35.420	2
35.680	0
35.680	2
35.940	0
35.940	1
35.940	2
36.200	2
36.330	0
36.460	0
36.460	2
36.470	1
36.730	0
36.730	1
36.730	2
36.990	0
36.990	2
37.120	0
37.120	2
37.250	0
37.250	2
37.510	0
37.510	1
37.510	2
37.770	1
37.780	2
38.030	0
38.030	2
38.160	2
38.290	1
38.290	2
38.420	0
38.420	1
38.420	2
38.550	0
38.550	2
38.810	0
38.810	1
38.810	2
39.070	0
39.070	2
39.200	0
39.200	1
39.200	2
39.330	0
39.590	0
39.590	2
39.860	0
39.860	2
40.120	0
40.120	1
40.120	2
40.380	2
40.510	0
40.510	1
40.510	2
40.640	0
40.640	1
40.640	2
40.900	0
40.900	1
40.900	2
41.160	0
41.160	2
41.290	0
41.290	1
41.290	2
41.420	0
41.420	1
41.420	2
41.680	0
41.680	1
41.680	2
41.950	1
41.950	2
42.200	0
42.200	2
42.330	2
42.470	2
42.590	0
42.590	1
42.590	2
42.720	2
42.850	2
42.990	0
42.990	2
43.240	0
43.240	2
43.380	0
43.380	1
43.380	2
43.510	0
43.510	1
43.510	2
43.770	0
43.770	1
43.770	2
44.030	0
44.030	2
44.290	0
44.290	1
44.550	2
44.680	0
44.680	2
44.810	0
44.810	1
44.810	2
45.070	0
45.070	2
45.330	2
45.340	0
45.460	0
45.460	2
45.600	0
45.600	2
45.850	0
45.850	2
46.120	1
46.120	2
46.380	0
46.380	2
46.510	2
46.640	2
46.770	0
46.770	1
46.770	2
46.900	0
46.900	2
47.160	0
47.160	1
47.160	2
47.420	0
47.420	2
47.550	0
47.550	1
47.550	2
47.680	0
47.680	1
47.680	2
47.940	0
47.940	1
47.940	2
48.200	0
48.200	2
48.460	0
48.460	2
48.730	2
48.860	0
48.860	1
48.860	2
48.990	0
48.990	1
48.990	2
49.250	0
49.250	1
49.250	2
49.510	0
49.510	2
49.640	0
49.640	1
49.640	2
49.770	0
49.770	1
49.770	2
50.030	0
50.030	1
50.030	2
50.290	1
50.300	2
50.550	0
50.550	2
50.680	2
50.810	1
50.810	2
50.940	0
50.940	1
50.940	2
51.070	0
51.070	2
51.330	0
51.330	2
51.490	2
51.590	0
51.590	2
51.730	0
51.860	0
52.120	0
52.120	2
52.380	0
52.380	2
52.640	0
52.640	2
52.900	2
53.030	0
53.030	1
53.030	2
53.160	0
53.160	1
53.160	2
53.420	0
53.420	1
53.680	0
53.680	2
53.810	0
53.810	2
53.940	0
53.940	2
54.200	0
54.200	2
54.470	1
54.470	2
54.720	0
54.720	2
54.860	2
54.990	2
55.120	0
55.120	1
55.120	2
55.250	0
55.250	2
55.510	0
55.510	1
55.510	2
55.770	0
55.770	2
55.900	0
55.900	1
55.900	2
56.030	0
56.030	1
56.030	2
56.290	0
56.290	1
56.290	2
56.550	0
56.550	2
56.810	0
56.810	1
56.810	2
57.070	1
57.070	2
57.200	0
57.200	1
57.200	2
57.330	0
57.330	1
57.330	2
57.590	0
57.590	2
57.600	1
57.860	0
57.860	2
57.990	0
57.990	1
57.990	2
58.120	0
58.120	1
58.120	2
58.380	0
58.380	1
58.380	2
58.640	1
58.640	2
58.900	0
58.900	2
59.030	2
59.160	1
59.160	2
59.290	0
59.290	1
59.290	2
59.420	2
59.680	0
59.680	2
59.830	2
59.940	0
59.940	2
60.070	0
60.070	2
60.200	0
60.460	0
60.460	2
60.720	0
60.730	2
60.990	0
60.990	2
61.250	2
61.380	0
61.380	1
61.380	2
61.510	0
61.510	1
61.510	2
61.770	0
61.770	1
62.030	0
62.030	2
62.160	0
62.160	2
62.290	0
62.290	2
62.550	0
62.550	1
62.550	2
62.820	1
62.820	2
63.070	0
63.070	2
63.200	2
63.330	2
63.590	2
63.860	2
64.110	0
64.110	2
64.640	0
64.640	2
64.900	0
64.900	2
65.160	0
65.420	2
65.680	0
65.680	2
66.200	0
66.720	0
67.250	0
67.250	2
67.510	2
67.770	0
67.770	2
68.030	2
68.290	0
68.290	2
68.550	2
68.810	0
68.810	2
69.070	2
69.330	0
69.340	2
69.600	2
69.860	0
70.120	2
70.380	0
70.640	2
70.900	0
71.160	2
71.420	0
71.680	2
71.940	0
72.200	2
72.460	0
72.730	2
72.990	0
73.250	2
73.510	0
73.510	2
73.770	2
74.030	0
74.290	2
74.550	0
74.550	2
74.810	2
75.070	0
75.330	2
75.600	0
76.120	0
76.640	0
77.160	0
77.680	0
77.680	2
78.200	0
78.730	0
80.770	2
83.940	0
83.940	2
84.070	2
84.210	2
84.330	0
84.330	1
84.330	2
84.460	1
84.460	2
84.730	0
84.730	2
84.950	2
84.990	0
85.120	0
85.250	0
85.510	0
85.510	1
85.510	2
85.770	0
85.770	2
86.030	0
86.030	1
86.030	2
86.290	2
86.420	0
86.420	1
86.420	2
86.550	0
86.550	1
86.550	2
86.810	0
86.810	1
86.810	2
87.070	0
87.070	2
87.200	0
87.200	2
87.340	0
87.340	2
87.590	0
87.590	1
87.590	2
87.860	1
87.860	2
88.120	0
88.120	2
88.250	2
88.380	2
88.510	0
88.510	1
88.510	2
88.640	0
88.640	1
88.640	2
88.900	0
88.900	1
88.900	2
89.160	0
89.160	2
89.290	0
89.290	1
89.290	2
89.420	0
89.420	1
89.420	2
89.680	0
89.680	1
89.680	2
89.940	0
89.940	2
90.200	0
90.200	1
90.200	2
90.470	2
90.600	0
90.600	1
90.600	2
90.720	2
90.730	0
90.730	1
90.990	0
90.990	1
90.990	2
91.250	0
91.250	2
91.380	0
91.380	2
91.510	0
91.510	1
91.510	2
91.770	0
91.770	1
91.770	2
92.030	1
92.030	2
92.290	0
92.290	2
92.420	2
92.550	1
92.550	2
92.680	0
92.680	1
92.680	2
92.810	0
92.810	1
92.810	2
93.070	0
93.070	2
93.330	0
93.330	2
93.460	0
93.600	0
93.860	0
93.860	1
93.860	2
94.120	0
94.120	2
94.380	0
94.380	1
94.640	1
94.640	2
94.770	0
94.770	1
94.770	2
94.900	0
94.900	1
94.900	2
95.160	0
95.160	1
95.160	2
95.420	0
95.420	2
95.550	0
95.550	2
95.680	0
95.680	2
95.940	0
95.940	1
95.940	2
96.210	1
96.210	2
96.460	0
96.460	2
96.590	2
96.730	2
96.860	0
96.860	1
96.860	2
97.250	0
97.250	1
97.250	2
97.500	0
97.510	2
97.640	0
97.640	1
97.640	2
97.770	0
97.770	1
97.770	2
98.030	0
98.030	1
98.030	2
98.290	0
98.290	2
98.550	0
98.550	2
98.810	1
98.810	2
98.940	0
98.940	1
98.940	2
99.070	0
99.070	2
99.330	0
99.330	1
99.330	2
99.600	0
99.600	2
99.730	0
99.730	2
99.860	0
99.860	1
99.860	2
100.120	0
100.120	1
100.120	2
100.380	1
100.380	2
100.640	0
100.640	1
100.640	2
100.770	2
100.900	1
100.900	2
101.030	0
101.030	1
101.030	2
101.160	0
101.160	1
101.160	2
101.420	0
101.420	2
101.680	0
101.680	2
101.810	0
101.810	2
101.940	0
102.200	0
102.200	2
102.460	0
102.460	2
102.730	0
102.990	2
103.120	0
103.120	2
103.250	0
103.250	1
103.250	2
103.510	0
103.510	2
103.770	0
103.770	2
103.900	0
103.900	2
104.030	0
104.030	2
104.290	0
104.290	2
104.560	1
104.560	2
104.810	0
104.810	2
104.940	2
105.070	2
105.200	0
105.200	1
105.200	2
105.330	2
105.600	0
105.600	2
105.850	0
105.850	2
105.990	0
105.990	1
105.990	2
106.120	0
106.120	1
106.120	2
106.380	0
106.380	1
106.380	2
106.640	0
106.640	2
106.900	0
106.900	1
106.900	2
107.160	1
107.160	2
107.290	0
107.290	1
107.290	2
107.420	0
107.420	1
107.420	2
107.680	0
107.680	1
107.680	2
107.940	2
107.950	0
108.070	0
108.070	2
108.200	0
108.210	2
108.460	0
108.460	2
108.730	1
108.730	2
108.990	0
108.990	2
109.120	2
109.250	2
109.380	0
109.380	1
109.380	2
109.510	0
109.510	2
109.770	0
109.770	1
109.770	2
110.030	0
110.030	2
110.160	0
110.160	1
110.160	2
110.290	0
110.290	2
110.550	0
110.550	1
110.550	2
110.810	0
110.810	2
111.070	0
111.070	2
111.340	2
111.460	0
111.460	1
111.590	2
111.600	0
111.600	1
111.860	0
111.860	1
111.860	2
112.120	0
112.120	2
112.250	0
112.250	2
112.380	0
112.380	1
112.380	2
112.640	0
112.640	1
112.640	2
112.900	1
112.900	2
113.160	0
113.160	2
113.290	2
113.420	2
113.680	2
114.200	0
114.200	2
114.720	0
114.720	2
114.990	0
114.990	2
115.250	0
115.250	2
115.510	2
115.770	0
115.770	2
116.290	0
116.290	2
116.420	2
116.550	2
116.810	0
116.810	2
136.100	2
138.620	2
150.720	0
150.720	2
150.850	2
150.990	2
151.120	0
151.120	1
151.120	2
151.250	0
151.250	2
151.510	0
151.510	2
151.730	2
151.770	0
151.770	2
151.900	0
151.900	2
152.030	0
152.290	0
152.290	1
152.290	2
152.550	0
152.550	2
152.810	0
152.810	1
153.070	2
153.200	0
153.200	1
153.200	2
153.330	0
153.330	1
153.330	2
153.590	0
153.600	2
153.860	0
153.860	2
153.990	0
153.990	2
154.120	0
154.120	2
154.380	0
154.380	1
154.380	2
154.640	1
154.640	2
154.900	0
154.900	2
155.030	2
155.160	2
155.290	0
155.290	1
155.290	2
155.420	0
155.420	2
155.680	0
155.680	2
155.940	0
155.940	2
156.070	0
156.070	1
156.070	2
156.200	0
156.460	0
156.460	2
156.470	1
156.730	0
156.730	2
156.990	0
156.990	1
156.990	2
157.250	2
157.380	0
157.380	1
157.380	2
157.510	0
157.510	1
157.510	2
157.770	0
157.770	1
157.770	2
158.030	0
158.030	2
158.160	0
158.160	2
158.290	0
158.290	2
158.550	0
158.550	2
158.820	1
158.820	2
159.070	0
159.070	2
159.200	2
159.340	1
159.340	2
159.460	0
159.460	1
159.460	2
159.590	2
159.850	0
159.850	2
160.110	0
160.110	2
160.250	0
160.250	2
160.380	0
160.640	0
160.640	2
160.900	0
160.900	2
161.160	0
161.160	1
161.420	2
161.550	0
161.550	1
161.550	2
161.680	0
161.680	1
161.680	2
161.940	0
161.940	2
162.200	0
162.200	2
162.330	0
162.330	2
162.470	0
162.470	2
162.720	0
162.720	2
162.990	1
162.990	2
163.250	0
163.250	2
163.380	2
163.510	2
163.640	0
163.640	1
163.640	2
163.770	0
163.770	1
163.770	2
164.030	0
164.030	1
164.030	2
164.290	0
164.290	2
164.420	0
164.420	1
164.420	2
164.550	0
164.550	1
164.550	2
164.810	0
164.810	1
164.810	2
165.070	0
165.070	2
165.330	0
165.330	1
165.330	2
165.590	1
165.600	2
165.730	0
165.730	2
165.850	2
165.860	0
165.860	1
166.120	0
166.120	2
166.380	0
166.380	2
166.510	0
166.510	2
166.640	0
166.640	1
166.640	2
166.900	0
166.900	1
166.900	2
167.160	1
167.160	2
167.420	0
167.420	2
167.550	2
167.680	2
167.810	0
167.810	1
167.810	2
167.940	0
167.940	2
168.200	0
168.210	2
168.420	2
168.460	0
168.590	0
168.730	0
168.980	0
168.990	2
169.250	0
169.250	2
169.510	0
169.510	2
169.770	2
169.900	0
169.900	2
170.030	0
170.030	1
170.030	2
170.290	0
170.290	2
170.550	0
170.550	2
170.680	0
170.680	2
170.810	0
170.810	2
171.070	0
171.070	2
171.340	1
171.340	2
171.590	0
171.590	2
171.720	2
171.860	2
171.990	0
171.990	2
172.110	0
172.110	2
172.380	0
172.380	2
172.640	0
172.640	2
172.770	0
172.770	2
172.900	0
172.900	1
172.900	2
173.160	0
173.160	1
173.160	2
173.420	0
173.420	2
173.680	0
173.680	1
173.680	2
173.940	2
174.070	0
174.070	2
174.200	0
174.200	2
174.210	1
174.470	0
174.470	2
174.730	0
174.730	2
174.860	0
174.860	2
174.990	0
174.990	2
175.250	0
175.250	1
175.250	2
175.510	1
175.510	2
176.290	0
176.810	0
177.330	0
177.850	0
178.380	0
178.900	0
179.420	0
179.940	0
180.460	0
180.990	0
181.510	0
