2.360	0
2.360	2
2.510	2
2.650	2
2.910	1
3.160	2
3.170	0
3.450	0
3.450	2
3.590	2
3.730	2
3.980	1
3.980	2
4.250	2
4.380	0
4.380	1
4.380	2
4.490	2
4.670	2
4.810	2
4.930	0
4.930	2
5.090	1
5.090	2
5.350	0
5.350	1
5.350	2
5.610	0
5.610	2
5.750	2
5.890	2
6.150	1
6.150	2
6.550	2
6.690	0
6.690	2
6.830	2
6.970	2
7.240	1
7.240	2
7.500	0
7.500	2
7.770	0
7.770	1
7.770	2
7.910	2
8.180	2
8.310	1
8.310	2
8.580	2
8.700	0
8.700	1
8.700	2
8.810	2
8.990	2
9.130	2
9.250	0
9.250	2
9.400	1
9.400	2
9.670	2
9.930	0
9.930	2
10.080	2
10.340	0
10.340	2
10.480	1
10.480	2
10.900	2
11.020	0
11.020	2
11.150	2
11.290	2
11.550	1
11.550	2
11.840	0
12.100	0
12.100	1
12.100	2
12.240	0
12.240	2
12.370	2
12.630	1
12.630	2
12.910	2
13.020	0
13.020	1
13.020	2
13.310	2
13.580	0
13.580	2
13.720	1
13.720	2
14.020	0
14.020	2
14.270	0
14.270	2
14.400	2
14.800	1
14.800	2
15.190	2
15.340	0
15.340	2
15.480	2
15.620	2
15.880	1
15.880	2
16.420	0
16.420	1
16.420	2
16.560	2
16.700	2
16.960	1
16.960	2
17.240	2
17.350	0
17.350	1
17.350	2
17.640	2
17.780	2
17.900	0
17.900	2
18.040	2
18.050	1
18.320	2
18.580	0
18.580	1
18.580	2
18.720	2
19.130	1
19.130	2
19.400	2
19.580	2
19.660	0
19.660	1
19.660	2
19.800	2
19.940	2
20.200	1
20.200	2
20.460	0
20.460	1
20.460	2
20.750	0
20.750	2
20.880	2
21.020	2
21.280	1
21.280	2
21.550	2
21.680	0
21.680	1
21.680	2
21.960	2
22.100	2
22.230	0
22.230	1
22.230	2
22.380	1
22.380	2
22.640	0
22.640	2
22.910	0
22.910	1
22.910	2
23.040	2
23.180	2
23.450	1
23.450	2
23.750	2
23.850	2
23.990	0
23.990	1
23.990	2
24.130	2
24.530	1
24.530	2
24.800	0
24.800	2
25.070	0
25.070	1
25.070	2
25.210	2
25.340	2
25.480	2
25.610	1
25.610	2
25.870	2
25.990	0
25.990	2
26.290	2
26.550	0
26.550	1
26.550	2
26.690	1
26.690	2
26.970	2
27.230	0
27.230	2
27.370	2
27.630	0
27.630	2
27.780	1
27.780	2
28.200	2
28.320	0
28.320	2
28.450	2
28.590	2
28.840	2
28.850	1
29.400	0
29.400	2
29.530	2
29.670	2
29.930	1
29.930	2
30.200	2
30.310	2
30.320	0
30.320	1
30.440	2
30.610	2
30.880	0
30.880	2
31.020	1
31.020	2
31.310	0
31.310	2
31.560	2
31.570	0
31.690	2
31.830	2
32.100	1
32.100	2
32.490	2
32.640	0
32.640	1
32.640	2
32.770	2
32.910	2
33.180	1
33.180	2
33.500	1
33.720	0
33.720	1
33.720	2
33.860	2
33.990	2
34.160	0
34.260	1
34.260	2
34.530	2
34.650	0
34.650	1
34.650	2
34.930	2
35.080	2
35.200	0
35.200	2
35.340	1
35.340	2
35.620	2
35.880	0
35.880	1
35.880	2
36.020	2
36.150	2
36.430	1
36.430	2
36.690	2
36.830	2
36.960	0
36.960	1
36.960	2
37.360	2
37.500	1
37.500	2
37.760	0
37.760	2
37.910	2
38.050	0
38.050	2
38.440	2
38.580	1
38.850	2
38.980	0
38.980	1
38.980	2
39.130	2
39.380	2
39.530	0
39.530	2
39.680	1
39.680	2
39.940	0
39.940	1
39.940	2
40.100	2
40.210	0
40.210	2
40.480	2
40.740	1
40.740	2
41.150	2
41.280	0
41.280	2
41.420	2
41.570	2
41.700	2
41.830	1
41.830	2
42.100	0
42.100	2
42.370	0
42.370	2
42.510	2
42.640	2
42.780	2
42.910	1
42.910	2
43.170	2
43.290	0
43.290	1
43.290	2
43.460	2
43.570	2
43.730	2
43.850	0
43.850	2
43.990	1
43.990	2
44.260	2
44.410	2
44.530	0
44.530	2
44.930	0
44.930	2
45.070	1
45.070	2
45.350	2
45.490	2
45.610	2
45.620	0
46.010	2
46.140	1
46.140	2
46.690	2
46.700	0
46.830	0
46.830	2
47.090	2
47.220	1
47.220	2
47.500	2
47.610	0
47.610	1
47.610	2
47.780	2
48.180	0
48.180	2
48.320	1
48.320	2
48.610	0
48.610	2
48.860	0
48.860	2
49.130	2
49.400	1
49.400	2
49.670	2
49.790	2
49.930	1
49.940	0
49.940	2
50.360	2
50.480	1
50.480	2
50.900	2
51.020	0
51.020	2
51.160	2
51.430	2
51.560	1
51.560	2
51.950	0
51.950	2
52.220	2
52.370	2
52.500	0
52.500	2
52.640	1
52.640	2
52.920	2
53.060	2
53.170	0
53.170	1
53.170	2
53.590	2
53.720	1
53.720	2
54.000	2
54.140	2
54.250	0
54.250	2
54.400	2
54.660	2
54.790	2
54.800	1
55.050	0
55.050	2
55.210	2
55.340	0
55.340	2
55.480	2
55.740	2
55.870	1
55.870	2
56.140	2
56.270	2
56.280	0
56.430	2
56.560	2
56.700	2
56.820	0
56.820	2
56.970	2
56.980	1
57.240	0
57.240	1
57.240	2
57.390	2
57.500	0
57.500	2
57.640	2
57.780	2
58.040	1
58.040	2
58.440	2
58.580	0
58.580	2
58.720	2
58.860	2
59.010	2
59.130	1
59.130	2
59.390	0
59.390	2
59.550	2
59.660	0
59.660	2
59.800	2
59.940	2
60.080	2
60.200	2
60.210	1
60.470	2
60.590	0
60.590	1
60.590	2
60.760	2
60.880	2
61.140	0
61.140	2
61.290	1
61.290	2
61.560	2
61.710	2
61.820	0
61.820	2
61.960	2
62.230	0
62.230	2
62.370	1
62.370	2
62.790	2
62.910	0
62.910	2
63.040	2
63.310	2
63.440	1
63.440	2
63.990	0
63.990	1
63.990	2
64.130	0
64.130	2
64.260	2
64.390	2
64.520	1
64.520	2
64.800	2
64.910	0
64.910	1
64.910	2
65.080	2
65.210	2
65.480	0
65.480	2
65.610	1
65.610	2
65.880	1
65.880	2
66.160	0
66.160	1
66.160	2
66.290	2
66.420	2
66.690	2
66.700	1
67.080	2
67.230	0
67.230	1
67.230	2
67.370	2
67.510	2
67.660	2
67.770	1
67.770	2
68.200	2
68.310	0
68.310	2
68.450	2
68.580	2
68.720	2
68.850	1
68.850	2
69.130	2
69.240	0
69.240	2
69.530	2
69.670	2
69.790	0
69.790	1
69.790	2
69.930	2
69.940	1
70.210	2
70.360	2
70.470	0
70.470	2
70.610	2
70.890	2
70.950	2
71.020	1
71.020	2
71.550	0
71.550	1
71.550	2
72.090	1
72.630	1
72.630	2
73.170	1
73.170	2
73.330	2
73.710	0
73.710	1
73.710	2
74.250	1
74.520	1
74.800	2
75.350	1
75.870	0
75.870	1
75.870	2
76.020	2
76.300	2
76.560	2
76.700	1
76.700	2
76.970	2
77.100	2
77.230	2
77.510	1
77.650	1
77.650	2
78.040	0
78.040	1
78.040	2
78.570	1
78.850	1
79.000	2
79.130	2
79.930	2
80.070	2
80.200	1
80.200	2
80.470	2
80.600	2
80.730	1
80.730	2
81.000	0
81.000	1
81.000	2
81.290	0
81.290	1
81.290	2
81.440	2
81.550	2
81.820	1
81.820	2
82.090	2
82.220	0
82.220	1
82.220	2
82.770	0
82.770	1
82.770	2
82.910	1
82.910	2
83.060	2
83.180	0
83.180	1
83.180	2
83.450	0
83.450	1
83.450	2
83.600	2
83.720	2
83.860	2
83.980	1
83.980	2
84.260	2
84.400	2
84.530	0
84.530	1
84.530	2
85.060	1
85.060	2
85.340	0
85.340	1
85.340	2
85.610	0
85.610	1
85.610	2
85.880	2
86.020	2
86.140	1
86.140	2
86.420	2
86.530	1
86.530	2
86.540	0
86.960	2
87.090	0
87.090	1
87.090	2
87.230	1
87.230	2
87.650	2
87.770	0
87.770	1
87.770	2
88.040	2
88.180	2
88.310	1
88.310	2
88.580	2
88.720	2
88.840	0
88.840	1
88.840	2
89.120	2
89.250	2
89.380	1
89.540	2
89.920	0
89.920	1
89.920	2
90.080	2
90.200	2
90.460	1
90.460	2
90.740	2
90.860	0
90.860	1
90.860	2
91.420	0
91.420	1
91.420	2
91.550	1
91.550	2
91.710	2
91.810	0
91.810	1
91.810	2
91.970	2
92.080	0
92.080	1
92.080	2
92.360	2
92.510	2
92.630	1
92.630	2
92.900	2
93.040	2
93.180	0
93.180	1
93.180	2
93.440	2
93.710	1
93.710	2
93.870	2
94.130	2
94.240	0
94.240	1
94.240	2
94.530	2
94.670	2
94.790	1
94.790	2
95.070	2
95.190	0
95.190	1
95.190	2
95.600	2
95.740	0
95.740	1
95.740	2
95.880	1
95.880	2
96.030	2
96.150	2
96.300	2
96.420	0
96.420	1
96.420	2
96.680	2
96.820	2
96.960	1
96.960	2
97.230	2
97.940	2
99.530	2
99.670	2
100.070	0
100.070	2
100.210	1
100.210	2
100.470	0
100.470	2
100.640	2
100.740	0
100.740	2
101.020	2
101.290	1
101.290	2
101.830	0
101.830	1
101.830	2
102.370	1
102.370	2
102.910	0
102.910	2
103.450	1
103.450	2
103.850	0
103.850	2
103.990	2
104.390	0
104.390	2
104.530	1
104.530	2
104.960	2
105.060	0
105.060	2
105.610	1
105.610	2
105.890	2
106.150	0
106.150	1
106.150	2
106.680	1
106.680	2
107.230	0
107.230	2
107.370	0
107.370	2
107.760	1
108.170	0
108.170	1
108.170	2
108.320	2
108.720	0
108.720	2
108.860	1
108.860	2
109.130	0
109.130	2
109.390	0
109.390	2
109.670	2
109.940	1
109.940	2
110.470	0
110.470	1
110.470	2
110.740	2
111.020	1
111.020	2
111.170	2
111.430	2
111.560	0
111.560	2
111.710	2
112.100	1
112.100	2
112.360	2
112.500	0
112.500	1
112.500	2
112.640	2
113.030	2
113.040	0
113.180	1
113.180	2
113.330	2
113.470	2
113.590	2
113.710	0
113.710	2
113.870	2
113.980	2
114.270	1
114.520	2
114.790	0
114.790	1
114.790	2
115.200	2
115.330	2
115.340	1
115.590	0
115.590	2
115.750	2
115.880	0
115.880	2
116.280	2
116.410	1
116.410	2
116.680	2
116.810	0
116.810	1
116.810	2
116.970	2
117.360	0
117.360	2
117.510	1
117.510	2
117.780	0
117.780	2
118.040	0
118.040	2
118.580	1
118.580	2
118.980	2
119.120	0
119.120	2
119.550	2
119.670	1
119.670	2
119.930	0
119.930	1
119.930	2
120.200	1
120.200	2
120.610	2
120.740	1
120.740	2
121.010	2
121.130	0
121.130	1
121.130	2
121.290	2
121.410	2
121.570	2
121.680	0
121.680	2
121.830	1
121.830	2
122.100	2
122.360	0
122.360	1
122.360	2
122.770	0
122.770	2
122.910	1
122.910	2
123.330	1
123.330	2
123.450	0
123.450	1
123.450	2
123.590	2
123.720	2
123.850	2
123.980	1
123.980	2
124.140	2
124.400	2
124.530	1
124.530	2
124.670	0
124.670	2
124.920	2
125.060	1
125.060	2
125.220	2
125.340	2
125.450	0
125.450	1
125.450	2
125.610	2
125.880	2
126.010	2
126.020	0
126.150	1
126.150	2
126.300	2
126.450	0
126.450	2
126.570	2
126.700	0
126.700	2
126.960	2
127.120	2
127.230	1
127.230	2
127.500	2
127.620	2
127.770	0
127.770	1
127.770	2
128.040	2
128.200	2
128.310	1
128.310	2
128.470	2
128.730	2
128.850	0
128.850	1
128.850	2
129.120	2
129.390	1
129.390	2
129.660	2
129.780	0
129.780	1
129.780	2
129.940	2
130.070	2
130.200	2
130.330	0
130.330	1
130.330	2
130.470	2
130.480	1
130.750	2
130.890	2
131.010	0
131.010	2
131.280	2
131.420	2
131.560	1
131.560	2
131.830	2
131.970	2
132.090	0
132.090	1
132.090	2
132.490	2
132.620	1
132.620	2
132.790	2
132.890	0
132.890	1
132.890	2
133.180	0
133.180	1
133.180	2
133.330	2
133.440	2
133.710	1
133.710	2
133.980	2
134.110	0
134.110	1
134.110	2
134.520	2
134.660	0
134.660	1
134.660	2
134.800	1
134.800	2
135.070	0
135.070	1
135.070	2
135.210	2
135.340	0
135.340	1
135.340	2
135.610	2
135.750	2
135.870	1
135.870	2
136.150	2
136.290	2
136.420	0
136.420	1
136.420	2
136.950	1
136.950	2
137.120	2
137.230	0
137.230	1
137.230	2
137.380	2
137.500	0
137.500	1
137.500	2
137.770	2
137.910	2
138.030	1
138.030	2
138.310	2
138.430	0
138.430	1
138.430	2
138.850	2
138.980	0
138.980	1
138.980	2
139.120	1
139.120	2
139.540	2
139.660	0
139.660	1
139.660	2
139.930	2
140.070	2
140.200	1
140.200	2
140.470	2
140.620	2
140.730	0
140.730	1
140.730	2
141.010	2
141.140	2
141.270	1
141.810	0
141.810	1
141.810	2
141.970	2
142.090	2
142.350	1
142.350	2
142.630	2
142.750	0
142.750	1
142.750	2
143.170	2
143.310	0
143.310	1
143.310	2
143.440	1
143.440	2
143.600	2
143.700	0
143.700	1
143.700	2
143.860	2
143.970	0
143.970	1
143.970	2
144.140	2
144.250	2
144.400	2
144.520	1
144.520	2
144.790	2
144.930	2
145.070	0
145.070	1
145.070	2
145.330	2
145.600	1
145.600	2
145.760	2
145.900	1
146.020	2
146.130	0
146.130	1
146.130	2
146.300	2
146.420	2
146.560	2
146.680	1
146.680	2
146.960	2
147.080	0
147.080	1
147.080	2
147.500	2
147.630	0
147.630	1
147.630	2
147.770	1
147.770	2
148.040	2
148.190	2
148.310	0
148.310	1
148.310	2
148.570	2
148.710	2
148.850	1
148.850	2
149.120	2
149.260	2
149.390	0
149.390	1
149.390	2
149.660	2
149.790	2
149.920	1
149.920	2
150.190	0
150.190	1
150.190	2
150.480	0
150.480	2
150.740	2
150.870	2
151.010	1
151.010	2
151.280	2
151.410	0
151.410	1
151.410	2
151.820	2
151.960	0
151.960	2
152.100	1
152.100	2
152.240	2
152.370	0
152.370	1
152.370	2
152.510	2
152.640	0
152.640	1
152.640	2
152.790	2
152.900	2
153.040	1
153.040	2
153.160	1
153.160	2
153.450	2
153.590	2
153.720	0
153.720	1
153.720	2
154.250	1
154.250	2
154.530	0
154.530	1
154.530	2
154.670	2
154.790	1
154.790	2
154.800	0
155.060	2
155.200	2
155.330	1
155.330	2
155.610	2
155.720	0
155.720	1
155.720	2
156.150	2
156.280	0
156.280	1
156.280	2
156.420	1
156.420	2
156.570	2
156.840	2
156.950	0
156.950	1
156.950	2
157.220	2
157.360	2
157.500	1
157.500	2
157.770	2
157.910	2
158.030	0
158.030	1
158.030	2
158.310	2
158.430	2
158.570	1
158.730	2
158.990	2
159.110	0
159.110	1
159.110	2
159.270	2
159.390	2
159.520	2
159.640	2
159.650	1
159.930	2
160.040	1
160.050	0
160.470	2
160.610	0
160.610	1
160.610	2
160.740	1
160.740	2
161.000	0
161.000	1
161.000	2
161.150	2
161.270	0
161.270	1
161.270	2
161.440	2
161.550	2
161.690	2
161.820	1
161.820	2
162.090	2
162.230	2
162.360	1
162.360	2
162.370	0
162.630	2
162.770	2
162.900	1
162.900	2
163.060	2
163.320	2
163.430	0
163.430	1
163.430	2
163.590	2
163.710	2
163.850	2
163.980	1
163.980	2
164.260	2
164.380	0
164.380	1
164.380	2
164.790	2
164.930	0
164.930	1
164.930	2
165.060	1
165.060	2
165.340	2
165.480	2
165.600	0
165.600	1
165.600	2
165.870	2
166.010	2
166.150	1
166.150	2
166.420	2
166.560	2
166.960	2
167.090	2
167.500	2
167.630	2
167.910	2
168.040	2
168.170	2
168.450	2
168.580	2
168.710	2
168.990	2
169.120	2
169.390	2
169.530	2
169.660	2
169.790	2
170.200	2
170.340	2
170.740	2
170.880	2
171.150	2
171.420	2
171.550	2
171.690	2
171.820	2
171.950	2
172.230	2
172.360	2
172.500	2
172.770	2
172.900	2
173.040	2
173.310	2
173.440	2
173.580	2
173.710	2
173.850	2
173.980	2
174.120	2
174.390	2
174.660	2
175.070	2
175.200	2
175.480	2
175.610	2
175.740	2
176.010	2
176.150	2
176.280	2
176.550	2
176.690	2
176.820	2
177.100	2
177.230	2
177.360	2
177.770	2
177.900	2
178.180	2
178.310	2
178.440	2
178.710	2
178.850	2
178.980	2
179.390	2
179.530	2
179.800	2
179.930	2
180.060	2
180.340	2
180.610	2
180.880	2
181.010	2
181.150	2
181.420	2
181.550	2
181.960	2
182.090	2
182.230	2
182.500	2
182.630	2
182.770	2
183.040	2
183.310	2
183.720	2
183.850	2
184.260	2
184.390	2
184.800	2
184.940	2
185.210	2
185.340	2
185.470	2
185.750	2
185.880	2
186.010	2
186.420	2
186.830	2
186.960	2
187.500	2
188.040	2
