0.400	0
0.400	2
1.250	0
1.250	2
1.900	0
2.110	0
2.930	2
2.970	0
2.970	2
3.290	0
3.290	2
3.560	2
3.610	0
3.830	0
4.190	2
4.470	0
4.470	2
4.530	2
5.000	0
5.000	2
5.320	0
5.480	2
5.540	0
6.180	0
6.180	2
6.330	2
6.400	0
6.830	2
7.040	0
7.040	2
7.250	0
7.250	2
7.470	2
7.690	2
7.900	0
7.900	2
8.100	2
8.110	0
8.330	2
8.430	0
8.430	2
8.540	2
8.760	2
8.950	2
8.970	0
9.180	2
9.400	2
9.610	0
9.610	2
9.780	2
9.830	2
9.940	2
10.040	2
10.150	0
10.150	2
10.260	2
10.410	2
10.470	0
10.470	2
10.690	2
10.900	2
11.000	0
11.050	2
11.110	2
11.330	2
11.390	2
11.540	0
11.540	2
11.750	2
11.860	0
11.860	2
11.970	2
12.190	2
12.340	2
12.400	0
12.400	2
12.610	2
12.830	2
13.040	0
13.040	2
13.180	2
13.260	2
13.370	2
13.470	2
13.580	0
13.680	1
13.680	2
13.900	0
13.900	2
14.110	0
14.110	2
14.230	2
14.330	2
14.440	0
14.440	2
14.550	2
14.660	2
14.750	0
14.750	2
14.870	2
14.970	0
14.970	1
15.140	2
15.290	0
15.290	2
15.400	1
15.510	2
15.610	0
15.610	2
15.730	2
15.820	0
15.820	2
15.940	2
16.040	2
16.150	0
16.150	2
16.370	2
16.470	0
16.470	2
16.590	2
16.680	0
16.680	1
16.680	2
16.800	2
16.900	2
17.010	0
17.010	2
17.120	2
17.230	2
17.320	2
17.330	0
17.440	2
17.540	0
17.540	2
17.660	2
17.760	2
17.860	0
17.860	2
17.970	2
18.090	2
18.180	0
18.180	2
18.300	2
18.400	0
18.400	1
18.400	2
18.570	2
18.720	0
18.720	2
18.830	2
18.940	2
19.040	0
19.040	2
19.160	2
19.250	0
19.250	2
19.370	2
19.470	1
19.470	2
19.580	0
19.580	2
19.670	2
19.800	2
19.900	0
19.900	2
20.010	2
20.110	0
20.110	1
20.110	2
20.230	2
20.330	2
20.440	0
20.440	2
20.550	2
20.650	2
20.750	0
20.750	2
20.870	2
20.970	0
20.970	2
21.290	0
21.290	2
21.400	2
21.510	2
21.610	0
21.610	2
21.730	2
21.830	0
21.830	1
21.830	2
21.940	2
21.990	2
22.150	0
22.150	2
22.260	1
22.370	2
22.470	0
22.470	2
22.580	2
22.680	0
22.680	2
22.800	2
22.900	1
22.900	2
23.000	0
23.010	2
23.100	2
23.230	2
23.330	0
23.330	2
23.440	2
23.540	0
23.540	1
23.540	2
23.660	2
23.760	2
23.860	0
23.870	2
23.970	2
24.080	2
24.180	0
24.180	2
24.300	2
24.400	0
24.400	2
24.520	2
24.610	2
24.720	0
24.720	2
24.830	2
24.940	2
25.040	0
25.040	2
25.160	2
25.250	2
25.260	0
25.260	1
25.370	2
25.420	2
25.470	2
25.580	0
25.580	2
25.690	2
25.800	2
25.900	0
25.900	2
26.010	2
26.110	0
26.110	2
26.230	2
26.330	2
26.430	0
26.440	2
26.530	2
26.660	2
26.750	0
26.750	2
26.870	2
26.970	0
26.970	1
26.970	2
27.090	2
27.180	2
27.290	0
27.290	2
27.400	2
27.460	2
27.510	2
27.610	0
27.610	2
27.670	2
27.820	0
27.820	2
27.950	2
27.990	2
28.040	2
28.100	2
28.150	0
28.150	2
28.250	2
28.260	1
28.470	0
28.470	2
28.530	2
28.680	0
28.680	2
28.800	2
28.850	2
28.960	2
29.010	0
29.010	1
29.170	2
29.230	2
29.330	0
29.330	2
29.440	2
29.540	0
29.540	2
29.660	2
29.710	2
29.760	1
29.760	2
29.860	0
29.960	2
29.970	1
30.180	0
30.180	2
30.240	2
30.300	2
30.350	2
30.400	0
30.400	2
30.510	2
30.560	2
30.610	1
30.670	2
30.720	0
30.720	1
30.720	2
30.830	2
30.880	2
30.940	2
31.040	0
31.040	2
31.100	2
31.250	0
31.250	2
31.370	2
31.420	2
31.470	2
31.530	2
31.580	0
31.580	2
31.680	1
31.680	2
31.800	2
31.850	2
31.900	0
31.900	2
31.960	2
32.010	2
32.060	2
32.110	0
32.110	2
32.230	2
32.280	2
32.380	2
32.430	0
32.430	1
32.430	2
32.600	2
32.660	2
32.750	0
32.750	2
32.870	2
32.970	0
32.970	2
33.090	2
33.190	2
33.290	0
33.290	2
33.390	1
33.390	2
33.510	2
33.610	0
33.610	2
33.730	2
33.780	2
33.830	0
33.830	2
33.940	2
33.990	2
34.100	2
34.150	0
34.150	1
34.150	2
34.260	2
34.310	2
34.370	2
34.470	0
34.470	2
34.530	2
34.680	0
34.680	2
34.830	2
35.000	0
35.110	1
35.110	2
35.230	2
35.280	2
35.330	0
35.330	2
35.390	2
35.440	2
35.490	2
35.540	0
35.540	2
35.660	2
35.710	2
35.810	2
35.860	0
35.860	1
35.860	2
36.030	2
36.080	2
36.180	0
36.180	2
36.240	2
36.300	2
36.400	0
36.400	2
36.510	2
36.560	2
36.620	2
36.720	0
36.720	2
36.820	1
36.820	2
36.940	2
37.040	0
37.040	2
37.100	2
37.160	2
37.210	2
37.260	0
37.260	2
37.370	2
37.420	2
37.470	2
37.530	2
37.580	0
37.580	1
37.580	2
37.690	2
37.740	2
37.800	2
37.900	0
37.900	2
38.010	2
38.110	0
38.110	2
38.230	2
38.280	2
38.330	2
38.390	2
38.430	0
38.540	1
38.540	2
38.660	2
38.710	2
38.760	0
38.760	2
38.820	2
38.870	2
38.920	2
38.970	0
38.970	2
39.090	2
39.140	2
39.240	2
39.290	0
39.290	1
39.290	2
39.400	2
39.460	2
39.510	2
39.610	0
39.610	2
39.670	2
39.730	2
39.770	2
39.830	0
39.940	2
39.990	2
40.040	1
40.100	2
40.150	0
40.150	2
40.250	1
40.250	2
40.370	2
40.470	0
40.470	2
40.580	2
40.690	2
40.800	2
40.850	2
40.900	2
40.960	2
41.010	2
41.060	2
41.120	2
41.170	2
41.230	2
41.380	2
41.530	0
41.540	2
48.390	0
54.830	2
55.040	2
55.250	0
55.250	2
55.470	2
55.690	2
55.820	2
56.040	2
56.110	1
56.110	2
56.280	2
56.440	2
56.540	1
56.750	0
56.750	2
56.970	0
56.970	2
57.190	2
57.350	2
57.610	2
57.830	0
57.830	1
57.830	2
57.940	2
58.040	2
58.150	0
58.260	2
58.470	0
58.470	2
58.680	0
58.680	2
58.800	2
58.900	2
58.960	2
59.010	2
59.110	2
59.330	0
59.330	2
59.540	1
59.540	2
59.710	2
59.860	0
59.860	2
59.970	2
60.180	0
60.180	2
60.400	0
60.400	2
60.520	2
60.610	1
60.610	2
60.780	1
60.780	2
61.040	0
61.040	2
61.250	2
61.260	0
61.260	1
61.370	2
61.470	2
61.630	2
61.690	2
61.900	0
61.900	2
62.110	0
62.110	2
62.250	2
62.540	2
62.760	0
62.760	2
62.970	0
62.970	1
62.970	2
63.140	2
63.180	2
63.290	0
63.290	2
63.370	1
63.610	2
63.820	0
63.820	2
63.940	2
64.040	2
64.210	2
64.470	0
64.470	2
64.680	1
64.680	2
64.800	2
64.900	2
65.000	0
65.120	2
65.330	0
65.330	2
65.540	2
65.760	2
65.860	0
65.860	2
65.970	2
66.180	2
66.400	0
66.400	1
66.400	2
66.570	2
66.610	2
66.720	0
66.720	2
66.830	2
67.040	2
67.250	0
67.250	2
67.470	2
67.630	2
67.900	0
67.900	2
68.110	1
68.110	2
68.230	2
68.330	2
68.430	0
68.540	1
68.540	2
68.750	0
68.970	0
68.970	2
69.080	2
69.190	2
69.300	0
69.400	1
69.400	2
69.610	0
69.730	2
69.830	0
69.830	2
69.940	2
69.990	2
70.150	0
70.150	1
70.150	2
70.370	2
70.470	0
70.470	2
70.580	2
70.680	0
70.680	2
70.800	2
70.900	2
71.010	0
71.010	2
71.110	1
71.230	2
71.320	2
71.330	0
71.440	2
71.540	0
71.540	2
71.660	2
71.760	2
71.860	0
71.860	1
71.860	2
72.080	2
72.180	0
72.180	2
72.300	2
72.400	0
72.400	2
72.520	2
72.610	2
72.720	0
72.720	2
72.830	1
72.830	2
72.940	2
73.040	0
73.040	2
73.150	2
73.250	0
73.250	2
73.370	2
73.420	2
73.580	0
73.580	1
73.580	2
73.690	2
73.800	2
73.900	0
73.900	2
74.010	2
74.110	0
74.110	2
74.230	2
74.330	2
74.430	0
74.440	2
74.530	2
74.540	1
74.660	2
74.750	2
74.760	0
74.870	2
74.970	0
74.970	2
75.080	2
75.180	2
75.290	0
75.290	1
75.290	2
75.510	2
75.610	0
75.610	2
75.820	0
75.820	2
76.150	0
76.250	2
76.260	1
76.370	2
76.470	0
76.470	2
76.580	2
76.680	0
76.680	2
76.800	2
76.850	2
77.000	2
77.010	0
77.010	1
77.120	2
77.230	2
77.320	2
77.330	0
77.440	2
77.540	0
77.540	2
77.660	2
77.760	2
77.860	0
77.860	2
77.960	2
77.970	1
78.080	2
78.180	0
78.180	2
78.300	2
78.400	0
78.400	2
78.510	2
78.610	2
78.720	0
78.720	1
78.720	2
78.830	2
78.940	2
79.040	0
79.040	2
79.250	0
79.250	2
79.370	2
79.470	2
79.580	0
79.580	2
79.680	1
79.680	2
79.800	2
79.900	0
79.900	2
80.010	2
80.110	0
80.110	2
80.230	2
80.280	2
80.430	0
80.430	1
80.430	2
80.660	2
80.750	0
80.750	2
80.870	2
80.970	0
80.970	2
81.080	2
81.190	2
81.290	0
81.290	2
81.390	1
81.390	2
81.510	2
81.610	0
81.610	2
81.730	2
81.820	2
81.830	0
81.940	2
82.040	2
82.150	0
82.150	1
82.150	2
82.260	2
82.310	2
82.370	2
82.470	0
82.470	2
82.530	2
82.680	0
82.680	2
82.800	2
82.850	2
82.900	2
82.960	2
83.010	0
83.110	1
83.110	2
83.330	0
83.390	2
83.540	0
83.540	2
83.660	2
83.710	2
83.810	2
83.860	0
83.860	1
83.860	2
84.030	2
84.080	2
84.180	0
84.180	2
84.240	2
84.300	2
84.400	0
84.510	2
84.560	2
84.620	2
84.720	0
84.820	1
84.820	2
84.940	2
85.040	0
85.040	2
85.100	2
85.160	2
85.210	2
85.260	0
85.260	2
85.370	2
85.420	2
85.470	2
85.530	2
85.580	0
85.580	1
85.580	2
85.690	2
85.740	2
85.800	2
85.900	0
85.900	2
86.010	2
86.110	0
86.110	2
86.230	2
86.280	2
86.330	2
86.390	2
86.430	0
86.540	1
86.540	2
86.660	2
86.710	2
86.760	0
86.760	2
86.820	2
86.870	2
86.920	2
86.970	0
86.970	2
87.090	2
87.140	2
87.240	2
87.290	0
87.290	1
87.290	2
87.460	2
87.510	2
87.610	0
87.610	2
87.730	2
87.770	2
87.820	0
87.940	2
87.990	2
88.100	2
88.150	0
88.250	1
88.250	2
88.370	2
88.470	0
88.470	2
88.580	2
88.630	2
88.680	2
88.690	0
88.800	2
88.850	2
88.900	2
89.010	0
89.010	1
89.010	2
89.120	2
89.170	2
89.230	2
89.330	0
89.440	2
89.540	0
89.540	2
89.860	0
89.970	1
89.970	2
90.090	2
90.130	2
90.190	0
90.240	2
90.300	2
90.350	2
90.400	0
90.400	2
90.510	2
90.560	2
90.670	2
90.720	0
90.720	1
90.720	2
90.880	2
90.940	2
91.040	0
91.040	2
91.100	2
91.200	2
91.250	0
91.250	2
91.370	2
91.420	2
91.470	2
91.530	2
91.580	0
91.580	2
91.680	1
91.680	2
91.800	2
91.900	0
91.960	2
92.010	2
92.060	2
92.110	0
92.110	2
92.230	2
92.280	2
92.330	2
92.430	0
92.430	1
92.430	2
92.600	2
92.660	2
92.750	0
92.870	2
92.970	0
92.970	2
93.090	2
93.130	2
93.190	2
93.240	2
93.290	0
93.400	1
93.400	2
93.510	2
93.560	2
93.610	0
93.670	2
93.730	2
93.780	2
93.830	0
93.830	2
93.940	2
93.990	2
94.100	2
94.150	0
94.150	1
94.150	2
94.310	2
94.370	2
94.470	0
94.470	2
94.530	2
94.630	2
94.680	0
94.680	2
94.800	2
94.850	2
94.900	2
94.960	2
95.010	0
95.100	2
95.110	1
95.230	2
95.330	0
95.440	2
95.490	2
95.540	0
95.540	2
95.660	2
95.710	2
95.760	2
95.860	0
95.860	1
95.860	2
95.970	2
96.030	2
96.080	2
96.180	0
96.240	2
96.300	2
96.390	0
96.390	2
96.620	2
96.730	2
96.830	2
96.960	2
97.050	2
97.180	2
97.260	0
97.260	1
97.420	2
97.480	2
97.580	2
97.900	0
97.900	2
98.110	0
98.110	2
98.330	2
98.490	2
98.760	2
98.970	0
98.970	1
98.970	2
99.190	2
99.290	0
99.400	2
99.610	0
99.610	2
99.820	0
99.820	2
100.040	2
100.160	2
100.260	2
100.470	0
100.470	2
100.680	1
100.680	2
100.850	2
101.010	0
101.010	2
101.120	2
101.320	0
101.320	2
101.540	0
101.540	2
101.760	2
101.920	1
101.920	2
102.180	0
102.180	2
102.400	0
102.400	1
102.400	2
102.620	2
102.770	2
102.830	2
102.940	2
103.040	0
103.040	2
103.250	0
103.250	2
103.590	2
103.690	2
103.800	2
103.900	0
103.900	2
104.010	2
104.110	0
104.110	1
104.110	2
104.280	2
104.440	0
104.440	2
104.660	2
104.750	2
104.870	2
104.970	0
104.970	2
105.090	2
105.190	2
105.300	2
105.610	0
105.610	2
105.730	2
105.830	1
105.940	2
106.040	2
106.150	0
106.150	2
106.260	2
106.370	2
106.470	0
106.470	2
106.580	2
106.680	2
106.800	2
106.900	2
106.960	2
107.010	0
107.110	2
107.230	2
107.330	2
107.440	2
107.540	0
107.540	1
107.540	2
107.710	2
107.860	0
107.860	2
107.970	2
108.080	2
108.400	0
108.400	2
108.520	2
108.610	2
108.730	2
108.940	2
109.040	0
109.040	2
109.160	2
109.250	2
109.260	1
109.370	2
109.470	2
109.580	0
109.580	2
109.690	2
109.800	2
109.900	0
109.900	2
110.010	2
110.110	0
110.110	2
110.960	2
112.240	2
112.640	2
113.900	2
114.190	2
114.240	2
116.040	2
116.540	2
116.970	0
116.970	2
117.180	2
117.400	2
117.610	2
117.830	2
118.040	2
118.260	2
118.680	2
118.900	2
119.100	2
119.330	2
119.540	2
119.660	2
119.750	2
119.970	2
120.400	2
120.610	2
120.830	2
121.040	2
121.250	2
121.470	2
122.110	2
122.330	2
122.520	2
122.970	2
123.080	2
123.180	2
123.400	1
123.400	2
123.820	0
123.820	2
123.940	2
124.040	2
124.160	2
124.260	2
124.370	2
124.470	0
124.580	2
124.680	1
124.680	2
124.800	2
124.850	2
125.010	0
125.010	2
125.110	1
125.230	2
125.440	2
125.540	0
125.540	2
125.660	2
125.760	1
125.760	2
125.870	2
126.180	0
126.180	2
126.300	2
126.400	1
126.400	2
126.510	2
126.610	2
126.720	0
126.720	2
126.830	2
126.940	2
127.040	0
127.040	2
127.250	2
127.370	2
127.470	2
127.580	0
127.580	2
127.690	2
127.800	2
127.900	2
128.010	2
128.110	0
128.110	1
128.110	2
128.280	2
128.440	0
128.440	2
128.540	2
128.650	2
128.870	2
128.970	0
128.970	2
129.090	2
129.180	1
129.180	2
129.300	2
129.610	0
129.610	2
129.730	2
129.830	1
129.830	2
129.940	2
130.040	2
130.150	0
130.150	2
130.260	2
130.370	2
130.470	0
130.470	2
130.680	0
130.680	2
131.010	0
131.110	1
131.110	2
131.230	2
131.330	0
131.330	2
131.440	2
131.540	0
131.540	2
131.660	2
131.710	2
131.860	0
131.860	1
131.860	2
132.080	2
132.180	0
132.180	2
132.300	2
132.400	0
132.400	2
132.520	2
132.610	2
132.720	0
132.720	2
132.820	1
132.820	2
132.940	2
133.040	0
133.040	2
133.160	2
133.250	0
133.250	2
133.370	2
133.470	1
133.470	2
133.580	0
133.580	1
133.580	2
133.800	2
133.900	0
133.900	2
134.010	2
134.110	0
134.110	2
134.230	2
134.330	2
134.430	0
134.430	2
134.540	1
134.540	2
134.660	2
134.750	2
134.760	0
134.870	2
134.970	0
134.970	2
135.080	2
135.140	2
135.290	0
135.290	1
135.290	2
135.400	2
135.510	2
135.610	0
135.610	2
135.720	2
135.820	0
135.820	2
135.940	2
136.040	1
136.040	2
136.150	0
136.150	2
136.250	1
136.250	2
136.370	2
136.470	0
136.470	2
136.580	2
136.680	0
136.680	2
136.800	2
136.900	2
137.000	2
137.010	0
137.010	1
137.230	2
137.330	0
137.330	2
137.440	2
137.540	0
137.540	2
137.660	2
137.760	2
137.870	0
137.870	2
137.970	1
137.970	2
138.180	0
138.300	2
138.400	0
138.400	2
138.510	2
138.570	2
138.720	0
138.720	1
138.720	2
138.830	2
138.940	2
139.040	0
139.040	2
139.150	2
139.250	0
139.250	2
139.370	2
139.470	1
139.470	2
139.580	0
139.580	2
139.680	1
139.680	2
139.800	2
139.900	0
139.900	2
140.010	2
140.110	0
140.110	2
140.230	2
140.330	2
140.430	0
140.430	1
140.430	2
140.550	2
140.650	2
140.750	0
140.750	2
140.870	2
140.970	0
140.970	2
141.090	2
141.190	2
141.290	0
141.290	2
141.400	1
141.400	2
141.520	2
141.610	0
141.610	2
141.730	2
141.820	2
141.830	0
141.940	2
141.990	2
142.150	0
142.150	1
142.150	2
142.260	2
142.370	2
142.470	0
142.470	2
142.580	2
142.680	0
142.680	2
142.800	2
142.900	1
142.900	2
143.010	0
143.010	2
143.110	1
143.230	2
143.320	2
143.330	0
143.440	2
143.540	0
143.540	2
143.660	2
143.750	2
143.860	0
143.860	1
143.860	2
144.030	2
144.080	2
144.180	0
144.240	2
144.300	2
144.340	2
144.390	0
144.390	2
144.720	0
144.830	1
144.830	2
144.940	2
144.990	2
145.040	0
145.100	2
145.160	2
145.210	2
145.260	0
145.370	2
145.420	2
145.530	2
145.580	0
145.580	1
145.580	2
145.690	2
145.740	2
145.800	2
145.900	0
145.900	2
145.960	2
146.010	2
146.110	0
146.110	2
146.230	2
146.280	2
146.330	1
146.330	2
146.390	2
146.440	0
146.540	1
146.750	0
146.750	2
146.810	2
146.870	2
146.920	2
146.970	0
146.970	2
147.090	2
147.130	2
147.190	1
147.190	2
147.290	0
147.290	1
147.290	2
147.400	2
147.460	2
147.510	2
147.610	0
147.610	2
147.670	2
147.730	2
147.820	0
147.820	2
147.940	2
147.990	2
148.040	2
148.100	2
148.150	0
148.150	2
148.260	1
148.370	2
148.420	2
148.470	0
148.470	2
148.530	2
148.590	2
148.680	0
148.680	2
148.800	2
148.850	2
148.960	2
149.000	2
149.010	0
149.010	1
149.170	2
149.230	2
149.330	0
149.330	2
149.440	2
149.540	0
149.540	2
149.660	2
149.710	2
149.760	2
149.860	0
149.960	2
149.970	1
150.180	0
150.180	2
150.300	2
150.350	2
150.400	0
150.400	2
150.510	2
150.560	2
150.610	2
150.720	0
150.720	1
150.720	2
150.830	2
150.880	2
150.940	2
151.040	0
151.040	2
151.100	2
151.250	0
151.250	2
151.370	2
151.420	2
151.470	2
151.530	2
151.580	0
151.680	1
151.680	2
151.900	0
151.960	2
152.110	0
152.110	2
152.230	2
152.280	2
152.430	0
152.430	1
152.430	2
152.600	2
152.660	2
152.750	0
152.810	2
152.870	2
152.970	0
153.090	2
153.190	1
153.190	2
153.290	0
153.390	2
153.400	1
153.510	2
153.610	0
153.610	2
153.670	2
153.730	2
153.780	2
153.830	0
153.830	2
153.940	2
153.990	2
154.040	1
154.040	2
154.100	2
154.150	0
154.150	1
154.150	2
154.260	2
154.310	2
154.370	2
154.470	0
154.470	2
154.530	2
154.680	0
154.680	2
154.800	2
154.850	2
154.900	2
154.960	2
155.010	0
155.010	2
155.110	1
155.110	2
155.230	2
155.280	2
155.330	0
155.330	2
155.390	2
155.440	2
155.490	2
155.540	0
155.540	2
155.660	2
155.710	2
155.810	2
155.860	0
155.860	1
155.860	2
156.030	2
156.080	2
156.180	0
156.180	2
156.240	2
156.340	2
156.400	0
156.400	2
156.520	2
156.560	2
156.620	1
156.720	0
156.820	1
156.820	2
156.940	2
157.040	0
157.040	2
157.160	2
157.210	2
157.260	0
157.260	2
157.370	2
157.420	2
157.470	2
157.530	2
157.580	0
157.580	1
157.580	2
157.690	2
157.740	2
157.800	2
157.900	0
157.900	2
157.960	2
158.110	0
158.110	2
158.440	0
158.540	1
158.540	2
158.660	2
158.710	2
158.760	0
158.820	2
158.870	2
158.920	2
158.970	0
158.970	2
159.090	2
159.140	2
159.240	2
159.290	0
159.290	1
159.290	2
159.400	2
159.460	2
159.510	2
159.610	0
159.610	2
159.670	2
159.730	2
159.820	0
159.820	2
159.940	2
159.990	2
160.040	1
160.100	2
160.150	0
160.250	1
160.250	2
160.370	2
160.470	0
160.530	2
160.580	2
160.630	2
160.680	0
160.680	2
160.800	2
160.850	2
160.900	1
160.900	2
161.000	2
161.010	0
161.010	1
161.120	2
161.170	2
161.230	2
161.330	0
161.330	2
161.540	0
161.540	2
161.660	2
161.710	2
161.760	2
161.810	2
161.860	0
161.970	1
161.970	2
162.090	2
162.130	2
162.190	0
162.240	2
162.300	2
162.350	2
162.400	0
162.400	2
162.510	2
162.560	2
162.670	2
162.720	0
162.720	1
162.720	2
162.830	2
162.880	2
162.940	2
163.040	0
163.040	2
163.100	2
163.200	2
163.250	0
163.250	2
163.370	2
163.420	2
163.470	1
163.530	2
163.580	0
163.580	2
163.680	1
163.680	2
163.800	2
163.900	0
163.900	2
164.010	2
164.060	2
164.110	0
164.110	2
164.230	2
164.280	2
164.330	1
164.330	2
164.430	0
164.430	1
164.430	2
164.600	2
164.660	2
164.760	0
164.870	2
164.960	2
