30.040	0
33.740	0
37.420	0
37.420	2
41.120	0
43.900	1
44.810	0
44.810	2
44.920	2
44.980	2
45.040	2
45.150	2
45.260	2
45.720	2
47.030	2
47.110	2
47.220	2
47.570	2
48.510	0
49.410	2
51.260	2
51.720	2
52.190	0
52.190	2
52.300	2
52.360	2
52.420	2
52.530	2
52.650	2
53.110	2
54.420	2
54.490	2
54.610	2
54.950	2
55.890	0
56.800	2
59.570	0
59.570	2
59.690	2
59.750	2
59.810	2
59.910	2
60.030	2
60.490	2
61.800	2
61.880	2
61.990	2
62.340	2
63.280	0
64.180	2
66.030	2
66.960	0
66.960	2
67.070	2
67.130	2
67.190	2
67.300	2
67.420	2
67.880	2
68.340	2
69.190	2
69.260	2
69.380	2
70.650	0
70.650	1
71.570	2
74.340	0
74.340	2
74.460	2
74.520	2
74.680	2
74.800	2
75.260	1
75.260	2
76.570	2
76.650	2
76.760	2
77.110	1
77.110	2
78.040	0
78.040	2
78.950	2
80.800	2
81.490	1
81.730	0
81.730	2
81.840	2
81.900	2
81.960	2
82.070	2
82.190	2
82.650	2
83.950	2
84.030	2
84.150	2
84.490	2
85.430	0
85.430	2
86.340	2
88.180	2
89.110	0
89.110	2
89.230	2
89.340	2
89.450	2
89.570	2
90.030	1
90.030	2
91.340	2
91.410	2
91.530	2
91.880	2
92.810	0
92.820	2
93.280	2
93.720	2
95.570	2
96.260	1
96.500	0
96.500	2
96.610	2
96.670	2
96.730	2
96.840	2
96.960	2
97.420	2
98.110	1
98.720	2
98.800	2
98.920	2
99.260	2
100.200	0
100.200	2
100.670	2
101.110	2
102.950	2
133.420	0
137.120	0
140.810	0
144.510	0
147.280	1
148.190	0
148.190	2
148.250	2
148.360	2
148.420	2
148.530	2
148.650	2
149.110	0
149.110	1
149.110	2
149.570	2
149.630	2
149.690	2
150.030	2
150.150	2
150.260	2
150.380	2
150.440	2
150.500	2
150.730	2
150.790	2
150.900	2
151.880	2
151.890	0
151.940	2
152.000	2
152.340	0
152.340	2
152.400	2
152.460	2
152.520	2
152.800	2
155.570	0
155.570	2
155.690	2
155.750	2
155.810	2
155.910	2
156.030	2
156.490	2
156.500	0
156.500	1
157.800	2
157.880	2
157.990	2
158.340	2
159.260	2
159.270	0
159.380	2
159.440	2
159.720	2
159.790	2
159.900	2
160.180	2
162.030	2
162.950	2
162.960	0
163.880	1
163.880	2
164.800	2
165.720	2
166.650	0
166.650	2
167.570	2
168.490	2
169.420	2
170.340	0
170.340	2
171.260	0
171.260	1
171.260	2
172.180	2
172.570	2
172.760	2
173.110	2
174.030	0
174.030	2
174.950	2
175.880	2
176.800	2
177.720	0
177.720	2
178.650	0
178.650	1
178.650	2
179.570	1
179.570	2
180.490	1
180.490	2
181.420	0
181.420	2
182.340	2
183.260	2
184.180	2
184.880	1
185.110	0
185.110	2
186.030	1
186.030	2
186.950	2
187.340	2
187.530	2
187.880	2
188.800	0
188.800	2
189.720	2
190.650	2
191.570	2
192.490	0
192.490	2
192.950	2
193.420	1
193.420	2
193.880	2
194.340	1
194.340	2
194.800	2
195.260	1
195.260	2
195.720	2
196.180	0
196.180	2
196.640	2
197.110	2
197.560	2
198.020	2
198.490	2
198.950	2
199.410	2
199.650	1
199.880	0
199.880	2
200.800	1
200.800	2
201.720	2
202.110	2
202.180	2
202.300	2
202.650	2
203.580	0
204.490	2
206.340	2
207.270	0
210.970	0
214.650	0
214.650	2
218.350	0
