47.780	0
47.780	2
48.280	0
48.780	0
49.280	0
49.780	0
50.280	0
50.780	0
51.280	0
51.780	0
52.280	0
52.780	0
53.280	0
53.780	0
54.280	0
54.780	0
55.280	0
55.780	0
55.780	2
56.280	0
56.780	0
57.280	0
57.780	0
58.280	0
58.280	2
58.780	0
58.780	2
59.280	0
59.780	0
60.280	0
60.780	0
61.280	0
61.780	0
62.280	0
62.780	0
63.280	0
63.780	0
64.280	0
64.280	1
64.280	2
64.780	0
65.280	0
65.280	1
65.280	2
65.780	0
66.280	0
66.280	1
66.280	2
66.780	0
67.280	0
67.280	1
67.280	2
67.780	0
67.780	2
68.280	0
68.280	1
68.280	2
68.780	0
69.280	0
69.280	1
69.280	2
69.780	0
70.280	0
70.280	1
70.280	2
70.780	0
70.780	2
71.280	0
71.280	1
71.280	2
71.780	0
71.780	2
72.280	0
72.280	1
72.280	2
72.780	0
72.780	2
73.280	0
73.280	1
73.280	2
73.780	0
74.280	0
74.280	1
74.280	2
74.780	0
75.280	0
75.280	1
75.280	2
75.780	0
76.280	0
76.280	1
76.280	2
76.780	0
76.780	2
77.280	0
77.280	1
77.280	2
77.780	0
77.780	2
78.280	0
78.280	1
78.280	2
78.780	0
79.280	0
79.280	1
79.280	2
79.780	0
79.780	2
80.280	0
80.280	1
80.280	2
80.780	0
80.780	2
81.280	0
81.280	1
81.280	2
81.780	0
82.280	0
82.280	1
82.280	2
82.780	0
82.780	2
83.280	0
83.280	1
83.280	2
83.780	0
84.280	0
84.280	1
84.280	2
84.780	0
85.280	0
85.280	1
85.280	2
85.780	0
86.280	0
86.280	1
86.280	2
86.780	0
86.780	2
87.280	0
87.280	1
87.280	2
87.780	0
87.780	2
88.280	0
88.280	1
88.280	2
88.780	0
88.780	2
89.280	0
89.280	1
89.280	2
89.780	0
90.280	0
90.280	1
90.280	2
90.780	0
91.280	0
91.280	1
91.280	2
91.780	0
92.280	0
92.280	1
92.280	2
92.780	0
93.280	0
93.280	1
93.280	2
93.780	0
93.780	2
94.280	0
94.280	1
94.280	2
94.780	0
94.780	2
95.280	0
95.280	1
95.280	2
95.780	0
96.280	0
96.280	1
96.280	2
96.780	0
97.280	0
97.280	1
97.280	2
97.780	0
98.280	0
98.280	1
98.280	2
98.780	0
99.280	0
99.280	1
99.280	2
99.660	0
99.780	0
100.280	0
100.280	1
100.280	2
100.780	0
101.280	0
101.280	1
101.280	2
101.780	0
102.280	0
102.280	1
102.280	2
102.780	0
103.280	0
103.280	1
103.280	2
103.660	0
103.780	0
104.280	0
104.280	1
104.280	2
104.780	0
105.280	0
105.280	1
105.280	2
105.780	0
106.280	0
106.280	1
106.280	2
106.780	0
107.280	0
107.280	1
107.280	2
107.660	0
107.780	0
108.280	0
108.280	1
108.280	2
108.780	0
109.280	0
109.280	1
109.280	2
109.780	0
110.280	0
110.280	1
110.280	2
110.780	0
111.280	0
111.280	1
111.280	2
111.660	0
111.780	0
112.280	0
112.280	1
112.280	2
112.780	0
113.280	0
113.280	1
113.280	2
113.780	0
114.280	0
114.280	1
114.280	2
114.780	0
115.280	0
115.280	1
115.280	2
115.660	0
115.780	0
116.280	0
116.280	1
116.280	2
116.780	0
117.280	0
117.280	1
117.280	2
117.780	0
118.280	0
118.280	1
118.280	2
118.780	0
119.280	0
119.280	1
119.280	2
119.660	0
119.780	0
120.280	0
120.280	1
120.280	2
120.780	0
121.280	0
121.280	1
121.280	2
121.780	0
122.280	0
122.280	1
122.280	2
122.780	0
123.280	0
123.280	1
123.280	2
123.660	0
123.780	0
124.280	0
124.280	1
124.280	2
124.780	0
125.280	0
125.280	1
125.280	2
125.780	0
125.780	2
126.280	0
126.280	1
126.280	2
126.780	0
127.280	0
127.280	1
127.280	2
127.660	0
127.780	0
128.280	0
128.280	1
128.280	2
128.780	0
129.280	0
129.280	1
129.280	2
129.780	0
130.280	0
130.280	1
130.280	2
130.780	0
131.280	0
131.280	1
131.280	2
131.660	0
131.780	0
132.280	0
132.280	1
132.280	2
132.780	0
133.280	0
133.280	1
133.280	2
133.780	0
134.280	0
134.280	1
134.280	2
134.780	0
135.280	0
135.280	1
135.280	2
135.660	0
135.780	0
136.280	0
136.280	1
136.280	2
136.780	0
137.280	0
137.280	1
137.280	2
137.780	0
138.280	0
138.280	1
138.280	2
138.780	0
139.280	0
139.280	1
139.280	2
139.660	0
139.780	0
140.280	0
140.280	1
140.280	2
140.780	0
141.280	0
141.280	1
141.280	2
141.780	0
142.280	0
142.280	1
142.280	2
142.780	0
143.280	0
143.280	1
143.280	2
143.780	0
144.280	0
144.280	1
144.280	2
144.780	0
145.280	0
145.280	1
145.280	2
145.780	0
146.280	0
146.280	1
146.280	2
146.780	0
147.280	0
147.280	1
147.280	2
147.660	0
147.780	0
148.280	0
148.280	1
148.280	2
148.780	0
149.280	0
149.280	1
149.280	2
149.780	0
150.280	0
150.280	1
150.280	2
150.780	0
151.280	0
151.280	1
151.280	2
151.660	0
151.780	0
152.280	0
152.280	1
152.280	2
152.780	0
153.280	0
153.280	1
153.280	2
153.780	0
154.280	0
154.280	1
154.280	2
154.780	0
155.030	1
155.280	0
155.280	1
155.280	2
155.660	0
155.780	0
156.280	0
156.280	1
156.280	2
156.780	0
157.280	0
157.280	1
157.280	2
157.780	0
158.280	0
158.280	1
158.280	2
158.780	0
159.280	0
159.280	1
159.280	2
159.780	0
160.280	0
160.280	1
160.280	2
160.780	0
161.280	0
161.280	1
161.280	2
161.780	0
162.280	0
162.280	1
162.280	2
162.780	0
163.280	0
163.280	1
163.280	2
163.660	0
163.780	0
164.280	0
164.280	1
164.280	2
164.780	0
165.280	0
165.280	1
165.280	2
165.780	0
166.280	0
166.280	1
166.280	2
166.780	0
167.280	0
167.280	1
167.280	2
167.660	0
167.780	0
168.280	0
168.280	1
168.280	2
168.780	0
169.280	0
169.280	1
169.280	2
169.780	0
170.280	0
170.280	1
170.280	2
170.780	0
171.280	0
171.280	1
171.280	2
171.660	0
171.780	0
172.280	0
172.280	1
172.280	2
172.780	0
173.280	0
173.280	1
173.280	2
173.780	0
174.280	0
174.280	1
174.280	2
174.780	0
175.280	0
175.280	1
175.280	2
175.780	0
176.280	0
176.280	1
176.280	2
176.780	0
177.280	0
177.280	1
177.280	2
177.780	0
178.280	0
178.280	1
178.280	2
178.780	0
179.280	0
179.280	1
179.280	2
179.660	0
179.780	0
180.280	0
180.280	1
180.280	2
180.780	0
181.280	0
181.280	1
181.280	2
181.780	0
182.280	0
182.280	1
182.280	2
182.780	0
183.280	0
183.280	1
183.280	2
183.660	0
183.780	0
184.280	0
184.280	1
184.280	2
184.780	0
185.280	0
185.280	1
185.280	2
185.780	0
186.280	0
186.280	1
186.280	2
186.780	0
187.280	0
187.280	1
187.280	2
187.660	0
187.780	0
188.280	0
188.280	1
188.280	2
188.780	0
189.280	0
189.280	1
189.280	2
189.780	0
190.280	0
190.280	1
190.280	2
190.780	0
191.280	0
191.280	1
191.280	2
191.780	0
192.280	0
192.280	1
192.280	2
192.780	0
193.280	0
193.280	1
193.280	2
193.780	0
194.280	0
194.280	1
194.280	2
194.780	0
195.280	0
195.280	1
195.280	2
195.660	0
195.780	0
196.280	0
196.280	1
196.280	2
196.780	0
197.280	0
197.280	1
197.280	2
197.780	0
198.280	0
198.280	1
198.280	2
198.780	0
199.280	0
199.280	1
199.280	2
199.660	0
199.780	0
200.280	0
200.280	1
200.280	2
200.780	0
201.280	0
201.280	1
201.280	2
201.780	0
202.280	0
202.280	1
202.280	2
202.780	0
203.280	0
203.280	1
203.280	2
203.660	0
203.780	0
204.280	0
204.280	1
204.280	2
204.780	0
205.280	0
205.280	1
205.280	2
205.780	0
206.280	0
206.280	1
206.280	2
206.780	0
207.280	0
207.280	1
207.280	2
207.780	0
208.280	0
208.280	1
208.280	2
208.780	0
209.280	0
209.280	1
209.280	2
209.780	0
210.280	0
210.280	1
210.280	2
210.780	0
210.780	2
211.280	0
211.280	1
211.280	2
211.660	0
211.780	0
212.280	0
212.280	1
212.280	2
212.780	0
213.280	0
213.280	1
213.280	2
213.780	0
214.280	0
214.280	1
214.280	2
214.780	0
214.780	2
215.280	0
215.280	1
215.280	2
215.660	0
215.780	0
216.280	0
216.280	1
216.280	2
216.780	0
217.280	0
217.280	1
217.280	2
217.780	0
218.280	0
218.280	1
218.280	2
218.780	0
218.780	2
219.280	0
219.280	1
219.280	2
219.660	0
219.780	0
220.280	0
220.280	1
220.280	2
220.780	0
221.280	0
221.280	1
221.280	2
221.780	0
222.280	0
222.280	1
222.280	2
222.780	0
222.780	2
223.280	0
223.280	1
223.280	2
223.780	0
224.280	0
224.280	1
224.280	2
224.780	0
225.280	0
225.280	1
225.280	2
225.780	0
226.280	0
226.280	1
226.280	2
226.780	0
227.280	0
227.280	1
227.280	2
227.660	0
227.780	0
228.280	0
228.280	1
228.280	2
228.780	0
229.280	0
229.280	1
229.280	2
229.780	0
230.280	0
230.280	1
230.280	2
230.780	0
231.280	0
231.280	1
231.280	2
231.660	0
231.780	0
232.280	0
232.280	1
232.280	2
232.780	0
233.280	0
233.280	1
233.280	2
233.780	0
233.780	2
234.280	0
234.280	1
234.280	2
234.780	0
234.780	2
235.030	1
235.280	0
235.280	1
235.280	2
235.660	0
235.780	0
236.280	0
236.280	1
236.280	2
236.780	0
237.280	0
237.280	1
237.280	2
237.780	0
238.280	0
238.280	1
238.280	2
238.780	0
239.280	0
239.280	1
239.280	2
239.780	0
240.280	0
240.280	1
240.280	2
240.780	0
241.280	0
241.280	1
241.280	2
241.780	0
242.280	0
242.280	1
242.280	2
242.780	0
243.280	0
243.280	1
243.280	2
243.660	0
243.780	0
244.280	0
244.280	1
244.280	2
244.780	0
245.280	0
245.280	1
245.280	2
245.780	0
246.280	0
246.280	1
246.280	2
246.780	0
247.280	0
247.280	1
247.280	2
247.660	0
247.780	0
248.280	0
248.280	1
248.280	2
248.780	0
249.280	0
249.280	1
249.280	2
249.780	0
250.280	0
250.280	1
250.280	2
250.780	0
251.280	0
251.280	1
251.280	2
251.660	0
251.780	0
252.280	0
252.280	1
252.280	2
252.780	0
253.280	0
253.280	1
253.280	2
253.780	0
254.280	0
254.280	1
254.280	2
254.780	0
255.280	0
255.280	1
255.280	2
255.780	0
256.280	0
256.280	1
256.280	2
256.780	0
257.280	0
257.280	1
257.280	2
257.780	0
258.280	0
258.280	1
258.280	2
258.780	0
259.280	0
259.280	1
259.280	2
259.660	0
259.780	0
260.280	0
260.280	1
260.280	2
260.780	0
261.280	0
261.280	1
261.280	2
261.780	0
262.280	0
262.280	1
262.280	2
262.780	0
263.280	0
263.280	1
263.280	2
263.660	0
263.780	0
264.280	0
264.280	1
264.280	2
264.780	0
265.280	0
265.280	1
265.280	2
265.780	0
266.280	0
266.280	1
266.280	2
266.780	0
267.280	0
267.280	1
267.280	2
267.660	0
267.780	0
268.280	0
268.280	1
268.280	2
268.780	0
269.280	0
269.280	1
269.280	2
269.780	0
270.280	0
270.280	1
270.280	2
270.780	0
270.780	2
271.280	0
271.280	1
271.280	2
271.780	0
272.280	0
272.280	1
272.280	2
272.780	0
273.280	0
273.280	1
273.280	2
273.780	0
274.280	0
274.280	1
274.280	2
274.780	0
275.280	0
275.280	1
275.280	2
275.660	0
275.780	0
276.280	0
276.280	1
276.280	2
276.780	0
277.280	0
277.280	1
277.280	2
277.780	0
278.280	0
278.280	1
278.280	2
278.780	0
279.280	0
279.280	1
279.280	2
279.660	0
279.780	0
280.280	0
280.280	1
280.280	2
280.780	0
281.280	0
281.280	1
281.280	2
281.780	0
282.280	0
282.280	1
282.280	2
282.780	0
283.280	0
283.280	1
283.280	2
283.780	0
284.280	0
284.780	0
285.280	0
285.280	1
285.780	0
286.280	0
286.780	0
287.280	0
287.780	0
288.280	0
289.280	0
291.290	1
