0.240	0
0.480	2
0.720	0
0.960	0
0.960	2
1.190	0
1.430	0
1.430	2
1.670	0
1.670	2
1.910	2
2.150	0
2.390	2
2.620	0
2.860	0
2.860	2
3.100	0
3.340	0
3.340	2
3.570	0
3.570	2
3.810	2
4.050	0
4.290	2
4.530	0
4.770	0
4.770	2
5.000	0
5.240	0
5.240	2
5.480	0
5.480	2
5.720	2
5.950	0
6.430	0
6.670	0
6.670	2
6.910	0
7.150	0
7.150	2
7.380	0
7.380	2
7.620	2
7.860	0
8.100	2
8.340	0
8.580	0
8.580	2
8.810	0
9.050	0
9.050	2
9.290	0
9.290	2
9.520	2
9.760	0
10.240	0
10.480	0
10.480	2
10.720	0
10.960	0
10.960	2
11.190	0
11.190	2
11.430	2
11.670	0
11.910	2
12.150	0
12.390	0
12.390	2
12.620	0
12.860	0
12.860	2
13.100	0
13.100	2
13.330	2
13.570	0
14.050	0
14.290	0
14.290	2
14.530	0
14.770	0
14.770	2
15.000	0
15.000	2
15.240	2
15.480	0
15.720	2
15.950	0
16.200	0
16.200	2
16.430	0
16.670	0
16.670	2
16.910	0
16.910	2
17.140	2
17.380	0
17.620	2
17.860	0
18.100	0
18.100	2
18.340	0
18.570	2
18.580	0
18.810	0
18.810	2
19.050	2
19.290	0
19.530	2
19.760	0
20.010	0
20.010	2
20.240	0
20.480	0
20.480	2
20.720	0
20.720	2
20.950	2
21.190	0
21.430	2
21.670	0
21.910	0
21.910	2
22.150	0
22.380	2
22.390	0
22.620	0
22.620	2
22.860	2
23.100	0
23.570	0
23.810	2
23.820	0
24.050	0
24.290	0
24.290	2
24.530	0
24.530	2
24.760	2
25.000	0
25.240	2
25.480	0
25.720	0
25.720	2
25.950	0
26.190	0
26.190	2
26.430	0
26.430	2
26.670	2
26.910	0
27.380	0
27.620	2
27.860	0
28.100	0
28.100	2
28.330	2
28.340	0
28.570	2
28.810	0
29.050	2
29.290	0
29.530	0
29.530	2
29.760	0
30.000	0
30.000	2
30.240	0
30.240	2
30.480	2
30.720	0
31.190	0
31.430	2
31.670	0
31.910	0
31.910	2
32.140	0
32.140	2
32.380	2
32.620	0
32.860	2
33.100	0
33.340	0
33.340	2
33.570	0
33.810	0
33.810	2
34.050	0
34.050	2
34.290	2
34.530	0
34.760	2
35.000	0
35.240	0
35.240	2
35.480	0
35.720	0
35.720	2
35.950	0
35.950	2
36.190	2
36.430	0
36.670	2
36.910	0
37.150	0
37.150	2
37.380	0
37.620	0
37.620	2
37.860	0
37.860	2
38.100	2
38.340	0
38.570	2
38.810	0
39.050	0
39.050	2
39.290	0
39.530	0
39.530	2
39.760	0
39.760	2
40.000	0
40.000	2
40.240	0
40.480	2
40.720	0
40.960	0
40.960	2
41.190	0
41.430	0
41.430	2
41.670	0
41.670	2
41.910	0
41.910	2
42.150	0
42.380	2
42.620	0
42.620	1
42.620	2
42.860	0
42.860	2
43.100	0
43.340	0
43.340	2
43.570	0
43.570	1
43.570	2
43.810	2
43.930	1
43.930	2
44.050	0
44.050	1
44.050	2
44.290	2
44.530	1
44.770	2
45.480	1
45.480	2
45.720	2
45.950	0
46.070	2
46.190	2
46.310	2
46.430	0
46.430	1
46.430	2
46.670	2
46.910	0
46.910	2
47.020	2
47.150	2
47.380	0
47.380	1
47.380	2
47.620	2
47.740	2
47.860	0
47.860	2
48.100	2
48.220	2
48.340	0
48.340	1
48.340	2
48.460	2
48.570	2
48.810	0
48.810	2
48.930	2
49.050	2
49.290	0
49.290	1
49.290	2
49.530	2
49.640	1
49.640	2
49.770	0
49.770	2
49.880	2
50.000	2
50.120	2
50.240	0
50.240	1
50.240	2
50.480	0
50.480	2
50.720	0
50.720	2
50.830	2
50.950	2
51.190	0
51.190	1
51.190	2
51.430	2
51.550	2
51.670	0
51.670	2
51.910	2
52.030	2
52.150	0
52.150	1
52.150	2
52.380	2
52.620	0
52.620	2
52.740	2
52.860	2
53.100	0
53.100	1
53.100	2
53.340	2
53.570	0
53.690	2
53.810	2
53.930	2
54.050	0
54.050	1
54.050	2
54.290	0
54.290	2
54.530	0
54.530	2
54.640	2
54.760	2
55.000	0
55.000	1
55.000	2
55.240	2
55.360	1
55.360	2
55.480	0
55.480	2
55.720	2
55.840	2
55.960	0
55.960	1
55.960	2
56.080	2
56.190	2
56.430	0
56.430	2
56.550	2
56.670	2
56.910	0
56.910	1
56.910	2
57.030	2
57.140	2
57.380	0
57.500	2
57.620	2
57.740	2
57.860	0
57.860	1
57.860	2
58.100	0
58.100	2
58.340	0
58.450	2
58.570	2
58.810	0
58.810	1
58.810	2
59.050	2
59.290	0
59.290	2
59.530	2
59.650	2
59.760	1
59.770	0
59.770	2
60.000	2
60.240	0
60.240	2
60.360	2
60.480	2
60.720	0
60.720	1
60.720	2
60.950	2
61.070	1
61.070	2
61.190	0
61.310	2
61.430	2
61.550	2
61.670	0
61.670	1
61.670	2
61.910	2
62.150	0
62.260	2
62.380	2
62.620	0
62.620	1
62.620	2
62.860	2
62.980	2
63.100	0
63.330	2
63.450	2
63.570	0
63.570	1
63.810	2
64.050	0
64.050	2
64.170	2
64.290	2
64.420	2
64.530	0
64.530	1
64.530	2
64.650	2
64.760	2
64.880	2
65.000	0
65.000	2
65.120	2
65.240	2
65.360	2
65.480	0
65.480	1
65.480	2
65.720	0
65.720	2
65.950	0
66.070	2
66.190	2
66.430	0
66.430	1
66.430	2
66.670	2
66.790	1
66.790	2
66.910	0
66.910	2
67.140	2
67.260	2
67.380	0
67.380	1
67.380	2
67.620	0
67.620	2
67.860	0
67.860	2
67.980	2
68.100	2
68.340	0
68.340	1
68.340	2
68.570	2
68.810	0
68.810	2
69.050	2
69.170	2
69.290	0
69.290	1
69.290	2
69.530	2
69.760	0
69.880	2
70.000	2
70.240	0
70.240	1
70.240	2
70.480	2
70.720	0
70.950	2
71.070	2
71.190	0
71.190	1
71.190	2
71.430	2
71.670	0
71.790	2
71.910	0
71.910	2
72.150	0
72.150	1
72.150	2
72.380	2
72.500	1
72.500	2
72.620	0
72.860	2
72.980	2
73.100	0
73.100	1
73.100	2
73.340	2
73.570	0
73.690	2
73.810	2
74.050	0
74.050	1
74.050	2
74.170	2
74.290	2
74.530	0
74.530	2
74.760	2
74.880	2
75.000	0
75.000	1
75.000	2
75.240	2
75.480	0
75.480	2
75.600	2
75.720	0
75.720	2
75.950	0
75.950	1
75.950	2
76.190	2
76.430	0
76.430	2
76.670	2
76.790	2
76.910	0
76.910	1
76.910	2
77.150	2
77.380	0
77.380	2
77.500	2
77.620	2
77.860	0
77.860	1
77.860	2
77.980	2
78.100	2
78.220	1
78.220	2
78.340	0
78.340	2
78.570	2
78.690	2
78.810	0
78.810	1
78.810	2
79.050	2
79.290	0
79.400	2
79.530	0
79.530	2
79.760	0
79.760	1
79.760	2
80.000	2
80.240	0
80.480	2
80.600	2
80.720	0
80.720	1
80.720	2
80.950	2
81.190	0
81.310	2
81.430	2
81.670	0
81.670	1
81.670	2
81.910	2
82.150	0
82.260	2
82.380	2
82.500	2
82.620	0
82.620	1
82.620	2
82.860	2
83.100	0
83.100	2
83.210	2
83.340	2
83.570	0
83.570	1
83.570	2
83.810	2
83.930	1
83.930	2
84.050	0
84.050	2
84.290	2
84.410	2
84.530	0
84.530	1
84.530	2
84.760	2
85.000	0
85.120	2
85.240	2
85.480	0
85.480	1
85.480	2
85.720	2
85.960	0
86.070	2
86.190	2
86.310	2
86.430	0
86.430	1
86.430	2
86.670	2
86.910	0
86.910	2
87.020	2
87.140	2
87.380	0
87.380	1
87.380	2
87.620	2
87.860	0
87.860	2
88.100	2
88.220	2
88.340	0
88.340	1
88.340	2
88.570	2
88.810	0
88.810	2
88.930	2
89.050	2
89.290	0
89.290	1
89.290	2
89.410	2
89.530	2
89.640	1
89.640	2
89.770	0
89.770	2
89.880	2
90.000	2
90.120	2
90.240	0
90.240	1
90.240	2
90.480	0
90.480	2
90.720	0
90.830	2
90.950	2
91.190	0
91.190	1
91.190	2
91.430	2
91.670	0
91.910	2
92.030	2
92.150	0
92.150	1
92.150	2
92.380	2
92.620	0
92.740	2
92.860	2
93.100	0
93.100	1
93.100	2
93.340	2
93.570	0
93.810	2
93.930	2
94.050	0
94.050	1
94.050	2
94.290	2
94.530	0
94.530	2
94.640	2
94.760	2
95.000	0
95.000	1
95.000	2
95.240	2
95.360	1
95.360	2
95.480	0
95.480	2
95.720	2
95.840	2
95.960	0
95.960	1
95.960	2
96.190	2
96.430	0
96.550	2
96.670	2
96.910	0
96.910	1
96.910	2
97.140	2
97.380	0
97.500	2
97.620	2
97.740	2
97.860	0
97.860	1
97.860	2
98.100	2
98.340	0
98.340	2
98.450	2
98.570	2
98.810	0
98.810	1
98.810	2
99.050	2
99.170	2
99.290	0
99.290	2
99.520	2
99.640	2
99.760	0
99.760	1
99.890	2
100.000	2
100.240	0
100.240	2
100.360	2
100.480	2
100.720	0
100.720	1
100.720	2
100.840	2
100.950	2
101.070	1
101.070	2
101.190	0
101.310	2
101.430	2
101.550	2
101.670	0
101.670	1
101.670	2
101.910	2
102.150	0
102.260	2
102.380	2
102.620	0
102.620	1
102.620	2
102.860	2
103.100	0
103.330	2
103.450	2
103.570	0
103.570	1
103.810	2
104.050	0
104.170	2
104.290	2
104.530	0
104.530	1
104.530	2
104.760	2
105.000	0
105.240	2
105.360	2
105.480	0
105.480	1
105.480	2
105.720	2
105.950	0
106.070	1
106.070	2
106.190	1
106.190	2
106.430	0
106.430	1
106.430	2
106.670	1
106.670	2
106.790	1
106.790	2
106.910	0
106.910	2
107.030	2
107.140	2
107.260	2
107.380	0
107.380	1
107.380	2
107.620	2
107.860	0
107.860	2
107.980	2
108.100	2
108.220	2
108.340	0
108.340	1
108.340	2
108.460	2
108.570	2
108.690	2
108.810	0
108.810	2
108.930	2
109.050	2
109.170	2
109.290	0
109.290	1
109.290	2
109.530	0
109.530	2
109.760	0
109.880	2
110.000	2
110.240	0
110.240	1
110.240	2
110.480	2
110.720	0
110.720	2
110.950	2
111.070	2
111.190	0
111.190	1
111.190	2
111.430	2
111.670	0
111.670	2
111.790	2
111.910	2
112.140	2
112.150	0
112.150	1
112.380	2
112.500	1
112.500	2
112.620	0
112.620	2
112.740	2
112.860	2
112.980	2
113.100	0
113.100	1
113.100	2
113.340	2
113.570	0
113.570	2
113.690	2
113.810	2
114.050	0
114.050	1
114.050	2
114.290	2
114.530	0
114.530	2
114.640	2
114.760	2
114.880	2
115.000	0
115.000	1
115.000	2
115.240	2
115.480	0
115.480	2
115.600	2
115.720	2
115.840	2
115.950	0
115.950	1
115.950	2
116.190	2
116.310	2
116.430	0
116.430	2
116.550	2
116.670	2
116.790	2
116.910	0
116.910	1
116.910	2
117.030	2
117.140	2
117.380	0
117.500	2
117.620	2
117.860	0
117.860	1
117.860	2
117.980	2
118.100	1
118.100	2
118.220	2
118.340	0
118.340	2
118.450	2
118.570	2
118.690	2
118.810	0
118.810	1
118.810	2
118.930	2
119.050	2
119.290	0
119.290	2
119.400	2
119.520	2
119.650	2
119.760	0
119.760	1
119.760	2
120.000	2
120.120	2
120.240	0
120.240	2
120.480	2
120.600	2
120.720	0
120.720	1
120.720	2
120.950	2
121.190	0
121.190	2
121.310	2
121.430	2
121.670	0
121.670	1
121.670	2
121.910	2
122.150	0
122.380	2
122.500	2
122.620	0
122.620	1
122.620	2
122.860	0
122.860	2
123.100	0
123.100	2
123.210	2
123.340	2
123.570	0
123.570	1
123.570	2
123.810	2
123.930	1
123.930	2
124.050	0
124.290	2
124.400	2
124.530	0
124.530	1
124.530	2
124.760	2
125.000	0
125.000	2
125.120	2
125.240	2
125.480	0
125.480	1
125.480	2
125.720	2
125.950	0
126.190	2
126.310	2
126.430	0
126.430	1
126.670	2
126.790	2
126.910	0
127.020	2
127.140	2
127.270	2
127.380	0
127.380	1
127.380	2
127.510	2
127.620	2
127.740	2
127.860	0
127.860	2
128.100	2
128.220	2
128.340	0
128.340	1
128.340	2
128.460	2
128.570	2
128.810	0
128.810	2
128.930	2
129.050	2
129.290	0
129.290	1
129.290	2
129.520	2
129.640	1
129.770	0
129.770	2
129.880	2
130.000	2
130.120	2
130.240	0
130.240	1
130.240	2
130.480	2
130.720	0
130.720	2
130.830	2
130.950	2
131.190	0
131.190	1
131.190	2
131.430	2
131.670	0
131.670	2
131.910	2
132.030	2
132.150	0
132.150	1
132.150	2
132.380	2
132.620	0
132.740	2
132.860	2
133.100	0
133.100	1
133.100	2
133.330	2
133.570	0
133.580	2
133.690	2
133.810	2
133.930	2
134.050	0
134.050	1
134.050	2
134.290	2
134.530	0
134.640	2
134.760	2
135.000	0
135.000	1
135.000	2
135.240	2
135.360	1
135.360	2
135.480	0
135.480	2
135.720	2
135.840	2
135.960	0
135.960	1
135.960	2
136.190	2
136.430	0
136.430	2
136.550	2
136.670	0
136.670	1
136.670	2
136.910	0
136.910	1
136.910	2
137.030	2
137.140	1
137.140	2
137.260	1
137.270	2
137.390	0
137.390	2
137.620	2
137.740	2
137.860	0
137.860	1
137.860	2
137.980	2
138.100	2
138.340	0
138.450	2
138.570	2
138.810	0
138.810	1
138.810	2
139.050	2
139.170	2
139.290	0
139.290	2
139.520	2
139.650	2
139.770	0
139.770	1
139.770	2
140.000	2
140.240	0
140.360	2
140.480	2
140.720	0
140.720	1
140.720	2
140.950	2
141.070	1
141.190	0
141.430	2
141.550	2
141.670	0
141.670	1
141.670	2
141.910	2
142.150	0
142.260	2
142.380	2
142.620	0
142.620	1
142.620	2
142.860	2
143.100	0
143.330	2
143.450	2
143.570	0
143.570	1
143.810	2
144.050	0
144.050	2
144.170	2
144.290	2
144.520	2
144.530	0
144.530	1
144.760	2
145.000	0
145.240	2
145.360	2
145.480	0
145.480	1
145.480	2
145.720	2
145.960	0
146.070	2
146.190	2
146.430	0
146.430	1
146.430	2
146.550	2
146.670	2
146.790	1
146.790	2
146.910	0
147.140	2
147.260	2
147.380	0
147.380	1
147.380	2
147.620	2
147.860	0
147.860	2
147.980	2
148.100	2
148.330	2
148.340	0
148.340	1
148.570	2
148.810	0
149.050	2
149.170	2
149.530	2
149.880	2
150.000	2
150.240	1
150.240	2
150.950	2
151.070	2
151.430	2
151.550	1
151.550	2
151.790	1
151.790	2
151.910	2
152.140	2
152.150	1
152.380	2
152.500	1
152.500	2
152.620	0
152.620	2
152.860	2
152.980	2
153.100	0
153.100	1
153.100	2
153.340	2
153.570	0
153.690	2
153.810	2
154.050	0
154.050	1
154.050	2
154.290	2
154.530	0
154.760	2
154.880	2
155.000	0
155.000	1
155.000	2
155.240	2
155.480	0
155.480	2
155.590	2
155.720	2
155.950	0
155.950	1
155.950	2
156.080	2
156.190	2
156.430	0
156.430	2
156.550	2
156.670	2
156.790	2
156.910	0
156.910	1
156.910	2
157.030	2
157.150	2
157.380	0
157.380	2
157.500	2
157.620	2
157.860	0
157.860	1
157.860	2
158.100	2
158.220	1
158.220	2
158.340	0
158.340	2
158.450	2
158.570	2
158.690	2
158.810	0
158.810	1
158.810	2
159.050	2
159.290	0
159.290	2
159.400	2
159.530	2
159.650	2
159.760	0
159.760	1
159.760	2
160.000	2
160.120	2
160.240	0
160.480	2
160.600	2
160.720	0
160.720	1
160.720	2
160.950	2
161.190	0
161.310	2
161.430	2
161.670	0
161.670	1
161.670	2
161.910	2
162.150	0
162.260	2
162.380	2
162.500	2
162.620	0
162.620	1
162.620	2
162.860	2
163.100	0
163.100	2
163.210	2
163.330	2
163.570	0
163.570	1
163.570	2
163.810	2
163.930	1
163.930	2
164.050	0
164.290	2
164.410	2
164.530	0
164.530	1
164.530	2
164.760	2
165.000	0
165.120	2
165.240	2
165.480	0
165.480	1
165.480	2
165.720	2
165.950	0
166.070	2
166.190	2
166.310	2
166.430	0
166.430	1
166.430	2
166.670	2
166.910	0
166.910	2
167.020	2
167.140	2
167.380	0
167.380	1
167.380	2
167.620	2
167.740	2
167.860	0
168.100	2
168.210	2
168.340	0
168.340	1
168.340	2
168.570	2
168.810	0
168.930	2
169.050	2
169.290	0
169.290	1
169.290	2
169.520	2
169.640	1
169.640	2
169.760	0
170.000	2
170.120	2
170.240	0
170.240	1
170.240	2
170.480	2
170.720	0
170.830	2
170.950	2
171.190	0
171.190	1
171.190	2
171.430	2
171.670	0
171.910	2
172.020	2
172.150	0
172.150	1
172.150	2
172.380	2
172.620	0
172.740	2
172.860	2
173.100	0
173.100	1
173.100	2
173.340	2
173.570	0
173.810	2
173.930	2
174.050	0
174.050	1
174.050	2
174.290	0
174.290	2
174.530	0
174.640	2
174.760	2
175.000	0
175.000	1
175.000	2
175.240	2
175.360	1
175.360	2
175.480	0
175.720	2
175.830	2
175.960	0
175.960	1
176.190	2
176.430	0
176.550	2
176.670	0
176.670	2
176.910	0
176.910	1
176.910	2
177.140	2
177.380	0
177.620	2
177.740	2
177.860	0
177.860	1
177.860	2
178.100	0
178.100	2
178.340	0
178.450	2
178.570	0
178.570	2
178.810	0
178.810	1
178.810	2
179.050	0
179.050	2
179.520	2
179.640	2
179.770	1
180.000	2
180.360	2
180.710	1
180.710	2
180.950	2
181.070	1
181.430	2
181.550	2
181.670	1
181.910	2
182.260	1
182.260	2
182.380	2
182.620	1
182.620	2
182.860	2
182.980	1
183.100	0
183.100	1
183.100	2
183.340	2
183.450	2
183.580	0
183.810	2
184.050	0
184.170	2
184.290	2
184.520	2
184.530	0
184.530	1
184.760	2
185.000	0
185.000	2
185.240	2
185.360	2
185.480	0
185.480	1
185.480	2
185.720	2
185.950	0
186.070	2
186.190	2
186.430	0
186.430	1
186.430	2
186.670	2
186.790	1
186.790	2
186.910	0
187.140	2
187.260	2
187.380	0
187.380	1
187.380	2
187.620	2
187.860	0
187.980	2
188.100	2
188.330	2
188.340	0
188.340	1
188.570	2
188.810	0
188.810	2
189.050	2
189.170	2
189.290	0
189.290	1
189.290	2
189.530	2
189.760	0
189.880	2
190.000	2
190.240	0
190.240	1
190.240	2
190.480	2
190.720	0
190.950	2
191.070	2
191.190	0
191.190	1
191.430	2
191.670	0
191.780	2
191.910	2
192.140	2
192.150	0
192.150	1
192.380	2
192.500	1
192.500	2
192.620	0
192.620	2
192.860	2
192.980	2
193.100	0
193.100	1
193.100	2
193.340	2
193.450	2
193.570	0
193.570	2
193.690	2
193.810	2
194.050	0
194.050	1
194.050	2
194.290	2
194.530	0
194.760	2
194.880	2
195.000	0
195.000	1
195.240	2
195.480	0
195.480	2
195.590	2
195.720	2
195.950	0
195.950	1
195.950	2
196.190	2
196.430	0
196.430	2
196.670	2
196.790	2
196.910	0
196.910	1
196.910	2
197.140	2
197.380	0
197.380	2
197.500	2
197.620	2
197.860	0
197.860	1
197.860	2
198.100	2
198.220	1
198.340	0
198.570	2
198.690	2
198.810	0
198.810	1
199.050	2
199.290	0
199.400	2
199.530	2
199.760	0
199.760	1
199.760	2
200.000	2
200.240	0
200.240	2
200.480	2
200.600	2
200.720	0
200.720	1
200.720	2
200.950	2
201.190	0
201.190	2
201.310	2
201.430	2
201.670	0
201.670	1
201.670	2
201.910	2
202.150	0
202.380	2
202.500	2
202.620	0
202.620	1
202.860	2
203.100	0
203.210	2
203.330	2
203.570	0
203.570	1
203.570	2
203.810	2
204.050	0
204.050	2
204.290	2
204.400	2
204.530	0
204.530	1
204.530	2
204.760	2
205.000	0
205.000	2
205.120	2
205.240	0
205.240	2
205.480	0
205.480	1
205.480	2
205.720	2
205.950	0
206.190	2
206.310	2
206.430	0
206.430	1
206.670	2
206.910	0
207.020	2
207.140	2
207.380	0
207.380	1
207.380	2
207.620	2
207.740	1
207.740	2
207.860	0
207.860	2
208.100	2
208.210	2
208.340	0
208.340	1
208.340	2
208.570	2
208.810	0
208.930	2
209.050	2
209.290	0
209.290	1
209.290	2
209.530	2
209.770	0
210.000	2
210.120	2
210.240	0
210.240	1
210.240	2
210.480	2
210.720	0
210.830	2
210.950	2
211.190	0
211.190	1
211.190	2
211.430	2
211.670	0
211.670	2
212.140	0
212.390	2
212.620	0
212.620	2
212.760	2
212.860	0
212.860	2
213.000	2
213.100	0
213.100	2
213.340	2
213.570	0
213.810	2
213.930	2
214.050	0
214.050	1
214.050	2
214.290	2
214.530	0
214.640	2
214.760	2
215.000	0
215.000	1
215.000	2
215.240	2
215.480	0
215.480	2
215.720	2
215.830	2
215.960	0
215.960	1
216.190	2
216.430	0
216.430	2
216.550	2
216.670	2
216.910	0
216.910	1
216.910	2
217.140	2
217.260	1
217.260	2
217.380	0
217.620	2
217.740	2
217.860	0
217.860	1
217.860	2
218.100	2
218.340	0
218.450	2
218.570	2
218.810	0
218.810	1
218.810	2
219.050	2
219.290	0
219.290	2
219.530	2
219.640	2
219.770	0
219.770	1
220.000	2
220.240	0
220.240	2
220.360	2
220.480	2
220.720	0
220.720	1
220.720	2
220.950	2
221.070	1
221.070	2
221.190	0
221.430	2
221.550	2
221.670	0
221.670	1
221.670	2
221.910	2
222.140	0
222.260	2
222.380	2
222.620	0
222.620	1
222.620	2
222.860	2
223.100	0
223.100	2
223.330	2
223.450	2
223.580	0
223.810	2
224.050	0
224.050	2
224.170	2
224.290	2
224.530	0
224.530	1
224.530	2
224.760	2
224.880	1
225.000	0
225.240	2
225.360	2
225.480	1
225.720	2
226.070	2
226.190	2
226.430	1
226.430	2
227.140	2
227.260	2
227.380	1
227.620	2
227.980	2
228.100	2
228.340	0
228.340	1
228.340	2
228.570	2
228.690	1
228.690	2
228.810	0
229.050	2
229.170	2
229.290	0
229.290	1
229.290	2
229.530	2
229.760	0
229.880	2
230.000	2
230.240	0
230.240	1
230.240	2
230.480	2
230.720	0
230.720	2
230.950	2
231.070	2
231.190	0
231.190	1
231.430	2
231.670	0
231.670	2
231.790	2
231.910	2
232.150	0
232.150	1
232.150	2
232.380	2
232.500	1
232.500	2
232.620	0
232.860	2
232.980	2
233.100	0
233.100	1
233.100	2
233.330	2
233.570	0
233.690	2
233.810	2
234.050	0
234.050	1
234.050	2
234.290	2
234.530	0
234.760	2
234.880	2
235.000	0
235.000	1
235.240	2
235.480	0
235.480	2
235.590	2
235.720	2
235.950	0
235.950	1
235.950	2
236.190	1
236.190	2
236.310	1
236.310	2
236.430	0
236.670	2
236.780	2
236.910	0
236.910	1
237.150	2
237.380	0
237.500	2
237.620	2
237.860	0
237.860	1
237.860	2
238.100	2
238.340	0
238.340	2
238.570	2
238.690	2
238.810	0
238.810	1
239.050	2
239.290	0
239.290	2
239.400	2
239.530	2
239.760	0
239.760	1
239.760	2
240.000	2
240.120	1
240.120	2
240.240	0
240.240	2
240.480	2
240.590	2
240.720	0
241.190	0
241.310	2
241.430	2
241.670	0
241.670	1
241.670	2
242.150	0
242.380	2
242.500	2
242.620	0
242.860	2
243.100	0
243.100	2
243.210	2
243.340	2
243.570	0
243.570	1
243.570	2
243.810	2
243.930	1
244.060	0
244.290	2
244.400	2
244.530	0
244.530	1
244.760	2
244.770	0
244.770	1
245.000	0
245.000	2
245.120	2
245.240	2
245.480	0
245.480	1
245.480	2
245.720	2
245.960	0
246.070	2
246.190	2
246.310	2
246.430	0
246.430	1
246.430	2
246.670	2
246.910	0
246.910	1
246.910	2
247.030	2
247.150	0
247.150	1
247.150	2
247.380	0
247.380	1
247.380	2
247.620	2
247.740	1
247.740	2
247.860	0
248.100	2
248.210	2
248.340	0
248.340	1
248.340	2
248.570	2
248.580	0
248.810	0
248.810	2
248.930	2
249.050	2
249.290	0
249.290	1
249.290	2
249.530	2
249.640	2
249.770	0
249.770	2
249.880	2
250.000	2
250.120	2
250.240	0
250.240	1
250.240	2
250.480	2
250.720	0
250.720	1
250.720	2
250.830	2
250.960	0
250.960	1
250.960	2
251.190	0
251.190	1
251.190	2
251.430	2
251.550	1
251.550	2
251.670	0
251.910	2
252.020	2
252.150	0
252.150	1
252.150	2
252.380	2
252.620	0
252.740	2
252.860	2
253.100	0
253.100	1
253.100	2
253.330	2
253.460	2
253.580	0
253.690	2
253.810	2
253.930	2
254.050	0
254.050	1
254.050	2
254.290	2
254.530	0
254.530	1
254.530	2
254.640	2
254.760	2
254.770	0
255.000	0
255.000	1
255.000	2
255.240	2
255.360	1
255.360	2
255.480	0
255.480	2
255.720	2
255.830	2
255.960	0
255.960	1
256.190	2
256.430	0
256.430	2
256.550	2
256.670	2
256.910	0
256.910	1
256.910	2
257.140	2
257.380	0
257.620	2
257.740	2
257.860	0
257.860	1
257.860	2
258.100	2
258.340	0
258.450	2
258.570	2
258.810	0
258.810	1
258.810	2
259.050	2
259.170	1
259.170	2
259.290	0
259.290	2
259.520	2
259.640	2
259.770	0
259.770	1
260.000	2
260.240	0
260.240	2
260.360	2
260.480	2
260.720	0
260.720	1
260.720	2
260.950	2
261.070	1
261.070	2
261.190	0
261.430	2
261.550	2
261.670	0
261.670	1
261.670	2
261.910	1
261.910	2
262.150	0
262.150	1
262.150	2
262.260	2
262.380	2
262.390	1
262.620	0
262.620	1
262.620	2
262.860	2
262.980	1
262.980	2
263.100	0
263.100	2
263.330	2
263.450	2
263.570	0
263.570	1
263.570	2
263.810	2
264.050	0
264.050	2
264.170	2
264.290	2
264.530	0
264.530	1
264.530	2
264.760	2
265.000	0
265.000	2
265.240	2
265.360	2
265.480	0
265.480	1
265.480	2
265.720	2
265.960	0
265.960	1
265.960	2
266.070	2
266.190	2
266.200	1
266.430	0
266.430	1
266.430	2
266.670	2
266.790	1
266.790	2
266.910	0
266.910	2
267.140	2
267.260	2
267.380	0
267.380	1
267.620	2
267.630	0
267.860	0
267.860	2
267.970	2
268.100	2
268.340	0
268.340	1
268.340	2
268.570	2
268.700	1
268.700	2
268.810	0
269.050	2
269.170	2
269.290	0
269.290	1
269.290	2
269.530	2
269.770	0
269.770	1
269.770	2
269.880	2
270.000	2
270.010	1
270.240	0
270.240	1
270.240	2
270.480	2
270.590	2
270.600	1
270.720	0
270.720	2
270.950	2
271.070	2
271.190	0
271.190	1
271.190	2
271.430	2
271.670	0
271.670	2
271.780	2
271.910	2
272.150	0
272.150	1
272.150	2
272.380	2
272.500	1
272.500	2
272.620	0
272.860	2
272.980	2
273.100	0
273.100	1
273.100	2
273.330	2
273.580	0
273.580	1
273.580	2
273.690	2
273.810	2
273.820	0
273.820	1
274.050	0
274.050	1
274.050	2
274.290	2
274.400	2
274.410	1
274.530	0
274.530	2
274.760	2
274.880	2
275.000	0
275.000	1
275.000	2
275.240	0
275.240	2
275.480	0
275.480	2
275.590	2
275.720	2
275.960	0
275.960	1
275.960	2
276.190	2
276.430	0
276.670	2
276.790	2
276.910	0
276.910	1
276.910	2
277.140	2
277.380	0
277.380	1
277.500	2
277.620	2
277.860	0
277.860	1
277.860	2
278.100	2
278.220	1
278.220	2
278.340	0
278.340	2
278.570	2
278.690	2
278.810	0
278.810	1
278.810	2
279.050	2
279.290	0
279.400	2
279.530	2
279.760	0
279.760	1
279.760	2
280.000	2
280.130	0
280.240	0
280.240	2
280.480	2
280.600	2
280.720	0
280.720	1
280.720	2
280.950	2
281.190	0
281.310	2
281.430	0
281.430	2
281.670	0
281.670	1
281.670	2
281.910	2
282.020	1
282.020	2
282.150	0
282.380	2
282.500	2
282.620	0
282.620	1
282.620	2
282.860	2
283.100	0
283.210	2
283.330	2
283.570	0
283.570	1
283.570	2
283.810	2
283.930	1
283.930	2
284.050	0
284.050	2
284.290	2
284.400	2
284.530	0
284.530	1
284.760	2
285.000	0
285.000	1
285.000	2
285.120	2
285.240	2
285.480	0
285.480	1
285.480	2
285.720	2
285.830	1
285.830	2
285.960	0
286.190	2
286.310	2
286.430	0
286.430	1
286.430	2
286.670	0
286.670	2
286.910	0
286.910	2
287.020	2
287.140	2
287.380	0
287.380	1
287.380	2
287.620	2
287.860	0
288.100	2
288.210	2
288.340	0
288.340	1
288.570	2
288.810	0
288.930	2
289.050	2
289.290	0
289.290	1
289.290	2
289.530	2
289.640	1
289.640	2
289.770	0
289.770	2
290.000	1
290.000	2
290.120	2
290.240	0
290.240	1
290.240	2
290.480	0
290.480	1
290.480	2
290.720	0
290.830	2
290.950	2
291.190	0
291.190	1
291.190	2
291.430	2
291.670	0
291.670	2
291.910	2
292.020	2
292.150	0
292.150	1
292.380	2
292.620	0
292.620	2
292.740	2
292.860	0
292.860	1
292.860	2
293.100	0
293.100	1
293.100	2
293.330	1
293.330	2
293.450	1
293.450	2
293.580	0
293.810	2
293.930	2
294.050	0
294.050	1
294.050	2
294.290	2
294.530	0
294.640	2
294.760	2
295.000	0
295.000	1
295.000	2
295.240	2
295.360	1
295.480	0
295.480	2
295.720	2
295.830	2
295.960	0
295.960	1
296.190	2
296.430	0
296.430	1
296.430	2
296.550	2
296.670	0
296.670	2
296.910	0
296.910	1
296.910	2
297.140	2
297.260	1
297.260	2
297.390	0
297.620	2
297.740	2
297.860	0
297.860	1
297.860	2
298.100	2
298.340	0
298.450	2
298.570	2
298.810	0
298.810	1
298.810	2
299.050	2
299.290	0
299.290	2
299.530	2
299.640	2
299.760	0
299.760	1
300.000	2
300.240	0
300.240	1
300.360	2
300.480	1
300.480	2
300.720	0
300.720	1
300.720	2
300.950	2
301.070	1
301.070	2
301.200	0
301.320	2
301.430	2
301.550	2
301.670	0
301.670	1
301.670	2
301.910	2
302.140	0
302.260	2
302.380	2
302.620	0
302.620	1
302.620	2
302.860	2
303.100	0
303.100	2
303.330	2
303.450	2
303.570	0
303.570	1
303.810	2
304.050	0
304.050	1
304.050	2
304.160	2
304.290	0
304.290	2
304.530	0
304.530	1
304.530	2
304.760	2
304.880	1
304.880	2
305.000	0
305.240	2
305.360	2
305.480	0
305.480	1
305.480	2
305.720	1
305.720	2
305.960	0
305.960	2
306.070	2
306.190	2
306.430	0
306.430	1
306.430	2
306.670	2
306.790	1
306.910	0
306.910	2
307.140	2
307.260	2
307.380	0
307.380	1
307.620	2
307.860	0
307.860	1
307.860	2
307.980	2
308.100	1
308.100	2
308.340	0
308.340	1
308.340	2
308.570	2
308.690	1
308.690	2
308.810	0
309.050	2
309.170	2
309.290	0
309.290	1
309.290	2
309.530	0
309.530	2
309.760	0
309.880	2
310.000	2
310.240	0
310.240	1
310.240	2
310.480	2
310.600	1
310.600	2
310.720	0
310.720	2
310.950	2
311.070	2
311.190	0
311.190	1
311.430	2
311.670	0
311.670	1
311.670	2
311.780	2
311.910	0
311.910	1
311.910	2
312.150	0
312.150	1
312.150	2
312.380	2
312.500	1
312.500	2
312.620	0
312.860	2
312.980	2
313.100	0
313.100	1
313.100	2
313.340	2
313.570	0
313.690	2
313.810	2
314.050	0
314.050	1
314.050	2
314.290	2
314.410	2
314.530	0
314.530	2
314.760	2
314.880	2
315.000	0
315.000	1
315.000	2
315.240	2
315.480	0
315.480	1
315.480	2
315.590	2
315.720	0
315.720	1
315.720	2
315.960	0
315.960	1
315.960	2
316.190	2
316.310	1
316.310	2
316.430	0
316.670	2
316.790	2
316.910	0
316.910	1
316.910	2
317.140	2
317.380	0
317.380	2
317.500	2
317.620	2
317.860	0
317.860	1
317.860	2
318.100	2
318.340	0
318.570	2
318.690	2
318.810	0
318.810	1
319.050	2
319.290	0
319.290	2
319.400	2
319.530	2
319.760	1
319.760	2
319.770	0
320.000	2
320.120	1
320.120	2
320.240	0
320.240	2
320.480	2
320.590	2
320.720	0
320.720	1
320.720	2
320.950	2
320.960	0
321.190	0
321.190	2
321.310	2
321.430	2
321.670	0
321.670	1
321.670	2
321.910	2
322.030	2
322.150	0
322.150	2
322.380	2
322.500	2
322.620	0
322.620	1
322.620	2
322.860	2
323.100	0
323.100	1
323.100	2
323.210	2
323.340	1
323.340	2
323.570	1
323.580	0
323.580	2
323.810	2
323.930	1
323.930	2
324.050	0
324.290	2
324.400	2
324.530	0
324.530	1
324.760	2
325.000	0
325.120	2
325.240	2
325.480	0
325.480	1
325.480	2
325.720	2
325.840	2
325.960	0
325.960	2
326.190	2
326.310	2
326.430	0
326.430	1
326.430	2
326.670	2
326.910	0
326.910	1
326.910	2
327.150	0
327.150	1
327.150	2
327.380	0
327.380	1
327.380	2
327.620	2
327.740	1
327.740	2
327.860	0
327.860	2
328.100	2
328.210	2
328.340	0
328.340	1
328.570	2
328.580	0
328.810	0
328.810	2
328.930	2
329.050	2
329.290	0
329.290	1
329.290	2
329.530	2
329.640	2
329.770	0
329.770	2
330.000	2
330.120	2
330.240	0
330.240	1
330.240	2
330.480	2
330.720	0
330.720	1
330.720	2
330.830	2
330.960	1
330.960	2
331.190	0
331.190	1
331.190	2
331.430	2
331.550	1
331.550	2
331.670	0
331.670	2
331.910	2
332.020	2
332.150	0
332.150	1
332.380	2
332.620	0
332.620	2
332.740	2
332.860	2
333.100	0
333.100	1
333.100	2
333.330	2
333.460	1
333.460	2
333.580	0
333.810	2
333.930	2
334.050	0
334.050	1
334.050	2
334.290	2
334.530	0
334.530	2
334.640	2
334.770	1
334.770	2
335.000	0
335.000	1
335.000	2
335.240	2
335.360	1
335.360	2
335.480	0
335.480	2
335.720	2
335.830	2
335.960	0
335.960	1
335.960	2
336.190	2
336.430	0
336.430	2
336.550	2
336.670	2
336.910	0
336.910	1
336.910	2
337.140	2
337.380	0
337.620	2
337.740	2
337.860	0
337.860	1
337.860	2
338.100	2
338.340	0
338.580	0
338.580	1
338.580	2
338.810	0
338.810	1
338.810	2
339.060	2
339.160	2
339.170	1
339.290	0
339.540	2
339.760	0
340.010	1
340.010	2
340.240	0
340.490	2
340.720	0
340.960	2
341.190	0
341.440	2
341.670	0
341.920	2
342.150	0
342.390	0
342.390	1
342.390	2
342.620	0
342.870	2
343.100	0
343.350	2
343.570	0
343.820	0
343.820	2
344.050	0
344.300	2
344.530	0
344.770	2
345.000	0
345.250	2
345.480	0
345.730	2
345.950	0
346.210	0
346.210	2
346.430	0
346.680	2
346.910	0
347.160	2
347.380	0
347.630	0
347.630	2
347.860	0
348.110	2
348.340	0
348.580	2
348.810	0
349.070	2
349.290	0
349.540	2
349.760	0
350.020	0
350.020	2
350.240	0
350.480	2
350.730	0
351.440	0
351.440	2
352.880	2
353.580	0
353.820	0
353.820	2
354.060	0
354.540	0
355.260	0
355.260	2
357.390	0
357.640	0
357.870	0
359.060	0
361.210	0
361.440	0
362.880	0
365.020	0
365.250	0
365.500	0
