0.480	2
0.720	0
0.720	2
1.210	0
1.710	0
2.460	0
2.960	0
3.200	0
3.700	0
4.200	0
4.470	2
4.710	0
4.710	2
5.200	0
5.690	0
6.440	0
6.940	0
6.940	2
7.190	0
7.690	0
8.180	0
8.450	2
8.690	0
8.690	2
9.180	0
9.680	0
10.420	0
10.920	0
11.170	0
11.670	0
12.170	0
12.430	2
12.670	0
12.670	2
13.160	0
13.660	0
14.410	0
14.910	0
15.160	0
15.650	0
16.150	0
16.400	2
16.650	0
17.150	0
17.400	2
17.650	0
18.140	2
18.390	0
18.890	0
18.890	2
19.140	0
19.640	0
20.130	0
20.390	2
20.640	0
20.640	2
21.130	0
21.380	2
21.630	0
22.120	2
22.370	0
22.870	2
22.880	0
23.120	0
23.620	0
24.120	0
24.380	2
24.620	0
24.620	2
24.740	1
24.740	2
24.990	1
25.110	0
25.110	2
25.240	2
25.360	1
25.360	2
25.490	2
25.610	0
25.740	1
25.860	2
25.980	1
26.230	1
26.360	0
26.360	2
26.600	2
26.730	1
26.730	2
26.860	0
27.110	0
27.110	2
27.230	2
27.350	1
27.480	2
27.600	0
27.730	1
27.730	2
27.850	2
27.980	1
28.100	0
28.100	2
28.220	1
28.350	1
28.350	2
28.610	0
28.720	1
29.100	0
29.100	1
29.100	2
29.220	1
29.220	2
29.590	1
29.590	2
29.720	1
29.720	2
29.970	1
29.970	2
30.340	1
30.340	2
30.470	2
30.720	2
30.840	1
31.090	1
31.210	1
31.210	2
31.580	1
31.710	0
31.710	1
31.710	2
31.960	1
31.960	2
32.340	2
32.460	0
32.710	0
32.960	0
33.330	0
33.580	0
33.580	2
33.700	0
33.950	0
34.200	0
34.340	2
34.460	0
34.460	2
34.700	0
34.700	2
34.950	0
35.320	0
35.570	0
35.570	2
35.690	0
35.940	0
36.190	0
36.330	2
36.450	0
36.450	2
36.690	0
36.940	0
37.310	0
37.560	0
37.690	0
37.930	0
38.180	0
38.320	2
38.440	0
38.440	2
38.680	0
38.930	0
39.300	0
39.550	0
39.680	0
39.930	0
40.180	0
40.310	2
40.430	0
40.430	2
40.670	0
40.920	0
41.300	0
41.550	0
41.670	0
41.920	0
42.170	0
42.300	2
42.420	0
42.420	2
42.660	0
42.910	0
43.290	0
43.540	0
43.540	2
43.660	0
43.910	0
44.160	0
44.290	2
44.410	0
44.660	0
44.910	0
45.280	0
45.530	0
45.530	2
45.650	0
45.900	0
46.150	0
46.270	1
46.280	2
46.410	0
46.410	2
46.650	0
46.650	1
46.650	2
46.770	1
46.900	0
47.020	1
47.020	2
47.140	1
47.140	2
47.270	0
47.520	0
47.520	1
47.520	2
47.640	0
47.640	1
47.650	2
47.890	0
47.890	1
47.890	2
48.140	0
48.280	2
48.400	0
48.400	2
48.640	0
48.640	2
48.890	0
49.260	0
49.510	0
49.640	0
49.880	0
50.130	0
50.270	2
50.390	0
50.390	2
50.630	0
50.880	0
51.250	0
51.510	0
51.630	0
51.880	0
52.130	0
52.260	2
52.380	0
52.380	2
52.620	0
52.870	0
53.250	0
53.500	0
53.620	0
53.870	0
54.120	0
54.120	2
54.250	2
54.370	0
54.610	0
54.860	0
55.240	0
55.490	0
55.610	0
55.860	0
56.110	0
56.110	2
56.240	2
56.370	0
56.370	2
56.610	0
56.860	0
57.230	0
57.480	0
57.480	2
57.600	0
57.850	0
58.100	0
58.240	2
58.360	0
58.360	2
58.600	0
58.850	0
58.850	2
59.220	0
59.470	0
59.470	2
59.590	0
59.840	0
60.090	0
60.230	2
60.350	0
60.350	2
60.590	0
60.840	0
61.210	0
61.460	0
61.590	0
61.830	0
62.080	0
62.210	1
62.210	2
62.580	1
62.710	1
62.820	0
62.960	1
62.960	2
63.080	1
63.080	2
63.450	1
63.450	2
63.580	1
63.580	2
63.820	1
63.820	2
64.200	1
64.200	2
64.330	0
64.330	2
64.570	0
64.570	1
64.570	2
64.700	2
64.820	0
64.950	1
65.070	1
65.070	2
65.200	0
65.440	0
65.440	1
65.440	2
65.570	0
65.570	1
65.570	2
65.820	0
65.820	1
65.820	2
66.070	0
66.190	1
66.190	2
66.320	0
66.320	2
66.560	0
66.560	1
66.560	2
66.810	0
66.940	1
66.940	2
67.060	1
67.060	2
67.190	0
67.440	0
67.440	1
67.440	2
67.560	0
67.560	1
67.560	2
67.810	0
67.810	1
67.810	2
68.060	0
68.180	1
68.180	2
68.320	0
68.560	0
68.560	1
68.560	2
68.680	1
68.810	0
68.930	1
68.930	2
69.050	1
69.050	2
69.180	0
69.430	0
69.430	1
69.430	2
69.550	0
69.550	1
69.550	2
69.800	0
69.800	1
69.800	2
70.050	0
70.170	1
70.180	2
70.310	0
70.550	0
70.550	1
70.550	2
70.800	0
70.920	1
70.920	2
71.040	1
71.040	2
71.170	0
71.420	0
71.420	1
71.420	2
71.540	0
71.540	1
71.540	2
71.790	0
71.790	1
71.790	2
72.040	0
72.170	1
72.170	2
72.300	0
72.300	2
72.540	0
72.540	1
72.540	2
72.670	2
72.790	0
72.910	1
72.910	2
73.040	1
73.040	2
73.160	0
73.410	0
73.410	1
73.410	2
73.540	0
73.540	1
73.540	2
73.780	0
73.780	1
73.780	2
74.030	0
74.160	1
74.160	2
74.290	0
74.290	2
74.530	0
74.530	1
74.530	2
74.660	2
74.780	0
74.900	1
74.900	2
75.030	1
75.030	2
75.160	0
75.400	0
75.400	1
75.400	2
75.530	0
75.530	1
75.530	2
75.780	0
75.780	1
75.780	2
76.030	0
76.150	1
76.150	2
76.280	0
76.280	2
76.520	0
76.520	1
76.520	2
76.650	1
76.770	0
76.900	1
77.020	1
77.020	2
77.390	1
77.520	1
77.520	2
77.770	1
77.770	2
78.140	1
78.140	2
78.390	1
78.760	1
78.770	0
78.770	2
78.890	2
79.010	1
79.010	2
79.140	1
79.390	1
79.760	1
79.760	2
80.010	1
80.010	2
80.130	1
80.130	2
80.270	0
80.510	0
80.510	1
80.510	2
80.630	1
80.760	0
80.880	1
80.880	2
81.000	1
81.130	0
81.380	0
81.380	1
81.380	2
81.500	0
81.500	1
81.500	2
81.750	0
81.750	1
81.750	2
82.000	0
82.120	1
82.130	2
82.260	0
82.500	0
82.500	1
82.500	2
82.750	0
82.750	2
82.870	1
82.870	2
83.000	1
83.120	0
83.370	0
83.370	1
83.370	2
83.500	0
83.500	1
83.500	2
83.740	0
83.740	1
83.740	2
83.990	0
84.120	1
84.120	2
84.250	0
84.250	2
84.490	0
84.490	1
84.490	2
84.620	1
84.620	2
84.740	0
84.860	1
84.860	2
84.990	1
84.990	2
85.110	0
85.360	0
85.360	1
85.360	2
85.490	0
85.490	1
85.490	2
85.730	0
85.730	1
85.740	2
85.990	0
86.110	1
86.110	2
86.240	0
86.480	0
86.480	1
86.480	2
86.610	2
86.730	0
86.850	1
86.850	2
86.980	1
86.980	2
87.110	0
87.350	0
87.350	1
87.350	2
87.480	0
87.480	1
87.480	2
87.730	0
87.730	1
87.730	2
87.980	0
88.100	1
88.100	2
88.230	0
88.230	2
88.470	0
88.470	2
88.600	1
88.600	2
88.720	0
88.850	1
88.970	1
88.970	2
89.100	0
89.340	0
89.340	1
89.340	2
89.470	0
89.470	1
89.470	2
89.720	0
89.720	1
89.720	2
89.970	0
90.090	1
90.090	2
90.220	0
90.220	2
90.470	0
90.470	2
90.590	1
90.720	0
90.840	1
90.840	2
90.960	1
90.960	2
91.090	0
91.340	0
91.340	1
91.340	2
91.460	0
91.460	1
91.460	2
91.710	0
91.710	1
91.710	2
91.960	0
92.080	1
92.080	2
92.220	0
92.460	0
92.460	1
92.460	2
92.580	1
92.710	0
92.830	1
92.830	2
92.950	1
92.950	2
93.330	1
93.330	2
93.450	1
93.700	1
93.700	2
94.070	2
94.450	1
94.580	2
94.700	1
95.570	2
95.700	2
95.820	1
96.070	1
96.070	2
96.320	0
96.810	0
96.810	1
96.810	2
97.310	0
97.560	1
97.560	2
97.810	1
97.810	2
98.060	0
98.560	0
98.560	1
98.560	2
98.810	0
98.810	1
98.810	2
99.300	0
99.300	1
99.300	2
99.800	0
100.050	1
100.050	2
100.800	0
100.800	1
100.800	2
101.050	1
101.300	0
101.540	1
101.540	2
101.790	1
101.790	2
102.040	0
102.540	0
102.540	1
102.790	0
102.790	1
102.790	2
103.290	0
103.290	1
103.290	2
103.790	0
104.030	1
104.030	2
104.290	0
104.290	2
104.780	0
104.780	1
104.780	2
105.030	1
105.280	0
105.530	1
105.780	1
106.030	0
106.520	1
106.530	0
106.770	0
106.770	1
106.770	2
107.270	0
107.270	1
107.270	2
107.770	0
108.020	1
108.020	2
108.760	1
108.760	2
108.770	0
109.260	0
109.510	1
109.510	2
109.760	1
109.760	2
110.010	0
110.510	0
110.510	1
110.510	2
110.760	0
110.760	1
110.760	2
111.250	0
111.250	1
111.260	2
111.750	0
112.000	1
112.000	2
112.260	0
112.260	2
112.750	0
112.750	1
112.750	2
113.000	2
113.250	0
113.490	1
113.740	1
113.740	2
113.990	0
114.490	0
114.490	1
114.490	2
114.740	0
114.740	1
114.740	2
115.240	0
115.240	1
115.240	2
115.740	0
115.980	1
115.990	2
116.240	2
116.730	0
116.730	1
116.730	2
116.980	1
117.230	0
117.480	1
117.730	1
117.730	2
117.980	0
118.470	1
118.480	0
118.720	0
118.720	1
118.720	2
119.220	0
119.220	1
119.220	2
119.720	0
119.970	1
119.970	2
120.220	0
120.220	2
120.710	0
120.710	1
120.710	2
120.970	1
121.210	0
121.460	1
121.710	1
121.960	0
122.460	0
122.460	1
122.460	2
122.710	0
122.710	1
122.710	2
123.200	0
123.200	1
123.200	2
123.700	0
123.950	1
123.950	2
124.210	0
124.210	2
124.700	0
124.700	1
124.700	2
124.950	1
124.950	2
125.200	0
125.440	1
125.690	1
125.940	1
126.070	0
126.320	0
126.320	1
126.320	2
126.440	1
126.570	0
126.570	2
126.690	1
126.690	2
126.810	1
126.920	0
127.190	1
127.190	2
127.310	0
127.310	1
127.310	2
127.440	1
127.440	2
127.560	0
127.560	1
127.560	2
127.680	1
127.680	2
127.940	0
128.310	0
128.560	0
128.710	2
128.800	1
128.930	0
129.180	0
129.180	2
129.300	0
129.430	1
129.430	2
129.550	0
129.830	2
129.930	0
130.300	0
130.550	0
130.550	2
130.700	2
130.800	1
130.920	0
131.170	0
131.300	0
131.420	1
131.420	2
131.540	0
131.820	2
131.920	0
132.290	0
132.540	0
132.690	2
132.790	1
132.910	0
133.160	0
133.290	0
133.410	1
133.410	2
133.540	0
133.810	2
133.910	0
134.280	0
134.530	0
134.680	2
134.780	1
134.910	0
135.160	0
135.280	0
135.400	1
135.400	2
135.530	0
135.800	2
135.900	0
136.270	0
136.520	0
136.670	2
136.770	1
136.770	2
136.900	0
137.150	0
137.150	2
137.270	0
137.390	1
137.520	0
137.790	2
137.890	0
138.270	0
138.520	0
138.660	2
138.760	1
138.760	2
138.890	0
139.140	0
139.260	0
139.390	1
139.510	0
139.780	2
139.890	0
140.260	0
140.510	0
140.650	2
140.750	1
140.880	0
141.130	0
141.130	2
141.250	0
141.380	1
141.380	2
141.500	0
141.780	2
141.880	0
141.880	1
141.880	2
142.010	2
142.250	0
142.250	1
142.250	2
142.370	1
142.370	2
142.500	0
142.620	1
142.750	1
142.750	2
142.870	0
143.120	0
143.120	1
143.120	2
143.250	0
143.250	1
143.250	2
143.370	1
143.370	2
143.490	0
143.490	1
143.490	2
143.770	2
143.870	0
144.240	0
144.490	0
144.640	2
144.740	1
144.860	0
145.110	0
145.240	0
145.360	1
145.360	2
145.490	0
145.760	2
145.860	0
146.230	0
146.480	0
146.630	2
146.730	1
146.860	0
147.110	0
147.230	0
147.350	1
147.350	2
147.480	0
147.750	2
147.850	0
148.230	0
148.470	0
148.620	2
148.720	1
148.720	2
148.850	0
149.100	0
149.220	0
149.340	1
149.470	0
149.740	2
149.840	0
150.220	0
150.470	0
150.710	1
150.710	2
150.840	0
151.090	0
151.210	0
151.340	1
151.340	2
151.460	0
151.730	2
151.840	0
152.210	0
152.460	0
152.600	2
152.700	1
152.830	0
153.080	0
153.200	0
153.330	1
153.450	0
153.720	2
153.830	0
154.200	0
154.450	0
154.590	2
154.700	1
154.820	0
155.070	0
155.200	0
155.320	1
155.320	2
155.440	0
155.720	2
155.820	0
156.190	0
156.440	0
156.590	2
156.690	1
156.690	2
156.810	0
157.070	0
157.190	0
157.310	1
157.440	0
157.710	2
157.810	0
157.810	1
158.180	0
158.180	1
158.180	2
158.310	1
158.430	0
158.560	1
158.560	2
158.680	1
158.680	2
159.050	1
159.180	1
159.430	1
159.430	2
159.800	0
159.800	1
159.800	2
160.050	0
160.180	1
160.300	1
160.300	2
160.420	0
160.420	1
160.420	2
160.550	0
160.550	1
160.550	2
160.670	1
160.800	0
160.800	2
161.040	1
161.050	0
161.170	0
161.170	1
161.170	2
161.300	1
161.420	0
161.420	1
161.420	2
161.690	2
161.790	0
161.790	1
162.040	0
162.170	1
162.290	1
162.290	2
162.410	0
162.410	1
162.410	2
162.540	0
162.660	1
162.790	0
162.790	2
163.040	0
163.040	1
163.040	2
163.160	0
163.160	1
163.160	2
163.290	1
163.410	0
163.410	1
163.410	2
163.680	2
163.780	1
163.790	0
164.030	0
164.280	1
164.280	2
164.410	1
164.410	2
164.530	0
164.660	1
164.780	0
164.780	2
165.030	0
165.030	1
165.030	2
165.150	0
165.150	1
165.150	2
165.280	1
165.400	0
165.400	1
165.400	2
165.670	2
165.780	0
165.780	1
165.780	2
166.030	0
166.150	1
166.270	1
166.400	1
166.400	2
166.530	0
166.650	1
166.650	2
166.770	0
166.770	2
167.020	0
167.020	1
167.020	2
167.150	0
167.150	1
167.150	2
167.270	1
167.270	2
167.390	0
167.390	1
167.390	2
167.770	0
167.770	1
167.770	2
168.020	0
168.140	1
168.270	1
168.390	1
168.390	2
168.520	0
168.520	2
168.640	1
168.640	2
168.770	0
168.770	2
169.010	0
169.010	1
169.010	2
169.140	0
169.140	1
169.140	2
169.260	1
169.260	2
169.390	0
169.390	1
169.390	2
169.660	2
169.760	0
169.760	1
170.010	0
170.130	1
170.260	1
170.380	1
170.380	2
170.510	0
170.510	2
170.630	1
170.630	2
170.760	0
170.760	2
171.000	0
171.000	1
171.000	2
171.130	0
171.130	1
171.250	1
171.250	2
171.380	0
171.380	1
171.380	2
171.650	2
171.750	0
171.750	1
172.000	0
172.130	1
172.250	1
172.250	2
172.370	0
172.370	1
172.370	2
172.500	0
172.500	2
172.620	1
172.750	0
172.750	2
173.000	0
173.000	1
173.000	2
173.120	0
173.120	1
173.120	2
173.240	1
173.240	2
173.370	0
173.370	1
173.370	2
173.640	2
173.740	1
173.990	1
174.370	1
174.610	1
174.610	2
174.740	1
174.740	2
174.990	1
174.990	2
175.360	1
175.360	2
175.490	1
175.610	1
175.610	2
175.730	1
175.870	0
175.870	2
176.000	0
176.110	1
176.110	2
176.230	1
176.360	0
176.480	1
176.480	2
176.600	1
176.600	2
176.730	0
176.980	0
176.980	1
176.980	2
177.100	0
177.100	1
177.100	2
177.230	1
177.230	2
177.350	0
177.350	1
177.360	2
177.620	2
177.730	1
177.860	0
177.860	2
177.990	0
178.230	2
178.350	0
178.470	1
178.480	2
178.600	1
178.600	2
178.720	0
178.970	0
178.970	1
178.970	2
179.100	0
179.100	2
179.220	1
179.220	2
179.340	1
179.350	0
179.350	2
179.720	1
179.850	0
179.980	0
180.090	1
180.090	2
180.210	1
180.340	0
180.470	1
180.470	2
180.590	1
180.590	2
180.720	0
180.960	0
180.960	1
180.960	2
181.090	0
181.090	1
181.090	2
181.210	1
181.210	2
181.340	0
181.340	2
181.710	1
181.840	0
181.840	2
181.970	0
182.080	1
182.080	2
182.210	1
182.330	0
182.460	1
182.460	2
182.580	1
182.580	2
182.710	0
182.950	1
182.960	0
182.960	2
183.080	0
183.080	1
183.080	2
183.200	1
183.330	0
183.330	1
183.330	2
183.600	2
183.700	1
183.840	0
183.970	0
184.200	1
184.200	2
184.330	0
184.450	1
184.450	2
184.570	1
184.570	2
184.700	0
184.950	0
184.950	1
184.950	2
185.070	0
185.070	1
185.070	2
185.200	1
185.200	2
185.320	0
185.320	1
185.320	2
185.590	2
185.690	1
185.830	0
185.830	2
185.960	0
186.320	0
186.440	1
186.440	2
186.560	1
186.560	2
186.690	0
186.940	0
186.940	1
186.940	2
187.060	0
187.060	2
187.190	1
187.190	2
187.310	0
187.310	1
187.310	2
187.580	2
187.680	1
187.820	0
187.820	2
187.950	0
188.060	1
188.060	2
188.180	1
188.310	0
188.430	1
188.440	2
188.560	1
188.680	0
188.930	0
188.930	1
188.930	2
189.050	1
189.060	0
189.060	2
189.180	1
189.180	2
189.300	0
189.300	1
189.300	2
189.680	1
189.940	0
190.050	1
190.050	2
190.180	2
190.300	0
190.420	1
190.550	1
190.670	0
190.920	0
190.920	1
190.920	2
191.050	0
191.050	1
191.050	2
191.300	1
191.670	0
191.670	1
191.670	2
191.790	0
191.790	2
192.170	2
192.290	0
192.420	1
192.420	2
192.540	0
192.540	1
192.540	2
192.670	0
192.910	0
192.910	1
192.910	2
193.040	0
193.040	1
193.040	2
193.160	1
193.160	2
193.290	0
193.290	1
193.290	2
193.560	0
193.560	2
193.660	0
193.660	1
193.660	2
193.790	0
194.040	1
194.160	1
194.290	0
194.410	1
194.410	2
194.530	1
194.530	2
194.660	0
194.900	1
194.910	0
194.910	2
195.030	0
195.030	1
195.030	2
195.150	1
195.280	0
195.280	1
195.280	2
195.650	0
195.650	1
195.650	2
195.780	0
196.030	1
196.030	2
196.150	1
196.280	0
196.400	1
196.400	2
196.520	1
196.520	2
196.650	0
196.900	0
196.900	1
196.900	2
197.020	0
197.020	1
197.020	2
197.150	1
197.150	2
197.270	0
197.270	1
197.270	2
197.640	0
197.640	1
197.770	0
197.770	2
198.140	1
198.270	0
198.390	1
198.390	2
198.510	1
198.510	2
198.640	0
198.890	0
198.890	1
198.890	2
199.020	0
199.020	2
199.140	1
199.140	2
199.260	0
199.260	2
199.630	1
200.010	1
201.260	1
201.630	1
201.630	2
202.000	1
202.380	1
203.250	1
203.250	2
203.620	1
203.620	2
203.990	1
203.990	2
204.370	1
204.990	1
204.990	2
205.240	1
205.240	2
205.610	1
205.610	2
205.980	1
206.360	1
206.360	2
206.980	1
206.980	2
207.230	1
207.230	2
207.600	1
207.600	2
207.980	1
207.980	2
208.350	1
208.350	2
208.970	1
208.970	2
209.220	1
209.220	2
209.590	1
209.970	1
210.340	1
210.960	1
211.210	1
211.210	2
211.590	1
211.960	1
211.960	2
212.330	1
212.960	1
213.200	1
213.580	1
213.580	2
213.950	1
213.950	2
214.330	1
214.330	2
215.200	1
215.200	2
