1.057	2
1.347	2
1.474	1
1.683	2
3.576	1
5.944	1
6.571	1
6.641	1
13.351	1
15.105	2
15.116	1
15.453	2
15.464	1
15.650	2
15.801	2
15.813	1
16.149	2
16.173	1
16.219	2
16.312	1
16.405	2
16.498	2
16.951	2
16.962	1
17.009	1
17.299	2
17.310	1
17.647	2
17.659	1
17.670	2
17.937	1
17.995	2
18.007	1
18.216	1
18.228	2
18.239	1
18.367	1
18.576	1
18.808	1
19.145	2
19.156	1
19.493	2
19.505	1
19.841	1
19.841	2
20.190	1
20.190	2
20.550	1
20.654	1
20.712	1
20.828	1
20.991	2
21.002	1
21.339	2
21.351	1
21.687	2
21.699	1
22.036	1
22.036	2
22.059	1
22.059	2
22.268	2
22.291	1
22.338	2
22.489	2
22.500	1
22.837	2
22.848	1
23.185	2
23.208	1
23.255	1
23.359	1
23.464	1
23.533	2
23.545	1
23.882	1
23.882	2
24.335	2
24.346	1
24.683	2
24.694	1
25.031	2
25.043	1
25.379	2
25.391	1
25.612	1
25.612	2
25.728	1
25.751	1
25.960	1
25.960	2
26.192	1
26.529	2
26.540	1
26.877	2
26.889	1
27.225	1
27.225	2
27.272	1
27.574	1
27.574	2
27.922	1
27.922	2
28.050	1
28.212	1
28.212	2
28.386	1
28.723	2
28.735	1
29.071	2
29.083	1
29.420	2
29.431	1
29.652	1
29.652	2
29.907	0
30.128	0
30.256	0
30.453	2
30.604	0
31.718	1
31.742	0
31.800	2
32.067	1
32.078	0
32.102	0
32.415	1
32.450	0
32.763	1
32.775	0
32.798	0
32.798	2
33.599	0
33.924	0
33.948	0
33.994	2
34.284	0
35.410	1
35.445	0
35.492	2
35.794	0
35.840	2
36.003	0
36.026	0
36.061	2
36.142	0
37.280	0
37.338	2
37.616	0
37.640	0
37.674	2
37.965	0
37.988	0
39.137	0
39.486	0
39.834	0
40.147	1
40.159	0
40.182	0
40.983	0
41.030	2
41.320	0
41.332	2
41.355	0
41.378	2
41.657	0
41.715	2
42.829	0
43.143	1
43.166	0
43.224	2
43.386	0
43.410	0
43.526	0
43.561	1
44.350	2
44.664	0
44.896	2
45.000	2
45.023	0
45.349	1
45.372	0
45.407	2
45.511	2
45.604	2
46.277	2
46.486	1
46.510	0
46.742	2
46.835	1
46.869	0
47.195	0
47.195	1
47.218	0
47.531	1
47.543	0
47.566	0
48.356	0
48.588	2
48.715	0
48.762	2
49.029	1
49.041	0
49.064	0
50.213	0
50.434	2
50.561	0
50.608	2
50.770	0
50.794	0
50.887	1
50.910	0
52.036	1
52.036	2
52.048	0
52.059	2
52.152	1
52.280	2
52.384	1
52.384	2
52.407	0
52.407	2
52.674	1
52.733	0
52.733	1
52.733	2
52.756	0
52.802	1
53.069	2
53.092	1
53.418	1
53.418	2
53.441	2
53.499	1
53.603	2
53.696	2
53.754	1
53.882	1
53.882	2
53.894	0
54.126	2
54.219	2
54.230	1
54.242	0
54.567	1
54.567	2
54.579	0
54.602	0
54.915	2
54.927	0
54.927	1
54.938	2
54.950	0
54.996	1
55.147	2
55.159	1
55.263	2
55.496	1
55.612	1
55.716	2
55.740	0
55.879	1
55.972	2
56.076	1
56.076	2
56.088	0
56.099	2
56.146	2
56.157	1
56.297	0
56.413	2
56.424	0
56.424	1
56.761	2
56.773	1
57.109	2
57.121	1
57.458	1
57.458	2
57.574	2
57.585	0
57.644	2
57.748	1
57.748	2
57.818	2
57.911	2
57.922	1
57.934	0
58.143	1
58.154	0
58.259	2
58.270	0
58.270	1
58.294	1
58.329	1
58.329	2
58.607	2
58.619	1
58.955	2
58.967	1
59.188	2
59.199	1
59.443	1
59.443	2
60.140	2
61.103	2
61.185	2
62.218	2
62.671	2
64.261	1
64.517	2
64.644	2
65.608	2
66.188	2
67.791	1
68.882	2
70.055	2
71.726	2
72.168	1
73.108	2
73.572	2
74.188	1
74.199	0
74.223	0
74.420	2
74.536	1
74.559	0
74.791	2
74.908	0
74.908	1
75.221	2
75.233	1
75.256	0
75.256	2
75.302	2
75.488	2
75.569	2
75.581	1
76.034	1
76.034	2
76.045	0
76.069	0
76.278	0
76.382	1
76.382	2
76.394	0
76.405	1
76.719	2
76.730	1
76.974	0
77.067	2
77.079	0
77.079	1
77.102	0
77.299	2
77.311	1
77.357	2
77.439	1
77.589	2
77.613	0
77.636	0
77.648	2
77.659	1
77.671	2
77.868	2
77.891	0
77.903	1
77.915	0
78.228	0
78.228	2
78.240	1
78.576	0
78.576	1
78.576	2
78.913	2
78.925	1
79.261	2
79.273	1
79.470	0
79.621	1
79.737	1
79.761	0
79.772	2
79.900	1
79.900	2
80.074	1
80.086	0
80.109	0
80.329	0
80.376	2
80.422	1
80.422	2
80.446	0
80.446	2
80.759	2
80.771	1
81.026	1
81.119	1
81.119	2
81.340	2
81.351	1
81.583	0
81.583	1
81.607	0
81.607	2
81.920	0
81.920	2
81.932	1
81.955	0
82.210	1
82.268	1
82.268	2
82.292	2
82.605	2
82.617	1
82.860	1
82.953	1
82.965	2
83.162	0
83.220	2
83.278	0
83.418	1
83.418	2
83.429	0
83.661	0
83.685	1
83.754	2
83.766	1
83.778	0
84.033	2
84.103	2
84.346	2
84.358	0
84.451	2
84.463	0
84.463	1
84.486	0
84.683	2
84.695	1
84.741	2
84.811	1
84.834	1
85.031	2
85.043	1
85.275	0
85.275	1
85.299	0
85.496	2
85.542	1
85.554	0
85.612	1
85.612	2
85.635	0
85.844	1
85.960	1
85.960	2
85.983	0
86.204	2
86.297	2
86.309	1
86.332	0
86.494	2
86.518	2
86.657	1
86.657	2
86.785	2
86.901	2
86.994	2
87.121	0
87.144	0
87.156	2
87.284	2
87.295	1
87.458	1
87.458	2
87.481	0
87.725	2
87.806	1
87.806	2
87.841	0
88.143	2
88.155	1
88.340	0
88.503	1
88.503	2
88.723	1
88.723	2
88.967	0
88.967	1
88.990	0
89.223	1
89.246	1
89.269	0
89.304	2
89.316	1
89.327	2
89.339	0
89.385	2
89.559	2
89.652	1
89.652	2
89.675	0
89.675	2
89.896	0
90.001	2
90.012	1
90.024	0
90.070	2
90.256	2
90.349	1
90.349	2
90.558	0
90.604	2
90.627	0
90.802	2
90.813	0
90.813	1
90.836	1
90.848	2
91.069	1
91.150	1
91.150	2
91.162	0
91.185	0
91.208	2
91.231	1
91.254	1
91.394	1
91.498	0
91.498	1
91.498	2
91.521	2
91.545	0
91.580	1
91.835	2
91.847	1
91.893	0
92.067	2
92.079	1
92.381	0
92.381	1
92.415	2
92.439	1
92.497	1
92.590	1
92.659	0
92.659	1
92.729	1
92.775	2
92.833	1
92.938	1
92.996	0
92.996	2
93.008	1
93.066	2
93.251	1
93.356	1
93.379	0
93.576	1
93.704	1
93.739	0
94.041	1
94.041	2
94.238	0
94.378	2
94.447	2
94.517	1
94.528	0
94.540	2
94.575	1
94.668	2
94.854	0
94.865	1
94.888	0
94.888	2
95.097	0
95.190	0
95.190	1
95.190	2
95.422	2
95.434	0
95.539	0
95.539	1
95.573	0
95.713	1
95.759	2
95.887	2
95.898	1
96.107	2
96.119	1
96.340	2
96.351	1
96.363	2
96.374	0
96.386	2
96.432	1
96.700	1
96.723	0
96.769	1
96.827	2
96.897	1
97.036	2
97.048	1
97.071	0
97.384	1
97.384	2
97.396	0
97.733	1
97.733	2
97.768	0
97.791	0
97.930	0
98.023	1
98.186	2
98.197	0
98.197	1
98.220	1
98.232	2
98.441	2
98.534	1
98.534	2
98.545	0
98.557	1
98.569	0
98.638	1
98.836	1
98.882	2
98.894	0
98.905	1
98.929	0
98.975	1
99.103	2
99.138	1
99.172	0
99.230	1
99.230	2
99.254	2
99.277	0
99.300	2
99.451	2
99.463	1
99.590	1
99.706	1
99.799	2
99.811	1
99.857	0
100.043	0
100.055	1
100.078	2
100.148	1
100.148	2
100.171	2
100.287	2
100.333	0
100.380	2
100.391	0
100.391	1
100.554	1
100.624	1
100.728	1
100.728	2
100.763	0
100.949	0
100.984	2
101.076	1
101.425	1
101.425	2
101.564	2
101.680	2
101.727	1
101.738	0
101.785	2
101.831	1
101.901	0
101.924	2
101.970	1
102.052	1
102.052	2
102.075	1
102.110	0
102.133	1
102.226	0
102.237	1
102.261	2
102.284	0
102.319	1
102.493	0
102.586	0
102.597	1
102.621	1
102.911	2
102.922	1
103.108	0
103.143	2
103.271	1
103.271	2
103.329	0
103.352	0
103.375	2
103.387	1
103.491	2
103.503	1
103.724	2
103.735	1
103.758	0
103.770	2
103.840	2
103.956	2
103.991	1
104.072	2
104.083	1
104.107	0
104.130	2
104.141	1
104.304	2
104.420	2
104.443	0
104.478	1
104.664	0
104.768	1
104.792	0
105.024	2
105.117	1
105.117	2
105.372	1
105.372	2
105.395	0
105.570	2
105.581	0
105.581	1
105.662	1
105.860	1
105.906	2
105.918	1
105.929	0
105.953	0
105.976	2
105.999	1
106.057	1
106.208	1
106.255	2
106.278	0
106.289	1
106.289	2
106.313	0
106.487	2
106.614	1
106.614	2
106.661	0
106.835	2
106.847	1
106.893	2
107.067	1
107.148	0
107.148	1
107.172	0
107.183	2
107.207	1
107.230	0
107.265	1
107.427	0
107.439	1
107.497	1
107.543	2
107.706	1
107.752	2
107.775	1
107.845	1
108.019	1
108.112	0
108.124	1
108.147	0
108.205	1
108.472	1
108.495	0
108.809	1
108.809	2
108.983	0
109.006	0
109.111	1
109.145	2
109.192	0
109.215	1
109.273	1
109.296	0
109.308	2
109.436	2
109.447	1
109.563	0
109.621	0
109.656	0
109.749	1
109.807	1
109.854	0
109.877	0
109.888	2
109.958	1
109.958	2
109.970	0
110.097	1
110.202	0
110.306	0
110.306	1
110.341	0
110.481	1
110.492	0
110.504	2
110.655	2
110.666	1
110.806	0
110.840	1
110.875	2
110.887	1
111.073	0
111.107	2
111.119	1
111.142	0
111.166	2
111.200	1
111.375	1
111.456	2
111.467	1
111.491	0
111.514	0
111.537	1
111.607	1
111.665	1
111.758	1
111.804	2
111.816	1
111.827	2
111.839	0
111.851	1
112.152	1
112.152	2
112.164	0
112.187	0
112.501	1
112.501	2
112.524	2
112.536	0
112.559	0
112.698	0
112.756	2
112.814	1
112.965	0
112.965	1
112.988	1
113.302	1
113.302	2
113.313	0
113.337	0
113.360	2
113.406	1
113.534	1
113.557	1
113.650	1
113.650	2
113.662	0
113.673	2
113.697	0
113.755	1
113.894	2
113.905	1
113.940	0
113.987	2
113.998	1
114.045	0
114.068	2
114.184	1
114.231	1
114.231	2
114.289	2
114.300	1
114.358	1
114.474	1
114.567	2
114.579	1
114.625	0
114.811	0
114.811	1
114.834	0
114.858	2
114.892	1
114.939	2
115.148	1
115.148	2
115.159	0
115.183	1
115.194	2
115.334	1
115.392	1
115.496	1
115.496	2
115.519	2
115.531	0
115.566	1
115.717	0
115.844	1
115.844	2
115.856	0
115.891	0
116.193	1
116.193	2
116.309	2
116.332	2
116.436	2
116.495	1
116.529	2
116.599	1
116.680	0
116.692	2
116.738	1
116.820	1
116.820	2
116.843	2
116.878	0
116.924	1
117.005	1
117.052	0
117.087	1
117.133	2
117.249	1
117.272	2
117.342	2
117.354	0
117.354	1
117.365	2
117.388	1
117.551	1
117.690	1
117.876	0
117.888	2
117.911	2
118.039	1
118.039	2
118.120	0
118.166	1
118.259	2
118.271	1
118.491	2
118.503	1
118.526	0
118.840	2
118.851	1
118.875	0
118.898	2
119.084	2
119.107	2
119.188	2
119.211	1
119.223	0
119.536	1
119.536	2
119.560	0
119.606	2
119.792	2
119.885	1
119.885	2
120.337	2
120.349	0
120.349	1
120.372	0
120.372	1
120.593	0
120.686	1
120.686	2
120.697	0
120.709	1
121.034	1
121.034	2
121.046	0
121.266	2
121.278	0
121.382	1
121.382	2
121.406	0
121.615	1
121.615	2
121.754	1
121.940	0
121.951	2
121.963	1
121.986	2
122.009	1
122.067	2
122.195	0
122.195	1
122.218	0
122.218	1
122.532	0
122.532	2
122.543	1
122.555	2
122.567	0
122.880	2
122.892	1
122.915	0
123.228	0
123.228	2
123.240	1
123.263	0
123.298	2
123.577	1
123.577	2
123.774	0
123.925	1
124.041	1
124.064	0
124.099	2
124.204	2
124.215	1
124.378	2
124.389	0
124.389	1
124.413	0
124.726	1
124.726	2
124.761	0
124.981	2
125.074	1
125.074	2
125.423	2
125.434	1
125.643	2
125.655	1
125.875	2
125.887	0
125.887	1
125.910	0
126.108	2
126.224	2
126.235	1
126.572	2
126.584	1
126.607	0
126.920	2
126.932	0
126.932	1
126.943	2
126.955	0
127.176	1
127.269	1
127.269	2
127.466	0
127.524	2
127.640	2
127.721	2
127.733	0
127.733	1
127.756	0
127.977	0
127.988	1
128.070	1
128.070	2
128.081	0
128.128	2
128.418	1
128.418	2
128.430	0
128.441	1
128.453	0
128.650	2
128.662	0
128.766	1
128.766	2
128.998	1
128.998	2
129.115	1
129.335	2
129.347	1
129.579	1
129.602	0
129.637	2
129.904	0
129.916	2
129.927	1
129.950	0
130.159	1
130.264	1
130.264	2
130.299	0
130.508	2
130.612	1
130.612	2
130.635	0
130.821	2
130.961	2
130.972	1
131.088	2
131.204	2
131.297	2
131.413	1
131.425	0
131.448	0
131.587	2
131.599	1
131.762	2
131.773	1
132.029	0
132.040	2
132.110	2
132.122	1
132.145	0
132.331	1
132.458	2
132.470	1
132.807	1
132.807	2
133.027	2
133.039	1
133.097	1
133.271	0
133.271	1
133.306	0
133.364	1
133.445	1
133.492	2
133.608	2
133.619	1
133.642	0
133.689	2
133.793	2
133.875	2
133.956	2
133.968	1
133.991	0
134.223	2
134.304	2
134.316	0
134.316	1
134.327	2
134.339	0
134.374	2
134.560	2
134.653	1
134.653	2
134.931	0
135.105	2
135.117	0
135.117	1
135.140	1
135.407	0
135.454	1
135.454	2
135.465	0
135.488	0
135.523	2
135.535	1
135.697	1
135.709	0
135.721	1
135.802	1
135.802	2
135.814	0
135.837	0
135.837	2
135.883	1
136.034	2
136.057	1
136.150	1
136.150	2
136.197	0
136.382	1
136.382	2
136.545	2
136.603	1
136.707	0
136.719	2
136.742	1
136.766	0
136.905	1
136.963	1
136.975	0
136.986	1
136.986	2
137.033	1
137.137	1
137.207	2
137.253	1
137.300	0
137.300	2
137.311	1
137.358	2
137.392	1
137.555	1
137.648	0
137.648	2
137.660	1
137.683	0
137.741	1
137.880	1
137.996	2
138.008	1
138.054	0
138.194	2
138.344	1
138.344	2
138.681	2
138.704	1
138.728	0
138.739	2
138.820	1
138.832	0
138.867	2
138.879	1
138.983	1
138.983	2
139.099	0
139.146	2
139.157	0
139.180	1
139.204	0
139.389	0
139.413	0
139.494	2
139.505	0
139.505	1
139.633	1
139.738	0
139.854	0
139.854	1
139.877	1
140.028	2
140.063	2
140.156	0
140.190	2
140.202	1
140.307	1
140.411	2
140.434	1
140.608	0
140.643	2
140.655	1
140.678	0
140.736	1
140.794	2
140.992	2
141.003	1
141.026	0
141.073	1
141.201	1
141.340	2
141.351	1
141.363	2
141.375	0
141.688	2
141.700	0
141.700	1
142.036	1
142.036	2
142.071	0
142.095	0
142.338	0
142.489	2
142.501	0
142.501	1
142.524	1
142.838	1
142.838	2
142.849	0
142.872	0
142.907	2
142.942	1
143.093	0
143.186	2
143.197	0
143.209	1
143.290	1
143.418	2
143.441	1
143.476	0
143.534	1
143.534	2
143.581	0
143.766	1
143.766	2
143.906	1
143.906	2
144.010	1
144.103	2
144.115	1
144.138	2
144.161	0
144.196	1
144.347	0
144.347	1
144.370	1
144.370	2
144.417	2
144.451	1
144.567	2
144.602	2
144.684	2
144.695	0
144.695	1
144.718	1
144.858	1
144.927	1
145.032	1
145.032	2
145.043	0
145.067	0
145.264	0
145.380	2
145.392	0
145.392	1
145.427	0
145.578	2
145.728	2
145.740	1
145.810	1
146.042	1
146.065	2
146.204	1
146.216	0
146.355	1
146.355	2
146.413	0
146.448	1
146.541	0
146.541	1
146.588	0
146.599	2
146.634	1
146.797	0
146.808	2
146.878	2
146.889	0
146.924	1
146.982	2
147.133	2
147.226	2
147.238	1
147.389	1
147.412	0
147.447	2
147.563	1
147.574	2
147.621	1
147.644	0
147.702	1
147.795	2
147.807	1
147.876	1
148.027	2
148.039	1
148.062	0
148.062	2
148.120	1
148.178	2
148.259	2
148.376	2
148.387	1
148.410	0
148.445	2
148.573	1
148.573	2
148.643	2
148.724	2
148.759	0
148.782	1
148.805	1
148.840	2
149.072	2
149.084	0
149.084	1
149.107	0
149.420	1
149.420	2
149.699	0
149.873	2
149.885	0
149.885	1
149.931	0
149.931	2
149.966	1
150.140	1
150.175	0
150.221	1
150.221	2
150.233	0
150.256	0
150.291	2
150.303	1
150.361	1
150.500	2
150.512	1
150.570	2
150.581	0
150.605	0
150.605	1
150.651	1
150.802	2
150.825	1
150.825	2
150.918	1
150.918	2
150.965	0
151.150	1
151.150	2
151.313	2
151.382	1
151.475	0
151.510	1
151.580	1
151.731	1
151.742	0
151.754	1
151.754	2
151.800	1
151.800	2
151.975	2
152.021	1
152.067	0
152.067	2
152.079	1
152.160	1
152.207	2
152.416	2
152.427	1
152.520	1
152.567	1
152.764	2
152.776	1
152.799	2
152.822	0
153.112	1
153.112	2
153.437	1
153.461	2
153.496	0
153.519	1
153.600	0
153.600	1
153.623	2
153.751	1
153.751	2
153.832	1
153.867	0
153.925	0
153.948	1
153.972	0
154.053	1
154.157	0
154.180	0
154.192	2
154.204	1
154.262	2
154.273	0
154.273	1
154.285	2
154.401	1
154.506	0
154.517	2
154.622	0
154.622	1
154.773	1
154.796	2
154.958	2
154.970	1
155.086	1
155.191	1
155.191	2
155.283	1
155.376	0
155.400	0
155.423	1
155.423	2
155.446	0
155.481	2
155.516	1
155.690	1
155.736	0
155.771	1
155.771	2
155.794	0
155.841	1
155.922	1
155.980	1
156.061	1
156.108	2
156.119	1
156.143	0
156.340	2
156.456	2
156.468	0
156.468	1
156.804	1
156.804	2
156.828	2
156.862	0
157.048	2
157.106	0
157.118	1
157.129	0
157.269	0
157.269	1
157.292	1
157.327	2
157.443	2
157.605	2
157.617	0
157.617	1
157.640	0
157.675	2
157.710	1
157.849	1
157.861	0
157.954	1
157.954	2
157.965	0
157.977	2
158.058	1
158.198	2
158.209	1
158.256	0
158.302	1
158.302	2
158.348	0
158.488	1
158.534	1
158.534	2
158.604	1
158.674	1
158.778	1
158.871	2
158.929	0
159.115	1
159.126	0
159.138	1
159.451	1
159.451	2
159.463	0
159.486	1
159.637	1
159.800	2
159.811	0
159.811	1
159.835	0
159.881	1
160.032	0
160.148	2
160.160	0
160.160	1
160.194	0
160.496	2
160.508	1
160.798	1
160.833	2
160.914	1
160.972	1
160.984	0
161.054	1
161.135	1
161.135	2
161.309	1
161.332	2
161.355	0
161.402	1
161.564	0
161.646	2
161.657	0
161.657	1
161.704	1
161.994	2
162.006	1
162.017	2
162.040	2
162.191	0
162.342	1
162.412	0
162.470	1
162.575	1
162.575	2
162.644	1
