3.599	0
13.038	1
15.557	1
15.639	1
15.906	1
31.475	2
58.294	1
58.305	0
58.805	2
59.292	2
59.803	2
61.823	0
62.288	1
62.299	0
62.311	2
62.508	0
63.298	1
64.296	0
64.296	1
64.308	2
64.621	0
65.271	0
66.328	0
67.001	0
68.429	0
69.288	1
70.287	1
70.298	0
70.310	2
71.297	1
72.237	0
72.295	1
72.295	2
72.307	0
74.292	0
74.292	1
74.304	2
75.302	1
76.289	1
76.301	0
76.301	2
77.299	1
78.286	1
78.298	0
78.309	2
80.295	1
80.306	0
80.306	2
80.620	0
82.686	1
82.698	0
82.698	2
83.000	0
84.428	0
85.299	1
85.833	0
86.007	0
86.285	1
86.297	0
86.309	2
87.295	1
87.934	0
88.294	1
88.294	2
88.305	0
90.291	1
90.302	0
90.302	2
91.301	1
92.288	1
92.299	0
92.299	2
93.298	1
94.285	1
94.308	0
94.308	2
95.295	1
96.293	1
96.305	0
96.305	2
98.186	0
98.186	1
98.209	2
98.290	1
98.998	0
99.161	0
100.426	0
101.297	1
102.005	0
102.296	1
102.307	0
102.307	2
103.294	1
103.933	0
104.258	0
104.292	1
104.304	0
104.304	2
106.289	1
106.301	0
106.301	2
107.299	1
108.286	1
108.298	0
108.309	2
109.296	1
110.295	1
110.306	0
110.306	2
110.980	0
111.549	0
112.152	0
112.292	1
112.303	0
112.303	2
114.289	1
114.300	0
114.300	2
116.425	0
117.296	1
118.004	0
118.294	1
118.306	0
118.306	2
119.293	1
120.291	1
120.303	0
120.303	2
121.301	1
122.288	1
122.300	0
122.300	2
123.298	1
123.310	2
151.359	0
151.882	0
152.346	0
154.807	2
155.295	2
155.806	2
157.814	0
158.290	1
158.302	0
158.302	2
158.685	1
159.300	1
160.287	1
160.299	0
160.659	1
161.297	1
161.402	0
161.715	0
161.994	1
162.017	0
162.040	0
163.294	1
165.291	1
165.907	0
165.988	0
166.139	1
166.162	0
166.290	1
166.301	0
166.301	2
167.300	1
168.287	1
168.298	0
169.297	1
169.401	0
169.715	0
169.993	1
170.017	0
170.040	0
171.294	1
173.291	1
173.349	0
174.103	0
174.289	1
174.301	0
174.301	2
175.299	1
176.286	1
176.298	0
176.657	1
177.296	1
177.412	0
177.714	0
177.993	1
178.016	0
178.039	0
179.293	1
181.290	1
181.905	0
181.986	0
182.137	1
182.161	0
182.288	1
182.300	0
182.311	2
183.298	1
184.285	1
184.297	0
184.657	1
185.295	1
185.411	0
185.713	0
186.003	1
186.015	0
186.038	0
186.445	0
188.918	0
188.952	0
189.161	1
189.289	1
190.288	1
190.299	0
190.311	2
190.380	0
190.694	1
191.298	1
192.296	0
192.296	1
192.296	2
192.517	0
192.656	1
193.295	1
193.411	0
193.712	0
194.003	1
194.014	0
194.038	0
194.444	0
196.789	1
197.288	1
197.346	1
197.904	0
197.985	0
198.136	1
198.159	0
198.287	1
198.298	0
198.310	2
199.297	1
200.295	1
200.295	2
200.307	0
200.667	1
201.294	1
201.410	0
201.712	0
202.002	1
202.014	0
202.037	0
202.443	0
204.788	1
205.288	1
205.624	0
206.158	0
206.286	1
206.298	0
206.309	2
207.296	1
208.295	1
208.306	0
208.306	2
208.515	0
208.655	1
209.293	1
209.409	0
209.711	0
210.001	1
210.013	0
210.036	0
210.442	0
210.466	0
212.788	1
213.287	1
213.902	0
213.983	0
214.134	1
214.158	0
214.285	1
214.297	0
214.309	2
214.587	1
215.295	1
216.294	1
216.305	0
216.305	2
216.654	1
217.292	1
217.408	0
217.710	0
218.001	1
218.012	0
218.035	0
218.442	0
220.799	2
220.915	0
220.949	0
221.158	1
221.286	1
221.600	0
222.714	0
