38.777	2
39.753	2
40.763	2
44.768	2
46.777	2
47.276	2
47.752	2
47.775	0
48.251	2
48.274	0
48.750	2
48.774	0
49.250	2
49.273	0
49.749	2
49.772	0
50.248	2
50.271	0
50.747	2
50.770	0
51.246	2
51.270	0
51.746	2
51.769	0
52.245	2
52.268	0
52.674	2
52.744	2
52.767	0
53.267	0
53.766	0
54.242	2
54.265	0
54.753	2
54.776	0
55.252	2
55.275	0
55.751	2
55.774	0
56.250	2
56.274	0
56.750	2
56.773	0
57.272	0
57.771	0
58.270	0
58.770	0
59.269	0
59.675	2
59.745	2
59.768	0
60.267	0
60.279	2
60.674	2
60.743	2
60.767	0
61.254	2
61.266	0
61.277	2
61.742	2
61.777	0
61.777	2
62.264	0
62.682	2
62.752	2
62.775	0
63.181	2
63.251	2
63.274	0
63.681	2
63.750	2
63.774	0
64.261	1
64.261	2
64.273	0
64.772	0
65.260	1
65.260	2
65.271	0
65.747	2
65.771	0
66.258	1
66.270	0
66.270	2
66.769	0
67.268	0
67.268	1
67.268	2
67.675	2
67.744	2
67.767	0
67.779	2
68.267	1
68.267	2
68.278	0
68.743	2
68.766	0
68.778	2
69.265	1
69.265	2
69.277	0
69.776	0
69.776	2
70.264	1
70.275	0
70.275	2
70.682	2
70.774	0
70.774	2
71.262	1
71.262	2
71.274	0
71.680	2
71.773	0
72.260	1
72.260	2
72.272	0
72.771	0
72.771	2
73.259	1
73.271	0
73.271	2
73.305	2
73.770	0
74.257	1
74.269	0
74.269	2
74.675	2
74.768	0
74.780	2
75.267	0
75.267	1
75.267	2
75.674	2
75.743	2
75.767	0
75.778	2
76.266	1
76.266	2
76.278	0
76.765	0
76.777	2
77.264	1
77.264	2
77.276	0
77.752	1
77.775	0
78.263	1
78.274	0
78.274	2
78.681	2
78.750	2
78.774	0
79.180	2
79.261	1
79.261	2
79.273	0
79.679	2
79.749	2
79.772	0
80.260	1
80.260	2
80.271	0
80.771	0
80.782	2
81.258	1
81.270	0
81.270	2
81.676	2
81.746	2
81.769	0
82.257	1
82.268	0
82.268	2
82.744	2
82.768	0
82.779	2
83.267	0
83.267	1
83.267	2
83.743	2
83.766	0
83.778	2
84.265	1
84.265	2
84.277	0
84.764	0
84.776	2
85.264	1
85.275	0
85.275	2
85.740	2
85.775	0
86.262	1
86.262	2
86.274	0
86.773	0
87.261	1
87.272	0
87.272	2
87.307	2
87.679	2
87.771	0
88.259	1
88.259	2
88.271	0
88.305	2
88.770	0
88.781	2
89.258	1
89.269	0
89.269	2
89.745	2
89.768	0
90.268	0
90.268	1
90.268	2
90.686	2
90.744	2
90.767	0
90.778	2
91.266	1
91.266	2
91.278	0
91.684	2
91.765	0
91.777	2
92.264	1
92.264	2
92.276	0
92.775	0
92.775	2
93.263	1
93.263	2
93.275	0
93.774	0
94.261	1
94.261	2
94.273	0
94.679	2
94.772	0
95.179	2
95.260	1
95.260	2
95.271	0
95.678	2
95.736	2
95.771	0
95.782	2
96.258	1
96.258	2
96.270	0
96.746	2
96.769	0
96.781	2
97.257	1
97.268	2
97.280	0
97.744	2
97.768	0
97.779	2
98.255	1
98.267	2
98.278	0
98.743	2
98.766	0
98.778	2
99.184	2
99.265	1
99.265	2
99.277	0
99.660	0
99.683	2
99.741	2
99.753	1
99.776	0
99.788	2
100.252	1
100.264	2
100.275	0
100.624	2
100.670	2
100.751	2
100.775	0
100.786	2
101.262	1
101.262	2
101.274	0
101.750	2
101.761	1
101.773	0
101.785	2
102.261	1
102.261	2
102.272	0
102.307	2
102.748	2
102.772	0
102.783	2
103.259	1
103.259	2
103.271	0
103.654	0
103.747	2
103.758	1
103.770	0
103.782	2
104.258	1
104.269	0
104.269	2
104.745	2
104.768	0
104.780	2
105.256	1
105.268	2
105.279	0
105.744	2
105.767	0
106.255	1
106.266	2
106.278	0
106.684	2
106.742	2
106.765	0
107.265	1
107.265	2
107.276	0
107.311	2
107.659	0
107.741	2
107.752	1
107.775	0
107.787	2
108.251	1
108.263	2
108.275	0
108.739	2
108.774	0
109.261	1
109.273	0
109.273	2
109.738	2
109.761	1
109.772	0
109.784	2
110.260	1
110.260	2
110.272	0
110.678	2
110.748	2
110.771	0
110.782	2
111.258	1
111.270	0
111.270	2
111.653	0
111.746	2
111.758	1
111.769	0
111.781	2
112.257	1
112.268	2
112.280	0
112.744	2
112.768	0
112.779	2
113.255	1
113.267	2
113.279	0
113.743	2
113.766	0
114.254	1
114.265	2
114.277	0
114.741	2
114.776	0
115.183	2
115.264	1
115.264	2
115.275	0
115.310	2
115.682	2
115.740	2
115.763	1
115.775	0
115.786	2
116.251	1
116.262	2
116.274	0
116.669	2
116.750	2
116.773	0
117.261	1
117.261	2
117.272	0
117.307	2
117.748	2
117.760	1
117.772	0
117.783	2
118.259	1
118.259	2
118.271	0
118.677	2
118.747	2
118.770	0
118.782	2
119.258	1
119.269	0
119.269	2
119.652	0
119.745	2
119.757	1
119.769	0
119.780	2
120.256	1
120.268	2
120.279	0
120.744	2
120.767	0
121.255	1
121.266	2
121.278	0
121.742	2
121.777	0
121.789	2
122.253	1
122.265	2
122.276	0
122.683	2
122.741	2
122.776	0
122.787	2
123.263	1
123.263	2
123.275	0
123.681	2
123.739	2
123.762	1
123.774	0
123.786	2
124.250	1
124.262	2
124.273	0
124.668	2
124.749	2
124.772	0
124.784	2
125.260	1
125.272	0
125.272	2
125.748	2
125.759	1
125.771	0
125.782	2
126.259	1
126.259	2
126.270	0
126.676	2
126.746	2
126.769	0
127.257	1
127.257	2
127.269	0
127.652	0
127.745	2
127.756	1
127.768	0
127.779	2
128.255	1
128.267	2
128.279	0
128.743	2
128.766	0
129.254	1
129.265	2
129.277	0
129.741	2
129.776	0
130.252	1
130.264	2
130.276	0
130.682	2
130.740	2
130.775	0
130.786	2
131.181	2
131.262	1
131.262	2
131.274	0
131.738	2
131.762	1
131.773	0
131.785	2
132.249	1
132.261	2
132.272	0
132.621	2
132.679	2
132.748	2
132.772	0
132.783	2
133.259	1
133.271	0
133.271	2
133.747	2
133.759	1
133.770	0
133.782	2
134.258	1
134.258	2
134.269	0
134.676	2
134.745	2
134.769	0
134.780	2
135.256	1
135.268	0
135.268	2
135.651	0
135.744	2
135.755	1
135.767	0
135.779	2
136.255	1
136.266	2
136.278	0
136.742	2
136.766	0
137.253	1
137.265	2
137.276	0
137.741	2
137.776	0
138.263	1
138.263	2
138.275	0
138.739	2
138.774	0
138.786	2
139.262	1
139.262	2
139.273	0
139.656	0
139.738	2
139.761	1
139.773	0
139.784	2
140.272	0
140.272	1
140.272	2
140.759	1
140.771	0
140.783	2
141.259	1
141.270	2
141.293	0
141.746	2
141.769	0
141.781	2
141.793	0
142.257	1
142.269	2
142.280	0
142.780	0
142.780	2
143.267	1
143.267	2
143.290	0
143.650	0
143.743	2
143.755	1
143.778	0
143.790	2
144.254	1
144.266	2
144.277	0
144.765	0
144.776	2
145.252	1
145.264	2
145.276	0
145.752	2
145.775	0
145.786	2
146.251	1
146.262	2
146.274	0
146.680	2
146.750	2
146.773	0
146.785	2
147.261	1
147.261	2
147.273	0
147.307	1
147.644	0
147.737	2
147.760	1
147.772	0
147.783	2
148.004	0
148.259	1
148.271	0
148.271	2
148.306	1
148.677	2
148.747	2
148.770	0
149.258	1
149.269	2
149.281	0
149.745	2
149.757	1
149.780	0
149.780	2
150.256	1
150.268	0
150.268	2
150.744	2
150.767	0
150.779	2
151.255	1
151.266	2
151.278	0
151.742	2
151.754	1
151.777	0
151.789	2
152.265	1
152.265	2
152.276	0
152.311	2
152.776	0
153.263	1
153.263	2
153.275	0
153.739	2
153.774	0
153.786	2
154.262	1
154.262	2
154.273	0
154.738	2
154.761	1
154.773	0
155.260	1
155.260	2
155.272	0
155.655	0
155.736	2
155.759	1
155.771	0
155.783	2
156.259	1
156.270	0
156.270	2
156.758	1
156.770	0
157.269	1
157.269	2
157.280	0
157.745	2
157.768	0
157.768	1
157.780	2
158.267	1
158.267	2
158.279	0
158.743	2
158.766	0
158.778	2
159.266	1
159.266	2
159.277	0
159.649	0
159.742	2
159.753	1
159.777	0
159.788	2
160.253	1
160.264	2
160.276	0
160.357	0
160.752	2
160.763	0
161.263	1
161.263	2
161.274	0
161.750	2
161.773	0
162.249	1
162.261	2
162.273	0
162.679	2
162.749	2
162.760	1
162.772	0
163.178	2
163.260	1
163.271	2
163.283	0
163.306	1
163.643	0
163.677	2
163.736	2
163.759	1
163.770	0
163.782	2
164.270	2
164.281	0
164.757	1
164.780	0
164.780	2
165.256	1
165.268	0
165.268	2
165.744	2
165.767	0
166.255	1
166.266	2
166.278	0
166.371	0
166.557	0
166.777	0
166.777	2
167.253	1
167.265	2
167.277	0
167.660	0
167.741	2
167.764	1
167.776	0
167.787	2
168.263	1
168.263	2
168.275	0
168.310	2
168.751	2
168.774	0
169.250	1
169.262	2
169.273	0
169.749	2
169.773	0
169.784	2
170.260	1
170.260	2
170.284	0
170.307	2
170.678	2
170.748	2
170.760	1
170.771	0
170.783	2
171.259	1
171.270	2
171.282	0
171.746	2
171.758	1
171.770	0
171.781	2
172.257	1
172.269	2
172.280	0
172.745	2
172.756	1
172.768	0
173.267	1
173.267	2
173.279	0
173.743	2
173.767	0
173.767	1
173.778	2
174.266	1
174.266	2
174.277	0
174.742	2
174.765	0
174.777	2
175.264	1
175.264	2
175.276	0
175.311	2
175.647	0
175.740	2
175.763	0
175.763	1
175.787	2
176.065	2
176.251	1
176.263	2
176.274	0
176.309	2
176.750	2
176.762	0
177.250	1
177.261	2
177.273	0
177.749	2
177.772	0
177.784	2
178.260	1
178.271	0
178.271	2
178.747	2
178.759	1
178.770	0
178.782	2
179.258	1
179.270	2
179.281	0
179.304	1
179.641	0
179.746	2
179.757	1
179.769	0
179.780	2
179.931	0
180.257	1
180.268	2
180.280	0
180.303	1
180.744	2
180.779	0
180.779	2
181.255	1
181.267	0
181.267	2
181.743	2
181.766	0
182.265	1
182.265	2
182.277	0
182.776	0
182.776	2
183.252	1
183.263	2
183.275	0
183.740	2
183.763	1
183.774	0
183.786	2
184.262	1
184.262	2
184.274	0
184.308	2
184.750	2
184.773	0
184.784	2
185.260	1
185.260	2
185.272	0
185.307	2
185.748	2
185.771	0
186.259	1
186.259	2
186.282	0
186.746	2
186.770	0
187.257	1
187.269	0
187.269	2
187.745	2
187.757	1
187.780	0
187.780	2
188.256	1
188.267	2
188.279	0
188.674	2
188.743	2
188.767	0
189.266	1
189.277	0
189.277	2
189.742	2
189.765	0
189.765	1
189.777	2
190.264	1
190.264	2
190.276	0
190.740	2
190.775	0
190.775	2
191.263	1
191.263	2
191.274	0
191.646	0
191.739	2
191.762	1
191.774	0
191.785	2
192.250	1
192.261	2
192.273	0
192.308	2
192.749	2
192.772	0
192.784	2
193.260	1
193.260	2
193.271	0
193.306	1
193.747	2
193.771	0
193.782	2
194.258	1
194.270	2
194.281	0
194.746	2
194.757	1
194.769	0
194.781	2
195.257	1
195.268	2
195.280	0
195.303	1
195.640	0
195.675	2
195.744	2
195.756	1
195.767	0
195.779	2
196.255	1
196.267	2
196.278	0
196.301	1
196.754	1
196.778	0
196.778	2
197.254	1
197.265	0
197.265	2
197.741	2
197.776	0
197.997	0
198.252	1
198.264	2
198.275	0
198.682	2
198.751	2
198.763	1
198.774	0
199.181	2
199.250	1
199.262	2
199.274	0
199.738	2
199.761	1
199.773	0
199.784	2
200.260	1
200.260	2
200.272	0
200.748	2
200.771	0
200.783	2
201.259	1
201.271	0
201.271	2
201.747	2
201.770	0
201.781	2
202.257	1
202.269	2
202.281	0
202.304	1
202.745	2
202.757	1
202.768	0
203.256	1
203.267	2
203.279	0
203.743	2
203.755	1
203.778	0
203.790	2
204.254	1
204.266	2
204.278	0
204.742	2
204.754	1
204.777	0
205.264	1
205.276	0
205.276	2
205.682	2
205.740	2
205.775	0
206.263	1
206.263	2
206.274	0
206.681	2
206.774	0
207.261	2
207.273	0
207.273	1
207.656	0
207.737	2
207.749	1
207.772	0
207.784	2
208.260	1
208.260	2
208.271	0
208.747	2
208.771	0
208.782	2
209.247	1
209.270	2
209.281	0
209.746	2
209.757	1
209.769	0
210.257	1
210.268	2
210.280	0
210.744	2
210.756	1
210.768	0
210.779	2
211.255	1
211.267	2
211.278	0
211.302	1
211.638	0
211.743	2
211.754	1
211.778	0
211.778	2
212.254	1
212.265	2
212.277	0
212.312	1
212.753	1
212.776	0
212.788	2
213.252	1
213.264	2
213.275	0
213.310	2
213.740	2
213.751	1
213.775	0
214.262	1
214.262	2
214.274	0
214.680	2
214.750	2
214.773	0
214.785	2
215.249	1
215.261	2
215.272	0
215.307	2
215.655	0
215.737	2
215.760	1
215.771	0
215.783	2
216.259	1
216.259	2
216.282	0
216.305	2
216.747	2
216.770	0
217.258	1
217.269	0
217.269	2
217.745	2
217.780	0
218.256	1
218.268	2
218.279	0
218.686	2
218.744	2
218.755	1
218.778	0
219.254	1
219.266	2
219.278	0
219.649	0
219.742	2
219.765	1
219.777	0
219.788	2
220.253	1
220.264	2
220.276	0
220.752	1
220.775	0
220.787	2
221.263	1
221.275	2
221.286	0
221.762	0
221.762	1
222.261	1
222.261	2
222.273	0
222.679	2
222.772	0
222.784	2
223.260	2
223.271	0
223.271	1
223.736	2
223.759	1
223.771	0
223.782	2
224.258	1
224.270	0
224.270	2
224.769	0
225.257	1
225.268	2
225.280	0
225.744	2
225.768	0
226.255	1
226.267	2
226.278	0
226.743	2
226.766	0
227.265	1
227.265	2
227.277	0
227.300	1
227.312	2
227.648	0
227.741	2
227.753	1
227.776	0
227.788	2
228.252	1
228.264	2
228.275	0
228.310	1
228.751	1
228.751	2
228.775	0
229.251	1
229.262	2
229.274	0
229.750	2
229.773	0
230.261	1
230.261	2
230.272	0
230.748	2
230.772	0
230.783	2
231.248	1
231.259	2
231.271	0
231.306	2
231.665	0
231.735	2
231.758	1
231.770	0
231.782	2
232.258	1
232.269	2
232.281	0
232.768	0
232.780	2
233.256	1
233.268	2
233.279	0
233.744	2
233.767	0
234.255	1
234.266	2
234.278	0
234.742	2
234.777	0
235.253	1
235.265	2
235.276	0
235.741	2
235.752	1
235.775	0
235.787	2
236.251	1
236.263	2
236.275	0
236.309	2
236.751	2
236.762	1
236.774	0
237.261	1
237.273	2
237.285	0
237.308	2
237.749	2
237.761	1
237.772	0
237.784	2
238.260	1
238.260	2
238.272	0
238.748	2
238.771	0
239.258	2
239.270	0
239.270	1
239.653	0
239.746	2
239.758	1
239.769	0
239.781	2
240.257	1
240.268	0
240.268	2
240.628	2
240.768	0
241.255	1
241.267	2
241.279	0
241.743	2
241.766	0
242.254	1
242.265	2
242.277	0
242.741	2
242.765	0
243.252	1
243.264	2
243.275	0
243.647	0
243.740	2
243.751	1
243.775	0
243.786	2
244.262	1
244.262	2
244.274	0
244.762	0
245.249	1
245.261	2
245.272	0
245.307	2
245.748	2
245.772	0
246.259	1
246.271	2
246.282	0
246.677	2
246.747	2
246.770	0
247.258	1
247.258	2
247.281	0
247.664	0
247.745	2
247.757	1
247.769	0
247.780	2
248.256	1
248.268	2
248.279	0
248.744	2
248.767	0
248.779	2
249.255	1
249.266	2
249.278	0
249.742	2
249.765	0
250.253	1
250.265	2
250.276	0
250.741	2
250.776	0
251.252	1
251.263	2
251.275	0
251.658	0
251.739	2
251.762	1
251.774	0
251.786	2
252.250	1
252.262	2
252.273	0
252.749	2
252.772	0
253.260	1
253.272	2
253.283	0
253.306	2
253.527	0
253.748	2
253.759	1
253.771	0
253.782	2
254.061	2
254.259	1
254.270	2
254.282	0
254.746	2
254.769	0
254.781	2
255.257	1
255.269	0
255.269	2
255.652	0
255.745	2
255.756	1
255.779	0
255.779	2
256.255	1
256.267	2
256.279	0
256.766	0
257.254	1
257.265	2
257.277	0
257.741	2
257.776	0
258.252	1
258.264	2
258.276	0
258.740	2
258.752	1
258.775	0
258.775	2
259.251	1
259.262	2
259.274	0
259.309	1
259.646	0
259.669	2
259.738	2
259.762	1
259.773	0
259.785	2
260.249	1
260.261	2
260.272	0
260.760	0
260.783	2
261.259	1
261.271	0
261.271	2
261.306	2
261.747	2
261.770	0
261.782	2
262.258	1
262.269	2
262.281	0
262.629	2
262.745	2
262.757	1
262.769	0
262.780	2
263.256	1
263.268	2
263.279	0
263.663	0
263.744	2
263.755	1
263.779	0
263.779	2
264.255	1
264.266	2
264.278	0
264.742	2
264.777	0
265.253	1
265.265	2
265.276	0
265.311	2
265.741	2
265.776	0
265.787	2
266.252	1
266.263	2
266.275	0
266.681	2
266.739	2
266.762	1
266.774	0
267.262	1
267.262	2
267.273	0
267.656	0
267.738	2
267.761	1
267.773	0
267.784	2
268.260	1
268.272	0
268.272	2
268.748	2
268.759	1
268.771	0
268.783	2
269.259	1
269.270	2
269.282	0
269.677	2
269.746	2
269.758	1
269.769	0
269.781	2
270.257	1
270.269	2
270.280	0
270.745	2
270.768	0
270.780	2
271.267	1
271.267	2
271.279	0
271.650	0
271.743	2
271.755	1
271.778	0
271.790	2
272.254	1
272.266	2
272.277	0
272.742	2
272.765	0
273.252	1
273.264	2
273.276	0
273.740	2
273.752	1
273.775	0
274.262	1
274.262	2
274.274	0
274.680	2
274.750	2
274.762	1
274.773	0
275.261	1
275.261	2
275.273	0
275.307	2
275.644	0
275.737	2
275.760	1
275.772	0
275.783	2
276.259	1
276.271	0
276.271	2
276.747	2
276.782	0
276.782	2
277.258	1
277.269	0
277.269	2
277.281	1
277.304	2
277.687	2
277.745	2
277.769	0
277.780	2
278.256	1
278.268	2
278.280	0
278.372	0
278.558	0
278.744	2
278.779	0
279.255	1
279.266	2
279.278	0
279.661	0
279.742	2
279.754	1
279.777	0
279.789	2
280.253	1
280.265	2
280.276	0
280.311	2
280.764	0
280.776	2
281.252	1
281.263	2
281.275	0
281.739	2
281.774	0
282.262	1
282.262	2
282.273	0
282.749	2
282.761	1
282.773	0
283.260	1
283.260	2
283.272	0
283.736	2
283.759	1
283.771	0
284.259	1
284.270	0
284.270	2
284.770	0
285.257	1
285.269	2
285.768	0
286.256	1
286.267	2
