0.232	1
0.650	1
0.673	0
0.778	1
0.789	0
0.824	0
1.057	1
1.324	1
1.741	1
1.765	0
1.869	1
1.881	0
1.916	0
2.148	1
2.415	1
2.426	0
2.833	1
2.856	0
2.961	1
3.007	0
3.239	1
3.506	0
3.506	1
3.553	0
3.646	1
3.680	0
3.924	1
4.040	1
4.319	1
4.586	1
5.016	1
5.132	1
5.178	0
5.422	1
5.677	1
6.095	1
6.130	0
6.235	1
6.281	0
6.513	1
6.769	1
7.198	1
7.210	0
7.314	1
7.338	0
7.384	0
7.605	1
7.860	1
8.440	0
8.951	1
8.963	0
9.381	1
9.404	0
9.497	1
9.509	0
9.567	0
9.776	1
9.810	0
10.043	1
10.054	0
10.472	1
10.495	0
10.588	1
10.646	0
10.879	1
10.902	0
11.134	1
11.146	0
11.552	1
11.575	0
11.691	1
11.738	0
11.970	1
12.225	1
12.272	0
12.376	1
12.399	0
12.655	1
12.771	1
13.050	1
13.317	1
13.328	0
13.746	1
13.758	0
13.862	1
13.909	0
14.141	1
14.408	1
14.838	1
14.849	0
14.954	1
14.965	0
15.000	0
15.232	1
15.499	1
15.917	1
15.940	0
16.045	1
16.057	0
16.091	0
16.115	0
16.324	1
16.591	1
16.602	0
16.730	1
16.753	1
16.765	0
16.893	0
17.020	1
17.032	0
17.136	1
17.160	0
17.403	1
17.450	0
17.682	1
17.694	0
17.972	1
18.100	1
18.228	1
18.274	0
18.518	1
18.773	1
18.785	0
19.052	1
19.191	1
19.319	1
19.331	0
19.365	0
19.586	1
19.644	0
19.865	1
19.876	0
20.294	1
20.410	1
20.457	0
20.701	1
20.956	1
20.968	0
20.991	0
21.107	1
21.374	1
21.502	1
21.548	0
21.769	1
22.047	1
22.082	0
22.465	1
22.489	0
22.593	1
22.628	0
22.872	1
23.139	1
23.174	0
23.417	1
23.557	1
23.580	0
23.684	1
23.731	0
23.951	1
23.998	0
24.230	1
24.276	0
24.520	1
24.648	1
24.671	0
24.776	1
24.822	0
25.054	1
25.078	0
25.321	1
25.472	1
25.739	1
25.763	0
25.867	1
25.902	0
26.134	1
26.413	1
26.448	0
26.703	1
26.831	1
26.958	1
26.993	0
27.249	1
27.504	1
27.539	0
27.783	1
27.922	1
27.945	0
28.050	1
28.085	0
28.317	1
28.352	0
28.375	0
28.595	1
28.630	0
29.013	1
29.037	0
29.141	1
29.187	0
29.420	1
29.559	1
29.687	1
29.722	0
29.826	1
29.965	1
30.105	1
30.128	0
30.232	1
30.267	0
30.499	1
30.778	1
30.813	0
31.196	1
31.219	0
31.324	1
31.359	0
31.602	1
31.858	1
31.904	0
32.148	1
32.287	1
32.311	0
32.403	1
32.450	0
32.682	1
32.705	1
32.729	0
32.961	1
32.996	0
33.379	1
33.402	0
33.506	1
33.541	0
33.785	1
34.040	1
34.087	0
34.191	1
34.470	1
34.493	0
34.586	1
34.633	0
34.865	1
34.900	0
35.167	0
35.724	0
35.956	1
36.815	0
37.047	1
37.326	2
37.558	1
37.895	0
38.998	0
39.091	2
39.207	1
39.265	0
39.811	2
40.089	0
41.181	0
41.448	0
42.260	0
43.363	0
43.630	0
43.897	0
44.280	2
44.455	0
45.546	0
45.778	1
46.626	0
47.717	0
47.996	0
48.019	2
48.123	1
48.808	0
49.900	0
50.167	0
51.003	0
52.082	0
52.349	0
52.593	1
52.640	0
52.698	1
53.011	1
53.034	0
53.139	1
53.185	0
53.418	1
53.441	0
53.685	1
53.731	0
54.102	1
54.230	1
54.277	0
54.509	1
54.532	0
54.555	0
54.776	1
54.822	0
55.194	1
55.217	0
55.322	1
55.368	0
55.612	1
55.623	0
55.867	1
56.018	1
56.285	1
56.413	1
56.448	0
56.680	1
56.726	0
56.750	0
56.854	0
56.959	1
56.982	2
57.005	0
57.388	1
57.504	1
57.551	0
57.794	1
57.806	0
58.050	1
58.085	0
58.468	1
58.596	1
58.630	0
58.863	1
58.897	0
59.141	1
59.176	0
59.559	1
59.687	1
59.710	0
59.733	0
59.954	1
59.989	0
60.233	1
60.256	0
60.372	1
60.651	1
60.674	0
60.778	1
60.813	0
61.045	1
61.115	0
61.324	1
61.370	0
61.730	1
61.870	1
61.916	0
62.148	1
62.415	1
62.694	1
62.833	1
62.949	1
62.996	0
63.228	1
63.263	0
63.507	1
63.925	1
63.948	0
64.052	1
64.087	0
64.319	1
64.598	1
64.633	0
64.737	1
65.016	1
65.144	1
65.178	0
65.411	1
65.573	1
65.689	1
65.724	0
66.096	1
66.119	1
66.235	1
66.258	0
66.281	0
66.537	0
66.769	1
66.815	0
67.199	1
67.222	0
67.326	1
67.361	0
67.593	1
67.628	0
67.872	1
67.907	0
68.278	1
68.301	0
68.406	1
68.452	0
68.696	1
68.719	0
68.952	1
69.103	1
69.126	0
69.370	1
69.404	0
69.497	1
69.544	0
69.776	1
71.425	1
71.564	1
71.982	1
72.121	1
73.062	1
73.747	1
74.165	1
75.256	1
76.347	1
76.487	1
76.881	1
78.774	1
78.820	2
79.192	1
79.319	1
79.366	0
79.598	1
79.621	0
79.865	1
79.911	0
80.283	1
80.306	0
80.411	1
80.457	0
80.689	1
80.736	0
80.956	1
81.003	0
81.374	1
81.398	0
81.502	1
81.548	0
81.781	1
81.804	0
82.048	1
82.199	1
82.466	1
82.593	1
82.628	0
82.744	2
82.802	2
82.860	1
82.895	0
82.930	0
83.139	1
83.185	0
83.569	1
83.685	1
83.731	0
83.987	0
84.230	1
84.265	0
84.660	1
84.776	1
84.822	0
85.043	1
85.066	1
85.090	0
85.322	1
85.357	0
85.740	1
85.763	0
85.867	1
85.914	0
85.925	2
86.146	1
86.413	1
86.436	0
86.552	1
86.831	1
86.854	0
86.959	1
87.005	0
87.156	1
87.226	1
87.377	0
87.504	1
87.551	0
87.899	1
88.050	1
88.085	0
88.329	1
88.596	1
88.631	0
88.874	1
89.014	1
89.037	0
89.141	1
89.188	0
89.420	1
89.443	0
89.443	2
89.466	0
89.617	1
89.687	1
89.722	0
89.757	2
90.105	1
90.128	0
90.233	1
90.279	0
90.511	1
90.535	0
90.778	1
90.929	1
91.196	1
91.324	1
91.359	0
91.591	1
91.661	0
91.754	1
91.870	1
91.905	0
91.905	2
92.160	1
92.276	1
92.299	1
92.415	1
92.450	0
92.682	1
92.717	0
92.961	1
92.996	0
93.379	1
93.402	0
93.507	1
93.542	0
93.774	1
93.809	0
94.052	1
94.087	0
94.343	1
94.470	1
94.598	1
94.633	0
94.877	1
94.900	0
95.132	1
95.179	0
95.283	1
95.306	0
95.550	1
95.678	1
95.724	0
95.956	1
96.026	0
96.235	1
96.270	0
96.641	1
96.781	1
96.816	0
97.048	1
97.326	1
97.361	0
97.733	1
97.872	1
97.907	0
98.081	1
98.139	1
98.186	0
98.406	1
98.453	0
98.824	1
98.847	1
98.952	1
98.998	0
99.242	1
99.498	1
99.544	0
99.648	1
99.927	1
100.043	1
100.078	0
100.322	1
100.600	1
100.624	2
100.635	0
101.030	1
101.135	1
101.181	0
101.413	1
101.680	1
101.727	0
102.098	1
102.133	0
102.226	1
102.272	0
102.493	1
102.528	1
102.539	0
102.667	1
102.772	1
102.806	0
103.189	1
103.317	1
103.364	0
103.607	1
103.631	0
103.863	1
104.014	1
104.281	1
104.409	1
104.455	0
104.687	1
104.734	0
104.931	2
104.954	1
105.001	0
105.244	1
105.372	1
105.500	1
105.546	0
105.779	1
106.046	1
106.080	2
106.324	1
106.463	1
106.487	1
106.591	1
106.638	0
106.870	1
106.905	0
107.137	1
107.183	0
107.427	1
107.555	1
107.578	0
107.683	1
107.729	0
107.973	1
107.996	0
108.112	1
108.228	1
108.379	1
108.518	1
108.658	1
108.774	1
108.809	0
108.832	0
109.053	1
109.203	1
109.320	1
109.366	0
109.738	1
109.761	0
109.865	1
109.912	0
110.132	1
110.167	0
110.411	1
110.446	0
110.829	1
110.957	1
111.003	0
111.235	1
111.270	0
111.502	1
111.537	0
111.792	1
111.920	1
111.943	0
112.048	1
112.094	0
112.327	1
112.350	0
112.582	1
112.628	0
112.733	1
113.012	1
113.035	0
113.139	1
113.174	0
113.418	1
113.557	0
113.685	1
114.068	2
114.091	2
114.265	0
114.509	1
114.811	1
115.310	1
115.357	0
115.589	1
116.065	2
116.135	1
116.274	1
116.448	0
116.680	1
116.924	2
117.365	1
117.493	1
117.539	0
117.772	1
117.830	0
117.876	2
118.050	1
118.317	1
118.457	1
118.631	0
118.863	1
119.548	1
119.687	1
119.687	2
119.722	0
119.954	1
120.500	1
120.639	1
120.813	0
121.046	1
121.870	1
122.137	1
122.183	0
122.346	1
122.822	1
122.996	0
123.228	1
123.275	2
123.426	2
123.495	2
124.087	0
124.296	2
124.320	1
124.587	2
124.865	1
125.005	1
125.179	0
125.411	1
126.096	1
126.224	1
126.224	2
126.270	0
126.502	1
127.048	1
127.187	1
127.361	0
127.594	1
128.360	2
128.406	1
128.453	0
128.685	1
128.731	0
128.755	2
128.964	1
128.964	2
129.277	2
129.533	0
129.776	1
129.811	2
130.159	1
130.403	2
130.461	1
130.589	1
130.868	1
131.146	1
131.170	0
131.553	1
131.680	1
131.738	0
131.971	1
132.238	0
132.238	1
132.261	0
132.644	1
132.679	0
132.772	1
132.818	0
133.039	1
133.317	1
133.352	0
133.596	1
133.619	1
133.700	2
133.735	1
133.759	0
133.863	1
133.875	0
133.909	0
134.142	1
134.409	1
134.432	0
134.560	1
134.827	1
134.954	1
135.012	0
135.233	1
135.512	0
135.512	1
135.918	1
135.953	0
136.046	1
136.057	0
136.092	0
136.139	1
136.278	2
136.324	1
136.591	1
136.615	0
136.998	1
137.137	1
137.183	0
137.416	1
137.683	1
137.706	0
138.101	1
138.124	0
138.228	1
138.275	0
138.507	1
138.774	1
138.786	0
138.809	0
138.925	1
139.204	1
139.320	1
139.343	0
139.389	1
139.598	1
139.680	2
139.865	1
139.889	0
140.272	1
140.411	1
140.458	0
140.690	1
140.957	1
140.980	0
141.166	2
141.386	1
141.398	0
141.468	2
141.502	0
141.502	1
141.549	0
141.572	0
141.781	1
141.886	0
142.048	1
142.060	0
142.466	1
142.489	0
142.594	1
142.640	0
142.872	1
143.139	1
143.163	0
143.279	1
143.557	1
143.685	1
143.697	0
143.743	0
143.952	1
144.022	0
144.231	1
144.254	0
144.498	1
144.637	1
144.776	0
144.776	1
145.055	1
145.078	0
145.322	1
145.345	0
145.740	1
145.868	1
146.135	1
146.158	0
146.413	1
146.437	0
146.820	1
146.959	1
147.006	0
147.238	1
147.505	1
147.528	0
147.644	1
147.923	1
148.039	1
148.062	0
148.317	1
148.596	1
148.619	0
149.002	1
149.142	1
149.420	1
149.444	2
149.676	1
149.687	0
149.711	0
150.129	2
150.233	1
150.268	0
150.500	1
150.779	1
150.802	0
151.185	1
151.220	0
151.324	1
151.603	1
151.870	1
151.882	0
152.009	1
152.149	2
152.288	1
152.404	1
152.462	0
152.683	1
152.729	2
152.961	1
152.985	0
153.228	1
153.368	1
153.403	0
153.496	1
153.554	0
153.774	1
153.797	1
154.041	1
154.041	2
154.076	0
154.459	1
154.482	1
154.540	2
154.598	1
154.633	0
154.865	1
154.900	0
155.144	1
155.167	0
155.550	1
155.585	0
155.678	1
155.736	0
155.968	1
155.992	0
156.235	0
156.235	1
156.259	0
156.375	1
156.653	1
156.677	0
156.770	1
156.793	0
157.048	1
157.315	1
157.338	0
157.617	1
157.733	1
157.861	1
157.907	0
157.942	0
158.140	1
158.174	0
158.186	2
158.407	1
158.418	0
158.441	0
158.824	1
158.952	1
158.999	0
159.231	1
159.266	0
159.498	1
159.533	0
159.916	1
160.044	1
160.090	0
160.322	1
160.589	1
160.624	0
160.740	1
160.856	2
161.007	1
161.030	0
161.135	1
161.146	0
161.193	0
161.414	1
161.681	1
161.692	0
161.715	0
161.959	1
162.099	1
162.122	0
162.226	1
162.273	0
162.505	1
162.528	1
162.772	1
162.807	0
163.097	2
163.167	2
163.201	1
163.283	2
163.318	1
163.364	0
163.596	1
163.631	0
163.863	1
163.898	0
164.281	1
164.304	0
164.409	1
164.455	0
164.688	1
164.955	1
164.966	0
164.989	0
165.105	1
165.384	1
165.396	0
165.500	1
165.523	0
165.779	1
166.046	1
166.058	0
166.081	0
166.464	1
166.499	2
166.592	1
166.638	0
166.870	1
167.137	1
167.149	0
167.172	0
167.567	1
167.578	0
167.683	1
167.695	0
167.729	0
167.973	1
168.229	1
168.263	0
168.484	2
168.635	1
168.832	0
169.041	1
169.320	1
169.343	0
169.459	1
169.738	1
169.773	2
169.866	1
169.877	0
169.912	0
170.144	1
170.411	1
170.434	0
170.678	1
170.829	1
170.957	1
171.003	0
171.027	0
171.236	1
171.259	0
171.259	1
171.503	1
171.526	0
171.793	1
171.921	1
172.048	1
172.327	1
172.362	0
172.594	1
172.617	0
173.000	1
173.035	0
173.140	1
173.186	0
173.418	1
173.685	1
173.708	0
173.825	1
174.115	1
174.231	1
174.243	0
174.498	1
174.788	0
175.195	1
175.322	0
175.322	1
175.369	0
175.392	0
175.601	1
175.740	1
175.868	1
175.891	0
176.147	1
176.414	1
176.425	0
176.460	0
176.553	1
176.704	1
176.715	0
176.959	1
176.982	0
177.215	2
177.250	1
177.366	1
177.400	0
177.447	1
177.505	1
177.563	0
177.784	1
177.923	1
178.051	1
178.074	0
178.202	1
178.271	2
178.329	1
178.480	1
178.492	2
178.596	1
178.643	0
178.863	1
178.933	0
179.142	1
179.165	0
179.432	1
179.548	1
179.676	1
179.722	0
179.955	1
179.966	0
180.106	1
180.233	1
180.257	0
180.512	1
180.640	1
180.779	1
181.046	1
181.081	0
181.325	1
181.348	0
181.452	1
181.731	1
181.870	1
181.882	0
181.940	0
182.149	1
182.404	1
182.439	0
182.555	1
182.834	1
182.950	1
182.962	0
183.229	1
184.053	1
184.332	1
185.411	1
185.818	1
186.096	1
186.224	1
186.503	1
187.188	1
187.327	1
187.594	1
188.000	1
188.418	1
188.685	1
189.092	1
189.370	1
189.510	1
189.777	1
191.959	1
192.226	1
192.261	0
192.644	1
192.772	1
192.784	0
192.807	0
193.051	1
193.318	1
193.353	0
193.608	1
193.736	1
193.863	1
193.898	0
194.154	1
194.165	0
194.293	1
194.409	1
194.421	0
194.827	1
194.850	0
194.955	1
194.966	0
194.990	0
195.233	1
195.500	1
195.512	0
195.535	0
195.651	1
195.918	1
196.046	1
196.058	0
196.081	0
196.325	1
196.348	0
196.592	1
196.603	0
196.731	1
197.010	1
197.137	1
197.172	0
197.416	1
197.683	1
197.718	0
197.822	1
198.113	1
198.124	0
198.229	1
198.264	0
198.507	1
198.774	1
198.798	0
199.192	1
199.320	1
199.332	0
199.355	0
199.599	1
199.866	1
199.901	0
200.005	1
200.284	1
200.411	1
200.423	0
200.678	1
200.725	0
200.957	1
200.992	0
201.375	1
201.503	1
201.781	1
201.816	2
202.048	1
202.072	0
202.478	1
202.490	0
202.594	1
202.873	1
202.896	0
203.082	2
203.140	1
203.163	0
203.546	1
203.569	1
203.581	0
203.685	1
203.964	1
204.208	2
204.231	1
204.254	0
204.382	1
204.649	1
204.765	1
204.788	0
205.044	1
205.079	0
205.311	1
205.346	0
205.740	1
205.764	0
205.868	1
205.915	0
206.158	1
206.414	1
206.437	0
206.820	1
206.901	2
206.959	1
206.971	0
207.006	0
207.226	1
207.261	0
207.505	1
207.528	0
207.923	1
207.946	0
208.051	1
208.329	1
208.596	1
208.620	0
208.736	1
209.014	1
209.038	0
209.131	1
209.154	0
209.409	1
209.688	1
209.711	0
210.094	1
210.233	1
210.245	0
210.512	1
210.768	1
210.802	0
211.197	1
211.325	1
211.592	1
211.627	0
211.870	0
211.870	1
211.894	0
212.288	1
212.416	1
212.695	1
212.915	2
212.950	1
212.973	2
212.985	0
213.101	1
213.217	2
213.380	1
213.496	1
213.554	0
213.647	2
213.775	1
213.809	0
213.844	0
214.042	1
214.053	0
214.076	0
214.471	1
214.599	1
214.634	0
214.877	1
215.133	1
215.168	0
215.458	2
215.551	1
215.644	2
215.690	1
215.725	0
215.957	1
215.992	0
216.224	1
216.259	0
216.654	1
216.677	0
216.781	1
217.060	1
217.083	0
217.316	1
217.327	0
217.350	0
217.466	1
217.490	0
217.745	1
217.861	1
217.884	0
218.140	1
218.407	1
218.442	0
218.825	1
218.953	1
219.243	1
219.266	2
219.498	1
219.510	0
219.533	0
219.916	1
220.044	1
220.090	0
220.323	1
220.357	0
220.555	2
220.590	1
220.624	0
221.008	1
221.147	1
221.425	1
221.658	2
221.681	1
221.716	0
221.843	1
222.099	1
222.227	1
222.238	0
222.412	2
222.459	2
222.494	1
222.772	1
222.807	0
223.190	1
223.318	1
223.364	0
223.608	1
223.631	0
223.864	1
223.898	0
224.282	1
224.351	2
224.409	1
224.456	0
224.688	1
224.723	0
224.955	1
224.990	0
225.373	1
225.396	0
225.501	1
225.547	0
225.791	1
226.046	1
226.081	0
226.197	1
226.220	0
226.464	1
226.487	0
226.592	1
226.615	0
226.871	1
227.138	1
227.149	0
227.556	1
227.579	0
227.683	1
227.695	0
227.730	0
227.962	1
228.229	1
228.264	0
228.647	1
228.670	0
228.775	1
229.042	1
229.088	0
229.320	1
229.355	0
229.738	1
229.761	0
229.866	1
230.156	1
230.365	2
230.412	1
230.435	0
230.435	2
230.563	1
230.667	2
230.830	1
230.957	1
231.015	0
231.224	1
231.503	1
231.526	0
231.921	1
231.944	0
232.049	1
232.095	0
232.327	1
232.594	1
232.618	0
232.919	2
233.012	1
233.035	0
233.105	2
233.140	1
233.407	1
233.442	0
233.686	1
233.709	0
234.104	1
234.127	0
234.231	1
234.510	1
234.777	1
234.800	0
234.916	1
235.195	1
235.218	0
235.311	1
235.334	0
235.590	1
236.449	0
236.716	2
237.412	2
237.540	0
237.772	1
238.631	0
239.421	2
239.723	0
239.943	2
239.955	1
239.990	2
240.814	0
241.313	2
241.813	2
241.905	0
242.138	1
242.997	0
244.042	1
244.320	1
245.017	2
245.180	0
245.470	2
246.271	0
246.503	1
247.362	0
248.128	2
248.454	0
248.558	2
248.686	1
249.545	0
250.369	2
250.555	2
250.636	0
250.868	1
251.728	0
252.772	1
253.051	1
253.910	0
254.166	2
254.862	2
255.002	0
255.234	1
256.093	0
256.569	2
256.871	2
257.184	0
257.416	1
257.440	2
258.264	0
258.775	2
259.262	2
262.467	2
262.920	2
265.578	2
267.819	2
268.016	2
