30.035	0
33.739	0
33.773	2
37.419	0
41.123	0
43.886	1
43.967	1
44.025	2
44.629	2
44.675	1
44.745	1
44.791	2
44.803	0
45.023	2
45.140	2
45.256	2
45.708	1
45.720	2
47.020	1
47.020	2
47.102	1
47.102	2
47.206	2
47.218	1
47.566	2
48.495	0
48.541	2
49.029	2
49.412	2
51.270	2
52.175	2
52.187	0
52.291	2
52.407	2
52.524	2
52.640	2
53.104	2
54.404	2
54.486	2
54.602	2
54.950	2
55.890	0
56.796	2
58.642	2
59.559	1
59.559	2
59.571	0
59.907	2
60.476	1
60.488	2
61.788	1
61.788	2
61.858	1
61.870	2
61.974	2
61.986	1
62.334	2
63.274	0
64.180	2
66.014	1
66.026	2
66.943	2
66.955	0
67.059	2
67.117	2
67.175	2
67.291	2
67.860	1
67.872	2
69.172	2
69.254	2
69.370	2
70.635	1
70.658	0
71.134	1
71.192	1
71.274	2
71.564	2
73.410	2
74.315	1
74.350	0
74.501	2
74.559	2
74.675	2
75.244	1
75.256	2
76.220	2
76.556	1
76.556	2
76.637	1
76.637	2
76.754	1
76.754	2
77.090	1
77.113	2
78.042	0
78.054	2
78.507	2
78.936	1
78.959	1
78.959	2
79.911	2
80.376	2
80.782	1
80.805	2
81.479	1
81.711	1
81.723	0
81.746	2
81.943	2
82.059	2
82.628	1
82.640	2
83.603	2
83.940	2
84.021	1
84.138	2
84.474	1
84.497	2
85.426	0
85.438	2
85.902	2
86.332	1
86.343	2
87.295	2
87.760	2
88.166	1
88.189	2
89.095	1
89.118	0
89.118	2
89.339	2
89.443	2
89.571	2
90.012	1
90.024	2
90.035	1
90.987	2
91.324	2
91.336	1
91.405	1
91.405	2
91.510	1
91.521	2
91.858	1
91.881	2
92.810	0
92.822	2
93.286	2
93.704	1
93.739	2
94.679	2
95.132	2
95.550	1
95.573	2
96.247	1
96.479	1
96.491	0
96.514	2
96.595	2
96.711	2
96.827	2
97.396	1
97.408	2
98.371	2
98.708	2
98.789	1
98.801	2
98.905	2
99.265	2
100.194	0
100.206	2
100.229	2
100.670	2
101.111	2
101.611	2
102.063	2
102.528	2
102.946	1
102.957	2
103.398	1
106.638	1
110.330	1
111.734	1
114.033	1
121.406	1
123.263	1
130.635	1
133.422	0
137.114	0
140.806	0
144.498	0
147.273	1
147.342	1
147.412	2
148.004	2
148.132	1
148.178	2
148.190	0
148.410	2
148.526	2
148.643	2
149.095	1
149.095	2
149.560	2
149.583	1
149.606	1
149.676	2
149.734	2
149.757	1
150.024	1
150.024	2
150.140	2
150.256	2
150.430	2
150.489	2
150.721	2
150.825	2
150.883	2
150.965	2
151.859	2
151.870	1
151.882	0
151.928	2
151.986	2
152.323	2
152.335	0
152.509	2
152.811	2
154.657	2
155.098	1
155.550	1
155.562	2
155.574	0
155.678	2
155.899	2
156.026	2
156.479	0
156.479	2
156.491	1
156.955	1
157.791	2
157.861	2
157.872	1
157.977	2
157.989	1
158.081	1
158.325	1
158.348	2
159.254	1
159.254	2
159.266	0
159.312	2
159.428	2
159.718	2
159.893	2
160.183	2
162.017	1
162.040	2
162.934	1
162.946	2
162.958	0
163.863	2
163.875	1
164.780	1
164.792	2
164.804	1
165.698	1
165.709	2
165.732	1
166.626	1
166.638	2
166.650	0
167.555	2
168.484	2
169.413	2
170.318	1
170.330	2
170.342	0
171.259	1
171.270	2
171.328	1
171.758	1
172.176	2
172.547	1
172.559	2
172.629	1
172.640	2
172.745	1
172.756	2
173.105	2
173.128	1
174.022	1
174.022	2
174.034	0
174.939	1
174.951	2
175.868	2
176.774	1
176.797	2
177.702	1
177.714	2
177.726	0
178.631	2
178.643	1
178.666	1
179.560	2
179.572	1
180.477	1
180.489	2
181.394	1
181.406	2
181.418	0
182.323	1
182.335	2
183.252	1
183.252	2
184.169	1
184.181	2
184.854	1
185.086	1
185.098	2
185.109	0
186.015	2
186.027	1
186.061	1
186.503	1
186.944	2
186.955	1
187.327	2
187.339	1
187.397	2
187.408	1
187.513	1
187.524	2
187.861	1
187.873	2
187.884	1
188.790	1
188.790	2
188.813	0
189.092	2
189.719	2
189.730	1
190.636	1
190.636	2
191.553	1
191.565	2
192.482	1
192.482	2
192.493	0
192.946	2
193.399	1
193.422	2
193.434	1
193.863	2
193.875	1
194.328	2
194.339	1
194.792	2
194.804	1
194.966	1
195.245	1
195.257	2
195.709	1
195.709	2
196.162	1
196.174	2
196.197	0
196.627	2
197.091	1
197.103	2
197.555	2
197.567	1
198.020	2
198.473	2
198.937	1
198.949	2
199.401	2
199.634	1
199.854	1
199.866	2
199.877	0
200.795	2
200.806	1
201.282	1
201.712	2
201.723	1
202.095	2
202.106	1
202.176	1
202.176	2
202.281	1
202.292	2
202.641	2
202.652	1
203.581	0
204.475	1
204.487	2
204.498	1
206.321	1
206.333	2
207.261	0
210.965	0
214.645	0
218.349	0
