0.348	1
2.357	1
5.155	1
6.351	1
9.160	1
11.564	1
13.177	2
13.526	1
20.352	0
21.153	0
21.954	0
21.954	1
23.139	0
23.545	1
23.742	0
25.159	2
25.960	1
25.983	1
26.006	0
26.064	0
26.215	0
26.331	1
26.761	2
27.179	0
27.179	1
27.202	0
27.980	1
28.003	0
28.259	0
28.352	2
28.746	1
28.758	2
29.153	1
29.199	0
29.269	0
29.768	1
29.803	0
29.942	0
29.954	2
30.372	1
30.407	0
31.173	1
31.208	0
31.266	0
31.428	0
31.544	1
31.556	2
31.951	2
32.160	2
32.345	1
32.369	0
32.369	1
32.508	0
32.601	0
32.740	0
32.763	1
33.158	2
33.553	1
33.576	1
33.599	0
33.669	0
33.750	0
33.959	0
34.040	0
34.354	1
34.377	1
34.400	0
34.621	0
34.760	2
35.143	1
35.155	2
35.561	1
35.585	1
35.619	0
35.677	0
35.875	0
36.165	1
36.200	0
36.769	1
36.804	0
36.943	0
37.164	0
37.570	1
37.605	0
37.825	0
37.953	2
38.359	2
38.557	2
38.754	1
38.777	2
39.346	0
39.346	1
39.950	1
40.356	1
40.542	0
40.565	1
40.751	1
41.157	1
41.947	1
42.551	1
42.748	1
43.143	0
43.143	1
43.549	1
43.758	1
43.955	1
44.350	1
45.151	0
45.151	1
45.755	1
46.347	1
46.556	1
46.753	0
46.777	0
46.951	1
47.160	1
47.357	1
47.554	0
48.344	1
48.948	0
48.948	1
48.971	1
49.157	0
49.540	0
49.563	1
49.958	0
50.143	0
50.155	1
50.364	1
50.759	1
50.887	1
51.026	1
51.351	1
51.548	1
51.560	0
51.583	2
52.361	1
52.361	2
52.744	1
52.767	0
53.359	0
53.429	0
53.545	1
53.557	0
53.952	2
53.963	1
54.358	1
54.358	2
54.741	1
54.764	0
55.554	2
55.948	1
55.960	0
56.564	0
56.750	1
56.761	0
57.156	2
57.551	1
57.551	2
57.748	1
57.760	2
57.945	1
57.957	0
58.758	1
58.758	2
59.141	1
59.164	0
59.768	0
59.966	0
60.360	1
60.360	2
60.743	1
60.755	2
60.767	1
61.150	1
61.161	0
61.951	2
62.346	1
62.369	0
62.961	0
63.158	0
63.553	2
63.565	1
63.959	2
64.145	1
64.157	2
64.342	1
64.366	0
64.377	2
65.155	1
65.155	2
65.550	1
65.562	0
65.956	1
66.142	1
66.165	0
66.339	1
66.363	0
66.757	1
66.757	2
67.152	2
67.547	1
67.558	0
68.360	1
68.360	2
68.743	1
68.766	0
69.346	1
69.358	0
69.544	1
69.567	0
69.950	2
69.962	1
70.356	2
70.542	1
70.554	2
70.740	1
70.763	0
71.552	2
71.947	1
71.959	0
72.562	0
72.760	0
72.957	1
73.154	1
73.154	2
73.561	2
73.747	1
73.944	1
73.967	0
74.548	1
74.757	2
75.140	1
75.163	0
75.349	1
75.767	0
75.964	0
76.359	2
76.754	1
77.160	1
77.172	0
77.183	1
77.206	0
77.241	0
77.253	1
77.311	0
77.415	0
77.961	2
78.379	1
78.402	0
78.460	1
78.472	0
78.518	1
79.157	1
79.180	1
79.203	0
79.261	1
79.273	0
79.354	0
79.935	1
79.958	2
80.353	1
80.376	1
80.399	0
80.446	0
80.504	0
80.620	0
80.956	1
80.980	1
81.003	0
81.072	1
81.107	0
81.119	1
81.154	2
81.223	0
81.560	1
81.583	1
81.607	0
81.653	1
81.711	0
81.827	0
82.024	1
82.361	1
82.384	1
82.408	0
82.454	1
82.477	1
82.500	0
82.628	0
82.756	2
83.151	2
83.360	2
83.557	1
83.569	0
83.580	1
83.661	1
83.708	0
83.870	0
83.929	0
84.358	2
84.776	1
84.857	1
84.869	0
85.554	0
85.554	1
85.577	1
85.589	0
85.612	0
85.647	1
85.670	0
85.705	1
85.716	0
85.775	1
85.949	2
86.007	0
86.750	2
86.761	1
86.773	0
86.785	1
86.854	1
86.912	0
87.353	1
87.377	1
87.400	0
87.435	0
87.458	1
87.481	1
87.586	1
87.644	0
87.771	0
87.957	1
87.980	1
88.004	0
88.038	0
88.062	1
88.097	0
88.189	0
88.224	0
88.364	0
88.758	1
88.781	1
88.805	0
88.874	1
88.909	0
88.979	1
89.025	0
89.049	0
89.165	1
89.281	1
89.408	1
89.942	1
89.966	0
89.977	2
91.150	1
91.162	0
91.765	0
91.939	1
91.963	0
93.147	1
93.158	0
94.343	1
94.366	0
94.958	0
95.144	1
95.167	0
96.340	1
96.363	0
97.547	1
97.559	0
98.162	0
98.348	1
98.360	0
99.544	1
99.556	0
100.740	1
100.763	0
101.367	0
101.564	0
102.748	1
102.760	0
103.549	1
103.561	2
103.944	1
103.967	0
104.548	1
104.559	0
104.745	1
104.768	0
105.152	2
105.558	1
105.558	2
105.941	1
105.964	0
106.754	2
107.148	1
107.160	0
107.752	1
107.764	0
107.950	1
107.961	0
108.344	1
108.356	2
108.751	2
108.936	1
108.948	2
109.157	1
109.169	0
109.749	1
109.958	2
110.353	1
110.364	0
110.957	1
110.968	0
111.154	1
111.166	0
111.537	1
111.560	2
111.943	1
111.955	2
112.350	1
112.361	0
112.942	0
112.953	1
112.977	1
113.151	2
113.546	1
113.557	0
114.149	1
114.161	0
114.347	1
114.358	0
114.753	1
114.753	2
115.159	2
115.357	2
115.554	1
115.577	2
115.589	0
115.647	0
116.158	1
116.355	1
116.750	1
116.843	0
117.156	1
117.946	1
118.352	1
119.351	1
119.954	1
119.978	0
120.349	1
121.150	1
121.556	1
121.835	0
122.044	0
122.555	1
123.159	1
123.182	0
123.240	0
124.145	1
124.761	1
124.784	0
125.039	0
125.748	1
126.351	1
127.152	1
127.350	1
128.151	1
128.383	2
135.140	0
136.359	0
136.673	0
136.731	0
138.333	0
138.762	0
139.134	0
139.564	0
140.365	0
140.748	2
141.514	1
141.537	1
141.955	1
142.756	1
143.557	1
144.358	1
145.160	1
146.762	1
148.155	1
148.735	0
148.956	1
149.153	0
149.537	0
149.954	0
151.139	0
151.348	1
152.149	1
153.159	2
153.554	2
153.960	1
153.983	2
154.331	1
154.552	1
155.156	1
155.748	1
155.968	1
157.153	1
157.745	0
157.745	1
158.360	1
158.952	1
159.173	1
159.811	1
160.206	1
160.345	1
160.369	1
160.508	0
160.949	1
161.158	0
161.541	1
161.564	1
162.145	1
162.331	0
162.377	1
162.760	0
163.550	1
163.573	1
164.153	1
164.351	0
164.525	1
164.734	0
164.757	1
165.338	0
165.361	1
165.547	1
165.570	1
165.965	1
166.092	1
166.742	1
166.766	0
166.777	2
167.427	1
167.544	1
167.555	2
167.950	1
167.962	0
168.542	1
168.565	0
168.751	1
168.763	0
169.146	1
169.157	2
169.552	2
169.947	1
169.958	0
170.748	1
170.760	2
171.143	1
171.166	0
171.746	1
171.758	0
171.944	1
171.967	0
172.350	2
172.756	2
172.954	1
172.954	2
173.140	1
173.163	0
173.952	2
174.347	1
174.359	0
174.962	0
175.160	0
175.554	2
175.961	2
176.344	1
176.367	0
177.157	2
177.540	1
177.563	0
178.167	0
178.364	0
178.747	1
178.759	2
179.154	1
179.154	2
179.351	1
179.351	2
179.548	1
179.560	0
180.361	2
180.744	1
180.767	0
181.348	1
181.359	0
181.545	1
181.568	0
181.952	2
182.358	2
182.741	1
182.764	0
183.554	2
183.948	1
183.960	0
184.552	1
184.564	0
184.750	1
184.761	0
185.156	2
185.551	2
185.562	1
185.748	1
185.760	2
185.945	1
185.957	0
186.549	1
186.758	2
187.153	1
187.164	0
187.745	1
187.768	0
187.954	1
187.966	0
188.360	2
188.755	1
188.755	2
189.150	1
189.161	0
189.753	1
189.777	1
189.951	2
190.357	0
190.357	1
190.949	1
190.961	0
191.158	0
191.158	1
191.553	1
191.565	2
191.959	2
192.157	2
192.354	1
192.377	2
192.401	0
192.470	0
193.144	1
193.155	2
193.573	1
193.596	0
194.374	1
194.409	0
194.746	1
194.757	2
195.152	1
195.152	2
195.361	2
195.466	2
195.558	1
195.605	0
196.162	1
196.197	0
196.360	2
196.766	1
196.801	0
197.161	1
197.567	1
197.602	0
197.753	2
197.950	1
198.147	2
198.356	1
198.356	2
198.554	1
198.554	2
199.541	1
199.552	2
199.970	1
200.005	0
200.353	0
200.771	1
200.806	0
201.154	0
201.154	2
201.561	2
201.747	2
201.956	1
202.002	0
202.060	0
202.339	0
202.571	1
202.594	0
202.745	1
202.757	2
203.151	1
203.175	1
203.198	0
203.558	2
203.662	2
203.952	1
203.976	1
203.999	0
204.069	0
204.347	1
204.359	2
204.742	1
204.765	2
204.939	1
204.951	2
205.160	1
205.183	1
205.206	0
205.264	0
205.276	1
205.299	0
205.334	0
205.439	0
205.531	1
205.949	1
205.961	2
206.379	1
206.402	0
206.437	0
206.460	1
206.472	0
206.541	0
206.623	0
207.157	1
207.203	0
207.261	1
207.354	0
207.552	2
207.946	1
207.958	2
208.155	2
208.260	2
208.353	1
208.376	1
208.399	0
208.446	0
208.457	1
208.480	1
208.504	0
208.631	0
208.956	1
208.980	1
209.003	0
209.038	0
209.072	1
209.107	0
209.154	2
209.223	0
209.548	1
209.583	1
209.607	0
209.676	1
209.711	0
209.827	0
210.361	1
210.384	1
210.408	0
210.454	1
210.500	0
210.547	2
210.628	0
210.744	1
210.953	2
211.151	1
211.162	2
211.348	1
211.348	2
211.557	1
211.569	0
211.580	1
211.661	1
211.708	0
211.940	0
212.358	2
212.474	0
212.602	0
212.753	0
212.753	1
212.776	1
212.799	0
212.857	1
212.881	1
212.904	0
212.985	0
213.008	1
213.020	0
213.159	0
213.554	0
213.554	1
213.577	1
213.635	0
213.658	1
213.682	1
213.705	0
213.821	0
213.960	0
213.960	2
214.355	2
214.552	2
214.750	1
214.761	2
214.773	0
214.785	1
214.866	1
214.912	0
214.959	0
214.959	2
215.075	0
215.133	0
215.156	2
215.353	1
215.353	2
215.377	1
215.400	0
215.435	0
215.481	1
215.504	0
215.528	1
215.551	2
215.644	0
215.771	0
215.980	1
216.004	0
216.038	0
216.073	1
216.131	0
216.155	2
216.247	0
216.352	0
216.410	0
216.758	2
216.805	0
216.851	1
217.165	1
217.165	2
217.292	1
217.548	1
217.559	2
217.745	1
217.757	2
217.977	2
218.140	1
218.337	1
218.755	1
219.556	1
220.357	1
221.147	1
221.960	1
222.749	1
223.550	1
224.955	1
225.756	1
226.545	1
227.347	1
228.148	1
228.949	1
229.750	1
230.551	1
231.956	1
235.555	1
245.156	1
252.761	1
254.363	1
