0.464	1
0.522	0
0.546	0
1.904	0
2.833	0
2.937	0
3.390	2
3.727	0
3.843	0
4.017	0
4.087	0
6.827	1
6.850	0
6.873	0
7.767	1
8.208	0
8.255	0
9.195	0
9.265	0
9.416	0
9.752	2
12.945	0
12.968	0
14.036	2
14.675	1
14.733	0
16.324	0
16.498	1
17.148	0
19.458	0
20.701	0
20.863	0
20.886	0
22.291	0
22.419	0
22.593	1
22.651	0
23.220	0
23.255	0
23.429	0
23.568	1
23.626	0
24.033	0
24.474	0
24.555	1
24.578	1
24.811	0
25.159	1
25.217	0
25.658	0
25.786	0
25.867	0
26.122	0
26.157	1
26.389	0
26.436	1
26.749	1
27.191	0
27.365	0
27.481	0
28.038	0
28.166	0
28.526	2
28.711	2
28.758	0
28.839	0
28.955	0
29.304	1
29.455	1
29.559	0
29.756	0
29.942	0
29.965	0
30.337	0
30.627	0
30.824	0
30.929	0
30.964	0
31.126	0
31.324	0
31.475	1
31.533	0
31.765	1
31.904	0
32.136	0
32.450	1
32.705	0
32.903	0
32.926	0
33.495	0
33.564	0
33.681	0
34.040	1
34.296	0
34.470	0
34.644	0
34.737	0
34.830	2
35.027	2
35.271	0
35.619	1
35.817	1
35.852	0
36.061	0
36.200	1
36.223	1
36.281	2
36.734	2
36.862	0
37.198	1
37.431	0
37.790	1
38.034	1
38.429	0
38.766	1
39.010	0
39.207	0
39.381	1
39.799	0
40.008	0
40.356	1
40.356	2
40.588	0
40.786	0
41.343	2
41.587	0
41.680	0
41.935	1
42.167	0
42.969	0
43.178	0
43.526	1
43.746	0
43.816	0
43.967	0
44.118	1
44.536	0
44.559	0
44.687	1
45.093	1
45.639	0
45.662	0
45.883	1
46.301	0
46.579	1
46.660	2
47.218	0
47.462	1
47.462	2
47.845	1
48.239	2
48.448	1
48.472	1
48.808	0
49.029	1
49.493	0
49.737	1
50.411	0
50.608	1
50.840	0
51.003	1
51.084	0
51.270	0
51.409	0
51.630	0
51.955	0
52.187	1
52.640	0
52.825	0
52.907	1
53.418	0
53.534	0
53.777	1
54.068	0
54.161	1
54.219	0
54.451	0
54.753	1
55.205	0
55.345	1
55.821	0
56.053	1
56.343	1
56.413	0
56.610	0
56.715	0
56.796	0
56.924	1
56.935	2
57.318	1
57.400	0
57.435	0
57.504	0
58.003	0
58.120	0
58.282	0
58.433	0
58.514	1
58.561	0
58.955	0
59.037	0
59.141	0
59.745	0
59.849	0
59.873	0
60.047	0
60.082	2
60.093	1
60.151	0
60.175	0
60.349	0
60.465	0
60.476	1
60.558	0
60.627	0
60.697	0
61.068	1
61.347	0
61.428	0
61.452	0
61.521	0
61.661	2
61.707	0
61.951	0
62.125	0
62.183	0
62.206	0
62.369	1
62.380	0
62.497	0
62.926	0
63.240	2
63.437	1
63.646	1
63.681	0
63.774	0
64.586	0
64.819	2
65.062	0
65.283	0
65.527	1
65.875	0
66.165	0
66.397	2
66.699	0
66.792	1
66.850	0
66.885	0
67.071	0
67.477	0
67.767	0
68.441	0
68.685	1
68.975	1
69.021	0
69.346	0
69.555	2
69.764	0
69.973	1
71.088	2
71.459	0
71.622	1
73.108	0
73.572	0
75.198	0
76.243	0
76.336	1
76.370	0
77.357	0
77.740	0
77.996	0
78.251	0
78.878	0
79.029	0
79.389	0
82.408	0
83.789	1
84.567	1
84.567	2
85.357	1
85.740	1
85.763	0
86.309	2
86.332	1
86.401	0
86.634	0
86.657	0
86.715	0
86.936	2
87.644	1
87.934	0
88.514	2
88.979	0
89.002	0
89.060	0
89.292	0
89.664	0
89.745	0
89.919	0
90.012	0
90.093	2
90.105	1
90.151	0
90.360	0
90.384	0
90.627	0
90.790	1
91.382	0
91.440	0
91.580	0
91.672	1
91.672	2
91.777	0
92.056	1
92.160	0
92.648	1
92.671	0
93.751	0
93.948	1
94.703	0
94.819	1
95.213	1
95.271	0
95.620	0
95.806	1
95.840	0
96.235	0
96.409	1
96.456	0
97.106	1
97.129	1
97.768	0
97.977	1
98.232	0
98.383	1
98.418	0
98.813	0
98.975	1
98.998	0
99.823	0
100.275	1
100.299	1
100.403	0
100.937	0
100.995	0
101.146	1
101.378	0
101.541	1
102.191	0
102.574	0
102.597	0
102.969	0
103.155	0
103.433	1
104.153	0
104.304	1
104.699	1
104.745	0
105.279	1
105.314	0
105.651	0
107.450	1
107.845	1
107.892	0
108.437	1
108.484	0
108.820	0
109.041	1
109.494	0
109.738	1
110.028	1
110.411	0
110.608	1
111.015	1
111.061	0
111.978	0
112.419	0
112.640	0
112.907	1
113.023	0
113.766	1
114.010	0
114.161	1
114.207	0
114.231	0
114.602	0
114.788	0
115.217	0
115.810	0
116.065	1
116.204	0
116.715	0
116.936	1
117.203	0
117.330	1
117.377	0
117.481	0
117.632	1
117.992	0
118.248	0
118.271	0
118.317	0
118.875	0
119.014	0
119.084	0
119.107	0
119.211	1
119.873	0
119.943	0
120.488	1
120.500	0
120.616	0
121.069	1
121.301	0
121.417	0
121.498	0
122.125	0
122.183	0
122.207	0
122.358	0
122.392	1
122.520	0
122.892	0
122.961	0
123.043	0
123.135	0
123.159	0
123.240	1
123.263	0
123.263	1
123.519	0
123.646	1
123.890	0
124.227	1
124.296	0
124.494	0
124.598	0
124.714	0
125.074	0
125.330	0
125.481	0
125.852	0
126.026	1
126.084	0
126.177	0
126.398	1
126.618	0
126.804	1
126.897	0
127.385	1
127.431	0
127.652	0
127.791	0
127.861	0
128.232	0
128.453	0
128.975	1
129.347	0
129.556	1
129.950	1
130.009	0
130.798	0
131.855	1
132.516	0
132.714	1
133.108	1
133.155	0
133.433	1
133.700	1
135.001	1
135.291	1
135.872	1
136.266	1
136.324	0
136.580	1
137.242	0
138.159	1
138.820	0
139.029	1
139.436	1
139.482	0
140.016	1
140.283	0
140.434	0
141.038	1
141.084	0
141.108	0
141.549	0
141.909	0
142.605	1
142.640	0
143.383	1
143.488	0
144.184	0
144.242	0
144.567	1
145.078	0
146.530	1
146.878	0
146.936	0
147.122	1
147.168	0
147.261	0
147.795	0
147.946	0
148.108	1
148.167	1
148.178	0
148.573	0
148.956	0
149.641	0
149.699	1
150.187	0
150.291	0
150.918	0
150.941	0
151.278	1
151.580	0
152.056	1
152.079	2
152.729	0
152.845	1
152.869	1
152.880	0
153.228	0
153.635	1
153.635	2
153.832	1
154.413	0
154.471	0
155.028	1
155.051	0
155.144	0
155.934	0
156.003	1
156.085	0
156.514	0
156.607	1
156.700	0
157.187	1
157.582	1
158.023	0
158.325	0
158.383	1
158.407	0
159.161	0
159.161	1
159.173	2
159.788	0
160.020	0
160.740	1
160.798	0
161.181	1
161.216	0
161.460	0
161.564	0
162.238	0
163.190	0
163.538	0
163.886	0
163.921	1
163.991	0
164.061	0
164.711	1
164.943	0
165.291	1
165.303	0
165.361	0
165.477	1
165.547	0
165.756	0
165.802	0
166.545	0
167.091	1
167.439	1
167.857	1
168.647	1
168.670	1
169.355	0
169.831	1
170.214	1
170.469	1
171.061	0
171.793	1
171.816	1
172.397	1
172.408	0
172.478	0
172.594	0
172.687	0
172.803	0
173.012	0
173.372	1
174.161	1
174.184	2
174.951	1
175.543	1
175.798	0
176.158	0
176.181	0
176.390	0
176.553	1
176.553	2
177.331	1
177.354	0
178.120	1
178.701	0
178.898	2
178.910	1
179.722	1
179.850	0
179.920	1
180.291	1
180.326	0
180.524	0
181.255	0
181.278	1
181.359	1
181.406	0
182.079	0
182.822	0
182.846	1
182.857	0
183.647	1
183.693	0
183.844	0
184.448	1
185.028	1
185.051	0
185.214	1
185.284	0
185.667	0
185.887	0
186.003	1
186.027	2
186.073	0
186.212	1
186.445	1
188.778	0
189.034	0
189.161	1
189.405	0
189.533	0
189.962	0
189.962	1
189.986	1
190.555	1
190.740	1
190.810	0
190.961	0
191.541	0
191.762	0
191.901	0
192.586	0
192.621	0
196.197	0
196.232	0
198.287	0
198.705	0
199.100	0
200.249	0
202.490	0
204.185	0
208.039	0
210.512	0
211.487	0
212.021	0
212.161	0
213.461	0
213.705	0
214.401	0
215.191	0
216.085	0
217.606	0
218.035	0
219.858	0
220.706	0
223.051	0
223.573	0
223.968	0
226.232	0
227.927	0
228.566	0
229.158	0
229.471	0
231.039	0
232.676	0
236.182	0
236.588	0
236.983	0
239.897	1
240.536	0
240.559	0
241.279	0
241.406	0
241.476	0
241.882	0
242.788	0
242.846	0
245.133	0
246.015	0
246.039	0
246.817	0
248.813	0
249.243	0
251.588	0
252.285	0
253.922	0
253.968	0
