2.345	1
2.357	2
2.380	1
2.473	0
2.496	2
2.891	1
3.146	1
3.146	2
3.344	0
3.437	1
3.471	0
3.576	2
3.971	1
4.005	1
4.238	2
4.377	1
4.400	1
4.470	2
4.505	0
4.656	2
4.923	1
4.934	2
5.062	1
5.329	1
5.457	0
5.596	1
5.654	0
5.712	0
5.735	2
5.851	0
6.130	1
6.548	2
6.687	1
6.815	2
7.221	1
7.477	2
7.500	1
7.546	0
7.755	1
7.790	1
7.872	0
7.906	2
8.301	1
8.382	1
8.684	1
8.696	2
8.800	2
8.824	0
8.975	2
9.242	1
9.253	2
9.392	1
9.915	1
9.950	0
10.066	2
10.321	1
10.426	0
10.472	1
10.635	1
10.890	2
11.006	1
11.029	2
11.146	2
11.540	1
11.831	1
12.086	1
12.225	1
12.225	2
12.260	1
12.411	0
12.655	1
12.713	1
12.899	1
13.003	1
13.003	2
13.131	2
13.142	0
13.247	0
13.305	2
13.398	0
13.572	1
13.653	0
13.711	1
13.990	2
14.002	1
14.013	0
14.036	0
14.245	2
14.257	1
14.269	0
14.385	2
14.791	1
14.791	2
15.186	2
15.325	1
15.348	2
15.360	1
15.406	0
15.464	2
15.871	1
16.173	1
16.417	1
16.544	2
16.846	1
16.951	1
16.951	2
16.985	1
17.218	1
17.229	2
17.345	1
17.345	2
17.427	0
17.485	2
17.519	0
17.624	2
17.891	1
18.030	1
18.065	1
18.077	0
18.181	1
18.309	1
18.321	2
18.564	1
18.588	2
18.680	0
18.704	2
19.006	1
19.122	1
19.249	1
19.400	1
19.400	2
19.516	1
19.563	2
19.644	1
19.667	2
19.795	2
19.830	0
20.190	1
20.445	1
20.457	2
20.631	0
20.747	1
20.840	0
20.875	1
20.875	2
20.886	0
21.014	1
21.269	1
21.293	0
21.293	1
21.537	2
21.664	2
21.676	1
21.769	2
21.885	1
21.954	2
22.221	1
22.233	0
22.256	0
22.361	1
22.639	1
22.779	0
22.837	0
22.895	1
22.918	0
22.976	0
23.034	2
23.046	0
23.150	0
23.174	0
23.429	1
23.719	1
23.847	1
23.847	2
23.975	1
24.056	0
24.114	2
24.520	1
24.776	2
24.787	1
24.950	1
25.054	1
25.194	2
25.252	0
25.588	1
25.646	1
25.693	1
25.983	1
25.995	2
26.030	0
26.064	0
26.099	2
26.273	2
26.540	1
26.564	2
26.575	1
26.622	0
26.645	0
26.691	1
26.958	2
26.993	1
27.028	0
27.214	1
27.260	1
27.272	0
27.307	0
27.330	0
27.353	2
27.585	0
27.620	1
27.701	0
27.759	0
27.794	2
27.934	1
28.189	2
28.201	1
28.305	1
28.328	2
28.444	0
28.444	2
28.619	1
28.642	0
28.700	0
28.781	0
28.804	0
28.839	1
29.141	1
29.385	1
29.489	0
29.524	1
29.524	2
29.710	0
29.907	1
29.942	2
30.209	1
30.302	1
30.302	2
30.360	1
30.383	0
30.430	2
30.604	2
30.674	1
30.871	1
30.999	1
31.045	1
31.057	0
31.289	2
31.300	1
31.324	0
31.382	0
31.475	0
31.498	0
31.544	2
31.556	1
31.568	0
31.579	1
31.637	0
31.684	2
31.707	0
31.765	0
32.078	2
32.485	2
32.624	1
32.647	2
32.705	0
32.763	2
33.170	1
33.483	1
33.704	1
33.843	2
34.145	1
34.238	1
34.284	1
34.342	1
34.516	1
34.633	1
34.644	2
34.760	0
34.772	2
34.818	0
34.923	2
35.190	1
35.329	1
35.364	2
35.515	1
35.863	1
36.003	0
36.003	2
36.107	0
36.420	1
36.455	2
36.699	2
36.862	2
36.943	1
36.966	2
37.013	0
37.094	2
37.233	0
37.349	2
37.465	1
37.744	1
37.779	0
38.034	1
38.069	0
38.429	2
38.557	1
38.603	1
38.835	2
38.963	1
38.963	2
39.068	2
39.114	0
39.520	1
39.660	1
39.927	1
40.089	2
40.136	0
40.194	1
40.217	1
40.217	2
40.449	0
40.728	1
41.134	2
41.273	1
41.297	2
41.308	1
41.332	0
41.703	2
41.808	1
42.075	2
42.086	1
42.249	1
42.353	1
42.388	1
42.899	1
42.957	1
43.154	1
43.166	2
43.282	1
43.294	2
43.317	1
43.340	0
43.386	2
43.491	0
43.839	1
43.862	2
43.979	1
44.013	2
44.257	2
44.397	2
44.513	1
44.919	1
45.058	1
45.082	1
45.093	0
45.105	2
45.232	1
45.488	2
45.604	1
45.627	2
45.662	0
45.778	0
45.999	2
46.138	1
46.173	2
46.428	1
46.591	0
46.614	0
46.660	0
46.684	1
46.684	2
46.800	0
46.811	1
46.846	0
47.078	2
47.090	1
47.241	1
47.264	1
47.601	1
47.601	2
47.647	0
47.729	2
48.170	1
48.309	1
48.588	2
48.599	1
48.611	0
48.739	2
48.843	2
48.855	1
48.866	0
49.377	2
49.389	1
49.784	2
49.923	1
49.946	2
49.958	1
50.352	2
50.457	1
50.515	1
51.003	1
51.421	2
51.537	1
51.583	1
51.804	1
51.815	2
51.931	1
51.943	2
52.013	0
52.059	0
52.082	2
52.117	0
52.477	1
52.512	2
52.640	1
52.907	2
52.941	1
53.046	2
53.162	1
53.185	2
53.568	2
53.708	1
53.743	2
53.986	2
54.161	2
54.242	1
54.253	2
54.311	0
54.370	0
54.381	2
54.532	0
54.776	1
54.892	1
55.043	1
55.043	2
55.333	1
55.368	0
55.461	2
55.728	2
55.856	1
55.890	2
55.902	1
56.134	2
56.262	1
56.285	1
56.366	1
56.366	2
56.436	1
56.506	1
56.552	2
56.819	1
56.831	0
56.831	2
56.854	0
56.959	1
57.214	1
57.284	0
57.388	2
57.400	1
57.516	2
57.632	2
57.748	0
58.433	2
58.572	1
58.596	2
58.630	0
58.712	2
59.002	2
59.106	1
59.141	1
59.373	2
59.385	1
59.652	1
59.675	1
59.791	2
60.070	2
60.198	1
60.465	2
60.569	1
60.592	2
60.639	0
60.685	2
60.732	0
60.871	2
61.127	1
61.161	2
61.277	1
61.556	2
61.695	2
61.812	1
61.835	2
61.951	2
62.218	1
62.380	1
62.392	0
62.531	1
62.775	2
62.903	1
62.926	2
63.007	1
63.031	2
63.065	1
63.077	0
63.298	2
63.437	1
63.460	2
63.890	0
63.913	0
63.959	0
63.983	1
64.006	1
64.122	1
64.122	2
64.377	2
64.389	1
64.482	0
64.505	1
64.551	1
64.795	1
64.900	2
64.946	0
64.946	1
64.981	0
65.016	0
65.027	2
65.132	0
65.190	2
65.469	1
65.550	0
65.596	1
65.712	1
65.875	1
65.887	2
65.898	1
65.910	0
66.038	2
66.142	2
66.154	1
66.165	0
66.281	2
66.676	1
66.676	2
66.746	1
67.071	2
67.152	1
67.222	1
67.245	2
67.361	2
67.651	2
67.663	0
67.767	1
68.058	1
68.301	1
68.336	0
68.441	2
68.719	2
68.743	1
68.836	1
68.882	1
69.091	1
69.230	1
69.242	2
69.370	2
69.416	0
69.521	2
69.776	1
69.811	2
69.927	1
70.066	1
70.206	1
70.206	2
70.345	2
70.461	1
70.473	2
70.507	1
70.600	2
70.867	2
71.007	1
71.425	2
71.541	1
71.634	1
71.692	1
72.632	0
72.655	1
72.887	1
73.143	1
73.317	1
73.700	1
73.712	2
73.735	2
73.898	0
74.176	1
74.281	1
74.304	1
74.513	1
74.617	1
74.675	2
74.791	1
75.024	0
75.163	0
75.209	1
75.314	1
75.860	1
75.941	0
76.011	2
76.103	0
76.382	1
76.394	0
76.452	1
76.475	0
76.545	2
76.684	1
76.754	0
76.777	0
76.823	1
77.021	1
77.090	2
77.357	1
77.473	1
77.624	2
77.648	1
78.019	1
78.054	2
78.112	0
78.170	0
78.600	1
78.611	0
78.623	1
78.832	1
79.087	1
79.122	2
79.389	1
79.470	1
79.517	2
79.633	1
79.679	1
79.923	1
80.074	1
80.074	2
80.144	0
80.190	1
80.225	2
80.318	1
80.399	0
80.469	0
80.713	1
80.771	1
80.991	1
81.014	0
81.281	2
81.293	1
81.688	2
81.816	1
81.862	1
81.920	1
81.978	1
82.083	2
82.210	1
82.233	2
82.350	1
82.756	1
82.779	2
82.918	2
83.162	1
83.325	2
83.441	1
83.464	0
83.847	2
83.963	1
83.987	2
84.393	2
84.509	1
84.532	1
84.532	2
84.544	0
85.043	1
85.066	2
85.333	1
85.415	0
85.496	1
85.589	1
85.624	1
85.658	0
85.821	0
85.867	2
86.018	2
86.146	1
86.146	2
86.413	2
86.425	1
86.518	1
86.564	2
86.727	0
87.075	1
87.214	1
87.249	2
87.516	2
87.655	2
87.748	1
87.783	0
87.783	1
88.178	2
88.294	1
88.329	1
88.480	1
88.677	1
88.723	2
88.828	1
88.863	2
89.014	0
89.362	1
89.397	2
89.664	1
89.675	0
89.838	0
89.861	0
89.908	1
89.931	0
90.093	0
90.198	2
90.337	1
90.337	2
90.430	0
90.442	1
90.488	1
90.523	1
90.546	1
90.604	1
90.732	2
90.755	1
90.848	1
90.871	2
90.964	0
91.266	1
91.405	1
91.487	0
91.533	1
91.580	2
91.800	1
91.835	2
92.067	1
92.079	0
92.102	2
92.357	2
92.497	2
92.613	1
92.659	0
92.891	1
93.031	1
93.031	2
93.158	1
93.170	2
93.182	1
93.542	0
93.588	2
93.693	1
93.716	2
93.994	2
94.006	1
94.227	1
94.261	0
94.261	2
94.645	1
94.656	2
94.691	1
94.772	1
94.795	2
94.819	1
94.842	1
94.877	1
94.946	1
95.062	2
95.074	1
95.167	1
95.190	1
95.213	2
95.237	0
95.260	0
95.271	1
95.318	0
95.724	1
95.747	2
95.759	0
95.875	1
95.887	2
95.991	1
96.038	1
96.282	1
96.293	2
96.398	1
96.432	0
96.827	2
96.943	1
97.361	2
97.524	1
97.617	0
97.652	1
97.744	0
99.138	1
99.532	1
99.556	1
99.660	2
100.055	1
100.461	1
100.473	0
100.624	2
100.728	1
100.751	0
101.820	1
101.901	0
102.899	1
102.969	0
103.085	0
103.155	1
103.445	1
103.840	1
103.909	0
103.979	2
104.374	1
104.536	2
104.954	2
105.047	1
105.082	0
105.175	0
105.604	1
105.767	1
105.883	2
106.138	1
106.951	1
107.137	0
107.195	0
107.218	1
107.299	0
107.323	0
107.369	1
107.392	1
107.462	0
107.636	0
107.787	1
108.228	0
108.275	0
108.309	2
108.321	1
108.356	0
108.379	0
108.588	0
108.704	1
108.785	0
109.111	1
109.273	2
109.378	1
109.401	0
109.935	1
110.469	1
110.899	0
111.409	1
111.549	1
111.595	1
111.618	0
111.700	1
111.967	1
112.118	1
112.489	1
112.570	0
112.605	0
112.628	2
112.686	0
113.023	1
113.046	1
113.104	0
113.313	1
113.604	2
113.697	1
113.731	1
114.254	1
114.289	2
114.532	2
114.776	1
114.799	2
114.823	1
114.904	2
114.985	0
115.032	1
115.055	1
115.183	2
115.322	1
115.577	2
115.589	1
115.868	1
115.868	2
115.902	0
116.262	2
116.402	1
116.506	1
116.680	2
116.796	1
116.808	2
116.831	1
116.889	1
116.889	2
116.959	2
116.971	1
117.249	1
117.354	1
117.365	2
117.388	0
117.493	1
117.563	1
117.760	1
117.795	0
117.923	2
118.027	1
118.050	1
118.050	2
118.108	0
118.619	1
118.863	1
118.979	2
118.991	1
119.118	1
119.142	2
119.548	2
119.652	1
119.919	1
119.919	2
120.001	0
120.082	2
120.186	1
120.256	0
120.477	1
120.535	1
120.546	0
120.604	2
120.732	1
120.999	1
120.999	2
121.127	1
121.127	2
121.208	1
121.208	2
121.673	1
121.696	2
121.812	0
121.823	1
122.091	2
122.241	2
122.346	1
122.369	2
122.381	0
122.752	1
122.857	0
122.926	1
122.938	0
123.321	2
123.379	1
123.437	1
123.437	2
123.681	0
123.832	2
123.971	1
124.238	1
124.262	0
124.296	1
124.424	1
124.517	1
124.563	0
124.587	0
124.656	1
124.656	2
124.772	0
124.889	1
124.912	1
125.039	1
125.063	1
125.144	1
125.434	1
125.434	2
125.515	0
125.527	2
125.550	0
125.585	1
125.597	2
125.806	1
126.003	1
126.084	0
126.142	1
126.421	2
126.433	1
126.444	0
126.467	0
126.572	2
126.676	2
126.688	1
126.700	0
126.723	0
127.222	1
127.292	1
127.617	2
127.756	2
127.768	1
128.186	2
128.290	1
128.604	1
128.708	1
128.836	1
128.859	2
129.254	2
129.277	1
129.370	1
129.416	1
129.660	2
129.765	1
129.776	2
129.927	2
130.322	1
130.345	1
130.461	1
130.635	1
130.752	2
130.879	2
130.995	1
131.019	2
131.553	1
131.971	2
132.087	1
132.110	2
132.331	1
132.609	1
132.632	2
132.876	1
132.911	0
133.166	2
133.190	1
133.236	0
133.375	0
133.573	2
133.700	1
133.700	2
133.724	1
133.805	1
133.979	2
133.991	1
134.107	1
134.130	2
134.653	1
134.676	0
134.792	1
135.059	1
135.221	2
135.326	1
135.338	0
135.338	2
135.744	2
135.848	1
135.872	2
135.906	1
136.150	1
136.278	2
136.290	1
136.406	1
136.429	2
136.440	0
136.824	1
136.940	1
137.230	1
137.265	1
137.300	0
137.485	1
137.520	1
137.903	2
137.915	1
138.008	1
138.031	1
138.043	2
138.217	1
138.298	2
138.356	1
138.414	1
138.449	2
138.577	1
138.971	1
138.995	0
139.111	1
139.146	2
139.401	2
139.540	2
139.645	1
139.668	0
140.074	2
140.179	1
140.202	2
140.214	1
140.365	1
140.608	2
140.713	1
140.759	2
140.783	0
140.899	1
140.910	0
141.259	1
141.282	2
141.549	1
141.677	2
141.746	0
141.804	1
141.827	0
141.839	1
141.967	1
141.990	1
142.083	2
142.222	2
142.234	1
142.315	0
142.338	1
142.385	1
142.617	2
142.640	1
142.733	1
142.756	1
142.768	2
142.872	0
142.919	1
143.302	1
143.418	1
143.453	2
143.685	1
143.859	2
143.952	1
143.964	0
143.999	2
144.393	2
144.509	1
144.544	0
144.927	1
144.927	2
145.055	1
145.067	2
145.276	0
145.276	1
145.427	0
145.589	1
145.612	2
145.798	1
145.891	1
145.914	1
146.123	1
146.146	1
146.251	0
146.321	1
146.413	2
146.530	1
146.553	2
146.576	1
146.657	1
146.680	2
146.855	1
146.947	2
147.098	2
147.621	1
147.656	1
147.749	1
147.783	2
147.934	1
148.062	1
148.190	2
148.294	1
148.317	0
148.712	2
148.840	1
149.258	2
149.374	1
149.420	2
149.444	0
149.560	0
149.595	1
149.641	1
149.908	1
149.931	2
150.175	1
150.442	1
150.489	1
150.535	0
150.872	2
150.999	1
150.999	2
151.023	1
151.104	1
151.162	1
151.278	2
151.290	1
151.324	1
151.394	1
151.429	2
151.452	0
151.545	0
151.661	1
151.951	1
151.975	0
152.067	1
152.358	1
152.381	1
152.625	1
152.636	0
153.043	2
153.147	1
153.170	2
153.205	1
153.577	2
153.588	1
153.681	1
153.704	1
153.728	2
153.751	1
154.227	1
154.366	1
154.529	1
154.633	0
154.680	1
154.773	1
154.796	2
154.819	1
155.005	0
155.063	1
155.202	2
155.307	1
155.388	1
155.423	1
155.597	2
155.620	1
155.713	1
155.748	2
155.829	0
155.864	1
155.910	0
156.131	1
156.270	1
156.294	2
156.352	0
156.410	1
156.433	2
156.700	2
156.839	2
156.944	1
156.967	0
157.362	2
157.478	1
157.513	1
157.652	1
157.756	1
157.861	1
157.907	2
158.012	1
158.058	2
158.093	0
158.209	0
158.256	1
158.557	1
158.592	2
158.859	1
159.010	1
159.045	0
159.103	1
159.126	0
159.521	1
159.521	2
159.614	0
159.626	1
159.649	2
159.684	1
159.788	1
159.811	1
159.927	2
159.951	1
160.032	1
160.055	2
160.090	1
160.113	0
160.148	0
160.183	1
160.264	0
160.601	1
160.682	0
160.729	1
160.752	2
160.856	1
160.984	1
160.996	0
161.251	1
161.263	0
161.297	2
161.692	2
161.808	1
161.843	0
162.087	1
162.215	1
162.226	2
162.342	1
162.354	2
162.749	1
162.783	2
162.876	1
163.190	1
163.283	1
163.306	1
163.318	2
163.376	1
163.422	1
163.434	2
163.712	2
163.828	1
163.852	2
163.875	1
163.956	1
163.979	2
164.061	1
164.130	1
164.235	1
164.246	2
164.374	1
164.397	2
164.420	0
164.502	1
164.908	1
164.943	2
164.955	1
165.071	2
165.222	1
165.361	1
165.477	2
165.581	1
165.616	0
166.011	2
166.139	1
166.174	2
166.557	2
172.640	1
174.533	1
