0.383	0
0.929	0
0.998	0
1.149	0
1.544	0
1.625	0
1.811	0
2.995	0
3.077	0
3.518	0
4.087	1
4.203	0
4.261	0
5.364	0
5.573	0
6.026	0
6.444	0
6.780	0
7.883	0
8.255	0
9.752	0
10.913	2
10.960	0
11.006	2
11.018	1
11.111	1
11.122	2
11.227	1
11.320	1
11.331	2
11.424	1
11.424	2
11.529	1
11.529	2
11.633	1
11.633	2
11.749	1
11.854	1
11.958	1
12.051	1
12.051	2
12.167	1
12.249	1
12.272	1
12.365	1
12.469	2
12.481	1
12.574	1
12.574	2
12.678	1
12.783	2
12.794	1
12.887	1
12.887	2
12.992	1
13.096	1
13.212	1
13.410	1
13.410	2
13.502	1
13.514	2
13.526	1
13.619	1
13.619	2
13.723	1
13.723	2
13.827	1
13.932	1
14.036	1
14.141	1
14.187	0
14.350	1
14.350	2
14.443	1
14.454	2
14.466	1
14.547	2
14.559	1
14.652	1
14.652	2
14.756	1
14.861	2
14.872	1
14.965	2
14.977	1
15.070	2
15.081	1
15.174	2
15.186	1
15.279	2
15.302	1
15.372	1
15.395	1
15.441	0
15.488	1
15.488	2
15.592	1
15.592	2
15.697	2
15.708	1
15.801	2
15.906	1
15.906	2
16.010	2
16.057	0
16.103	1
16.115	2
16.126	1
16.219	1
16.219	2
16.324	2
16.335	1
16.428	2
16.533	1
16.533	2
16.625	1
16.637	2
16.649	1
16.742	1
16.742	2
16.765	1
16.858	1
16.951	1
17.160	1
17.322	0
17.891	2
17.926	0
17.995	1
18.088	2
18.204	2
18.297	2
18.506	2
18.530	1
18.611	1
18.622	2
18.715	2
18.727	1
20.178	2
20.492	1
20.701	2
20.793	1
20.910	2
21.014	1
21.107	2
21.211	1
21.328	1
21.537	2
21.618	1
21.641	2
21.653	1
21.734	1
21.850	1
21.931	1
21.954	1
22.047	2
22.059	1
22.872	1
23.011	1
23.081	1
23.185	1
23.406	2
23.719	1
24.137	2
24.207	1
24.242	1
24.346	2
24.358	1
24.555	2
24.567	1
24.660	2
24.752	1
24.764	2
24.869	2
24.973	2
25.078	1
25.078	2
25.182	2
25.194	1
25.287	2
25.391	1
25.391	2
25.496	2
25.588	1
25.600	2
25.612	1
25.704	1
25.704	2
25.809	2
25.832	1
25.913	1
25.913	2
26.018	2
26.111	1
26.122	2
26.227	2
26.320	1
26.331	2
26.424	2
26.436	1
26.540	2
26.633	2
26.645	1
26.738	2
26.749	1
26.842	1
26.854	2
27.063	1
27.156	2
27.260	1
27.260	2
27.376	2
27.469	2
27.574	2
27.678	2
27.783	2
27.887	1
27.887	2
27.992	2
28.096	1
28.096	2
28.201	1
28.201	2
28.305	2
28.410	2
28.514	1
28.514	2
28.619	2
28.711	1
28.723	2
28.828	1
28.828	2
28.932	2
28.944	1
29.037	1
29.037	2
29.129	1
29.141	2
29.153	1
29.246	2
29.338	1
29.350	2
29.431	1
29.455	1
29.455	2
29.559	2
29.663	2
29.756	2
29.768	1
29.872	2
29.965	1
29.977	2
30.081	2
30.186	2
30.290	2
30.337	0
30.488	2
30.592	2
30.674	0
30.801	2
30.824	0
30.906	2
30.964	1
31.010	0
31.010	2
31.115	2
31.219	2
31.266	1
31.277	0
31.475	0
31.556	0
31.626	0
31.858	0
31.881	0
31.962	0
32.055	2
32.067	0
32.102	0
32.160	2
32.218	1
32.264	0
32.264	2
32.369	2
32.473	2
32.578	2
32.682	2
32.787	2
32.833	0
32.996	2
33.088	1
33.100	2
33.158	0
33.460	1
33.495	0
33.634	1
33.715	1
33.762	1
33.785	0
33.808	0
33.936	1
33.948	0
34.052	1
34.133	0
34.238	2
34.342	1
34.366	0
34.470	0
34.563	1
34.656	2
34.714	1
34.749	0
34.760	2
34.958	1
34.969	2
35.004	0
35.074	2
35.178	2
35.283	2
35.318	1
35.329	0
35.352	0
35.492	2
35.503	1
35.596	1
35.596	2
35.643	1
35.666	0
35.770	0
35.805	2
35.852	0
35.968	1
36.003	0
36.014	2
36.119	1
36.119	2
36.212	1
36.223	2
36.281	1
36.432	1
36.502	0
36.618	0
36.629	1
36.653	0
36.699	1
36.838	1
36.850	0
36.885	0
36.955	1
37.047	2
37.071	0
37.164	2
37.233	1
37.256	2
37.373	2
37.477	2
37.489	0
37.581	2
37.686	2
37.790	2
37.825	1
37.837	0
37.907	0
37.988	2
38.092	1
38.092	2
38.162	0
38.301	2
38.325	0
38.336	1
38.406	2
38.464	1
38.487	0
38.510	0
38.510	2
38.615	2
38.626	1
38.719	2
38.777	1
38.789	0
38.928	1
38.975	0
39.126	0
39.160	0
39.242	2
39.358	0
39.451	1
39.462	0
39.555	2
39.660	2
39.718	1
39.764	2
39.857	1
39.869	2
39.973	2
40.066	1
40.078	2
40.182	2
40.287	2
40.321	1
40.333	0
40.356	0
40.496	1
40.496	2
40.600	2
40.612	1
40.658	0
40.809	2
40.948	1
41.018	2
41.111	1
41.123	2
41.273	1
41.424	1
41.448	1
41.564	1
41.668	0
41.703	0
41.738	2
41.947	2
41.958	0
42.051	2
42.063	1
42.086	1
42.156	2
42.167	1
42.260	2
42.365	2
42.469	2
42.574	2
42.585	1
42.678	2
42.783	2
42.829	1
42.841	0
42.922	0
42.992	2
43.096	2
43.166	0
43.305	2
43.456	1
43.503	1
43.514	2
43.619	2
43.723	2
43.770	1
43.793	0
43.816	0
44.153	0
44.188	0
44.246	2
44.269	0
44.455	2
44.547	1
44.571	0
44.664	2
44.710	1
44.768	2
44.873	2
44.977	2
45.082	2
45.186	2
45.291	2
45.325	1
45.337	0
45.488	2
45.534	0
45.592	2
45.639	1
45.662	0
45.801	2
45.848	0
45.964	0
45.964	1
45.999	1
46.010	2
46.115	2
46.219	2
46.266	1
46.289	0
46.440	0
46.544	0
46.568	1
46.637	0
46.788	0
46.800	1
46.846	1
46.858	0
46.974	0
47.055	1
47.067	0
47.160	2
47.206	1
47.264	2
47.357	1
47.369	2
47.473	2
47.578	2
47.671	1
47.682	2
47.787	2
47.821	1
47.845	0
47.996	2
48.007	1
48.100	2
48.170	0
48.170	1
48.309	2
48.448	1
48.565	0
48.727	0
48.774	1
48.890	1
49.087	0
49.354	0
49.424	0
49.517	0
49.551	2
49.598	1
49.656	0
49.656	2
49.702	1
49.760	2
49.865	2
49.946	1
49.969	2
50.074	2
50.143	0
50.178	2
50.190	1
50.283	2
50.329	1
50.654	0
50.736	0
50.840	0
50.991	0
51.270	1
51.328	0
51.397	0
51.479	0
51.769	0
51.955	0
52.175	0
52.245	0
52.384	0
52.825	1
52.837	0
53.011	0
53.046	0
53.150	0
53.348	0
53.406	0
53.708	0
53.766	0
53.777	1
54.137	0
54.184	0
54.207	0
54.300	0
54.335	0
54.358	0
54.729	0
54.811	0
55.031	1
55.043	0
55.066	0
55.310	0
55.322	1
55.403	0
55.600	0
55.647	1
55.740	0
56.262	0
56.297	1
56.448	0
56.529	0
56.564	0
56.668	0
56.761	0
56.924	0
56.947	0
56.993	0
57.214	1
57.237	0
57.562	0
57.725	0
57.829	1
57.841	0
58.015	0
58.375	0
58.456	0
58.642	0
58.781	1
58.979	0
59.014	0
59.118	0
59.141	0
59.199	0
59.269	0
59.501	0
59.617	0
59.710	1
60.035	0
60.325	1
60.442	0
60.651	0
60.743	0
60.836	0
61.161	0
61.370	0
61.405	0
61.475	0
61.521	0
61.672	0
61.962	0
62.044	0
62.067	0
62.206	1
62.520	0
62.531	1
62.659	0
62.822	1
62.833	0
62.856	0
62.949	0
63.007	0
63.089	0
63.158	0
63.390	0
63.495	0
63.634	0
63.658	0
63.762	0
63.774	1
63.936	0
64.041	0
64.099	0
64.168	0
64.296	0
64.459	0
64.621	0
64.691	0
64.702	1
65.062	0
65.329	1
65.573	0
65.643	0
65.654	1
65.666	0
65.747	0
66.003	0
66.270	1
66.293	0
66.525	0
66.630	0
66.664	0
66.699	0
66.804	0
66.873	0
66.955	0
67.199	1
67.825	1
67.837	0
68.151	1
68.336	0
68.464	0
68.603	0
68.650	0
68.754	0
68.766	1
68.940	0
68.963	0
68.986	0
69.126	0
69.265	0
69.288	0
69.370	0
69.497	0
69.567	0
69.625	0
69.706	1
69.846	0
69.904	0
69.927	0
70.020	1
70.031	0
70.194	0
70.333	1
70.380	0
70.426	0
70.461	0
70.496	1
70.519	1
70.635	1
70.647	2
70.798	2
70.844	1
70.949	1
71.250	1
71.320	0
71.367	0
71.436	2
71.459	1
71.564	1
71.587	2
71.738	1
71.750	2
71.808	0
71.947	0
72.052	1
72.075	1
72.214	1
72.365	1
72.516	1
72.829	1
72.922	0
72.980	0
73.004	0
73.096	0
73.131	1
73.154	2
73.294	2
73.305	1
73.329	0
73.352	1
73.468	1
73.863	0
73.898	0
73.932	0
73.932	2
74.083	1
74.083	2
74.246	2
74.397	1
74.652	0
74.733	1
75.453	0
75.488	1
75.639	1
75.651	2
75.674	0
75.802	1
75.825	1
75.836	0
75.964	1
76.417	1
76.428	2
76.545	0
76.591	2
76.742	2
76.893	1
77.206	1
77.531	1
77.903	0
77.926	0
78.147	2
78.298	2
78.460	1
78.878	0
78.925	1
78.925	2
79.087	2
79.238	2
79.389	2
79.401	1
79.714	1
79.865	2
80.074	0
80.202	1
80.341	1
80.492	1
80.655	1
80.678	1
80.678	2
80.736	0
80.794	1
80.817	1
80.945	1
80.956	2
81.119	1
81.119	2
81.270	1
81.270	2
81.340	0
81.421	1
81.839	0
81.850	2
82.152	0
82.199	1
82.512	2
82.814	1
83.162	2
83.220	0
83.453	2
83.476	1
83.603	1
83.615	2
83.766	1
83.778	2
83.836	0
83.929	1
84.068	1
84.242	1
84.381	1
84.381	2
84.544	1
84.706	1
85.020	1
85.020	2
85.171	1
85.310	1
85.391	0
85.658	1
85.658	2
85.960	1
86.285	1
86.285	2
86.355	0
86.425	0
86.448	1
86.889	1
86.901	2
87.214	1
87.528	1
87.528	2
88.015	1
88.143	2
88.189	1
88.236	0
88.456	1
88.456	2
88.619	2
88.677	1
88.723	1
88.793	2
88.805	1
88.863	0
88.898	0
89.049	0
89.072	1
89.385	1
89.397	2
89.571	1
89.710	2
89.722	1
89.873	2
90.024	1
90.035	2
90.279	1
90.384	0
90.488	0
90.511	0
90.569	0
90.616	2
90.651	1
90.662	0
90.732	0
90.802	0
90.953	1
90.987	0
91.069	0
91.254	2
91.266	1
91.301	0
91.405	0
91.591	0
91.742	0
91.870	0
91.916	2
91.928	1
92.206	2
92.369	2
92.427	0
92.532	0
92.543	1
92.566	1
92.566	2
92.775	0
92.822	1
92.996	0
93.042	0
93.147	1
93.158	0
93.182	0
93.182	2
93.251	0
93.333	1
93.460	2
93.484	1
93.623	2
93.785	0
93.797	1
93.797	2
93.867	0
93.960	1
94.076	0
94.401	2
94.412	1
94.459	0
94.575	1
94.795	0
94.865	1
95.039	0
95.039	1
95.167	1
95.306	0
95.330	1
95.492	0
95.643	2
95.655	1
95.666	0
95.794	1
95.945	0
96.270	1
96.270	2
96.467	0
96.583	0
96.641	0
96.723	1
96.746	0
96.781	0
96.874	2
96.897	1
96.908	0
97.048	0
97.048	1
97.071	0
97.094	0
97.210	0
97.361	0
97.512	0
97.524	1
97.524	2
97.617	0
97.675	2
97.826	1
97.837	0
97.965	0
98.081	0
98.151	1
98.162	2
98.186	0
98.267	0
98.383	0
98.453	1
98.453	2
98.534	0
98.604	1
98.615	2
98.743	1
98.743	2
98.813	0
98.894	0
98.917	0
99.010	0
99.033	0
99.196	0
99.242	0
99.381	2
99.706	1
100.020	1
100.020	2
100.101	0
100.322	1
100.333	0
100.333	2
100.357	0
100.391	0
100.484	1
100.659	1
100.659	2
100.867	0
100.960	0
100.984	1
101.274	1
101.320	2
101.425	1
101.483	0
101.738	0
101.901	1
101.912	2
101.924	1
101.947	0
102.063	0
102.214	2
102.237	0
102.284	0
102.330	0
102.365	2
102.528	1
102.528	2
102.539	0
102.690	0
102.760	0
102.830	1
102.830	2
103.108	0
103.155	2
103.166	1
103.387	0
103.433	0
103.677	0
103.782	0
103.805	1
103.805	2
103.851	1
103.921	0
104.304	0
104.362	0
104.374	1
104.432	2
104.443	1
104.548	1
104.641	0
105.024	1
105.035	0
105.059	0
105.082	2
105.117	0
105.186	1
105.198	0
105.326	1
105.337	0
105.384	0
105.674	1
105.674	2
105.686	0
105.964	2
106.115	2
106.266	2
106.278	1
106.289	0
106.394	0
106.417	0
106.731	1
106.742	2
106.893	1
106.905	2
107.207	0
107.369	2
107.543	0
107.566	2
107.671	0
107.822	1
107.868	0
107.938	0
107.984	1
108.159	1
108.182	2
108.193	0
108.495	0
108.623	0
108.646	0
108.774	1
108.785	0
108.820	1
108.820	2
108.867	0
109.064	1
109.401	2
109.412	1
109.552	2
109.703	1
109.865	2
109.970	1
109.981	2
110.016	2
110.179	1
110.330	2
110.422	0
110.469	0
110.504	1
110.620	0
111.107	0
111.270	0
111.305	0
111.642	0
111.792	0
111.885	1
112.025	0
112.199	1
112.280	0
112.361	2
112.385	0
112.512	2
112.663	1
112.826	1
112.826	2
112.837	0
112.988	0
113.035	0
113.279	0
113.580	0
113.615	1
113.789	0
113.917	0
113.964	0
114.161	0
114.393	1
114.393	2
114.869	2
115.008	2
115.171	1
115.334	0
115.496	0
115.659	1
115.682	0
116.111	0
116.123	1
116.274	1
116.286	0
116.378	0
116.436	0
116.622	0
116.680	0
116.750	0
116.889	0
116.912	0
117.005	0
117.249	0
117.284	0
117.319	0
117.365	2
117.400	0
117.667	1
117.830	1
117.841	0
118.190	0
118.352	0
118.468	0
118.666	0
118.782	1
118.805	0
118.909	0
118.944	0
119.002	0
119.269	1
119.397	2
119.873	2
120.163	1
120.337	2
120.477	2
120.639	2
120.802	2
120.953	1
120.953	2
121.127	2
121.731	2
121.893	2
122.044	2
122.207	2
122.369	2
122.683	1
122.984	2
123.147	2
123.286	1
123.298	2
123.460	2
123.623	2
124.389	2
124.865	2
125.005	2
125.167	1
125.167	2
125.318	1
125.481	2
125.643	2
125.794	1
125.945	1
125.957	2
126.119	2
126.491	1
126.897	2
127.129	1
127.361	2
127.512	2
127.663	2
127.977	2
128.139	2
128.290	1
128.302	2
128.453	2
128.615	2
128.987	1
129.068	1
129.393	2
129.533	1
129.869	2
130.009	2
130.171	2
130.473	2
130.485	1
130.670	1
130.670	2
130.810	2
130.833	1
130.949	2
130.961	1
130.984	1
131.123	1
131.123	2
131.146	1
131.251	1
131.309	2
131.576	1
131.913	2
131.924	1
132.214	1
132.365	2
132.540	1
132.667	2
132.981	2
133.166	1
133.166	2
133.457	1
133.457	2
133.619	2
133.759	1
133.770	2
133.933	1
134.397	2
134.711	1
134.861	2
135.024	1
135.477	2
135.500	1
135.686	2
135.790	2
135.953	2
135.964	1
136.115	2
136.278	2
136.557	1
136.905	2
137.044	1
137.183	1
137.369	2
137.392	1
137.509	2
137.532	1
137.706	1
137.787	1
137.822	1
137.973	2
138.170	1
138.170	2
138.298	2
138.449	2
138.461	1
138.600	2
138.623	1
138.762	1
138.762	2
138.948	1
139.064	1
139.227	2
139.389	2
139.564	1
139.714	1
139.854	2
140.028	1
140.028	2
140.179	1
140.481	2
140.678	2
140.794	2
140.817	1
140.957	1
141.270	2
141.282	1
141.293	0
141.560	1
141.688	0
141.793	1
141.897	2
141.920	1
142.153	0
142.211	1
142.362	0
142.512	2
142.536	0
142.536	1
142.675	1
142.733	1
142.814	1
142.838	0
143.000	0
143.163	1
143.163	2
143.279	0
143.430	0
143.453	1
143.639	1
143.766	2
143.778	1
143.790	0
143.813	0
143.894	0
143.906	1
144.068	1
144.231	0
144.382	1
144.393	2
144.637	0
144.695	1
145.020	1
145.032	2
145.067	0
145.148	0
145.171	1
145.206	0
145.322	1
145.345	0
145.508	0
145.682	0
145.682	1
145.682	2
145.705	0
145.833	1
145.903	0
145.949	0
145.961	1
146.251	1
146.274	1
146.274	2
146.286	0
146.460	1
146.483	1
146.773	1
146.901	2
146.913	1
147.354	1
147.365	0
147.516	2
147.656	1
147.702	1
147.725	1
147.783	1
147.830	1
147.841	0
148.004	0
148.167	2
148.178	1
148.236	0
148.317	1
148.457	1
148.643	1
148.770	1
148.770	2
148.793	0
148.898	0
149.002	1
149.386	1
149.397	2
149.711	1
149.745	0
149.862	2
150.024	1
150.036	0
150.140	0
150.187	1
150.221	0
150.326	1
150.338	0
150.477	1
150.512	0
150.674	2
150.860	0
150.965	1
151.278	1
151.278	2
151.290	0
151.905	2
152.149	0
152.207	1
152.369	0
152.509	2
152.520	1
152.532	0
152.555	0
152.671	1
152.706	0
152.834	0
153.170	2
153.240	0
153.461	1
153.763	1
153.774	2
153.797	0
153.948	1
154.389	2
154.715	1
155.028	1
155.028	2
155.051	1
155.167	1
155.202	0
155.330	1
155.341	0
155.492	1
155.504	0
155.678	2
155.794	1
155.957	1
156.270	1
156.270	2
156.282	0
156.526	0
156.897	2
157.211	1
157.246	0
157.373	0
157.513	2
157.524	1
157.675	1
157.826	1
157.838	0
157.861	0
158.000	0
158.163	2
158.453	1
158.766	2
158.778	0
158.778	1
159.033	0
159.393	2
159.556	0
159.707	1
159.869	2
160.032	1
160.322	1
160.334	0
160.334	2
160.601	0
160.682	2
160.717	0
160.787	2
160.833	1
160.961	1
160.961	2
161.112	2
161.274	0
161.274	1
161.274	2
161.588	2
161.739	2
161.901	2
162.052	2
162.203	2
162.215	1
162.354	2
162.366	0
162.516	2
162.528	1
162.830	1
162.830	2
162.842	0
163.155	2
163.225	0
163.306	2
163.399	0
163.457	2
163.608	2
163.770	1
163.770	2
163.794	0
164.026	0
164.397	2
164.711	2
164.862	2
165.024	2
165.175	1
165.175	2
165.187	0
165.326	1
165.326	2
165.361	0
165.674	0
165.790	2
165.849	0
165.895	0
165.953	2
165.988	0
166.081	0
166.116	0
166.116	2
166.243	0
166.278	1
166.290	0
166.592	0
166.615	0
166.742	2
166.777	0
166.893	2
166.928	0
167.056	2
167.079	0
167.207	1
167.207	2
167.230	1
167.369	2
167.416	0
167.451	0
167.486	0
167.520	0
167.532	2
167.671	1
167.683	2
167.706	0
167.822	1
167.834	2
167.845	0
167.962	0
168.031	0
168.147	2
168.171	0
168.240	0
168.310	2
168.333	0
168.368	0
168.461	2
168.472	1
168.519	0
168.647	0
168.763	2
168.774	0
168.786	1
168.809	0
168.995	0
169.123	0
169.227	2
169.273	0
169.424	1
169.448	0
169.471	0
169.540	1
169.552	2
169.633	1
169.703	2
169.819	0
169.842	1
169.866	2
169.935	0
170.017	2
170.075	0
170.121	0
170.167	1
170.179	2
170.225	0
170.318	2
170.330	1
170.342	0
170.551	0
170.841	0
171.003	0
171.027	0
171.143	0
171.259	2
171.270	1
171.294	0
171.456	0
171.584	2
171.619	0
171.642	0
171.770	0
171.932	0
171.967	0
172.048	2
172.083	0
172.106	0
172.199	0
172.211	2
172.234	1
172.362	2
172.385	1
172.420	0
172.571	0
172.652	0
172.664	2
172.675	1
172.826	1
172.838	0
172.861	0
173.012	1
173.047	0
173.302	2
173.325	1
173.453	1
173.453	2
173.465	0
173.616	2
173.639	1
173.708	0
173.732	0
173.767	1
173.767	2
173.894	0
173.976	0
174.080	2
174.150	0
174.231	0
174.243	2
174.393	2
174.440	0
174.556	2
174.707	2
174.730	0
175.009	0
175.020	2
175.171	1
175.183	2
175.218	0
175.322	2
175.334	0
175.334	1
175.543	0
175.833	1
175.856	0
175.961	1
175.984	0
176.019	0
176.216	0
176.274	0
176.286	1
176.298	2
176.414	0
176.483	0
176.646	0
176.901	0
176.913	1
176.924	2
177.052	0
177.215	1
177.342	0
177.517	2
177.528	1
177.679	0
177.818	1
177.842	0
177.993	0
178.167	2
178.202	0
178.225	1
178.271	0
178.318	1
178.329	0
178.457	1
178.515	0
178.608	2
178.631	0
178.689	0
178.782	1
178.782	2
178.794	0
178.968	0
179.386	0
179.386	2
179.502	0
179.711	1
179.722	0
179.804	0
179.839	0
179.862	1
179.885	0
179.978	1
180.082	0
180.140	0
180.175	1
180.222	0
180.280	1
180.326	1
180.524	0
180.593	0
180.628	2
180.651	1
180.779	0
180.965	1
181.383	0
181.406	0
181.429	0
181.522	0
181.882	1
181.940	2
181.952	1
181.963	0
182.068	0
182.195	1
182.207	0
182.370	0
182.544	1
182.544	2
182.555	0
182.683	0
182.822	1
182.834	0
182.857	0
183.159	2
183.171	1
183.333	1
183.461	1
183.484	0
183.542	0
183.763	1
183.763	2
183.809	0
183.960	0
184.018	0
184.157	0
184.274	0
184.332	0
184.413	1
184.413	2
184.564	0
184.645	0
184.715	1
184.854	0
184.900	1
185.005	1
185.005	2
185.040	0
185.109	0
185.191	0
185.214	1
185.284	0
185.307	1
185.365	1
185.644	2
186.027	1
186.270	2
186.897	2
186.909	1
187.513	1
187.513	2
187.559	1
187.687	1
187.722	1
187.826	1
187.849	0
188.116	2
188.151	1
188.732	2
189.336	1
189.347	2
189.962	1
189.962	2
190.299	0
192.308	1
192.621	1
194.049	0
195.326	1
195.338	0
195.361	0
195.651	1
195.663	0
195.686	0
196.267	1
196.301	0
196.975	0
197.486	0
197.822	1
197.846	0
198.159	0
198.182	0
198.461	0
198.519	0
198.774	1
198.786	0
198.809	0
200.330	1
200.342	0
200.528	0
200.562	0
200.655	1
200.667	0
200.957	0
201.271	0
201.294	0
201.584	0
201.642	0
202.095	0
202.826	1
203.151	0
203.186	0
203.778	1
203.790	0
203.813	0
205.322	1
205.334	0
205.357	0
205.601	0
205.648	1
205.659	0
205.682	0
205.961	1
206.274	1
206.286	0
206.309	0
206.623	0
206.797	0
207.203	1
207.226	1
207.830	1
207.842	0
207.865	0
208.155	0
208.457	1
210.326	1
210.338	0
210.651	1
210.663	0
210.965	1
211.278	1
211.290	0
211.313	0
211.905	0
211.940	0
211.998	0
212.207	1
212.718	1
212.822	1
212.834	0
212.857	0
213.031	0
213.148	1
213.182	0
213.461	0
213.473	1
213.960	1
214.576	1
214.715	1
215.353	0
215.620	2
215.632	1
215.783	1
215.957	1
216.166	0
216.271	1
216.271	2
216.433	0
216.770	1
216.781	0
216.898	2
217.083	1
217.211	1
217.536	1
217.536	2
217.664	1
217.745	1
218.163	1
218.175	2
218.465	1
218.755	2
218.790	1
219.347	1
219.359	2
219.707	1
220.009	1
220.009	2
220.195	1
220.288	1
220.323	2
220.334	1
220.415	1
220.462	1
220.532	1
220.682	1
220.740	1
220.822	1
220.961	1
221.774	1
222.018	1
222.227	1
222.389	1
222.854	1
223.004	1
223.469	1
224.583	1
224.676	1
225.338	1
225.524	1
225.559	1
225.593	1
225.965	1
226.116	1
227.161	1
227.219	1
227.544	1
227.799	1
227.834	0
227.997	0
228.345	1
228.473	1
228.635	1
229.123	1
229.703	1
229.866	1
230.075	1
230.191	1
230.319	1
230.365	0
230.830	1
230.864	0
230.957	1
231.584	0
231.886	1
231.898	0
232.211	1
232.223	0
232.374	0
232.676	1
232.699	0
232.826	0
232.838	1
232.873	0
233.001	0
233.314	1
233.395	0
233.535	0
233.662	1
233.929	0
234.266	0
234.394	1
234.405	0
234.707	1
234.835	0
235.137	0
235.218	0
235.323	0
235.357	0
235.683	0
235.741	0
235.810	0
235.857	0
235.950	1
236.159	0
236.309	0
236.518	0
236.727	0
236.890	1
236.902	0
237.099	0
237.215	1
237.366	0
237.679	1
237.714	0
237.842	0
238.457	1
238.492	0
238.945	0
239.015	0
239.061	0
239.386	1
239.398	0
239.700	0
239.711	1
240.338	0
240.338	1
240.361	0
241.894	1
241.905	0
242.196	1
242.219	1
242.846	1
242.858	0
243.461	1
244.390	1
244.402	0
244.425	0
245.342	1
245.354	0
245.412	0
245.772	0
245.853	0
245.876	0
246.062	0
246.282	0
246.503	0
246.573	0
246.724	0
246.886	1
246.898	0
247.153	0
247.293	0
247.374	1
247.676	1
247.699	0
247.838	0
248.001	1
248.024	0
248.198	1
248.407	0
248.477	0
248.512	1
248.825	1
248.895	0
249.046	1
249.243	1
249.347	1
249.394	1
249.406	0
249.533	0
249.626	0
249.673	0
249.940	0
250.079	1
250.183	1
250.207	0
250.334	1
250.358	0
250.508	0
250.810	0
251.019	0
251.112	0
251.333	1
251.356	0
251.426	1
251.460	0
251.530	1
251.600	0
251.739	1
251.844	1
251.890	1
251.902	0
251.971	1
252.204	0
252.610	0
252.714	0
252.830	0
252.842	1
252.854	0
252.981	0
253.272	0
253.481	1
253.515	1
253.875	0
253.922	1
253.933	0
254.061	0
254.166	0
254.189	1
254.247	1
254.386	1
254.398	0
254.421	0
254.630	0
254.711	0
255.025	1
255.106	0
255.199	0
255.315	1
255.338	0
255.350	1
255.373	0
255.791	0
256.116	2
256.337	0
256.406	0
256.430	2
256.743	2
256.755	1
256.882	1
256.894	2
256.906	0
257.591	0
257.683	2
257.707	0
257.730	0
257.823	1
257.834	0
257.846	1
257.869	0
258.368	0
258.438	0
258.775	1
258.868	0
258.891	0
258.972	0
259.007	0
259.077	0
259.239	2
259.344	2
259.390	1
259.402	0
260.180	1
260.214	0
260.331	1
260.342	0
260.679	0
260.911	0
260.957	0
261.515	0
261.584	2
261.747	2
261.886	1
261.898	0
261.921	0
262.374	2
262.560	0
262.676	1
262.699	0
262.734	0
262.838	1
262.850	0
263.221	0
263.767	0
263.825	0
264.034	0
264.394	2
264.557	2
264.870	2
265.033	2
265.172	1
265.323	1
265.334	2
265.358	0
265.543	0
265.625	0
265.961	0
266.275	1
266.298	0
266.379	0
266.565	0
266.588	2
266.844	1
266.890	1
266.902	0
267.088	0
267.204	1
267.703	0
267.726	0
267.842	2
267.854	0
268.272	0
268.376	0
268.771	0
268.922	0
268.934	2
269.061	0
269.444	2
269.700	1
269.874	2
270.338	0
270.362	0
270.780	0
270.954	1
271.592	2
271.743	1
271.882	1
271.906	0
272.161	0
272.196	1
272.602	0
272.684	2
272.707	0
272.811	1
272.858	0
273.148	0
273.229	0
273.322	0
273.461	0
273.775	0
273.798	0
273.868	0
273.937	1
273.995	0
274.007	1
274.448	2
274.704	1
274.982	1
275.331	0
275.354	0
275.656	0
275.737	0
275.934	0
275.946	1
276.271	0
276.306	1
276.329	0
276.352	0
276.410	0
276.457	0
276.886	1
276.898	0
276.991	0
277.119	0
277.537	0
277.676	1
277.699	0
277.722	0
277.838	1
277.850	0
278.198	0
278.361	0
278.454	1
278.500	0
278.535	0
278.605	0
278.709	0
278.767	0
279.324	0
279.696	1
279.824	1
279.998	1
280.358	0
280.439	1
280.648	0
280.706	0
280.741	0
280.880	0
280.950	1
281.020	0
281.101	0
281.333	0
281.356	0
281.426	0
281.484	0
281.554	0
281.635	0
281.716	0
281.890	1
281.902	0
281.925	0
282.180	0
282.204	1
282.331	0
282.494	1
282.691	0
282.842	1
282.854	0
283.225	0
283.295	0
283.353	0
283.458	1
283.574	0
283.701	0
283.771	0
283.829	0
283.980	0
284.061	1
284.131	1
284.201	1
284.270	0
284.340	0
284.363	1
284.468	1
284.688	1
284.711	1
285.234	1
285.327	1
285.640	0
285.710	0
285.954	0
285.954	1
286.047	0
286.070	0
286.105	0
286.198	0
286.256	1
286.337	0
286.465	1
286.650	1
286.720	0
286.766	1
286.871	1
286.894	0
287.092	1
287.161	0
287.208	1
287.289	0
287.335	0
287.579	0
287.707	0
287.753	0
287.835	1
287.846	0
287.916	1
287.974	0
288.229	0
288.450	0
288.461	1
288.554	0
288.612	0
288.682	0
288.740	0
288.856	0
288.903	0
288.996	0
289.205	0
289.239	0
289.704	1
290.366	0
290.389	1
290.505	0
290.528	0
290.679	0
290.865	1
290.946	1
290.958	0
291.016	0
291.051	1
291.120	0
291.306	0
291.666	0
291.898	0
292.212	1
292.374	0
292.595	1
292.757	1
292.850	0
293.117	1
293.233	1
293.256	0
293.291	1
293.407	1
293.431	1
293.535	0
293.628	0
293.663	0
293.732	1
293.790	0
294.011	1
294.081	0
294.174	1
294.475	1
294.510	1
294.684	1
295.184	1
295.323	1
295.451	1
295.602	1
295.787	1
295.834	1
296.066	1
296.124	1
297.006	1
299.955	1
300.048	1
300.339	1
300.408	1
300.524	1
300.815	1
300.896	1
300.977	1
302.672	1
302.986	1
303.160	1
303.810	0
304.135	1
304.704	1
304.797	1
305.424	0
305.528	1
306.306	0
307.200	1
308.164	0
308.338	1
308.674	1
310.439	1
312.854	1
313.202	0
313.237	1
314.282	1
315.420	1
315.699	1
317.684	2
317.858	1
318.090	1
318.415	2
318.705	1
318.810	2
318.914	2
319.123	2
319.437	2
319.658	1
319.855	1
320.006	1
320.099	1
320.586	1
322.548	1
322.676	2
322.769	1
323.024	1
323.094	1
323.326	1
323.408	1
324.452	2
324.894	1
325.056	1
325.288	1
325.370	1
325.509	1
325.567	1
326.473	1
326.612	1
326.774	1
327.680	2
327.773	1
327.889	2
327.993	2
328.017	1
328.098	2
328.110	1
328.202	2
328.307	2
328.516	2
328.945	1
329.038	2
329.340	2
329.445	2
329.538	1
329.758	2
330.130	1
330.397	1
339.267	1
339.336	1
