7.651	0
14.756	1
14.780	2
14.791	0
14.872	2
15.000	2
15.093	1
15.105	2
15.128	0
15.221	2
15.314	2
15.430	1
15.441	2
15.453	0
15.546	2
15.650	2
15.755	1
15.766	2
15.790	0
15.882	2
15.987	1
16.010	0
16.091	1
16.103	2
16.126	0
16.208	2
16.312	1
16.324	2
16.335	0
16.428	2
16.486	2
16.533	1
16.556	2
16.567	0
16.649	2
16.776	2
16.869	1
16.869	2
16.904	0
16.974	2
17.009	2
17.090	2
17.206	1
17.206	2
17.229	0
17.322	2
17.427	2
17.543	1
17.543	2
17.566	0
17.647	2
17.763	1
17.786	0
17.868	1
17.879	2
17.903	0
17.984	2
18.100	1
18.112	0
18.112	2
18.204	2
18.274	2
18.309	1
18.332	2
18.344	0
18.425	2
18.541	2
18.646	1
18.657	2
18.680	0
18.762	2
18.866	2
18.982	1
18.982	2
19.006	0
19.087	2
19.203	2
19.319	1
19.319	2
19.342	0
19.435	2
19.540	1
19.563	0
19.644	1
19.667	2
19.679	0
19.760	2
19.876	1
19.888	2
19.900	0
19.981	2
20.039	2
20.097	1
20.108	2
20.120	0
20.201	2
20.317	2
20.422	1
20.422	2
20.445	2
20.457	0
20.538	2
20.643	2
20.759	1
20.759	2
20.782	2
20.793	0
20.875	2
20.979	2
21.095	1
21.095	2
21.119	0
21.223	2
21.316	1
21.339	0
21.420	1
21.444	2
21.455	0
21.548	2
21.653	1
21.664	2
21.676	0
21.780	2
21.873	1
21.885	2
21.896	0
21.978	2
22.094	2
22.198	1
22.221	2
22.233	0
22.314	2
22.430	2
22.535	1
22.558	2
22.570	0
22.651	2
22.756	2
22.872	1
22.883	2
22.906	0
22.988	2
23.092	1
23.115	0
23.208	1
23.220	2
23.232	0
23.324	2
23.429	1
23.452	0
23.452	2
23.557	2
23.603	2
23.650	1
23.661	2
23.684	0
23.777	2
23.870	2
23.975	1
23.986	2
24.009	0
24.091	2
24.114	2
24.207	2
24.311	1
24.323	2
24.346	0
24.427	2
24.532	2
24.648	1
24.660	2
24.683	0
24.752	2
24.869	1
24.892	0
24.973	2
24.985	1
25.008	0
25.112	2
25.205	1
25.205	2
25.228	0
25.321	2
25.379	2
25.426	1
25.426	2
25.461	0
25.542	2
25.646	2
25.763	1
25.774	2
25.786	0
25.867	2
25.983	2
26.088	1
26.099	2
26.122	0
26.204	2
26.308	2
26.424	1
26.436	2
26.459	0
26.540	2
26.645	1
26.668	0
26.761	1
26.773	2
26.784	0
26.877	2
26.982	1
26.993	2
27.005	0
27.098	2
27.156	2
27.202	1
27.202	2
27.237	0
27.318	2
27.434	2
27.539	1
27.539	2
27.562	0
27.643	2
27.759	2
27.864	1
27.887	2
27.899	0
27.980	2
28.085	2
28.201	1
28.212	2
28.235	0
28.317	2
28.433	1
28.456	0
28.537	1
28.549	2
28.572	0
28.653	2
28.758	1
28.781	0
28.781	2
28.874	2
28.932	2
28.979	1
28.990	2
29.013	0
29.106	2
29.222	2
29.315	1
29.350	0
29.443	2
29.547	2
29.652	1
29.663	2
29.675	0
29.780	2
29.884	2
29.977	1
30.000	2
30.012	0
30.116	2
30.209	1
30.232	0
30.314	1
30.337	2
30.348	0
30.441	2
30.534	1
30.557	0
30.557	2
30.650	2
30.708	2
30.755	1
30.778	2
30.790	0
30.883	2
30.999	2
31.092	1
31.103	2
31.126	0
31.231	2
31.324	2
31.428	1
31.451	0
31.451	2
31.544	2
31.672	2
31.765	1
31.777	2
31.788	0
31.893	2
31.985	1
32.009	0
32.090	1
32.113	2
32.125	0
32.218	2
32.322	1
32.334	0
32.334	2
32.427	2
32.485	2
32.543	1
32.554	2
32.566	0
32.705	2
32.845	2
32.868	1
32.903	0
33.007	2
33.146	2
33.205	1
33.239	0
33.286	2
33.448	2
33.541	1
33.564	0
33.588	2
33.739	2
33.762	1
33.785	0
33.866	1
33.890	2
33.901	0
34.040	2
34.087	1
34.122	0
34.180	2
34.319	1
34.331	2
34.342	0
34.482	2
34.621	2
34.644	1
34.679	0
34.783	2
34.923	2
34.981	1
35.016	0
35.062	2
35.225	2
35.318	1
35.341	0
35.364	2
35.515	2
35.538	1
35.561	0
35.654	1
35.666	2
35.677	0
35.805	2
35.863	1
35.898	0
35.956	2
36.095	1
36.107	2
36.119	0
36.212	2
36.328	2
36.420	1
36.455	0
36.455	2
36.560	2
36.653	2
36.757	1
36.780	2
36.792	0
36.885	2
36.989	2
37.094	1
37.105	2
37.117	0
37.222	2
37.314	1
37.338	0
37.431	1
37.454	0
37.454	2
37.547	2
37.651	1
37.663	2
37.674	0
37.779	2
37.837	2
37.872	1
37.883	2
37.895	0
37.999	2
38.116	2
38.208	1
38.232	0
38.336	2
38.452	2
38.534	1
38.557	2
38.568	0
38.673	2
38.766	2
38.870	1
38.893	2
38.905	0
38.998	2
39.091	1
39.114	0
39.207	1
39.230	0
39.230	2
39.335	2
39.427	1
39.451	0
39.451	2
39.555	2
39.648	1
39.671	2
39.683	0
39.811	2
39.962	2
39.985	1
40.008	0
40.101	2
40.252	2
40.310	1
40.345	0
40.391	2
40.542	2
40.647	1
40.670	2
40.681	0
40.774	2
40.867	1
40.902	0
40.983	1
41.006	0
41.006	2
41.111	2
41.204	1
41.215	2
41.227	0
41.343	2
41.390	2
41.424	1
41.436	2
41.459	0
41.738	2
41.761	1
41.784	0
41.877	2
42.028	2
42.098	1
42.121	0
42.167	2
42.318	2
42.423	1
42.458	0
42.469	2
42.620	2
42.643	1
42.678	0
42.760	1
42.783	2
42.794	0
42.910	2
42.980	1
43.003	0
43.050	2
43.201	1
43.212	2
43.236	0
43.340	2
43.433	2
43.537	1
43.561	0
43.561	2
43.781	2
43.874	1
43.874	2
43.897	0
44.002	2
44.211	1
44.222	2
44.234	0
44.315	2
44.431	1
44.455	0
44.536	1
44.547	2
44.571	0
44.664	2
44.756	2
44.768	1
44.780	0
44.884	2
44.989	1
44.989	2
45.012	0
45.105	2
45.221	2
45.314	1
45.314	2
45.349	0
45.558	2
45.650	1
45.674	0
45.674	2
45.778	2
45.987	1
45.999	2
46.010	0
46.115	2
46.208	1
46.231	0
46.312	1
46.324	2
46.347	0
46.440	2
46.544	1
46.556	0
46.556	2
46.660	2
46.707	2
46.765	1
46.777	2
46.788	0
46.881	2
46.997	2
47.090	1
47.113	2
47.125	0
47.322	2
47.427	1
47.450	2
47.462	0
47.543	2
47.659	2
47.763	1
47.775	2
47.787	0
47.891	2
47.984	1
48.007	0
48.100	1
48.100	2
48.123	0
48.216	2
48.321	1
48.332	2
48.344	0
48.437	2
48.506	2
48.541	1
48.553	2
48.565	0
48.657	2
48.774	2
48.866	1
48.890	2
48.901	0
49.099	2
49.203	1
49.226	2
49.238	0
49.331	2
49.435	2
49.540	1
49.540	2
49.563	0
49.667	2
49.760	1
49.784	0
49.876	1
49.876	2
49.900	0
49.993	2
50.097	1
50.109	2
50.120	0
50.213	2
50.283	2
50.318	1
50.329	2
50.341	0
50.434	2
50.550	2
50.643	1
50.678	0
50.875	2
50.979	1
51.003	2
51.014	0
51.107	2
51.223	2
51.316	1
51.316	2
51.339	0
51.444	2
51.537	1
51.560	0
51.653	1
51.676	0
51.769	2
51.873	1
51.873	2
51.897	0
51.989	2
52.059	2
52.094	1
52.106	2
52.117	0
52.210	2
52.326	2
52.431	1
52.454	0
52.570	2
52.651	2
52.756	1
52.779	2
52.791	0
52.895	2
52.988	2
53.092	1
53.104	2
53.127	0
53.220	2
53.313	1
53.336	0
53.418	2
53.429	1
53.441	2
53.452	0
53.557	2
53.650	1
53.661	2
53.673	0
53.777	2
53.835	2
53.870	1
53.894	2
53.905	0
54.010	2
54.102	2
54.207	1
54.230	0
54.230	2
54.451	2
54.544	1
54.544	2
54.567	0
54.671	2
54.776	2
54.869	1
54.892	2
54.904	0
54.996	2
55.089	1
55.124	0
55.205	1
55.229	0
55.333	2
55.426	1
55.438	2
55.449	0
55.554	2
55.647	1
55.670	2
55.681	0
55.948	2
55.983	1
56.007	0
56.250	2
56.320	1
56.343	0
56.401	2
56.552	2
56.645	1
56.680	0
56.692	2
56.842	2
56.877	1
56.900	0
56.982	1
57.017	0
57.133	2
57.214	1
57.226	0
57.272	2
57.423	1
57.446	0
58.851	1
59.304	2
59.548	1
60.093	1
61.870	1
62.856	2
62.961	2
63.402	2
63.541	1
64.493	2
66.537	1
68.452	1
69.962	2
71.332	2
71.436	2
71.645	1
71.657	2
71.750	1
71.784	2
71.866	1
71.889	2
71.982	1
72.005	2
72.086	1
72.098	2
72.202	1
72.226	2
72.319	1
72.330	0
72.330	2
72.423	1
72.446	2
72.528	1
72.551	2
72.644	1
72.667	0
72.667	2
72.771	2
72.864	1
72.899	0
72.992	0
72.992	2
73.120	2
73.201	1
73.213	2
73.236	0
73.329	2
73.340	0
73.433	2
73.549	2
73.665	2
73.770	2
73.874	2
74.002	2
74.095	2
74.199	1
74.223	2
74.315	1
74.327	2
74.432	1
74.443	2
74.536	1
74.548	2
74.652	1
74.675	0
74.757	1
74.768	2
74.873	1
74.884	2
74.977	1
74.989	2
75.000	0
75.093	1
75.117	2
75.198	1
75.209	2
75.314	1
75.337	2
75.430	2
75.535	1
75.558	2
75.651	1
75.662	2
75.778	2
75.871	1
75.883	2
75.894	0
75.976	1
75.999	2
76.092	1
76.103	2
76.208	1
76.220	2
76.231	0
76.312	1
76.324	2
76.428	1
76.452	0
76.545	1
76.545	2
76.556	0
76.637	1
76.661	2
76.765	1
76.765	2
76.788	0
76.893	2
76.928	1
76.939	2
76.974	1
76.986	2
77.090	1
77.113	2
77.206	1
77.206	2
77.322	1
77.322	2
77.427	2
77.543	1
77.555	2
77.648	1
77.648	2
77.764	1
77.775	2
77.868	1
77.880	2
77.984	1
77.996	2
78.089	2
78.205	1
78.228	0
78.321	2
78.425	1
78.437	2
78.541	1
78.553	2
78.565	0
78.646	1
78.669	2
78.716	2
78.774	2
78.867	1
78.890	2
79.006	2
79.110	0
79.110	2
79.203	1
79.226	2
79.308	1
79.331	2
79.424	1
79.447	0
79.447	2
79.540	1
79.552	2
79.644	1
79.668	2
79.761	1
79.772	2
79.865	1
79.888	2
79.981	1
80.004	0
80.097	1
80.109	0
80.109	2
80.202	1
80.225	2
80.318	1
80.341	0
80.341	2
80.492	2
80.538	1
80.550	2
80.643	1
80.666	2
80.759	1
80.782	2
80.875	1
80.887	2
81.003	2
81.107	2
81.200	1
81.223	2
81.316	1
81.328	2
81.421	1
81.421	2
81.444	2
81.537	1
81.560	2
81.676	2
81.757	1
81.781	0
81.885	2
81.978	1
81.990	2
82.094	1
82.117	0
82.117	2
82.199	1
82.210	2
82.280	2
84.184	2
84.521	2
84.741	2
85.554	2
85.867	1
85.891	2
85.902	0
86.007	0
86.100	0
86.204	1
86.239	0
86.285	0
86.541	1
86.564	0
86.622	0
86.866	1
86.901	0
87.098	1
87.121	0
87.203	1
87.237	0
87.423	1
87.446	0
87.446	2
87.562	0
87.586	0
87.586	2
87.644	1
87.737	2
87.980	1
88.015	0
88.085	2
88.317	1
88.340	0
88.375	2
88.445	0
88.468	0
88.642	1
88.874	1
88.898	0
88.979	1
89.014	0
89.025	2
89.107	2
89.199	1
89.223	0
89.432	1
89.443	2
89.455	0
89.757	1
89.792	0
90.093	1
90.128	0
90.430	1
90.453	0
90.651	1
90.674	0
90.755	1
90.790	0
90.987	1
91.011	0
91.150	0
91.196	1
91.243	0
91.533	1
91.580	0
91.603	0
91.847	2
91.870	1
91.905	0
91.939	2
91.986	2
92.206	1
92.230	0
92.427	1
92.450	0
92.532	1
92.566	0
92.671	0
92.752	1
92.775	0
92.833	2
92.891	0
92.938	2
92.984	1
93.019	0
93.309	1
93.344	0
93.646	1
93.681	0
93.878	0
93.983	1
94.018	0
94.203	1
94.238	0
94.319	1
94.354	0
94.540	1
94.563	0
94.645	0
94.703	0
94.761	1
94.923	2
95.446	0
95.771	0
95.875	2
95.980	1
96.015	0
96.223	0
96.247	0
96.316	1
96.340	0
96.444	0
96.583	0
96.665	2
96.897	0
97.234	0
97.431	0
97.652	0
97.756	1
97.791	0
98.011	0
98.093	1
98.116	0
98.255	0
98.952	2
98.975	1
99.010	0
99.114	0
99.312	1
99.347	0
99.358	2
99.439	2
99.532	1
99.567	0
99.648	1
99.683	0
99.765	2
99.869	1
99.892	0
100.090	1
100.101	2
100.124	0
100.206	1
100.206	2
100.252	0
100.322	0
100.426	1
100.461	0
100.542	1
100.763	1
100.798	0
100.844	0
100.984	1
101.088	1
101.123	0
101.216	1
101.320	1
101.343	0
101.425	1
101.460	0
101.529	1
101.645	1
101.669	0
101.669	2
101.785	0
101.866	1
101.878	0
101.901	0
101.936	0
101.982	1
102.075	2
102.203	1
102.284	2
102.539	1
102.563	0
102.644	1
102.667	0
102.760	1
102.783	2
102.864	1
102.899	0
103.097	1
103.120	0
103.201	1
103.236	0
103.306	1
103.352	0
103.433	1
103.445	0
103.561	0
103.642	1
103.677	0
103.735	0
103.758	1
103.979	1
104.014	0
104.095	1
104.130	1
104.316	1
104.350	0
104.397	0
104.536	1
104.652	1
104.676	0
104.768	1
104.768	2
104.873	1
104.896	0
104.977	1
105.012	0
105.082	1
105.210	1
105.210	2
105.233	0
105.337	0
105.419	1
105.453	0
105.488	0
105.535	1
105.755	1
105.790	0
105.976	1
105.999	0
106.080	2
106.092	1
106.127	0
106.208	1
106.313	1
106.429	1
106.452	0
106.649	1
106.672	0
106.754	1
106.789	0
106.870	1
106.893	2
106.986	1
107.009	0
107.114	0
107.207	1
107.241	0
107.311	1
107.427	2
107.532	1
107.566	0
107.659	1
107.683	1
107.868	1
107.903	0
107.950	0
108.089	1
108.205	1
108.240	0
108.321	2
108.426	1
108.449	0
108.518	2
108.542	1
108.565	0
108.635	1
108.762	1
108.762	2
108.785	0
108.902	0
108.925	0
108.983	1
109.006	0
109.041	0
109.087	1
109.320	1
109.343	0
109.378	0
109.436	1
109.645	1
109.645	2
109.668	0
109.761	1
109.865	1
109.981	1
110.005	0
110.051	2
110.097	2
110.202	1
110.225	0
110.283	0
110.318	1
110.341	0
110.422	1
110.539	1
110.562	0
110.666	0
110.759	1
110.794	0
110.864	1
110.980	1
111.003	0
111.096	1
111.119	0
111.212	1
111.421	1
111.456	0
111.456	2
111.653	1
111.758	1
111.792	0
111.955	2
111.978	1
112.013	0
112.094	1
112.129	0
112.199	1
112.234	2
112.315	1
112.338	0
112.454	0
112.547	0
112.872	1
112.884	0
112.953	2
113.104	0
113.104	1
113.220	0
113.244	0
113.313	1
113.337	0
113.546	1
113.638	1
113.871	1
113.917	0
113.987	1
113.998	0
114.091	1
114.207	1
114.312	1
114.335	2
114.347	0
114.428	2
114.544	1
114.556	2
114.649	1
114.660	2
114.683	0
114.776	2
114.892	2
114.985	1
115.008	2
115.020	0
115.066	0
115.101	2
115.194	1
115.217	2
115.310	1
115.322	2
115.345	0
115.438	1
115.438	2
115.542	1
115.566	0
115.647	1
115.659	2
115.682	0
115.728	1
115.786	2
115.810	0
115.868	1
115.891	2
115.902	0
115.995	2
116.007	0
116.030	0
116.088	1
116.100	0
116.123	0
116.158	0
116.204	1
116.204	2
116.320	1
116.332	2
116.425	1
116.448	2
116.460	0
116.541	1
116.541	2
116.680	2
116.762	1
116.773	2
116.785	0
116.878	1
116.889	0
116.889	2
116.982	1
116.994	2
117.087	1
117.098	2
117.121	0
117.203	1
117.214	2
117.319	1
117.342	0
117.423	1
117.435	2
117.458	0
117.551	2
117.656	1
117.667	0
117.667	2
117.783	0
117.783	2
117.841	2
117.876	1
117.888	2
117.899	0
117.981	1
118.004	2
118.085	1
118.097	2
118.201	1
118.224	2
118.236	0
118.317	1
118.329	2
118.352	1
118.445	2
118.538	1
118.549	2
118.573	0
118.666	2
118.758	1
118.770	2
118.875	1
118.886	2
118.909	0
118.979	1
118.991	2
119.095	1
119.118	0
119.200	1
119.223	2
119.234	0
119.316	1
119.339	0
119.339	2
119.432	1
119.432	2
119.455	0
119.536	1
119.560	0
119.560	2
119.606	2
119.641	1
119.652	2
119.710	0
119.757	1
119.780	2
119.885	2
119.978	1
119.989	2
120.012	0
120.094	1
120.105	2
120.221	0
120.221	2
120.314	1
120.326	2
120.349	0
120.430	1
120.442	2
120.535	1
120.546	2
120.651	1
120.662	2
120.674	0
120.755	1
120.767	2
120.871	1
120.895	0
120.988	1
120.999	2
121.011	0
121.092	1
121.115	2
121.208	1
121.208	2
121.231	0
121.336	2
121.429	1
121.440	2
121.464	0
121.533	1
121.556	2
121.638	1
121.649	2
121.754	1
121.789	0
121.789	2
121.882	1
121.882	2
121.905	1
121.998	2
122.091	1
122.102	2
122.125	0
122.218	2
122.311	1
122.323	0
122.323	2
122.427	1
122.439	2
122.462	0
122.543	1
122.543	2
122.648	1
122.671	0
122.764	1
122.776	2
122.799	0
122.892	2
122.984	1
122.984	2
123.008	0
123.112	2
123.170	2
123.193	1
123.205	2
123.240	0
123.263	0
123.321	1
123.333	2
123.426	2
123.542	1
123.565	0
123.669	2
123.774	2
123.867	1
123.878	2
123.902	0
123.983	1
123.995	2
124.087	1
124.099	2
124.204	1
124.215	2
124.227	0
124.308	1
124.320	2
124.424	1
124.447	0
124.540	1
124.552	2
124.563	0
124.668	2
124.761	1
124.761	2
124.784	0
124.889	0
124.889	2
124.912	0
124.981	1
124.981	2
125.016	0
125.086	1
125.109	2
125.144	0
125.202	1
125.225	2
125.318	1
125.318	2
125.341	0
125.423	1
125.446	2
125.550	2
125.643	1
125.666	2
125.678	0
125.759	1
125.771	2
125.875	1
125.875	2
125.980	1
126.003	2
126.015	0
126.096	1
126.108	2
126.212	1
126.235	0
126.317	1
126.328	2
126.340	0
126.433	2
126.537	1
126.560	0
126.560	2
126.653	2
126.676	0
126.700	0
126.723	2
126.758	1
126.781	2
126.793	0
126.874	1
126.885	2
126.990	2
127.094	1
127.129	0
127.222	2
127.327	0
127.327	1
127.327	2
127.420	1
127.443	2
127.454	0
127.547	1
127.547	2
127.640	1
127.663	2
127.756	1
127.768	2
127.791	0
127.896	2
127.977	1
128.012	0
128.093	1
128.116	2
128.128	0
128.197	1
128.221	2
128.313	1
128.337	0
128.337	2
128.430	1
128.441	0
128.441	2
128.488	2
128.534	1
128.557	2
128.569	0
128.650	2
128.755	1
128.778	2
128.871	1
128.906	0
128.952	2
128.998	2
129.115	2
129.207	1
129.231	2
129.242	0
129.312	1
129.324	2
129.428	1
129.440	2
129.533	1
129.544	2
129.567	0
129.649	1
129.672	2
129.765	1
129.765	2
129.788	0
129.869	1
129.881	2
129.892	1
129.904	0
129.950	1
130.009	2
130.090	1
130.113	2
130.125	0
130.171	1
130.229	0
130.252	0
130.310	1
130.322	0
130.345	0
130.380	0
130.415	1
130.426	2
130.531	1
130.554	2
130.659	1
130.682	0
130.728	2
130.763	1
130.891	2
130.984	1
131.007	0
131.007	2
131.100	1
131.100	2
131.111	0
131.135	0
131.204	1
131.216	2
131.309	1
131.320	2
131.344	0
131.425	1
131.437	2
131.541	1
131.553	2
131.564	0
131.646	1
131.680	0
131.762	1
131.762	2
131.878	1
131.878	2
131.889	0
132.005	0
132.098	1
132.110	2
132.122	0
132.180	0
132.203	1
132.203	2
132.307	1
132.331	2
132.423	1
132.447	2
132.458	0
132.505	2
132.540	1
132.667	2
132.760	1
132.783	2
132.795	0
132.865	1
132.888	2
132.981	1
132.992	2
133.097	1
133.097	2
133.120	0
133.213	1
133.213	2
133.317	1
133.329	2
133.341	0
133.422	1
133.445	2
133.457	0
133.538	1
133.561	2
133.654	1
133.666	2
133.677	0
133.863	1
133.875	0
133.886	2
133.933	0
133.979	1
133.991	2
134.095	1
134.095	2
134.200	1
134.223	2
134.235	0
134.327	2
134.536	1
134.548	2
134.571	0
134.653	1
134.664	2
134.757	1
134.769	2
134.873	1
134.885	2
134.896	0
134.978	1
134.989	2
135.094	1
135.117	0
135.117	2
135.210	1
135.221	2
135.233	0
135.314	1
135.338	2
135.430	1
135.430	2
135.454	0
135.558	0
135.581	0
135.651	1
135.663	2
135.686	0
135.732	0
135.755	1
135.779	2
135.872	1
135.883	2
135.976	1
136.011	0
136.034	1
136.057	2
136.092	1
136.127	1
136.220	2
136.313	1
136.324	2
136.348	0
136.440	2
136.533	1
136.545	2
136.649	1
136.661	2
136.684	0
136.754	1
136.766	2
136.870	1
136.893	0
136.893	2
136.986	1
136.998	2
137.021	0
137.091	1
137.114	2
137.207	1
137.207	2
137.230	0
137.369	0
137.416	1
137.439	0
137.439	2
137.462	0
137.485	0
137.543	1
137.555	2
137.648	1
137.648	2
137.764	1
137.787	0
137.834	2
138.008	2
138.089	1
138.101	2
138.124	0
138.205	1
138.217	2
138.310	1
138.321	2
138.426	1
138.449	0
138.449	2
138.530	1
138.542	2
138.646	1
138.670	0
138.670	2
138.762	1
138.774	2
138.786	0
138.879	1
138.890	2
138.983	1
138.983	2
139.006	0
139.111	0
139.134	0
139.204	1
139.215	2
139.238	0
139.308	1
139.331	2
139.424	1
139.424	2
139.540	1
139.564	2
139.575	0
139.610	2
139.645	1
139.784	2
139.865	1
139.877	2
139.900	0
139.970	1
139.993	2
140.086	1
140.098	2
140.202	1
140.225	2
140.237	0
140.318	1
140.318	2
140.423	1
140.446	0
140.446	2
140.539	1
140.550	2
140.574	0
140.666	2
140.759	1
140.759	2
140.783	0
140.899	0
140.922	0
140.980	1
140.980	2
141.015	0
141.108	2
141.224	2
141.317	1
141.328	2
141.340	0
141.386	2
141.421	1
141.444	2
141.537	2
141.549	1
141.642	1
141.665	2
141.677	0
141.758	1
141.769	2
141.781	0
141.886	2
141.978	1
141.990	2
142.013	0
142.118	2
142.199	2
142.211	1
142.234	0
142.234	2
142.315	1
142.327	2
142.350	0
142.431	2
142.536	1
142.559	0
142.559	2
142.652	1
142.663	0
142.756	1
142.780	2
142.791	0
142.896	0
142.919	2
142.954	0
142.977	0
143.070	2
143.093	1
143.116	0
143.139	2
143.174	0
143.197	0
143.197	1
143.221	2
143.372	2
143.430	1
143.464	0
143.488	1
143.511	2
143.546	0
143.639	1
143.673	2
143.755	1
143.790	0
143.813	2
143.871	0
143.929	1
143.952	2
143.975	1
144.010	0
144.091	1
144.115	2
144.126	0
144.173	0
144.196	0
144.254	2
144.312	1
144.347	0
144.370	1
144.405	2
144.428	0
144.475	0
144.544	1
144.556	2
144.567	0
144.672	0
144.695	2
144.765	0
144.846	2
144.869	1
144.893	0
144.985	1
145.009	2
145.148	2
145.206	1
145.241	0
145.264	1
145.287	2
145.415	1
145.450	2
145.531	1
145.566	0
145.589	2
145.659	0
145.705	1
145.728	2
145.763	1
145.786	0
145.868	1
145.891	2
145.903	0
146.007	0
146.030	2
146.088	1
146.158	1
146.181	2
146.204	0
146.321	1
146.332	2
146.355	0
146.390	0
146.413	0
146.460	0
146.460	1
146.471	2
146.541	0
146.622	2
146.646	1
146.680	0
146.750	1
146.762	0
146.773	2
146.924	2
146.982	1
147.006	0
147.040	1
147.052	0
147.064	2
147.226	2
147.319	1
147.354	0
147.365	2
147.435	0
147.505	2
147.540	1
147.563	0
147.644	1
147.667	2
147.679	0
147.760	0
147.783	0
147.795	1
147.807	2
147.865	1
147.934	1
147.958	2
148.004	0
148.062	0
148.085	1
148.108	2
148.167	0
148.259	2
148.317	0
148.376	1
148.399	2
148.422	1
148.457	0
148.480	2
148.526	1
148.538	0
148.550	2
148.677	1
148.701	2
148.759	1
148.793	0
148.817	1
148.840	2
148.875	0
148.979	1
149.002	2
149.095	1
149.119	0
149.142	2
149.177	0
149.281	2
149.316	1
149.420	1
149.444	2
149.455	0
149.571	0
149.583	2
149.641	1
149.676	0
149.676	2
149.711	1
149.734	2
149.780	0
149.873	1
149.885	2
149.908	0
149.954	0
150.024	2
150.152	1
150.175	2
150.198	1
150.233	0
150.314	1
150.338	2
150.477	2
150.535	1
150.570	0
150.605	1
150.616	2
150.756	1
150.767	2
150.872	1
150.906	0
150.918	2
150.953	0
151.069	2
151.092	1
151.115	0
151.208	1
151.220	2
151.232	0
151.359	2
151.429	1
151.452	0
151.487	1
151.499	2
151.568	0
151.591	0
151.650	1
151.661	2
151.684	0
151.731	0
151.800	2
151.870	0
151.928	1
151.940	2
151.975	1
152.021	0
152.091	1
152.102	2
152.242	1
152.242	2
152.311	1
152.346	0
152.381	1
152.381	2
152.532	1
152.543	2
152.648	1
152.683	0
152.683	2
152.845	2
152.869	1
152.903	0
152.938	0
152.985	1
152.996	2
153.008	0
153.136	2
153.205	1
153.228	0
153.263	1
153.287	2
153.345	0
153.368	0
153.426	1
153.437	2
153.461	0
153.507	0
153.577	2
153.704	1
153.728	2
153.763	1
153.797	0
153.867	1
153.879	2
154.018	1
154.018	2
154.088	1
154.122	0
154.157	1
154.169	2
154.308	1
154.320	2
154.424	1
154.459	0
154.459	2
154.610	2
154.645	1
154.680	0
154.715	0
154.761	1
154.761	2
154.796	0
154.900	1
154.912	2
154.982	1
155.005	0
155.063	2
155.109	2
155.121	0
155.202	1
155.214	2
155.237	0
155.283	0
155.353	2
155.434	0
155.481	1
155.504	2
155.539	1
155.574	0
155.643	1
155.655	2
155.794	1
155.794	2
155.864	1
155.910	0
155.934	1
155.945	2
156.085	1
156.096	2
156.201	1
156.235	0
156.247	2
156.375	1
156.386	2
156.421	1
156.456	0
156.537	1
156.549	2
156.572	0
156.688	2
156.758	1
156.781	0
156.828	2
156.897	0
156.979	1
156.990	0
156.990	2
157.013	0
157.083	1
157.106	2
157.199	1
157.211	0
157.211	2
157.315	1
157.327	2
157.350	0
157.385	0
157.420	1
157.431	0
157.431	2
157.559	2
157.652	1
157.663	0
157.663	2
157.722	0
157.756	1
157.780	2
157.872	2
157.977	1
158.000	2
158.012	0
158.093	1
158.093	2
158.105	0
158.198	1
158.232	0
158.314	1
158.325	2
158.348	0
158.418	1
158.441	2
158.453	0
158.511	0
158.546	1
158.546	2
158.639	0
158.650	1
158.662	2
158.720	2
158.766	1
158.778	2
158.790	0
158.859	0
158.871	1
158.883	2
158.906	0
158.975	1
158.987	0
158.999	2
159.092	1
159.103	2
159.126	0
159.196	1
159.208	0
159.231	2
159.312	1
159.335	2
159.428	1
159.440	2
159.451	0
159.498	0
159.533	1
159.544	2
159.568	0
159.637	0
159.649	1
159.672	2
159.753	1
159.777	2
159.835	0
159.893	2
159.974	1
160.009	0
160.090	1
160.113	2
160.125	0
160.194	1
160.218	2
160.229	0
160.311	1
160.334	2
160.427	1
160.438	2
160.450	0
160.485	2
160.543	1
160.554	2
160.566	0
160.647	1
160.659	2
160.729	0
160.752	0
160.763	1
160.775	2
160.868	1
160.879	2
160.903	0
160.984	1
160.996	2
161.088	1
161.112	2
161.205	1
161.228	2
161.239	0
161.309	1
161.321	0
161.321	2
161.425	1
161.448	2
161.541	1
161.553	2
161.564	0
161.611	0
161.646	1
161.669	2
161.762	1
161.866	1
161.890	2
161.901	0
161.948	0
161.982	1
161.994	2
162.017	0
162.099	1
162.110	2
162.122	0
162.203	1
162.215	2
162.226	0
162.261	0
162.284	2
162.319	1
162.331	2
162.342	0
162.424	1
162.435	2
162.447	0
162.528	0
162.540	1
162.551	2
162.644	1
162.656	2
162.725	0
162.749	0
162.760	1
162.783	2
162.888	2
162.981	1
163.004	2
163.016	0
163.085	1
163.097	2
163.132	0
163.201	1
163.225	2
163.318	1
163.329	2
163.341	0
163.422	1
163.445	2
163.538	1
163.561	0
163.643	1
163.666	2
163.759	1
163.770	2
163.875	1
163.886	2
163.898	0
163.979	1
163.991	2
164.003	0
164.061	2
164.095	1
164.119	0
164.177	0
164.420	1
164.455	0
164.757	1
164.792	0
165.094	1
165.129	0
165.314	1
165.349	0
165.431	1
165.454	0
165.593	2
165.651	1
165.674	0
165.686	2
165.779	0
165.872	1
165.907	0
166.011	2
166.197	1
166.232	0
166.534	1
166.568	0
166.603	2
166.673	0
166.684	2
166.766	0
166.766	2
166.870	1
166.905	0
166.951	2
167.091	1
167.126	0
167.207	1
167.242	0
167.265	2
167.427	1
167.451	0
167.555	0
167.648	1
167.683	0
167.776	2
167.985	1
168.020	0
168.310	1
168.345	0
168.449	2
168.647	1
168.681	0
168.867	1
168.902	0
168.983	1
169.018	0
169.030	2
169.134	2
169.204	1
169.227	0
169.332	0
169.424	1
169.459	0
169.564	2
169.761	1
169.796	0
169.808	2
170.086	1
170.121	0
170.225	2
170.423	1
170.458	0
170.469	2
170.643	1
170.678	0
170.760	1
170.794	0
170.818	2
170.899	2
170.980	1
171.003	0
171.108	0
171.247	0
171.886	0
172.222	0
172.547	0
172.884	0
172.989	0
173.070	2
173.778	0
173.999	0
174.440	0
174.660	0
174.800	0
175.775	0
176.112	0
176.216	0
176.437	0
176.541	0
176.623	2
177.133	0
177.215	0
177.331	0
178.352	0
179.328	0
179.664	0
180.001	0
180.883	0
181.104	0
181.557	0
181.905	0
181.998	2
182.892	0
183.554	0
183.658	0
184.320	0
185.109	0
185.458	0
186.445	0
186.781	0
187.106	0
187.211	0
187.292	2
188.000	0
188.221	0
188.662	0
188.883	0
189.010	0
189.127	2
189.997	0
190.334	0
190.438	0
190.659	0
190.764	0
191.437	0
191.553	0
192.226	0
192.575	0
193.225	0
193.550	0
193.887	0
194.223	0
194.421	1
195.106	0
195.326	0
195.779	0
199.761	1
199.808	0
199.831	0
199.877	1
199.982	1
200.086	1
200.110	1
200.330	1
200.539	1
200.655	1
200.760	1
200.876	1
200.899	0
200.992	1
201.027	0
201.085	1
201.143	0
201.213	1
201.213	2
201.224	0
201.317	1
201.421	1
201.654	2
201.863	1
202.095	2
202.118	1
202.199	1
202.292	0
202.315	1
202.327	2
202.420	1
202.513	0
202.536	1
202.548	2
202.652	1
202.675	0
202.989	1
203.000	0
203.175	0
203.314	1
203.430	2
203.535	1
203.651	1
203.871	2
203.883	1
203.987	1
204.034	0
204.092	1
204.208	1
204.324	1
204.324	2
204.428	1
204.452	0
204.545	1
204.591	0
204.649	1
204.765	1
204.765	2
204.788	0
204.870	1
204.916	0
204.986	1
205.206	2
205.415	1
205.531	1
205.648	2
205.764	1
205.845	0
205.868	1
205.880	2
205.984	1
206.065	0
206.100	1
206.100	2
206.205	1
206.228	0
206.286	0
206.414	1
206.541	1
206.565	0
206.669	0
206.762	1
206.867	1
206.925	0
206.983	1
207.099	1
207.145	0
207.192	0
207.203	1
207.435	1
207.447	2
207.644	1
207.761	1
207.877	1
207.981	1
208.016	0
208.109	1
208.144	0
208.202	1
208.318	1
208.341	0
208.434	1
208.538	1
208.968	1
209.200	1
209.305	1
209.421	1
209.537	1
209.653	1
209.757	1
209.792	0
210.094	1
210.117	0
210.292	0
210.431	1
210.651	1
210.698	0
210.756	1
210.988	1
211.035	0
211.081	0
211.093	1
211.209	1
211.313	1
211.429	1
211.534	1
211.569	0
211.661	1
211.696	0
211.754	1
211.812	0
211.882	1
211.894	0
211.987	1
212.033	0
212.056	0
212.091	1
212.300	1
212.521	1
212.683	1
212.962	1
213.124	1
213.310	1
213.345	0
213.426	1
213.473	0
213.635	1
213.658	1
213.670	0
213.867	1
213.879	2
213.902	0
213.972	0
213.983	1
213.995	2
214.053	0
214.100	1
214.100	2
214.204	1
214.216	2
214.239	0
214.309	0
214.320	2
214.332	1
214.448	2
214.541	1
214.552	2
214.564	0
214.668	2
214.761	1
214.773	2
214.866	1
214.889	2
214.901	0
214.970	0
214.982	1
214.994	2
215.098	1
215.121	0
215.203	1
215.214	2
215.237	0
215.319	1
215.330	2
215.365	0
215.435	1
215.446	0
215.446	2
215.539	1
215.551	2
215.586	0
215.609	2
215.644	1
215.655	2
215.679	0
215.783	2
215.876	2
215.980	1
216.015	0
216.050	0
216.108	2
216.317	1
216.317	2
216.340	0
216.445	2
216.514	0
216.538	1
216.549	2
216.654	1
216.665	2
216.677	0
216.747	1
216.770	1
216.770	2
216.874	1
216.898	0
216.979	1
216.990	2
217.014	0
217.118	2
217.211	1
217.211	2
217.223	0
217.327	2
217.432	1
217.432	2
217.455	0
217.536	1
217.548	2
217.652	2
217.757	1
217.792	0
217.873	1
217.873	2
218.001	2
218.093	1
218.093	2
218.128	0
218.198	0
218.210	1
218.221	2
218.314	1
218.326	2
218.430	1
218.442	2
218.465	0
218.523	0
218.535	1
218.535	2
218.651	1
218.674	0
218.767	1
218.778	2
218.790	0
218.871	1
218.883	2
218.987	1
218.987	2
218.999	0
219.092	1
219.115	2
219.138	0
219.162	2
219.208	1
219.208	2
219.243	0
219.324	2
219.429	2
219.533	1
219.568	0
219.603	0
219.661	2
219.777	2
219.870	1
219.881	2
219.905	0
219.986	1
219.986	2
220.090	1
220.102	2
220.206	1
220.218	2
220.230	0
220.323	1
220.323	2
220.427	1
220.450	0
220.543	1
220.543	2
220.566	0
220.659	2
220.764	1
220.764	2
220.787	0
220.868	2
220.891	0
220.984	1
220.984	2
221.019	0
221.089	1
221.112	2
221.147	0
221.205	1
221.228	2
221.321	1
221.333	2
221.344	0
221.414	0
221.425	1
221.437	2
221.553	2
221.646	1
221.669	2
221.681	0
221.751	0
221.762	1
221.774	2
221.867	1
221.878	2
221.983	1
221.994	2
222.018	0
222.099	1
222.110	2
222.203	1
222.227	0
222.319	1
222.331	2
222.343	0
222.436	2
222.540	1
222.552	2
222.563	0
222.656	2
222.726	2
222.761	1
222.772	2
222.795	0
222.877	2
223.004	2
223.097	1
223.109	2
223.121	0
223.190	1
223.213	2
223.330	2
223.434	1
223.446	2
223.457	0
223.539	1
223.539	2
223.643	1
223.666	2
223.759	1
223.771	2
223.782	0
223.875	1
223.887	2
223.980	1
224.003	0
224.096	1
224.107	2
224.119	0
224.212	2
224.316	1
224.340	0
224.340	2
224.432	2
224.502	2
224.514	0
224.537	1
224.560	2
224.572	0
224.641	0
224.653	1
224.653	2
224.781	2
224.874	1
224.885	2
224.908	0
224.978	0
224.978	1
224.990	2
225.210	1
225.222	2
225.245	0
225.303	0
225.315	1
225.326	2
225.431	1
225.443	2
225.535	1
225.547	2
225.570	0
225.640	0
225.652	1
225.663	2
225.756	1
225.791	0
225.872	1
225.884	2
225.895	1
225.907	0
225.988	2
226.035	0
226.093	1
226.116	0
226.116	2
226.209	1
226.220	2
226.255	0
226.278	2
226.313	1
226.325	2
226.348	0
226.429	2
226.522	1
226.545	2
226.650	1
226.662	2
226.685	0
226.720	0
226.778	2
226.882	2
226.987	1
226.987	2
227.010	0
227.103	2
227.114	1
227.138	0
227.219	2
227.323	1
227.323	2
227.347	0
227.439	2
227.532	1
227.567	0
227.579	2
227.648	1
227.660	2
227.683	0
227.765	2
227.881	1
227.881	2
227.892	0
227.985	2
228.008	0
228.043	2
228.090	1
228.113	2
228.124	0
228.194	0
228.206	1
228.206	2
228.310	1
228.333	2
228.426	1
228.426	2
228.461	0
228.531	0
228.531	1
228.542	2
228.554	1
228.670	2
228.763	1
228.775	2
228.786	0
228.891	2
228.984	1
228.995	2
229.088	1
229.100	2
229.123	0
229.193	0
229.204	1
229.216	2
229.320	1
229.343	0
229.425	1
229.436	2
229.460	0
229.541	1
229.552	2
229.657	1
229.669	0
229.669	2
229.773	2
229.808	0
229.878	1
229.889	2
229.901	0
229.994	2
230.098	2
230.203	1
230.237	0
230.319	2
230.539	1
230.551	2
230.563	0
230.760	1
230.772	2
230.876	1
230.888	2
230.899	0
230.992	2
231.120	0
231.201	1
231.236	0
231.329	2
231.433	1
231.433	2
231.445	0
231.561	2
231.677	0
231.782	2
231.874	2
231.979	1
232.014	0
232.316	1
232.350	0
232.536	1
232.548	2
232.664	2
232.768	2
232.896	0
233.210	1
