7.152	1
7.988	2
8.022	0
8.649	0
9.253	1
9.288	0
9.694	0
10.310	2
10.344	0
11.784	1
12.423	1
13.259	0
13.909	1
14.338	1
14.547	1
14.756	2
14.780	0
15.383	2
15.418	0
16.022	1
16.045	0
16.451	0
17.067	2
17.101	0
18.553	1
20.654	1
20.654	2
20.701	0
21.084	2
21.304	2
21.920	1
21.966	0
22.129	1
22.129	2
22.326	2
22.338	1
22.384	0
22.558	2
22.674	2
23.406	2
23.615	2
23.824	2
24.033	1
24.044	2
24.079	0
24.253	2
24.462	2
24.683	2
24.880	1
24.927	0
25.287	1
25.496	1
25.507	2
25.716	1
25.763	0
26.784	2
26.935	2
27.005	2
27.074	2
27.202	2
27.283	2
27.423	1
27.458	0
27.841	1
27.876	0
28.259	1
28.305	0
28.665	1
28.700	0
28.781	2
28.874	1
28.886	2
29.095	1
29.095	2
29.141	0
29.327	2
29.536	1
29.571	0
29.594	0
29.745	0
29.861	0
30.070	0
30.163	0
30.163	2
30.314	2
30.383	1
30.418	0
30.465	2
30.488	0
30.534	2
30.581	2
30.592	0
30.674	2
30.743	2
30.801	1
30.801	2
30.836	0
30.929	0
31.126	0
31.242	0
31.347	0
31.440	0
31.440	2
31.556	0
31.637	1
31.684	0
31.765	0
31.858	0
32.078	0
32.171	0
32.264	1
32.264	2
32.276	0
32.473	1
32.531	0
32.705	0
32.810	1
33.030	0
33.135	0
33.332	1
33.379	0
33.402	0
33.553	0
33.773	0
33.971	0
34.296	0
34.400	0
34.516	0
34.609	0
34.725	0
34.818	0
35.143	0
35.248	0
35.457	0
35.573	0
35.654	0
35.782	0
35.886	0
35.991	0
36.084	0
36.304	0
36.513	0
36.734	0
36.827	0
36.931	0
37.047	0
37.256	0
37.349	0
37.558	1
37.570	2
37.605	0
37.674	0
37.779	0
37.988	2
38.104	0
38.197	0
38.208	2
38.301	1
38.417	1
38.510	1
38.522	0
38.615	0
38.719	1
38.812	1
38.870	0
38.951	0
38.963	2
39.044	0
39.242	1
39.242	2
39.288	0
39.369	0
39.462	0
39.567	1
39.578	0
39.671	1
39.683	0
39.892	0
40.078	2
40.217	0
40.298	2
40.310	0
40.461	2
40.519	2
40.530	0
40.728	0
40.728	2
40.844	0
40.937	1
40.937	2
40.983	0
41.157	0
41.273	0
41.378	0
41.471	0
41.575	0
41.680	1
41.691	0
41.784	1
41.796	2
41.819	0
41.900	0
42.005	0
42.225	0
42.330	0
42.400	1
42.423	0
42.620	1
42.655	2
42.667	0
42.841	0
42.841	2
42.957	0
43.212	2
43.270	0
43.363	1
43.468	2
43.584	0
43.677	2
43.688	0
43.793	1
43.897	2
44.013	0
44.106	0
44.153	2
44.222	2
44.234	0
44.315	2
44.327	1
44.362	0
44.431	0
44.536	0
44.756	0
44.861	0
44.965	0
45.058	1
45.174	1
45.221	0
45.279	0
45.383	0
45.488	1
45.581	1
45.627	0
45.708	0
45.813	2
45.848	0
45.906	1
45.999	1
45.999	2
46.045	0
46.068	0
46.126	0
46.219	1
46.231	0
46.324	1
46.440	1
46.475	0
46.475	2
46.556	0
46.649	1
46.765	0
46.846	2
46.881	0
46.974	0
47.067	0
47.067	2
47.276	2
47.404	0
47.531	0
47.589	1
47.613	0
47.694	1
47.705	2
47.740	0
47.821	0
47.926	0
48.123	1
48.181	0
48.239	0
48.332	1
48.344	0
48.437	1
48.553	1
48.553	2
48.588	0
48.657	0
48.762	0
48.866	1
48.971	0
49.087	0
49.157	1
49.168	2
49.284	1
49.366	2
49.377	1
49.400	2
49.435	0
49.493	1
49.517	0
49.609	0
49.609	2
49.702	1
49.726	0
49.818	1
49.853	0
49.923	1
49.935	0
50.039	0
50.132	1
50.225	2
50.352	0
50.434	0
50.445	2
50.457	0
50.550	1
50.596	2
50.654	1
50.701	0
50.736	2
50.782	0
50.875	0
50.956	2
50.968	1
51.026	2
51.084	1
51.130	0
51.374	2
51.722	1
52.349	1
52.384	0
52.756	2
52.779	1
52.814	0
53.000	0
53.011	2
53.197	1
53.406	1
53.418	0
53.429	2
53.487	2
53.603	2
54.265	2
54.462	1
54.497	0
54.520	0
55.310	1
55.345	0
56.157	1
56.169	2
56.192	0
56.390	0
56.982	2
57.435	1
57.841	1
57.876	0
57.899	0
58.270	2
58.282	1
58.479	1
58.479	2
58.700	2
58.723	0
59.106	1
59.153	0
59.304	1
59.327	2
59.362	0
59.524	2
59.536	1
59.571	0
59.966	1
60.360	2
60.407	0
60.581	2
60.801	2
61.022	2
61.057	0
61.219	1
61.254	0
61.277	0
61.649	1
61.684	0
61.858	1
62.067	1
62.079	2
62.102	0
62.682	1
62.694	2
62.914	1
62.949	0
63.123	2
63.332	1
63.379	0
63.739	2
63.959	2
63.971	0
64.122	2
64.180	1
64.180	2
64.215	0
64.261	2
64.331	2
64.389	2
64.470	2
64.540	2
64.598	1
64.610	2
64.644	0
64.726	0
64.819	0
64.923	1
64.935	0
65.027	2
65.039	0
65.144	0
65.248	0
65.248	2
65.445	1
65.480	0
65.503	0
65.666	0
65.771	1
65.863	1
65.921	0
65.991	0
66.130	0
66.188	1
66.281	1
66.305	2
66.328	0
66.409	0
66.514	0
66.723	1
66.769	0
66.885	2
66.943	0
67.117	2
67.152	0
67.257	0
67.349	0
67.349	2
67.454	1
67.558	2
67.570	1
67.675	0
67.756	2
67.767	0
67.872	2
67.976	2
67.988	1
68.034	0
68.093	0
68.197	0
68.301	1
68.418	0
68.418	1
68.522	0
68.627	0
68.719	1
68.731	0
68.824	1
68.836	2
68.870	0
68.928	1
68.952	0
69.045	0
69.265	0
69.358	0
69.439	1
69.462	0
69.567	1
69.579	0
69.648	2
69.660	1
69.695	2
69.706	0
69.730	0
69.788	0
69.880	1
69.892	0
69.892	2
69.997	1
70.136	2
70.217	0
70.310	0
70.426	0
70.507	2
70.635	0
70.728	0
70.728	2
70.832	1
71.018	2
71.065	0
71.146	0
71.181	2
71.367	1
71.367	2
71.413	0
71.668	2
71.784	2
72.005	2
72.632	1
72.667	0
72.829	1
73.038	2
73.050	1
73.085	0
73.886	2
74.106	2
74.327	2
74.536	2
74.733	2
74.745	1
74.780	0
74.966	0
75.163	1
75.198	0
75.488	1
75.500	0
75.593	1
75.593	2
75.627	0
75.697	0
75.802	0
76.022	1
76.127	0
76.208	1
76.220	0
76.440	1
76.475	0
76.556	0
76.649	0
76.649	2
76.754	1
76.765	0
76.858	1
76.893	0
76.963	1
76.974	0
77.079	0
77.172	1
77.183	0
77.264	2
77.404	0
77.485	0
77.485	2
77.589	1
77.648	2
77.706	1
77.740	0
77.787	2
77.857	2
77.903	0
77.996	2
78.031	0
78.065	2
78.124	1
78.124	2
78.170	0
78.553	2
78.565	1
79.377	1
79.424	0
79.807	1
79.807	2
79.853	0
80.643	2
80.863	2
81.084	2
81.293	2
81.502	1
81.537	0
82.350	1
82.361	2
82.384	0
82.977	2
83.197	1
83.209	2
83.232	0
83.406	2
84.021	2
84.242	2
84.463	2
84.544	2
84.753	2
84.881	1
84.892	2
84.927	0
85.101	0
85.310	2
85.322	0
85.519	0
85.531	2
85.624	1
85.635	0
85.740	0
85.833	0
85.856	0
85.937	0
86.053	1
86.065	0
86.192	0
86.274	0
86.367	0
86.564	1
86.564	2
86.622	0
86.692	0
86.796	0
87.214	0
87.214	1
87.400	2
87.528	0
87.620	2
87.632	0
87.841	2
87.853	0
88.050	0
88.178	0
88.259	1
88.305	0
88.387	0
88.491	0
88.573	1
88.700	0
88.700	2
88.805	0
88.898	0
89.107	1
89.118	2
89.165	0
89.211	0
89.316	0
89.548	0
89.652	0
89.722	1
89.745	0
89.931	2
89.954	1
89.977	2
90.001	0
90.082	0
90.163	2
90.175	0
90.500	0
90.593	0
90.697	1
90.709	0
90.790	1
90.790	2
90.836	0
90.918	0
91.022	0
91.231	0
91.429	0
92.288	1
92.497	2
92.532	0
93.135	2
93.158	0
93.762	1
93.785	0
94.819	2
94.854	0
96.293	1
96.386	2
96.932	1
97.768	0
98.406	1
98.441	0
99.706	0
100.101	1
100.136	0
100.322	0
100.542	0
100.728	1
100.751	0
100.949	1
100.960	0
101.785	1
101.820	0
101.843	0
102.470	1
102.632	1
102.667	0
102.690	0
103.480	1
103.515	0
103.712	0
103.921	1
104.350	1
104.536	1
105.163	1
105.163	2
105.198	0
105.593	2
105.604	0
105.720	0
105.813	2
106.011	1
106.046	0
106.069	0
106.243	2
106.452	0
106.858	1
106.893	0
107.067	1
107.090	0
107.288	0
107.404	0
107.497	1
107.508	0
107.694	1
107.729	0
107.822	0
107.926	0
108.135	0
108.460	0
108.553	1
108.658	0
108.762	0
108.878	0
108.983	0
109.192	0
109.203	1
109.517	0
109.610	0
109.633	2
109.726	0
109.819	0
110.028	0
110.237	1
110.248	0
110.364	0
110.446	1
110.469	0
110.678	0
110.875	0
111.096	0
111.177	0
111.293	0
111.525	0
111.630	0
111.711	0
111.734	2
111.943	0
112.048	0
112.152	0
112.350	1
112.361	0
112.477	0
112.570	0
112.768	1
112.779	2
112.814	0
112.895	0
112.988	0
113.209	0
113.406	0
113.406	2
113.453	0
113.627	2
113.731	0
113.836	0
114.045	1
114.056	0
114.370	0
114.474	0
114.579	0
114.672	0
114.892	0
114.997	0
115.066	2
115.148	0
115.299	2
115.310	1
115.322	0
115.426	0
115.740	0
115.775	2
115.844	0
115.949	0
116.053	0
116.158	2
116.169	0
116.355	0
116.483	0
116.587	0
116.692	0
116.785	0
116.901	0
117.017	0
117.121	0
117.330	0
117.423	2
117.435	0
117.528	0
117.632	0
117.748	0
117.853	0
117.946	0
118.062	0
118.282	0
118.387	0
118.480	0
118.584	1
118.689	1
118.689	2
118.724	0
118.793	1
118.898	0
119.002	1
119.025	0
119.223	0
119.327	1
119.362	0
119.536	1
119.652	0
119.745	0
119.943	1
119.989	0
120.070	0
120.163	1
120.210	0
120.372	1
120.384	2
120.419	0
120.500	0
120.593	0
120.697	1
120.802	1
120.918	0
121.011	1
121.046	0
121.115	1
121.208	2
121.347	0
121.429	1
121.429	2
121.440	0
121.545	1
121.649	2
121.661	0
121.835	2
121.858	0
121.858	1
121.963	1
122.067	1
122.067	2
122.102	0
122.288	0
122.601	0
122.706	0
122.706	1
122.915	1
122.915	2
122.926	0
122.961	0
123.112	0
123.124	1
123.159	0
123.182	0
123.344	0
123.437	0
123.460	0
123.530	1
123.553	0
123.728	1
123.751	1
123.774	2
123.797	0
123.820	0
123.867	1
123.878	0
123.971	0
123.971	1
123.971	2
124.192	0
124.378	0
124.389	1
124.424	0
124.494	1
124.587	2
124.726	0
124.807	0
124.807	2
124.935	0
125.086	1
125.132	0
125.237	0
125.446	1
125.457	2
125.481	0
125.666	0
125.875	1
125.875	2
125.980	0
126.084	1
126.119	0
126.293	1
126.409	0
126.502	0
126.630	0
126.700	1
126.735	0
126.758	0
126.851	2
126.932	0
127.129	1
127.129	2
127.187	0
127.245	0
127.350	0
127.350	1
127.350	2
127.385	0
127.675	0
127.779	0
127.965	2
128.093	0
128.139	1
128.186	2
128.406	2
128.511	0
128.615	0
128.615	2
128.731	0
128.824	1
128.824	2
128.882	0
129.254	1
129.289	0
129.463	1
129.498	0
129.672	1
129.683	2
129.707	0
130.078	1
130.287	1
130.496	2
130.519	1
130.554	0
130.728	2
130.937	1
130.972	0
131.355	2
131.576	1
131.611	0
131.727	2
131.785	1
131.820	0
131.866	2
131.936	2
132.075	2
132.145	2
132.214	1
132.214	2
132.249	0
132.423	0
132.644	0
132.748	0
132.841	0
132.841	1
132.876	0
132.946	1
133.062	0
133.155	0
133.178	0
133.271	0
133.364	1
133.468	1
133.526	0
133.596	0
133.608	2
133.677	0
133.689	1
133.724	0
133.886	2
133.898	1
133.933	0
134.014	0
134.118	0
134.211	1
134.432	1
134.444	0
134.525	0
134.536	1
134.571	0
134.594	0
134.629	1
134.734	2
134.757	0
134.861	0
134.954	0
134.954	1
135.059	1
135.175	1
135.291	0
135.372	0
135.384	1
135.396	2
135.477	1
135.593	1
135.593	2
135.628	0
135.709	0
135.814	0
136.022	0
136.127	0
136.220	0
136.429	1
136.429	2
136.475	0
136.557	0
136.638	0
136.649	1
136.684	0
136.754	1
136.870	0
137.067	0
137.276	1
137.300	2
137.323	0
137.485	0
137.718	0
137.822	0
137.903	0
137.915	1
137.961	0
138.019	1
138.031	0
138.112	2
138.124	1
138.240	0
138.344	0
138.553	1
138.670	0
138.762	0
138.786	2
138.971	1
138.971	2
139.018	0
139.598	1
139.610	2
139.645	0
139.668	0
140.225	1
140.272	0
140.434	2
140.643	2
140.655	1
140.701	0
140.875	1
140.910	0
141.491	2
141.711	2
141.932	2
142.141	2
142.350	1
142.350	2
142.385	0
142.780	2
142.977	1
143.023	0
143.197	1
143.232	0
144.022	2
144.033	1
144.080	0
144.254	2
144.370	2
144.869	2
145.101	1
145.136	0
145.392	2
145.601	2
145.728	1
145.740	2
145.763	0
146.158	2
146.367	1
146.402	0
146.982	1
147.040	0
147.203	1
147.249	0
147.412	2
147.423	1
147.458	0
147.656	0
147.865	0
148.050	1
148.085	0
148.108	0
148.248	2
148.283	0
148.468	2
148.689	2
148.898	2
149.107	1
149.165	0
149.537	1
149.571	0
149.954	1
149.954	2
150.001	0
150.163	1
150.198	0
150.581	2
150.779	2
150.802	1
150.837	0
151.011	2
151.034	0
151.220	1
151.266	0
151.429	1
151.475	0
151.638	2
151.847	2
152.009	2
152.067	1
152.102	0
152.126	0
152.149	2
152.358	2
152.427	2
152.485	1
152.497	2
152.532	0
153.124	1
153.159	0
153.751	1
153.797	0
154.169	2
154.180	1
154.215	0
154.239	0
154.331	2
154.389	1
154.424	0
154.436	2
154.610	1
154.622	0
154.761	2
154.819	1
154.842	0
155.016	2
155.040	0
155.225	2
155.446	2
155.876	1
155.922	0
156.502	1
156.537	0
156.561	0
156.711	1
156.758	0
157.536	2
157.559	1
157.594	0
157.780	2
157.791	0
158.395	2
158.441	1
158.616	1
158.616	2
158.650	0
158.766	2
158.906	2
159.033	2
159.254	1
159.254	2
159.289	0
159.463	0
159.579	0
159.800	0
159.881	1
159.893	2
159.927	0
159.985	1
160.311	0
160.427	0
160.508	1
160.554	0
160.578	0
160.729	1
160.787	0
160.833	1
160.938	1
160.972	0
160.996	0
161.065	0
161.170	0
161.367	1
161.379	0
161.576	1
161.622	0
161.773	2
161.890	0
161.994	0
161.994	1
161.994	2
162.099	1
162.215	2
162.226	0
162.424	0
162.540	0
162.633	1
162.633	2
162.667	0
162.842	0
162.946	1
163.062	2
163.074	0
163.178	0
163.271	0
163.271	1
163.364	1
163.480	1
163.480	2
163.538	0
163.596	0
163.701	0
163.794	1
163.921	0
163.933	1
164.107	0
164.235	0
164.304	2
164.316	1
164.362	0
164.444	0
164.537	2
164.641	1
164.653	0
164.757	0
164.873	0
164.955	0
165.082	0
165.152	2
165.164	1
165.198	0
165.268	0
165.384	0
165.605	0
165.709	0
165.802	0
165.918	0
