36.107	1
36.107	2
36.142	0
36.246	2
36.293	0
36.362	0
36.409	0
36.479	0
36.525	2
36.560	0
36.595	0
36.664	2
36.838	0
36.943	2
37.059	0
37.071	2
37.198	0
37.605	0
37.779	2
38.882	2
39.996	2
40.705	2
40.972	2
41.111	2
42.214	2
42.225	1
42.237	0
42.260	1
42.295	1
42.400	1
43.328	2
44.443	2
44.989	1
45.023	0
45.140	2
45.186	0
45.256	0
45.291	0
45.372	0
45.407	2
45.441	0
45.546	2
45.813	0
45.825	2
45.952	0
45.964	1
45.964	2
46.080	0
46.161	0
46.219	0
46.417	0
46.498	0
46.660	1
46.660	2
46.753	1
47.775	2
48.878	1
48.890	2
49.586	2
49.853	2
49.993	2
51.107	1
51.107	2
51.130	0
51.142	1
51.188	1
51.281	1
51.850	0
52.222	2
53.325	2
53.882	1
53.917	0
54.033	2
54.102	0
54.184	0
54.230	0
54.265	0
54.300	2
54.335	0
54.439	1
54.439	2
54.544	0
54.706	0
54.718	2
54.834	0
54.857	2
54.973	0
55.298	0
55.554	2
56.668	2
57.771	1
57.771	2
58.479	2
58.735	1
58.746	2
58.886	2
60.000	2
60.082	1
61.115	2
62.218	2
62.764	1
62.810	0
62.926	2
62.961	0
63.031	0
63.077	0
63.181	1
63.193	2
63.228	0
63.332	1
63.332	2
63.356	0
63.507	0
63.588	0
63.599	2
63.727	0
63.739	1
63.739	2
63.866	0
64.273	0
64.435	2
65.550	2
66.653	1
66.664	2
67.373	2
67.628	1
67.640	2
67.779	2
68.882	2
68.917	1
68.963	1
69.997	2
71.111	2
71.657	1
71.668	2
71.692	0
71.808	2
71.877	0
71.924	0
71.959	0
72.040	0
72.075	2
72.110	0
72.214	1
72.226	0
72.307	0
72.446	0
72.493	2
72.609	0
72.632	1
72.632	2
72.771	1
72.783	0
73.329	2
73.874	1
73.898	0
74.083	0
74.443	0
74.443	1
74.989	1
75.012	0
75.546	2
76.103	1
76.115	0
76.254	2
76.521	2
76.661	1
76.661	2
76.672	0
77.206	1
77.230	0
77.775	2
77.787	0
77.973	0
78.333	0
78.878	0
78.890	1
78.901	0
79.447	0
79.993	1
80.004	0
80.550	1
80.585	0
80.701	2
80.736	0
80.805	0
80.852	0
80.887	0
80.922	0
80.956	1
80.968	2
81.003	0
81.107	1
81.119	0
81.293	0
81.363	0
81.386	2
81.432	0
81.502	0
81.525	2
81.583	0
81.653	1
81.676	0
81.966	0
82.210	1
82.222	2
82.315	1
82.384	1
82.791	0
82.814	0
82.930	0
83.336	0
83.336	1
83.894	0
84.439	2
84.567	0
84.985	1
85.008	0
85.159	2
85.415	2
85.554	1
85.554	2
85.566	0
85.856	1
86.100	1
86.134	0
86.668	1
86.668	2
86.680	0
86.738	1
87.098	1
87.214	0
87.214	1
87.771	0
87.771	1
88.213	1
88.340	0
88.874	1
88.898	0
88.898	1
89.432	1
89.478	0
89.583	2
89.629	0
89.699	0
89.734	0
89.815	0
89.861	2
89.884	0
90.024	0
90.256	0
90.268	2
90.395	0
90.407	2
90.419	1
90.535	0
90.604	0
90.941	0
91.069	0
91.103	2
91.649	1
91.672	0
92.218	1
92.230	0
92.787	0
93.333	2
93.878	1
93.901	0
94.029	2
94.296	1
94.296	2
94.436	1
94.447	0
94.447	2
94.993	1
95.016	0
95.550	2
95.573	0
95.585	1
95.991	1
96.015	0
96.107	0
96.665	0
96.665	1
97.222	0
97.245	0
97.350	0
97.802	0
97.930	1
98.325	1
98.360	0
98.476	2
98.592	0
98.627	0
98.708	0
98.743	2
98.778	0
98.882	1
98.894	0
98.975	0
99.161	2
99.277	0
99.300	1
99.300	2
99.439	1
99.451	0
99.997	2
100.542	1
100.566	0
101.100	1
101.123	0
101.657	1
101.680	0
102.214	2
102.772	1
102.783	0
102.934	2
103.189	2
103.329	1
103.329	2
103.340	0
103.874	1
103.898	0
104.443	1
104.455	0
104.525	1
104.606	1
104.989	1
105.001	0
105.546	1
105.558	0
106.104	1
106.115	0
106.661	1
106.672	0
107.207	1
107.218	2
107.230	0
107.253	0
107.357	2
107.474	0
107.520	0
107.601	0
107.636	2
107.671	0
107.799	2
108.054	2
108.182	2
108.193	0
108.193	1
108.600	1
108.623	0
108.902	2
109.436	1
109.459	0
110.016	2
110.039	1
110.411	1
110.422	0
110.829	1
110.840	0
111.107	1
111.119	2
111.305	0
111.351	0
111.653	1
111.676	0
111.816	2
112.083	2
112.222	0
112.222	1
112.768	1
112.791	0
113.220	1
113.325	1
113.337	2
113.383	1
113.406	0
113.905	1
115.473	0
115.473	2
115.519	1
115.659	0
115.705	0
115.798	0
116.100	1
116.135	0
116.262	2
116.367	0
116.402	0
116.448	0
116.483	0
116.529	2
116.553	0
116.622	0
116.692	0
116.924	0
116.936	2
117.052	0
117.075	1
117.075	2
117.191	0
117.330	0
118.340	0
118.909	2
118.921	1
119.293	1
119.316	0
119.710	1
119.734	0
120.012	2
120.546	1
120.558	0
120.709	2
120.964	2
121.127	1
121.127	2
121.266	1
121.522	1
121.533	0
121.928	1
121.963	0
122.241	2
122.300	1
122.764	1
122.776	0
122.961	0
123.333	1
123.344	0
123.762	1
123.878	1
123.890	0
124.471	1
124.482	0
124.703	0
124.993	1
125.016	0
125.144	2
125.295	0
125.341	0
125.399	1
125.411	2
125.446	0
125.550	1
125.724	0
125.829	2
125.945	0
125.957	1
125.968	2
126.084	0
126.166	0
126.653	1
126.665	2
126.758	1
127.779	2
128.882	1
128.882	2
128.906	0
128.940	1
129.080	0
129.126	0
129.219	0
129.591	2
129.858	2
129.997	2
131.111	1
131.111	2
131.146	1
131.170	0
131.181	1
131.286	1
133.248	2
133.259	0
133.306	1
133.480	0
133.584	0
133.875	1
133.909	0
134.037	2
134.072	0
134.142	0
134.188	0
134.223	0
134.293	1
134.304	2
134.327	0
134.478	0
134.618	0
134.711	2
134.745	1
134.838	0
134.850	1
134.850	2
135.442	1
135.848	1
136.661	2
137.776	2
138.484	2
138.739	1
138.751	2
138.879	2
139.041	1
139.180	1
139.297	1
139.308	0
139.726	0
139.993	1
139.993	2
140.028	1
140.330	0
140.539	1
140.550	0
141.108	0
141.108	1
141.967	1
141.990	0
142.257	0
142.303	1
142.478	0
142.582	0
142.768	1
142.768	2
142.780	0
142.803	0
142.919	2
142.954	0
143.035	0
143.070	0
143.151	0
143.186	2
143.221	0
143.348	2
143.592	0
143.604	1
143.604	2
143.743	1
143.743	2
143.766	0
144.161	1
144.173	0
144.463	2
144.985	1
145.009	0
145.578	2
145.589	1
145.961	1
145.984	0
146.379	1
146.402	0
146.657	1
146.680	2
146.855	0
146.913	0
146.994	0
147.215	0
147.215	1
147.238	0
147.365	2
147.632	2
147.772	1
147.772	2
147.783	0
148.317	1
148.341	0
148.875	1
148.886	2
148.898	0
148.956	1
148.968	0
149.560	1
150.291	1
151.023	2
151.034	0
151.057	1
151.081	1
151.255	0
151.359	0
151.661	1
151.696	0
151.812	2
151.917	0
151.963	0
151.998	0
152.079	2
152.114	0
152.149	0
152.242	0
152.474	0
152.497	2
152.543	0
152.613	0
152.636	1
152.636	2
152.694	0
152.752	0
152.834	0
152.880	0
152.915	0
153.078	0
153.159	0
153.879	1
153.902	0
154.053	0
154.471	2
154.854	1
154.877	0
155.260	1
155.283	0
155.574	2
156.096	1
156.119	0
156.259	2
156.526	2
156.688	1
156.688	2
156.828	1
156.967	1
157.095	0
157.489	1
157.513	0
157.780	1
157.791	2
157.849	1
158.325	0
158.325	1
158.883	0
158.883	1
159.324	1
159.440	1
159.451	0
160.032	0
160.078	1
160.253	0
160.357	0
160.543	1
160.578	0
160.705	2
160.740	0
160.810	0
160.856	0
160.891	0
160.926	0
160.961	1
160.972	2
161.007	0
161.100	1
161.146	0
161.367	0
161.379	2
161.518	1
161.518	2
161.634	0
162.215	1
162.215	2
162.307	1
163.329	2
164.432	1
164.444	2
164.455	0
164.502	1
164.641	0
164.688	0
164.780	0
165.140	2
165.407	2
165.558	2
166.661	2
166.673	1
166.684	0
166.742	1
168.797	2
168.809	0
168.856	1
168.995	0
169.041	0
169.134	0
169.436	1
169.471	0
169.587	2
169.691	0
169.738	0
169.784	0
169.819	0
169.854	2
169.889	0
170.028	1
170.040	0
170.144	0
170.156	1
170.272	2
170.388	0
170.411	2
170.469	0
170.527	0
170.609	0
170.992	1
171.410	1
171.688	1
172.222	2
173.325	1
173.325	2
174.034	2
174.301	2
174.440	2
174.614	1
174.742	1
174.846	1
174.869	0
175.264	1
175.287	0
175.554	1
175.636	0
175.729	1
176.112	0
176.657	0
176.657	1
176.681	0
177.517	1
177.818	0
177.830	1
177.853	1
177.993	0
178.039	0
178.132	0
178.329	1
178.329	2
178.352	0
178.480	2
178.515	0
178.585	0
178.631	0
178.747	2
178.782	0
178.887	1
178.898	0
179.049	1
179.119	0
179.142	0
179.165	2
179.293	1
179.304	2
179.444	1
179.455	0
179.955	0
180.001	2
180.547	1
180.570	0
181.104	1
181.116	0
181.661	1
181.673	0
182.219	2
182.764	1
182.787	0
182.927	2
183.194	2
183.333	1
183.333	2
183.345	0
183.902	0
184.436	2
184.448	1
184.459	0
184.517	1
184.610	1
184.993	0
185.017	0
185.551	1
185.562	0
186.096	1
186.120	0
186.665	1
186.677	0
187.211	1
187.246	0
187.362	2
187.431	0
187.513	0
187.559	0
187.594	0
187.629	1
187.640	2
187.664	0
187.780	0
187.780	1
187.803	0
187.861	0
187.954	0
188.035	0
188.047	2
188.163	0
188.186	1
188.186	2
188.244	0
188.337	0
188.627	0
188.883	1
188.883	2
188.976	0
189.428	1
189.452	0
189.475	0
189.579	0
189.997	1
190.009	0
190.543	1
190.566	0
191.112	2
191.170	0
191.228	0
191.658	1
191.669	0
191.820	2
192.075	2
192.215	1
192.215	2
192.226	0
192.760	1
192.784	0
193.329	2
193.353	0
193.364	1
193.399	1
193.771	1
193.887	0
194.444	1
194.456	0
195.001	0
195.570	0
195.709	1
196.104	1
196.139	0
196.255	2
196.290	0
196.406	0
196.476	0
196.522	2
196.557	0
196.661	1
196.661	2
196.836	0
196.940	2
197.056	0
197.068	1
197.079	2
197.195	0
197.521	0
197.776	2
198.322	1
198.345	0
198.891	0
198.891	1
199.436	1
199.448	0
199.993	2
200.539	1
200.562	0
200.702	2
200.969	1
200.969	2
201.108	1
201.108	2
201.120	0
201.654	1
201.677	0
202.223	2
202.292	1
202.397	1
202.768	1
202.780	0
203.326	0
203.326	1
203.883	1
203.894	0
204.440	1
204.452	0
204.986	1
205.021	0
205.148	2
205.183	0
205.253	0
205.299	0
205.369	0
205.415	2
205.450	0
205.555	1
205.566	0
205.810	0
205.822	2
205.880	0
205.961	2
205.973	1
206.124	0
206.541	1
206.669	2
206.692	1
206.959	1
207.215	1
207.238	0
207.238	1
207.761	1
207.795	0
208.341	0
208.887	2
209.432	1
209.456	0
209.595	2
209.862	2
210.001	0
210.001	2
210.292	1
210.535	1
210.570	0
210.988	1
211.116	1
211.174	0
211.185	1
211.348	0
211.406	1
211.418	0
211.661	0
211.801	0
212.207	1
212.219	0
212.660	1
212.764	1
212.788	0
213.333	1
213.345	0
213.879	1
213.891	2
213.914	0
214.030	2
214.181	0
214.262	0
214.297	2
214.332	0
214.436	2
214.715	2
214.831	0
214.854	2
214.970	0
215.551	2
216.665	2
217.780	2
218.477	2
218.744	2
218.883	2
219.997	1
219.997	2
220.021	0
220.032	1
220.067	1
221.112	2
222.215	2
222.772	1
222.795	0
222.923	2
222.993	0
223.028	0
223.074	0
223.109	0
223.155	0
223.190	2
223.225	0
223.260	0
223.330	2
223.364	0
223.504	0
223.608	2
223.655	0
223.724	0
223.747	2
223.806	0
224.432	1
224.444	2
224.537	1
225.547	2
226.662	2
227.358	1
227.370	2
227.637	2
227.776	2
228.891	1
228.891	2
228.902	0
229.065	1
229.994	2
231.108	2
231.654	1
231.689	0
231.805	2
231.851	0
231.921	0
231.967	0
232.037	0
232.083	2
232.107	0
232.188	0
232.223	1
232.223	2
232.246	0
232.478	0
232.490	2
232.618	0
232.629	2
232.641	1
232.745	0
233.082	0
233.326	2
234.440	2
235.543	1
235.555	2
236.251	2
236.518	1
236.518	2
236.658	1
236.658	2
237.772	1
237.772	2
237.796	0
237.854	1
237.958	1
238.887	2
240.001	2
240.547	1
240.582	0
240.698	2
240.849	0
240.895	0
240.965	2
241.000	0
241.104	2
241.279	0
241.371	0
241.383	2
241.511	0
241.522	1
241.522	2
241.638	0
242.219	2
243.334	2
244.436	1
244.436	2
245.145	2
245.412	2
245.551	2
246.666	1
246.666	2
246.689	0
246.747	1
247.780	2
248.883	2
