1.265	2
1.544	2
1.695	1
1.904	2
2.067	2
2.299	2
2.438	2
3.309	2
3.437	2
3.587	1
3.762	1
4.098	2
4.458	2
4.621	2
5.085	2
5.306	2
5.654	2
5.805	1
5.817	2
6.002	2
6.118	2
6.142	1
6.177	2
6.304	2
6.444	2
6.536	2
6.618	2
6.699	2
6.815	2
6.989	2
7.129	2
7.349	2
7.407	2
7.500	2
7.651	2
7.686	1
7.755	2
8.173	2
8.185	1
8.348	2
8.499	2
8.719	2
8.858	2
8.870	0
9.044	2
9.091	1
9.102	0
9.183	0
9.183	2
9.276	2
9.346	1
9.358	0
9.404	2
9.543	2
9.706	2
9.927	2
10.228	2
10.298	2
10.403	2
10.542	2
10.739	2
10.913	2
11.088	2
11.111	2
11.134	1
11.157	0
11.238	2
11.331	2
11.401	1
11.413	0
11.424	1
11.447	2
11.517	2
11.598	2
11.761	2
11.784	1
11.877	2
11.970	2
12.051	1
12.295	1
12.307	2
12.458	2
12.597	2
12.666	2
12.829	2
12.864	1
12.934	1
12.957	0
12.957	2
12.980	0
13.015	0
13.502	2
13.572	2
13.584	1
13.827	1
13.851	2
13.897	2
14.211	2
14.292	1
14.385	2
14.605	2
14.745	2
15.000	0
15.000	1
15.035	0
15.047	2
15.070	0
15.244	1
15.256	0
15.430	2
15.546	2
15.615	2
15.743	2
15.952	2
16.347	1
16.405	1
16.405	2
16.765	2
16.927	2
17.055	0
17.055	1
17.078	0
17.125	0
17.310	0
17.310	1
17.345	1
17.369	0
17.670	2
17.937	1
17.961	2
18.123	2
18.321	2
18.367	1
18.460	1
18.483	2
18.599	0
18.622	0
18.843	1
18.843	2
19.098	1
19.110	0
19.133	0
19.238	0
19.342	1
19.365	0
19.389	0
19.435	0
19.598	1
19.621	0
19.679	0
19.714	2
19.841	2
19.992	1
20.410	1
20.503	1
20.875	2
20.898	1
21.037	2
21.153	0
21.153	1
21.188	0
21.211	2
21.397	1
21.409	0
21.490	0
21.711	2
21.792	1
21.954	1
22.059	2
22.419	2
22.465	1
22.547	1
22.581	2
22.698	0
22.941	1
22.953	2
23.115	2
23.185	1
23.208	0
23.208	1
23.232	0
23.255	2
23.336	0
23.487	1
23.731	2
23.742	1
23.777	1
23.824	2
23.940	2
24.218	1
24.311	1
24.602	2
24.613	1
24.996	1
25.136	2
25.252	1
25.263	0
25.287	0
25.333	0
25.530	2
25.542	0
25.879	2
26.157	2
26.308	1
26.331	2
26.343	0
26.424	1
26.517	2
26.564	1
26.668	1
26.691	2
26.796	0
27.051	1
27.051	2
27.307	1
27.318	0
27.341	0
27.376	0
27.434	0
27.550	1
27.562	0
27.574	1
27.597	1
27.690	0
27.922	2
28.050	2
28.201	1
28.619	1
28.711	1
28.711	2
29.071	2
29.106	1
29.234	2
29.362	0
29.362	1
29.385	0
29.431	0
29.605	1
29.617	0
29.675	0
29.710	0
29.907	2
29.989	2
30.000	1
30.151	1
30.267	2
30.627	2
30.674	1
30.766	1
30.790	2
30.906	0
30.929	0
31.150	1
31.150	2
31.405	1
31.417	0
31.440	0
31.451	2
31.544	0
31.649	1
31.672	0
31.684	1
31.695	0
31.753	0
32.032	2
32.148	2
32.206	1
32.299	1
32.810	1
32.810	2
33.007	0
33.181	2
33.205	1
33.344	2
33.460	1
33.472	0
33.495	0
33.518	1
33.518	2
33.541	0
33.692	1
33.715	0
33.715	1
33.959	1
33.971	0
34.087	2
34.133	0
34.366	2
34.540	2
34.725	2
34.865	1
34.888	2
34.981	1
35.004	0
35.260	1
35.260	2
35.515	1
35.538	0
35.643	0
35.759	1
35.770	0
35.782	1
36.014	1
36.026	0
36.084	0
36.130	2
36.258	2
36.409	1
36.920	1
37.280	2
37.303	1
37.442	2
37.558	1
37.570	0
37.593	0
37.640	0
37.814	0
37.814	1
37.895	0
38.069	1
38.081	0
38.116	2
38.359	1
38.475	2
38.615	1
38.824	2
38.882	1
38.975	1
38.998	2
39.079	1
39.102	0
39.137	0
39.358	1
39.358	2
39.381	0
39.520	2
39.602	1
39.613	0
39.648	0
39.660	2
39.683	0
39.741	0
39.903	0
40.136	2
40.159	2
40.229	2
40.356	2
40.507	1
40.647	1
40.681	1
41.006	2
41.018	1
41.413	1
41.540	2
41.668	0
41.668	1
41.691	0
41.738	0
41.912	1
41.924	0
42.295	2
42.574	2
42.748	2
42.934	2
42.980	1
43.073	1
43.096	2
43.212	0
43.456	1
43.723	0
43.723	1
43.746	0
43.793	0
43.851	0
43.955	1
43.979	0
43.990	1
44.048	0
44.339	2
44.455	2
44.513	1
44.606	1
44.745	1
45.128	1
45.128	2
45.407	2
45.488	2
45.511	1
45.650	2
45.767	1
46.324	2
46.393	2
46.544	2
46.649	1
46.672	2
47.032	2
47.160	1
47.195	2
47.287	1
47.311	0
47.566	2
47.729	2
48.437	2
48.565	2
48.704	1
49.226	2
49.586	2
49.749	2
49.865	1
49.876	0
49.900	0
50.132	0
50.132	1
50.376	1
50.387	0
50.445	0
50.492	2
50.747	1
50.782	2
50.945	2
51.037	1
51.142	2
51.212	1
51.281	1
51.304	2
51.421	0
51.444	0
51.664	1
51.664	2
51.815	1
51.908	1
51.931	0
51.955	0
52.059	0
52.164	1
52.175	0
52.257	0
52.257	1
52.419	1
52.442	0
52.535	2
52.558	0
52.663	2
52.976	1
53.336	1
53.719	1
53.847	2
53.963	1
53.975	0
53.998	0
54.044	0
54.219	1
54.230	0
54.486	0
54.486	1
54.846	1
54.880	2
55.031	1
55.240	2
55.322	1
55.380	1
55.403	2
55.496	1
55.519	0
55.635	2
55.763	1
55.763	2
55.832	1
55.925	2
56.018	1
56.030	0
56.053	0
56.076	2
56.099	0
56.157	0
56.274	1
56.285	0
56.355	1
56.529	1
56.541	0
56.599	1
56.645	2
56.668	0
56.761	2
56.866	1
56.924	1
57.075	1
57.284	1
57.423	2
57.435	1
57.806	2
57.829	1
57.969	2
58.073	1
58.096	0
58.120	0
58.166	0
58.340	1
58.352	0
58.375	0
58.712	2
58.967	1
59.002	2
59.153	0
59.153	2
59.222	1
59.362	2
59.443	1
59.501	1
59.524	2
60.639	1
60.674	0
60.697	2
60.720	0
60.883	1
60.894	0
62.195	0
62.195	1
62.229	0
62.264	0
62.322	0
62.473	0
62.729	2
62.798	2
63.054	1
63.089	2
63.170	2
63.449	2
63.530	1
63.576	1
63.611	2
63.692	1
63.727	0
63.750	0
63.971	1
63.971	2
64.041	1
64.134	2
64.226	1
64.238	0
64.261	0
64.273	2
64.308	0
64.354	0
64.853	2
64.969	2
65.074	1
65.120	1
65.213	2
65.643	2
65.654	1
66.281	0
66.281	1
66.316	0
66.339	1
66.339	2
66.374	0
66.525	1
66.537	0
66.781	1
66.792	0
66.908	2
67.187	2
67.361	2
67.547	2
67.686	1
67.709	2
67.802	1
67.825	0
67.872	2
67.895	0
68.069	1
68.081	2
68.336	0
68.336	1
68.360	0
68.406	0
68.464	0
68.580	1
68.592	0
68.615	0
68.952	2
69.079	2
69.346	1
69.381	1
69.741	1
70.101	2
70.124	1
70.264	2
70.380	1
70.391	0
70.415	0
70.461	0
70.705	1
70.937	2
71.007	2
71.018	1
71.262	1
71.285	2
71.645	2
71.796	1
71.819	2
71.901	1
71.924	0
71.959	0
72.179	1
72.179	2
72.237	1
72.342	2
72.435	0
72.435	1
72.469	0
72.481	2
72.504	0
72.562	0
72.678	1
72.690	0
72.934	1
72.945	0
72.957	1
73.050	2
73.073	0
73.178	2
73.329	1
73.480	1
73.584	1
73.793	1
73.828	2
73.839	1
74.223	1
74.362	2
74.478	0
74.478	1
75.395	2
75.755	2
75.790	1
75.918	2
76.022	1
76.150	2
76.278	2
76.452	1
77.079	1
77.160	2
77.276	2
77.636	1
77.787	1
77.938	1
78.460	2
78.588	1
78.832	1
79.215	2
79.494	2
79.644	1
79.668	1
79.853	2
80.387	2
80.631	1
80.655	1
80.689	2
80.747	2
80.852	1
80.863	2
80.968	1
81.154	1
81.189	2
81.456	1
81.537	2
81.676	1
81.746	1
81.943	1
82.024	1
82.059	2
82.233	0
82.675	1
82.698	0
82.721	0
82.860	0
83.325	1
83.592	2
83.754	1
83.766	2
83.952	2
84.033	1
84.091	1
84.126	2
84.207	1
84.230	0
84.486	1
84.486	2
84.555	1
84.648	2
84.730	1
84.741	0
84.776	0
84.811	0
84.869	0
84.985	1
84.997	0
85.240	1
85.252	0
85.357	2
85.415	0
85.484	2
85.635	1
85.786	1
85.809	1
85.891	1
86.030	1
86.146	1
86.146	2
86.529	1
86.610	1
86.668	2
86.785	1
86.796	0
86.831	0
86.970	0
87.075	0
87.121	1
87.342	2
87.423	2
87.679	1
87.702	2
87.818	1
87.841	1
88.062	2
88.201	1
88.224	2
88.340	0
88.584	1
88.747	1
88.840	1
88.851	0
88.874	0
88.921	0
88.956	1
88.979	0
89.095	1
89.107	0
89.130	0
89.188	2
89.339	1
89.362	0
89.397	2
89.420	0
89.466	2
89.559	1
89.710	2
89.734	1
89.861	1
89.919	2
90.233	2
90.244	1
90.407	2
90.546	2
90.639	1
90.778	2
90.895	1
90.906	0
90.918	2
90.929	0
91.092	2
91.115	2
91.150	0
91.150	1
91.185	0
91.231	2
91.278	1
91.405	0
91.405	1
91.452	2
91.475	0
91.591	2
91.777	1
91.800	2
91.974	2
92.160	2
92.230	1
92.276	2
92.311	1
92.439	0
92.601	2
92.682	1
92.857	1
92.949	0
92.949	1
92.961	2
92.973	0
93.077	0
93.193	1
93.205	0
93.263	0
93.286	2
93.333	1
93.449	1
93.460	0
93.507	2
93.518	0
93.565	2
93.646	2
94.018	2
94.261	1
94.331	2
94.354	1
94.505	1
94.505	2
94.633	1
94.645	2
94.714	2
94.749	1
94.807	1
94.877	2
95.004	0
95.004	1
95.016	2
95.028	0
95.260	0
95.271	1
95.318	0
95.341	2
95.504	1
95.515	0
95.562	2
95.573	0
95.701	2
95.875	1
95.910	2
96.165	1
96.258	2
96.316	1
96.409	1
96.432	2
96.525	1
96.549	0
96.572	0
96.792	1
96.792	2
97.048	1
97.059	0
97.083	0
97.094	2
97.176	0
97.315	0
97.315	1
97.338	0
97.547	1
97.559	0
97.582	1
97.663	2
97.791	2
97.942	1
98.209	1
98.453	2
98.464	1
98.824	2
98.836	1
98.975	2
99.103	1
99.138	0
99.161	1
99.161	2
99.196	0
99.277	0
99.358	0
99.370	1
99.602	1
99.614	0
99.974	1
100.008	2
100.148	1
100.182	2
100.252	1
100.368	2
100.508	1
100.531	2
100.624	1
100.647	0
100.670	0
100.891	1
100.891	2
101.146	1
101.158	0
101.181	0
101.285	0
101.390	1
101.413	0
101.425	1
101.436	0
101.576	1
101.657	1
101.669	0
101.727	0
101.773	2
101.889	2
101.947	1
102.040	1
102.203	1
102.563	1
102.563	2
102.922	2
102.946	1
103.085	2
103.201	1
103.213	0
103.236	0
103.271	0
103.445	1
103.457	0
103.468	1
103.712	1
103.724	0
103.735	1
103.758	2
103.782	0
104.083	1
104.107	2
104.269	1
104.467	2
104.606	1
104.641	2
104.722	1
104.745	0
104.780	0
105.001	1
105.001	2
105.128	1
105.163	2
105.256	0
105.256	1
105.291	0
105.302	2
105.326	0
105.384	0
105.442	2
105.500	1
105.511	0
105.570	0
105.755	1
105.767	0
105.779	2
105.871	2
105.929	0
105.987	2
106.057	1
106.289	1
106.405	1
106.522	1
106.649	2
106.661	1
106.812	2
106.986	2
107.044	1
107.125	2
107.183	2
107.299	1
107.311	0
107.323	2
107.334	0
107.381	0
107.497	2
107.566	0
107.566	1
107.636	1
107.671	2
107.694	1
107.694	2
107.810	2
107.822	0
107.822	1
107.950	0
108.042	2
108.193	1
108.368	1
108.379	2
108.623	1
108.716	1
108.832	1
108.855	0
108.890	0
109.041	2
109.087	1
109.111	1
109.169	2
109.354	1
109.366	0
109.389	0
109.482	0
109.540	2
109.598	1
109.621	0
109.621	1
109.645	0
109.726	2
109.749	2
109.865	1
109.865	2
109.877	0
109.888	1
109.935	0
109.970	2
109.993	0
110.086	2
110.225	2
110.248	1
110.759	1
110.910	2
111.084	2
111.142	1
111.224	2
111.293	2
111.409	0
111.409	1
111.444	0
111.583	0
111.595	2
111.653	1
111.665	0
111.676	1
111.746	1
111.909	1
111.920	0
111.920	2
112.141	2
112.292	1
112.315	2
112.559	0
112.559	1
112.617	1
112.640	1
112.698	1
112.826	1
112.837	2
112.953	0
112.965	2
113.046	0
113.139	2
113.209	1
113.255	1
113.279	2
113.453	2
113.464	1
113.488	0
113.534	0
113.650	2
113.731	1
113.813	1
113.964	2
114.080	2
114.196	1
114.207	2
114.242	1
114.347	1
114.416	1
114.451	1
114.509	1
114.707	1
114.823	1
114.858	1
114.869	2
115.229	2
115.252	1
115.392	2
115.484	2
115.508	1
115.519	0
115.601	0
115.751	1
115.775	0
116.007	1
116.030	0
116.146	0
116.413	2
116.553	1
116.773	2
116.924	1
116.947	2
117.075	2
117.168	2
117.214	1
117.214	2
117.307	1
117.307	2
117.400	2
117.470	2
117.551	1
117.563	0
117.586	2
117.760	2
117.783	2
117.806	1
117.830	0
117.899	2
118.062	1
118.073	0
118.085	1
118.120	2
118.259	2
118.422	2
118.457	1
118.608	1
118.642	2
118.817	2
118.944	2
118.967	1
119.118	2
119.269	1
119.269	2
119.351	1
119.443	2
119.490	2
119.606	1
119.618	0
119.629	2
119.815	2
119.861	1
119.873	0
119.954	2
119.966	0
120.117	1
120.128	0
120.140	1
120.186	2
120.256	0
120.314	2
120.523	2
120.651	1
120.674	1
120.686	2
120.883	2
120.999	2
121.022	1
121.046	2
121.173	2
121.313	2
121.406	1
121.406	2
121.487	2
121.510	2
121.568	2
121.661	0
121.661	1
121.684	2
121.858	2
121.905	1
121.928	0
121.998	2
122.091	0
122.230	2
122.288	2
122.358	2
122.532	2
122.555	1
122.706	1
122.729	2
122.926	1
123.043	2
123.066	1
123.228	2
123.368	2
123.460	1
123.600	2
123.704	1
123.716	0
123.739	2
123.913	2
123.937	2
123.960	1
123.971	0
124.006	0
124.053	2
124.215	1
124.227	0
124.273	2
124.285	0
124.354	0
124.413	2
124.563	1
124.598	1
124.784	1
124.796	2
124.865	1
124.981	2
125.098	2
125.109	1
125.132	1
125.144	2
125.260	0
125.272	2
125.295	0
125.504	1
125.608	2
125.748	1
125.771	0
125.782	2
125.899	0
125.968	2
126.015	1
126.026	0
126.050	0
126.108	2
126.270	1
126.282	0
126.328	2
126.386	2
126.409	0
126.467	2
126.630	2
126.653	1
126.793	1
126.839	2
126.897	1
127.152	2
127.164	1
127.327	2
127.466	2
127.559	1
127.652	1
127.698	2
127.803	1
127.826	0
127.837	2
128.058	1
128.081	0
128.163	2
128.325	1
128.337	0
128.383	2
128.453	0
128.464	1
128.511	2
128.708	1
128.731	2
128.894	2
128.964	1
129.080	2
129.173	1
129.207	2
129.231	1
129.254	2
129.335	1
129.370	0
129.382	2
129.521	2
129.614	1
129.614	2
129.695	2
129.718	2
129.869	0
129.869	1
129.892	2
129.997	0
130.067	2
130.090	2
130.136	0
130.159	0
130.206	2
130.380	0
130.403	1
130.438	2
130.543	0
130.566	2
130.740	2
130.902	1
130.937	2
130.984	1
131.100	1
131.251	2
131.437	2
131.564	2
131.762	2
131.913	1
131.924	0
131.936	1
131.947	2
131.982	0
131.982	1
132.052	0
132.122	2
132.145	2
132.180	0
132.180	1
132.214	1
132.261	2
132.284	0
132.284	1
132.423	1
132.435	0
132.481	2
132.563	0
132.621	2
132.760	1
132.830	2
132.992	2
133.004	1
133.190	2
133.306	2
133.317	1
133.352	2
133.480	2
133.619	2
133.712	1
133.712	2
133.793	2
133.817	2
133.956	1
133.979	0
133.991	2
134.165	2
134.211	1
134.235	0
134.304	2
134.478	1
134.490	0
134.536	2
134.594	2
134.676	2
134.838	2
135.012	1
135.047	1
135.047	2
135.233	2
135.349	2
135.372	1
135.535	2
135.674	2
135.686	1
135.767	1
135.906	2
136.022	0
136.022	1
136.046	2
136.220	2
136.243	2
136.266	1
136.290	0
136.359	2
136.406	1
136.522	1
136.545	0
136.591	2
136.661	0
136.719	2
136.882	2
136.928	2
137.091	1
137.102	2
137.288	2
137.404	2
137.427	1
137.462	2
137.578	2
137.729	2
137.822	1
137.822	2
137.868	1
137.915	2
137.985	2
138.066	1
138.077	0
138.101	2
138.182	0
138.275	2
138.321	1
138.333	0
138.414	2
138.426	0
138.635	2
138.693	2
138.774	2
138.937	2
139.122	1
139.134	2
139.146	1
139.227	1
139.331	2
139.343	1
139.459	2
139.482	1
139.633	2
139.773	2
139.865	1
139.947	2
140.005	2
140.121	1
140.144	2
140.469	2
140.690	2
140.829	2
141.038	2
141.154	1
141.201	2
141.386	2
141.410	1
141.514	2
141.537	1
141.560	2
141.688	2
141.827	2
141.920	1
142.002	2
142.025	2
142.199	2
142.373	2
142.396	2
142.512	2
142.745	2
142.803	2
142.872	2
143.035	2
143.256	2
143.557	2
143.569	1
143.743	2
143.766	1
143.882	2
143.917	1
143.952	2
144.103	2
144.242	2
144.451	2
144.567	2
144.788	2
144.858	2
144.927	2
145.136	2
145.276	1
145.299	1
145.299	2
145.403	1
145.496	2
145.566	1
145.612	2
145.659	2
145.728	1
145.786	2
145.926	2
146.019	2
146.123	2
146.297	2
146.495	2
146.622	2
146.843	2
146.982	2
147.145	2
147.354	2
147.888	0
148.329	1
148.341	0
148.352	2
148.364	0
148.526	2
148.550	2
148.584	1
148.666	2
148.689	1
148.840	1
148.852	0
148.886	2
148.910	0
149.002	0
149.037	2
149.153	0
149.211	1
149.235	2
149.409	1
149.409	2
149.595	2
149.618	1
149.676	1
149.711	2
149.769	2
149.850	1
149.885	2
149.908	0
150.036	2
150.047	0
150.129	1
150.198	1
150.210	2
150.233	2
150.280	1
150.384	0
150.384	1
150.396	2
150.419	0
150.454	0
150.512	0
150.581	2
150.628	1
150.651	0
150.709	1
150.721	2
150.756	0
150.883	1
150.895	0
150.930	0
150.941	2
150.999	2
151.023	0
151.081	2
151.243	2
151.452	2
151.638	2
151.766	2
151.777	1
151.940	2
152.079	2
152.172	1
152.311	2
152.427	1
152.439	0
152.451	2
152.462	0
152.625	2
152.683	1
152.694	0
152.752	0
152.776	2
152.938	1
152.950	0
152.996	2
153.136	2
153.310	1
153.345	2
153.461	1
153.484	1
153.507	2
153.704	2
153.821	2
153.844	1
153.867	2
153.948	1
153.972	0
153.995	2
154.006	0
154.227	1
154.227	2
154.389	2
154.482	1
154.494	0
154.506	2
154.517	0
154.610	0
154.680	2
154.726	1
154.749	0
154.831	2
155.005	0
155.005	1
155.098	2
155.133	0
155.307	1
155.400	1
155.841	1
155.887	1
155.887	2
156.189	2
156.282	1
156.352	1
156.421	2
156.537	0
156.537	1
156.572	0
156.711	0
156.781	1
156.793	0
157.037	1
157.048	0
157.164	2
157.443	2
157.594	1
157.617	2
157.629	0
157.710	1
157.803	2
157.884	1
157.931	1
157.965	2
158.081	0
158.128	0
158.325	1
158.383	1
158.581	1
158.592	0
158.616	0
158.720	0
158.824	1
158.848	0
158.871	0
158.917	1
159.092	1
159.103	0
159.161	0
159.208	2
159.335	2
159.498	1
159.602	1
159.637	1
159.985	1
159.997	2
160.357	2
160.380	1
160.520	2
160.636	1
160.647	0
160.670	0
160.879	1
160.903	0
160.961	1
161.193	2
161.263	2
161.518	1
161.541	2
161.797	1
161.901	2
162.040	1
162.075	2
162.180	0
162.215	0
162.215	2
162.435	1
162.435	2
162.505	1
162.598	2
162.679	1
162.702	0
162.725	0
162.737	2
162.760	0
163.213	2
163.236	2
163.840	1
163.898	1
164.084	2
164.722	2
164.734	1
164.757	0
164.815	0
165.013	1
165.013	2
165.071	1
165.268	1
165.373	2
165.384	1
165.651	2
165.756	1
165.814	2
166.011	2
166.139	1
166.174	2
166.185	1
166.290	0
166.510	0
166.534	1
166.534	2
166.684	1
166.801	0
166.801	1
166.824	0
166.986	0
167.033	1
167.056	0
167.114	1
167.137	0
167.219	0
167.300	1
167.416	2
167.532	2
168.136	1
168.194	1
168.205	2
168.588	1
168.728	2
168.832	1
168.879	0
168.902	2
169.169	1
169.401	2
169.471	2
169.482	1
169.680	1
169.749	2
169.877	1
170.109	2
170.237	1
170.272	2
170.365	1
170.388	0
170.643	1
170.643	2
170.690	1
170.806	2
170.887	1
170.899	0
170.910	1
170.922	0
170.945	2
170.969	0
171.027	0
171.143	1
171.154	0
171.212	1
171.236	0
171.398	1
171.410	0
171.421	1
171.514	2
171.572	0
171.642	2
171.932	1
172.048	1
172.292	2
172.304	1
172.687	1
172.768	1
172.826	2
172.942	1
172.954	0
172.977	0
173.023	0
173.116	0
173.221	2
173.279	1
173.453	1
173.569	2
173.859	2
173.952	1
173.987	1
174.022	2
174.219	2
174.266	2
174.301	1
174.359	1
174.382	2
174.486	0
174.730	0
174.742	1
175.009	0
175.009	1
175.032	0
175.078	0
175.125	0
175.241	1
175.264	0
175.345	0
175.496	1
175.508	0
175.613	2
175.636	0
175.671	0
175.740	2
175.891	1
176.019	1
176.158	1
176.402	1
176.402	2
176.785	1
176.924	2
177.598	2
179.154	2
179.630	2
179.653	2
180.500	2
181.150	1
181.162	0
181.185	0
181.232	0
181.708	2
181.777	2
181.789	1
182.056	2
182.416	2
182.567	1
182.590	2
182.671	1
182.695	0
182.950	1
182.950	2
182.996	1
183.113	2
183.205	0
183.205	1
183.240	0
183.252	2
183.333	0
183.449	1
183.461	0
183.705	1
183.716	0
183.728	1
183.821	2
183.948	2
184.239	1
184.274	1
184.355	1
184.599	2
184.610	1
184.993	1
185.133	2
185.237	1
185.260	0
185.260	1
185.284	0
185.330	0
185.527	2
185.585	1
185.887	2
185.899	1
186.166	2
186.329	2
186.526	2
186.607	1
186.665	1
186.688	2
186.770	1
186.805	0
187.048	1
187.048	2
187.118	1
187.304	1
187.315	0
187.339	0
187.385	0
187.431	0
187.548	1
187.571	0
187.594	0
187.652	0
187.687	1
187.815	1
187.826	0
187.919	2
188.047	2
188.325	1
188.453	1
188.662	1
188.709	1
188.720	2
189.080	2
189.103	1
189.243	2
189.986	2
190.264	2
190.438	2
190.624	2
190.752	1
190.787	2
190.880	1
190.903	0
190.949	2
191.147	1
191.414	0
191.414	1
191.437	0
191.483	0
191.541	0
191.658	1
191.669	0
191.750	0
191.913	1
191.925	0
191.983	0
192.029	2
192.145	2
192.993	1
193.689	2
193.712	1
193.852	2
193.875	1
193.956	1
193.980	0
193.980	1
194.003	0
194.014	2
194.049	0
194.212	1
194.235	0
194.258	0
194.316	0
194.595	2
194.850	1
194.885	2
195.233	2
195.326	1
195.373	1
195.408	2
195.558	2
196.034	2
196.058	2
196.534	2
196.545	0
196.592	0
196.789	1
196.789	2
197.045	1
197.056	0
197.079	0
197.126	0
197.184	0
197.323	0
197.567	0
197.567	1
197.579	2
197.590	0
197.764	2
197.892	1
197.904	2
198.124	2
198.194	1
198.264	2
198.473	2
198.600	1
198.635	2
198.832	2
198.856	1
198.949	2
198.972	1
198.995	2
199.111	0
199.123	2
199.134	0
199.204	0
199.262	2
199.355	1
199.355	2
199.413	1
199.436	2
199.459	2
199.622	0
199.622	1
199.634	2
199.645	0
199.738	0
199.808	2
199.831	2
199.854	1
199.877	0
199.901	0
199.959	2
200.110	1
200.133	0
200.144	1
200.179	2
200.191	0
200.307	2
200.481	2
200.655	1
200.678	2
200.690	1
200.771	1
200.864	2
200.969	1
200.992	2
201.015	1
201.178	2
201.317	2
201.398	1
201.491	2
201.549	2
201.665	0
201.665	1
201.677	2
201.700	0
201.863	2
201.886	2
201.990	1
202.002	2
202.223	2
202.292	2
202.304	1
202.362	2
202.501	1
202.571	2
202.733	2
202.931	2
203.047	2
203.070	1
203.093	2
203.186	1
203.209	0
203.221	2
203.244	0
203.453	1
203.535	1
203.697	1
203.720	0
203.720	1
203.732	2
203.743	0
203.790	0
203.848	0
203.964	1
203.976	0
204.057	2
204.220	1
204.231	0
204.278	2
204.289	0
204.336	2
204.614	1
204.742	1
204.788	2
205.113	1
205.125	2
205.276	2
205.485	2
205.508	1
205.648	2
205.775	2
206.391	2
206.669	2
206.843	2
207.029	2
207.203	2
207.563	2
208.434	2
208.562	2
208.713	1
209.223	1
209.223	2
209.595	2
209.746	2
210.419	2
210.500	2
210.779	2
211.139	2
211.197	1
211.302	2
211.534	2
211.661	2
211.824	2
211.963	2
212.474	2
212.544	2
212.660	2
212.822	1
213.322	2
