0.395	2
0.406	0
0.418	1
0.534	1
0.650	1
0.848	1
0.987	1
1.080	1
1.300	1
1.358	1
1.428	1
1.637	1
1.672	1
1.753	1
1.985	1
2.020	1
2.194	1
2.322	1
2.357	1
2.438	1
2.659	1
2.798	1
3.146	1
3.448	1
3.785	1
3.982	1
4.017	1
4.133	1
4.435	1
4.888	1
5.004	1
5.224	1
5.236	0
5.561	1
5.770	1
5.805	1
5.909	1
6.223	1
6.455	1
6.664	1
6.803	1
7.036	1
7.338	0
7.361	1
7.488	1
7.558	2
7.570	1
7.605	1
7.697	1
8.011	1
8.069	1
8.162	1
8.243	1
8.464	1
8.522	1
8.615	1
8.800	1
8.928	1
9.149	1
9.183	1
9.358	1
9.485	1
9.601	1
9.822	1
9.950	1
10.286	1
10.310	1
10.403	1
10.612	1
10.704	1
10.948	1
11.146	1
11.157	0
11.180	1
11.297	1
11.598	1
11.633	1
11.749	1
12.051	1
12.098	1
12.167	1
12.388	1
12.399	0
12.725	1
12.934	1
12.968	1
13.084	1
13.386	1
13.410	1
13.619	1
13.827	1
13.886	1
14.199	1
14.524	1
14.536	2
14.547	0
14.605	0
14.640	1
14.733	0
14.756	1
14.780	0
14.977	1
15.174	0
15.174	1
15.244	0
15.279	0
15.290	1
15.302	0
15.372	0
15.406	1
15.627	0
15.627	1
15.627	2
15.778	1
15.952	0
15.964	1
16.033	0
16.115	0
16.277	0
16.312	1
16.347	1
16.358	0
16.370	1
16.428	0
16.451	1
16.521	0
16.544	1
16.591	0
16.649	1
16.962	0
16.974	1
17.032	0
17.090	1
17.136	0
17.415	0
17.415	1
17.415	2
17.438	1
17.578	1
17.589	0
17.775	1
17.786	0
17.845	0
17.926	0
18.088	0
18.112	1
18.146	1
18.158	0
18.216	0
18.309	0
18.344	1
18.379	0
18.437	1
18.460	1
18.483	0
18.553	1
18.680	1
18.762	0
18.808	1
18.831	0
18.831	1
18.855	0
18.901	0
18.913	1
18.924	0
18.994	1
19.191	1
19.203	0
19.215	2
19.273	1
19.354	1
19.365	0
19.540	0
19.540	1
19.563	1
19.691	0
19.888	0
19.900	1
19.958	0
20.108	0
20.143	0
20.190	0
20.225	1
20.271	0
20.341	1
20.468	1
20.550	0
20.573	1
20.584	0
20.608	0
20.654	0
20.677	0
20.712	0
20.991	0
21.002	2
21.026	1
21.060	1
21.072	0
21.130	1
21.328	0
21.351	1
21.409	0
21.467	0
21.641	0
21.676	1
21.769	0
21.896	0
21.931	1
21.943	0
22.059	1
22.338	0
22.338	1
22.407	0
22.442	0
22.454	1
22.465	0
22.535	0
22.790	0
22.790	1
22.790	2
22.848	1
22.930	1
23.115	0
23.139	1
23.197	0
23.255	1
23.278	0
23.441	0
23.475	1
23.510	1
23.522	0
23.615	1
23.684	0
23.708	1
23.754	0
23.847	0
24.126	0
24.137	1
24.207	0
24.230	0
24.253	1
24.300	0
24.578	0
24.578	1
24.578	2
24.718	1
24.752	0
24.938	1
24.950	0
25.008	0
25.089	0
25.252	0
25.321	0
25.379	0
25.472	0
25.507	1
25.542	0
25.623	1
25.646	0
25.925	0
25.972	1
25.972	2
26.018	0
26.064	0
26.088	0
26.099	1
26.366	0
26.378	2
26.389	1
26.436	1
26.517	1
26.529	0
26.703	0
26.703	1
26.726	1
26.854	0
27.051	0
27.063	1
27.121	0
27.144	0
27.272	0
27.307	0
27.353	0
27.400	1
27.423	1
27.434	0
27.504	1
27.713	0
27.736	1
27.748	0
27.771	0
27.818	0
27.829	1
27.841	0
27.876	0
28.166	0
28.166	2
28.189	1
28.235	0
28.294	1
28.317	0
28.317	1
28.491	0
28.526	1
28.630	0
28.653	0
28.804	0
28.839	1
29.048	2
29.060	0
29.095	1
29.106	0
29.187	1
29.501	1
29.513	0
29.571	0
29.733	1
29.954	0
29.954	1
29.954	2
30.105	1
30.279	0
30.360	0
30.418	1
30.441	0
30.616	0
30.639	1
30.674	1
30.685	0
30.778	1
30.848	0
30.871	1
30.917	0
30.929	1
31.010	1
31.289	0
31.312	1
31.347	1
31.370	0
31.463	0
31.684	1
31.742	0
31.742	1
31.753	2
31.881	1
31.916	0
32.102	1
32.113	0
32.171	0
32.253	0
32.415	0
32.473	1
32.485	0
32.543	0
32.647	0
32.670	1
32.705	0
32.787	1
32.810	0
32.879	1
33.088	0
33.088	1
33.146	0
33.251	0
33.530	0
33.541	2
33.553	1
33.599	1
33.669	1
33.692	0
33.866	1
33.878	0
33.890	1
33.948	0
34.017	0
34.215	0
34.226	1
34.284	0
34.435	0
34.470	0
34.505	1
34.516	0
34.551	1
34.609	0
34.876	0
34.888	1
34.969	0
35.329	0
35.329	2
35.480	0
35.503	0
35.654	0
35.689	1
35.817	0
35.968	0
36.003	1
36.026	0
36.142	1
36.223	0
36.258	1
36.270	0
36.339	0
36.664	1
36.676	0
36.722	1
36.746	0
36.862	0
36.897	1
37.117	0
37.117	2
37.268	1
37.442	0
37.465	1
37.523	0
37.605	0
37.779	0
37.802	1
37.837	1
37.849	0
38.011	0
38.034	1
38.081	0
38.092	1
38.104	0
38.452	0
38.475	1
38.534	0
38.626	0
38.905	0
38.905	1
38.917	2
39.044	1
39.079	0
39.102	1
39.265	1
39.277	0
39.335	0
39.416	0
39.578	0
39.602	1
39.648	0
39.706	0
39.811	0
39.834	1
39.869	0
39.938	0
39.950	1
39.973	0
40.043	1
40.252	0
40.252	1
40.275	1
40.310	0
40.414	0
40.693	0
40.705	2
40.716	1
40.763	1
40.856	0
41.030	1
41.041	0
41.053	1
41.111	0
41.181	0
41.378	0
41.390	1
41.448	0
41.599	0
41.622	1
41.633	0
41.680	0
41.773	0
42.040	0
42.109	0
42.133	0
42.237	0
42.493	0
42.493	2
42.620	1
42.829	0
42.852	1
42.957	0
42.980	0
43.131	0
43.166	1
43.375	2
