0.232	1
0.267	0
0.290	0
0.476	0
0.708	1
0.743	0
0.766	0
0.952	0
1.173	1
1.219	0
1.428	0
1.649	1
1.695	0
1.904	0
2.125	1
2.171	0
2.380	0
2.601	1
2.647	0
2.856	0
3.123	0
3.332	0
3.448	0
3.599	0
4.075	0
4.284	0
4.551	0
4.574	0
4.760	0
5.027	0
5.236	0
5.503	0
5.968	0
6.455	0
6.664	0
6.931	0
7.140	0
7.256	0
7.407	0
7.639	0
7.848	1
7.883	0
8.092	0
8.359	0
8.568	0
8.800	1
8.835	0
9.044	0
9.276	1
9.311	0
9.520	0
9.752	1
9.787	0
9.996	0
10.263	0
10.472	0
10.739	0
10.948	0
11.064	0
11.215	0
11.447	2
11.656	1
11.691	0
11.900	0
12.167	0
12.376	0
12.643	0
12.852	0
13.119	0
15.464	1
15.499	0
15.708	0
15.975	0
16.184	0
16.451	0
16.660	0
16.893	1
16.927	0
17.125	1
17.148	0
17.369	1
17.403	0
17.612	0
17.879	0
18.088	0
18.321	1
18.355	0
18.564	0
18.692	0
18.797	1
18.831	0
19.029	1
19.307	0
19.516	0
19.749	1
19.783	0
19.992	0
20.225	1
20.259	0
20.701	1
20.735	0
20.933	1
20.956	0
21.211	0
21.687	0
21.896	0
22.163	0
22.372	0
22.500	0
22.605	1
22.639	0
22.837	1
23.115	0
23.150	0
23.557	1
23.591	0
23.812	0
24.033	1
24.067	0
24.276	0
24.509	1
24.543	0
24.578	0
24.741	1
24.764	0
24.985	1
25.020	0
25.240	0
25.496	0
25.600	0
25.972	0
26.424	1
26.459	0
26.657	1
26.889	1
26.924	0
27.376	1
27.400	0
27.504	0
27.852	1
27.887	0
28.201	1
28.317	1
28.363	0
28.386	0
28.456	0
28.549	1
28.619	0
28.816	0
28.990	0
29.582	0
30.000	1
30.476	0
30.697	1
30.708	2
30.732	0
30.766	0
31.080	1
31.184	1
31.184	2
31.219	0
31.649	1
31.660	2
31.695	0
31.718	0
31.904	0
32.009	1
32.125	1
32.136	2
32.171	0
32.194	0
32.369	1
32.380	0
32.392	1
32.612	1
32.612	2
32.647	0
33.088	1
33.088	2
33.123	0
33.146	0
33.332	0
33.564	1
33.564	2
33.599	0
33.913	1
33.924	0
34.040	1
34.040	2
34.075	0
34.273	1
34.516	1
34.516	2
34.551	0
34.575	0
34.702	0
34.760	0
34.992	2
35.027	0
35.468	1
35.468	2
35.503	0
35.712	0
35.817	1
35.944	1
35.944	2
35.979	0
36.177	1
36.420	1
36.420	2
36.455	0
36.664	0
36.722	0
36.885	1
36.897	2
36.931	0
36.955	0
37.140	0
37.373	1
37.373	2
37.407	0
37.431	0
37.616	0
37.721	1
37.790	2
37.849	1
37.849	2
37.883	0
38.092	1
38.325	1
38.325	2
38.348	0
38.557	1
38.638	0
38.801	2
38.835	0
39.044	0
39.277	1
39.277	2
39.311	0
39.427	1
39.625	1
39.753	1
39.753	2
39.787	0
39.985	1
39.996	0
40.229	1
40.229	2
40.263	0
40.705	1
40.705	2
40.739	0
41.169	1
41.181	2
41.215	0
41.529	1
41.540	0
41.657	1
41.668	2
41.691	0
41.889	1
42.133	1
42.133	2
42.167	0
42.365	1
42.376	0
42.516	1
42.609	1
42.620	2
42.643	0
42.852	0
43.085	1
43.096	2
43.119	0
43.328	0
43.433	1
43.561	1
43.572	2
43.595	0
43.793	1
43.862	0
44.037	1
44.048	2
44.071	0
44.106	0
44.501	1
44.524	2
44.547	0
44.571	0
44.989	1
45.000	2
45.023	0
45.047	0
45.140	1
45.337	1
45.360	0
45.465	1
45.476	2
45.500	0
45.708	1
45.941	1
45.952	2
45.976	0
45.999	0
46.196	0
46.417	1
46.428	2
46.452	0
46.475	0
46.893	1
46.904	2
46.928	0
46.951	0
47.299	1
47.369	1
47.380	2
47.404	0
47.496	1
47.601	1
47.613	0
47.624	1
47.845	1
47.856	2
47.880	0
48.321	1
48.332	2
48.356	0
48.565	0
48.797	1
48.808	2
48.832	0
48.855	0
49.273	1
49.284	2
49.308	0
49.331	1
49.505	1
49.575	0
49.749	1
49.760	2
49.784	0
50.004	0
50.225	1
50.236	2
50.260	0
50.701	1
50.712	2
50.736	0
50.840	0
50.945	0
51.107	1
51.177	1
51.188	2
51.212	0
51.316	1
51.409	1
51.490	0
51.664	1
51.664	2
51.688	0
52.129	1
52.140	2
52.164	0
52.605	1
52.616	2
52.640	0
52.849	0
53.023	1
53.034	2
53.092	1
53.092	2
53.127	0
53.150	0
53.325	1
53.394	0
53.568	2
54.044	2
54.520	2
54.927	1
54.985	1
54.996	2
55.055	1
55.217	1
55.472	1
55.472	2
55.948	2
56.424	2
56.819	1
56.889	1
56.900	2
56.959	1
57.028	1
57.133	1
57.760	1
58.793	1
61.173	1
61.185	2
61.208	0
61.428	0
61.486	0
61.556	1
61.649	1
61.661	2
61.695	0
62.137	2
62.171	0
62.195	0
62.276	1
62.438	0
62.485	1
62.613	1
62.613	2
62.647	0
62.845	1
62.856	0
63.089	1
63.089	2
63.123	0
63.147	0
63.332	0
63.390	0
63.565	1
63.565	2
63.599	0
63.808	0
64.041	2
64.064	0
64.099	0
64.180	1
64.284	0
64.342	0
64.389	1
64.401	0
64.517	1
64.517	2
64.540	0
64.540	1
64.749	1
64.993	1
64.993	2
65.027	0
65.051	0
65.120	0
65.248	0
65.469	1
65.469	2
65.503	0
65.945	1
65.945	2
65.980	0
66.003	0
66.188	0
66.421	1
66.421	2
66.456	0
66.653	1
66.897	1
66.897	2
66.932	0
66.955	0
67.140	0
67.373	1
67.384	2
67.408	0
67.617	0
67.849	1
67.849	2
67.884	0
67.907	0
67.988	1
68.093	0
68.151	0
68.197	1
68.209	0
68.267	2
68.325	1
68.336	2
68.348	1
68.360	0
68.569	1
68.696	0
68.801	1
68.801	2
68.824	0
69.045	0
69.277	1
69.288	2
69.312	0
69.753	1
69.753	2
69.788	0
69.892	1
70.055	0
70.101	1
70.229	1
70.240	2
70.264	0
70.461	1
70.473	0
70.705	1
70.705	2
70.740	0
71.018	0
71.181	1
71.192	2
71.216	0
71.425	0
71.657	2
71.692	0
71.715	0
71.808	1
71.901	0
72.017	0
72.133	1
72.144	2
72.168	0
72.365	1
72.609	1
72.620	2
72.644	0
73.085	1
73.096	2
73.120	0
73.480	1
73.561	1
73.572	2
73.596	0
73.619	0
73.805	0
74.037	1
74.048	2
74.072	0
74.269	1
74.513	1
74.524	2
74.548	0
74.989	1
75.000	2
75.024	0
75.233	0
75.465	1
75.476	2
75.500	0
75.604	1
75.709	0
75.813	1
75.952	1
75.952	2
75.976	1
75.987	0
76.185	1
76.208	0
76.243	0
76.359	0
76.417	1
76.428	2
76.452	0
76.661	0
76.893	1
76.904	2
76.928	0
77.369	1
77.380	2
77.404	0
77.520	1
77.845	1
77.857	2
77.880	0
78.100	0
78.216	0
78.321	1
78.333	2
78.356	0
78.797	1
78.809	2
78.832	0
79.041	0
79.273	1
79.285	2
79.308	0
79.424	1
79.517	0
79.633	1
79.761	1
79.761	2
79.784	0
79.981	1
80.051	0
80.225	1
80.237	2
80.260	0
80.480	0
80.701	1
80.713	2
80.736	0
80.933	2
81.177	1
81.189	2
81.212	0
81.328	1
81.653	1
81.665	2
81.688	0
81.885	1
81.908	1
81.955	0
82.036	0
82.129	1
82.141	2
82.164	0
82.617	1
82.617	2
82.640	0
83.000	1
83.081	1
83.093	2
83.116	0
83.511	2
83.557	1
83.569	2
83.592	1
83.650	1
83.836	0
83.998	0
84.033	1
84.045	2
84.068	0
84.091	1
84.196	0
84.509	1
84.521	2
84.544	0
84.753	0
84.997	2
85.020	0
85.055	0
85.229	0
85.357	1
85.461	1
85.473	2
85.496	0
85.519	1
85.693	1
85.716	0
85.728	1
85.937	1
85.949	2
85.972	0
86.425	1
86.425	2
86.448	0
86.657	0
86.889	1
86.901	2
86.924	0
87.144	0
87.249	1
87.261	0
87.377	1
87.377	2
87.400	0
87.597	1
87.644	0
87.841	1
87.853	2
87.876	0
87.911	0
88.317	1
88.329	2
88.364	0
88.805	2
88.828	0
89.269	1
89.281	2
89.304	0
89.408	0
89.501	1
89.525	0
89.571	0
89.757	2
90.233	2
90.697	1
90.709	2
91.185	2
91.336	0
91.429	0
91.649	1
91.649	2
91.696	0
91.719	0
91.858	0
91.963	0
92.125	1
92.172	0
92.264	0
92.601	2
92.613	1
92.648	0
92.845	0
92.973	1
92.996	0
93.217	0
93.321	1
93.553	1
93.600	0
93.809	0
93.855	0
94.029	1
94.076	0
94.285	0
94.343	0
94.517	1
94.552	0
94.761	0
94.877	1
94.900	0
94.935	0
95.051	0
95.179	0
95.225	1
95.283	0
95.469	1
95.504	0
95.771	0
95.945	1
95.968	0
96.421	1
96.444	0
96.665	0
96.897	1
96.932	0
96.955	0
97.141	1
97.373	1
97.373	2
97.408	0
97.431	0
97.686	0
97.849	1
97.872	0
97.907	0
98.313	1
98.313	2
98.360	0
98.801	1
98.847	0
98.847	1
98.871	1
98.882	0
99.172	0
99.277	1
99.277	2
99.312	0
99.335	0
99.753	1
99.788	0
99.799	1
99.997	0
100.229	2
100.264	0
100.705	1
100.740	0
100.856	1
100.937	1
100.949	0
101.181	1
101.181	2
101.216	0
101.239	0
101.657	1
101.692	0
101.901	0
102.133	1
102.133	2
102.168	0
102.644	1
102.655	0
102.911	0
103.085	1
103.120	0
103.561	1
103.596	0
103.607	1
103.805	0
104.037	2
104.072	0
104.281	0
104.513	1
104.548	0
104.664	1
104.745	1
104.989	1
104.989	2
105.024	0
105.465	1
105.500	0
105.941	1
105.941	2
105.976	0
106.313	0
106.417	1
106.452	0
106.661	1
106.684	0
106.893	1
106.928	0
107.102	0
107.334	0
107.369	1
107.404	0
107.880	0
108.089	0
108.205	1
108.240	0
108.449	0
108.553	1
108.797	1
108.832	0
108.867	0
109.273	1
109.308	0
109.749	1
109.784	0
109.993	0
110.109	1
110.144	0
110.341	1
110.469	1
110.492	0
110.527	0
110.701	1
110.701	2
110.736	0
111.177	1
111.212	0
111.653	1
111.653	2
111.688	0
112.129	1
112.164	0
112.361	1
112.605	1
112.640	0
113.081	1
113.116	0
113.151	0
113.557	1
113.592	0
113.627	0
113.929	0
114.033	1
114.068	0
114.277	1
114.300	0
114.509	1
114.985	1
115.055	0
115.461	1
115.531	0
115.937	1
116.007	0
116.181	1
116.413	1
116.471	0
116.889	1
116.959	0
117.365	1
117.435	0
117.853	1
117.911	0
118.085	1
118.329	1
118.387	0
118.805	1
118.863	0
119.153	1
119.757	1
119.989	1
120.047	0
120.233	1
120.291	0
120.709	1
120.767	0
120.848	1
121.185	1
121.440	1
121.568	1
137.369	1
137.439	0
137.845	1
137.903	0
138.321	1
138.379	0
138.797	1
138.844	0
139.029	1
139.331	0
139.749	1
139.807	0
140.225	1
140.295	0
140.701	1
140.748	0
140.934	1
140.968	0
141.177	1
141.247	0
141.653	1
141.723	0
142.129	1
142.199	0
142.617	1
142.838	1
142.872	0
143.569	1
144.045	1
144.103	0
144.521	1
144.556	0
144.776	0
145.473	1
146.007	0
146.413	1
146.460	0
146.646	1
146.680	0
146.889	1
146.959	0
147.377	1
147.423	0
147.853	1
147.911	0
148.329	1
148.364	0
148.550	1
148.805	1
148.863	0
149.281	1
149.339	0
149.757	1
149.804	0
150.233	1
150.454	1
150.477	0
150.767	0
151.185	1
151.232	0
152.195	0
152.404	0
152.602	1
152.648	0
152.671	0
153.089	1
153.112	0
153.554	1
153.588	0
153.623	0
153.809	0
154.041	1
154.064	0
154.099	0
154.285	0
154.517	1
154.552	0
154.575	0
154.761	0
154.993	1
155.028	0
155.458	1
155.504	0
155.713	0
155.945	1
155.980	0
156.177	1
156.421	1
156.456	0
156.479	0
156.526	0
156.897	1
156.920	0
156.955	0
157.141	0
157.373	1
157.408	0
157.849	1
157.884	0
157.907	0
158.070	1
158.093	0
158.325	1
158.360	0
158.383	0
158.801	1
158.836	0
158.859	0
159.277	1
159.312	0
159.521	0
159.753	1
159.788	0
159.997	1
160.020	0
160.229	1
160.264	0
160.705	1
160.740	0
160.763	0
161.181	1
161.216	0
161.425	0
161.657	1
161.692	0
161.901	0
162.133	1
162.168	0
162.377	0
162.609	1
162.644	0
162.853	0
163.085	1
163.120	0
163.329	0
163.561	1
163.596	0
163.794	1
163.828	0
164.049	0
164.281	0
164.525	0
164.757	0
165.233	0
165.477	0
165.976	0
166.185	0
166.417	1
166.452	0
166.661	0
166.928	0
167.137	0
167.253	1
167.288	0
167.497	0
167.613	1
167.648	0
167.845	1
167.880	0
167.973	0
168.321	1
168.356	0
168.565	0
168.797	1
168.832	0
169.041	0
169.273	1
169.308	0
169.517	1
169.749	1
169.784	0
169.808	0
170.225	1
170.260	0
170.469	0
170.701	1
170.736	0
170.852	1
170.945	0
171.073	0
171.178	1
171.212	0
171.549	0
171.665	1
171.688	0
171.909	0
172.130	1
172.164	0
172.257	0
172.606	1
172.640	0
172.965	1
173.082	1
173.116	0
173.151	0
173.325	1
173.453	0
173.569	1
173.592	0
173.801	0
174.034	1
174.068	0
174.092	0
174.510	1
174.544	0
174.649	1
174.753	0
174.869	1
174.881	0
174.986	1
175.020	0
175.241	1
175.357	0
175.462	1
175.496	0
175.705	0
175.949	1
175.984	0
176.181	0
176.425	1
176.448	0
176.553	1
176.669	0
176.727	0
176.890	1
176.913	1
176.924	0
176.959	0
177.145	0
177.377	1
177.400	0
177.842	1
177.888	0
178.085	0
178.329	1
178.364	0
178.387	0
178.469	1
178.561	0
178.689	0
178.794	1
178.840	0
179.096	0
179.281	1
179.304	0
179.757	1
179.792	0
180.233	1
180.268	0
180.465	0
180.524	0
180.582	1
180.709	1
180.744	0
180.767	0
180.953	1
181.069	0
181.185	1
181.209	1
181.232	0
181.661	1
181.719	0
182.033	1
182.137	1
182.195	0
182.613	1
182.671	0
182.846	1
182.985	0
184.401	1
184.529	1
186.305	1
186.433	1
189.394	1
195.942	1
