8.022	1
8.499	1
8.591	0
8.673	0
8.731	0
9.474	1
10.437	1
10.925	1
11.424	1
11.889	1
11.923	1
12.376	1
13.340	1
13.595	1
13.839	1
14.791	1
15.279	1
15.302	0
15.581	0
15.778	1
15.906	0
16.324	1
16.451	0
16.730	1
17.160	0
17.705	1
18.042	0
18.135	0
18.216	0
18.437	1
18.553	1
18.669	1
19.632	0
19.632	1
19.656	0
19.714	0
19.876	0
19.888	1
19.900	0
20.108	1
20.364	1
20.399	0
20.852	1
21.095	1
21.142	0
21.165	0
21.269	0
21.560	1
21.571	2
22.303	2
23.023	2
23.034	1
23.499	1
23.522	0
23.742	0
23.742	1
23.766	0
23.975	1
23.986	0
24.242	1
25.437	1
25.437	2
26.169	2
26.900	2
27.144	1
27.365	1
27.388	0
27.609	1
27.620	0
27.643	0
27.759	0
27.852	1
28.108	1
29.083	1
29.304	1
29.315	2
30.035	2
30.766	2
31.010	1
31.242	1
31.266	0
31.475	1
31.486	0
31.509	0
31.718	1
31.730	0
31.753	0
31.974	1
32.938	1
34.145	1
34.145	2
34.226	1
34.273	1
34.273	2
34.389	1
34.412	0
34.876	1
34.876	2
34.992	2
35.109	1
35.364	0
35.596	0
35.770	0
35.852	1
36.328	1
36.351	1
36.583	1
38.266	1
38.986	1
39.010	0
39.079	0
39.219	1
39.242	0
39.474	1
39.486	0
39.729	1
39.950	1
39.962	2
40.472	1
40.681	1
40.681	2
41.413	2
42.388	1
42.748	1
42.876	0
43.096	1
43.119	0
43.328	1
43.363	0
43.654	0
43.828	1
43.828	2
44.547	2
44.559	1
45.279	1
45.279	2
46.765	0
46.962	1
46.974	0
47.206	1
47.229	0
48.437	1
48.553	1
49.633	1
49.656	0
49.993	1
50.004	0
50.120	1
50.364	1
50.376	0
50.608	0
50.852	1
51.084	1
51.560	1
51.583	0
51.606	0
52.048	1
52.071	0
52.407	1
52.524	1
52.547	0
52.640	0
52.791	1
53.011	1
53.034	0
53.150	0
53.209	0
53.243	0
53.267	1
53.452	0
53.510	0
53.998	0
54.462	1
54.544	0
54.637	0
54.950	1
54.962	0
55.426	1
55.449	0
55.681	1
55.914	1
55.937	0
56.297	1
56.668	1
56.889	1
56.900	0
57.365	1
57.388	0
57.620	1
57.655	1
57.853	1
57.876	0
58.340	1
58.503	0
58.607	1
58.816	1
58.839	0
59.327	0
59.373	0
59.780	1
59.803	0
60.151	1
60.279	1
60.302	0
60.616	0
60.685	0
60.755	1
60.801	0
61.243	1
61.254	0
61.312	0
61.498	1
61.719	1
61.730	0
61.800	0
62.020	0
62.206	1
62.218	0
62.311	0
62.380	0
62.462	1
62.485	0
62.694	1
62.717	0
62.775	0
62.868	0
63.170	1
63.181	0
63.205	0
63.658	1
63.901	1
64.029	1
64.145	1
64.157	0
64.261	1
64.319	0
64.633	1
64.644	0
64.784	1
65.109	1
65.120	2
65.132	0
65.236	2
65.248	1
65.364	0
65.469	1
65.480	0
65.840	1
65.840	2
65.852	0
65.933	0
65.968	2
66.084	0
66.084	1
66.560	1
66.572	0
66.699	1
66.699	2
67.048	1
67.059	0
67.524	1
67.558	0
68.011	1
68.034	0
68.499	1
68.522	0
68.766	1
68.986	1
69.010	0
69.462	1
69.486	0
69.950	1
69.973	0
70.124	0
70.426	1
70.449	0
70.914	1
70.937	0
71.018	0
71.088	0
71.146	0
71.413	0
71.413	1
71.889	1
71.901	0
72.365	1
72.388	0
72.853	1
72.876	0
73.363	0
73.816	1
73.839	0
73.956	1
74.060	1
74.072	0
74.095	0
74.165	0
74.304	1
74.315	0
74.397	0
74.548	1
74.791	1
74.954	0
75.035	1
75.140	0
75.279	1
75.302	0
75.360	0
75.523	1
75.755	1
75.999	1
76.243	1
76.266	0
76.336	0
76.510	0
76.742	0
76.963	0
76.974	1
77.055	0
77.230	0
77.473	0
77.659	0
77.787	1
79.134	1
79.226	0
79.285	0
79.459	0
80.132	1
81.572	1
81.607	0
81.676	0
82.292	1
82.826	0
83.267	1
83.499	1
83.987	1
84.950	1
86.889	1
87.423	0
87.481	0
88.352	1
88.584	1
88.828	1
89.083	1
89.316	1
89.559	1
89.803	1
91.266	1
91.730	1
93.182	1
94.633	1
95.132	1
95.597	1
95.620	1
96.084	1
96.328	1
96.421	0
96.630	0
97.048	1
97.791	1
99.556	0
101.378	0
102.632	1
103.097	1
103.340	1
103.596	1
104.072	1
104.536	0
104.792	1
104.803	0
104.838	0
104.954	0
105.279	1
105.291	0
105.511	1
105.755	1
105.767	0
105.883	1
106.243	1
106.255	0
106.463	0
106.719	1
106.754	0
107.207	1
107.218	0
107.694	1
107.717	0
107.950	1
108.170	1
108.193	0
108.658	1
108.681	0
109.169	0
109.389	1
109.621	1
109.645	0
110.109	1
110.121	0
110.597	1
110.608	0
111.084	1
111.096	0
111.212	1
111.560	1
111.595	0
111.816	1
112.048	1
112.071	0
112.292	1
112.536	1
112.559	0
113.012	1
113.023	0
113.488	1
113.511	0
113.987	1
114.010	0
114.486	0
114.950	1
114.974	0
115.194	1
115.426	1
115.450	0
115.682	1
115.914	1
115.937	0
116.425	0
116.878	1
116.912	0
117.365	1
117.841	1
117.864	0
118.340	1
118.352	0
118.817	1
118.840	0
119.072	1
119.304	1
119.327	0
119.676	1
119.815	1
120.279	1
120.279	2
120.303	0
120.337	2
120.372	0
120.395	2
120.454	2
120.523	2
120.767	2
120.999	1
120.999	2
121.011	0
121.057	0
121.243	2
121.371	2
121.487	2
121.731	2
121.974	2
122.218	2
122.276	2
122.334	2
122.392	2
122.439	1
122.450	2
122.462	1
122.520	2
122.578	1
122.578	2
122.694	2
122.717	0
122.938	2
123.182	2
123.298	2
123.414	1
123.426	2
123.669	2
123.786	2
123.890	1
123.913	1
123.913	2
124.029	2
124.145	1
124.145	2
124.169	0
124.215	2
124.273	2
124.320	0
124.331	2
124.389	2
124.447	2
124.517	2
124.575	2
124.633	2
124.796	2
124.865	1
124.889	0
124.958	2
125.109	1
125.121	2
125.272	2
125.434	2
125.597	1
125.597	2
125.620	0
125.759	2
125.829	1
125.841	2
125.852	1
125.957	1
125.957	2
126.073	1
126.084	2
126.096	1
126.142	2
126.200	2
126.270	2
126.328	1
126.328	2
126.340	0
126.386	2
126.433	1
126.444	2
126.456	0
126.572	0
126.572	1
126.572	2
126.723	2
126.804	2
126.816	1
127.048	2
127.176	2
127.234	2
127.292	1
127.292	2
127.303	0
127.327	0
127.350	2
127.408	1
127.420	2
127.536	1
127.536	2
127.582	1
127.628	1
127.652	2
127.721	2
127.779	2
127.791	0
127.837	2
127.965	2
128.023	1
128.023	2
128.035	0
128.081	2
128.116	0
128.139	2
128.186	0
128.197	2
128.255	2
128.499	2
128.731	1
128.743	2
128.766	0
128.975	1
128.987	2
128.998	1
129.103	2
129.231	2
129.474	2
129.718	2
129.950	2
130.020	2
130.078	2
130.136	2
130.194	1
130.194	2
130.252	2
130.322	2
130.438	1
130.438	2
130.450	0
130.496	0
130.682	2
130.694	1
130.914	1
130.926	2
131.042	2
131.170	1
131.170	2
131.286	1
131.286	2
131.309	0
131.402	2
131.413	1
131.529	2
131.646	1
131.646	2
131.669	0
131.773	2
131.889	0
131.889	1
131.889	2
131.924	0
131.947	2
131.982	0
132.017	2
132.052	0
132.075	2
132.087	0
132.133	1
132.133	2
132.203	0
132.249	1
132.249	2
132.272	0
132.377	0
132.377	2
132.493	1
132.493	2
132.609	1
132.621	2
132.632	0
132.690	2
132.853	2
132.981	2
133.085	1
133.097	2
133.108	1
133.341	1
133.341	2
133.364	0
133.468	2
133.584	2
133.596	1
133.700	2
133.828	1
133.828	2
133.840	0
133.991	2
134.153	1
134.153	2
134.316	1
134.316	2
134.432	2
134.548	2
134.792	1
134.792	2
134.803	0
135.001	0
135.036	1
135.036	2
135.279	1
135.279	2
135.396	2
135.407	1
135.454	2
135.523	1
135.523	2
135.639	2
135.651	1
135.755	1
135.755	2
135.825	2
135.883	2
135.941	2
135.999	2
136.243	2
136.487	1
136.487	2
136.499	0
136.731	2
136.847	2
136.975	2
137.207	2
137.451	2
137.694	2
137.752	2
137.822	2
137.880	2
137.938	1
137.938	2
137.996	1
137.996	2
138.054	2
138.124	2
138.170	1
138.182	2
138.205	0
138.426	1
138.426	2
138.670	2
138.681	1
138.728	2
138.786	2
138.902	1
138.902	2
138.913	0
139.146	2
139.273	2
139.389	2
139.505	2
139.622	1
139.633	0
139.633	2
139.691	2
139.749	2
139.807	2
139.854	0
139.877	2
139.935	2
139.993	2
140.051	2
140.121	2
140.272	2
140.353	1
140.376	0
140.434	2
140.585	1
140.597	2
140.620	1
140.759	2
140.922	2
141.073	1
141.084	2
141.108	0
141.166	0
141.247	2
141.410	2
141.572	1
141.572	2
141.630	2
141.688	2
141.746	2
141.804	1
141.804	2
141.827	0
141.874	2
141.932	0
141.932	2
141.944	1
141.967	0
141.990	2
142.048	1
142.048	2
142.060	0
142.211	2
142.292	2
142.303	1
142.373	2
142.536	1
142.536	2
142.571	1
142.652	2
142.721	2
142.780	1
142.780	2
142.803	0
142.838	2
142.896	2
142.954	2
143.023	2
143.058	0
143.081	2
143.139	2
143.197	2
143.244	1
143.256	2
143.279	0
143.441	2
143.499	1
143.499	2
143.523	0
143.569	2
143.627	2
143.685	2
143.743	2
143.790	0
143.882	0
143.940	0
143.987	2
144.068	0
144.219	1
144.231	0
144.231	2
144.254	0
144.475	1
144.475	2
144.591	2
144.718	2
144.951	2
145.194	2
145.438	2
145.496	2
145.554	2
145.624	2
145.682	1
145.682	2
145.740	2
145.752	1
145.798	2
145.926	2
145.937	0
146.030	0
146.158	1
146.170	2
146.390	1
146.402	2
146.413	0
146.413	1
146.530	2
146.646	2
146.762	1
146.773	0
146.855	0
146.889	2
147.006	2
147.133	1
147.133	2
147.249	2
147.365	1
147.389	0
147.725	0
148.097	1
148.120	0
148.341	2
148.352	1
149.304	1
149.548	1
149.548	2
149.618	2
149.676	1
149.676	2
149.792	1
149.792	2
149.838	0
150.036	2
150.268	1
150.280	2
150.523	1
150.523	2
150.535	0
150.639	0
150.744	0
150.999	2
151.243	1
151.266	0
151.522	0
151.580	1
151.963	1
151.975	0
152.694	1
153.414	1
153.449	0
153.542	0
153.681	0
154.389	1
154.413	0
154.529	1
154.865	1
154.889	0
155.829	1
157.547	0
157.698	0
157.756	0
158.023	1
158.035	0
158.232	0
158.372	1
158.395	0
158.743	1
158.755	0
158.975	1
158.987	0
159.150	0
159.707	1
159.730	0
160.438	1
160.461	0
160.914	1
160.926	0
160.961	0
161.890	1
161.913	0
162.853	1
162.876	0
163.573	1
163.596	0
164.792	1
165.268	1
165.291	0
165.779	1
165.999	1
166.023	0
166.719	1
166.754	0
166.835	0
166.859	0
166.882	0
167.207	1
167.230	0
167.695	1
167.718	0
168.171	1
168.194	0
168.252	0
168.658	1
168.681	0
168.751	0
169.146	1
169.157	0
169.227	0
169.622	1
169.645	0
170.109	1
170.133	0
170.597	1
170.609	0
171.073	1
171.108	0
171.561	1
171.595	0
172.048	1
172.071	0
172.513	1
172.547	0
173.012	1
173.035	0
173.500	1
173.523	0
173.755	0
173.987	1
173.999	0
174.463	1
174.486	0
174.951	1
174.974	0
175.125	0
175.438	1
175.450	0
175.914	1
175.926	0
175.949	0
176.390	1
176.425	0
176.506	0
176.576	0
176.890	1
176.901	0
177.366	1
177.389	0
177.853	1
177.876	0
178.027	0
178.341	1
178.352	0
178.817	1
178.840	0
179.304	1
179.328	0
179.792	1
179.815	0
180.257	1
180.291	0
180.756	1
180.779	0
181.243	1
181.267	0
181.719	1
181.743	0
182.207	1
182.230	0
182.695	1
182.718	0
183.171	1
183.205	0
183.658	1
183.681	0
184.134	1
184.169	0
184.308	0
184.622	1
184.645	0
185.109	1
185.133	0
185.597	1
185.620	0
185.771	0
186.085	1
186.108	0
186.317	1
186.329	0
186.561	1
186.584	0
189.951	1
189.974	0
190.183	1
190.195	0
190.218	0
190.427	1
190.438	0
191.774	1
192.377	1
193.817	1
193.852	0
194.061	1
194.072	0
194.305	0
194.305	1
194.328	0
196.255	1
196.975	1
197.695	1
197.718	0
197.939	0
198.171	1
198.194	0
198.542	1
199.378	1
200.121	1
200.458	1
200.609	1
200.841	1
201.120	1
201.143	1
201.561	1
201.572	2
201.584	0
201.630	2
201.689	1
201.689	2
201.747	2
201.805	1
201.805	2
201.816	0
202.048	2
202.072	0
202.292	2
202.536	0
202.536	1
202.536	2
202.652	2
202.780	2
202.838	0
203.024	2
203.267	2
203.465	0
203.500	2
203.558	2
203.627	2
203.685	2
203.743	2
203.802	2
203.871	2
203.929	2
203.987	1
203.987	2
204.231	2
204.463	1
204.475	2
204.487	0
204.533	2
204.591	2
204.719	2
204.951	2
205.079	2
205.195	2
205.322	2
205.439	1
205.439	2
205.462	0
205.497	2
205.555	2
205.624	2
205.682	0
205.682	2
205.740	2
205.798	2
205.868	2
205.915	1
205.926	0
205.926	2
206.089	2
206.240	2
206.402	2
206.425	0
206.565	2
206.727	2
206.890	2
207.052	2
207.134	1
207.134	2
207.377	2
207.435	2
207.494	2
207.552	2
207.621	2
207.679	2
207.737	2
207.795	2
207.853	2
208.016	2
208.179	2
208.341	2
208.353	0
208.399	2
208.457	2
208.527	2
208.585	2
208.643	2
208.701	2
208.771	2
208.829	2
208.887	2
208.945	2
209.003	2
209.072	2
209.131	2
209.189	2
209.247	2
209.305	1
209.305	2
209.363	2
209.398	0
209.432	2
209.479	0
209.490	2
209.525	0
209.548	2
209.572	0
209.630	0
209.792	0
209.792	2
209.816	0
209.850	1
210.036	2
210.268	1
210.280	2
210.396	2
210.454	0
210.524	2
210.628	0
210.768	2
211.000	2
211.011	1
211.244	2
211.302	2
211.371	2
211.429	2
211.487	2
211.545	2
211.603	2
211.673	2
211.731	1
211.731	2
211.975	2
212.219	2
212.265	2
212.335	2
212.451	1
212.451	2
212.695	2
212.822	2
212.939	2
213.055	2
213.171	1
213.182	2
213.240	2
213.299	2
213.357	2
213.426	0
213.426	2
213.484	2
213.542	2
213.600	2
213.658	1
213.670	2
213.682	0
213.821	2
213.983	2
214.146	2
214.158	0
214.274	2
214.390	2
214.634	2
214.877	2
214.936	2
214.994	2
215.121	2
215.353	2
215.597	2
215.725	2
215.841	2
216.085	2
216.143	2
216.201	2
216.329	2
216.456	0
216.573	2
216.631	2
216.689	2
216.747	2
216.805	1
216.805	2
216.828	0
216.874	2
216.932	2
216.990	2
228.473	1
234.475	1
234.719	1
234.951	1
237.134	1
237.621	1
238.585	1
242.939	1
243.426	1
