0.0116 	 1 
0.0116 	 2 
0.3019 	 1 
0.3135 	 2 
0.4644 	 1 
0.4644 	 0 
0.4644 	 2 
0.6037 	 0 
0.6037 	 2 
0.6037 	 1 
0.9172 	 2 
0.9172 	 1 
1.0565 	 1 
1.0681 	 2 
1.0681 	 0 
1.1958 	 2 
1.2074 	 1 
1.2074 	 0 
1.3584 	 1 
1.3700 	 0 
1.3700 	 2 
1.4977 	 1 
1.5093 	 2 
1.6602 	 0 
1.6602 	 2 
1.6602 	 1 
1.8112 	 0 
1.8112 	 1 
1.8112 	 2 
1.9853 	 2 
2.1130 	 0 
2.1130 	 1 
2.1130 	 2 
2.1595 	 1 
2.2756 	 1 
2.2756 	 2 
2.3104 	 1 
2.3220 	 2 
2.3568 	 1 
2.4033 	 2 
2.4033 	 1 
2.4033 	 0 
2.5542 	 1 
2.7167 	 2 
2.8561 	 1 
2.8677 	 0 
2.8677 	 2 
3.0070 	 0 
3.0070 	 2 
3.0070 	 1 
3.3205 	 2 
3.4714 	 2 
3.4714 	 0 
3.4714 	 1 
3.5991 	 2 
3.6107 	 1 
3.7616 	 1 
3.7732 	 2 
3.7732 	 0 
3.9126 	 2 
3.9126 	 1 
4.0635 	 1 
4.0635 	 0 
4.0635 	 2 
4.2028 	 0 
4.2028 	 2 
4.2144 	 1 
4.5047 	 1 
4.5047 	 0 
4.5163 	 2 
4.6672 	 0 
4.6672 	 1 
4.6672 	 2 
4.8065 	 2 
4.8065 	 1 
4.8065 	 0 
4.9459 	 2 
5.1200 	 2 
5.2593 	 1 
5.2593 	 0 
5.2593 	 2 
5.3986 	 0 
5.4102 	 1 
5.4102 	 2 
5.7121 	 2 
5.8630 	 0 
5.8630 	 2 
5.8746 	 1 
5.9907 	 1 
5.9907 	 2 
6.1417 	 1 
6.1765 	 2 
6.3042 	 2 
6.4551 	 1 
6.4668 	 0 
6.4668 	 2 
6.6061 	 1 
6.6061 	 0 
6.6061 	 2 
6.9079 	 2 
6.9079 	 1 
6.9079 	 0 
7.0589 	 1 
7.0589 	 0 
7.0705 	 2 
7.2098 	 0 
7.2098 	 2 
7.2098 	 1 
7.3259 	 2 
7.5000 	 1 
7.5000 	 2 
7.5000 	 0 
7.8019 	 0 
7.8135 	 1 
7.8135 	 2 
8.1154 	 2 
8.2663 	 0 
8.2663 	 2 
8.2663 	 1 
8.4056 	 0 
8.4056 	 1 
8.4056 	 2 
8.5682 	 0 
8.5682 	 1 
8.5682 	 2 
8.7075 	 2 
8.8584 	 0 
8.8584 	 1 
8.8700 	 2 
9.0093 	 2 
9.0093 	 1 
9.0093 	 0 
9.3112 	 2 
9.3460 	 2 
9.4621 	 1 
9.4737 	 0 
9.4737 	 2 
9.7756 	 2 
