0.0116 	 0 
0.0580 	 2 
0.3135 	 2 
0.6037 	 1 
0.6037 	 2 
0.9056 	 2 
0.9056 	 0 
1.0565 	 0 
1.2074 	 1 
1.2074 	 2 
1.5093 	 1 
1.8112 	 1 
2.1014 	 0 
2.1014 	 1 
2.2059 	 1 
2.4033 	 2 
2.4149 	 0 
2.7051 	 1 
2.7051 	 2 
3.0070 	 1 
3.0070 	 2 
3.3088 	 2 
3.3088 	 0 
3.4598 	 0 
3.6107 	 2 
3.7500 	 0 
3.9010 	 2 
4.0519 	 0 
4.2028 	 2 
4.2028 	 1 
4.5047 	 2 
4.5047 	 0 
4.8065 	 2 
4.8181 	 0 
5.1084 	 2 
5.1084 	 1 
5.4102 	 2 
5.4102 	 1 
5.7121 	 2 
5.7121 	 0 
5.8630 	 0 
6.0024 	 1 
6.0024 	 2 
6.3042 	 1 
6.3042 	 2 
6.6061 	 2 
6.6177 	 1 
6.9079 	 2 
6.9428 	 2 
7.0124 	 1 
7.0589 	 2 
7.1750 	 2 
7.2098 	 2 
7.2098 	 0 
7.5000 	 2 
7.8019 	 2 
7.8135 	 1 
8.1038 	 0 
8.1038 	 2 
8.1502 	 2 
8.2547 	 0 
8.4056 	 2 
8.5566 	 0 
8.7075 	 2 
8.8584 	 0 
9.0093 	 2 
9.0093 	 1 
9.2996 	 0 
9.2996 	 2 
