0.0116 	 0 
0.0116 	 2 
0.1277 	 2 
0.2670 	 2 
0.2786 	 0 
0.4063 	 2 
0.5457 	 1 
0.8359 	 2 
0.9636 	 1 
1.0913 	 2 
1.1262 	 1 
1.2423 	 1 
1.3584 	 2 
1.3584 	 1 
1.4977 	 1 
1.6486 	 1 
1.9156 	 2 
2.0550 	 2 
2.1943 	 0 
2.1943 	 2 
2.3220 	 2 
2.4613 	 0 
2.4613 	 2 
2.5890 	 2 
2.7283 	 1 
3.0070 	 2 
3.1347 	 1 
3.2740 	 2 
3.4249 	 1 
3.5527 	 2 
3.6920 	 1 
3.8197 	 1 
4.0983 	 2 
4.2376 	 2 
4.3654 	 2 
4.3654 	 0 
4.5047 	 2 
4.5047 	 0 
4.6440 	 2 
4.6440 	 0 
4.7833 	 2 
4.9110 	 1 
5.1780 	 2 
5.3290 	 1 
5.4567 	 1 
5.4567 	 2 
5.6076 	 1 
5.7237 	 2 
5.7353 	 1 
5.8630 	 1 
6.0024 	 1 
6.2810 	 2 
6.4087 	 2 
6.5364 	 0 
6.5480 	 2 
6.6873 	 2 
6.6873 	 0 
6.8267 	 2 
6.8267 	 0 
6.9660 	 2 
7.0937 	 1 
7.3723 	 2 
7.5117 	 1 
7.6394 	 2 
7.6626 	 1 
7.7787 	 1 
7.9180 	 2 
8.0457 	 1 
8.1850 	 1 
8.4637 	 2 
8.6030 	 2 
10.6696 	 0 
