0.0116 	 0 
0.0116 	 2 
0.5108 	 2 
0.7663 	 0 
1.0101 	 1 
1.0101 	 2 
1.5093 	 2 
1.7647 	 0 
2.0201 	 2 
2.2523 	 0 
2.5078 	 2 
2.7516 	 0 
3.0070 	 2 
3.2624 	 0 
3.5062 	 1 
3.5062 	 2 
3.6804 	 1 
4.0054 	 2 
4.0054 	 0 
4.5047 	 2 
4.7601 	 0 
5.0039 	 1 
5.0039 	 2 
5.5147 	 2 
5.7585 	 0 
6.0140 	 2 
6.2578 	 0 
6.5132 	 2 
6.7686 	 0 
7.0124 	 2 
7.2562 	 0 
7.5000 	 1 
7.5000 	 2 
8.0109 	 2 
8.0109 	 0 
8.5101 	 2 
8.7655 	 0 
9.0093 	 2 
9.0093 	 1 
9.2067 	 1 
9.5086 	 2 
9.7524 	 0 
9.9962 	 2 
10.2632 	 0 
10.5186 	 2 
10.7624 	 0 
11.0063 	 2 
11.2617 	 0 
11.5055 	 2 
11.5171 	 1 
11.6100 	 1 
11.6216 	 2 
11.7029 	 1 
12.0047 	 0 
12.0047 	 2 
12.5039 	 2 
12.7594 	 0 
13.0148 	 2 
13.0148 	 1 
13.2122 	 1 
13.5140 	 2 
13.7578 	 0 
14.0132 	 2 
14.2687 	 0 
14.5125 	 2 
14.7679 	 0 
15.0117 	 2 
15.2671 	 0 
15.5109 	 2 
15.5109 	 1 
18.1928 	 2 
