0.0116 	 0 
0.0116 	 2 
0.0232 	 1 
0.2554 	 2 
0.2554 	 1 
0.3831 	 1 
0.3831 	 2 
0.5108 	 1 
0.5108 	 2 
0.5108 	 0 
0.7546 	 1 
0.7546 	 0 
0.7663 	 2 
0.8824 	 2 
0.8824 	 1 
0.8824 	 0 
1.0101 	 0 
1.0101 	 2 
1.0101 	 1 
1.2539 	 0 
1.2655 	 1 
1.2655 	 2 
1.3932 	 2 
1.5093 	 2 
1.5209 	 1 
1.5209 	 0 
1.7415 	 0 
1.7415 	 2 
1.7415 	 1 
1.8808 	 1 
1.8924 	 2 
1.9969 	 1 
2.0085 	 2 
2.0085 	 0 
2.2523 	 2 
2.2523 	 0 
2.2523 	 1 
2.3800 	 2 
2.3800 	 0 
2.3800 	 1 
2.5078 	 2 
2.5078 	 1 
2.5078 	 0 
2.6239 	 2 
2.6239 	 0 
2.6355 	 1 
2.7400 	 1 
2.7516 	 0 
2.7516 	 2 
2.8793 	 1 
2.8909 	 2 
2.8909 	 0 
2.9954 	 1 
3.0070 	 0 
3.0070 	 2 
3.2624 	 0 
3.2624 	 2 
3.2624 	 1 
3.3901 	 0 
3.3901 	 2 
3.3901 	 1 
3.5178 	 1 
3.5178 	 0 
3.5178 	 2 
3.7616 	 2 
3.7616 	 1 
3.7616 	 0 
3.8777 	 0 
3.8893 	 2 
3.8893 	 1 
4.0054 	 2 
4.0054 	 0 
4.0171 	 1 
4.2609 	 2 
4.2609 	 1 
4.2609 	 0 
4.3770 	 1 
4.3886 	 2 
4.3886 	 0 
4.5047 	 0 
4.5047 	 1 
4.5047 	 2 
4.7601 	 0 
4.7601 	 1 
4.7717 	 2 
4.8762 	 1 
4.8878 	 0 
4.8878 	 2 
5.0039 	 0 
5.0039 	 1 
5.0039 	 2 
5.2477 	 0 
5.2593 	 1 
5.2593 	 2 
5.3754 	 2 
5.5031 	 2 
5.5031 	 0 
5.5031 	 1 
5.7585 	 2 
5.7585 	 1 
5.7585 	 0 
5.8863 	 1 
5.8863 	 0 
5.8979 	 2 
6.0024 	 2 
6.0024 	 1 
6.0024 	 0 
6.2578 	 2 
6.2578 	 0 
6.2578 	 1 
6.3739 	 0 
6.3739 	 1 
6.3739 	 2 
6.5132 	 1 
6.5132 	 0 
6.5132 	 2 
6.6293 	 2 
6.6293 	 0 
6.6409 	 1 
6.7570 	 2 
6.7570 	 0 
6.7570 	 1 
6.8847 	 1 
6.8847 	 0 
6.8963 	 2 
7.0008 	 2 
7.0008 	 1 
7.0124 	 0 
7.2562 	 1 
7.2678 	 0 
7.2678 	 2 
7.3839 	 1 
7.3839 	 0 
7.3839 	 2 
7.5000 	 1 
7.5000 	 0 
7.5000 	 2 
7.7555 	 1 
7.7555 	 2 
7.7555 	 0 
7.8716 	 1 
7.8832 	 0 
7.8832 	 2 
