0.0116 	 0 
0.0116 	 1 
0.0116 	 2 
0.1741 	 0 
0.1741 	 1 
0.1741 	 2 
0.3367 	 1 
0.3483 	 0 
0.3483 	 2 
0.5108 	 0 
0.5108 	 1 
0.5108 	 2 
0.6734 	 0 
0.6734 	 1 
0.6734 	 2 
0.8475 	 1 
0.8475 	 2 
0.8475 	 0 
1.0101 	 2 
1.0101 	 0 
1.0101 	 1 
1.1726 	 0 
1.1726 	 1 
1.1842 	 2 
1.3468 	 2 
1.3468 	 0 
1.3468 	 1 
1.5093 	 2 
1.5093 	 1 
1.5093 	 0 
1.6834 	 1 
1.6834 	 2 
1.6834 	 0 
1.8460 	 1 
1.8460 	 2 
1.8460 	 0 
2.0085 	 1 
2.0085 	 2 
2.0085 	 0 
2.1827 	 0 
2.1827 	 1 
2.1827 	 2 
2.3452 	 0 
2.3452 	 1 
2.3452 	 2 
2.5078 	 1 
2.5194 	 0 
2.5194 	 2 
2.6703 	 0 
2.6703 	 1 
2.6819 	 2 
2.8444 	 2 
2.8444 	 0 
2.8444 	 1 
3.0070 	 1 
3.0186 	 2 
3.0186 	 0 
3.1811 	 2 
3.1811 	 0 
3.1811 	 1 
3.3437 	 2 
3.3437 	 0 
3.3437 	 1 
3.5178 	 0 
3.5178 	 1 
3.5178 	 2 
3.6804 	 1 
3.6804 	 2 
3.6804 	 0 
3.8429 	 1 
3.8429 	 2 
3.8429 	 0 
4.0054 	 1 
4.0171 	 2 
4.0171 	 0 
4.1796 	 1 
4.1796 	 0 
4.1796 	 2 
4.3421 	 0 
4.3421 	 1 
4.3421 	 2 
4.5047 	 0 
4.5163 	 1 
4.5163 	 2 
4.6788 	 0 
4.6788 	 1 
4.6788 	 2 
4.8414 	 1 
4.8414 	 0 
4.8414 	 2 
5.0039 	 0 
5.0039 	 1 
5.0155 	 2 
5.1780 	 2 
5.1780 	 1 
5.1780 	 0 
5.3406 	 2 
5.3406 	 1 
5.3406 	 0 
5.5147 	 1 
5.5147 	 0 
5.5147 	 2 
5.6657 	 1 
5.6773 	 0 
5.6773 	 2 
5.8398 	 1 
5.8514 	 0 
5.8514 	 2 
6.0140 	 0 
6.0140 	 1 
6.0140 	 2 
6.1765 	 0 
6.1765 	 2 
6.1765 	 1 
6.3390 	 2 
6.3390 	 1 
6.3390 	 0 
6.5132 	 0 
6.5132 	 1 
6.5132 	 2 
6.6757 	 1 
6.6757 	 0 
6.6757 	 2 
6.8383 	 1 
6.8499 	 0 
6.8499 	 2 
7.0124 	 0 
7.0124 	 2 
7.0124 	 1 
7.1750 	 1 
7.1750 	 0 
7.1750 	 2 
7.3375 	 1 
7.3491 	 2 
7.3491 	 0 
7.5117 	 2 
7.5117 	 0 
7.5117 	 1 
7.6742 	 2 
7.6742 	 0 
7.6858 	 1 
7.8483 	 2 
7.8483 	 1 
7.8483 	 0 
8.0109 	 0 
8.0109 	 1 
8.0109 	 2 
8.1734 	 0 
8.1734 	 1 
8.1734 	 2 
8.3360 	 1 
8.3476 	 2 
8.3476 	 0 
8.5101 	 0 
8.5101 	 2 
8.5101 	 1 
8.6727 	 0 
8.6727 	 1 
8.6727 	 2 
8.8468 	 0 
8.8468 	 1 
8.8468 	 2 
9.0093 	 2 
9.0093 	 0 
9.0093 	 1 
9.1719 	 0 
9.1719 	 1 
9.1719 	 2 
9.3344 	 1 
9.3460 	 2 
9.3460 	 0 
9.5086 	 0 
9.5086 	 1 
9.5086 	 2 
9.6711 	 2 
9.6711 	 0 
9.6711 	 1 
9.8453 	 1 
9.8453 	 0 
9.8569 	 2 
10.0078 	 2 
10.0078 	 0 
10.0078 	 1 
10.1820 	 1 
10.1820 	 2 
10.1820 	 0 
10.3329 	 1 
10.3445 	 2 
10.3445 	 0 
10.5070 	 1 
10.5070 	 0 
10.5070 	 2 
