0.0116 	 0 
0.0116 	 1 
0.0232 	 2 
0.3251 	 2 
0.3251 	 0 
0.3251 	 1 
0.6269 	 1 
0.6269 	 0 
0.6269 	 2 
0.9288 	 1 
0.9288 	 2 
0.9288 	 0 
1.0797 	 2 
1.0797 	 1 
1.0913 	 0 
1.2307 	 2 
1.2307 	 1 
1.2423 	 0 
1.3816 	 1 
1.3816 	 2 
1.3932 	 0 
1.5441 	 0 
1.5441 	 1 
1.5441 	 2 
1.8460 	 1 
1.8460 	 2 
1.8576 	 0 
2.0085 	 1 
2.0085 	 0 
2.0085 	 2 
2.1595 	 1 
2.1595 	 0 
2.1595 	 2 
2.3104 	 1 
2.3104 	 2 
2.3104 	 0 
2.4613 	 1 
2.4613 	 0 
2.4613 	 2 
2.6239 	 2 
2.7748 	 2 
2.7748 	 1 
2.7748 	 0 
3.0766 	 0 
3.0766 	 2 
3.0766 	 1 
3.3785 	 2 
3.3785 	 0 
3.3785 	 1 
3.5294 	 1 
3.5294 	 2 
3.5410 	 0 
3.6804 	 2 
3.6804 	 1 
3.6920 	 0 
3.8313 	 1 
3.8313 	 2 
3.8429 	 0 
3.9938 	 0 
3.9938 	 1 
3.9938 	 2 
4.2957 	 2 
4.2957 	 1 
4.3073 	 0 
4.4582 	 0 
4.4582 	 1 
4.4582 	 2 
4.6092 	 2 
4.6092 	 0 
4.6092 	 1 
4.7601 	 1 
4.7601 	 2 
4.7601 	 0 
4.9110 	 0 
4.9110 	 2 
4.9110 	 1 
5.0736 	 2 
5.2245 	 1 
5.2245 	 0 
5.2245 	 2 
5.3754 	 2 
5.3754 	 0 
5.3870 	 1 
5.5263 	 1 
5.5263 	 0 
5.5263 	 2 
5.6773 	 1 
5.6773 	 0 
5.6773 	 2 
5.8282 	 0 
5.8282 	 2 
5.8282 	 1 
5.9907 	 0 
5.9907 	 2 
5.9907 	 1 
6.1301 	 0 
6.1301 	 1 
6.1417 	 2 
6.2810 	 1 
6.2926 	 2 
6.2926 	 0 
6.4319 	 1 
6.4319 	 2 
6.6061 	 2 
6.6061 	 1 
6.6061 	 0 
6.7454 	 1 
6.7454 	 0 
6.7570 	 2 
6.9079 	 0 
6.9079 	 2 
6.9195 	 1 
7.0473 	 2 
7.0473 	 1 
7.0589 	 0 
7.2098 	 2 
7.2098 	 0 
7.2098 	 1 
7.3607 	 2 
7.3607 	 0 
7.3607 	 1 
7.6742 	 2 
7.6742 	 0 
7.6742 	 1 
7.8251 	 2 
7.8367 	 1 
7.8367 	 0 
7.9644 	 1 
7.9761 	 0 
7.9761 	 2 
8.1270 	 1 
8.1270 	 0 
8.1270 	 2 
8.2779 	 0 
8.2779 	 1 
8.2779 	 2 
8.4405 	 0 
8.4405 	 1 
8.4405 	 2 
8.5798 	 0 
8.5798 	 1 
8.5914 	 2 
8.7307 	 1 
8.7307 	 0 
8.7423 	 2 
8.8816 	 1 
8.8816 	 2 
9.0442 	 1 
9.0558 	 2 
9.0558 	 0 
9.1951 	 0 
9.1951 	 2 
9.1951 	 1 
9.3576 	 1 
9.3576 	 0 
9.3576 	 2 
9.4970 	 2 
9.4970 	 1 
9.5086 	 0 
9.6595 	 1 
9.6595 	 2 
9.6595 	 0 
9.8104 	 2 
9.8104 	 0 
9.8104 	 1 
10.1123 	 0 
10.1123 	 1 
10.1239 	 2 
10.4141 	 0 
10.4258 	 2 
10.4258 	 1 
10.7276 	 2 
10.7276 	 0 
10.7276 	 1 
10.8902 	 1 
10.8902 	 2 
10.8902 	 0 
11.0295 	 0 
11.0295 	 1 
11.0411 	 2 
11.1920 	 0 
11.1920 	 1 
11.1920 	 2 
11.3429 	 0 
11.3429 	 1 
11.3429 	 2 
11.5055 	 2 
11.5055 	 0 
11.5055 	 1 
11.6448 	 1 
11.6448 	 2 
11.6448 	 0 
11.8073 	 2 
11.8073 	 1 
11.9467 	 1 
11.9467 	 2 
11.9467 	 0 
12.1092 	 0 
12.1208 	 1 
12.1208 	 2 
12.2601 	 0 
12.2601 	 1 
12.2717 	 2 
12.5620 	 0 
12.5620 	 1 
12.5736 	 2 
12.8639 	 0 
12.8639 	 1 
12.8755 	 2 
13.1773 	 1 
13.1773 	 0 
13.1773 	 2 
13.3399 	 0 
13.3399 	 1 
13.3399 	 2 
13.4792 	 1 
13.4792 	 0 
13.4908 	 2 
13.6417 	 2 
13.6533 	 1 
13.6533 	 0 
13.7927 	 2 
13.7927 	 1 
13.7927 	 0 
13.9552 	 2 
13.9552 	 1 
13.9552 	 0 
14.0945 	 0 
14.0945 	 1 
14.0945 	 2 
14.2454 	 0 
14.2571 	 1 
14.2571 	 2 
14.3964 	 0 
14.3964 	 2 
14.3964 	 1 
14.5589 	 0 
14.5705 	 2 
14.5705 	 1 
14.7098 	 1 
14.7098 	 0 
14.7215 	 2 
15.0117 	 1 
15.0117 	 0 
15.0233 	 2 
15.3136 	 2 
15.3136 	 1 
15.3136 	 0 
15.6270 	 2 
15.6270 	 0 
15.6270 	 1 
15.7780 	 0 
15.7780 	 1 
15.7780 	 2 
15.9289 	 1 
15.9289 	 2 
15.9405 	 0 
16.0914 	 0 
16.0914 	 1 
16.0914 	 2 
16.2307 	 1 
16.2424 	 2 
16.2424 	 0 
16.4049 	 1 
16.4049 	 2 
16.4049 	 0 
16.5442 	 1 
16.5442 	 0 
16.5442 	 2 
16.6951 	 0 
16.7068 	 1 
16.7068 	 2 
16.8461 	 0 
16.8461 	 1 
16.8577 	 2 
17.1595 	 0 
17.1595 	 1 
17.1595 	 2 
17.4614 	 1 
17.4614 	 0 
17.4730 	 2 
17.7633 	 2 
17.7633 	 1 
17.7633 	 0 
18.0767 	 1 
18.0767 	 2 
18.0767 	 0 
18.2277 	 1 
18.2277 	 2 
18.2277 	 0 
18.3786 	 2 
18.3786 	 1 
18.3902 	 0 
18.5295 	 1 
18.5411 	 2 
18.5411 	 0 
18.6805 	 1 
18.6805 	 0 
18.6921 	 2 
18.8430 	 0 
18.8546 	 2 
18.8546 	 1 
18.9939 	 1 
18.9939 	 0 
18.9939 	 2 
19.1449 	 0 
19.1449 	 1 
19.1565 	 2 
19.2958 	 1 
19.2958 	 2 
19.2958 	 0 
19.6093 	 2 
19.6093 	 0 
19.6093 	 1 
19.9111 	 0 
19.9111 	 1 
19.9227 	 2 
20.2130 	 0 
20.2130 	 1 
20.2130 	 2 
20.3407 	 2 
20.5148 	 1 
20.5264 	 2 
20.5264 	 0 
20.8283 	 1 
20.8283 	 2 
20.8283 	 0 
20.9908 	 1 
20.9908 	 0 
20.9908 	 2 
21.1302 	 1 
21.1302 	 0 
21.1418 	 2 
21.2927 	 2 
21.2927 	 1 
21.3043 	 0 
21.4436 	 2 
21.4436 	 1 
21.4436 	 0 
21.5946 	 2 
21.6062 	 1 
21.7455 	 1 
21.7571 	 2 
21.7571 	 0 
22.0590 	 2 
22.0590 	 1 
22.0590 	 0 
22.3608 	 1 
22.3608 	 0 
22.3724 	 2 
22.6627 	 0 
22.6627 	 2 
22.6627 	 1 
22.7904 	 2 
22.9645 	 1 
22.9761 	 2 
22.9761 	 0 
23.2780 	 2 
23.2780 	 0 
23.2780 	 1 
23.4405 	 1 
23.4405 	 2 
23.4405 	 0 
23.5799 	 1 
23.5799 	 0 
23.5915 	 2 
23.7424 	 0 
23.7424 	 1 
23.7424 	 2 
23.8817 	 1 
23.8933 	 2 
23.8933 	 0 
24.0443 	 1 
24.0443 	 2 
24.1952 	 2 
24.1952 	 1 
24.1952 	 0 
24.5087 	 1 
24.5087 	 2 
24.5087 	 0 
24.8105 	 1 
24.8105 	 0 
24.8221 	 2 
24.9731 	 1 
24.9731 	 0 
24.9731 	 2 
25.1124 	 0 
25.1124 	 2 
25.1124 	 1 
25.4259 	 0 
25.4259 	 2 
25.4259 	 1 
25.5768 	 1 
25.5768 	 0 
25.5768 	 2 
25.7277 	 2 
25.7277 	 1 
25.7277 	 0 
25.8902 	 2 
26.0412 	 1 
26.0412 	 0 
26.0412 	 2 
26.1921 	 2 
26.1921 	 0 
26.2037 	 1 
26.3314 	 1 
26.3430 	 2 
26.3430 	 0 
26.6565 	 2 
26.6565 	 0 
26.6565 	 1 
26.9584 	 2 
26.9584 	 0 
26.9584 	 1 
27.2602 	 2 
27.2602 	 0 
27.2602 	 1 
27.4228 	 0 
27.4228 	 1 
27.4228 	 2 
27.5621 	 2 
27.5621 	 0 
27.5621 	 1 
27.8756 	 1 
27.8756 	 2 
27.8756 	 0 
28.0265 	 1 
28.0265 	 2 
28.0265 	 0 
28.1774 	 1 
28.1774 	 2 
28.1774 	 0 
28.3400 	 2 
28.4909 	 1 
28.4909 	 2 
28.4909 	 0 
28.6418 	 2 
28.6418 	 0 
28.6534 	 1 
28.7811 	 2 
28.7811 	 1 
28.7927 	 0 
29.1062 	 1 
29.1062 	 2 
29.1062 	 0 
29.4081 	 0 
29.4081 	 2 
29.4197 	 1 
29.7099 	 2 
29.7099 	 0 
29.7099 	 1 
30.0118 	 2 
30.0118 	 1 
30.0118 	 0 
30.3137 	 0 
30.3137 	 1 
30.3253 	 2 
30.4762 	 0 
30.4762 	 1 
30.4878 	 2 
30.9290 	 1 
30.9406 	 0 
30.9406 	 2 
31.2308 	 1 
31.2308 	 2 
31.2424 	 0 
31.3934 	 1 
31.3934 	 2 
31.3934 	 0 
31.5443 	 0 
31.5443 	 2 
31.5443 	 1 
31.8578 	 0 
31.8578 	 1 
31.8578 	 2 
32.1596 	 2 
32.1596 	 1 
32.1596 	 0 
32.4615 	 2 
32.4615 	 1 
32.4615 	 0 
32.7634 	 1 
32.7634 	 0 
32.7634 	 2 
32.9259 	 1 
32.9259 	 0 
32.9375 	 2 
33.3787 	 1 
33.3903 	 0 
33.3903 	 2 
33.6805 	 2 
33.6805 	 1 
33.6922 	 0 
33.8431 	 2 
33.8431 	 1 
33.8431 	 0 
33.9940 	 2 
33.9940 	 1 
33.9940 	 0 
34.3075 	 0 
34.3075 	 2 
34.3075 	 1 
34.4584 	 2 
34.4584 	 0 
34.4584 	 1 
34.6210 	 1 
34.6210 	 0 
34.6210 	 2 
34.7603 	 1 
34.7719 	 2 
34.7719 	 0 
34.9112 	 1 
34.9112 	 2 
34.9112 	 0 
35.2247 	 1 
35.2247 	 0 
35.2247 	 2 
35.3756 	 0 
35.3756 	 1 
35.3872 	 2 
35.5265 	 0 
35.5265 	 1 
35.5265 	 2 
35.8400 	 0 
35.8400 	 1 
35.8400 	 2 
36.1302 	 0 
36.1302 	 1 
36.1302 	 2 
36.4437 	 2 
36.4553 	 0 
36.4553 	 1 
36.7456 	 0 
36.7572 	 2 
36.7572 	 1 
36.9081 	 2 
36.9081 	 1 
36.9197 	 0 
37.0707 	 2 
37.0707 	 0 
37.0707 	 1 
37.2100 	 0 
37.2216 	 2 
37.2216 	 1 
37.3609 	 0 
37.3609 	 1 
37.3609 	 2 
37.6744 	 0 
37.6744 	 1 
37.6744 	 2 
37.8253 	 1 
37.8253 	 2 
37.8369 	 0 
37.9762 	 2 
37.9762 	 0 
37.9762 	 1 
38.2897 	 1 
38.2897 	 2 
38.2897 	 0 
38.5800 	 1 
38.5800 	 0 
38.5916 	 2 
38.8934 	 2 
38.8934 	 1 
38.9050 	 0 
39.2069 	 0 
39.2069 	 1 
39.2069 	 2 
39.5088 	 0 
39.5088 	 1 
39.5088 	 2 
39.8106 	 1 
39.8106 	 0 
39.8106 	 2 
40.1125 	 2 
40.1125 	 0 
40.1125 	 1 
40.2634 	 1 
40.2634 	 2 
40.2750 	 0 
40.4259 	 1 
40.4259 	 2 
40.4259 	 0 
40.5653 	 2 
40.5769 	 1 
40.5769 	 0 
40.7278 	 0 
40.7278 	 1 
40.7278 	 2 
40.8903 	 0 
40.8903 	 1 
40.8903 	 2 
41.0297 	 1 
41.0297 	 2 
41.0297 	 0 
41.3315 	 1 
41.3431 	 0 
41.3431 	 2 
41.6566 	 0 
41.6566 	 2 
41.6566 	 1 
41.9585 	 0 
41.9585 	 2 
41.9585 	 1 
42.2603 	 0 
42.2603 	 1 
42.2603 	 2 
42.5622 	 1 
42.5622 	 2 
42.5622 	 0 
42.7131 	 1 
42.7131 	 2 
42.7247 	 0 
42.8756 	 2 
42.8756 	 1 
42.8756 	 0 
43.0150 	 2 
43.0266 	 1 
43.0266 	 0 
43.1775 	 1 
43.1775 	 0 
43.1775 	 2 
43.3284 	 0 
43.3400 	 2 
43.3400 	 1 
43.4794 	 0 
43.4794 	 1 
43.4794 	 2 
43.7812 	 1 
43.7928 	 2 
43.7928 	 0 
44.0947 	 1 
44.0947 	 0 
44.1063 	 2 
44.2456 	 1 
44.2456 	 0 
44.2572 	 2 
44.3966 	 0 
44.3966 	 1 
44.4082 	 2 
44.5475 	 1 
44.5475 	 0 
44.5591 	 2 
44.6984 	 1 
44.7100 	 2 
44.8610 	 2 
44.8610 	 1 
44.8610 	 0 
45.0119 	 2 
45.0119 	 0 
45.0119 	 1 
45.1744 	 0 
45.1744 	 1 
45.1744 	 2 
45.3137 	 1 
45.3254 	 2 
45.3254 	 0 
45.4763 	 2 
45.4763 	 1 
45.4763 	 0 
45.6272 	 0 
45.6272 	 1 
45.6272 	 2 
45.7781 	 1 
45.7781 	 2 
45.7781 	 0 
45.9291 	 1 
45.9291 	 0 
45.9407 	 2 
46.0800 	 1 
46.0800 	 2 
46.0800 	 0 
46.2309 	 1 
46.2309 	 2 
46.4399 	 2 
46.5444 	 1 
46.5560 	 0 
46.5560 	 2 
46.6953 	 1 
46.6953 	 0 
46.7069 	 2 
46.8463 	 0 
46.8463 	 1 
46.8579 	 2 
46.9972 	 0 
46.9972 	 1 
47.0088 	 2 
47.1481 	 1 
47.1597 	 2 
47.3107 	 1 
47.3107 	 0 
47.3107 	 2 
47.4616 	 2 
47.4616 	 0 
47.4616 	 1 
47.6241 	 1 
47.6241 	 0 
47.6241 	 2 
47.7634 	 1 
47.7751 	 2 
47.7751 	 0 
47.9144 	 1 
47.9260 	 2 
47.9260 	 0 
48.0769 	 0 
48.0769 	 1 
48.0769 	 2 
48.2278 	 0 
48.2278 	 1 
48.2278 	 2 
48.3788 	 0 
48.3788 	 1 
48.3904 	 2 
48.5297 	 2 
48.5297 	 1 
48.5297 	 0 
48.6806 	 2 
48.6806 	 1 
48.8432 	 0 
48.8548 	 1 
48.8548 	 2 
48.9941 	 0 
48.9941 	 1 
49.0057 	 2 
49.1450 	 0 
49.1450 	 2 
49.1450 	 1 
49.3076 	 1 
49.3076 	 2 
49.3076 	 0 
49.4469 	 1 
49.4469 	 0 
49.4585 	 2 
49.5978 	 1 
49.6094 	 0 
49.6094 	 2 
49.7488 	 1 
49.7488 	 2 
49.9229 	 1 
49.9229 	 0 
49.9229 	 2 
50.0622 	 0 
50.0622 	 1 
50.0738 	 2 
50.2132 	 1 
50.2248 	 2 
50.2248 	 0 
50.3641 	 0 
50.3641 	 1 
50.3757 	 2 
50.5382 	 2 
50.5382 	 0 
50.5382 	 1 
50.6776 	 1 
50.6776 	 0 
50.6776 	 2 
50.8285 	 0 
50.8285 	 1 
50.8285 	 2 
50.9794 	 1 
50.9910 	 2 
50.9910 	 0 
51.1420 	 1 
51.1420 	 0 
51.1420 	 2 
51.2813 	 1 
51.2929 	 2 
51.2929 	 0 
51.4438 	 1 
51.4438 	 0 
51.4438 	 2 
51.5947 	 0 
51.5947 	 2 
51.5947 	 1 
51.7573 	 2 
51.7573 	 0 
51.7573 	 1 
51.8966 	 0 
51.8966 	 1 
51.9082 	 2 
52.0475 	 0 
52.0475 	 1 
52.0591 	 2 
52.1985 	 1 
52.1985 	 2 
52.3726 	 0 
52.3726 	 2 
52.3726 	 1 
52.5119 	 0 
52.5119 	 1 
52.5235 	 2 
52.6629 	 1 
52.6629 	 0 
52.6745 	 2 
52.8138 	 1 
52.8138 	 0 
52.8254 	 2 
52.9879 	 1 
52.9879 	 2 
52.9879 	 0 
53.1273 	 2 
53.1273 	 0 
53.1273 	 1 
53.2782 	 2 
53.2782 	 0 
53.2782 	 1 
53.4291 	 1 
53.4291 	 2 
53.4407 	 0 
53.5917 	 1 
53.5917 	 0 
53.5917 	 2 
53.7310 	 1 
53.7310 	 0 
53.7426 	 2 
53.8935 	 2 
53.8935 	 1 
53.8935 	 0 
54.1954 	 0 
54.1954 	 1 
54.2070 	 2 
54.4972 	 0 
54.4972 	 2 
54.4972 	 1 
54.6482 	 2 
54.6482 	 0 
54.6598 	 1 
54.9616 	 0 
54.9616 	 2 
54.9616 	 1 
55.2635 	 0 
55.2635 	 1 
55.2635 	 2 
55.4028 	 2 
55.4144 	 1 
55.7279 	 1 
55.7279 	 0 
55.7279 	 2 
55.8788 	 0 
55.8788 	 2 
55.8788 	 1 
56.0181 	 0 
56.0181 	 1 
56.0181 	 2 
56.3432 	 1 
56.3432 	 0 
56.3432 	 2 
56.6451 	 1 
56.6567 	 2 
56.6567 	 0 
56.9469 	 0 
56.9469 	 2 
56.9469 	 1 
57.0979 	 2 
57.1095 	 1 
57.4113 	 2 
57.4113 	 1 
57.4113 	 0 
57.7132 	 2 
57.7132 	 1 
57.7132 	 0 
57.8525 	 2 
57.8641 	 1 
58.0499 	 2 
58.1776 	 2 
58.1776 	 0 
58.1776 	 1 
58.3169 	 2 
58.3285 	 1 
58.4562 	 2 
58.4678 	 0 
58.4678 	 1 
58.7929 	 2 
58.7929 	 0 
58.7929 	 1 
59.0832 	 0 
59.0948 	 1 
59.0948 	 2 
59.3966 	 1 
59.3966 	 0 
59.3966 	 2 
59.7101 	 1 
59.7101 	 2 
59.7101 	 0 
59.8494 	 2 
59.8494 	 1 
59.8610 	 0 
60.0120 	 1 
60.0236 	 0 
60.0236 	 2 
60.1629 	 2 
60.1629 	 1 
60.1629 	 0 
60.3138 	 2 
60.3138 	 1 
60.3138 	 0 
60.4648 	 2 
60.4648 	 1 
60.4648 	 0 
60.6157 	 1 
60.6273 	 0 
60.6273 	 2 
60.7898 	 2 
60.9292 	 1 
60.9292 	 2 
60.9408 	 0 
61.0801 	 1 
61.0801 	 0 
61.0801 	 2 
61.2310 	 1 
61.2426 	 0 
61.2426 	 2 
61.3936 	 2 
61.5445 	 1 
61.5445 	 0 
61.5445 	 2 
61.8463 	 2 
61.8463 	 0 
61.8463 	 1 
62.1598 	 2 
62.1598 	 1 
62.1598 	 0 
62.2991 	 2 
62.2991 	 1 
62.3107 	 0 
62.4617 	 1 
62.4733 	 0 
62.4733 	 2 
62.6126 	 0 
62.6126 	 1 
62.6126 	 2 
62.7635 	 0 
62.7635 	 1 
62.7635 	 2 
62.9145 	 0 
62.9145 	 1 
62.9145 	 2 
63.0654 	 1 
63.0770 	 0 
63.0770 	 2 
63.2279 	 0 
63.2395 	 2 
63.2395 	 1 
63.3789 	 2 
63.3789 	 1 
63.3905 	 0 
63.5298 	 2 
63.5298 	 0 
63.5298 	 1 
63.6923 	 2 
63.6923 	 0 
63.6923 	 1 
63.9942 	 1 
63.9942 	 0 
63.9942 	 2 
64.1335 	 1 
64.1451 	 0 
64.1451 	 2 
64.2961 	 1 
64.2961 	 0 
64.2961 	 2 
64.4354 	 2 
64.4470 	 0 
64.4470 	 1 
64.7488 	 2 
64.7605 	 1 
64.7605 	 0 
65.0623 	 0 
65.0623 	 1 
65.0623 	 2 
65.2016 	 2 
65.2132 	 1 
65.5151 	 2 
65.5151 	 1 
65.8286 	 1 
65.8286 	 2 
65.8286 	 0 
65.9795 	 2 
65.9795 	 0 
65.9911 	 1 
66.1420 	 1 
66.1420 	 0 
66.1420 	 2 
66.4439 	 0 
66.4439 	 1 
66.4439 	 2 
66.5832 	 1 
66.5948 	 2 
66.5948 	 0 
66.7458 	 1 
66.7458 	 2 
66.7458 	 0 
66.8967 	 1 
66.8967 	 0 
66.8967 	 2 
67.1985 	 2 
67.2102 	 0 
67.2102 	 1 
67.5120 	 0 
67.5120 	 2 
67.5120 	 1 
67.6513 	 2 
67.6629 	 1 
67.9648 	 1 
67.9648 	 2 
68.2783 	 1 
68.2783 	 2 
68.2783 	 0 
68.4292 	 2 
68.4292 	 0 
68.4292 	 1 
68.5917 	 2 
68.5917 	 0 
68.5917 	 1 
68.7543 	 2 
68.7543 	 1 
68.8356 	 2 
68.8820 	 1 
68.8936 	 2 
68.8936 	 0 
69.0445 	 2 
69.0445 	 1 
69.2071 	 1 
69.2071 	 2 
69.4393 	 2 
69.4973 	 2 
69.4973 	 1 
69.4973 	 0 
69.6715 	 2 
69.6715 	 1 
69.9733 	 2 
69.9733 	 1 
69.9849 	 0 
70.0546 	 2 
70.1127 	 0 
70.1127 	 2 
70.1127 	 1 
70.4145 	 1 
70.4261 	 0 
70.4261 	 2 
70.6467 	 0 
70.6583 	 2 
70.6583 	 1 
70.7280 	 0 
70.7280 	 2 
70.7280 	 1 
70.8325 	 2 
71.0415 	 2 
71.0415 	 0 
71.0415 	 1 
71.2040 	 0 
71.2040 	 1 
71.2040 	 2 
71.2737 	 2 
71.3317 	 2 
71.3317 	 1 
71.3433 	 0 
71.4942 	 1 
71.4942 	 2 
71.6452 	 2 
71.6568 	 0 
71.6568 	 1 
71.8774 	 0 
71.8774 	 2 
71.8890 	 1 
71.9470 	 1 
71.9470 	 0 
71.9470 	 2 
72.1096 	 1 
72.1096 	 2 
72.4230 	 2 
72.4230 	 1 
72.5043 	 2 
72.5624 	 1 
72.5624 	 0 
72.5624 	 2 
72.8642 	 1 
72.8758 	 0 
72.8758 	 2 
73.0964 	 0 
73.1080 	 1 
73.1080 	 2 
73.1777 	 0 
73.1777 	 2 
73.1777 	 1 
73.4912 	 0 
73.4912 	 2 
73.4912 	 1 
74.0949 	 2 
74.0949 	 0 
74.0949 	 1 
74.2342 	 2 
74.2458 	 1 
74.5477 	 2 
74.5477 	 1 
74.5477 	 0 
74.6986 	 1 
74.6986 	 0 
74.6986 	 2 
75.0121 	 1 
75.0121 	 2 
75.0121 	 0 
75.1630 	 2 
75.1630 	 1 
75.1630 	 0 
75.3139 	 2 
75.3255 	 1 
75.6274 	 1 
75.6274 	 2 
75.6274 	 0 
75.9409 	 0 
75.9409 	 1 
75.9409 	 2 
76.5446 	 2 
76.5446 	 0 
76.5446 	 1 
76.6839 	 2 
76.6955 	 1 
76.9974 	 0 
76.9974 	 2 
76.9974 	 1 
77.1483 	 0 
77.1483 	 1 
77.1483 	 2 
77.4618 	 2 
77.4618 	 1 
77.4734 	 0 
77.6127 	 2 
77.6127 	 1 
77.6127 	 0 
77.7636 	 1 
77.7636 	 2 
78.0771 	 1 
78.0771 	 2 
78.0771 	 0 
78.3790 	 0 
78.3790 	 1 
78.3790 	 2 
78.5299 	 2 
78.5415 	 1 
78.9943 	 0 
79.0059 	 1 
79.0059 	 2 
79.2961 	 2 
79.2961 	 0 
79.2961 	 1 
79.4587 	 1 
79.4587 	 2 
79.9115 	 0 
79.9231 	 1 
79.9231 	 2 
80.1437 	 2 
80.1437 	 0 
80.2133 	 2 
80.2133 	 1 
80.2133 	 0 
80.3410 	 2 
80.5152 	 1 
80.5268 	 2 
80.5268 	 0 
80.7474 	 0 
80.7590 	 1 
80.7590 	 2 
80.8287 	 1 
80.8287 	 2 
80.8287 	 0 
80.9796 	 2 
80.9912 	 1 
81.2815 	 2 
81.4556 	 2 
81.4556 	 1 
81.4556 	 0 
81.6646 	 0 
81.6646 	 2 
81.6762 	 1 
81.7459 	 0 
81.7459 	 2 
81.7459 	 1 
81.8968 	 2 
81.9084 	 1 
82.3612 	 0 
82.3728 	 2 
82.3728 	 1 
82.5818 	 0 
82.5934 	 2 
82.6630 	 0 
82.6630 	 2 
82.6630 	 1 
82.9649 	 1 
82.9765 	 2 
82.9765 	 0 
83.1971 	 1 
83.2087 	 0 
83.2087 	 2 
