0.0116 	 2 
0.0116 	 1 
0.7663 	 2 
0.7663 	 1 
1.5093 	 2 
1.5209 	 0 
1.5209 	 1 
2.2523 	 1 
2.2639 	 2 
2.6355 	 2 
2.6355 	 1 
3.0070 	 0 
3.0070 	 2 
3.0070 	 1 
3.7500 	 1 
3.7616 	 2 
4.1332 	 1 
4.1448 	 2 
4.1448 	 0 
4.5163 	 1 
4.5163 	 0 
4.5163 	 2 
5.2593 	 1 
5.2593 	 2 
6.0140 	 0 
6.0140 	 2 
6.0140 	 1 
6.7570 	 2 
6.7570 	 1 
7.5117 	 0 
7.5117 	 1 
7.5117 	 2 
8.2547 	 1 
8.2663 	 2 
8.6378 	 1 
8.6378 	 0 
8.6378 	 2 
9.0093 	 2 
9.0093 	 1 
9.0210 	 0 
9.7640 	 1 
9.7640 	 2 
10.1355 	 1 
10.1355 	 2 
10.1471 	 0 
10.5070 	 2 
10.5186 	 1 
10.5186 	 0 
11.2501 	 2 
11.2501 	 1 
11.6100 	 2 
