0.0116 	 0 
0.0232 	 2 
0.3599 	 2 
0.5108 	 2 
0.5108 	 1 
0.6734 	 1 
1.0101 	 1 
1.1842 	 1 
1.3468 	 0 
1.3468 	 2 
1.6951 	 2 
1.8460 	 1 
2.1827 	 2 
2.1827 	 1 
2.3568 	 1 
2.5078 	 1 
2.6819 	 2 
2.6819 	 0 
3.0186 	 2 
3.1811 	 2 
3.1811 	 1 
3.3437 	 1 
3.6804 	 1 
3.8429 	 1 
4.0171 	 0 
4.0171 	 2 
4.3654 	 2 
4.5047 	 1 
4.8414 	 1 
4.8414 	 2 
5.0155 	 1 
5.1780 	 1 
5.3522 	 2 
5.3522 	 0 
5.7005 	 2 
5.8514 	 2 
5.8514 	 1 
6.0140 	 1 
6.3507 	 1 
6.5132 	 1 
6.6757 	 2 
6.6873 	 0 
7.0240 	 2 
7.1750 	 1 
7.5117 	 1 
7.5117 	 2 
7.6858 	 1 
7.8483 	 1 
8.0109 	 0 
8.0109 	 2 
8.3592 	 2 
8.5101 	 1 
8.5101 	 2 
8.6843 	 1 
9.0093 	 1 
9.1835 	 1 
9.3460 	 0 
9.3460 	 2 
9.6943 	 2 
9.8453 	 1 
10.1820 	 1 
10.1820 	 2 
10.3561 	 1 
10.5070 	 1 
