0.0116 	 0 
0.0116 	 2 
0.0697 	 2 
0.1277 	 2 
0.1858 	 0 
0.3367 	 2 
0.4063 	 1 
0.4644 	 2 
0.6734 	 2 
0.8359 	 0 
1.0101 	 2 
1.0101 	 1 
1.0681 	 1 
1.1726 	 0 
1.3468 	 2 
1.3468 	 1 
1.3932 	 1 
1.6718 	 1 
1.6718 	 2 
1.9969 	 1 
2.0085 	 0 
2.0085 	 2 
2.1711 	 0 
2.3452 	 2 
2.4033 	 1 
2.4613 	 2 
2.6819 	 2 
2.6819 	 0 
2.8793 	 0 
2.8793 	 2 
2.9605 	 0 
3.0070 	 2 
3.0070 	 1 
3.1231 	 2 
3.3321 	 1 
3.3321 	 2 
3.6688 	 0 
3.6804 	 2 
3.7268 	 0 
3.8545 	 0 
4.0054 	 2 
4.0635 	 1 
4.3421 	 1 
4.3421 	 2 
4.4002 	 1 
4.6788 	 1 
4.6788 	 0 
4.6788 	 2 
4.8414 	 0 
5.0039 	 1 
5.0155 	 2 
5.0620 	 1 
5.3406 	 0 
5.3522 	 2 
5.5263 	 0 
5.6773 	 2 
5.7353 	 1 
5.7934 	 2 
6.0024 	 1 
6.0140 	 2 
6.1765 	 0 
6.3390 	 1 
6.3507 	 2 
6.4087 	 1 
6.5016 	 0 
6.6757 	 1 
6.6757 	 2 
6.7338 	 1 
6.7918 	 2 
7.0008 	 1 
7.0124 	 2 
7.0705 	 1 
7.1285 	 2 
7.3375 	 2 
7.3491 	 0 
7.3956 	 1 
7.5000 	 0 
7.6742 	 1 
7.6742 	 2 
7.7206 	 1 
7.7903 	 2 
8.0109 	 0 
8.0109 	 2 
8.0109 	 1 
8.1850 	 0 
8.2199 	 2 
8.3360 	 1 
8.3476 	 2 
8.4637 	 2 
8.6727 	 2 
8.6843 	 1 
9.0093 	 2 
9.0093 	 0 
9.0674 	 2 
9.1835 	 0 
9.3460 	 2 
9.4041 	 1 
9.4621 	 2 
9.6711 	 1 
9.6827 	 2 
9.7988 	 2 
10.0078 	 0 
10.0078 	 2 
10.0542 	 1 
10.1820 	 0 
10.2168 	 2 
10.3329 	 1 
10.3445 	 2 
10.4025 	 1 
10.4606 	 2 
10.8669 	 2 
