0.0116 	 0 
0.0116 	 2 
0.0116 	 1 
0.4760 	 0 
0.4760 	 2 
0.4760 	 1 
0.9404 	 1 
0.9404 	 2 
0.9404 	 0 
1.8692 	 2 
1.8692 	 0 
1.8692 	 1 
2.4845 	 2 
2.4845 	 0 
2.4845 	 1 
2.9489 	 2 
2.9489 	 1 
2.9489 	 0 
3.4133 	 2 
3.4133 	 0 
3.4133 	 1 
4.3421 	 1 
4.6440 	 2 
4.9459 	 1 
4.9575 	 2 
4.9575 	 0 
5.4219 	 1 
5.4219 	 2 
5.4335 	 0 
5.8863 	 2 
5.8863 	 1 
5.8863 	 0 
6.8151 	 1 
6.8151 	 2 
6.8267 	 0 
7.4304 	 2 
7.4304 	 1 
7.4304 	 0 
7.8948 	 2 
7.8948 	 1 
7.8948 	 0 
8.1966 	 2 
8.2083 	 1 
8.3592 	 1 
8.3592 	 2 
8.5333 	 2 
8.5798 	 2 
8.6030 	 1 
8.6610 	 2 
8.7191 	 2 
8.7771 	 2 
9.2880 	 0 
9.2880 	 2 
9.2880 	 1 
9.5898 	 0 
9.5898 	 2 
