0.0116 	 2 
0.0116 	 1 
0.3135 	 1 
0.3251 	 2 
0.4760 	 2 
0.6269 	 1 
0.9288 	 0 
0.9404 	 2 
0.9404 	 1 
1.2539 	 1 
1.2539 	 2 
1.2539 	 0 
1.5557 	 2 
1.5557 	 1 
1.5673 	 0 
1.7183 	 2 
1.7183 	 1 
1.7183 	 0 
1.8692 	 0 
1.8692 	 2 
1.8692 	 1 
2.1711 	 2 
2.1711 	 0 
2.1827 	 1 
2.4845 	 1 
2.4845 	 0 
2.4961 	 2 
2.7980 	 1 
2.7980 	 2 
2.7980 	 0 
3.0999 	 0 
3.1115 	 2 
3.1115 	 1 
3.4133 	 1 
3.4133 	 0 
3.4133 	 2 
3.7152 	 0 
3.7268 	 1 
3.7268 	 2 
3.8777 	 2 
3.8777 	 1 
4.0287 	 1 
4.0287 	 0 
4.0287 	 2 
4.1912 	 0 
4.1912 	 2 
4.1912 	 1 
4.3421 	 1 
4.3421 	 2 
4.3421 	 0 
4.4931 	 2 
4.6440 	 1 
4.6556 	 2 
4.6556 	 0 
4.7949 	 2 
4.9575 	 1 
4.9575 	 2 
4.9575 	 0 
5.2593 	 0 
5.2709 	 2 
5.2709 	 1 
5.4335 	 2 
5.5844 	 0 
5.5844 	 1 
5.5844 	 2 
5.8863 	 1 
5.8863 	 2 
5.8863 	 0 
6.0372 	 2 
6.0372 	 1 
6.1997 	 1 
6.1997 	 2 
6.1997 	 0 
6.5016 	 2 
6.5016 	 0 
6.5132 	 1 
6.6641 	 0 
6.6641 	 2 
6.6641 	 1 
6.8151 	 1 
6.8151 	 0 
6.8151 	 2 
7.1285 	 0 
7.1285 	 2 
7.1285 	 1 
7.4304 	 0 
7.4304 	 1 
7.4420 	 2 
7.7439 	 2 
7.7439 	 0 
7.7439 	 1 
7.9064 	 2 
8.0573 	 1 
8.0573 	 2 
8.0573 	 0 
8.3592 	 1 
8.3592 	 2 
8.3592 	 0 
8.5217 	 1 
8.5217 	 2 
8.5217 	 0 
8.6727 	 2 
8.6727 	 0 
8.6727 	 1 
8.8120 	 2 
8.9745 	 0 
8.9861 	 2 
8.9861 	 1 
9.1371 	 1 
9.1371 	 2 
9.1371 	 0 
9.2880 	 0 
9.2996 	 1 
9.2996 	 2 
9.4389 	 0 
9.4389 	 1 
9.4389 	 2 
9.5898 	 0 
9.6015 	 2 
9.6015 	 1 
9.7524 	 1 
9.7524 	 0 
9.7640 	 2 
