0.0116 	 0 
0.1509 	 0 
0.4412 	 1 
0.4412 	 2 
0.5921 	 2 
0.7198 	 0 
0.8591 	 0 
1.7067 	 2 
1.7067 	 1 
2.1362 	 2 
2.1362 	 1 
2.8444 	 1 
3.1231 	 0 
3.4017 	 2 
3.4133 	 0 
3.8313 	 0 
3.9706 	 1 
3.9706 	 2 
4.1099 	 0 
4.5395 	 2 
4.5395 	 0 
4.5395 	 1 
5.1084 	 2 
5.1084 	 1 
5.2477 	 1 
5.2825 	 2 
5.3870 	 0 
5.3986 	 2 
5.6657 	 0 
5.6773 	 2 
6.2346 	 1 
6.2346 	 2 
7.9412 	 2 
7.9412 	 1 
8.3592 	 2 
8.3592 	 1 
8.4985 	 0 
8.6494 	 0 
8.6494 	 2 
8.7888 	 1 
8.7888 	 2 
8.9165 	 0 
