0.0116 	 0 
0.0232 	 2 
0.3367 	 2 
0.3483 	 0 
0.5108 	 0 
0.6618 	 2 
0.6734 	 1 
0.9985 	 2 
1.0101 	 1 
1.1610 	 2 
1.1610 	 1 
1.3235 	 2 
1.3351 	 0 
1.3468 	 1 
1.4861 	 2 
1.4977 	 1 
1.6370 	 2 
1.8228 	 0 
1.9737 	 2 
1.9853 	 1 
2.1595 	 1 
2.3104 	 2 
2.3220 	 0 
2.6471 	 2 
2.6471 	 0 
2.8096 	 0 
2.9722 	 2 
2.9838 	 1 
3.1463 	 0 
3.3088 	 1 
3.3088 	 2 
3.4714 	 2 
3.4714 	 1 
3.6339 	 0 
3.6339 	 2 
3.6571 	 1 
3.8081 	 1 
3.9706 	 2 
4.1332 	 0 
4.2841 	 2 
4.2957 	 1 
4.4582 	 1 
