0.0116 	 2 
0.0116 	 1 
0.3251 	 1 
0.3251 	 2 
0.3251 	 0 
0.6502 	 0 
0.6502 	 2 
0.6502 	 1 
0.9636 	 2 
0.9752 	 1 
1.1146 	 0 
1.1262 	 2 
1.1262 	 1 
1.2771 	 2 
1.2771 	 1 
1.2771 	 0 
1.5906 	 2 
1.5906 	 1 
1.5906 	 0 
1.9156 	 2 
1.9156 	 1 
1.9156 	 0 
2.2175 	 0 
2.2175 	 1 
2.2291 	 2 
2.5426 	 2 
2.5426 	 0 
2.5542 	 1 
2.8561 	 2 
2.8561 	 1 
3.1811 	 2 
3.1811 	 0 
3.1811 	 1 
3.3321 	 0 
3.3321 	 2 
3.3321 	 1 
3.4830 	 2 
3.4830 	 0 
3.4830 	 1 
3.6455 	 2 
3.6455 	 1 
3.6455 	 0 
3.8081 	 0 
3.8081 	 2 
3.8081 	 1 
4.1215 	 1 
4.1215 	 0 
4.1215 	 2 
4.4350 	 0 
4.4466 	 2 
4.4466 	 1 
4.7485 	 1 
4.7485 	 2 
4.7485 	 0 
5.0736 	 1 
5.0736 	 0 
5.0736 	 2 
5.3754 	 1 
5.3754 	 2 
5.5380 	 1 
5.5380 	 2 
5.7005 	 2 
5.7005 	 1 
5.7005 	 0 
6.0140 	 0 
6.0140 	 2 
6.0140 	 1 
6.3274 	 1 
6.3390 	 2 
6.3390 	 0 
6.4900 	 1 
6.4900 	 0 
6.4900 	 2 
6.6409 	 2 
6.6409 	 1 
6.6409 	 0 
6.9660 	 1 
6.9660 	 2 
6.9660 	 0 
7.2678 	 2 
7.2795 	 1 
7.5929 	 1 
7.6045 	 0 
7.6045 	 2 
7.9064 	 2 
7.9064 	 1 
8.0689 	 2 
8.0689 	 1 
8.0689 	 0 
8.2315 	 2 
8.2315 	 1 
8.2315 	 0 
8.3824 	 0 
8.3824 	 1 
8.3940 	 2 
8.5333 	 0 
8.5333 	 2 
8.5333 	 1 
8.6959 	 1 
8.6959 	 0 
8.7075 	 2 
8.8468 	 0 
8.8468 	 2 
8.8468 	 1 
9.1719 	 1 
9.1719 	 0 
9.1835 	 2 
9.4854 	 1 
9.4854 	 0 
9.4854 	 2 
