0.0116 	 0 
0.0116 	 2 
0.0116 	 1 
0.2090 	 2 
0.3251 	 1 
0.3251 	 2 
0.3251 	 0 
0.6269 	 1 
0.6385 	 2 
0.6385 	 0 
0.9520 	 2 
0.9520 	 1 
0.9520 	 0 
1.2655 	 2 
1.9040 	 2 
1.9040 	 0 
1.9040 	 1 
2.0666 	 0 
2.0666 	 1 
2.0666 	 2 
2.3800 	 0 
2.3800 	 1 
2.3800 	 2 
2.5310 	 2 
2.5310 	 0 
2.5426 	 1 
2.8444 	 0 
2.8444 	 2 
2.8444 	 1 
3.1579 	 2 
3.1579 	 1 
3.1695 	 0 
3.4830 	 2 
3.4830 	 0 
3.4830 	 1 
3.7965 	 2 
4.4350 	 1 
4.4350 	 0 
4.4350 	 2 
4.5859 	 2 
4.5976 	 0 
4.5976 	 1 
4.8994 	 1 
4.8994 	 2 
4.8994 	 0 
5.0620 	 1 
5.0620 	 2 
5.0620 	 0 
5.3754 	 2 
5.3754 	 0 
5.3754 	 1 
5.6889 	 0 
5.6889 	 2 
5.6889 	 1 
6.0024 	 2 
6.0024 	 0 
6.0140 	 1 
6.3158 	 2 
6.9544 	 1 
6.9544 	 2 
6.9544 	 0 
7.1169 	 2 
7.1169 	 1 
7.1169 	 0 
7.4304 	 1 
7.4420 	 2 
7.5813 	 0 
7.5929 	 1 
7.5929 	 2 
7.8948 	 1 
7.8948 	 0 
7.9064 	 2 
8.2083 	 1 
8.2199 	 0 
8.2199 	 2 
8.5333 	 2 
8.5333 	 1 
8.5333 	 0 
8.8468 	 2 
9.4854 	 2 
9.4854 	 1 
9.4854 	 0 
9.9614 	 0 
9.9614 	 2 
9.9614 	 1 
10.2400 	 2 
12.4575 	 2 
