0.0116 	 0 
0.0116 	 1 
0.0116 	 2 
0.3135 	 2 
0.3135 	 0 
0.3135 	 1 
0.6385 	 1 
0.6502 	 0 
0.6502 	 2 
0.9520 	 1 
0.9520 	 2 
0.9520 	 0 
1.2655 	 0 
1.2771 	 1 
1.2771 	 2 
1.5790 	 1 
1.5790 	 0 
1.5906 	 2 
1.9040 	 1 
1.9156 	 2 
1.9156 	 0 
2.3800 	 1 
2.3800 	 2 
2.3917 	 0 
2.5194 	 1 
2.5310 	 2 
2.5310 	 0 
2.8444 	 2 
2.8444 	 1 
2.8444 	 0 
3.1695 	 1 
3.1695 	 2 
3.1695 	 0 
3.4714 	 0 
3.4714 	 1 
3.4830 	 2 
3.7965 	 0 
3.7965 	 2 
3.8081 	 1 
4.1099 	 1 
4.1099 	 2 
4.1099 	 0 
4.4350 	 1 
4.4350 	 2 
4.4350 	 0 
4.9110 	 0 
4.9110 	 2 
4.9110 	 1 
5.0503 	 2 
5.0503 	 1 
5.0620 	 0 
5.3638 	 1 
5.3638 	 0 
5.3754 	 2 
5.7005 	 2 
5.7005 	 1 
5.7005 	 0 
6.0024 	 0 
6.0024 	 2 
6.0024 	 1 
6.3158 	 0 
6.3274 	 2 
6.3274 	 1 
6.6293 	 1 
6.6409 	 2 
6.6409 	 0 
6.9544 	 1 
6.9660 	 0 
6.9660 	 2 
7.4304 	 2 
7.4304 	 1 
7.4420 	 0 
7.5697 	 1 
7.5813 	 2 
7.8948 	 0 
7.8948 	 2 
7.8948 	 1 
8.2199 	 2 
8.2199 	 1 
8.2315 	 0 
8.5333 	 0 
8.5333 	 2 
8.5333 	 1 
8.8468 	 0 
8.8584 	 1 
8.8584 	 2 
9.1603 	 1 
9.1603 	 0 
9.1603 	 2 
9.4854 	 0 
9.4854 	 2 
9.4854 	 1 
9.7988 	 1 
9.7988 	 0 
9.7988 	 2 
9.9498 	 1 
9.9498 	 2 
9.9498 	 0 
11.9583 	 2 
