0.0116 	 0 
0.0116 	 2 
0.0813 	 2 
0.3251 	 2 
0.3251 	 0 
0.3251 	 1 
0.6385 	 2 
0.6385 	 1 
0.9520 	 2 
0.9636 	 0 
1.2771 	 2 
1.5906 	 2 
1.5906 	 0 
1.9040 	 2 
1.9040 	 1 
2.2175 	 2 
2.5310 	 0 
2.5310 	 2 
2.8444 	 2 
2.8561 	 0 
3.1579 	 2 
3.1695 	 1 
3.4830 	 2 
3.4830 	 0 
3.7965 	 2 
4.1099 	 2 
4.1215 	 0 
4.4234 	 2 
4.4350 	 1 
4.7369 	 2 
4.7485 	 0 
5.0620 	 0 
5.3754 	 2 
5.7005 	 1 
6.0140 	 2 
6.0140 	 0 
6.3274 	 0 
6.6409 	 2 
6.9544 	 1 
7.2678 	 2 
7.5929 	 0 
7.9064 	 2 
8.2199 	 1 
8.5333 	 0 
8.5333 	 2 
8.8584 	 0 
9.1719 	 2 
9.4854 	 1 
9.7988 	 2 
