0.0116 	 0 
0.3019 	 2 
0.3715 	 2 
0.4876 	 2 
0.4992 	 0 
0.5108 	 2 
0.5108 	 1 
0.6153 	 2 
0.6153 	 1 
0.7430 	 1 
0.7663 	 2 
0.8707 	 1 
0.8707 	 2 
0.9752 	 0 
1.1146 	 1 
1.1262 	 2 
1.2307 	 0 
1.2887 	 0 
1.3468 	 2 
1.4048 	 0 
1.4861 	 2 
1.4861 	 0 
1.4977 	 1 
1.6022 	 1 
1.6138 	 2 
1.7183 	 1 
1.7299 	 2 
1.8460 	 1 
1.8576 	 2 
1.9505 	 0 
2.2059 	 2 
2.2059 	 1 
2.2059 	 0 
2.4497 	 0 
2.4613 	 2 
2.4613 	 1 
2.5774 	 1 
2.5890 	 2 
2.6935 	 1 
2.7051 	 2 
2.8212 	 1 
2.8328 	 2 
2.9373 	 0 
3.0650 	 1 
3.0766 	 2 
3.1811 	 0 
3.1811 	 2 
3.2392 	 0 
3.3088 	 2 
3.3553 	 0 
3.4249 	 2 
3.4366 	 1 
3.5410 	 0 
3.6688 	 1 
3.6804 	 2 
3.7849 	 1 
3.8081 	 2 
