0.0116 	 0 
0.0464 	 2 
0.2554 	 2 
0.2554 	 1 
0.4876 	 2 
0.4992 	 0 
0.4992 	 1 
0.6153 	 2 
0.6153 	 1 
0.7314 	 1 
0.8591 	 2 
0.9636 	 0 
1.2307 	 2 
1.2307 	 1 
1.4745 	 2 
1.4745 	 0 
1.4745 	 1 
1.5906 	 2 
1.6022 	 1 
1.7067 	 1 
1.8344 	 2 
1.9505 	 0 
2.0085 	 2 
2.0898 	 1 
2.1943 	 1 
2.2059 	 2 
2.4381 	 2 
2.4497 	 1 
2.4497 	 0 
2.5774 	 1 
2.6819 	 1 
2.8096 	 2 
2.9257 	 0 
3.0650 	 1 
3.0650 	 0 
3.1695 	 1 
3.1811 	 2 
3.4249 	 1 
3.4249 	 0 
3.4366 	 2 
3.4830 	 0 
3.5410 	 1 
3.6688 	 1 
3.7500 	 1 
3.7849 	 2 
3.8081 	 1 
