0.0116 	 2 
0.0116 	 1 
0.3831 	 0 
0.3831 	 2 
0.3831 	 1 
0.7430 	 2 
0.7430 	 1 
0.9056 	 2 
1.1029 	 1 
1.1029 	 2 
1.1029 	 0 
1.4745 	 2 
1.4861 	 1 
1.6254 	 1 
1.6486 	 0 
1.6486 	 1 
1.8344 	 0 
1.8344 	 1 
1.8344 	 2 
2.0201 	 2 
2.0434 	 1 
2.2175 	 2 
2.5774 	 1 
2.5774 	 2 
2.7516 	 0 
2.9373 	 1 
2.9373 	 0 
2.9373 	 2 
3.1115 	 0 
3.1115 	 2 
3.2972 	 2 
3.2972 	 1 
3.2972 	 0 
3.4946 	 2 
3.5062 	 1 
3.6688 	 2 
3.6804 	 1 
3.8429 	 2 
4.0287 	 1 
4.0287 	 2 
4.0403 	 0 
4.2144 	 0 
4.2144 	 1 
