0.0116 	 2 
0.0116 	 1 
0.3831 	 2 
0.3831 	 0 
0.3947 	 1 
0.5573 	 1 
0.5689 	 2 
0.5689 	 0 
0.7546 	 2 
0.7546 	 0 
0.9172 	 1 
0.9288 	 2 
0.9404 	 0 
1.1146 	 1 
1.1146 	 2 
1.1146 	 0 
1.4861 	 1 
1.4861 	 0 
1.4861 	 2 
1.6602 	 1 
1.6602 	 0 
1.6602 	 2 
1.8344 	 1 
1.8460 	 2 
1.8460 	 0 
2.2059 	 2 
2.2059 	 0 
2.2059 	 1 
2.3917 	 2 
2.5774 	 2 
2.5774 	 1 
2.5774 	 0 
2.7516 	 1 
2.7516 	 0 
2.7516 	 2 
2.9373 	 2 
2.9373 	 0 
3.1231 	 0 
3.1231 	 1 
3.1231 	 2 
3.2972 	 1 
3.3088 	 2 
3.3088 	 0 
3.6688 	 2 
3.6688 	 0 
3.6688 	 1 
3.8429 	 2 
3.8429 	 1 
3.8545 	 0 
4.0403 	 2 
4.0519 	 0 
4.0519 	 1 
4.2260 	 1 
4.2260 	 2 
