0.0116 	 0 
0.0116 	 2 
0.0116 	 1 
0.1509 	 2 
0.1509 	 1 
0.2786 	 0 
0.2786 	 1 
0.2786 	 2 
0.4180 	 2 
0.4180 	 0 
0.4180 	 1 
0.5457 	 1 
0.5457 	 2 
0.5457 	 0 
0.8359 	 2 
0.9520 	 2 
0.9520 	 1 
0.9520 	 0 
1.0913 	 2 
1.0913 	 1 
1.2190 	 2 
1.3468 	 1 
1.3468 	 0 
1.3468 	 2 
1.4861 	 2 
1.4861 	 1 
1.4861 	 0 
1.6254 	 2 
1.6254 	 1 
1.8808 	 1 
1.8808 	 0 
1.8924 	 2 
2.0201 	 1 
2.0201 	 2 
2.0201 	 0 
2.1711 	 2 
2.2872 	 1 
2.2872 	 0 
2.2872 	 2 
2.4265 	 1 
2.4265 	 2 
2.4265 	 0 
2.6935 	 1 
2.6935 	 0 
2.6935 	 2 
2.8444 	 2 
2.9605 	 2 
3.0883 	 1 
3.0999 	 2 
3.0999 	 0 
3.2276 	 0 
3.2276 	 2 
3.2276 	 1 
3.4946 	 0 
3.4946 	 2 
3.4946 	 1 
3.7616 	 2 
3.7616 	 1 
3.7732 	 0 
4.0403 	 2 
4.1680 	 2 
4.1680 	 1 
4.1680 	 0 
4.2957 	 2 
4.2957 	 1 
4.3073 	 0 
4.4350 	 2 
4.4350 	 0 
4.4350 	 1 
4.5627 	 2 
4.5627 	 0 
4.5627 	 1 
4.7020 	 2 
4.7020 	 0 
4.7020 	 1 
4.8298 	 2 
4.8414 	 0 
4.8414 	 1 
4.9691 	 1 
4.9691 	 2 
4.9691 	 0 
5.0968 	 1 
5.0968 	 2 
5.0968 	 0 
5.5031 	 2 
5.5031 	 1 
5.5147 	 0 
5.6424 	 1 
5.6424 	 2 
5.6424 	 0 
5.8979 	 0 
5.9095 	 2 
5.9095 	 1 
6.1881 	 2 
6.3042 	 0 
6.3042 	 2 
6.3042 	 1 
6.4435 	 1 
6.4435 	 2 
6.4435 	 0 
6.5712 	 1 
6.5829 	 2 
6.7106 	 1 
6.7106 	 0 
6.7106 	 2 
6.8499 	 1 
6.8499 	 2 
6.9776 	 1 
6.9776 	 0 
6.9776 	 2 
7.1053 	 2 
7.1053 	 1 
7.1169 	 0 
7.2446 	 1 
7.2446 	 0 
7.2446 	 2 
7.3723 	 1 
7.3839 	 2 
7.5349 	 2 
7.6394 	 0 
7.6510 	 1 
7.6510 	 2 
7.7787 	 2 
7.7787 	 1 
7.7787 	 0 
7.9180 	 2 
7.9180 	 1 
8.0457 	 0 
8.0457 	 2 
8.0457 	 1 
8.3244 	 1 
8.3244 	 0 
8.3244 	 2 
8.4405 	 1 
8.4521 	 0 
8.4521 	 2 
