0.0580 	 2 
0.1161 	 0 
0.1393 	 2 
0.2554 	 1 
0.3831 	 2 
0.3831 	 1 
0.5108 	 1 
0.6269 	 1 
0.7430 	 2 
0.7546 	 0 
0.8243 	 0 
0.8707 	 0 
0.8940 	 2 
1.0217 	 1 
1.1262 	 0 
1.2539 	 2 
1.2655 	 1 
1.5093 	 0 
1.6254 	 0 
1.7531 	 2 
1.7647 	 1 
1.8808 	 2 
1.8924 	 1 
2.0085 	 2 
2.0085 	 0 
2.0666 	 2 
2.1246 	 0 
2.1478 	 2 
2.2639 	 1 
2.3800 	 0 
2.4265 	 2 
2.5078 	 1 
2.5078 	 2 
2.6471 	 1 
2.7400 	 2 
2.7632 	 0 
2.8212 	 0 
2.8793 	 0 
2.9025 	 2 
3.0186 	 1 
3.1347 	 0 
3.2624 	 2 
3.2624 	 1 
3.4133 	 1 
3.4946 	 2 
3.5062 	 0 
3.5759 	 0 
3.7616 	 2 
3.8777 	 2 
3.9010 	 1 
3.9822 	 1 
3.9938 	 2 
4.0054 	 0 
4.1215 	 0 
4.2493 	 2 
4.2609 	 1 
4.3654 	 0 
4.4234 	 2 
4.5163 	 1 
4.5163 	 2 
4.6672 	 1 
4.7485 	 2 
4.7601 	 0 
4.8181 	 0 
4.8762 	 0 
4.8994 	 2 
5.1316 	 0 
5.1780 	 2 
5.2593 	 2 
5.2593 	 1 
5.5031 	 0 
5.5031 	 2 
5.5031 	 1 
5.6192 	 0 
5.7702 	 1 
5.8746 	 0 
6.0140 	 2 
6.0140 	 1 
6.2462 	 2 
6.2578 	 0 
6.3158 	 0 
6.5132 	 1 
6.5132 	 2 
6.6177 	 0 
6.6757 	 2 
6.7570 	 2 
6.7686 	 1 
6.8847 	 1 
6.8847 	 2 
7.0008 	 2 
7.1401 	 1 
7.1401 	 2 
7.2562 	 0 
7.2562 	 2 
7.3143 	 2 
7.3723 	 0 
7.3956 	 2 
7.4536 	 2 
7.5000 	 2 
7.5117 	 1 
7.6394 	 2 
7.6394 	 1 
7.7322 	 2 
7.8716 	 2 
7.8948 	 1 
