0.0116 	 2 
0.0116 	 1 
0.1277 	 2 
0.1509 	 1 
0.2786 	 2 
0.2786 	 1 
0.4180 	 2 
0.4180 	 1 
0.4180 	 0 
0.6850 	 2 
0.8127 	 0 
0.8127 	 2 
0.8127 	 1 
1.0797 	 1 
1.0913 	 2 
1.2074 	 2 
1.2074 	 1 
1.2190 	 0 
1.3468 	 2 
1.3468 	 1 
1.4861 	 2 
1.4861 	 1 
1.6138 	 1 
1.6138 	 2 
1.6254 	 0 
1.7647 	 2 
1.8808 	 2 
1.8924 	 1 
2.0201 	 2 
2.0317 	 0 
2.1478 	 1 
2.1478 	 2 
2.2872 	 1 
2.2872 	 2 
2.4265 	 2 
2.4265 	 1 
2.4265 	 0 
2.5426 	 2 
2.6935 	 2 
2.6935 	 1 
2.8212 	 2 
2.8212 	 1 
2.8328 	 0 
2.9605 	 2 
2.9605 	 1 
3.0883 	 2 
3.0883 	 0 
3.0883 	 1 
3.3553 	 1 
3.3669 	 0 
3.3669 	 2 
3.4830 	 1 
3.4946 	 0 
3.4946 	 2 
3.7616 	 0 
3.7616 	 2 
3.7616 	 1 
4.0287 	 1 
4.0403 	 2 
4.1680 	 2 
4.1680 	 0 
4.1680 	 1 
4.2957 	 2 
4.2957 	 0 
4.2957 	 1 
4.4350 	 1 
4.5627 	 2 
4.6904 	 1 
4.7020 	 0 
4.7020 	 2 
4.9691 	 2 
5.0968 	 1 
5.0968 	 2 
5.1084 	 0 
5.3754 	 2 
5.4915 	 1 
5.5031 	 2 
5.5031 	 0 
5.6308 	 1 
5.6308 	 2 
5.7702 	 1 
5.7702 	 2 
5.8979 	 1 
5.8979 	 2 
5.9095 	 0 
6.0372 	 1 
6.0604 	 2 
6.1765 	 1 
6.1765 	 2 
6.2926 	 1 
6.3042 	 0 
6.3042 	 2 
6.4319 	 2 
6.4319 	 1 
6.4319 	 0 
6.5712 	 2 
6.5712 	 1 
6.8383 	 2 
6.8383 	 1 
6.8383 	 0 
6.9660 	 2 
6.9776 	 1 
7.1053 	 2 
7.1169 	 0 
7.1169 	 1 
7.2446 	 2 
7.2562 	 1 
7.3839 	 1 
7.3839 	 2 
7.6510 	 1 
7.6510 	 2 
7.6510 	 0 
7.9064 	 1 
7.9180 	 0 
7.9180 	 2 
8.0225 	 1 
8.0341 	 2 
8.1850 	 2 
11.9467 	 2 
