0.0116 	 1 
0.0116 	 2 
0.1277 	 1 
0.1277 	 2 
0.2554 	 2 
0.4992 	 0 
0.5108 	 1 
0.5108 	 2 
0.6269 	 2 
0.7779 	 2 
0.8824 	 2 
0.9056 	 1 
1.0101 	 2 
1.1262 	 2 
1.2655 	 2 
1.3700 	 1 
1.3816 	 2 
1.4977 	 2 
1.4977 	 1 
1.6486 	 2 
1.8924 	 2 
1.9040 	 1 
2.0201 	 2 
2.1246 	 1 
2.1362 	 2 
2.2639 	 2 
2.3684 	 1 
2.3800 	 2 
2.5078 	 2 
2.5078 	 1 
2.6355 	 2 
2.6355 	 1 
2.7516 	 1 
2.7632 	 2 
2.8909 	 2 
2.9025 	 1 
3.0302 	 2 
3.1463 	 2 
3.2624 	 2 
3.3785 	 2 
3.3785 	 1 
3.5062 	 2 
3.5062 	 1 
3.7616 	 1 
4.0054 	 0 
4.0054 	 2 
4.0054 	 1 
4.5047 	 2 
4.5047 	 0 
4.5047 	 1 
4.6324 	 1 
4.6440 	 2 
4.7717 	 2 
4.8878 	 2 
4.8994 	 1 
5.0155 	 2 
5.1316 	 2 
5.2593 	 1 
5.2593 	 2 
5.3058 	 1 
5.3638 	 1 
5.3754 	 2 
5.5031 	 0 
5.5031 	 1 
5.5147 	 2 
5.6308 	 2 
5.7585 	 1 
5.7585 	 2 
5.8863 	 2 
6.0256 	 2 
6.1533 	 2 
6.2694 	 2 
6.3739 	 1 
6.3739 	 2 
6.5016 	 2 
6.5132 	 1 
6.6409 	 2 
6.7686 	 2 
6.8963 	 2 
7.0124 	 2 
7.0124 	 1 
7.1285 	 1 
7.1285 	 2 
7.2562 	 1 
7.2562 	 2 
7.3723 	 1 
7.3839 	 2 
7.5000 	 0 
7.5000 	 1 
7.5000 	 2 
7.6394 	 2 
7.7671 	 1 
7.7787 	 2 
7.8716 	 2 
12.8871 	 2 
