0.0116 	 0 
0.0116 	 1 
0.0116 	 2 
0.1509 	 2 
0.2786 	 1 
0.2786 	 2 
0.2786 	 0 
0.4180 	 2 
0.4180 	 1 
0.5457 	 1 
0.5573 	 2 
0.5573 	 0 
0.6850 	 0 
0.6850 	 2 
0.6850 	 1 
0.9520 	 0 
0.9520 	 1 
0.9636 	 2 
1.0797 	 0 
1.0797 	 2 
1.0797 	 1 
1.3584 	 0 
1.3584 	 2 
1.3584 	 1 
1.4745 	 1 
1.4861 	 2 
1.4861 	 0 
1.6254 	 0 
1.6254 	 2 
1.6254 	 1 
1.8692 	 2 
2.0201 	 0 
2.0201 	 1 
2.0317 	 2 
2.1595 	 0 
2.1595 	 2 
2.1595 	 1 
2.4265 	 0 
2.4265 	 2 
2.4265 	 1 
2.5658 	 2 
2.6935 	 1 
2.6935 	 0 
2.7051 	 2 
2.8212 	 2 
2.8212 	 1 
2.8212 	 0 
2.9605 	 1 
2.9605 	 0 
2.9605 	 2 
3.0999 	 1 
3.0999 	 2 
3.0999 	 0 
3.3669 	 2 
3.3669 	 1 
3.3669 	 0 
3.4946 	 2 
3.4946 	 0 
3.4946 	 1 
3.7616 	 0 
3.7616 	 1 
3.7732 	 2 
3.9010 	 0 
3.9010 	 1 
3.9010 	 2 
4.1680 	 1 
4.1680 	 2 
4.1680 	 0 
4.2957 	 0 
4.2957 	 1 
4.2957 	 2 
4.5627 	 1 
4.5627 	 0 
4.5627 	 2 
4.7020 	 1 
4.7020 	 2 
4.8414 	 2 
4.9575 	 2 
4.9575 	 1 
4.9575 	 0 
5.1084 	 1 
5.1084 	 2 
5.1084 	 0 
5.2361 	 2 
5.2361 	 1 
5.2361 	 0 
5.3638 	 2 
5.5031 	 1 
5.5031 	 0 
5.5147 	 2 
5.6424 	 2 
5.6424 	 1 
5.6424 	 0 
5.9095 	 2 
5.9095 	 1 
5.9095 	 0 
6.0488 	 2 
6.1533 	 2 
6.3042 	 0 
6.3042 	 1 
6.3158 	 2 
6.4435 	 2 
6.4435 	 0 
6.4435 	 1 
6.5829 	 2 
6.5829 	 1 
6.7106 	 2 
6.7106 	 0 
6.7106 	 1 
6.8499 	 2 
6.9776 	 1 
6.9776 	 0 
6.9776 	 2 
7.1053 	 0 
7.1053 	 2 
7.1053 	 1 
7.2446 	 0 
7.2446 	 1 
7.2446 	 2 
7.5000 	 2 
7.6510 	 0 
7.6510 	 2 
7.6510 	 1 
7.7787 	 0 
7.7787 	 2 
7.7787 	 1 
8.0457 	 1 
8.0573 	 0 
8.0573 	 2 
8.1850 	 1 
8.1850 	 0 
8.1850 	 2 
8.4521 	 0 
8.4521 	 1 
8.4521 	 2 
