0.0116 	 2 
0.0116 	 1 
0.2902 	 2 
0.2902 	 1 
0.2902 	 0 
0.4180 	 2 
0.4180 	 1 
0.5573 	 1 
0.5689 	 2 
0.6966 	 2 
0.6966 	 1 
0.6966 	 0 
0.8243 	 1 
0.8475 	 2 
0.9636 	 1 
0.9752 	 0 
0.9752 	 2 
1.0913 	 1 
1.1029 	 2 
1.1029 	 0 
1.2307 	 1 
1.2307 	 0 
1.2307 	 2 
1.5093 	 0 
1.5093 	 2 
1.5093 	 1 
1.6370 	 2 
1.6370 	 1 
1.7763 	 2 
1.7763 	 1 
1.7763 	 0 
1.9040 	 2 
1.9040 	 1 
1.9040 	 0 
2.1827 	 1 
2.1943 	 2 
2.1943 	 0 
2.3104 	 0 
2.3220 	 2 
2.4497 	 0 
2.4497 	 1 
2.4497 	 2 
2.7167 	 1 
2.7167 	 0 
2.7283 	 2 
2.8444 	 2 
2.8561 	 1 
2.9954 	 1 
2.9954 	 2 
3.1231 	 0 
3.1347 	 1 
3.1347 	 2 
3.2508 	 1 
3.2508 	 0 
3.2624 	 2 
3.5294 	 1 
3.5410 	 0 
3.5410 	 2 
3.6571 	 1 
3.6571 	 2 
3.6571 	 0 
3.9358 	 2 
3.9358 	 1 
4.0635 	 2 
4.0635 	 1 
4.2144 	 1 
4.2144 	 2 
4.2144 	 0 
4.4698 	 1 
4.4698 	 2 
4.4698 	 0 
4.7369 	 0 
4.7369 	 1 
4.7485 	 2 
4.8762 	 2 
4.8762 	 1 
5.0155 	 2 
5.2825 	 1 
5.2825 	 2 
5.2825 	 0 
5.5496 	 0 
5.5496 	 1 
5.5612 	 2 
5.6889 	 2 
5.8398 	 2 
5.9559 	 0 
5.9559 	 1 
5.9675 	 2 
6.0952 	 1 
6.0952 	 2 
6.3623 	 0 
6.3623 	 1 
6.3623 	 2 
