0.1509 	 1 
0.4180 	 2 
0.5573 	 1 
0.6850 	 0 
0.6850 	 2 
0.8127 	 2 
0.9636 	 1 
1.2190 	 2 
1.2307 	 0 
1.4861 	 2 
1.6254 	 2 
1.7763 	 1 
2.0317 	 0 
2.0317 	 2 
2.2988 	 2 
2.3104 	 0 
2.4381 	 2 
2.8444 	 2 
2.8444 	 0 
3.1115 	 2 
3.1231 	 1 
3.2392 	 1 
3.2508 	 2 
3.6571 	 2 
3.7965 	 1 
3.9242 	 2 
3.9358 	 1 
4.0519 	 2 
4.2028 	 1 
4.4698 	 2 
4.4698 	 0 
4.7369 	 2 
4.7369 	 0 
4.8646 	 2 
5.0155 	 1 
5.2709 	 2 
5.2825 	 0 
5.5496 	 2 
5.5496 	 1 
5.6773 	 2 
5.9559 	 1 
6.0836 	 2 
6.3507 	 2 
6.3623 	 0 
6.7106 	 1 
6.7802 	 1 
