0.0116 	 0 
0.0116 	 2 
0.0116 	 1 
0.4063 	 2 
0.6734 	 2 
0.6850 	 0 
0.6850 	 1 
1.2190 	 2 
1.2307 	 0 
1.2307 	 1 
1.6254 	 2 
1.8924 	 2 
1.9040 	 1 
2.0201 	 2 
2.0434 	 1 
2.4381 	 2 
2.7051 	 2 
2.7051 	 1 
2.8328 	 2 
2.9954 	 1 
3.1231 	 0 
3.2508 	 2 
3.2508 	 0 
3.5294 	 1 
3.6455 	 2 
3.6571 	 1 
3.9242 	 2 
3.9358 	 1 
3.9358 	 0 
4.2028 	 1 
4.3305 	 0 
4.4582 	 2 
4.4698 	 0 
4.8646 	 2 
5.1316 	 2 
5.1432 	 1 
5.2593 	 2 
5.4219 	 1 
5.5380 	 2 
5.5612 	 0 
5.6657 	 2 
5.8282 	 1 
5.9559 	 0 
6.0720 	 2 
6.2346 	 1 
6.3623 	 0 
