0.1393 	 2 
0.1509 	 1 
0.4180 	 2 
0.4180 	 0 
0.6850 	 1 
0.6850 	 2 
1.0913 	 2 
1.0913 	 0 
1.2307 	 2 
1.3584 	 1 
1.4861 	 0 
1.4977 	 2 
1.6254 	 2 
1.6370 	 0 
1.7647 	 1 
1.7879 	 2 
1.8924 	 2 
1.9040 	 1 
2.1711 	 1 
2.3104 	 2 
2.3104 	 0 
2.4381 	 1 
2.5774 	 1 
2.8444 	 2 
2.8561 	 0 
3.5178 	 1 
3.5294 	 2 
3.7965 	 1 
3.9358 	 0 
3.9358 	 2 
4.0635 	 2 
4.2028 	 1 
4.3305 	 2 
4.3421 	 0 
4.4698 	 2 
4.6092 	 1 
4.6208 	 2 
4.7369 	 2 
4.7369 	 0 
4.8762 	 2 
4.8762 	 0 
5.1432 	 1 
5.1432 	 2 
5.4102 	 1 
5.5496 	 0 
5.5496 	 2 
5.8166 	 1 
5.8398 	 2 
5.9559 	 2 
5.9559 	 0 
6.0952 	 1 
6.0952 	 2 
