0.000	0
0.010	2
0.300	2
0.450	0
0.600	1
0.600	2
0.900	2
1.050	0
1.050	1
1.200	0
1.200	2
1.350	1
1.350	2
1.500	2
1.650	0
1.800	1
1.800	2
1.950	2
2.090	1
2.250	1
2.400	0
2.400	2
2.700	2
2.850	0
2.850	2
3.000	1
3.000	2
3.300	2
3.450	0
3.450	1
3.600	0
3.600	2
3.750	1
3.750	2
3.900	2
4.050	0
4.200	1
4.200	2
4.500	0
4.500	1
4.500	2
4.650	0
4.650	2
4.800	0
4.800	2
5.110	2
5.250	0
5.400	1
5.400	2
5.700	2
5.850	0
5.850	1
5.990	0
5.990	2
6.150	1
6.150	2
6.300	2
6.450	0
6.600	1
6.600	2
6.900	0
6.900	2
7.050	0
7.050	1
7.060	2
7.200	0
7.200	2
7.500	0
7.500	2
7.800	1
7.800	2
8.090	2
8.250	1
8.390	0
8.390	2
8.550	1
8.550	2
8.700	2
8.850	0
9.000	1
9.000	2
9.300	2
9.450	1
9.450	2
