0.000	0
0.000	2
0.240	2
0.370	0
0.490	1
0.490	2
0.740	0
0.740	2
0.990	0
0.990	2
1.240	2
1.370	1
1.370	2
1.610	0
1.740	0
1.740	1
1.740	2
1.990	0
1.990	2
2.250	2
2.370	0
2.490	1
2.490	2
2.740	0
2.740	2
2.990	0
2.990	2
3.250	1
3.250	2
3.370	1
3.370	2
3.490	1
3.490	2
3.610	0
3.740	2
3.990	0
3.990	2
4.240	2
4.370	0
4.490	1
4.490	2
4.740	0
4.740	2
4.990	0
4.990	2
5.240	1
5.240	2
5.370	1
5.370	2
5.620	0
5.620	2
5.750	2
5.870	1
5.990	0
5.990	2
6.130	1
6.240	2
6.370	0
6.500	1
6.500	2
6.620	0
6.740	2
6.990	0
6.990	2
7.240	1
7.240	2
7.490	2
7.740	0
7.740	1
7.740	2
7.870	1
7.870	2
7.990	0
7.990	2
8.240	1
8.240	2
8.370	0
8.490	1
8.490	2
8.740	0
8.740	2
8.990	0
8.990	2
9.240	2
9.490	1
9.490	2
9.610	0
9.750	2
