0.270	1
0.540	1
0.540	2
0.810	0
0.810	1
1.090	1
1.090	2
1.220	1
1.220	2
1.360	0
1.360	1
1.360	2
1.630	0
1.630	1
1.630	2
1.900	1
1.900	2
2.180	0
2.180	1
2.180	2
2.580	0
2.580	1
2.580	2
2.720	1
2.720	2
3.270	1
3.270	2
3.540	1
3.540	2
3.680	1
3.810	1
3.810	2
3.950	1
4.220	1
4.220	2
4.360	0
4.360	1
4.360	2
4.630	1
4.770	0
4.900	1
4.900	2
5.180	1
5.450	0
5.450	1
5.450	2
5.720	1
5.720	2
6.000	1
6.000	2
6.270	1
6.270	2
6.540	0
6.540	1
6.540	2
6.810	1
6.940	0
7.090	1
7.090	2
7.360	0
7.360	1
7.630	1
7.630	2
7.770	1
7.770	2
7.900	1
7.900	2
8.040	1
8.040	2
