0.320	2
0.500	1
0.670	2
0.980	0
0.980	2
1.330	2
1.500	1
1.660	2
1.990	0
1.990	2
2.170	1
2.320	2
2.650	0
2.650	2
2.990	2
3.160	1
3.330	2
3.650	0
3.650	2
4.000	2
4.160	1
4.160	2
4.320	2
4.660	0
4.660	2
4.980	0
4.980	2
5.170	1
5.330	0
5.330	2
5.660	2
5.840	1
5.990	2
6.330	0
6.330	2
6.660	2
6.830	1
6.830	2
6.990	2
7.320	0
7.320	2
7.510	1
7.510	2
7.660	2
7.990	0
7.990	2
8.320	2
8.500	1
8.500	2
8.660	2
8.990	0
8.990	2
9.330	2
9.500	1
9.500	2
9.640	2
9.990	0
9.990	2
10.320	1
10.320	2
10.500	1
10.660	0
10.990	2
11.160	1
11.320	2
11.660	0
11.660	2
12.000	2
12.160	1
12.160	2
12.330	2
12.660	0
12.660	2
12.840	1
12.980	2
13.320	0
13.320	2
13.660	2
13.840	1
13.840	2
13.990	2
14.330	0
14.330	2
14.650	2
14.830	1
14.830	2
15.000	2
15.320	0
15.320	2
15.650	1
15.650	2
15.980	0
15.980	2
16.330	2
16.500	1
16.500	2
16.660	2
17.000	0
17.000	2
17.310	2
17.500	1
17.500	2
17.660	2
17.980	2
17.990	0
18.310	1
18.310	2
18.660	0
18.660	2
19.000	2
19.160	1
19.160	2
19.320	2
19.650	0
19.650	2
19.990	2
20.170	1
20.170	2
20.310	2
20.650	0
20.650	2
20.990	1
20.990	2
