0.110	0
0.440	2
0.640	1
1.060	2
1.270	1
1.700	2
1.910	1
2.020	0
2.340	2
2.650	0
2.960	2
3.600	2
4.230	2
4.880	2
5.510	2
6.130	2
6.770	2
7.280	1
7.420	1
7.600	1
7.710	0
8.240	1
8.360	0
9.000	0
9.650	0
10.190	1
10.300	0
10.300	2
10.630	0
10.630	2
10.820	1
10.940	0
11.580	0
11.900	1
12.220	0
12.220	2
12.870	0
13.190	2
13.390	1
13.510	0
14.140	2
14.460	2
14.780	0
14.780	2
15.440	0
15.440	1
15.760	2
15.940	1
16.080	0
16.080	2
16.400	0
16.400	2
16.600	1
16.730	0
17.050	0
17.050	1
17.050	2
17.370	0
17.570	1
17.700	0
17.700	2
18.010	1
18.530	1
18.660	0
18.980	1
19.310	0
19.310	2
19.640	0
19.640	2
19.840	1
19.960	0
19.960	2
20.170	1
20.600	0
20.600	2
20.930	0
21.130	1
21.780	1
22.240	0
22.440	1
22.560	0
22.560	2
22.730	1
22.860	0
22.860	2
23.060	1
23.180	0
23.180	2
23.500	0
23.830	0
23.830	2
24.040	1
25.500	1
25.830	0
26.160	0
26.360	1
26.490	0
26.820	1
27.140	0
27.140	2
27.470	0
27.470	2
27.650	1
27.790	0
28.120	0
28.120	1
28.450	0
28.980	1
29.110	0
29.290	1
29.440	1
29.630	1
29.750	0
29.750	1
