0.480	1
0.610	1
0.710	1
0.830	1
0.940	1
1.050	1
1.170	0
1.170	2
1.690	1
1.690	2
1.940	0
1.940	1
1.940	2
2.430	2
2.670	1
2.670	2
2.910	0
3.160	0
3.160	2
3.660	1
3.660	2
3.900	0
3.910	2
4.140	1
4.140	2
4.630	1
4.630	2
4.880	2
5.620	1
5.850	2
5.870	0
6.120	2
6.360	2
6.600	1
6.600	2
7.090	0
7.090	2
7.590	1
7.590	2
7.840	0
7.840	2
8.320	2
8.330	0
8.570	1
8.810	0
8.810	2
9.050	0
9.560	1
9.560	2
9.810	0
9.810	2
10.060	2
10.290	0
10.290	1
10.290	2
10.530	1
10.780	0
10.780	2
11.030	0
11.030	2
11.520	1
11.520	2
11.770	0
11.770	2
12.260	2
12.500	1
12.740	0
12.740	2
12.990	0
13.490	1
13.740	0
13.990	2
14.230	0
14.230	2
14.480	1
14.480	2
14.720	0
14.720	2
14.970	0
14.970	2
15.460	1
15.460	2
15.700	0
15.700	2
15.950	2
16.190	0
16.190	2
16.430	1
17.420	1
17.670	0
17.670	2
17.920	2
18.160	0
18.160	2
18.400	1
18.640	2
18.890	2
18.900	0
19.140	2
19.390	1
19.630	0
19.890	2
20.370	1
20.610	0
20.610	2
20.860	0
20.860	2
21.360	2
21.370	1
21.610	0
21.610	2
21.860	2
22.090	0
22.090	2
22.330	1
22.330	2
22.570	0
22.570	2
22.820	0
22.820	2
23.320	1
23.570	0
23.570	2
23.820	2
24.060	2
24.320	1
24.320	2
24.550	0
24.550	2
24.800	0
24.810	2
25.320	1
25.560	0
26.290	1
26.770	2
27.280	1
28.010	0
28.490	0
28.490	2
28.740	2
29.230	1
29.230	2
29.970	0
