0.100	0
0.100	2
0.330	2
0.560	2
0.570	0
0.800	2
1.040	0
1.040	2
1.270	2
1.400	2
1.510	0
1.510	2
1.740	2
1.970	0
1.970	2
2.210	0
2.210	2
2.330	2
2.440	0
2.440	2
2.680	2
2.910	0
2.910	2
3.140	2
3.280	2
3.380	0
3.380	2
3.620	2
3.850	0
3.850	2
4.210	2
4.320	0
4.550	2
4.780	0
4.780	2
4.910	2
5.010	2
5.250	0
5.720	0
5.720	2
5.960	2
6.080	2
6.190	0
6.660	0
6.660	2
7.030	2
7.130	0
7.130	2
7.600	0
8.070	0
8.530	1
8.530	2
9.230	1
9.230	2
9.360	2
9.710	0
9.940	0
10.180	2
10.410	0
10.410	2
10.640	2
10.880	0
10.880	2
11.120	2
11.350	0
11.820	0
11.820	2
12.060	2
12.290	0
12.520	2
12.760	0
12.760	2
12.990	2
13.220	0
13.220	2
13.690	0
13.690	2
13.930	2
14.160	0
14.160	2
14.400	2
14.550	2
14.630	0
14.870	2
15.100	0
15.100	2
15.570	0
15.570	2
15.690	2
15.800	2
16.040	0
16.040	2
16.280	2
16.510	0
16.510	2
16.630	2
16.740	1
16.980	0
17.210	0
17.210	2
17.450	0
17.450	2
17.680	2
17.910	0
17.910	2
18.140	2
18.380	0
18.630	2
18.850	0
18.850	2
19.090	2
19.320	0
19.320	2
19.550	2
19.790	0
20.260	0
20.260	2
20.720	0
20.720	2
20.960	2
21.190	0
21.190	2
21.660	0
21.660	2
21.980	2
22.130	0
22.130	2
22.600	0
22.600	2
23.070	0
23.070	2
23.540	0
23.540	2
24.010	0
24.010	2
24.470	0
24.710	0
24.710	2
24.950	0
25.180	2
25.410	0
25.410	2
25.880	0
25.880	2
26.120	2
26.350	0
26.820	0
26.820	2
27.050	2
27.280	0
27.280	2
27.530	2
27.650	2
27.760	0
27.760	2
27.990	2
28.220	0
28.220	2
28.460	2
28.690	2
28.700	0
28.930	2
29.160	0
29.160	2
29.570	2
29.630	0
29.870	2
29.990	0
29.990	2
