1.440	1
2.090	0
2.090	2
2.420	0
2.750	1
2.960	0
3.070	2
3.410	0
3.750	2
3.960	0
4.080	1
4.400	2
4.740	0
4.740	2
5.070	0
5.070	2
5.390	1
6.060	0
6.060	2
6.380	2
6.390	0
6.720	1
6.930	0
7.030	2
7.370	0
7.370	2
7.690	0
8.020	1
8.230	0
8.340	2
8.680	0
9.020	2
9.230	0
9.350	1
10.010	0
10.010	2
10.340	0
10.340	2
10.660	1
10.980	2
11.320	1
11.640	0
11.640	2
11.980	1
12.300	0
12.560	1
13.300	1
13.620	1
13.890	1
13.960	0
13.960	2
14.290	0
14.610	1
15.280	0
15.280	2
15.610	0
15.940	1
16.140	0
16.490	1
16.600	0
17.150	0
17.250	1
17.900	0
17.900	2
18.230	0
18.560	1
18.770	0
19.110	1
19.220	0
19.220	2
19.770	0
19.880	1
20.550	0
20.880	0
21.200	1
21.520	1
21.870	0
22.190	0
22.190	2
22.520	1
22.730	0
22.820	2
23.070	1
23.180	0
23.180	2
23.510	0
23.830	1
24.430	1
24.500	0
24.500	2
24.830	0
25.150	1
25.820	0
25.820	2
26.150	0
26.470	1
26.680	0
26.790	1
26.790	2
27.140	0
27.680	0
27.790	1
28.440	0
28.440	2
28.770	0
29.100	1
29.300	0
29.650	1
29.760	0
