0.640	1
1.100	1
1.140	1
1.540	0
1.990	1
2.410	0
2.410	1
2.840	1
3.260	0
3.730	1
4.160	1
4.580	1
5.030	0
5.470	0
5.470	1
5.910	0
6.340	1
6.770	0
7.210	1
7.650	1
8.070	1
8.490	0
8.950	1
9.380	0
9.800	1
10.240	0
10.700	1
11.140	1
11.570	1
11.990	0
12.450	1
12.870	0
13.310	1
13.730	0
14.180	1
14.620	1
15.050	1
15.480	0
15.920	1
15.950	1
16.360	0
16.790	1
17.210	0
17.650	1
17.680	1
18.510	0
18.520	1
18.950	0
19.380	0
19.380	1
19.800	0
20.260	1
20.690	0
21.140	1
21.580	1
22.010	1
22.430	0
22.850	0
22.860	1
23.300	0
23.720	0
23.750	1
24.170	0
24.620	1
25.040	0
25.050	1
25.480	0
25.920	0
26.360	0
26.360	1
26.800	0
27.230	1
27.660	0
28.100	1
28.550	1
28.990	1
29.420	0
29.840	0
29.840	1
