0.180	2
0.230	2
0.340	2
0.410	2
0.470	2
0.530	2
0.590	2
0.960	2
1.020	0
1.470	1
1.900	0
1.900	2
2.350	1
2.550	2
2.770	0
2.770	2
3.200	1
3.200	2
3.500	1
3.640	0
3.640	2
4.070	1
4.500	0
4.500	2
4.950	1
5.370	0
5.370	2
5.650	2
5.820	2
6.250	0
6.250	2
6.670	2
6.940	1
7.100	0
7.100	2
7.960	0
7.960	2
8.370	1
8.370	2
8.800	0
9.230	1
9.230	2
9.670	0
9.670	2
10.080	2
10.500	0
10.500	2
10.930	1
11.360	1
11.360	2
11.630	0
11.630	2
12.060	1
12.210	0
12.210	2
12.900	0
12.900	2
13.330	1
13.480	1
13.890	2
14.580	2
14.740	0
15.180	1
15.620	0
15.620	2
16.050	2
16.480	0
16.490	2
16.920	2
17.230	2
17.350	0
17.780	1
17.780	2
18.210	0
18.640	2
19.090	0
19.460	2
19.820	2
19.960	0
20.380	2
20.670	2
20.820	0
20.820	2
21.240	1
21.240	2
21.700	0
21.700	2
22.100	1
22.100	2
22.530	0
22.530	2
22.960	1
22.960	2
23.390	0
23.390	2
23.820	1
23.820	2
24.260	0
24.260	2
24.680	1
24.680	2
25.120	0
25.120	2
25.550	2
25.950	0
25.950	2
26.420	2
26.840	0
26.850	2
27.160	1
27.260	0
27.520	1
27.690	2
27.940	1
28.100	0
28.530	0
28.940	1
29.380	0
29.730	2
29.800	1
