3.820	1
3.910	0
4.350	0
4.780	0
4.780	2
5.050	1
5.050	2
5.330	0
5.330	2
5.610	0
5.610	2
5.890	2
6.160	1
6.160	2
6.440	2
6.580	0
6.580	2
7.000	0
7.000	2
7.270	1
7.270	2
7.550	0
7.550	2
7.830	0
7.830	2
8.110	2
8.380	1
8.380	2
8.800	0
8.800	2
9.220	0
9.220	2
9.490	1
9.490	2
9.770	0
9.770	2
10.050	0
10.050	2
10.330	2
10.600	1
10.600	2
10.890	2
11.030	0
11.030	2
11.440	0
11.440	2
11.720	1
11.720	2
12.000	0
12.000	2
12.270	0
12.270	2
12.550	2
12.820	1
12.820	2
13.110	2
13.240	0
13.240	1
13.240	2
13.660	0
13.660	2
13.940	1
13.940	2
14.220	0
14.220	2
14.490	0
14.490	2
14.770	2
15.040	1
15.050	2
15.330	2
15.460	2
15.470	0
15.880	0
15.880	2
16.150	1
16.150	2
16.430	0
16.440	2
16.710	0
16.710	2
16.990	2
17.270	2
17.550	2
17.690	0
17.690	2
18.100	0
18.100	2
18.380	1
18.380	2
18.660	0
18.660	2
18.930	0
18.930	2
19.210	2
19.910	0
20.610	1
21.720	1
22.830	1
23.100	1
23.100	2
23.510	1
23.920	0
23.930	2
24.340	0
25.040	1
25.040	2
25.320	0
25.320	2
25.600	0
25.880	2
26.150	1
26.150	2
26.570	0
26.570	2
26.980	0
26.980	2
27.260	1
27.260	2
27.540	0
27.540	2
27.820	0
28.100	2
28.370	1
28.370	2
28.650	2
28.790	0
28.790	2
29.210	0
29.210	2
29.480	1
29.480	2
29.760	0
29.760	2
30.040	0
30.320	2
30.590	1
30.590	2
30.880	2
31.010	0
31.010	2
31.430	0
31.430	2
31.700	1
31.700	2
31.980	0
31.980	2
32.260	0
32.540	2
32.810	1
32.810	2
33.100	2
33.230	0
33.230	2
33.650	0
33.650	2
33.920	1
33.920	2
34.200	0
34.200	2
34.480	0
34.760	2
35.030	1
35.030	2
35.290	2
35.450	0
35.450	2
35.870	0
35.870	2
36.140	1
36.140	2
36.420	2
36.430	0
36.700	0
36.980	2
37.250	1
37.250	2
37.540	2
37.670	2
37.680	0
38.090	0
38.090	2
38.360	1
38.360	2
38.650	0
38.650	2
38.920	0
39.200	2
39.470	1
39.470	2
39.760	2
39.890	0
39.890	2
40.310	0
40.310	2
40.580	1
40.580	2
40.870	0
40.870	2
41.140	0
41.420	2
41.700	2
42.110	0
42.110	2
42.530	0
42.530	2
42.810	1
42.810	2
43.090	0
43.090	2
43.360	0
43.640	2
43.910	1
44.200	2
44.340	0
44.340	2
44.750	0
44.750	2
45.030	1
45.030	2
45.310	2
45.580	0
45.870	2
46.140	1
46.140	2
46.420	2
46.560	0
46.560	2
46.970	0
46.970	2
47.250	1
47.250	2
47.530	0
47.530	2
47.800	0
48.060	2
48.360	1
48.360	2
48.640	2
48.780	0
48.780	2
49.190	0
49.190	2
49.470	1
49.470	2
49.750	0
49.750	2
50.030	0
50.310	2
50.580	1
50.580	2
50.860	2
51.000	0
51.000	2
51.410	0
51.410	2
51.690	1
51.690	2
51.970	0
51.970	2
52.250	0
52.530	2
52.800	1
52.800	2
53.080	2
53.220	0
53.220	2
53.640	0
53.640	2
53.910	1
53.910	2
54.190	0
54.190	2
54.470	0
54.750	2
55.020	1
55.020	2
55.300	2
55.440	0
55.440	2
55.860	0
55.860	2
56.130	1
56.130	2
56.410	0
56.410	2
56.690	0
56.690	2
56.970	2
57.240	1
57.240	2
57.520	2
57.660	0
57.660	2
58.080	0
58.080	2
58.350	1
58.350	2
58.630	0
58.630	2
58.910	0
59.190	2
59.880	0
60.300	0
60.300	2
60.570	1
60.570	2
60.850	2
60.860	0
61.130	0
61.130	2
61.410	2
61.680	1
61.680	2
61.970	2
62.100	0
62.100	2
62.520	0
62.520	2
62.790	1
62.790	2
63.070	2
63.080	0
63.350	0
63.350	2
63.620	2
64.320	0
65.020	2
66.130	2
66.680	2
67.240	2
68.330	0
68.330	2
68.630	0
68.760	0
69.180	0
69.180	2
69.460	1
69.460	2
69.740	0
69.740	2
70.010	0
70.010	2
70.290	2
70.560	1
70.570	2
70.850	2
70.980	2
70.990	0
71.400	0
71.400	2
71.670	1
71.680	2
71.960	0
71.960	2
72.230	0
72.230	2
72.510	2
72.780	1
72.790	2
73.070	2
73.210	0
73.210	2
73.620	0
73.620	2
73.900	1
73.900	2
74.180	0
74.180	2
74.460	0
74.460	2
74.730	2
75.010	1
75.010	2
75.420	0
75.430	2
75.840	0
75.840	2
76.120	1
76.120	2
76.400	0
76.400	2
76.670	0
77.640	0
77.910	0
78.340	1
78.610	0
78.890	0
79.450	1
79.450	2
79.730	2
79.870	0
79.870	2
80.150	0
80.150	2
80.560	1
80.560	2
80.820	0
81.110	0
81.670	1
81.670	2
81.950	2
82.090	0
82.090	2
82.370	0
82.370	2
82.710	2
82.780	1
83.040	0
83.330	0
83.840	2
83.890	1
84.130	2
84.310	0
84.310	2
84.590	0
84.590	2
85.000	1
85.000	2
85.420	0
85.420	2
85.700	0
85.700	2
86.120	2
86.530	0
86.810	0
87.220	1
87.500	0
87.500	2
87.780	0
88.330	1
88.620	2
88.750	0
88.750	2
89.030	0
89.030	2
89.350	2
89.440	1
89.440	2
89.720	0
89.720	2
90.000	0
90.550	1
90.550	2
90.970	0
90.970	2
91.250	0
91.250	2
91.660	1
91.940	0
91.940	2
92.220	0
92.770	1
93.050	2
93.190	0
93.190	2
93.470	0
93.470	2
93.880	1
93.880	2
94.310	0
94.580	0
94.580	2
95.000	0
95.000	1
95.000	2
95.410	0
96.100	2
96.110	1
96.390	0
96.390	2
96.660	0
96.940	2
97.210	1
97.220	2
97.500	2
97.630	2
97.640	0
98.050	0
98.050	2
98.190	2
98.330	1
98.330	2
98.610	0
98.610	2
98.880	0
99.160	2
99.440	1
99.440	2
99.720	2
99.860	0
99.860	2
100.270	0
100.270	2
100.550	1
100.550	2
100.830	0
100.830	2
101.100	0
101.390	2
101.660	1
101.660	2
101.940	2
102.080	0
102.080	2
102.490	0
102.490	2
102.770	1
102.770	2
103.050	0
103.050	2
103.280	2
103.320	2
103.330	0
103.610	2
103.880	1
103.880	2
104.160	2
104.300	0
104.300	2
104.710	0
104.710	2
104.990	1
104.990	2
105.270	0
105.270	2
105.540	0
105.800	2
105.830	2
106.100	1
106.100	2
106.370	2
106.520	0
106.520	2
106.940	2
107.210	1
107.210	2
107.490	0
107.490	2
107.770	0
108.050	2
108.320	1
108.320	2
108.600	2
108.740	0
108.740	2
109.160	0
109.160	2
109.430	1
109.430	2
109.710	0
109.710	2
109.990	0
110.220	2
110.270	2
110.540	1
110.540	2
110.820	2
110.960	0
110.960	2
111.380	0
111.380	2
111.650	1
111.650	2
111.930	0
111.930	2
112.190	2
112.490	2
113.180	0
113.180	1
113.600	0
113.600	2
113.870	1
113.870	2
114.150	0
114.150	2
114.430	0
114.710	2
114.950	1
114.980	1
115.270	2
115.400	0
115.400	2
115.820	0
115.820	2
116.090	1
116.090	2
116.370	0
116.370	2
116.650	0
116.930	2
117.200	1
117.200	2
117.490	2
117.620	0
117.620	2
118.040	0
118.040	2
118.310	1
118.310	2
118.600	0
118.600	2
118.870	0
119.150	2
119.420	1
119.420	2
119.710	2
119.840	0
119.840	2
120.260	0
120.260	2
120.530	1
120.530	2
120.810	2
120.820	0
121.060	2
121.090	0
121.370	2
121.640	1
121.640	2
121.930	2
122.060	0
122.060	2
122.480	0
122.480	2
122.750	2
122.760	1
123.040	0
123.040	2
123.310	0
123.590	2
123.860	1
124.150	2
124.280	0
124.280	2
124.700	0
124.700	2
124.980	1
124.980	2
125.260	0
125.260	2
125.530	0
125.810	2
126.090	1
126.370	2
126.510	0
126.510	2
126.920	0
126.920	2
127.190	2
127.200	1
127.480	0
127.480	2
127.760	0
128.030	2
128.310	1
128.310	2
128.590	2
128.730	0
128.730	2
129.140	0
129.140	2
129.420	1
129.420	2
129.700	0
129.700	2
129.980	0
130.250	1
130.250	2
130.940	0
130.940	2
131.370	0
131.370	2
131.640	1
131.640	2
131.920	0
131.920	2
132.200	0
132.200	2
132.470	2
132.750	1
132.750	2
133.030	2
133.170	0
133.170	2
133.580	0
133.580	2
133.860	1
133.860	2
134.140	0
134.140	2
134.420	0
134.420	2
134.690	1
134.690	2
135.390	0
136.640	2
137.200	2
137.740	0
137.750	2
139.420	2
139.830	0
140.250	0
140.250	2
140.520	1
140.520	2
140.800	0
140.800	2
141.080	0
141.080	2
141.360	2
141.630	1
141.630	2
142.050	0
142.050	2
142.470	0
142.470	2
142.740	1
142.740	2
143.020	0
143.020	2
143.300	0
143.300	2
143.580	2
143.850	1
143.850	2
144.120	2
144.270	2
144.280	0
144.690	0
144.690	2
144.960	1
144.960	2
145.240	0
145.240	2
145.520	0
145.520	2
145.800	2
146.070	1
146.070	2
146.490	0
146.900	1
146.900	2
147.750	2
148.160	0
148.300	1
148.300	2
148.700	0
148.980	0
149.400	1
149.670	0
149.960	0
150.240	2
150.510	1
150.800	2
150.930	0
150.930	2
151.210	0
151.210	2
151.560	2
151.620	1
151.900	0
152.180	0
152.730	1
153.150	0
153.150	2
153.430	0
153.430	2
153.850	1
154.130	0
154.400	0
154.960	1
154.960	2
155.240	2
155.380	0
155.380	2
155.650	0
155.650	2
156.060	1
156.060	2
156.490	0
156.490	2
156.760	0
156.760	2
157.590	0
157.870	0
158.290	1
158.570	0
158.570	2
158.840	0
159.400	1
159.680	2
159.820	0
159.820	2
160.090	0
160.090	2
160.410	2
160.510	1
160.510	2
160.790	0
160.790	2
161.060	0
161.580	2
161.620	1
161.900	2
162.040	0
162.040	2
162.310	2
162.320	0
162.730	1
162.730	2
163.010	0
163.010	2
163.290	0
163.560	2
163.840	1
163.840	2
164.120	2
164.260	0
164.260	1
164.260	2
164.540	0
164.540	2
164.950	1
164.950	2
165.370	0
165.370	2
165.650	0
165.650	2
166.470	0
166.900	0
166.900	2
167.170	1
167.170	2
167.450	0
167.450	2
167.730	0
167.730	2
168.010	2
168.280	1
168.280	2
168.560	2
168.700	0
168.840	2
169.120	0
169.120	2
169.390	1
169.390	2
169.670	0
169.670	2
169.950	0
169.950	2
170.230	2
170.500	1
170.500	2
170.780	2
170.920	0
171.060	2
171.340	0
171.340	2
171.610	1
171.610	2
171.890	0
171.890	2
172.170	0
172.170	2
172.450	2
172.720	1
172.720	2
173.010	2
173.140	0
173.280	2
173.560	0
173.560	2
173.830	1
173.830	2
174.120	0
174.120	2
174.390	0
174.390	2
174.670	2
174.940	1
174.950	2
175.230	2
175.360	0
175.360	2
175.780	0
175.780	2
176.060	1
176.060	2
176.340	0
176.340	2
176.610	0
176.610	2
176.890	2
177.160	1
177.170	2
177.450	2
177.590	0
177.720	2
178.000	0
178.000	2
178.280	1
178.280	2
178.560	0
178.560	2
178.830	0
178.830	2
179.110	2
179.390	1
179.390	2
179.660	2
179.800	0
179.950	2
180.220	0
180.220	2
180.500	1
180.500	2
180.780	0
180.780	2
181.060	0
181.060	2
181.340	2
181.610	1
181.610	2
181.890	1
182.030	0
182.440	1
182.440	2
182.720	1
182.720	2
182.990	1
182.990	2
183.140	0
183.280	2
183.830	0
183.830	1
183.830	2
184.660	0
184.660	2
184.940	1
184.940	2
185.220	0
185.220	2
185.490	2
185.500	0
185.780	2
186.050	1
186.050	2
186.330	2
186.470	0
186.470	2
186.880	0
186.880	2
187.160	1
187.160	2
187.440	0
187.440	2
187.720	0
187.720	2
187.990	2
188.270	1
188.270	2
188.550	2
188.690	0
188.690	2
189.110	0
189.110	2
189.380	1
189.380	2
189.660	0
189.660	2
189.930	0
189.930	2
190.210	2
190.490	1
190.490	2
190.770	2
190.910	0
190.910	2
191.320	0
191.330	2
191.600	1
191.600	2
191.880	2
192.150	1
192.150	2
192.710	1
192.710	2
193.120	0
193.550	0
193.550	2
193.820	1
193.820	2
194.100	0
194.100	2
194.380	0
194.380	2
194.650	2
194.930	1
194.930	2
195.210	2
195.350	0
195.350	2
195.770	0
195.770	2
196.040	1
196.040	2
196.320	0
196.320	2
196.600	0
196.600	2
196.880	2
197.150	1
197.150	2
197.430	2
197.570	0
197.570	2
197.990	0
197.990	2
198.260	1
198.260	2
198.540	0
198.540	2
198.820	0
198.820	2
199.100	2
199.370	1
199.370	2
199.650	1
199.650	2
199.790	0
200.210	1
200.480	1
200.480	2
200.760	1
200.760	2
200.900	0
200.910	2
201.180	0
201.180	2
201.460	0
201.590	1
201.590	2
202.010	0
202.430	0
202.430	2
202.710	1
202.710	2
202.990	0
202.990	2
203.260	0
203.260	2
203.540	2
203.810	1
203.820	2
204.100	2
204.230	2
204.240	0
204.650	0
204.650	2
204.920	1
204.920	2
205.210	0
205.210	2
205.480	0
205.480	2
205.760	2
206.000	2
206.450	0
206.450	1
207.150	2
207.700	2
208.270	2
208.800	2
209.910	2
210.760	0
210.890	0
211.310	0
211.310	2
211.590	1
211.590	2
211.870	0
211.870	2
212.150	0
212.150	2
212.430	2
212.700	1
212.700	2
213.120	0
213.120	2
213.530	0
213.530	2
213.810	1
213.810	2
214.090	0
214.090	2
214.320	2
214.370	0
214.370	2
214.650	2
214.920	1
214.920	2
215.190	2
215.340	0
215.340	2
215.750	2
215.760	0
216.030	1
216.030	2
216.310	0
216.310	2
216.590	0
216.590	2
216.860	2
217.140	1
217.140	2
217.560	0
217.700	2
217.970	1
217.970	2
218.240	1
218.800	2
218.810	0
219.360	2
219.780	0
219.780	2
220.060	0
220.060	2
220.480	1
220.750	0
221.030	0
221.030	1
221.550	2
221.590	1
221.870	1
222.000	0
222.000	2
222.280	0
222.280	2
222.640	2
222.970	0
223.240	1
223.250	0
223.760	2
223.810	1
224.090	1
224.220	2
224.230	0
224.500	0
224.500	2
224.860	2
224.920	1
225.190	0
225.450	1
225.980	2
226.030	1
226.450	0
226.450	2
226.720	0
226.720	2
227.140	1
227.550	2
227.560	0
227.830	0
227.830	2
228.250	1
228.660	0
228.940	0
229.350	1
229.630	0
229.630	2
229.910	0
230.430	2
230.750	2
230.880	0
230.880	2
231.160	0
231.160	2
231.520	2
231.850	0
232.130	0
232.690	1
233.100	0
233.100	2
233.380	0
233.380	2
233.790	1
234.070	0
234.350	0
234.770	2
234.910	1
235.320	0
235.320	2
235.600	2
235.610	0
236.020	1
236.020	2
236.430	0
236.430	2
236.710	0
236.710	2
237.540	0
237.830	0
238.240	1
238.510	0
238.790	0
239.290	2
239.350	1
239.630	2
239.770	0
239.770	2
240.040	0
240.040	2
240.380	2
240.460	1
240.730	0
241.010	0
241.570	1
241.570	2
241.850	2
241.990	0
241.990	2
242.260	2
242.270	0
242.600	2
242.680	1
242.960	0
243.230	0
243.790	0
243.790	1
243.790	2
244.050	2
244.210	0
244.210	2
244.490	0
244.490	2
244.900	1
245.320	0
245.320	2
245.600	0
245.600	2
246.010	2
246.710	0
247.120	1
247.400	0
247.400	2
247.670	0
248.230	1
248.510	2
248.650	0
248.650	2
248.930	0
248.930	2
249.270	2
249.340	1
249.620	0
249.900	0
250.390	2
250.450	1
250.870	0
250.870	2
251.150	0
251.150	2
251.560	1
251.560	2
251.840	0
251.840	2
252.120	0
252.670	1
252.950	2
253.090	0
253.090	2
253.370	0
253.370	2
253.780	1
253.780	2
254.200	0
254.200	2
254.470	0
254.470	2
255.310	0
255.590	0
255.590	1
256.000	1
256.280	0
256.280	2
256.560	0
257.390	2
257.530	0
257.530	2
257.810	0
257.810	2
258.220	1
258.500	0
258.500	2
258.780	0
259.340	1
259.750	0
259.750	2
260.030	2
260.040	0
260.390	2
260.720	0
261.000	0
261.560	1
261.980	0
261.980	2
262.250	0
262.250	2
262.670	1
263.090	0
263.090	2
263.370	0
263.370	2
264.200	0
264.470	0
264.880	1
265.170	0
265.170	2
265.450	0
266.000	1
266.000	2
266.280	2
266.420	0
266.420	2
266.700	0
266.700	2
267.110	1
267.390	0
267.390	2
267.660	0
268.220	1
268.640	0
268.640	2
268.920	0
268.920	2
269.610	0
270.860	0
270.860	2
271.140	2
271.550	2
271.970	0
271.970	2
273.080	0
273.360	0
275.310	0
275.590	0
277.530	0
277.810	0
278.220	1
