0.060	0
0.300	1
0.760	2
0.780	0
1.250	1
1.470	2
1.480	0
2.170	2
2.180	0
3.600	1
3.600	2
3.720	1
3.830	2
4.190	2
4.540	2
5.020	1
5.240	0
5.240	2
5.960	0
5.960	2
6.910	2
7.380	1
8.320	2
8.330	0
9.010	0
9.020	2
9.520	0
9.740	0
11.170	1
11.410	1
11.660	0
12.120	0
12.120	2
12.590	0
12.590	1
12.810	0
12.810	2
13.530	2
13.540	0
15.430	2
15.900	0
15.900	2
16.380	1
16.390	2
16.620	2
16.850	0
16.860	2
17.090	2
17.310	1
17.320	2
17.560	2
17.780	0
17.780	2
18.030	2
18.260	2
18.270	1
18.490	2
18.730	0
18.730	2
18.980	2
19.200	1
19.200	2
19.660	2
19.670	0
20.140	2
20.380	2
20.620	0
20.620	2
20.850	2
21.080	1
21.080	2
21.310	2
21.520	2
21.560	0
21.560	2
21.790	2
22.020	1
22.030	2
22.250	2
22.500	0
22.500	2
22.740	0
22.740	2
22.970	1
22.970	2
23.200	0
23.200	2
23.430	0
23.430	2
23.920	1
23.930	2
24.150	2
24.410	0
24.410	2
24.650	2
24.880	1
24.880	2
25.120	2
25.350	0
25.350	2
25.590	2
25.810	1
25.810	2
26.040	2
26.290	0
26.290	2
26.520	2
26.740	2
26.990	2
27.200	2
27.230	0
27.480	2
27.700	1
27.700	2
27.930	2
28.170	0
28.170	2
28.410	2
28.620	2
28.880	2
29.110	2
29.120	0
29.360	2
29.600	1
29.600	2
29.810	2
30.060	0
30.060	2
30.540	1
30.760	0
31.020	0
31.490	1
31.490	2
31.700	2
31.920	2
31.960	0
31.960	2
32.180	2
32.390	2
32.430	1
32.430	2
32.640	2
32.890	0
32.890	2
33.140	2
33.370	1
33.370	2
33.600	2
33.840	0
33.840	2
34.080	2
34.300	2
34.550	2
34.770	2
34.790	0
35.040	2
35.220	2
35.500	2
35.670	2
35.740	0
35.740	2
35.860	2
36.200	2
36.210	1
36.420	2
36.660	0
36.660	2
36.910	2
37.140	1
37.140	2
37.610	0
37.610	2
37.820	2
38.080	2
38.090	1
38.330	0
38.330	2
38.560	2
38.580	0
38.820	2
39.050	1
39.050	2
39.270	2
39.450	2
39.520	0
39.520	2
40.000	1
40.000	2
40.230	2
40.470	0
40.470	2
40.720	2
40.940	1
40.940	2
41.170	2
41.410	0
41.410	2
41.880	1
41.880	2
42.340	0
42.340	2
42.590	2
42.810	1
42.810	2
43.050	2
43.250	2
43.540	2
43.770	1
43.770	2
44.000	2
44.220	2
44.230	0
44.710	1
44.710	2
44.940	2
45.160	2
45.650	1
45.650	2
45.890	0
45.890	2
46.100	2
46.130	0
46.440	2
46.610	0
46.610	1
46.610	2
46.770	2
46.830	2
47.080	0
47.080	2
47.250	2
47.320	2
47.500	2
47.550	1
47.750	2
48.020	0
48.020	2
48.260	2
48.490	1
48.490	2
48.720	2
48.970	0
48.970	2
49.210	2
49.430	2
49.440	1
49.660	2
49.890	2
49.910	0
50.140	2
50.380	1
50.380	2
50.600	2
50.730	2
50.850	0
50.850	2
51.070	2
51.310	2
51.320	1
51.770	2
51.790	0
52.260	1
52.260	2
52.730	0
52.730	2
52.990	0
52.990	2
53.210	1
53.210	2
53.450	0
53.660	2
53.700	0
53.700	2
53.950	2
54.170	1
54.170	2
54.630	0
54.630	2
54.770	2
55.100	2
55.560	2
55.580	0
55.830	2
55.990	2
56.060	0
56.060	1
56.060	2
56.530	0
56.530	2
56.990	1
56.990	2
57.230	2
57.460	0
57.460	2
57.930	1
57.930	2
58.400	0
58.400	2
58.640	2
58.870	1
58.870	2
59.100	2
59.330	2
59.350	0
59.590	2
59.830	1
60.050	2
60.280	2
60.760	1
60.760	2
61.000	0
61.240	0
61.710	1
61.710	2
61.940	2
62.190	0
62.190	2
62.430	2
62.660	1
62.660	2
62.890	2
63.130	0
63.130	2
63.370	2
63.610	1
63.610	2
63.840	2
64.070	0
64.070	2
64.290	2
64.540	1
64.540	2
64.980	2
65.000	0
65.250	2
65.490	1
65.490	2
65.700	2
65.960	0
65.960	2
66.150	2
66.660	2
66.910	0
66.910	2
67.150	2
67.370	1
67.370	2
67.600	2
67.850	2
67.860	0
68.100	0
68.320	2
68.560	0
68.560	2
68.810	0
69.280	0
69.280	1
69.280	2
69.510	2
69.760	0
69.760	2
70.220	1
70.220	2
70.440	2
70.680	0
70.680	2
70.930	2
71.160	0
71.160	2
71.390	2
71.630	0
71.630	2
71.870	0
71.870	2
72.110	1
72.110	2
72.340	0
72.820	0
72.820	2
73.060	1
73.060	2
73.270	0
73.270	2
73.740	0
73.740	2
73.990	1
73.990	2
74.210	2
74.230	0
74.680	0
74.680	2
74.940	2
75.150	2
75.650	0
75.850	2
75.900	1
75.900	2
76.120	1
76.350	0
76.840	2
76.850	1
77.070	2
77.290	0
77.290	2
77.530	0
77.530	2
77.770	2
77.780	1
78.240	0
78.240	2
78.690	2
79.190	1
80.120	0
80.610	1
80.610	2
80.840	2
81.080	0
81.080	2
81.330	0
81.330	2
81.570	1
82.010	2
82.020	0
82.270	2
82.500	1
82.500	2
82.700	2
82.900	1
82.900	2
82.970	2
82.980	0
83.220	0
83.220	2
83.440	2
83.450	1
83.690	2
83.910	2
83.920	0
84.160	2
84.390	1
84.390	2
84.850	0
84.850	2
85.090	0
85.090	2
85.560	2
85.800	0
85.800	2
86.040	2
86.270	1
86.270	2
86.500	2
86.740	2
86.750	0
87.000	0
87.000	2
87.190	2
87.220	1
87.450	0
87.450	2
87.700	2
87.710	0
88.400	2
88.640	0
88.640	2
88.870	2
88.880	0
89.580	0
89.580	2
89.720	2
89.800	2
90.050	1
90.050	2
90.190	2
90.280	2
90.530	0
90.530	2
90.770	0
90.770	2
91.010	1
91.430	2
91.480	0
91.480	2
91.720	2
91.950	1
92.170	2
92.420	0
92.420	2
92.660	0
92.660	2
92.890	1
92.890	2
93.120	2
93.370	0
93.370	2
93.610	2
93.620	0
93.840	1
93.840	2
94.310	0
94.310	2
94.770	1
94.770	2
95.260	0
95.720	2
95.950	2
96.200	0
96.200	2
96.440	0
96.440	2
96.680	1
96.690	2
96.920	2
97.140	0
97.140	2
97.390	2
97.620	1
97.620	2
97.840	2
98.040	2
98.090	0
98.090	2
98.330	0
98.330	2
98.810	2
99.010	2
99.030	0
99.280	2
99.510	1
99.510	2
99.970	0
99.970	2
100.210	0
100.210	2
100.440	2
100.680	2
100.920	0
100.920	2
101.150	2
101.390	1
101.390	2
101.620	2
101.870	2
101.880	0
102.110	0
102.110	2
102.230	2
102.340	2
102.580	0
102.580	2
102.780	2
103.290	1
103.290	2
103.760	0
103.760	2
104.000	2
104.010	0
104.230	1
104.230	2
104.460	2
104.710	0
104.710	2
105.170	2
105.180	1
105.390	2
105.650	0
105.650	2
106.030	2
106.120	2
106.570	2
106.820	2
107.060	1
107.060	2
107.290	2
108.490	0
108.930	2
109.250	2
109.680	0
109.880	2
110.360	0
110.360	2
110.850	0
110.850	1
110.850	2
111.070	2
111.320	0
111.320	2
111.560	0
111.560	2
111.800	1
111.800	2
112.030	2
112.250	0
112.250	2
112.510	2
112.730	1
112.730	2
112.960	2
113.200	2
113.210	0
113.450	0
113.450	2
113.680	1
113.910	2
114.150	0
114.150	2
114.390	2
114.620	1
114.620	2
115.100	0
115.100	2
115.340	2
115.350	0
116.030	0
116.030	2
116.290	2
116.520	1
116.520	2
116.730	2
116.980	2
117.450	1
117.670	0
117.910	2
117.920	0
118.390	1
118.620	2
118.890	0
118.890	2
119.010	2
119.120	2
119.360	1
119.640	2
119.830	0
119.830	2
120.070	2
120.300	1
120.300	2
120.520	2
120.780	0
120.780	2
121.010	2
121.230	2
121.240	1
121.480	2
121.710	2
121.720	0
121.960	2
122.190	1
122.190	2
122.410	2
122.670	0
122.670	2
122.900	2
123.120	2
123.130	1
123.370	2
123.570	2
123.610	0
123.610	2
123.850	2
124.070	1
124.070	2
124.320	2
124.530	2
124.550	0
124.780	2
125.010	1
125.010	2
125.250	2
125.260	0
125.510	0
125.510	2
125.740	2
125.970	1
125.970	2
126.190	2
126.390	2
126.440	0
126.660	2
126.890	2
126.910	1
127.090	2
127.150	2
127.360	2
127.390	0
127.390	2
127.630	2
127.850	1
127.850	2
128.080	2
128.340	0
128.340	2
128.560	2
128.790	2
128.800	1
129.040	2
129.280	0
129.280	2
129.520	2
129.740	2
129.750	1
129.980	2
130.210	0
130.210	2
130.450	2
130.690	1
130.690	2
130.920	2
131.130	2
131.400	2
131.640	2
131.870	0
132.080	2
132.340	2
132.570	2
133.040	0
133.530	1
133.530	2
133.740	2
134.000	0
134.000	2
134.220	2
134.460	2
134.700	2
134.930	0
134.930	2
135.180	2
135.410	1
135.410	2
135.880	0
135.880	2
136.130	2
136.320	2
136.360	1
136.360	2
136.600	0
136.600	2
136.840	0
136.840	2
137.300	1
137.300	2
137.500	2
137.780	0
137.780	2
138.000	2
138.240	1
138.240	2
138.480	2
138.700	2
138.710	0
138.960	2
139.190	1
139.190	2
139.410	2
139.670	0
139.670	2
139.910	0
139.910	2
140.120	2
140.380	0
140.380	2
140.620	0
141.070	2
141.320	2
141.550	0
141.550	2
142.010	2
142.020	1
142.240	2
142.480	0
142.480	2
142.720	2
142.960	1
142.960	2
143.190	2
143.440	0
143.440	2
143.660	2
143.670	0
143.910	2
144.120	2
144.380	2
144.640	0
144.870	1
144.870	2
145.080	2
145.100	0
145.580	0
145.580	2
145.800	1
145.800	2
146.040	0
146.040	2
146.500	0
146.500	2
146.750	1
146.750	2
146.970	0
146.970	2
147.200	2
147.460	0
147.460	2
147.670	2
147.700	1
147.700	2
148.040	1
148.150	0
148.630	2
148.640	1
148.860	2
149.110	0
149.110	2
149.340	0
149.340	2
149.580	1
149.580	2
149.810	2
150.060	0
150.060	2
151.000	0
151.240	2
151.480	0
151.940	0
151.940	2
152.430	2
152.440	1
152.670	2
152.910	2
153.120	0
153.120	2
153.380	1
153.380	2
153.610	2
153.820	2
153.840	0
154.090	2
154.310	1
154.310	2
154.550	2
154.730	2
154.790	0
154.790	2
155.030	0
155.030	2
155.240	2
155.260	1
155.500	2
155.720	0
155.720	2
155.980	2
156.200	1
156.200	2
156.680	0
156.680	2
156.910	0
156.910	2
157.140	2
157.380	2
157.610	2
157.620	0
157.850	2
158.080	2
158.090	1
158.310	2
158.570	0
158.570	2
158.800	0
158.800	2
159.020	1
159.020	2
159.260	0
159.260	2
159.490	2
159.510	0
159.730	2
159.970	1
159.970	2
160.200	2
160.450	0
160.450	2
160.700	0
160.700	2
160.910	2
161.170	2
161.400	0
161.400	2
161.870	1
161.870	2
162.100	2
162.340	0
162.340	2
162.580	0
162.580	2
162.790	2
162.800	1
163.230	2
163.270	0
163.270	2
163.510	2
163.660	2
163.750	1
164.230	0
164.230	2
164.470	0
164.470	2
164.700	1
164.920	2
165.180	0
165.180	2
165.420	2
165.650	1
165.650	2
166.080	2
166.300	2
166.580	2
167.540	1
167.540	2
167.770	2
168.010	0
168.010	2
168.240	2
168.250	0
168.480	1
168.480	2
168.720	0
168.720	2
168.930	2
169.190	2
169.430	1
169.430	2
169.650	2
169.830	2
169.900	0
169.900	2
170.150	0
170.150	2
170.380	1
170.620	2
170.850	0
170.850	2
171.090	2
171.310	2
171.320	1
171.780	0
171.780	2
172.020	2
172.030	0
172.260	2
172.490	2
172.700	2
172.710	0
172.960	2
173.190	1
173.190	2
173.430	2
173.680	0
173.680	2
173.920	0
173.920	2
174.150	1
174.390	0
174.550	2
174.640	0
175.100	1
175.100	2
175.320	2
175.560	2
175.590	0
175.810	2
176.050	1
176.280	2
176.510	0
176.510	2
176.980	1
176.980	2
177.210	2
177.460	0
177.460	2
177.700	2
177.920	2
178.160	2
178.400	0
178.410	2
178.650	2
178.870	1
178.870	2
179.100	2
179.350	0
179.350	2
179.590	2
179.810	2
180.280	0
180.280	2
180.700	2
181.080	2
181.480	0
181.690	1
181.690	2
181.940	0
181.940	2
182.150	2
182.170	0
182.660	1
182.660	2
182.890	0
183.130	2
183.360	0
183.360	2
183.590	1
183.590	2
183.810	2
184.050	0
184.050	2
184.290	2
184.520	2
184.760	2
184.990	2
185.000	0
185.930	0
185.930	2
186.180	2
186.410	1
186.410	2
186.640	0
186.640	2
186.890	2
187.130	0
187.130	2
187.370	1
187.370	2
187.610	0
187.610	2
187.840	1
187.840	2
188.530	2
188.780	1
189.480	1
189.960	2
190.220	1
190.220	2
190.440	2
190.700	0
190.700	2
190.940	0
190.940	2
191.160	2
191.170	1
191.410	2
191.640	0
191.640	2
191.880	2
192.100	1
192.100	2
192.330	2
192.580	0
192.580	2
192.820	0
192.820	2
193.030	2
193.050	1
193.280	2
193.500	0
193.500	2
193.750	2
193.980	1
193.980	2
194.210	2
194.460	2
194.470	0
194.700	0
194.700	2
194.930	1
194.930	2
195.380	2
195.650	2
195.870	1
195.870	2
196.110	2
196.350	0
196.350	2
196.600	0
196.600	2
196.800	2
197.270	2
197.280	0
197.520	2
197.760	1
197.760	2
197.990	2
198.240	0
198.240	2
198.480	0
198.480	2
198.710	2
198.720	1
199.180	0
199.180	2
199.430	2
199.660	1
199.660	2
199.880	2
200.130	0
200.130	2
200.380	0
200.380	2
200.590	2
200.610	1
200.850	2
201.060	2
201.320	2
201.560	1
201.780	2
202.030	0
202.030	2
202.270	2
202.490	1
202.490	2
202.730	2
202.970	0
202.970	2
203.210	2
203.430	1
203.430	2
204.340	2
204.860	0
205.120	2
205.360	2
205.580	0
205.580	2
206.040	2
206.260	1
206.260	2
206.500	2
206.740	2
206.750	0
206.980	2
207.210	2
207.440	0
207.440	2
207.690	2
207.940	2
208.170	2
208.180	1
208.410	2
208.650	0
208.650	2
208.880	2
209.100	2
209.360	2
209.660	2
209.800	2
210.040	1
210.040	2
210.270	2
210.530	0
210.530	2
210.770	2
210.870	2
211.010	2
211.240	0
211.240	2
211.480	2
211.710	0
211.710	2
211.930	2
211.940	1
212.170	0
212.390	2
212.420	0
212.890	1
212.890	2
213.120	2
213.360	0
213.360	2
213.600	0
213.600	2
213.840	1
213.840	2
214.070	2
214.300	0
214.300	2
214.550	2
214.770	1
214.770	2
215.000	2
215.240	0
215.240	2
215.480	0
215.480	2
215.700	2
215.710	1
216.190	0
216.190	2
216.430	2
216.660	1
216.660	2
217.130	0
217.130	2
217.370	0
217.370	2
217.610	1
217.850	2
218.080	0
218.080	2
218.330	2
218.560	1
218.560	2
219.020	0
219.020	2
219.250	1
219.470	1
219.470	2
219.710	0
219.710	2
219.950	0
219.950	2
220.410	2
220.610	2
221.160	0
221.390	1
221.650	0
221.870	0
222.340	2
222.810	1
222.810	2
223.040	1
223.040	2
223.740	0
223.740	2
224.220	1
224.220	2
224.450	2
224.700	0
224.700	2
224.940	0
224.940	2
225.170	1
225.170	2
225.410	2
225.630	2
225.640	0
225.890	2
226.120	1
226.120	2
226.600	0
226.600	2
226.830	0
226.830	2
227.060	1
227.060	2
227.510	2
227.530	0
227.770	2
228.000	1
228.000	2
228.480	0
228.480	2
228.710	0
228.710	2
229.180	2
229.410	0
229.410	2
229.660	2
229.880	1
229.880	2
230.360	2
230.370	0
230.610	0
230.610	2
230.800	2
230.840	1
231.080	2
231.290	2
231.320	0
231.320	2
231.770	2
231.780	1
232.010	2
232.250	2
232.260	0
232.480	0
232.480	2
232.720	1
232.720	2
233.200	0
233.440	2
233.670	1
233.670	2
234.150	0
234.150	2
234.380	0
234.380	2
234.600	2
234.620	1
234.840	2
235.060	2
235.330	2
235.780	2
236.030	0
236.030	2
236.270	0
236.270	2
236.490	2
236.500	1
236.980	0
236.980	2
237.210	0
237.210	2
237.450	0
237.450	1
237.450	2
237.900	2
237.920	0
238.380	0
238.380	1
238.380	2
238.620	0
238.620	2
238.860	2
239.350	1
239.570	2
239.830	2
240.070	2
240.310	1
240.310	2
240.520	2
240.750	2
240.760	0
241.000	2
241.220	1
241.220	2
241.450	2
241.630	2
241.700	0
241.700	2
241.930	0
241.940	2
242.160	1
242.160	2
242.300	2
242.630	0
242.630	2
242.880	2
243.110	1
243.110	2
243.590	0
243.590	2
243.840	0
243.840	2
244.060	1
244.060	2
244.300	2
244.530	0
244.530	2
244.770	2
245.000	1
245.000	2
245.470	2
245.480	0
245.720	0
245.720	2
245.800	2
245.950	1
245.950	2
246.190	0
246.190	2
246.380	2
246.430	0
246.430	2
246.670	2
246.890	1
246.890	2
247.110	2
247.360	0
247.360	2
247.580	2
247.610	0
247.840	1
247.840	2
248.080	2
248.320	0
248.320	2
248.500	2
248.560	2
248.790	1
248.790	2
249.000	2
249.260	0
249.260	2
249.490	2
249.720	2
249.950	2
250.210	0
250.210	2
250.450	2
250.670	2
250.680	1
251.360	2
252.060	2
252.080	0
252.560	2
252.870	2
253.270	0
253.490	1
253.490	2
253.750	0
253.750	2
253.960	2
253.980	0
254.440	1
254.440	2
254.670	2
254.920	2
254.930	0
255.160	0
255.160	2
255.390	2
255.400	1
255.630	2
255.880	2
256.110	2
256.330	2
256.560	2
256.810	2
256.820	0
257.050	0
257.050	2
257.270	2
257.280	1
257.770	0
257.770	2
258.010	2
258.240	1
258.240	2
258.710	0
258.710	2
258.950	0
258.950	2
259.180	1
259.180	2
259.420	2
259.640	0
259.640	2
259.890	2
260.110	2
260.120	1
260.430	2
260.600	0
260.600	2
260.840	0
260.840	2
261.040	2
261.300	0
261.300	2
261.520	0
261.520	2
262.010	1
262.010	2
262.230	2
262.490	0
262.490	2
262.730	0
262.730	2
262.950	2
262.960	1
263.200	2
263.430	0
263.440	2
263.890	2
263.900	1
264.380	0
264.380	2
264.620	0
264.620	2
265.080	2
265.330	0
265.330	2
265.560	2
265.780	2
265.790	1
266.010	2
266.260	0
266.260	2
266.500	0
266.500	2
266.720	1
266.720	2
266.960	2
267.200	1
267.870	2
268.600	1
268.600	2
268.880	0
269.110	2
269.130	0
