0.4760 	 2 
0.4876 	 0 
1.0565 	 0 
1.0565 	 2 
1.6254 	 2 
1.6370 	 0 
2.2059 	 0 
2.2059 	 2 
2.7748 	 0 
2.7748 	 2 
3.3437 	 2 
3.3437 	 1 
3.3437 	 0 
3.9126 	 2 
3.9126 	 0 
4.2028 	 2 
4.2028 	 0 
4.4931 	 2 
4.6324 	 0 
5.0620 	 2 
5.0620 	 0 
5.6192 	 1 
5.6308 	 2 
5.6308 	 0 
6.1997 	 0 
6.1997 	 2 
6.7686 	 1 
6.7802 	 0 
6.7802 	 2 
7.3491 	 0 
7.3491 	 2 
7.9180 	 0 
7.9180 	 1 
7.9180 	 2 
8.4869 	 0 
8.4869 	 2 
9.0558 	 2 
9.0674 	 0 
9.6247 	 2 
9.6363 	 0 
10.2052 	 0 
10.2052 	 2 
10.7741 	 0 
10.7741 	 2 
11.3546 	 0 
11.3546 	 2 
11.9118 	 0 
12.4923 	 2 
12.4923 	 0 
13.0612 	 2 
13.0612 	 0 
13.3515 	 0 
13.6301 	 2 
13.6301 	 1 
13.7694 	 0 
14.1990 	 0 
14.1990 	 2 
14.7795 	 2 
14.7795 	 0 
15.3368 	 2 
15.3484 	 0 
15.9173 	 2 
15.9173 	 0 
16.4862 	 0 
17.0434 	 1 
17.0551 	 0 
17.0667 	 2 
17.6356 	 0 
18.1812 	 1 
18.2044 	 0 
18.2044 	 2 
18.7733 	 0 
19.3422 	 0 
19.3422 	 2 
19.9111 	 0 
20.4916 	 2 
20.4916 	 0 
21.0605 	 0 
21.6062 	 1 
21.6294 	 2 
21.6294 	 0 
22.1983 	 0 
22.4885 	 0 
22.7788 	 2 
22.9181 	 0 
23.3477 	 0 
23.3477 	 2 
23.9166 	 2 
23.9166 	 0 
24.4854 	 0 
25.0659 	 2 
25.0659 	 0 
25.3794 	 2 
25.6348 	 0 
26.2037 	 0 
26.2037 	 2 
26.7726 	 0 
26.7726 	 2 
27.3415 	 0 
27.3531 	 2 
27.9104 	 0 
27.9220 	 2 
28.4909 	 0 
28.4909 	 2 
29.0598 	 0 
29.6287 	 0 
29.6403 	 2 
30.1976 	 0 
30.7664 	 2 
30.7664 	 1 
30.7780 	 0 
31.3469 	 0 
31.6372 	 0 
31.9158 	 2 
32.0551 	 0 
32.4847 	 0 
33.0652 	 2 
33.0652 	 0 
33.6341 	 0 
34.2030 	 2 
34.2030 	 0 
34.7719 	 0 
35.3408 	 0 
35.3524 	 2 
35.9213 	 0 
36.4669 	 1 
36.4902 	 0 
36.4902 	 2 
37.0590 	 0 
37.0590 	 2 
37.6279 	 0 
37.6279 	 2 
38.1968 	 2 
38.2084 	 0 
38.7773 	 0 
38.7773 	 2 
39.3462 	 2 
39.3462 	 0 
39.9151 	 0 
39.9151 	 2 
40.4840 	 0 
40.7742 	 0 
41.0645 	 2 
41.2038 	 0 
41.6334 	 0 
42.2023 	 2 
42.2023 	 0 
42.7712 	 2 
42.7712 	 0 
43.3517 	 2 
43.3517 	 0 
43.9205 	 0 
44.4894 	 2 
44.4894 	 0 
45.0583 	 0 
45.0583 	 2 
45.6272 	 2 
45.6272 	 0 
46.2077 	 0 
46.7766 	 2 
46.7766 	 0 
47.3455 	 2 
47.3455 	 0 
47.9144 	 0 
47.9144 	 2 
48.4949 	 2 
48.4949 	 0 
49.0638 	 0 
49.0638 	 2 
49.6327 	 0 
49.9229 	 0 
50.2015 	 2 
50.3409 	 0 
50.7704 	 0 
51.3509 	 2 
51.3509 	 0 
51.9198 	 0 
51.9198 	 2 
52.4887 	 0 
52.4887 	 2 
53.0576 	 0 
53.0576 	 2 
53.6265 	 0 
53.6265 	 2 
54.1954 	 0 
54.2070 	 2 
54.7527 	 1 
54.7759 	 0 
54.7759 	 2 
55.3448 	 2 
55.3448 	 0 
55.9137 	 2 
55.9137 	 0 
56.4825 	 0 
57.0630 	 2 
57.0630 	 0 
57.6319 	 0 
58.0499 	 1 
58.2008 	 2 
58.2008 	 0 
58.7697 	 0 
59.0600 	 0 
59.3502 	 2 
59.4895 	 0 
59.9191 	 0 
60.4880 	 0 
60.4880 	 2 
61.0569 	 0 
61.6258 	 0 
61.6374 	 2 
62.2063 	 2 
62.2063 	 0 
62.7519 	 1 
62.7751 	 0 
62.7751 	 2 
63.3440 	 0 
63.3440 	 2 
63.9129 	 0 
63.9245 	 2 
64.4934 	 2 
64.4934 	 0 
65.0507 	 1 
65.0623 	 2 
65.0623 	 0 
65.6312 	 2 
65.6312 	 0 
66.2001 	 0 
66.2117 	 2 
66.7690 	 0 
66.7690 	 2 
67.3263 	 1 
67.3495 	 2 
67.3495 	 0 
67.9184 	 0 
68.1970 	 0 
68.4873 	 2 
68.6382 	 0 
69.0561 	 2 
69.0561 	 0 
69.5902 	 1 
69.6366 	 2 
69.6366 	 0 
69.7179 	 2 
70.2055 	 0 
70.2055 	 2 
70.7744 	 2 
70.7744 	 0 
71.3433 	 2 
71.3433 	 0 
71.8890 	 1 
71.9122 	 2 
71.9122 	 0 
72.0051 	 1 
72.4927 	 2 
72.4927 	 0 
73.0384 	 1 
73.0616 	 2 
73.0616 	 0 
73.1312 	 1 
73.6305 	 2 
73.6305 	 0 
74.1529 	 1 
74.1994 	 2 
74.1994 	 0 
74.4664 	 1 
74.7683 	 0 
74.7683 	 2 
75.3139 	 1 
75.3488 	 1 
75.3488 	 0 
75.3488 	 2 
75.9176 	 2 
75.9176 	 0 
76.4865 	 2 
76.4865 	 0 
77.0554 	 2 
77.0554 	 0 
77.3457 	 0 
77.3457 	 2 
77.5663 	 1 
77.6359 	 2 
77.7752 	 0 
77.9494 	 1 
78.0307 	 1 
78.2048 	 0 
78.2048 	 2 
78.7389 	 1 
78.7737 	 2 
78.7737 	 0 
79.3426 	 2 
79.3426 	 0 
79.9231 	 2 
79.9231 	 0 
80.0740 	 1 
80.2366 	 1 
80.4920 	 0 
80.5849 	 1 
81.0144 	 1 
81.0609 	 2 
81.0609 	 0 
81.2698 	 1 
81.6298 	 2 
81.6298 	 0 
82.1986 	 2 
82.1986 	 0 
82.3263 	 1 
82.7791 	 0 
82.7791 	 2 
83.3480 	 0 
83.3480 	 2 
83.9169 	 0 
83.9169 	 2 
84.4394 	 1 
84.4858 	 0 
84.4974 	 2 
85.0547 	 2 
85.0547 	 0 
85.6352 	 2 
85.6352 	 0 
86.2041 	 0 
86.2041 	 2 
86.4827 	 2 
86.4827 	 0 
86.7498 	 1 
86.7730 	 2 
86.8891 	 1 
86.9123 	 0 
87.0168 	 1 
87.3419 	 2 
87.3419 	 0 
87.8411 	 1 
87.9107 	 0 
87.9224 	 2 
88.4796 	 2 
88.4912 	 0 
89.0369 	 1 
89.0601 	 2 
89.0601 	 0 
89.2111 	 1 
89.6290 	 0 
89.8380 	 1 
90.0122 	 1 
90.1631 	 1 
90.1979 	 0 
90.2095 	 2 
90.7668 	 2 
90.7784 	 0 
91.3241 	 1 
91.3473 	 2 
91.3473 	 0 
91.9162 	 0 
91.9162 	 2 
92.4619 	 1 
92.4851 	 0 
92.4851 	 2 
92.8798 	 1 
93.0540 	 2 
93.0540 	 0 
93.5996 	 1 
93.6229 	 2 
93.6345 	 0 
93.8202 	 1 
94.2034 	 2 
94.2034 	 0 
94.7722 	 0 
94.7722 	 2 
94.9464 	 1 
95.3411 	 2 
95.3411 	 0 
95.6314 	 2 
95.6314 	 0 
95.8868 	 1 
95.9216 	 2 
96.0610 	 0 
96.4905 	 2 
96.4905 	 0 
97.0594 	 2 
97.0594 	 0 
97.6283 	 2 
97.6283 	 0 
98.1740 	 1 
98.2088 	 0 
98.2088 	 2 
98.2785 	 1 
98.7777 	 0 
99.1956 	 1 
99.2653 	 1 
99.3234 	 1 
99.3466 	 0 
99.3466 	 2 
99.9155 	 2 
99.9155 	 0 
100.4727 	 1 
100.4844 	 0 
100.4960 	 2 
100.6817 	 1 
101.0649 	 2 
101.0649 	 0 
101.5989 	 1 
101.6337 	 2 
101.6337 	 0 
102.2026 	 2 
102.2026 	 0 
102.7367 	 1 
102.7715 	 2 
102.7831 	 0 
102.9689 	 1 
103.3520 	 0 
103.8745 	 1 
103.9209 	 2 
103.9209 	 0 
104.0834 	 1 
104.4898 	 2 
104.4898 	 0 
104.7684 	 2 
104.7684 	 0 
105.0239 	 1 
105.0587 	 2 
105.1980 	 0 
105.6276 	 0 
105.6276 	 2 
106.1849 	 1 
106.2081 	 2 
106.2081 	 0 
106.7654 	 2 
106.7770 	 0 
107.3110 	 1 
107.3459 	 0 
107.3459 	 2 
107.4155 	 1 
107.8567 	 1 
107.9147 	 0 
108.2514 	 1 
108.3327 	 1 
108.4140 	 1 
108.7507 	 1 
108.9132 	 1 
109.0525 	 0 
109.6446 	 1 
109.8304 	 1 
110.2019 	 0 
111.1888 	 1 
111.3397 	 0 
112.4891 	 0 
113.1044 	 1 
113.2205 	 1 
113.5107 	 1 
113.6268 	 0 
114.2422 	 1 
114.3583 	 1 
114.6253 	 1 
114.7762 	 0 
115.3800 	 1 
115.4612 	 1 
115.5889 	 1 
115.7283 	 1 
115.9140 	 0 
116.0766 	 1 
116.0998 	 1 
117.0634 	 0 
117.3885 	 1 
117.4814 	 1 
117.5510 	 1 
117.8877 	 1 
118.2012 	 0 
118.7817 	 1 
119.3506 	 0 
120.0820 	 1 
120.3490 	 1 
120.4883 	 0 
121.0805 	 1 
121.2546 	 1 
121.6377 	 0 
122.1950 	 1 
122.2415 	 1 
122.3692 	 1 
122.6478 	 1 
122.7755 	 0 
123.3560 	 1 
123.5069 	 1 
123.9249 	 0 
124.5054 	 1 
124.7260 	 1 
125.0627 	 0 
125.6664 	 1 
126.2005 	 0 
126.5371 	 1 
126.7461 	 1 
126.8506 	 1 
126.9087 	 1 
127.2221 	 1 
127.2802 	 1 
127.3382 	 0 
127.5008 	 1 
127.7098 	 1 
127.9187 	 1 
128.4876 	 0 
129.6370 	 0 
130.7748 	 0 
131.9126 	 2 
131.9126 	 0 
132.2144 	 0 
133.0620 	 2 
133.0620 	 0 
133.7469 	 1 
134.1997 	 0 
135.3491 	 0 
135.3491 	 2 
135.8832 	 1 
135.9180 	 2 
135.9180 	 0 
136.4869 	 0 
136.4985 	 2 
137.0558 	 0 
137.0558 	 2 
137.6363 	 2 
137.6363 	 0 
138.2052 	 0 
138.2052 	 2 
138.7741 	 0 
138.7741 	 2 
139.3197 	 1 
139.3429 	 0 
139.3546 	 2 
139.9118 	 0 
139.9118 	 2 
140.4923 	 0 
141.0612 	 0 
141.0612 	 2 
141.3515 	 0 
141.6301 	 2 
141.7694 	 0 
142.1990 	 2 
142.1990 	 0 
142.7679 	 2 
142.7679 	 0 
142.8724 	 1 
143.3484 	 0 
143.9173 	 2 
143.9173 	 0 
144.4862 	 2 
144.4862 	 0 
145.0551 	 2 
145.0551 	 0 
145.6239 	 0 
145.6356 	 2 
146.1928 	 1 
146.2044 	 2 
146.2044 	 0 
146.7733 	 2 
146.7733 	 0 
147.3422 	 0 
147.3422 	 2 
147.9111 	 2 
147.9111 	 0 
148.4916 	 2 
148.4916 	 0 
149.0605 	 0 
149.6294 	 2 
149.6294 	 0 
150.1983 	 0 
150.1983 	 2 
150.4769 	 2 
150.4885 	 0 
150.7788 	 2 
150.7788 	 1 
150.9065 	 0 
151.3361 	 2 
151.3477 	 0 
151.4173 	 2 
151.9166 	 0 
151.9166 	 2 
152.4854 	 2 
152.4854 	 0 
153.0659 	 0 
153.0659 	 2 
153.6348 	 2 
153.6348 	 0 
154.1921 	 1 
154.2037 	 0 
154.2037 	 2 
154.7726 	 2 
154.7726 	 0 
155.3299 	 1 
155.3415 	 0 
155.3415 	 2 
155.9104 	 2 
155.9220 	 0 
156.4793 	 1 
156.4909 	 2 
156.4909 	 0 
157.0598 	 2 
157.0598 	 0 
157.6403 	 2 
157.6403 	 0 
158.1976 	 2 
158.2092 	 0 
158.7664 	 2 
158.7780 	 0 
159.3469 	 2 
159.3469 	 0 
159.6372 	 0 
159.9158 	 2 
160.0551 	 0 
160.0551 	 2 
160.4847 	 0 
160.4847 	 2 
161.0652 	 2 
161.0652 	 0 
161.6225 	 2 
161.6341 	 0 
162.2030 	 0 
162.2030 	 2 
162.7719 	 0 
163.3408 	 0 
163.3524 	 2 
163.9097 	 2 
163.9213 	 0 
164.4669 	 1 
164.4902 	 0 
164.4902 	 2 
165.0590 	 0 
165.0590 	 2 
165.1287 	 2 
165.6279 	 0 
165.6279 	 2 
166.1968 	 0 
166.1968 	 2 
166.7773 	 0 
166.7773 	 2 
167.3462 	 2 
167.3462 	 0 
167.9151 	 0 
167.9151 	 2 
168.4840 	 0 
168.4840 	 2 
168.7742 	 0 
169.0529 	 1 
169.0645 	 2 
169.2038 	 0 
169.6218 	 2 
169.6334 	 0 
170.2023 	 2 
170.2023 	 0 
170.7712 	 2 
170.7712 	 0 
171.3517 	 2 
171.3517 	 0 
171.9205 	 0 
172.4894 	 0 
172.4894 	 2 
173.0583 	 0 
173.0583 	 2 
173.6272 	 1 
173.6272 	 0 
173.6272 	 2 
174.1497 	 2 
174.1497 	 1 
174.1961 	 2 
174.2077 	 0 
174.7766 	 0 
174.7766 	 2 
175.3339 	 2 
175.3455 	 0 
175.9144 	 2 
175.9260 	 0 
176.4833 	 0 
176.4833 	 2 
177.0638 	 0 
177.0638 	 2 
177.6327 	 0 
177.6327 	 2 
177.9113 	 2 
177.9229 	 0 
178.2015 	 1 
178.2015 	 2 
178.3409 	 0 
178.7704 	 2 
178.7704 	 0 
179.3509 	 2 
179.3509 	 0 
179.9198 	 2 
179.9198 	 0 
180.4887 	 0 
180.4887 	 2 
181.0576 	 0 
181.6265 	 1 
181.6265 	 2 
181.6265 	 0 
182.1954 	 2 
182.2070 	 0 
182.7643 	 1 
182.7759 	 2 
182.7759 	 0 
183.3448 	 0 
183.3448 	 2 
183.9137 	 0 
183.9137 	 2 
184.4825 	 2 
184.4941 	 0 
185.0630 	 0 
185.0630 	 2 
185.6319 	 0 
185.6319 	 2 
186.1892 	 1 
186.2008 	 0 
186.2008 	 2 
