13.1773 	 0 
13.1773 	 2 
13.1773 	 1 
13.3747 	 1 
13.3747 	 2 
13.5721 	 2 
13.5721 	 1 
13.5837 	 0 
13.7694 	 2 
13.7694 	 0 
13.7810 	 1 
13.9784 	 2 
13.9784 	 0 
13.9784 	 1 
14.1758 	 1 
14.1758 	 2 
14.1758 	 0 
14.3732 	 2 
14.3732 	 0 
14.3848 	 1 
14.5705 	 0 
14.5821 	 1 
14.5821 	 2 
14.7795 	 0 
14.7795 	 1 
14.7795 	 2 
14.9769 	 0 
14.9769 	 2 
14.9769 	 1 
15.1742 	 2 
15.1742 	 1 
15.1859 	 0 
15.3716 	 2 
15.3716 	 0 
15.3832 	 1 
15.5806 	 0 
15.5806 	 2 
15.5806 	 1 
15.7780 	 0 
15.7780 	 2 
15.7780 	 1 
15.9753 	 1 
15.9753 	 0 
15.9753 	 2 
16.1727 	 0 
16.1843 	 2 
16.1843 	 1 
16.3817 	 2 
16.3817 	 1 
16.3817 	 0 
16.5790 	 1 
16.5790 	 0 
16.5790 	 2 
16.7764 	 0 
16.7764 	 2 
16.7764 	 1 
16.9738 	 0 
16.9738 	 1 
16.9738 	 2 
17.1712 	 2 
17.1828 	 0 
17.1828 	 1 
17.3801 	 0 
17.3801 	 2 
17.3801 	 1 
17.5775 	 0 
17.5775 	 2 
17.5775 	 1 
17.7749 	 1 
17.7749 	 0 
17.7865 	 2 
17.9839 	 2 
17.9839 	 1 
17.9839 	 0 
18.1696 	 0 
18.1812 	 1 
18.1812 	 2 
18.3786 	 2 
18.3786 	 0 
18.3786 	 1 
18.5760 	 0 
18.5760 	 2 
18.5760 	 1 
18.7733 	 2 
18.7849 	 0 
18.7849 	 1 
18.9707 	 0 
18.9823 	 1 
18.9823 	 2 
19.1797 	 2 
19.1797 	 1 
19.1797 	 0 
19.3771 	 1 
19.3771 	 0 
19.3771 	 2 
19.5744 	 0 
19.5744 	 2 
19.5744 	 1 
19.7718 	 0 
19.7834 	 2 
19.7834 	 1 
19.9808 	 1 
19.9808 	 0 
19.9808 	 2 
20.1781 	 1 
20.1781 	 2 
20.1781 	 0 
20.3755 	 0 
20.3755 	 2 
20.3755 	 1 
20.5729 	 0 
20.5729 	 2 
20.5845 	 1 
20.7702 	 2 
20.7819 	 0 
20.7819 	 1 
20.9792 	 0 
20.9792 	 2 
20.9792 	 1 
21.1766 	 1 
21.1766 	 0 
21.1766 	 2 
21.3740 	 0 
21.3740 	 1 
21.3740 	 2 
21.5713 	 2 
21.5829 	 0 
21.5829 	 1 
21.7803 	 1 
21.7803 	 0 
21.7803 	 2 
21.9777 	 2 
21.9777 	 0 
21.9777 	 1 
22.1751 	 2 
22.1751 	 0 
22.1751 	 1 
22.3724 	 0 
22.3724 	 2 
22.3840 	 1 
22.5698 	 0 
22.5698 	 2 
22.5814 	 1 
22.7788 	 1 
22.7788 	 0 
22.7788 	 2 
22.9761 	 0 
22.9761 	 2 
22.9761 	 1 
23.1735 	 2 
23.1851 	 0 
23.1851 	 1 
23.2316 	 1 
23.3709 	 0 
23.3825 	 1 
23.3825 	 2 
23.5799 	 2 
23.5799 	 0 
23.5799 	 1 
23.7772 	 1 
23.7772 	 0 
23.7772 	 2 
23.9746 	 2 
23.9746 	 0 
23.9746 	 1 
24.1720 	 0 
24.1720 	 1 
24.1836 	 2 
24.3810 	 2 
24.3810 	 0 
24.3810 	 1 
24.5783 	 2 
24.5783 	 1 
24.5783 	 0 
24.7757 	 0 
24.7757 	 1 
24.7757 	 2 
24.9731 	 2 
24.9731 	 1 
24.9731 	 0 
25.1820 	 2 
25.1820 	 1 
25.1820 	 0 
25.2981 	 2 
25.3910 	 2 
25.3910 	 1 
25.3910 	 0 
25.5768 	 0 
25.5768 	 2 
25.5768 	 1 
25.9715 	 0 
25.9715 	 1 
25.9831 	 2 
26.1689 	 2 
26.1689 	 1 
26.3663 	 0 
26.3779 	 2 
26.3779 	 1 
26.5752 	 2 
26.5752 	 0 
26.5752 	 1 
26.7726 	 1 
26.7726 	 2 
26.7726 	 0 
26.9700 	 0 
26.9816 	 2 
26.9816 	 1 
27.1790 	 0 
27.1790 	 1 
27.1906 	 2 
27.3763 	 1 
27.3763 	 0 
27.3763 	 2 
27.5737 	 1 
27.5737 	 2 
27.5853 	 0 
27.7711 	 0 
27.7827 	 2 
27.7827 	 1 
27.9800 	 1 
27.9800 	 2 
27.9800 	 0 
28.1774 	 1 
28.1774 	 2 
28.1774 	 0 
28.3748 	 0 
28.3748 	 2 
28.3748 	 1 
28.5722 	 0 
28.5722 	 1 
28.5722 	 2 
28.7695 	 0 
28.7811 	 1 
28.7811 	 2 
28.9785 	 1 
28.9785 	 0 
28.9785 	 2 
29.1759 	 2 
29.1759 	 0 
29.1875 	 1 
29.3732 	 2 
29.3732 	 0 
29.3849 	 1 
29.5706 	 0 
29.5706 	 1 
29.5706 	 2 
29.7796 	 1 
29.7796 	 2 
29.7796 	 0 
29.9770 	 1 
29.9770 	 0 
29.9770 	 2 
30.1743 	 0 
30.1743 	 1 
30.1743 	 2 
30.3833 	 0 
30.3833 	 2 
30.3833 	 1 
30.5691 	 1 
30.5691 	 0 
30.5691 	 2 
30.7780 	 2 
30.7780 	 1 
30.7780 	 0 
30.9754 	 2 
30.9754 	 0 
30.9754 	 1 
31.1728 	 2 
31.1844 	 1 
31.1844 	 0 
31.3702 	 2 
31.3702 	 0 
31.3702 	 1 
31.5791 	 0 
31.5791 	 1 
31.5791 	 2 
31.7765 	 2 
31.7765 	 0 
31.7765 	 1 
31.9739 	 0 
31.9739 	 1 
31.9739 	 2 
32.1712 	 0 
32.1712 	 2 
32.1829 	 1 
32.3802 	 1 
32.3802 	 2 
32.3802 	 0 
32.5776 	 0 
32.5776 	 1 
32.5892 	 2 
32.7750 	 0 
32.7750 	 2 
32.7750 	 1 
32.9723 	 2 
32.9723 	 1 
32.9723 	 0 
33.1813 	 2 
33.1813 	 1 
33.1813 	 0 
33.3787 	 2 
33.3787 	 1 
33.3787 	 0 
33.5761 	 1 
33.5761 	 0 
33.5761 	 2 
33.7734 	 0 
33.7734 	 1 
33.7734 	 2 
33.9708 	 0 
33.9824 	 1 
33.9824 	 2 
34.1798 	 0 
34.1798 	 1 
34.1798 	 2 
34.3771 	 0 
34.3771 	 1 
34.3771 	 2 
34.5745 	 2 
34.5745 	 1 
34.5745 	 0 
34.7719 	 0 
34.7719 	 2 
34.7719 	 1 
34.9693 	 1 
34.9693 	 0 
34.9693 	 2 
35.1782 	 0 
35.1782 	 2 
35.1782 	 1 
35.3756 	 1 
35.3756 	 2 
35.3756 	 0 
35.5730 	 1 
35.5730 	 2 
35.5846 	 0 
35.7703 	 2 
35.7703 	 1 
35.7703 	 0 
35.9793 	 0 
35.9793 	 2 
35.9793 	 1 
36.1883 	 1 
36.1883 	 2 
36.1883 	 0 
36.3741 	 2 
36.3741 	 1 
36.3741 	 0 
36.5714 	 2 
36.5714 	 1 
36.5714 	 0 
36.7804 	 0 
36.7804 	 2 
36.7804 	 1 
36.9778 	 0 
36.9778 	 1 
36.9778 	 2 
37.1751 	 0 
37.1751 	 1 
37.1751 	 2 
37.3725 	 2 
37.3841 	 1 
37.3841 	 0 
37.5815 	 0 
37.5815 	 1 
37.5815 	 2 
37.7673 	 2 
37.7673 	 0 
37.7673 	 1 
37.9762 	 1 
37.9762 	 0 
37.9762 	 2 
38.0923 	 2 
38.1852 	 2 
38.1852 	 1 
38.1852 	 0 
38.3710 	 2 
38.3710 	 0 
38.3826 	 1 
38.5683 	 0 
38.5800 	 2 
38.5800 	 1 
38.7773 	 2 
38.7773 	 0 
38.7889 	 1 
39.3694 	 1 
39.3810 	 2 
39.5784 	 2 
39.7758 	 1 
39.9848 	 1 
39.9848 	 0 
39.9848 	 2 
40.1705 	 2 
40.1821 	 1 
40.5769 	 2 
40.5885 	 0 
40.5885 	 1 
40.7742 	 2 
40.7859 	 1 
40.7859 	 0 
40.9832 	 2 
40.9832 	 1 
41.1922 	 2 
41.1922 	 1 
41.3896 	 2 
41.5753 	 1 
41.5869 	 2 
41.7843 	 2 
41.9817 	 2 
41.9817 	 1 
41.9817 	 0 
42.1907 	 2 
42.1907 	 1 
42.3880 	 2 
42.5854 	 2 
42.5854 	 1 
42.5854 	 0 
42.7828 	 2 
42.7828 	 1 
42.9917 	 2 
43.1775 	 2 
43.1775 	 1 
43.1891 	 0 
43.5839 	 2 
43.7812 	 2 
43.7812 	 0 
43.7812 	 1 
43.9786 	 1 
43.9786 	 0 
43.9786 	 2 
44.1876 	 2 
44.1876 	 1 
44.3849 	 2 
44.3849 	 1 
44.5823 	 2 
44.7797 	 2 
45.1860 	 0 
45.1860 	 1 
45.1860 	 2 
45.4647 	 2 
45.7781 	 2 
45.7781 	 0 
45.7781 	 1 
46.1729 	 2 
46.3819 	 2 
46.3819 	 1 
46.7766 	 1 
46.7766 	 2 
46.9856 	 2 
46.9856 	 1 
46.9856 	 0 
47.1713 	 1 
47.1829 	 2 
47.3803 	 2 
47.5777 	 2 
47.5777 	 1 
47.7634 	 2 
47.9724 	 2 
48.1698 	 2 
48.3788 	 2 
48.3788 	 0 
48.3788 	 1 
48.5761 	 2 
48.5878 	 1 
48.7735 	 1 
48.7735 	 2 
48.9825 	 2 
48.9825 	 0 
48.9825 	 1 
49.1799 	 1 
49.1799 	 0 
49.1799 	 2 
49.3772 	 2 
49.5746 	 0 
49.5746 	 1 
49.5746 	 2 
49.9693 	 2 
49.9693 	 0 
49.9810 	 1 
50.1783 	 2 
50.1783 	 0 
50.1783 	 1 
50.3757 	 0 
50.3757 	 2 
50.3757 	 1 
50.5731 	 2 
50.5847 	 1 
50.7820 	 1 
50.7937 	 2 
50.9214 	 1 
50.9214 	 2 
51.0491 	 1 
51.0607 	 2 
51.1768 	 2 
51.1884 	 1 
51.3858 	 1 
51.5831 	 1 
51.5831 	 2 
51.5831 	 0 
52.3726 	 2 
52.3726 	 0 
52.3726 	 1 
52.7790 	 2 
52.7790 	 1 
52.7790 	 0 
53.3711 	 1 
53.3827 	 2 
53.3827 	 0 
53.5800 	 1 
53.5800 	 2 
53.5800 	 0 
53.9864 	 0 
53.9864 	 1 
53.9864 	 2 
54.3695 	 1 
54.3695 	 0 
54.3695 	 2 
54.7759 	 2 
54.7875 	 1 
54.7875 	 0 
55.5770 	 0 
55.5770 	 1 
55.5770 	 2 
55.9717 	 1 
55.9833 	 0 
55.9833 	 2 
56.5754 	 1 
56.5754 	 2 
56.7728 	 2 
56.7728 	 0 
56.7844 	 1 
57.1791 	 0 
57.1791 	 1 
57.1791 	 2 
57.5739 	 2 
57.5739 	 0 
57.5739 	 1 
57.7712 	 1 
57.7829 	 2 
57.7829 	 0 
57.9802 	 0 
57.9802 	 2 
57.9802 	 1 
58.7697 	 0 
58.7813 	 2 
58.7813 	 1 
59.1761 	 2 
59.1761 	 0 
59.1761 	 1 
59.7682 	 2 
59.7798 	 0 
59.7798 	 1 
59.9771 	 1 
59.9771 	 0 
59.9888 	 2 
60.3835 	 1 
60.3835 	 0 
60.3835 	 2 
60.7782 	 2 
60.7782 	 1 
60.7782 	 0 
61.1846 	 2 
61.1846 	 0 
61.1846 	 1 
61.9741 	 2 
61.9741 	 0 
61.9857 	 1 
62.3804 	 2 
62.3804 	 0 
62.3804 	 1 
62.9841 	 2 
62.9841 	 0 
63.1699 	 0 
63.1815 	 2 
63.1815 	 1 
63.5762 	 1 
63.5762 	 2 
63.5762 	 0 
63.7968 	 1 
63.9710 	 0 
63.9710 	 2 
63.9826 	 1 
64.1683 	 0 
64.1800 	 1 
64.1800 	 2 
64.3773 	 0 
64.3773 	 1 
64.3889 	 2 
64.5631 	 2 
64.7721 	 1 
64.7721 	 2 
64.7721 	 0 
64.9694 	 2 
64.9694 	 1 
65.1668 	 0 
65.1668 	 1 
65.1784 	 2 
65.3758 	 1 
65.3758 	 0 
65.3758 	 2 
65.5732 	 0 
65.5732 	 2 
65.5848 	 1 
65.7705 	 0 
65.7821 	 2 
65.7821 	 1 
65.9679 	 2 
65.9795 	 0 
65.9795 	 1 
66.1769 	 0 
66.1885 	 2 
66.1885 	 1 
66.3742 	 1 
66.3742 	 0 
66.3859 	 2 
66.5716 	 0 
66.5832 	 2 
66.5832 	 1 
66.7690 	 2 
66.7690 	 0 
66.7806 	 1 
66.9780 	 1 
66.9780 	 2 
66.9780 	 0 
67.1753 	 2 
67.1753 	 1 
67.1753 	 0 
67.3727 	 2 
67.3843 	 0 
67.3843 	 1 
67.5817 	 1 
67.5817 	 2 
67.5817 	 0 
67.7790 	 0 
67.7790 	 1 
67.7907 	 2 
67.9764 	 0 
67.9764 	 1 
67.9880 	 2 
68.1738 	 2 
68.1738 	 0 
68.1738 	 1 
68.3712 	 1 
68.3712 	 0 
68.3712 	 2 
68.5801 	 0 
68.5801 	 1 
68.5801 	 2 
68.7775 	 1 
68.7775 	 2 
68.7775 	 0 
68.9749 	 1 
68.9749 	 0 
68.9865 	 2 
69.1722 	 2 
69.1722 	 0 
69.1839 	 1 
69.3812 	 1 
69.3812 	 2 
69.3812 	 0 
69.5786 	 1 
69.5786 	 2 
69.5786 	 0 
69.7760 	 2 
69.7760 	 0 
69.7760 	 1 
69.9733 	 0 
69.9733 	 1 
69.9733 	 2 
70.1707 	 0 
70.1707 	 2 
70.1823 	 1 
70.3681 	 0 
70.3797 	 2 
70.3797 	 1 
70.5771 	 2 
70.5771 	 0 
70.5771 	 1 
70.7744 	 0 
70.7744 	 1 
70.7744 	 2 
70.9834 	 1 
70.9834 	 0 
70.9834 	 2 
71.1692 	 2 
71.1692 	 0 
71.1808 	 1 
71.3781 	 0 
71.3781 	 2 
71.3781 	 1 
71.5755 	 2 
71.5755 	 0 
71.5755 	 1 
71.7729 	 2 
71.7729 	 0 
71.7845 	 1 
71.9819 	 2 
71.9819 	 1 
71.9819 	 0 
72.1792 	 2 
72.1792 	 0 
72.1792 	 1 
72.3766 	 0 
72.3766 	 1 
72.3882 	 2 
72.5740 	 0 
72.5856 	 1 
72.5856 	 2 
72.7713 	 0 
72.7829 	 2 
72.7829 	 1 
72.9803 	 0 
72.9803 	 1 
72.9919 	 2 
73.1777 	 0 
73.1777 	 2 
73.1777 	 1 
73.3751 	 1 
73.3751 	 0 
73.3751 	 2 
73.5724 	 0 
73.5724 	 2 
73.5840 	 1 
73.7814 	 0 
73.7814 	 2 
73.7814 	 1 
73.9788 	 2 
73.9788 	 0 
73.9788 	 1 
74.1761 	 0 
74.1761 	 1 
74.1878 	 2 
74.3735 	 2 
74.3735 	 0 
74.3851 	 1 
74.5709 	 2 
74.5709 	 0 
74.5825 	 1 
74.7683 	 0 
74.7799 	 1 
74.7799 	 2 
74.9772 	 1 
74.9772 	 0 
74.9772 	 2 
75.1746 	 2 
75.1746 	 0 
75.1862 	 1 
75.3720 	 0 
75.3836 	 2 
75.3836 	 1 
75.5693 	 2 
75.5693 	 0 
75.5810 	 1 
75.7783 	 0 
75.7783 	 1 
75.7783 	 2 
75.9757 	 0 
75.9873 	 2 
75.9873 	 1 
76.1731 	 0 
76.1847 	 2 
76.1847 	 1 
76.3704 	 0 
76.3820 	 1 
76.3820 	 2 
76.5794 	 2 
76.7768 	 1 
76.9858 	 1 
76.9858 	 2 
77.1715 	 0 
77.1831 	 1 
77.1831 	 2 
77.3689 	 2 
77.5663 	 1 
77.5663 	 0 
77.5663 	 2 
77.7752 	 0 
77.7752 	 2 
77.7752 	 1 
77.9726 	 1 
77.9726 	 0 
77.9726 	 2 
78.1700 	 0 
78.1700 	 2 
78.1700 	 1 
78.3790 	 2 
78.3790 	 1 
78.3790 	 0 
78.5763 	 2 
78.5763 	 1 
78.7737 	 0 
78.7737 	 2 
78.7737 	 1 
78.9711 	 2 
78.9711 	 0 
78.9827 	 1 
79.1800 	 2 
79.1800 	 0 
79.1800 	 1 
79.3774 	 0 
79.3774 	 2 
79.3774 	 1 
79.5748 	 0 
79.5748 	 1 
79.5748 	 2 
79.7722 	 0 
79.7722 	 2 
79.7722 	 1 
79.9695 	 0 
79.9695 	 1 
79.9811 	 2 
80.1785 	 1 
80.1785 	 0 
80.1785 	 2 
80.3759 	 0 
80.3759 	 1 
80.3759 	 2 
80.5732 	 1 
80.5732 	 0 
80.5732 	 2 
80.6429 	 2 
80.7706 	 0 
80.7706 	 1 
80.7706 	 2 
80.9796 	 0 
80.9796 	 2 
80.9912 	 1 
81.1770 	 0 
81.1770 	 2 
81.1770 	 1 
81.3627 	 2 
81.3743 	 1 
81.3743 	 0 
81.5717 	 2 
81.5833 	 1 
81.5833 	 0 
81.7691 	 0 
81.7691 	 1 
81.7691 	 2 
81.9664 	 1 
81.9780 	 0 
81.9780 	 2 
82.1754 	 0 
82.1754 	 1 
82.1754 	 2 
82.3728 	 1 
82.3728 	 0 
82.3844 	 2 
82.5702 	 1 
82.5702 	 2 
82.7675 	 0 
82.7675 	 1 
82.7791 	 2 
82.9765 	 0 
82.9765 	 1 
82.9765 	 2 
83.1739 	 0 
83.1739 	 1 
83.1739 	 2 
83.3712 	 1 
83.3712 	 0 
83.3829 	 2 
83.5802 	 2 
83.5802 	 1 
83.5802 	 0 
83.7776 	 2 
83.7776 	 1 
83.7776 	 0 
83.9750 	 1 
83.9750 	 2 
83.9750 	 0 
84.1723 	 0 
84.1723 	 2 
84.1723 	 1 
84.3697 	 0 
84.3697 	 1 
84.3813 	 2 
84.5671 	 0 
84.5787 	 2 
84.5787 	 1 
84.7761 	 1 
84.7761 	 2 
84.7761 	 0 
84.9734 	 2 
84.9734 	 1 
84.9734 	 0 
85.1708 	 2 
85.1708 	 1 
85.1708 	 0 
85.3682 	 2 
85.3798 	 0 
85.3798 	 1 
85.5771 	 1 
85.5771 	 0 
85.5771 	 2 
85.6816 	 1 
85.7861 	 2 
85.9719 	 1 
85.9719 	 0 
85.9719 	 2 
86.1693 	 1 
86.1693 	 0 
86.1693 	 2 
86.3782 	 2 
86.3782 	 1 
86.3782 	 0 
86.5756 	 1 
86.5756 	 2 
86.5756 	 0 
86.7730 	 2 
86.7730 	 0 
86.7730 	 1 
86.9007 	 1 
86.9703 	 1 
86.9703 	 2 
86.9703 	 0 
87.1677 	 1 
87.1677 	 0 
87.1677 	 2 
87.3883 	 2 
87.3883 	 1 
87.3883 	 0 
87.5741 	 1 
87.5741 	 0 
87.5741 	 2 
87.7714 	 0 
87.7714 	 1 
87.7714 	 2 
87.9688 	 0 
87.9688 	 2 
87.9804 	 1 
88.1778 	 0 
88.1778 	 1 
88.1778 	 2 
88.3751 	 2 
88.3751 	 1 
88.3751 	 0 
88.5725 	 1 
88.5725 	 2 
88.5725 	 0 
88.7815 	 1 
88.7815 	 2 
88.7815 	 0 
88.9789 	 2 
88.9789 	 0 
88.9789 	 1 
89.1762 	 1 
89.1878 	 2 
89.3039 	 1 
89.3039 	 2 
89.4433 	 2 
89.5710 	 2 
89.5710 	 1 
89.9773 	 1 
89.9773 	 0 
89.9889 	 2 
91.1732 	 0 
91.1848 	 2 
91.1848 	 1 
91.7769 	 0 
91.7769 	 2 
91.7769 	 1 
91.9742 	 2 
91.9742 	 0 
91.9859 	 1 
93.1817 	 2 
93.1817 	 0 
93.1933 	 1 
94.3775 	 2 
94.3775 	 0 
94.3891 	 1 
94.9696 	 0 
94.9812 	 1 
94.9812 	 2 
95.1786 	 2 
95.1786 	 0 
95.1786 	 1 
96.3860 	 2 
96.3860 	 0 
96.3860 	 1 
97.5819 	 2 
97.5819 	 0 
97.5935 	 1 
98.1740 	 2 
98.1856 	 1 
98.3713 	 0 
98.3829 	 2 
98.3829 	 1 
99.5788 	 0 
99.5788 	 2 
99.5904 	 1 
100.7746 	 0 
100.7862 	 1 
100.7862 	 2 
101.3783 	 2 
101.3783 	 0 
101.3899 	 1 
101.5757 	 2 
101.5757 	 0 
101.5873 	 1 
102.7831 	 1 
102.7831 	 2 
102.7831 	 0 
103.1663 	 1 
103.3752 	 1 
103.5726 	 2 
103.5726 	 0 
103.5726 	 1 
103.7816 	 1 
103.7816 	 2 
103.9790 	 1 
103.9790 	 2 
103.9790 	 0 
104.1763 	 1 
104.1763 	 2 
104.3737 	 1 
104.3737 	 2 
104.5711 	 0 
104.5827 	 1 
104.5827 	 2 
104.7800 	 1 
104.7800 	 2 
104.7800 	 0 
104.9658 	 0 
104.9774 	 1 
104.9890 	 2 
105.1748 	 2 
105.1748 	 0 
105.1864 	 1 
105.3722 	 1 
105.3838 	 2 
105.5695 	 2 
105.5695 	 0 
105.5811 	 1 
105.7785 	 1 
105.7785 	 2 
105.9759 	 1 
105.9759 	 2 
105.9759 	 0 
106.1732 	 2 
106.1732 	 0 
106.1732 	 1 
106.3706 	 2 
106.3706 	 1 
106.5680 	 0 
106.5796 	 2 
106.5796 	 1 
106.7770 	 1 
106.7770 	 0 
106.7770 	 2 
106.9743 	 2 
106.9743 	 1 
107.1833 	 2 
107.1833 	 0 
107.1833 	 1 
107.3691 	 2 
107.3691 	 1 
107.5664 	 0 
107.5780 	 1 
107.5780 	 2 
107.7754 	 0 
107.7870 	 1 
107.7870 	 2 
107.9728 	 0 
107.9844 	 1 
107.9844 	 2 
108.1702 	 0 
108.1702 	 1 
108.1818 	 2 
108.3675 	 0 
108.3791 	 1 
108.3791 	 2 
108.5765 	 1 
108.5881 	 2 
108.7739 	 1 
108.7739 	 0 
108.7855 	 2 
108.9712 	 2 
108.9712 	 0 
108.9829 	 1 
109.1802 	 0 
109.1802 	 1 
109.1802 	 2 
109.5750 	 1 
109.7839 	 1 
109.7839 	 0 
109.7839 	 2 
109.9697 	 0 
109.9813 	 2 
109.9813 	 1 
110.1787 	 2 
110.1787 	 1 
110.3761 	 2 
110.3877 	 0 
110.3877 	 1 
110.5734 	 1 
110.5850 	 2 
110.7708 	 1 
110.7824 	 2 
110.9798 	 0 
110.9798 	 1 
110.9798 	 2 
111.1771 	 2 
111.1888 	 1 
111.1888 	 0 
111.3745 	 1 
111.3861 	 2 
111.5719 	 2 
111.5719 	 0 
111.5835 	 1 
111.7809 	 2 
111.9782 	 2 
111.9782 	 0 
111.9782 	 1 
112.3846 	 1 
112.3846 	 2 
112.3846 	 0 
112.5703 	 1 
112.9767 	 2 
112.9883 	 0 
112.9883 	 1 
113.1741 	 2 
113.1741 	 1 
113.1741 	 0 
113.3830 	 2 
113.3830 	 1 
113.5804 	 0 
113.5804 	 1 
113.5804 	 2 
113.7778 	 2 
113.7778 	 1 
113.9751 	 1 
114.1841 	 0 
114.1841 	 1 
114.1841 	 2 
114.3815 	 0 
114.3815 	 2 
114.3815 	 1 
114.5789 	 1 
114.5905 	 2 
114.7762 	 2 
114.7762 	 0 
114.7762 	 1 
114.9852 	 2 
114.9852 	 1 
115.1710 	 0 
115.1826 	 2 
115.1826 	 1 
115.3800 	 0 
115.3800 	 2 
115.3800 	 1 
115.5889 	 1 
115.5889 	 2 
115.6005 	 0 
115.7166 	 2 
115.7747 	 2 
116.0998 	 2 
116.1810 	 1 
116.1927 	 2 
116.4016 	 1 
116.4481 	 1 
116.5874 	 2 
116.7848 	 2 
116.7848 	 1 
116.7964 	 0 
116.9705 	 1 
116.9705 	 2 
117.1911 	 2 
117.3885 	 2 
117.3885 	 1 
117.5859 	 1 
117.5859 	 2 
117.7832 	 2 
117.9922 	 2 
118.1896 	 2 
118.3869 	 2 
118.3869 	 0 
118.3869 	 1 
118.5727 	 0 
118.5727 	 2 
118.5727 	 1 
118.7817 	 2 
118.7817 	 1 
118.9790 	 1 
118.9790 	 2 
119.1880 	 2 
119.3854 	 0 
119.3854 	 1 
119.3854 	 2 
119.5944 	 1 
119.6524 	 1 
119.9891 	 0 
119.9891 	 1 
119.9891 	 2 
120.1749 	 0 
120.1749 	 1 
120.3839 	 2 
120.3839 	 1 
120.5812 	 2 
120.5812 	 1 
120.7902 	 1 
120.7902 	 2 
120.9760 	 2 
121.1849 	 2 
121.1849 	 1 
121.3823 	 2 
121.5797 	 1 
121.5913 	 2 
121.7887 	 2 
121.8003 	 1 
121.8583 	 1 
121.9744 	 2 
122.1718 	 2 
122.1718 	 1 
122.3808 	 2 
122.3808 	 1 
122.5781 	 2 
122.5898 	 0 
122.5898 	 1 
122.8452 	 2 
122.8568 	 1 
122.9845 	 2 
123.1819 	 2 
123.1819 	 1 
123.1935 	 0 
123.3676 	 1 
123.7856 	 2 
123.9829 	 2 
124.1803 	 2 
124.4009 	 2 
124.5867 	 2 
124.7840 	 2 
124.7840 	 0 
124.7840 	 1 
124.9814 	 2 
124.9814 	 1 
125.1672 	 2 
125.1672 	 0 
125.1788 	 1 
125.3645 	 2 
125.3761 	 1 
125.5735 	 1 
125.5851 	 2 
125.7825 	 1 
125.7825 	 2 
125.7941 	 0 
126.0495 	 1 
126.1888 	 2 
126.3862 	 2 
126.3862 	 1 
126.3862 	 0 
126.5720 	 1 
126.7693 	 2 
126.7810 	 1 
126.9783 	 2 
126.9783 	 1 
127.1873 	 2 
127.3847 	 2 
127.7794 	 2 
127.7910 	 1 
127.9884 	 1 
128.3831 	 0 
128.3831 	 2 
128.3831 	 1 
128.5689 	 2 
128.5805 	 1 
128.7779 	 0 
128.7779 	 2 
128.7779 	 1 
128.9752 	 1 
128.9752 	 2 
129.1726 	 2 
129.1726 	 1 
129.1726 	 0 
129.3700 	 1 
129.3700 	 2 
129.3700 	 0 
129.5790 	 1 
129.5790 	 2 
129.5790 	 0 
129.7763 	 2 
129.7763 	 0 
129.7763 	 1 
129.9737 	 0 
129.9737 	 1 
129.9737 	 2 
130.1711 	 0 
130.1711 	 1 
130.1827 	 2 
130.3800 	 1 
130.3800 	 2 
130.3800 	 0 
130.5774 	 2 
130.5774 	 0 
130.5774 	 1 
130.7748 	 2 
130.7748 	 0 
130.7748 	 1 
130.9722 	 0 
130.9838 	 2 
130.9838 	 1 
131.1811 	 2 
131.1811 	 1 
131.1811 	 0 
131.3785 	 2 
131.3785 	 1 
131.3785 	 0 
131.5759 	 1 
131.5759 	 0 
131.5759 	 2 
131.7732 	 1 
131.7732 	 0 
131.7849 	 2 
131.9706 	 2 
131.9822 	 0 
131.9822 	 1 
132.1796 	 0 
132.1796 	 2 
132.1796 	 1 
132.3770 	 0 
132.3770 	 1 
132.3770 	 2 
132.5743 	 2 
132.5743 	 1 
132.5743 	 0 
132.7717 	 2 
132.7717 	 1 
132.7833 	 0 
132.9691 	 0 
132.9807 	 2 
132.9807 	 1 
133.1780 	 1 
133.1780 	 0 
133.1780 	 2 
133.3754 	 2 
133.3754 	 1 
133.3754 	 0 
133.5728 	 1 
133.5728 	 0 
133.5844 	 2 
133.7702 	 1 
133.7702 	 0 
133.7818 	 2 
133.9791 	 0 
133.9791 	 1 
133.9791 	 2 
134.1765 	 2 
134.1765 	 0 
134.1765 	 1 
134.3739 	 2 
134.3739 	 1 
134.3739 	 0 
134.5712 	 0 
134.5829 	 1 
134.5829 	 2 
134.7802 	 2 
134.7802 	 1 
134.7802 	 0 
134.9776 	 2 
134.9776 	 0 
134.9776 	 1 
135.1750 	 2 
135.1750 	 0 
135.1750 	 1 
135.3723 	 0 
135.3723 	 2 
135.3839 	 1 
135.5697 	 2 
135.5813 	 0 
135.5813 	 1 
135.7787 	 1 
135.7787 	 2 
135.7787 	 0 
135.9761 	 0 
135.9761 	 1 
135.9761 	 2 
136.1734 	 2 
136.1734 	 0 
136.1734 	 1 
136.3708 	 0 
136.3708 	 1 
136.3824 	 2 
136.5682 	 2 
136.5798 	 1 
136.5798 	 0 
136.7771 	 1 
136.7771 	 0 
136.7771 	 2 
136.9745 	 0 
136.9745 	 2 
136.9745 	 1 
137.1719 	 2 
137.1719 	 0 
137.1719 	 1 
137.3693 	 2 
137.3693 	 0 
137.3809 	 1 
137.5782 	 0 
137.5782 	 1 
137.5782 	 2 
137.7756 	 0 
137.7756 	 1 
137.7756 	 2 
137.9730 	 0 
137.9730 	 2 
137.9730 	 1 
138.1703 	 0 
138.1820 	 2 
138.1820 	 1 
138.3677 	 2 
138.3793 	 0 
138.3793 	 1 
138.5767 	 0 
138.5767 	 2 
138.5767 	 1 
138.7741 	 0 
138.7741 	 1 
138.7741 	 2 
138.9714 	 0 
138.9714 	 2 
138.9830 	 1 
139.1688 	 0 
139.1804 	 1 
139.1804 	 2 
139.3778 	 2 
139.3778 	 1 
139.3778 	 0 
139.5751 	 2 
139.5751 	 1 
139.5751 	 0 
139.7725 	 0 
139.7841 	 1 
139.7841 	 2 
139.9699 	 1 
139.9699 	 0 
139.9699 	 2 
140.1789 	 1 
140.1789 	 0 
140.1789 	 2 
140.3762 	 0 
140.3762 	 2 
140.3878 	 1 
140.5852 	 0 
140.5852 	 1 
140.5852 	 2 
140.7710 	 0 
140.7826 	 1 
140.7826 	 2 
141.1657 	 0 
141.1657 	 2 
141.1773 	 1 
141.3747 	 1 
141.3747 	 2 
141.5721 	 0 
141.5721 	 1 
141.5721 	 2 
141.7694 	 0 
141.7694 	 1 
141.7810 	 2 
141.9784 	 1 
141.9784 	 2 
141.9784 	 0 
142.1758 	 1 
142.1758 	 2 
142.1758 	 0 
142.3732 	 1 
142.3732 	 2 
142.3732 	 0 
142.5705 	 0 
142.5705 	 1 
142.5821 	 2 
142.7795 	 1 
142.7795 	 2 
142.7795 	 0 
142.9769 	 2 
142.9769 	 1 
142.9769 	 0 
143.1742 	 1 
143.1742 	 2 
143.1742 	 0 
143.3716 	 0 
143.3716 	 2 
143.3832 	 1 
143.5690 	 1 
143.5806 	 2 
143.5806 	 0 
143.7780 	 0 
143.7780 	 1 
143.7780 	 2 
143.9753 	 1 
143.9753 	 2 
143.9753 	 0 
144.1727 	 0 
144.1727 	 1 
144.1843 	 2 
144.3701 	 1 
144.3817 	 2 
144.3817 	 0 
144.5790 	 2 
144.5790 	 0 
144.5790 	 1 
144.7764 	 1 
144.7764 	 2 
144.7764 	 0 
144.9738 	 0 
144.9738 	 1 
144.9738 	 2 
145.1712 	 1 
145.1828 	 2 
145.1828 	 0 
145.3801 	 0 
145.3801 	 1 
145.3801 	 2 
145.5775 	 2 
145.5775 	 0 
145.5775 	 1 
145.7749 	 2 
145.7749 	 0 
145.7865 	 1 
145.9722 	 2 
145.9839 	 0 
145.9839 	 1 
146.1696 	 1 
146.1812 	 2 
146.1812 	 0 
146.3786 	 0 
146.3786 	 2 
146.3786 	 1 
146.5760 	 2 
146.5760 	 0 
146.5876 	 1 
146.7733 	 2 
146.7733 	 0 
146.7849 	 1 
146.9707 	 2 
146.9823 	 0 
146.9823 	 1 
147.1797 	 0 
147.1797 	 2 
147.1797 	 1 
147.3771 	 0 
147.3771 	 2 
147.3771 	 1 
147.5744 	 2 
147.5744 	 1 
147.5744 	 0 
147.7718 	 0 
147.7834 	 1 
147.7834 	 2 
147.9692 	 1 
147.9692 	 2 
147.9808 	 0 
148.1781 	 0 
148.1781 	 2 
148.1781 	 1 
148.3755 	 2 
148.3755 	 1 
148.3755 	 0 
148.5729 	 0 
148.5729 	 1 
148.5845 	 2 
148.7702 	 0 
148.7702 	 2 
148.7819 	 1 
148.9792 	 0 
148.9792 	 1 
148.9792 	 2 
149.1766 	 0 
149.1766 	 2 
149.1766 	 1 
149.3740 	 0 
149.3740 	 2 
149.3740 	 1 
149.5713 	 2 
149.5713 	 0 
149.5829 	 1 
149.7803 	 2 
149.7803 	 0 
149.7803 	 1 
149.9777 	 1 
149.9777 	 2 
149.9777 	 0 
150.1751 	 1 
150.1751 	 2 
150.1751 	 0 
150.3724 	 1 
150.3724 	 0 
150.3724 	 2 
150.5698 	 2 
150.5698 	 0 
150.5814 	 1 
150.7788 	 0 
150.7788 	 1 
150.7788 	 2 
150.9761 	 0 
150.9761 	 2 
150.9761 	 1 
151.1735 	 2 
151.1735 	 0 
151.1735 	 1 
151.3709 	 0 
151.3825 	 2 
151.3825 	 1 
151.5799 	 0 
151.5799 	 1 
151.5799 	 2 
151.7772 	 2 
151.7772 	 1 
151.7772 	 0 
151.9746 	 2 
151.9746 	 0 
151.9746 	 1 
152.1720 	 1 
152.1720 	 0 
152.1720 	 2 
152.3693 	 0 
152.3810 	 2 
152.3810 	 1 
152.5783 	 0 
152.5783 	 1 
152.5783 	 2 
152.7757 	 1 
152.7757 	 0 
152.7757 	 2 
152.9731 	 2 
152.9731 	 0 
152.9731 	 1 
153.1820 	 2 
153.1820 	 0 
153.1820 	 1 
153.3794 	 2 
153.3910 	 0 
153.3910 	 1 
153.5768 	 1 
153.5768 	 2 
153.5768 	 0 
153.9715 	 0 
153.9715 	 2 
153.9715 	 1 
154.3663 	 2 
154.3779 	 1 
154.5752 	 0 
154.5752 	 2 
154.5752 	 1 
154.7726 	 0 
154.7726 	 2 
154.7726 	 1 
154.9700 	 1 
154.9816 	 2 
154.9816 	 0 
155.1790 	 0 
155.1790 	 1 
155.1790 	 2 
155.3763 	 1 
155.3763 	 0 
155.3763 	 2 
155.5737 	 1 
155.5737 	 0 
155.5737 	 2 
155.7711 	 2 
155.7827 	 0 
155.7827 	 1 
155.9800 	 0 
155.9800 	 2 
155.9800 	 1 
156.1774 	 0 
156.1774 	 2 
156.1774 	 1 
156.3748 	 0 
156.3748 	 2 
156.3748 	 1 
156.5722 	 2 
156.5722 	 1 
156.5722 	 0 
156.7811 	 1 
156.7811 	 0 
156.7811 	 2 
156.9785 	 1 
156.9785 	 0 
156.9785 	 2 
157.1759 	 2 
157.1759 	 1 
157.1759 	 0 
157.3732 	 1 
157.3732 	 2 
157.3732 	 0 
157.5706 	 2 
157.5706 	 1 
157.5706 	 0 
157.7796 	 2 
157.7796 	 1 
157.7796 	 0 
157.9770 	 1 
157.9770 	 0 
157.9770 	 2 
158.1743 	 0 
158.1743 	 2 
158.1743 	 1 
158.3717 	 1 
158.3717 	 0 
158.3717 	 2 
158.5807 	 0 
158.5807 	 2 
158.5807 	 1 
158.7780 	 1 
158.7780 	 0 
158.7780 	 2 
158.9754 	 2 
158.9754 	 1 
158.9754 	 0 
159.1728 	 0 
159.1728 	 1 
159.1728 	 2 
159.3702 	 0 
159.3702 	 1 
159.3818 	 2 
159.5791 	 0 
159.5791 	 1 
159.5791 	 2 
159.7765 	 0 
159.7765 	 1 
159.7765 	 2 
159.9739 	 0 
159.9739 	 1 
159.9739 	 2 
160.1712 	 0 
160.1712 	 1 
160.1829 	 2 
160.3686 	 0 
160.3802 	 2 
160.3802 	 1 
160.5776 	 2 
160.5776 	 0 
160.5776 	 1 
160.7750 	 2 
160.7750 	 0 
160.7750 	 1 
160.9723 	 2 
160.9723 	 0 
160.9839 	 1 
161.1697 	 1 
161.1697 	 2 
161.1813 	 0 
161.3787 	 1 
161.3787 	 2 
161.3787 	 0 
161.5761 	 1 
161.5761 	 2 
161.5761 	 0 
161.7734 	 1 
161.7734 	 2 
161.7734 	 0 
161.9708 	 2 
161.9708 	 0 
161.9708 	 1 
162.1682 	 2 
162.1798 	 0 
162.1798 	 1 
162.3771 	 0 
162.3771 	 1 
162.3771 	 2 
162.5745 	 1 
162.5745 	 2 
162.5745 	 0 
162.6674 	 2 
162.7719 	 2 
162.7719 	 0 
162.7719 	 1 
162.9693 	 0 
162.9809 	 2 
162.9809 	 1 
163.1666 	 2 
163.1782 	 0 
163.1782 	 1 
163.3756 	 2 
163.3756 	 0 
163.3756 	 1 
163.5730 	 0 
163.5730 	 1 
163.5730 	 2 
163.7703 	 1 
163.7703 	 0 
163.7820 	 2 
163.9677 	 1 
163.9677 	 2 
163.9793 	 0 
164.1767 	 1 
164.1767 	 0 
164.1767 	 2 
164.3741 	 0 
164.3741 	 1 
164.3741 	 2 
164.5714 	 0 
164.5714 	 2 
164.5830 	 1 
164.7688 	 0 
164.7688 	 2 
164.7804 	 1 
164.9778 	 2 
164.9778 	 0 
164.9778 	 1 
165.1751 	 2 
165.1751 	 0 
165.1751 	 1 
165.3725 	 2 
165.3725 	 0 
165.3841 	 1 
165.5699 	 2 
165.5699 	 1 
165.5815 	 0 
165.7789 	 2 
165.7789 	 1 
166.1039 	 2 
166.1039 	 1 
166.3710 	 1 
166.3710 	 2 
166.6612 	 2 
166.7773 	 1 
166.7773 	 2 
166.7773 	 0 
167.1605 	 1 
167.1605 	 2 
167.3694 	 1 
167.3694 	 0 
167.3694 	 2 
167.5668 	 1 
167.5784 	 2 
167.5784 	 0 
167.7758 	 2 
167.7758 	 1 
167.7758 	 0 
167.9732 	 2 
167.9732 	 0 
167.9732 	 1 
168.0776 	 2 
168.1821 	 1 
168.1821 	 2 
168.3795 	 0 
168.3795 	 1 
168.3795 	 2 
168.5769 	 0 
168.5769 	 2 
168.5885 	 1 
168.7742 	 0 
168.7859 	 2 
168.7859 	 1 
168.9716 	 2 
168.9716 	 0 
168.9832 	 1 
169.1690 	 0 
169.1690 	 2 
169.1806 	 1 
169.2851 	 2 
169.2851 	 1 
169.3315 	 1 
169.3315 	 0 
169.3431 	 2 
169.3780 	 1 
169.3780 	 2 
169.3896 	 0 
169.5753 	 2 
169.5869 	 0 
169.5869 	 1 
169.7146 	 1 
169.7146 	 2 
169.8424 	 2 
169.8424 	 1 
169.8540 	 0 
169.9817 	 1 
169.9817 	 2 
169.9817 	 0 
170.1790 	 0 
170.1790 	 1 
170.1907 	 2 
170.3764 	 0 
170.3880 	 2 
170.3880 	 1 
170.5738 	 0 
170.5738 	 2 
170.5738 	 1 
170.7712 	 0 
170.7712 	 1 
170.7712 	 2 
170.9801 	 0 
170.9801 	 2 
170.9801 	 1 
171.1775 	 2 
171.1775 	 1 
171.1775 	 0 
171.2820 	 2 
171.2936 	 1 
171.3400 	 1 
171.3517 	 2 
171.3865 	 1 
171.3981 	 2 
171.5722 	 0 
171.5722 	 2 
171.5839 	 1 
171.7696 	 0 
171.7812 	 1 
171.7812 	 2 
171.9786 	 2 
171.9786 	 1 
171.9786 	 0 
172.1760 	 0 
172.1760 	 1 
172.1876 	 2 
172.3733 	 2 
172.3733 	 1 
172.3849 	 0 
172.5707 	 2 
172.5707 	 0 
172.5823 	 1 
172.7681 	 0 
172.7797 	 1 
172.7797 	 2 
172.8261 	 1 
172.8261 	 2 
172.8842 	 1 
172.8842 	 2 
172.8958 	 0 
172.9306 	 0 
172.9306 	 2 
172.9422 	 1 
172.9887 	 2 
172.9887 	 1 
173.0467 	 2 
173.0467 	 0 
173.0467 	 1 
173.0932 	 2 
173.0932 	 0 
173.0932 	 1 
173.1396 	 0 
173.1396 	 1 
173.1396 	 2 
173.1744 	 0 
173.1744 	 2 
173.1860 	 1 
173.3718 	 0 
173.3834 	 1 
173.3834 	 2 
173.5692 	 0 
173.5808 	 1 
173.5924 	 2 
173.7781 	 0 
173.7781 	 1 
173.7781 	 2 
173.9871 	 2 
173.9871 	 1 
173.9871 	 0 
174.1032 	 1 
174.1032 	 0 
174.1148 	 2 
174.2425 	 2 
174.2425 	 1 
174.3702 	 2 
174.3819 	 1 
174.3819 	 0 
174.5676 	 0 
174.5792 	 1 
174.5908 	 2 
174.7650 	 0 
174.7766 	 1 
174.7882 	 2 
174.9740 	 0 
174.9740 	 1 
174.9856 	 2 
175.1713 	 0 
175.1829 	 2 
175.1829 	 1 
175.3107 	 2 
175.3107 	 1 
175.4384 	 2 
175.4500 	 1 
175.5777 	 1 
175.5777 	 0 
175.5777 	 2 
175.6938 	 2 
175.6938 	 1 
175.7402 	 0 
175.7402 	 1 
175.7518 	 2 
175.7867 	 1 
175.7867 	 0 
175.7867 	 2 
175.9724 	 1 
175.9724 	 2 
175.9840 	 0 
176.0305 	 2 
176.0885 	 1 
176.0885 	 0 
176.0885 	 2 
176.1350 	 1 
176.1350 	 0 
176.1350 	 2 
176.1814 	 1 
176.1814 	 0 
176.1814 	 2 
176.3788 	 2 
176.3788 	 0 
176.3904 	 1 
176.5645 	 0 
176.5761 	 1 
176.5878 	 2 
176.7735 	 0 
176.7851 	 1 
176.7851 	 2 
176.9709 	 2 
176.9709 	 0 
176.9825 	 1 
177.1683 	 0 
177.1799 	 1 
177.1799 	 2 
177.3772 	 1 
177.3772 	 2 
177.3772 	 0 
177.5746 	 0 
177.5746 	 1 
177.5746 	 2 
177.6791 	 2 
177.6907 	 1 
177.7371 	 1 
177.7488 	 2 
177.7836 	 1 
177.7952 	 2 
177.9693 	 0 
177.9810 	 2 
177.9810 	 1 
178.1783 	 1 
178.1783 	 0 
178.1899 	 2 
178.3757 	 0 
178.3873 	 1 
178.3873 	 2 
178.5731 	 0 
178.5847 	 2 
178.5847 	 1 
178.7704 	 0 
178.7820 	 1 
178.7820 	 2 
178.9678 	 1 
178.9678 	 2 
178.9794 	 0 
179.1768 	 2 
179.1768 	 1 
179.1768 	 0 
179.2232 	 2 
179.2813 	 2 
179.2929 	 1 
179.3277 	 2 
179.3393 	 1 
179.3393 	 0 
179.3858 	 2 
179.3858 	 1 
179.4438 	 1 
179.4438 	 2 
179.4902 	 2 
179.4902 	 1 
179.5367 	 2 
179.5367 	 0 
179.5715 	 2 
179.5831 	 1 
179.5831 	 0 
179.7573 	 2 
179.7689 	 1 
179.7805 	 0 
179.9663 	 2 
179.9779 	 1 
179.9779 	 0 
180.1752 	 0 
180.1752 	 2 
180.1752 	 1 
180.3726 	 1 
180.3726 	 0 
180.3726 	 2 
180.5700 	 0 
180.5816 	 1 
180.5816 	 2 
180.7790 	 0 
180.7790 	 1 
180.7790 	 2 
180.9763 	 1 
180.9763 	 0 
180.9879 	 2 
181.1737 	 2 
181.1737 	 0 
181.1853 	 1 
181.3711 	 0 
181.3711 	 2 
181.3827 	 1 
181.5800 	 1 
181.5800 	 2 
181.5800 	 0 
181.7658 	 0 
181.7774 	 1 
181.7774 	 2 
181.9748 	 1 
181.9748 	 0 
181.9748 	 2 
182.0328 	 2 
182.0909 	 1 
182.0909 	 2 
182.1373 	 2 
182.1373 	 1 
182.1373 	 0 
182.1838 	 0 
182.1838 	 1 
182.1838 	 2 
182.3695 	 2 
182.3811 	 1 
182.3927 	 0 
182.5088 	 2 
182.5088 	 1 
182.6366 	 2 
182.6482 	 1 
182.6598 	 0 
182.7759 	 0 
182.7759 	 1 
182.7759 	 2 
182.9732 	 1 
182.9732 	 0 
182.9732 	 2 
183.1706 	 0 
183.1822 	 1 
183.1822 	 2 
183.3680 	 0 
183.3680 	 2 
183.3796 	 1 
183.5770 	 0 
183.5770 	 1 
183.5770 	 2 
183.7743 	 0 
183.7743 	 1 
183.7743 	 2 
183.9833 	 2 
183.9833 	 0 
183.9833 	 1 
184.0878 	 1 
184.1459 	 2 
184.1459 	 0 
184.1459 	 1 
184.1807 	 2 
184.1807 	 1 
184.3780 	 0 
184.3780 	 1 
184.3780 	 2 
184.5754 	 0 
184.5870 	 1 
184.5870 	 2 
184.7728 	 0 
184.7844 	 1 
184.7844 	 2 
184.9702 	 2 
184.9702 	 0 
184.9818 	 1 
185.1675 	 0 
185.1791 	 1 
185.1791 	 2 
185.3765 	 2 
185.3765 	 0 
185.3765 	 1 
185.5739 	 1 
185.5739 	 0 
185.5855 	 2 
185.6319 	 0 
185.6319 	 2 
185.6900 	 1 
185.6900 	 2 
185.6900 	 0 
185.7364 	 0 
185.7364 	 1 
185.7364 	 2 
185.7712 	 1 
185.7829 	 2 
185.8525 	 1 
185.8525 	 2 
185.8873 	 2 
185.8990 	 1 
185.9338 	 2 
185.9802 	 0 
185.9802 	 2 
185.9918 	 1 
186.1776 	 0 
186.1776 	 1 
186.1892 	 2 
186.3750 	 1 
186.3750 	 0 
186.3866 	 2 
186.5839 	 2 
186.5839 	 1 
186.5839 	 0 
186.7697 	 0 
186.7813 	 1 
186.7813 	 2 
186.9090 	 1 
186.9090 	 0 
186.9206 	 2 
187.0483 	 1 
187.0483 	 2 
187.1761 	 1 
187.1761 	 0 
187.1761 	 2 
187.3734 	 0 
187.3734 	 1 
187.3850 	 2 
187.5708 	 0 
187.5824 	 2 
187.5824 	 1 
187.7798 	 2 
187.7798 	 1 
187.7798 	 0 
187.9888 	 2 
187.9888 	 0 
187.9888 	 1 
188.1165 	 1 
188.1165 	 2 
188.2442 	 0 
188.2442 	 1 
188.2558 	 2 
188.3719 	 2 
188.3719 	 0 
188.3719 	 1 
188.4880 	 2 
188.4880 	 1 
188.5344 	 1 
188.5460 	 2 
188.5809 	 1 
188.5809 	 2 
188.5809 	 0 
188.7666 	 0 
188.7782 	 2 
188.7782 	 1 
188.8247 	 1 
188.8363 	 2 
188.8827 	 2 
188.8943 	 1 
188.9292 	 2 
188.9408 	 1 
188.9872 	 1 
188.9872 	 2 
189.1846 	 0 
189.1846 	 1 
189.1846 	 2 
189.3820 	 1 
189.3820 	 0 
189.3936 	 2 
189.5677 	 0 
189.5793 	 2 
189.5793 	 1 
189.7767 	 2 
189.7883 	 1 
189.7883 	 0 
189.9741 	 1 
189.9741 	 2 
189.9857 	 0 
190.1714 	 0 
190.1830 	 2 
190.1830 	 1 
190.3804 	 2 
190.3804 	 0 
190.3804 	 1 
190.5429 	 2 
190.5894 	 2 
190.5894 	 1 
190.7751 	 0 
190.7868 	 2 
190.7868 	 1 
190.9841 	 1 
190.9841 	 2 
190.9841 	 0 
191.1815 	 0 
191.1815 	 1 
191.1815 	 2 
191.3789 	 0 
191.3789 	 1 
191.3905 	 2 
191.5762 	 1 
191.5762 	 2 
191.5878 	 0 
191.7736 	 2 
191.7736 	 0 
191.7736 	 1 
191.9710 	 0 
191.9826 	 2 
191.9826 	 1 
192.0290 	 2 
192.0871 	 2 
192.1335 	 1 
192.1335 	 2 
192.1800 	 2 
192.2496 	 2 
192.2844 	 2 
192.2961 	 1 
192.3309 	 2 
192.3889 	 2 
192.3889 	 1 
192.4005 	 0 
192.4470 	 2 
192.5631 	 1 
192.5631 	 2 
192.7605 	 1 
192.7721 	 2 
192.9694 	 1 
192.9810 	 2 
193.1784 	 0 
193.1784 	 2 
193.1784 	 1 
193.3758 	 2 
193.3758 	 1 
193.3758 	 0 
193.5848 	 0 
193.5848 	 1 
193.5848 	 2 
193.7705 	 0 
193.7705 	 1 
193.7705 	 2 
193.9795 	 1 
193.9795 	 2 
193.9795 	 0 
194.1769 	 0 
194.1769 	 1 
194.1769 	 2 
194.3742 	 1 
194.3859 	 2 
194.3859 	 0 
194.5716 	 0 
194.5716 	 1 
194.5716 	 2 
194.7806 	 1 
194.7806 	 2 
194.7806 	 0 
194.8270 	 1 
194.8386 	 2 
194.8851 	 1 
194.8851 	 2 
194.9315 	 2 
194.9431 	 1 
194.9896 	 2 
194.9896 	 1 
195.1753 	 0 
195.1753 	 2 
195.1753 	 1 
195.3030 	 1 
195.3146 	 2 
195.3843 	 0 
195.3843 	 1 
195.3959 	 2 
195.4424 	 1 
195.4540 	 2 
195.4540 	 0 
195.5933 	 2 
195.5933 	 0 
195.5933 	 1 
195.7674 	 2 
195.7674 	 0 
195.7790 	 1 
195.9764 	 1 
195.9764 	 2 
195.9880 	 0 
196.1854 	 1 
196.1854 	 0 
196.1854 	 2 
196.3712 	 1 
196.3712 	 0 
196.3712 	 2 
196.5685 	 2 
196.5801 	 1 
196.5801 	 0 
196.7775 	 1 
196.7775 	 2 
196.7891 	 0 
196.8936 	 2 
196.9400 	 2 
196.9865 	 1 
196.9865 	 2 
197.1722 	 2 
197.1722 	 0 
197.1839 	 1 
197.3812 	 1 
197.3812 	 2 
197.5786 	 1 
197.5786 	 2 
197.5786 	 0 
197.7760 	 1 
197.7760 	 0 
197.7876 	 2 
197.8340 	 2 
197.8340 	 1 
197.8805 	 2 
197.8921 	 1 
197.9385 	 1 
197.9501 	 2 
197.9617 	 1 
197.9617 	 0 
198.0778 	 1 
198.0778 	 0 
198.0778 	 2 
198.1707 	 1 
198.1707 	 0 
198.1707 	 2 
198.2752 	 0 
198.2752 	 2 
198.2752 	 1 
198.3797 	 2 
198.3797 	 0 
198.3797 	 1 
198.4261 	 2 
198.4726 	 0 
198.4842 	 2 
198.4842 	 1 
198.5306 	 2 
198.5887 	 2 
198.5887 	 0 
198.6467 	 1 
198.6467 	 0 
198.6467 	 2 
198.6932 	 1 
198.6932 	 2 
198.6932 	 0 
198.7280 	 0 
198.7396 	 2 
198.7396 	 1 
198.7860 	 2 
198.7860 	 0 
198.7860 	 1 
198.8441 	 2 
198.9718 	 0 
198.9718 	 1 
198.9718 	 2 
199.1808 	 1 
199.1808 	 2 
199.1808 	 0 
199.3781 	 0 
199.3781 	 1 
199.3781 	 2 
199.5755 	 2 
199.5755 	 1 
199.5871 	 0 
199.7032 	 0 
199.7032 	 2 
199.7148 	 1 
199.8425 	 0 
199.8425 	 1 
199.8425 	 2 
199.9819 	 0 
199.9819 	 2 
199.9819 	 1 
200.1676 	 2 
200.1792 	 1 
200.1792 	 0 
200.3766 	 2 
200.3766 	 0 
200.3766 	 1 
200.5740 	 1 
200.5740 	 0 
200.5740 	 2 
200.7829 	 0 
200.7829 	 2 
200.7829 	 1 
200.8990 	 2 
200.9107 	 1 
201.0384 	 2 
201.0500 	 1 
201.1777 	 1 
201.1777 	 2 
201.1777 	 0 
201.2357 	 2 
201.2822 	 0 
201.2822 	 2 
201.2822 	 1 
201.3286 	 2 
201.3286 	 0 
201.3402 	 1 
201.3867 	 1 
201.3867 	 2 
201.3867 	 0 
201.5724 	 2 
201.5724 	 0 
201.5840 	 1 
201.6305 	 2 
201.6305 	 1 
201.6769 	 0 
201.6769 	 2 
201.6885 	 1 
201.7234 	 2 
201.7350 	 1 
201.7350 	 0 
201.7698 	 2 
201.7814 	 0 
201.7814 	 1 
201.8743 	 0 
201.8743 	 2 
201.8743 	 1 
201.9904 	 0 
201.9904 	 1 
201.9904 	 2 
202.1761 	 0 
202.1761 	 2 
202.1761 	 1 
202.3735 	 2 
202.3735 	 0 
202.3851 	 1 
202.5825 	 1 
202.5825 	 2 
202.5941 	 0 
202.7683 	 2 
202.7683 	 1 
202.7799 	 0 
202.9772 	 2 
202.9772 	 0 
202.9772 	 1 
203.1862 	 2 
203.1862 	 0 
203.1862 	 1 
203.2907 	 1 
203.2907 	 2 
203.3371 	 1 
203.3488 	 2 
203.3836 	 0 
203.3836 	 2 
203.3836 	 1 
203.5693 	 2 
203.5810 	 0 
203.5810 	 1 
203.6738 	 1 
203.6738 	 2 
203.6738 	 0 
203.7783 	 1 
203.7783 	 2 
203.7783 	 0 
203.9757 	 1 
203.9757 	 2 
203.9873 	 0 
204.0686 	 1 
204.0686 	 2 
204.0802 	 0 
204.1731 	 0 
204.1731 	 2 
204.1731 	 1 
204.2776 	 2 
204.2776 	 0 
204.2776 	 1 
204.3820 	 2 
204.3820 	 0 
204.3820 	 1 
204.5794 	 2 
204.5794 	 0 
204.5794 	 1 
204.7420 	 2 
204.8348 	 1 
204.8348 	 2 
204.8813 	 1 
204.8813 	 2 
204.9277 	 1 
204.9277 	 2 
204.9858 	 2 
204.9858 	 1 
205.0438 	 1 
205.0438 	 2 
205.0902 	 0 
205.0902 	 1 
205.0902 	 2 
205.1367 	 2 
205.1831 	 1 
205.1831 	 2 
205.2296 	 2 
205.2528 	 1 
205.2760 	 2 
205.2992 	 1 
205.3689 	 2 
205.5663 	 1 
205.5779 	 2 
205.5779 	 0 
205.7752 	 2 
205.7752 	 0 
205.7752 	 1 
205.9726 	 0 
205.9726 	 2 
205.9726 	 1 
206.1700 	 0 
206.1700 	 1 
206.1816 	 2 
206.3790 	 2 
206.3790 	 1 
206.3790 	 0 
206.5763 	 2 
206.5763 	 1 
206.7737 	 0 
206.7737 	 1 
206.7737 	 2 
206.9711 	 0 
206.9711 	 1 
206.9827 	 2 
207.1800 	 2 
207.1800 	 0 
207.1800 	 1 
207.2729 	 2 
207.3774 	 0 
207.3774 	 2 
207.3774 	 1 
207.5748 	 2 
207.5748 	 1 
207.5748 	 0 
207.6909 	 2 
207.7373 	 2 
207.7373 	 1 
207.7838 	 2 
207.7838 	 1 
207.9695 	 0 
207.9695 	 2 
207.9695 	 1 
208.1088 	 2 
208.1088 	 1 
208.1088 	 0 
208.1785 	 1 
208.1785 	 0 
208.1785 	 2 
208.2482 	 1 
208.2482 	 2 
208.2830 	 2 
208.3875 	 1 
208.3875 	 0 
208.3875 	 2 
208.5036 	 1 
208.5616 	 2 
208.5732 	 1 
208.5732 	 0 
208.7706 	 1 
208.7706 	 0 
208.7706 	 2 
208.9796 	 2 
208.9796 	 1 
209.0725 	 2 
209.0725 	 1 
209.1770 	 0 
209.1770 	 2 
209.1770 	 1 
209.3743 	 2 
209.3743 	 0 
209.3743 	 1 
209.5833 	 2 
209.5833 	 1 
209.5833 	 0 
209.6878 	 2 
209.6994 	 1 
209.7807 	 1 
209.7923 	 2 
209.9780 	 1 
209.9780 	 0 
209.9780 	 2 
210.1754 	 1 
210.1754 	 0 
210.1754 	 2 
210.3844 	 1 
210.3844 	 2 
210.3844 	 0 
210.4889 	 2 
210.4889 	 1 
210.5818 	 2 
210.5818 	 1 
210.6282 	 2 
210.7443 	 1 
210.7443 	 2 
210.8720 	 1 
210.8720 	 2 
210.8836 	 0 
210.9649 	 1 
210.9765 	 0 
210.9765 	 2 
211.0810 	 2 
211.0810 	 0 
211.0810 	 1 
211.1739 	 2 
211.1739 	 1 
211.1739 	 0 
211.2319 	 2 
211.2784 	 0 
211.2784 	 2 
211.2900 	 1 
211.3248 	 0 
211.3364 	 2 
211.3829 	 0 
211.4525 	 0 
211.4525 	 2 
211.4873 	 1 
211.4990 	 2 
211.5222 	 0 
211.5802 	 2 
211.5918 	 1 
211.5918 	 0 
211.6383 	 2 
211.6731 	 0 
211.6847 	 1 
211.6847 	 2 
211.7776 	 2 
211.7776 	 1 
211.7776 	 0 
211.9750 	 2 
211.9750 	 0 
211.9750 	 1 
212.1723 	 1 
212.1723 	 0 
212.1723 	 2 
212.3813 	 1 
212.3813 	 0 
212.3813 	 2 
212.5090 	 1 
212.5090 	 2 
212.6367 	 1 
212.6367 	 0 
212.6367 	 2 
212.7761 	 0 
212.7761 	 1 
212.7761 	 2 
212.8922 	 1 
212.9734 	 1 
212.9734 	 2 
213.1708 	 1 
213.1708 	 2 
213.1708 	 0 
213.3798 	 0 
213.3798 	 2 
213.3798 	 1 
213.5771 	 1 
213.5771 	 2 
213.5771 	 0 
213.6932 	 2 
213.7049 	 1 
213.8326 	 0 
213.8326 	 2 
213.8326 	 1 
213.9719 	 0 
213.9719 	 2 
213.9719 	 1 
214.0415 	 2 
214.0764 	 2 
214.0880 	 1 
214.1344 	 2 
214.1344 	 1 
214.1809 	 2 
214.1925 	 1 
214.3666 	 0 
214.3782 	 2 
214.3782 	 1 
214.4247 	 2 
214.4711 	 2 
214.4943 	 1 
214.5408 	 1 
214.5524 	 2 
214.5756 	 2 
214.6685 	 2 
214.6801 	 1 
214.6801 	 0 
214.7846 	 1 
214.7846 	 2 
214.7846 	 0 
214.9007 	 2 
214.9703 	 1 
214.9703 	 2 
214.9703 	 0 
215.1793 	 1 
215.1793 	 0 
215.1793 	 2 
215.2722 	 1 
215.2722 	 2 
215.3767 	 1 
215.3767 	 0 
215.3767 	 2 
215.4696 	 2 
215.5741 	 0 
215.5741 	 2 
215.5741 	 1 
215.6669 	 2 
215.7714 	 1 
215.7714 	 2 
215.7830 	 0 
215.9804 	 2 
215.9804 	 1 
215.9804 	 0 
216.1778 	 2 
216.1778 	 1 
216.3751 	 2 
216.3751 	 1 
216.5725 	 0 
216.5725 	 2 
216.5725 	 1 
216.7699 	 2 
216.7815 	 0 
216.7815 	 1 
216.8628 	 1 
216.8744 	 2 
216.9673 	 2 
216.9673 	 1 
217.0717 	 1 
217.0717 	 2 
217.0834 	 0 
217.1762 	 2 
217.1762 	 1 
217.1762 	 0 
217.3736 	 0 
217.3736 	 1 
217.3736 	 2 
217.5710 	 2 
217.5710 	 0 
217.5826 	 1 
217.6290 	 2 
217.7335 	 2 
217.7335 	 1 
217.8844 	 2 
218.0122 	 2 
218.0238 	 1 
218.1747 	 2 
218.9874 	 1 
219.1732 	 2 
219.1848 	 1 
219.5911 	 2 
220.1832 	 2 
220.3922 	 2 
220.5896 	 2 
220.5896 	 1 
220.7753 	 2 
220.7869 	 1 
221.9944 	 2 
222.1801 	 2 
222.3775 	 2 
223.1786 	 2 
223.7823 	 2 
224.9781 	 2 
225.3845 	 2 
226.9867 	 2 
227.1840 	 2 
227.3814 	 2 
227.9851 	 2 
228.5888 	 2 
228.9836 	 2 
229.3783 	 2 
229.7847 	 2 
230.1794 	 2 
230.3884 	 2 
230.5741 	 2 
