0.3831 	 2 
0.8359 	 1 
1.7647 	 1 
1.7647 	 2 
2.6819 	 2 
2.6819 	 1 
3.6107 	 2 
3.6107 	 1 
4.5279 	 2 
4.5279 	 1 
5.4567 	 2 
5.4567 	 1 
6.3739 	 2 
6.3739 	 1 
7.3027 	 1 
7.3027 	 2 
8.2199 	 1 
8.2199 	 2 
9.1487 	 1 
9.1487 	 2 
10.0659 	 1 
10.0659 	 2 
10.9946 	 1 
10.9946 	 2 
11.9118 	 1 
11.9118 	 2 
12.8406 	 1 
12.8406 	 2 
13.7578 	 1 
13.7578 	 2 
14.6866 	 2 
14.6866 	 1 
15.1394 	 1 
15.4877 	 1 
15.6038 	 1 
15.8360 	 1 
16.1843 	 1 
16.5326 	 1 
16.9854 	 1 
17.3337 	 1 
17.4498 	 1 
17.6820 	 1 
18.0303 	 1 
18.2625 	 1 
18.3786 	 1 
18.6108 	 1 
18.8430 	 1 
19.1797 	 1 
19.2958 	 1 
19.5280 	 1 
19.8763 	 1 
20.2246 	 1 
20.5613 	 1 
20.6890 	 1 
20.8515 	 1 
21.0257 	 1 
21.1418 	 1 
21.3740 	 1 
21.7223 	 1 
22.0706 	 1 
22.2099 	 1 
22.3144 	 1 
22.5234 	 1 
22.8717 	 1 
22.9878 	 1 
23.2200 	 2 
23.2316 	 1 
23.5683 	 1 
23.9166 	 2 
23.9166 	 1 
24.3693 	 1 
24.7176 	 1 
24.8337 	 1 
25.0659 	 1 
25.4142 	 1 
25.6464 	 1 
25.7625 	 1 
25.9947 	 1 
26.2269 	 1 
26.5636 	 1 
26.6797 	 1 
26.9119 	 1 
27.2602 	 1 
27.6085 	 1 
27.9568 	 1 
28.0729 	 1 
28.2355 	 1 
28.4096 	 1 
28.5257 	 1 
28.7579 	 1 
29.1062 	 1 
29.4545 	 1 
29.6867 	 1 
29.9073 	 2 
29.9189 	 0 
30.2556 	 0 
30.6155 	 0 
30.8361 	 2 
30.8361 	 1 
31.7649 	 0 
32.1016 	 0 
32.4499 	 0 
32.6821 	 2 
32.6821 	 1 
32.7982 	 0 
33.6109 	 0 
33.9592 	 0 
34.3075 	 0 
34.5281 	 1 
34.5281 	 2 
35.4569 	 0 
35.8052 	 0 
36.0374 	 0 
36.3741 	 1 
36.3741 	 2 
37.3029 	 0 
37.6512 	 0 
37.9995 	 0 
38.2200 	 1 
38.2200 	 2 
38.4755 	 2 
39.1372 	 2 
39.1488 	 0 
39.4855 	 0 
39.8454 	 0 
40.0660 	 1 
40.0660 	 2 
40.1937 	 0 
40.9948 	 0 
41.3431 	 0 
41.6914 	 0 
41.9120 	 1 
41.9120 	 2 
42.8408 	 0 
43.1891 	 0 
43.4213 	 0 
43.7696 	 1 
44.2805 	 1 
44.6868 	 0 
45.0351 	 0 
45.3718 	 0 
46.5328 	 0 
46.8811 	 0 
47.2178 	 0 
47.4500 	 2 
47.4500 	 1 
47.5777 	 0 
48.3788 	 0 
48.6110 	 2 
48.7271 	 0 
49.0638 	 0 
49.2960 	 1 
49.2960 	 2 
50.2248 	 0 
50.4570 	 2 
50.5731 	 0 
50.8053 	 0 
51.1420 	 2 
51.1420 	 1 
52.0707 	 0 
52.0707 	 1 
52.4190 	 0 
52.4190 	 1 
52.7557 	 0 
52.7673 	 1 
52.9879 	 2 
52.9879 	 1 
53.1040 	 1 
53.4523 	 1 
53.6149 	 2 
53.9167 	 2 
53.9167 	 0 
54.2650 	 0 
54.2650 	 1 
54.6017 	 1 
54.6017 	 0 
54.8223 	 1 
54.8223 	 2 
54.9500 	 1 
54.9616 	 0 
55.1822 	 1 
55.5305 	 1 
55.7627 	 2 
55.7627 	 0 
55.9949 	 2 
56.1110 	 1 
56.1110 	 0 
56.4477 	 0 
56.4477 	 1 
56.6799 	 2 
56.6799 	 1 
56.7960 	 1 
57.1443 	 1 
57.4926 	 1 
57.6087 	 0 
57.7829 	 1 
57.8061 	 2 
57.9454 	 1 
57.9570 	 0 
58.3053 	 1 
58.3053 	 0 
58.5259 	 1 
58.6420 	 1 
58.9903 	 1 
59.2225 	 1 
59.4547 	 2 
59.5708 	 2 
59.6869 	 2 
59.8030 	 2 
59.9191 	 2 
59.9191 	 1 
60.0352 	 2 
60.1513 	 2 
60.2558 	 2 
60.3719 	 2 
60.4880 	 2 
60.6041 	 2 
60.7202 	 2 
60.8363 	 2 
60.9524 	 2 
61.0685 	 2 
61.1846 	 2 
61.3007 	 2 
61.3587 	 2 
61.4168 	 2 
61.4748 	 2 
61.5329 	 2 
61.6025 	 2 
61.6838 	 2 
61.7535 	 1 
61.7651 	 2 
61.9160 	 2 
62.0669 	 2 
62.2179 	 2 
62.3804 	 2 
62.5313 	 2 
62.6823 	 2 
62.6823 	 1 
62.8448 	 2 
62.9957 	 2 
63.1467 	 2 
63.2628 	 2 
63.3789 	 2 
63.4950 	 2 
63.6111 	 1 
63.6111 	 2 
63.6691 	 2 
63.7272 	 2 
63.7852 	 2 
63.8433 	 2 
63.9129 	 2 
63.9942 	 2 
64.0639 	 2 
64.2264 	 2 
64.5283 	 2 
64.5283 	 1 
64.6444 	 2 
64.7605 	 2 
64.8417 	 1 
64.8766 	 2 
65.0507 	 2 
65.1088 	 2 
65.1668 	 2 
65.2249 	 2 
65.2945 	 2 
65.3758 	 2 
65.4571 	 2 
65.4571 	 1 
65.7589 	 2 
65.9098 	 2 
66.0724 	 2 
66.2233 	 2 
66.3742 	 1 
66.3742 	 2 
66.5252 	 2 
66.6877 	 2 
66.8386 	 2 
66.9547 	 2 
67.0708 	 2 
67.1869 	 2 
67.2914 	 1 
67.3030 	 2 
67.4191 	 2 
67.5352 	 2 
67.6397 	 2 
67.7558 	 2 
67.8835 	 2 
67.9880 	 2 
68.1041 	 2 
68.2202 	 1 
68.2202 	 2 
68.3363 	 2 
68.4524 	 2 
68.5685 	 2 
68.6846 	 2 
68.7427 	 2 
68.8007 	 2 
68.8588 	 2 
68.9168 	 2 
68.9865 	 2 
69.0678 	 2 
69.1490 	 1 
69.3000 	 2 
69.4509 	 2 
69.6134 	 2 
69.7644 	 2 
69.9153 	 2 
70.0662 	 1 
70.2288 	 2 
70.3797 	 2 
70.5190 	 2 
70.6467 	 2 
70.7628 	 2 
70.8789 	 2 
70.9950 	 2 
70.9950 	 1 
71.0531 	 2 
71.1111 	 2 
71.2272 	 2 
71.2969 	 2 
71.3781 	 2 
71.4594 	 2 
71.6103 	 2 
71.7613 	 2 
71.9122 	 1 
72.1444 	 2 
72.2605 	 2 
72.4346 	 2 
72.4927 	 2 
72.5507 	 2 
72.6088 	 2 
72.6901 	 2 
72.7597 	 2 
72.8410 	 2 
72.8410 	 1 
72.9919 	 2 
73.1429 	 2 
73.2938 	 2 
73.4563 	 2 
73.6073 	 2 
73.7582 	 2 
73.7582 	 1 
73.9207 	 2 
74.0717 	 2 
74.2226 	 2 
74.2226 	 1 
74.2226 	 0 
74.3387 	 2 
74.4548 	 2 
74.5709 	 2 
74.5709 	 0 
74.5709 	 1 
74.6870 	 2 
74.6870 	 1 
74.8031 	 2 
74.9076 	 1 
74.9192 	 2 
74.9192 	 0 
75.0237 	 2 
75.1398 	 2 
75.2559 	 2 
75.2559 	 1 
75.2675 	 0 
75.3720 	 2 
75.4881 	 2 
75.6042 	 1 
75.6042 	 2 
75.7203 	 2 
75.8364 	 2 
75.9525 	 2 
76.0686 	 2 
76.0686 	 1 
76.0686 	 0 
76.1266 	 2 
76.1847 	 2 
76.2427 	 2 
76.3008 	 2 
76.3704 	 2 
76.4053 	 1 
76.4169 	 0 
76.5330 	 1 
76.5330 	 2 
76.6839 	 2 
76.7536 	 1 
76.7652 	 0 
76.8348 	 2 
76.9858 	 2 
77.1019 	 1 
77.1019 	 0 
77.1483 	 2 
77.2992 	 2 
77.3341 	 1 
77.4502 	 1 
77.4618 	 2 
77.6127 	 2 
77.6824 	 1 
77.7636 	 2 
77.9146 	 0 
77.9146 	 1 
77.9146 	 2 
78.0307 	 2 
78.1468 	 2 
78.2629 	 2 
78.2629 	 0 
78.2629 	 1 
78.3790 	 2 
78.3790 	 1 
78.4370 	 2 
78.4951 	 2 
78.5531 	 2 
78.5995 	 1 
78.6112 	 0 
78.6112 	 2 
78.6808 	 2 
78.7621 	 2 
78.8434 	 2 
78.9478 	 1 
78.9595 	 0 
78.9943 	 2 
79.1452 	 2 
79.2961 	 1 
79.2961 	 2 
79.4122 	 2 
79.5283 	 2 
79.6444 	 1 
79.6444 	 2 
79.7605 	 2 
79.7605 	 1 
79.7722 	 0 
79.8186 	 2 
79.8766 	 2 
79.9347 	 1 
79.9347 	 2 
79.9927 	 2 
80.0740 	 2 
80.1088 	 1 
80.1088 	 0 
80.1437 	 2 
80.2249 	 2 
80.2249 	 1 
80.3759 	 2 
80.4571 	 1 
80.4571 	 0 
80.4571 	 2 
80.5268 	 2 
80.6893 	 2 
80.7938 	 1 
80.8403 	 2 
80.9912 	 2 
81.1421 	 2 
81.1421 	 1 
81.3047 	 2 
81.3743 	 2 
81.3743 	 1 
81.4556 	 2 
81.6065 	 1 
81.6065 	 0 
81.6065 	 2 
81.7226 	 2 
81.8387 	 2 
81.9548 	 0 
81.9548 	 2 
81.9548 	 1 
82.0709 	 1 
82.0709 	 2 
82.1870 	 2 
82.3031 	 2 
82.3031 	 0 
82.3031 	 1 
82.4192 	 2 
82.5353 	 2 
82.6398 	 1 
82.6398 	 2 
82.6514 	 0 
82.7559 	 2 
82.8720 	 2 
82.9881 	 1 
82.9881 	 2 
83.1042 	 2 
83.2203 	 2 
83.3364 	 2 
83.4525 	 0 
83.4525 	 2 
83.4525 	 1 
83.5106 	 2 
83.5686 	 2 
83.6267 	 2 
83.6847 	 2 
83.7660 	 2 
83.8008 	 1 
83.8008 	 0 
83.9169 	 2 
83.9169 	 1 
84.0678 	 2 
84.1375 	 2 
84.1491 	 1 
84.1491 	 0 
84.2188 	 2 
84.3697 	 2 
84.4858 	 1 
84.4974 	 0 
84.5322 	 2 
84.6832 	 2 
84.7296 	 1 
84.7877 	 1 
84.8341 	 1 
84.8341 	 2 
84.9966 	 2 
85.0663 	 1 
85.1476 	 2 
85.2985 	 0 
85.2985 	 1 
85.2985 	 2 
85.4146 	 2 
85.5307 	 2 
85.6468 	 2 
85.6468 	 0 
85.6468 	 1 
85.7629 	 1 
85.7629 	 2 
85.8210 	 2 
85.8790 	 2 
85.9371 	 2 
85.9835 	 1 
85.9951 	 2 
85.9951 	 0 
86.0648 	 2 
86.1460 	 2 
86.2273 	 2 
86.3318 	 2 
86.3318 	 0 
86.3318 	 1 
86.3782 	 2 
86.5292 	 2 
86.6801 	 2 
86.6801 	 1 
86.7962 	 2 
86.9123 	 2 
87.0284 	 2 
87.0284 	 1 
87.1445 	 1 
87.1445 	 2 
87.1445 	 0 
87.2025 	 2 
87.2606 	 2 
87.3186 	 1 
87.3186 	 2 
87.3767 	 2 
87.4580 	 2 
87.4928 	 1 
87.4928 	 0 
87.5276 	 2 
87.6089 	 1 
87.6089 	 2 
87.7598 	 2 
87.8411 	 1 
87.8411 	 0 
87.9107 	 2 
88.0733 	 2 
88.1778 	 0 
88.1894 	 1 
88.2242 	 2 
88.3751 	 2 
88.5261 	 1 
88.5261 	 2 
88.6886 	 2 
88.7583 	 1 
88.8395 	 2 
88.9905 	 2 
88.9905 	 1 
88.9905 	 0 
89.1066 	 2 
89.2227 	 2 
89.3388 	 1 
89.3388 	 2 
89.3388 	 0 
89.4549 	 1 
89.4549 	 2 
89.5710 	 2 
89.6755 	 0 
89.6871 	 2 
89.6871 	 1 
89.8032 	 2 
89.9193 	 2 
90.0238 	 0 
90.0238 	 2 
90.0238 	 1 
90.1515 	 2 
90.2560 	 2 
90.3721 	 1 
90.3721 	 2 
90.4882 	 2 
90.6043 	 2 
90.7204 	 2 
90.8365 	 0 
90.8365 	 2 
90.8365 	 1 
90.8945 	 2 
90.9526 	 2 
91.0106 	 2 
91.0687 	 2 
91.1499 	 2 
91.1848 	 0 
91.1848 	 1 
91.2196 	 2 
91.3009 	 1 
91.3009 	 2 
91.4518 	 2 
91.5331 	 1 
91.5331 	 0 
91.6027 	 2 
91.7653 	 2 
91.8698 	 2 
91.8698 	 1 
91.8814 	 0 
91.9162 	 2 
92.0671 	 2 
92.1020 	 1 
92.2180 	 1 
92.2180 	 2 
92.3806 	 2 
92.4502 	 1 
92.4502 	 2 
92.5315 	 2 
92.6824 	 0 
92.6824 	 2 
92.6824 	 1 
92.7985 	 2 
92.9146 	 2 
93.0191 	 0 
93.0307 	 1 
93.0307 	 2 
93.1468 	 1 
93.1468 	 2 
93.2049 	 2 
93.2629 	 2 
93.3210 	 2 
93.3790 	 1 
93.3790 	 0 
93.3790 	 2 
93.4487 	 2 
93.5300 	 2 
93.6112 	 2 
93.7273 	 1 
93.7273 	 0 
93.7622 	 2 
93.9131 	 2 
94.0640 	 2 
94.0640 	 1 
94.1685 	 0 
94.1801 	 2 
94.3078 	 2 
94.4123 	 2 
94.4123 	 1 
94.4820 	 1 
94.5284 	 1 
94.5284 	 2 
94.5400 	 0 
94.5865 	 2 
94.6445 	 2 
94.7026 	 1 
94.7026 	 2 
94.7606 	 2 
94.8419 	 2 
94.8767 	 0 
94.8767 	 1 
94.9116 	 2 
94.9928 	 2 
94.9928 	 1 
95.1205 	 0 
95.1438 	 2 
95.2250 	 0 
95.2250 	 1 
95.2250 	 2 
95.2947 	 2 
95.4572 	 2 
95.5617 	 1 
95.6082 	 2 
95.7591 	 2 
95.9100 	 2 
95.9100 	 1 
96.0726 	 2 
96.1422 	 1 
96.1422 	 2 
96.2235 	 2 
96.3744 	 0 
96.3744 	 2 
96.3744 	 1 
96.4905 	 2 
96.6066 	 2 
96.7227 	 0 
96.7227 	 1 
96.7227 	 2 
96.8388 	 2 
96.8388 	 1 
96.9549 	 2 
97.0594 	 1 
97.0710 	 2 
97.0710 	 0 
97.1871 	 2 
97.3032 	 2 
97.4077 	 2 
97.4193 	 0 
97.4193 	 1 
97.5354 	 2 
97.6515 	 2 
97.7560 	 1 
97.7560 	 2 
97.8721 	 2 
97.9882 	 2 
98.1043 	 2 
98.2204 	 0 
98.2204 	 1 
98.2204 	 2 
98.2785 	 2 
98.3365 	 2 
98.3946 	 2 
98.4526 	 2 
98.5339 	 2 
98.5687 	 1 
98.5687 	 0 
98.6035 	 2 
98.6848 	 2 
98.6848 	 1 
98.8357 	 2 
98.9170 	 0 
98.9170 	 1 
98.9170 	 2 
98.9867 	 2 
99.1492 	 2 
99.1608 	 0 
99.2537 	 2 
99.2653 	 1 
99.2653 	 0 
99.3001 	 2 
99.4511 	 2 
99.4859 	 1 
99.6020 	 2 
99.6020 	 1 
99.7645 	 2 
99.8342 	 2 
99.8342 	 1 
99.9155 	 2 
100.0664 	 2 
100.0664 	 0 
100.0664 	 1 
100.1825 	 2 
100.2986 	 2 
100.4147 	 1 
100.4147 	 2 
100.4147 	 0 
100.5308 	 2 
100.5308 	 1 
100.5888 	 2 
100.6469 	 2 
100.7049 	 2 
100.7514 	 1 
100.7630 	 2 
100.7630 	 0 
100.8327 	 2 
100.9139 	 2 
100.9952 	 2 
101.0997 	 0 
101.1113 	 1 
101.1461 	 2 
101.2971 	 2 
101.4480 	 2 
101.4480 	 1 
101.5641 	 2 
101.6802 	 2 
101.7847 	 1 
101.7963 	 2 
101.8659 	 1 
101.9124 	 1 
101.9124 	 2 
101.9240 	 0 
101.9704 	 2 
102.0285 	 2 
102.0865 	 1 
102.0865 	 2 
102.1446 	 2 
102.2259 	 2 
102.2607 	 0 
102.2607 	 1 
102.2955 	 2 
102.3768 	 2 
102.3768 	 1 
102.5045 	 0 
102.5277 	 2 
102.6090 	 1 
102.6090 	 2 
102.6090 	 0 
102.6902 	 2 
102.8412 	 2 
102.9573 	 1 
102.9921 	 2 
103.1430 	 2 
103.2940 	 2 
103.2940 	 1 
103.4217 	 1 
103.4565 	 2 
103.5262 	 1 
103.5262 	 2 
103.6074 	 2 
103.7584 	 2 
103.7584 	 1 
103.7700 	 0 
103.8745 	 2 
103.9906 	 2 
104.1067 	 1 
104.1067 	 0 
104.1067 	 2 
104.2228 	 1 
104.2228 	 2 
104.3389 	 2 
104.4434 	 1 
104.4550 	 0 
104.4550 	 2 
104.5711 	 2 
104.6872 	 2 
104.8033 	 1 
104.8033 	 2 
104.8033 	 0 
104.9194 	 2 
105.0355 	 2 
105.1400 	 1 
105.1400 	 2 
105.2561 	 2 
105.3722 	 2 
105.4883 	 2 
105.6044 	 0 
105.6044 	 1 
105.6044 	 2 
105.6624 	 2 
105.7205 	 2 
105.7785 	 2 
105.8366 	 2 
105.9178 	 2 
105.9527 	 0 
105.9527 	 1 
105.9875 	 2 
106.0688 	 2 
106.0688 	 1 
106.2197 	 2 
106.3010 	 0 
106.3010 	 1 
106.3706 	 2 
106.5332 	 2 
106.6493 	 0 
106.6493 	 1 
106.6841 	 2 
106.8350 	 2 
106.8698 	 1 
106.9859 	 2 
106.9859 	 1 
107.1485 	 2 
107.2181 	 1 
107.2994 	 2 
107.4503 	 2 
107.4503 	 1 
107.4620 	 0 
107.5664 	 2 
107.6941 	 2 
107.7986 	 1 
107.7986 	 0 
107.7986 	 2 
107.9147 	 1 
107.9147 	 2 
107.9728 	 2 
108.0308 	 2 
108.0889 	 2 
108.1469 	 0 
108.1469 	 2 
108.1469 	 1 
108.2166 	 2 
108.2979 	 2 
108.3791 	 2 
108.4952 	 1 
108.4952 	 0 
108.5301 	 2 
108.6810 	 2 
108.8319 	 2 
108.8319 	 1 
108.9480 	 2 
109.0757 	 2 
109.1802 	 2 
109.1802 	 1 
109.2963 	 2 
109.2963 	 1 
109.3079 	 0 
109.3544 	 2 
109.4124 	 2 
109.4705 	 2 
109.4705 	 1 
109.5285 	 2 
109.6098 	 2 
109.6446 	 0 
109.6446 	 1 
109.6795 	 2 
109.7607 	 1 
109.7607 	 2 
109.8884 	 0 
109.9117 	 2 
109.9929 	 1 
109.9929 	 0 
110.0626 	 2 
110.2251 	 2 
110.3412 	 1 
110.3761 	 2 
110.5270 	 2 
110.6779 	 1 
110.6779 	 2 
110.8405 	 2 
110.9101 	 1 
110.9101 	 2 
110.9914 	 2 
111.1423 	 1 
111.1423 	 0 
111.1423 	 2 
111.2584 	 2 
111.3745 	 2 
111.4906 	 0 
111.4906 	 1 
111.4906 	 2 
111.6067 	 1 
111.6067 	 2 
111.7228 	 2 
111.8389 	 2 
111.8389 	 1 
111.8389 	 0 
111.9550 	 2 
112.0711 	 2 
112.1872 	 2 
112.1872 	 1 
112.1872 	 0 
112.3033 	 2 
112.4194 	 2 
112.5239 	 1 
112.5355 	 2 
112.6516 	 2 
112.7561 	 2 
112.8838 	 2 
112.9883 	 1 
112.9883 	 2 
112.9883 	 0 
113.0463 	 2 
113.1044 	 2 
113.1624 	 2 
113.2205 	 2 
113.3018 	 2 
113.3366 	 0 
113.3366 	 1 
113.3714 	 2 
113.4527 	 1 
113.4527 	 2 
113.6036 	 2 
113.6849 	 0 
113.6849 	 1 
113.7546 	 2 
113.9171 	 2 
114.0332 	 1 
114.0332 	 0 
114.0680 	 2 
114.2190 	 2 
114.2538 	 1 
114.3699 	 2 
114.5324 	 2 
114.6021 	 2 
114.6137 	 1 
114.6834 	 2 
114.8343 	 2 
114.8343 	 1 
114.8459 	 0 
114.9504 	 2 
115.0665 	 2 
115.1826 	 2 
115.1826 	 0 
115.1826 	 1 
115.2987 	 2 
115.2987 	 1 
115.3567 	 2 
115.4148 	 2 
115.4728 	 2 
115.5309 	 1 
115.5309 	 0 
115.5309 	 2 
115.6122 	 2 
115.6818 	 2 
115.7631 	 2 
115.8792 	 0 
115.8792 	 1 
115.9140 	 2 
116.0649 	 2 
116.2159 	 1 
116.2275 	 2 
116.3436 	 2 
116.4597 	 2 
116.5642 	 2 
116.6338 	 1 
116.6803 	 0 
116.6803 	 1 
116.6803 	 2 
116.7383 	 2 
116.7964 	 2 
116.8544 	 2 
116.8544 	 1 
116.9125 	 2 
116.9937 	 2 
117.0286 	 1 
117.0402 	 0 
117.0750 	 2 
117.1447 	 1 
117.1447 	 2 
117.2724 	 0 
117.2956 	 2 
117.3769 	 1 
117.3769 	 0 
117.4465 	 2 
117.6091 	 2 
117.7252 	 1 
117.7252 	 0 
117.7600 	 2 
117.9109 	 2 
118.0619 	 2 
118.0619 	 1 
118.2244 	 2 
118.2941 	 1 
118.3753 	 2 
118.5263 	 1 
118.5263 	 2 
118.5379 	 0 
118.6424 	 2 
118.7585 	 2 
118.8746 	 2 
118.8746 	 0 
118.8746 	 1 
118.9907 	 2 
119.0023 	 1 
119.1068 	 2 
119.2229 	 0 
119.2229 	 2 
119.2229 	 1 
119.3390 	 2 
119.4551 	 2 
119.5595 	 1 
119.5712 	 0 
119.5712 	 2 
119.6873 	 2 
119.8034 	 2 
119.9195 	 1 
119.9195 	 2 
120.0356 	 2 
120.1400 	 2 
120.2561 	 2 
120.3722 	 1 
120.3722 	 0 
120.3722 	 2 
120.4303 	 2 
120.4883 	 2 
120.5464 	 2 
120.6044 	 2 
120.6857 	 2 
120.7205 	 1 
120.7205 	 0 
120.8366 	 2 
120.8366 	 1 
120.9876 	 2 
121.0688 	 1 
121.0688 	 2 
121.0688 	 0 
121.1501 	 2 
121.3010 	 2 
121.4171 	 0 
121.4171 	 1 
121.4520 	 2 
121.6029 	 2 
121.6493 	 1 
121.7074 	 1 
121.7654 	 1 
121.7654 	 2 
121.9164 	 2 
121.9860 	 1 
122.0673 	 2 
122.1137 	 1 
122.2182 	 1 
122.2182 	 2 
122.2298 	 0 
122.3343 	 2 
122.4504 	 2 
122.5665 	 1 
122.5665 	 0 
122.5665 	 2 
122.6826 	 2 
122.6826 	 1 
122.7407 	 2 
122.7987 	 2 
122.8568 	 2 
122.9148 	 2 
122.9148 	 1 
122.9148 	 0 
122.9961 	 2 
123.0658 	 2 
123.1470 	 2 
123.2631 	 1 
123.2631 	 0 
123.2980 	 2 
123.4489 	 2 
123.6114 	 1 
123.6114 	 2 
123.7275 	 2 
123.8436 	 2 
123.9481 	 2 
123.9597 	 1 
124.0642 	 1 
124.0642 	 2 
124.0758 	 0 
124.1223 	 2 
124.1803 	 2 
124.2384 	 2 
124.2500 	 1 
124.2964 	 2 
124.3777 	 2 
124.4125 	 1 
124.4125 	 0 
124.5286 	 2 
124.5402 	 1 
124.6795 	 2 
124.7608 	 1 
124.7608 	 2 
124.7608 	 0 
124.8421 	 2 
124.9930 	 2 
125.1091 	 0 
125.1091 	 1 
125.1439 	 2 
125.2949 	 2 
125.4458 	 1 
125.4458 	 2 
125.6083 	 2 
125.6780 	 2 
125.6896 	 1 
125.7593 	 2 
125.9102 	 0 
125.9102 	 2 
125.9102 	 1 
126.0263 	 2 
126.1424 	 2 
126.2585 	 1 
126.2585 	 2 
126.2585 	 0 
126.3746 	 1 
126.3746 	 2 
126.4907 	 2 
126.6068 	 1 
126.6068 	 0 
126.6068 	 2 
126.7229 	 2 
126.8390 	 2 
126.9551 	 2 
126.9551 	 0 
126.9551 	 1 
127.0712 	 2 
127.1873 	 2 
127.3034 	 2 
127.3034 	 1 
127.4195 	 2 
127.5356 	 2 
127.6401 	 2 
127.7562 	 1 
127.7562 	 2 
127.7678 	 0 
127.8142 	 2 
127.8723 	 2 
127.9303 	 2 
127.9884 	 2 
128.0697 	 2 
128.1045 	 1 
128.1045 	 0 
128.1393 	 2 
128.2206 	 1 
128.2206 	 2 
128.3715 	 2 
128.4528 	 2 
128.4528 	 1 
128.4528 	 0 
128.5341 	 2 
128.6850 	 2 
128.8011 	 1 
128.8011 	 0 
128.8359 	 2 
128.9868 	 2 
129.0333 	 1 
129.0565 	 2 
129.0913 	 1 
129.1494 	 2 
129.1494 	 1 
129.3119 	 2 
129.3816 	 1 
129.4512 	 2 
129.6022 	 1 
129.6022 	 2 
129.6138 	 0 
129.7183 	 2 
129.8344 	 2 
129.9505 	 0 
129.9505 	 2 
129.9505 	 1 
130.0666 	 1 
130.0666 	 2 
130.1246 	 2 
130.1827 	 2 
130.2407 	 2 
130.2988 	 0 
130.2988 	 1 
130.2988 	 2 
130.3800 	 2 
130.4497 	 2 
130.5310 	 2 
130.6355 	 2 
130.6471 	 0 
130.6471 	 1 
130.6819 	 2 
130.8328 	 2 
130.9838 	 1 
130.9954 	 2 
131.1115 	 2 
131.2276 	 2 
131.3321 	 2 
131.3437 	 1 
131.4482 	 2 
131.4482 	 1 
131.4598 	 0 
131.5062 	 2 
131.5643 	 2 
131.6223 	 1 
131.6223 	 2 
131.6804 	 2 
131.7616 	 2 
131.7965 	 1 
131.7965 	 0 
131.9126 	 2 
131.9126 	 1 
132.0635 	 2 
132.1448 	 0 
132.1448 	 1 
132.2260 	 2 
132.3770 	 2 
132.4931 	 1 
132.4931 	 0 
132.5279 	 2 
132.6788 	 2 
132.8298 	 2 
132.8414 	 1 
132.9923 	 2 
133.0736 	 1 
133.1432 	 2 
133.2941 	 2 
133.3058 	 1 
133.3058 	 0 
133.4102 	 2 
133.5263 	 2 
133.6424 	 1 
133.6424 	 2 
133.6424 	 0 
133.7585 	 2 
133.7585 	 1 
133.8746 	 2 
133.9907 	 2 
133.9907 	 0 
133.9907 	 1 
134.1068 	 2 
134.2229 	 2 
134.3390 	 2 
134.3390 	 1 
134.3390 	 0 
134.4551 	 2 
134.5712 	 2 
134.6873 	 1 
134.6873 	 2 
134.8034 	 2 
134.9079 	 2 
135.0356 	 2 
135.1401 	 0 
135.1401 	 2 
135.1401 	 1 
135.1982 	 2 
135.2562 	 2 
135.3143 	 2 
135.3723 	 2 
135.4536 	 2 
135.4884 	 1 
135.4884 	 0 
135.5233 	 2 
135.6045 	 1 
135.6045 	 2 
135.7671 	 2 
135.8367 	 1 
135.8367 	 0 
135.8367 	 2 
135.9180 	 2 
136.0689 	 2 
136.1850 	 1 
136.1850 	 2 
136.1850 	 0 
136.2199 	 2 
136.3824 	 2 
136.4172 	 1 
136.5217 	 2 
136.5333 	 1 
136.6843 	 2 
136.7655 	 1 
136.8352 	 2 
136.9861 	 2 
136.9861 	 1 
136.9977 	 0 
137.1022 	 2 
137.2299 	 2 
137.3344 	 2 
137.3344 	 0 
137.3344 	 1 
137.4505 	 2 
137.4505 	 1 
137.5086 	 2 
137.5666 	 2 
137.6247 	 2 
137.6827 	 0 
137.6827 	 1 
137.6827 	 2 
137.7640 	 2 
137.8337 	 2 
137.9149 	 2 
138.0310 	 0 
138.0310 	 1 
138.0659 	 2 
138.2168 	 2 
138.3793 	 1 
138.3793 	 2 
138.4954 	 2 
138.6115 	 2 
138.7276 	 2 
138.7276 	 1 
138.8321 	 2 
138.8321 	 1 
138.8437 	 0 
138.8902 	 2 
138.9482 	 2 
139.0063 	 2 
139.0179 	 1 
139.0643 	 2 
139.1456 	 2 
139.1804 	 1 
139.1920 	 0 
139.2268 	 2 
139.2965 	 1 
139.2965 	 2 
139.4242 	 0 
139.4590 	 2 
139.5287 	 1 
139.5287 	 0 
139.5984 	 2 
139.7609 	 2 
139.8770 	 1 
139.9118 	 2 
140.0744 	 2 
140.2253 	 2 
140.2253 	 1 
140.4575 	 1 
140.5272 	 2 
140.6781 	 1 
140.6781 	 0 
140.6897 	 2 
140.7942 	 2 
140.9103 	 2 
141.0264 	 0 
141.0264 	 1 
141.0264 	 2 
141.1425 	 2 
141.1425 	 1 
141.2586 	 2 
141.3747 	 1 
141.3747 	 2 
141.3747 	 0 
141.4908 	 2 
141.6069 	 2 
141.7230 	 1 
141.7230 	 2 
141.7230 	 0 
141.8391 	 2 
141.9552 	 2 
142.0713 	 2 
142.0713 	 1 
142.1874 	 2 
142.3035 	 2 
142.4196 	 2 
142.5241 	 1 
142.5241 	 2 
142.5357 	 0 
142.5821 	 2 
142.6402 	 2 
142.6982 	 2 
142.7679 	 2 
142.8376 	 2 
142.8724 	 1 
142.8840 	 0 
142.9072 	 2 
142.9885 	 1 
142.9885 	 2 
143.1510 	 2 
143.2207 	 0 
143.2207 	 1 
143.2207 	 2 
143.3020 	 2 
143.4529 	 2 
143.5690 	 0 
143.5690 	 1 
143.6038 	 2 
143.7547 	 2 
143.8012 	 1 
143.9173 	 1 
144.0682 	 2 
144.1495 	 1 
144.2191 	 2 
144.3701 	 2 
144.3701 	 1 
144.3817 	 0 
144.4978 	 2 
144.6139 	 2 
144.7184 	 1 
144.7184 	 0 
144.7184 	 2 
144.8345 	 1 
144.8345 	 2 
144.8925 	 2 
144.9506 	 2 
145.0086 	 2 
145.0667 	 1 
145.0667 	 0 
145.0667 	 2 
145.1479 	 2 
145.2176 	 2 
145.2989 	 2 
145.4150 	 1 
145.4150 	 0 
145.4498 	 2 
145.6123 	 2 
145.7633 	 1 
145.7633 	 2 
145.8794 	 2 
145.9955 	 2 
146.1000 	 2 
146.2161 	 2 
146.2277 	 0 
146.2857 	 2 
146.3322 	 2 
146.3902 	 2 
146.4018 	 1 
146.4483 	 2 
146.5295 	 2 
146.5644 	 1 
146.5760 	 0 
146.6108 	 2 
146.6805 	 2 
146.6805 	 1 
146.8082 	 0 
146.8314 	 2 
146.9127 	 1 
146.9127 	 2 
146.9127 	 0 
146.9939 	 2 
147.1449 	 2 
147.2610 	 0 
147.2610 	 1 
147.2958 	 2 
147.4467 	 2 
147.5976 	 2 
147.6093 	 1 
147.7602 	 2 
147.8415 	 1 
147.8415 	 2 
147.9111 	 2 
148.0737 	 1 
148.0737 	 2 
148.0737 	 0 
148.1898 	 2 
148.2942 	 2 
148.4103 	 0 
148.4103 	 1 
148.4103 	 2 
148.5264 	 2 
148.5380 	 1 
148.6425 	 2 
148.7586 	 1 
148.7586 	 0 
148.7586 	 2 
148.8747 	 2 
148.9908 	 2 
149.1069 	 0 
149.1069 	 2 
149.1069 	 1 
149.2230 	 2 
149.3391 	 2 
149.4436 	 2 
149.4552 	 1 
149.5713 	 2 
149.6758 	 2 
149.8035 	 2 
149.9080 	 1 
149.9080 	 2 
149.9196 	 0 
149.9661 	 2 
150.0241 	 2 
150.0822 	 2 
150.1402 	 2 
150.2215 	 2 
150.2563 	 1 
150.2679 	 0 
150.2912 	 2 
150.3724 	 1 
150.3724 	 2 
150.5234 	 2 
150.6046 	 1 
150.6046 	 0 
150.6859 	 2 
150.8368 	 2 
150.9529 	 1 
150.9529 	 0 
150.9878 	 2 
151.1503 	 2 
151.1851 	 1 
151.3012 	 1 
151.3012 	 2 
151.4522 	 2 
151.5334 	 1 
151.6031 	 2 
151.7540 	 2 
151.7656 	 1 
151.7656 	 0 
151.8817 	 2 
151.9978 	 2 
152.1023 	 2 
152.1023 	 1 
152.1023 	 0 
152.2184 	 2 
152.2300 	 1 
152.2765 	 2 
152.3345 	 2 
152.3926 	 2 
152.4506 	 1 
152.4506 	 0 
152.4622 	 2 
152.5319 	 2 
152.6132 	 2 
152.6828 	 2 
152.7989 	 1 
152.7989 	 0 
152.8337 	 2 
152.9963 	 2 
153.1472 	 1 
153.1472 	 2 
153.2517 	 0 
153.2633 	 2 
153.3794 	 2 
153.4955 	 2 
153.4955 	 1 
153.6116 	 1 
153.6116 	 0 
153.6116 	 2 
153.6697 	 2 
153.7277 	 2 
153.7858 	 1 
153.7858 	 2 
153.8322 	 2 
153.9135 	 2 
153.9483 	 0 
153.9483 	 1 
153.9947 	 2 
154.0644 	 2 
154.0760 	 1 
154.1921 	 0 
154.2269 	 2 
154.2966 	 0 
154.2966 	 1 
154.3779 	 2 
154.5288 	 2 
154.6333 	 2 
154.6449 	 1 
154.6797 	 2 
154.8423 	 2 
154.9932 	 1 
154.9932 	 2 
155.2254 	 1 
155.2951 	 2 
155.4460 	 1 
155.4576 	 2 
155.4576 	 0 
155.5621 	 2 
155.6898 	 2 
155.7943 	 2 
155.7943 	 1 
155.8059 	 0 
155.9220 	 2 
155.9220 	 1 
156.0265 	 2 
156.1426 	 0 
156.1426 	 2 
156.1426 	 1 
156.2587 	 2 
156.3748 	 2 
156.4909 	 0 
156.4909 	 1 
156.4909 	 2 
156.6070 	 2 
156.7231 	 2 
156.8392 	 2 
156.8392 	 1 
156.9553 	 2 
157.0714 	 2 
157.1410 	 1 
157.1875 	 2 
157.2920 	 1 
157.3036 	 2 
157.3036 	 0 
157.3500 	 2 
157.4197 	 2 
157.4777 	 2 
157.5358 	 2 
157.6054 	 2 
157.6403 	 1 
157.6403 	 0 
157.6751 	 2 
157.7564 	 1 
157.7680 	 2 
157.9189 	 2 
157.9886 	 1 
157.9886 	 0 
158.0698 	 2 
158.2208 	 2 
158.3369 	 1 
158.3369 	 0 
158.3833 	 2 
158.5342 	 2 
158.5691 	 1 
158.6852 	 1 
158.6852 	 2 
158.9174 	 1 
158.9986 	 2 
159.1380 	 1 
159.1496 	 0 
159.1496 	 2 
159.4863 	 2 
159.4863 	 1 
159.4979 	 0 
159.6140 	 1 
159.8346 	 1 
159.8346 	 0 
160.1829 	 2 
160.1829 	 1 
160.1829 	 0 
160.5312 	 2 
160.5312 	 1 
160.8795 	 1 
160.9375 	 1 
160.9956 	 0 
161.1697 	 1 
161.3439 	 1 
161.3439 	 0 
161.4483 	 1 
161.4600 	 2 
161.5761 	 0 
161.6805 	 1 
161.6805 	 0 
161.9360 	 0 
161.9360 	 2 
162.0288 	 1 
162.0288 	 0 
162.3771 	 1 
162.6093 	 1 
