8.0573 	 0 
8.0573 	 2 
8.0573 	 1 
8.5333 	 2 
8.5333 	 0 
8.5333 	 1 
8.8004 	 2 
9.0326 	 2 
9.0326 	 1 
9.5086 	 1 
9.5202 	 2 
9.9962 	 1 
10.4838 	 2 
10.4838 	 1 
10.5883 	 2 
10.9598 	 2 
10.9714 	 1 
11.4474 	 2 
11.4474 	 1 
11.5984 	 2 
11.9234 	 1 
11.9351 	 2 
12.4227 	 1 
12.8755 	 1 
12.8987 	 1 
12.8987 	 2 
13.3863 	 1 
13.3863 	 2 
13.6301 	 2 
13.8623 	 2 
13.8623 	 1 
14.3499 	 1 
14.3499 	 2 
14.8376 	 1 
15.3136 	 1 
15.5806 	 1 
15.8012 	 1 
15.8012 	 2 
15.9405 	 2 
16.2888 	 2 
16.2888 	 1 
16.7648 	 1 
16.7648 	 2 
17.2524 	 1 
17.2524 	 2 
17.7400 	 1 
17.7400 	 2 
18.2044 	 2 
18.2161 	 1 
18.4599 	 1 
18.4715 	 2 
18.5644 	 2 
18.7037 	 1 
18.8314 	 2 
19.1797 	 2 
19.1797 	 1 
19.4351 	 2 
19.4583 	 1 
19.6557 	 0 
19.6673 	 1 
19.6673 	 2 
19.8879 	 1 
19.8995 	 0 
19.8995 	 2 
20.1433 	 1 
20.1433 	 0 
20.1433 	 2 
20.2826 	 2 
20.4103 	 2 
21.1069 	 2 
21.2346 	 2 
21.3507 	 1 
21.3507 	 2 
21.5946 	 1 
21.5946 	 2 
22.0938 	 2 
22.3144 	 0 
22.3144 	 1 
22.3144 	 2 
22.5582 	 2 
22.5582 	 1 
23.0458 	 1 
23.0574 	 2 
23.3012 	 2 
23.5334 	 1 
23.5334 	 0 
23.5334 	 2 
23.7772 	 1 
23.7772 	 0 
23.7772 	 2 
24.0094 	 0 
24.0210 	 2 
24.0210 	 1 
24.4971 	 1 
24.4971 	 2 
25.4607 	 2 
25.4607 	 1 
26.1805 	 2 
26.1805 	 1 
26.4359 	 1 
26.4359 	 2 
26.9235 	 1 
26.9235 	 2 
27.1557 	 2 
27.4112 	 2 
27.4112 	 0 
27.4112 	 1 
27.6434 	 2 
27.6434 	 1 
27.6434 	 0 
27.8872 	 1 
27.8872 	 0 
27.8872 	 2 
28.3632 	 2 
28.3748 	 0 
28.3748 	 1 
29.3268 	 2 
29.3384 	 1 
30.0582 	 1 
30.0582 	 2 
30.3020 	 1 
30.3020 	 2 
30.7897 	 1 
30.8013 	 2 
31.0451 	 2 
31.1612 	 2 
31.2773 	 1 
31.2773 	 0 
31.2773 	 2 
31.5211 	 1 
31.5211 	 0 
31.5211 	 2 
31.7533 	 1 
31.7533 	 0 
31.7649 	 2 
32.0087 	 1 
32.2409 	 2 
32.2409 	 1 
32.7401 	 2 
33.2045 	 2 
33.2045 	 1 
33.7966 	 1 
33.9360 	 1 
33.9476 	 2 
34.1682 	 1 
34.1798 	 2 
34.4120 	 1 
34.4236 	 2 
34.4236 	 0 
34.5397 	 1 
34.8067 	 2 
34.8067 	 1 
34.8880 	 1 
34.8996 	 2 
35.1434 	 0 
35.1434 	 2 
35.1434 	 1 
35.3756 	 1 
35.3872 	 2 
35.3872 	 0 
35.6310 	 2 
35.6310 	 1 
35.8864 	 2 
36.1070 	 2 
37.0707 	 2 
37.5583 	 1 
37.8137 	 1 
38.0575 	 1 
38.0575 	 2 
38.5335 	 1 
38.7773 	 1 
39.0095 	 1 
39.0211 	 0 
39.0211 	 2 
39.2533 	 1 
39.2533 	 2 
39.2649 	 0 
39.4971 	 0 
39.4971 	 1 
39.4971 	 2 
39.6249 	 1 
39.6365 	 2 
39.7410 	 0 
39.7526 	 2 
39.7526 	 1 
39.9732 	 2 
39.9732 	 1 
39.9732 	 0 
40.7046 	 2 
40.7046 	 1 
40.7046 	 0 
40.9484 	 2 
40.9484 	 1 
41.4360 	 1 
41.4360 	 2 
41.6798 	 2 
41.6798 	 1 
41.9120 	 1 
41.9120 	 2 
42.4112 	 2 
42.6551 	 2 
42.8873 	 2 
42.8873 	 1 
42.8873 	 0 
43.1195 	 0 
43.1311 	 2 
43.1311 	 1 
43.3633 	 0 
43.3749 	 2 
43.3749 	 1 
43.5026 	 2 
43.6187 	 2 
43.8509 	 0 
43.8509 	 1 
43.8509 	 2 
44.4430 	 2 
44.5707 	 0 
44.5707 	 1 
44.5707 	 2 
44.8145 	 2 
44.8145 	 1 
44.8145 	 0 
45.3021 	 2 
45.3137 	 1 
45.6156 	 1 
45.7898 	 2 
45.7898 	 1 
46.7534 	 1 
46.7650 	 0 
46.7650 	 2 
46.9972 	 2 
46.9972 	 0 
46.9972 	 1 
47.2410 	 2 
47.2410 	 1 
47.2410 	 0 
47.7170 	 2 
47.7286 	 1 
48.2278 	 2 
48.4600 	 2 
48.5761 	 2 
48.6806 	 2 
48.6922 	 1 
48.9593 	 2 
49.6559 	 1 
49.6675 	 2 
49.6675 	 0 
50.0274 	 0 
50.0274 	 2 
50.0274 	 1 
50.3873 	 2 
50.3873 	 1 
50.3873 	 0 
50.6311 	 2 
50.6311 	 1 
50.6311 	 0 
50.8169 	 1 
51.1071 	 2 
51.1071 	 0 
51.1071 	 1 
51.3509 	 1 
51.3625 	 2 
51.4786 	 2 
51.4786 	 1 
51.5947 	 2 
51.5947 	 0 
51.5947 	 1 
51.7108 	 1 
52.0707 	 2 
52.0824 	 1 
52.0824 	 0 
52.3262 	 1 
52.3262 	 2 
52.4423 	 1 
52.4423 	 2 
52.5584 	 1 
52.5584 	 2 
52.5700 	 0 
52.6861 	 2 
52.6861 	 0 
52.8138 	 1 
52.9299 	 1 
53.0460 	 0 
53.0460 	 2 
53.0460 	 1 
53.1737 	 0 
53.1737 	 1 
53.1853 	 2 
53.2898 	 2 
53.4175 	 2 
53.4291 	 1 
53.5220 	 0 
53.5336 	 2 
53.5336 	 1 
53.8935 	 1 
54.0096 	 1 
54.0096 	 2 
54.0212 	 0 
54.1373 	 2 
54.1373 	 1 
54.4972 	 0 
54.5088 	 2 
54.5088 	 1 
54.8571 	 2 
54.9732 	 1 
54.9849 	 0 
54.9849 	 2 
55.1358 	 1 
55.2519 	 1 
55.2519 	 2 
55.3564 	 1 
55.4609 	 2 
55.4609 	 1 
55.6118 	 1 
55.7163 	 1 
55.8324 	 1 
55.9485 	 2 
55.9485 	 1 
55.9485 	 0 
56.0762 	 1 
56.1575 	 2 
56.3084 	 2 
56.4361 	 2 
56.4361 	 0 
56.4361 	 1 
56.9121 	 2 
56.9121 	 1 
56.9237 	 0 
57.1791 	 1 
57.3997 	 0 
57.3997 	 2 
57.3997 	 1 
57.6435 	 2 
57.6435 	 1 
57.7596 	 2 
57.8873 	 1 
57.8873 	 2 
57.8873 	 0 
58.0034 	 1 
58.0267 	 2 
58.1312 	 2 
58.3634 	 0 
58.3750 	 1 
58.3750 	 2 
58.7465 	 2 
58.8510 	 1 
58.8626 	 2 
58.8626 	 0 
58.9903 	 2 
59.3386 	 0 
59.3386 	 2 
59.3386 	 1 
59.6753 	 2 
59.6985 	 1 
59.8146 	 2 
59.8262 	 0 
59.8262 	 1 
59.9423 	 1 
60.0584 	 1 
60.0584 	 2 
60.3022 	 0 
60.3022 	 2 
60.3022 	 1 
60.7898 	 0 
60.7898 	 2 
60.7898 	 1 
61.0337 	 0 
61.0453 	 2 
61.0453 	 1 
61.2775 	 0 
61.2775 	 2 
61.2775 	 1 
61.5097 	 1 
61.7535 	 0 
61.7535 	 1 
61.7651 	 2 
61.8812 	 2 
61.8812 	 1 
62.0089 	 1 
62.0089 	 2 
62.0089 	 0 
62.2411 	 1 
62.2411 	 0 
62.2411 	 2 
62.7287 	 1 
62.7287 	 0 
62.7287 	 2 
62.8448 	 1 
62.9725 	 1 
62.9725 	 2 
63.0886 	 2 
63.2047 	 2 
63.2047 	 1 
63.2047 	 0 
63.4137 	 1 
63.6923 	 1 
63.6923 	 0 
63.6923 	 2 
63.8317 	 2 
63.9478 	 2 
63.9478 	 1 
63.9478 	 0 
64.0522 	 2 
64.1683 	 1 
64.1800 	 2 
64.1800 	 0 
64.3077 	 2 
64.4238 	 2 
64.6560 	 0 
64.6560 	 2 
64.6676 	 1 
64.9114 	 1 
65.0275 	 2 
65.1436 	 0 
65.1436 	 2 
65.1436 	 1 
65.3990 	 1 
65.3990 	 2 
65.5035 	 0 
65.5035 	 2 
65.5151 	 1 
65.8634 	 2 
65.8634 	 1 
65.8750 	 0 
66.1072 	 1 
66.1072 	 0 
66.1072 	 2 
66.3859 	 2 
66.5948 	 0 
66.5948 	 1 
66.5948 	 2 
66.7109 	 1 
66.7109 	 2 
67.0708 	 1 
67.0708 	 2 
67.0824 	 0 
67.5585 	 2 
67.5585 	 1 
67.5585 	 0 
68.0461 	 0 
68.0461 	 1 
68.0461 	 2 
68.5337 	 0 
68.5337 	 2 
68.5337 	 1 
68.7891 	 2 
69.0213 	 0 
69.0213 	 1 
69.0213 	 2 
69.4973 	 2 
69.4973 	 0 
69.4973 	 1 
69.9849 	 2 
69.9849 	 1 
69.9849 	 0 
70.4610 	 2 
70.4610 	 1 
70.4726 	 0 
70.9486 	 0 
70.9486 	 2 
70.9486 	 1 
71.4362 	 2 
71.4362 	 0 
71.4362 	 1 
71.7845 	 2 
71.7961 	 1 
71.9122 	 1 
71.9238 	 2 
71.9238 	 0 
72.3998 	 0 
72.3998 	 2 
72.3998 	 1 
72.6785 	 2 
72.8874 	 2 
72.8874 	 0 
72.8874 	 1 
73.3634 	 2 
73.3634 	 0 
73.3751 	 1 
73.8511 	 2 
73.8511 	 0 
73.8627 	 1 
73.9788 	 2 
74.0949 	 1 
74.0949 	 0 
74.0949 	 2 
74.3387 	 0 
74.3387 	 1 
74.3387 	 2 
74.5825 	 1 
74.5825 	 0 
74.5825 	 2 
74.7102 	 1 
74.8263 	 1 
74.8263 	 0 
74.8263 	 2 
75.0585 	 1 
75.0701 	 2 
75.0817 	 1 
75.3023 	 0 
75.3023 	 1 
75.3139 	 2 
75.5461 	 2 
75.5577 	 0 
75.5577 	 1 
75.6622 	 1 
75.6738 	 2 
75.7899 	 2 
75.7899 	 1 
75.7899 	 0 
75.9060 	 1 
75.9176 	 2 
76.0221 	 1 
76.0337 	 2 
76.0337 	 0 
76.2659 	 1 
76.2776 	 0 
76.2776 	 2 
76.4053 	 1 
76.4053 	 0 
76.5214 	 1 
76.5214 	 2 
76.5214 	 0 
76.6375 	 2 
76.7652 	 2 
76.7652 	 1 
76.8929 	 2 
76.8929 	 1 
76.9974 	 1 
77.0090 	 2 
77.2412 	 1 
77.2412 	 2 
77.4850 	 1 
77.4850 	 0 
77.4850 	 2 
77.7172 	 2 
77.7172 	 1 
77.9610 	 2 
78.2048 	 2 
78.4486 	 2 
78.5647 	 2 
78.6924 	 2 
78.8201 	 2 
78.9362 	 2 
79.0639 	 2 
79.1800 	 2 
79.2961 	 2 
79.4122 	 1 
79.4122 	 2 
79.5400 	 2 
79.6561 	 1 
79.6561 	 2 
79.7838 	 2 
79.8999 	 2 
80.0276 	 2 
80.1437 	 2 
80.2598 	 2 
80.3875 	 2 
80.5036 	 2 
80.6313 	 2 
80.8635 	 1 
80.8751 	 2 
81.1189 	 2 
81.2582 	 2 
81.3511 	 2 
81.5949 	 2 
81.5949 	 1 
81.8387 	 2 
81.9664 	 2 
82.0825 	 2 
82.3263 	 2 
82.5585 	 2 
82.6746 	 1 
82.6863 	 2 
82.8140 	 2 
82.9301 	 2 
83.0462 	 2 
83.1739 	 2 
83.2900 	 2 
83.4177 	 2 
83.5338 	 2 
83.6615 	 2 
83.6615 	 1 
83.7776 	 2 
83.9053 	 1 
83.9053 	 2 
84.0098 	 2 
84.2536 	 2 
84.3813 	 2 
84.4974 	 2 
84.6251 	 2 
84.7412 	 2 
84.8689 	 2 
84.9850 	 2 
85.1011 	 2 
85.2288 	 2 
85.4727 	 2 
85.6004 	 2 
85.7165 	 2 
85.8326 	 2 
85.9487 	 2 
86.0880 	 2 
86.1925 	 2 
86.4363 	 2 
86.5640 	 2 
86.6801 	 2 
86.8078 	 2 
86.9239 	 2 
87.0400 	 2 
87.1561 	 2 
87.2954 	 2 
87.4115 	 2 
87.5276 	 2 
87.6437 	 2 
87.7598 	 1 
87.7714 	 2 
87.8875 	 2 
88.0152 	 2 
88.1313 	 2 
88.2590 	 2 
88.3751 	 2 
88.6073 	 1 
88.6190 	 2 
88.8512 	 2 
88.8512 	 1 
88.9789 	 2 
89.0950 	 2 
89.0950 	 1 
89.3388 	 1 
89.3388 	 2 
89.5826 	 2 
89.6987 	 2 
89.8264 	 2 
89.9425 	 2 
90.0586 	 2 
90.1863 	 2 
90.3024 	 2 
90.4301 	 2 
90.5578 	 2 
90.6739 	 2 
90.7900 	 2 
90.9061 	 2 
91.0338 	 2 
91.1499 	 2 
91.2660 	 2 
91.2776 	 1 
91.3937 	 2 
91.5098 	 2 
91.6376 	 2 
91.7537 	 2 
91.8814 	 2 
91.9975 	 2 
92.1136 	 1 
92.2413 	 2 
92.4851 	 2 
92.6012 	 2 
92.7405 	 2 
92.8566 	 2 
92.9611 	 2 
93.2165 	 2 
93.3326 	 2 
93.4487 	 2 
93.5648 	 2 
93.6925 	 2 
93.9363 	 2 
94.1685 	 2 
94.4123 	 2 
94.6678 	 2 
94.7839 	 2 
94.9000 	 2 
95.1438 	 2 
95.3876 	 2 
95.6314 	 2 
95.7591 	 2 
95.8752 	 2 
96.0029 	 2 
96.1190 	 2 
96.2467 	 2 
96.3512 	 2 
96.3512 	 1 
96.4789 	 2 
96.5950 	 2 
96.7227 	 2 
96.8388 	 2 
97.0710 	 2 
97.3148 	 2 
97.5586 	 2 
97.6863 	 2 
97.8024 	 2 
98.0463 	 2 
98.2901 	 2 
98.5339 	 2 
98.6616 	 2 
98.7777 	 2 
98.9054 	 2 
99.0215 	 2 
99.1492 	 2 
99.2653 	 2 
99.3814 	 2 
99.4975 	 2 
99.6252 	 2 
99.7413 	 2 
99.8574 	 2 
99.9851 	 2 
100.2289 	 2 
100.4727 	 2 
100.6005 	 2 
100.7166 	 2 
100.8327 	 2 
100.9488 	 2 
101.0765 	 2 
101.1926 	 2 
101.3203 	 2 
101.4364 	 2 
101.5641 	 2 
101.6802 	 2 
101.8079 	 2 
101.9240 	 2 
102.0401 	 2 
102.1562 	 2 
102.4000 	 1 
102.4000 	 2 
102.5393 	 2 
102.6438 	 1 
102.6554 	 2 
102.7715 	 1 
102.7715 	 2 
102.8876 	 1 
102.8876 	 2 
103.0037 	 2 
103.1314 	 2 
103.2475 	 2 
103.3636 	 2 
103.4913 	 2 
103.6074 	 2 
103.7351 	 2 
103.8512 	 2 
103.9790 	 2 
104.0951 	 2 
104.2228 	 2 
104.3389 	 2 
104.4666 	 2 
104.5711 	 2 
104.5711 	 1 
104.6988 	 2 
104.8149 	 1 
104.8149 	 2 
104.8265 	 0 
104.9310 	 1 
104.9310 	 2 
105.0587 	 2 
105.1864 	 2 
105.3025 	 1 
105.3025 	 2 
105.3025 	 0 
105.4186 	 2 
105.4302 	 0 
105.5347 	 2 
105.5463 	 0 
105.5463 	 1 
105.7901 	 0 
105.7901 	 2 
105.7901 	 1 
106.0339 	 2 
106.1500 	 2 
106.2777 	 0 
106.2777 	 2 
106.2777 	 1 
106.3938 	 2 
106.5099 	 2 
106.7537 	 2 
106.7537 	 0 
106.7654 	 1 
107.0208 	 2 
107.1253 	 2 
107.2414 	 2 
107.2414 	 0 
107.2414 	 1 
107.4968 	 2 
107.7290 	 2 
107.7290 	 0 
107.7290 	 1 
107.9728 	 2 
108.0889 	 2 
108.2050 	 2 
108.2050 	 1 
108.2050 	 0 
108.4604 	 2 
108.5649 	 2 
108.6926 	 1 
108.6926 	 2 
108.6926 	 0 
108.9480 	 2 
109.1686 	 1 
109.1802 	 0 
109.1802 	 2 
109.4240 	 2 
109.6562 	 0 
109.6562 	 1 
109.6562 	 2 
109.9117 	 2 
110.0161 	 2 
110.1439 	 1 
110.1439 	 2 
110.1439 	 0 
110.3993 	 2 
110.6315 	 2 
110.6315 	 0 
110.6315 	 1 
110.8869 	 2 
111.1075 	 2 
111.1075 	 1 
111.1075 	 0 
111.3629 	 2 
111.4790 	 2 
111.5951 	 2 
111.5951 	 1 
111.5951 	 0 
111.8389 	 2 
112.0827 	 2 
112.0827 	 1 
112.0827 	 0 
112.3265 	 2 
112.4542 	 2 
112.5587 	 2 
112.5587 	 1 
112.5587 	 0 
112.6980 	 2 
112.8141 	 2 
112.9302 	 2 
113.0463 	 0 
113.0463 	 2 
113.0463 	 1 
113.2902 	 2 
113.5340 	 2 
113.5340 	 0 
113.5340 	 1 
113.7894 	 2 
114.0100 	 1 
114.0216 	 2 
114.0216 	 0 
114.2654 	 2 
114.4976 	 2 
114.4976 	 0 
114.4976 	 1 
114.9852 	 2 
114.9852 	 0 
114.9852 	 1 
115.2406 	 2 
115.4612 	 2 
115.4612 	 1 
115.4612 	 0 
115.7166 	 2 
115.9488 	 1 
115.9488 	 0 
115.9488 	 2 
116.0882 	 2 
116.1114 	 1 
116.2043 	 2 
116.3088 	 2 
116.4365 	 0 
116.4365 	 1 
116.4365 	 2 
116.9125 	 0 
116.9241 	 2 
116.9241 	 1 
117.1679 	 2 
117.2724 	 2 
117.4001 	 2 
117.4001 	 0 
117.4001 	 1 
117.6555 	 2 
117.7716 	 2 
117.8877 	 0 
117.8877 	 2 
117.8877 	 1 
118.1315 	 2 
118.3637 	 1 
118.3753 	 0 
118.3753 	 2 
118.6191 	 2 
118.8513 	 2 
118.8513 	 0 
118.8629 	 1 
118.9674 	 1 
118.9674 	 2 
119.0951 	 2 
119.3390 	 1 
119.3390 	 0 
119.3390 	 2 
119.4667 	 2 
119.5828 	 2 
119.6989 	 2 
119.8150 	 2 
119.8150 	 1 
119.9427 	 2 
120.0588 	 2 
120.1865 	 2 
120.3026 	 2 
120.3026 	 1 
120.3026 	 0 
120.4883 	 2 
120.5348 	 2 
120.7786 	 2 
120.7786 	 1 
120.7786 	 0 
121.0224 	 1 
121.0224 	 0 
121.0340 	 2 
121.2662 	 1 
121.2662 	 0 
121.2662 	 2 
121.4984 	 1 
121.5100 	 0 
121.7422 	 1 
121.7422 	 2 
121.9860 	 1 
121.9860 	 2 
122.2298 	 2 
122.2415 	 1 
122.4737 	 2 
122.4853 	 1 
122.7291 	 0 
122.7291 	 1 
122.7291 	 2 
122.9613 	 0 
122.9613 	 2 
122.9613 	 1 
123.1935 	 2 
123.1935 	 1 
123.2051 	 0 
123.4489 	 2 
123.4489 	 1 
123.4489 	 0 
123.6811 	 2 
123.9249 	 1 
123.9249 	 0 
123.9249 	 2 
124.1687 	 0 
124.1687 	 1 
124.1687 	 2 
124.4590 	 2 
124.6563 	 2 
124.7956 	 2 
124.9001 	 2 
124.9001 	 0 
124.9001 	 1 
125.1323 	 0 
125.1439 	 2 
125.1439 	 1 
125.4458 	 1 
125.4458 	 2 
125.6316 	 0 
125.6316 	 1 
125.6316 	 2 
125.7593 	 2 
125.7593 	 1 
125.8638 	 1 
125.8754 	 2 
126.1076 	 1 
126.1192 	 2 
126.3514 	 2 
126.3514 	 0 
126.3514 	 1 
126.4791 	 2 
126.5952 	 1 
126.5952 	 2 
126.5952 	 0 
126.8390 	 2 
126.8390 	 1 
126.8738 	 1 
127.0712 	 2 
127.0712 	 0 
127.0828 	 1 
127.3150 	 0 
127.3266 	 2 
127.3266 	 1 
127.4427 	 2 
127.5588 	 2 
127.5704 	 1 
127.6865 	 2 
127.8026 	 1 
127.8026 	 2 
127.8026 	 0 
128.0464 	 0 
128.0580 	 2 
128.5108 	 2 
128.7663 	 0 
128.7663 	 1 
128.7663 	 2 
129.0101 	 0 
129.0101 	 2 
129.0217 	 1 
129.2539 	 2 
129.4861 	 2 
129.7183 	 1 
129.7299 	 2 
129.9737 	 2 
129.9737 	 1 
129.9737 	 0 
130.2175 	 0 
130.2175 	 2 
130.2175 	 1 
130.4613 	 1 
130.4613 	 0 
130.4729 	 2 
130.6935 	 0 
130.7051 	 1 
130.7051 	 2 
130.9489 	 1 
130.9489 	 0 
130.9489 	 2 
131.1927 	 1 
131.1927 	 0 
131.1927 	 2 
131.3088 	 0 
131.3205 	 2 
131.3205 	 1 
131.4366 	 2 
131.6688 	 1 
131.6804 	 0 
131.6804 	 2 
131.9126 	 0 
131.9126 	 1 
131.9242 	 2 
132.0403 	 2 
132.1564 	 2 
132.1564 	 0 
132.1564 	 1 
132.2725 	 1 
132.2841 	 2 
132.5163 	 1 
132.5163 	 2 
132.6440 	 1 
132.6440 	 2 
132.6440 	 0 
132.8762 	 1 
132.8762 	 0 
132.8762 	 2 
133.1200 	 2 
133.1200 	 1 
133.1200 	 0 
133.3638 	 1 
133.3638 	 0 
133.3638 	 2 
133.4799 	 1 
133.4799 	 0 
133.4915 	 2 
133.6076 	 0 
133.6076 	 1 
133.6076 	 2 
133.8514 	 0 
133.8514 	 1 
133.8514 	 2 
134.0140 	 2 
134.1649 	 1 
134.1765 	 2 
134.3274 	 0 
134.3274 	 2 
134.3390 	 1 
134.5712 	 1 
134.5712 	 0 
134.5712 	 2 
134.8151 	 2 
134.8151 	 1 
134.8267 	 0 
135.0589 	 0 
135.0589 	 2 
135.0705 	 1 
135.2911 	 2 
135.3027 	 1 
135.3027 	 0 
135.4304 	 1 
135.5465 	 1 
135.5465 	 2 
135.6742 	 2 
135.6742 	 1 
135.7903 	 2 
135.7903 	 0 
135.7903 	 1 
136.0225 	 2 
136.0341 	 1 
136.2663 	 2 
136.2779 	 1 
136.5101 	 0 
136.5101 	 1 
136.5101 	 2 
136.7423 	 1 
136.7539 	 2 
136.7539 	 0 
136.9861 	 1 
136.9861 	 2 
137.2299 	 0 
137.2299 	 2 
137.2415 	 1 
137.4737 	 2 
137.4854 	 1 
137.4854 	 0 
137.7176 	 1 
137.7176 	 2 
137.9614 	 2 
137.9614 	 0 
137.9614 	 1 
138.2052 	 1 
138.2052 	 2 
138.2052 	 0 
138.4374 	 0 
138.4374 	 1 
138.4490 	 2 
138.6928 	 1 
138.6928 	 0 
138.6928 	 2 
138.9366 	 2 
138.9366 	 1 
138.9366 	 0 
139.1688 	 0 
139.1688 	 1 
139.1804 	 2 
139.2849 	 1 
139.2965 	 2 
139.4126 	 1 
139.4126 	 2 
139.4242 	 0 
139.6564 	 0 
139.6564 	 2 
139.6564 	 1 
139.9002 	 2 
139.9118 	 1 
140.0279 	 2 
140.1324 	 2 
140.2834 	 2 
140.3066 	 1 
140.3762 	 1 
140.3878 	 0 
140.3878 	 2 
140.4691 	 1 
140.4691 	 0 
140.4691 	 2 
140.6200 	 2 
140.6200 	 0 
140.6200 	 1 
140.9335 	 2 
141.1077 	 1 
141.1077 	 0 
141.1193 	 2 
141.2586 	 1 
141.2586 	 2 
141.2702 	 0 
141.4327 	 1 
141.4444 	 2 
141.5837 	 0 
141.5837 	 1 
141.5953 	 2 
141.7230 	 2 
141.8391 	 1 
141.8391 	 2 
141.8391 	 0 
141.9552 	 2 
142.0829 	 0 
142.0829 	 1 
142.0829 	 2 
142.3151 	 0 
142.3151 	 1 
142.3151 	 2 
142.5589 	 0 
142.5589 	 1 
142.5705 	 2 
142.8027 	 2 
142.8027 	 1 
142.8027 	 0 
143.0465 	 2 
143.1742 	 2 
143.2903 	 0 
143.2903 	 1 
143.2903 	 2 
143.5225 	 2 
143.5341 	 1 
143.5341 	 0 
143.6502 	 2 
143.7663 	 2 
143.7780 	 1 
144.0102 	 1 
144.0102 	 2 
144.2540 	 1 
144.2540 	 2 
144.2540 	 0 
144.4862 	 0 
144.4978 	 2 
144.4978 	 1 
144.7300 	 0 
144.7300 	 1 
144.7300 	 2 
144.9738 	 0 
144.9738 	 2 
144.9854 	 1 
145.2292 	 0 
145.2292 	 1 
145.2292 	 2 
145.4614 	 1 
145.4614 	 2 
145.7052 	 1 
145.7052 	 0 
145.7052 	 2 
145.9490 	 1 
145.9490 	 2 
145.9490 	 0 
146.1812 	 2 
146.1812 	 0 
146.1812 	 1 
146.4366 	 2 
146.4366 	 1 
146.4366 	 0 
146.5527 	 1 
146.6688 	 1 
146.6688 	 0 
146.6805 	 2 
146.7966 	 0 
146.7966 	 1 
146.7966 	 2 
146.9127 	 2 
146.9127 	 0 
146.9127 	 1 
147.0288 	 1 
147.0288 	 0 
147.0288 	 2 
147.1565 	 2 
147.1565 	 0 
147.1565 	 1 
147.4003 	 2 
147.4003 	 0 
147.4003 	 1 
148.0040 	 2 
148.1201 	 1 
148.1317 	 2 
148.1317 	 0 
148.3639 	 1 
148.3639 	 2 
149.3275 	 2 
149.3391 	 1 
149.5713 	 1 
149.5713 	 2 
149.8151 	 0 
149.8268 	 1 
149.8268 	 2 
150.0590 	 2 
150.0590 	 0 
150.0706 	 1 
150.2912 	 0 
150.3028 	 2 
150.3028 	 1 
150.5466 	 2 
150.5466 	 1 
150.5466 	 0 
150.9065 	 2 
151.0226 	 2 
151.0226 	 0 
151.0226 	 1 
151.2664 	 0 
151.2780 	 2 
151.2780 	 1 
151.4057 	 2 
151.5450 	 2 
151.9978 	 2 
151.9978 	 0 
151.9978 	 1 
152.2416 	 1 
152.2416 	 2 
152.7176 	 1 
152.7293 	 0 
152.7293 	 2 
152.8686 	 2 
153.1820 	 1 
153.1937 	 2 
153.4491 	 2 
153.4491 	 1 
153.4491 	 0 
153.5768 	 2 
153.5768 	 1 
153.6929 	 2 
153.6929 	 1 
153.8322 	 2 
154.1224 	 1 
154.1689 	 2 
154.4127 	 2 
154.4127 	 1 
154.4243 	 0 
154.5520 	 1 
154.9003 	 2 
154.9003 	 0 
154.9003 	 1 
155.1441 	 2 
155.1441 	 0 
155.1557 	 1 
155.4228 	 1 
155.4344 	 2 
155.6434 	 2 
155.8639 	 0 
155.8639 	 1 
155.8756 	 2 
156.1194 	 2 
156.5257 	 2 
157.0830 	 1 
157.0830 	 2 
157.5590 	 1 
157.5706 	 2 
157.6983 	 2 
158.0466 	 0 
158.0466 	 2 
158.0466 	 1 
158.4065 	 1 
158.4065 	 2 
158.5575 	 2 
158.7664 	 2 
158.7664 	 0 
158.7780 	 1 
159.0102 	 0 
159.0102 	 1 
159.0219 	 2 
159.1612 	 2 
159.5907 	 2 
159.7301 	 0 
159.7301 	 1 
159.7417 	 2 
159.8810 	 2 
159.9739 	 2 
160.2409 	 2 
160.4615 	 0 
160.4615 	 2 
160.4731 	 1 
160.6008 	 2 
160.9491 	 0 
160.9491 	 1 
160.9491 	 2 
161.2510 	 1 
161.2742 	 2 
161.5064 	 1 
161.9127 	 0 
161.9127 	 1 
161.9127 	 2 
162.3075 	 2 
162.5397 	 2 
162.8764 	 1 
162.8880 	 2 
162.8880 	 0 
163.1898 	 1 
163.2131 	 2 
163.6078 	 2 
163.6078 	 1 
163.6078 	 0 
163.8516 	 1 
163.8516 	 2 
164.8152 	 1 
164.8152 	 2 
165.1171 	 2 
165.3029 	 1 
165.3029 	 2 
165.3029 	 0 
165.4422 	 2 
165.7905 	 1 
165.7905 	 2 
166.0343 	 0 
166.0343 	 2 
166.0343 	 1 
166.1504 	 2 
166.2897 	 2 
166.5103 	 2 
166.7541 	 1 
166.7541 	 0 
166.7657 	 2 
167.2417 	 0 
167.2417 	 2 
167.2417 	 1 
167.7177 	 0 
167.7293 	 2 
167.7293 	 1 
168.2054 	 2 
168.2054 	 1 
168.2054 	 0 
168.6930 	 0 
168.6930 	 2 
168.6930 	 1 
169.1806 	 1 
169.1806 	 2 
169.1806 	 0 
169.6566 	 1 
169.6566 	 0 
169.6566 	 2 
170.1442 	 0 
170.1442 	 2 
170.1442 	 1 
170.6318 	 0 
170.6318 	 1 
170.6318 	 2 
171.1078 	 0 
171.1078 	 1 
171.1078 	 2 
171.5955 	 2 
171.5955 	 1 
171.5955 	 0 
172.0831 	 1 
172.0831 	 2 
172.0831 	 0 
172.5591 	 1 
172.5707 	 2 
172.5707 	 0 
173.0467 	 2 
173.0467 	 1 
173.0467 	 0 
173.5343 	 1 
173.5343 	 0 
173.5343 	 2 
173.7665 	 1 
174.0103 	 1 
174.0103 	 0 
174.0220 	 2 
174.4980 	 1 
174.4980 	 0 
174.4980 	 2 
174.7069 	 2 
174.9856 	 1 
174.9856 	 0 
174.9856 	 2 
175.4732 	 0 
175.4732 	 2 
175.4732 	 1 
175.9492 	 2 
175.9492 	 0 
175.9492 	 1 
176.4368 	 2 
176.4368 	 0 
176.4368 	 1 
176.9128 	 2 
176.9128 	 0 
176.9128 	 1 
177.4005 	 1 
177.4005 	 2 
177.4005 	 0 
177.8881 	 0 
177.8881 	 2 
177.8881 	 1 
178.3641 	 1 
178.3757 	 2 
178.3757 	 0 
178.8517 	 2 
178.8517 	 1 
178.8517 	 0 
179.3393 	 0 
179.3393 	 2 
179.3393 	 1 
179.8153 	 0 
179.8153 	 1 
179.8269 	 2 
180.3029 	 2 
180.3029 	 1 
180.3146 	 0 
180.7906 	 0 
180.7906 	 1 
180.7906 	 2 
181.2666 	 1 
181.2782 	 0 
181.2782 	 2 
181.7542 	 0 
181.7542 	 1 
181.7658 	 2 
182.2418 	 0 
182.2418 	 2 
182.2418 	 1 
182.7178 	 0 
182.7178 	 1 
182.7294 	 2 
183.2054 	 1 
183.2171 	 2 
183.2171 	 0 
183.6931 	 0 
183.6931 	 1 
183.6931 	 2 
184.1691 	 1 
184.1807 	 2 
184.1807 	 0 
184.6567 	 1 
184.6567 	 0 
184.6567 	 2 
185.1443 	 2 
185.1443 	 1 
185.1443 	 0 
185.3881 	 1 
185.6203 	 2 
185.6203 	 1 
185.6319 	 0 
186.1079 	 2 
186.1195 	 1 
186.1195 	 0 
186.3517 	 0 
186.3517 	 1 
186.3517 	 2 
186.5956 	 1 
186.5956 	 2 
186.5956 	 0 
187.0716 	 2 
187.0832 	 1 
187.3502 	 2 
188.0468 	 2 
188.0468 	 1 
189.0104 	 2 
189.0220 	 1 
189.2659 	 2 
189.9857 	 0 
189.9857 	 1 
189.9857 	 2 
190.2179 	 2 
190.2179 	 0 
190.2295 	 1 
190.4617 	 1 
190.4617 	 0 
190.4733 	 2 
190.9493 	 2 
190.9493 	 1 
191.6923 	 1 
191.6923 	 2 
191.8084 	 2 
191.8084 	 1 
191.9129 	 1 
191.9245 	 2 
192.4122 	 2 
192.6676 	 2 
192.8766 	 1 
192.8882 	 2 
193.8518 	 1 
193.8518 	 2 
193.8634 	 0 
194.0956 	 1 
194.0956 	 0 
194.0956 	 2 
194.3394 	 0 
194.3394 	 1 
194.3394 	 2 
194.8154 	 2 
194.8270 	 1 
195.7790 	 2 
195.7907 	 1 
196.2783 	 2 
196.4060 	 2 
196.5221 	 2 
196.6382 	 2 
196.7543 	 2 
196.7543 	 1 
196.9981 	 2 
196.9981 	 1 
197.2419 	 2 
197.2419 	 1 
197.3696 	 2 
197.4857 	 1 
197.7295 	 2 
197.7295 	 0 
197.7295 	 1 
197.9617 	 0 
197.9617 	 2 
197.9733 	 1 
198.2055 	 0 
198.2055 	 1 
198.2171 	 2 
198.6815 	 2 
199.6568 	 2 
199.9122 	 2 
200.0283 	 2 
200.1328 	 1 
200.1444 	 2 
200.2721 	 2 
200.3998 	 2 
200.6204 	 2 
200.8642 	 2 
201.1080 	 1 
201.1196 	 2 
201.3518 	 1 
201.3634 	 2 
201.5956 	 2 
201.5956 	 0 
201.5956 	 1 
201.7698 	 1 
201.8395 	 0 
201.8395 	 1 
201.8395 	 2 
202.0833 	 2 
202.0833 	 1 
202.0833 	 0 
202.3155 	 1 
202.3155 	 2 
202.5477 	 1 
202.5593 	 2 
202.5593 	 0 
202.8031 	 2 
203.0353 	 2 
203.2791 	 1 
203.2791 	 0 
203.2907 	 2 
203.5229 	 0 
203.5229 	 2 
203.5345 	 1 
203.7087 	 2 
203.7783 	 2 
203.9525 	 2 
204.0105 	 2 
204.2427 	 1 
204.2543 	 0 
204.2543 	 2 
204.4865 	 1 
204.4981 	 2 
204.4981 	 0 
204.7303 	 2 
204.7420 	 1 
204.9741 	 2 
204.9741 	 1 
205.2180 	 2 
205.3341 	 2 
205.4618 	 2 
205.4618 	 1 
205.4618 	 0 
205.6475 	 2 
205.7056 	 2 
205.7056 	 0 
205.7172 	 1 
205.8333 	 2 
205.8913 	 2 
205.9494 	 0 
205.9494 	 2 
205.9494 	 1 
206.0887 	 1 
206.0887 	 2 
206.2629 	 2 
206.4254 	 1 
206.4254 	 2 
206.4370 	 0 
206.7389 	 2 
206.9130 	 2 
207.0639 	 2 
207.1568 	 1 
207.1568 	 0 
207.1568 	 2 
207.4006 	 2 
207.4006 	 1 
207.4006 	 0 
207.6793 	 1 
207.6909 	 2 
207.8883 	 2 
208.0392 	 2 
208.1437 	 2 
208.2017 	 2 
208.3643 	 0 
208.3643 	 1 
208.3643 	 2 
208.8519 	 2 
208.9796 	 2 
209.0376 	 2 
209.3395 	 0 
209.3395 	 1 
209.3395 	 2 
209.4672 	 2 
209.5717 	 0 
209.5833 	 1 
209.5833 	 2 
209.8155 	 0 
209.8155 	 1 
209.8271 	 2 
210.0593 	 2 
210.2799 	 2 
210.2915 	 0 
210.2915 	 1 
210.5469 	 2 
210.7675 	 2 
211.0229 	 0 
211.0229 	 2 
211.0229 	 1 
211.2668 	 1 
211.2668 	 2 
211.2668 	 0 
211.5106 	 2 
211.7544 	 2 
211.9866 	 1 
211.9866 	 2 
212.2304 	 1 
212.2304 	 0 
212.2304 	 2 
212.4742 	 1 
212.4742 	 0 
212.4742 	 2 
212.7180 	 1 
212.7180 	 2 
212.9618 	 2 
213.0779 	 2 
213.2056 	 1 
213.2056 	 0 
213.2056 	 2 
213.3333 	 2 
213.4494 	 2 
213.4494 	 1 
213.4494 	 0 
213.6932 	 1 
213.6932 	 0 
213.6932 	 2 
213.8442 	 2 
213.8442 	 1 
214.0067 	 2 
214.1693 	 1 
214.1693 	 0 
214.1693 	 2 
214.4131 	 0 
214.4131 	 2 
214.4131 	 1 
214.6569 	 2 
214.6569 	 1 
214.8891 	 2 
214.8891 	 1 
214.9703 	 2 
215.1329 	 1 
215.1445 	 2 
215.3767 	 2 
215.6205 	 2 
215.6205 	 1 
215.7250 	 1 
215.7366 	 2 
215.8643 	 1 
215.8643 	 2 
216.1081 	 0 
216.1081 	 1 
216.1081 	 2 
216.3519 	 1 
216.3519 	 2 
216.4680 	 2 
216.4796 	 1 
216.4796 	 0 
216.5841 	 2 
216.5957 	 0 
216.5957 	 1 
216.7234 	 2 
216.7815 	 2 
216.8395 	 1 
216.8395 	 0 
216.8395 	 2 
217.0137 	 2 
217.0834 	 2 
217.5710 	 2 
218.0470 	 2 
218.0586 	 1 
218.7784 	 2 
219.0106 	 1 
219.0106 	 2 
219.2893 	 2 
219.5215 	 2 
219.7420 	 2 
219.9742 	 2 
219.9742 	 1 
220.5663 	 2 
220.5896 	 2 
220.7173 	 1 
220.7173 	 2 
220.9495 	 1 
220.9495 	 2 
221.2629 	 2 
221.9131 	 2 
221.9131 	 1 
222.1801 	 1 
222.4239 	 2 
222.6561 	 2 
222.8767 	 2 
222.8883 	 1 
223.8520 	 1 
223.8520 	 2 
224.5950 	 2 
224.8156 	 2 
224.8156 	 1 
225.1175 	 2 
225.5470 	 2 
225.7792 	 2 
226.0811 	 2 
226.4990 	 2 
226.7545 	 2 
226.7545 	 1 
227.0215 	 1 
227.2537 	 2 
227.4975 	 2 
227.7181 	 2 
227.7181 	 1 
228.0200 	 2 
228.4611 	 2 
228.6817 	 2 
228.6817 	 1 
229.0068 	 2 
229.6570 	 2 
229.9008 	 2 
230.4000 	 2 
230.6206 	 2 
230.6322 	 1 
232.1995 	 2 
232.2924 	 2 
232.5595 	 2 
232.8149 	 2 
232.8149 	 1 
233.0587 	 2 
233.2909 	 2 
233.5347 	 2 
233.7901 	 2 
234.7537 	 2 
235.9612 	 2 
236.2050 	 2 
236.4488 	 2 
236.6810 	 1 
236.6926 	 2 
237.4124 	 2 
237.6562 	 1 
237.6678 	 2 
237.9000 	 1 
238.1439 	 2 
238.3877 	 2 
238.8753 	 1 
239.0959 	 1 
239.1075 	 2 
239.3513 	 1 
239.5835 	 1 
239.5835 	 2 
239.8273 	 1 
240.0711 	 1 
240.3149 	 1 
240.5471 	 1 
240.5703 	 2 
240.7909 	 1 
240.7909 	 2 
241.0347 	 2 
241.2785 	 2 
241.5340 	 2 
241.5340 	 1 
241.7662 	 1 
241.7662 	 2 
241.8939 	 2 
242.0100 	 2 
242.0216 	 1 
242.1377 	 2 
242.2538 	 1 
242.2538 	 2 
242.4976 	 1 
242.4976 	 2 
242.6137 	 2 
242.7414 	 2 
242.7414 	 1 
242.8807 	 2 
242.9852 	 1 
242.9852 	 2 
243.1129 	 2 
243.2174 	 2 
243.2174 	 1 
243.4612 	 2 
243.4728 	 1 
243.5309 	 2 
243.7050 	 1 
243.7050 	 2 
243.8095 	 2 
243.9372 	 2 
243.9372 	 1 
244.1694 	 1 
244.1810 	 2 
245.1447 	 2 
245.1563 	 1 
246.1199 	 2 
246.1199 	 1 
247.0835 	 2 
247.0951 	 1 
248.0472 	 2 
248.0588 	 1 
248.9063 	 1 
249.0224 	 2 
249.0340 	 1 
249.9860 	 2 
249.9976 	 1 
250.9497 	 2 
250.9613 	 1 
251.5650 	 1 
251.9249 	 1 
251.9249 	 2 
