0.2670 	 0 
0.2670 	 1 
0.2670 	 2 
0.7430 	 2 
0.7430 	 0 
0.7430 	 1 
1.2074 	 2 
1.2190 	 1 
1.2190 	 0 
1.6951 	 1 
1.6951 	 2 
1.6951 	 0 
2.1711 	 1 
2.1711 	 0 
2.1711 	 2 
2.6471 	 2 
2.6471 	 1 
2.6471 	 0 
3.1231 	 0 
3.1231 	 1 
3.1231 	 2 
3.4714 	 2 
3.4714 	 1 
3.5991 	 0 
3.5991 	 1 
3.5991 	 2 
4.0751 	 1 
4.0751 	 0 
4.0751 	 2 
4.5511 	 1 
4.5511 	 0 
4.5511 	 2 
5.0271 	 1 
5.0271 	 0 
5.0271 	 2 
5.5031 	 2 
5.5031 	 1 
5.5031 	 0 
5.9791 	 1 
5.9791 	 0 
5.9791 	 2 
6.4551 	 0 
6.4551 	 2 
6.4551 	 1 
6.9312 	 1 
6.9312 	 2 
6.9312 	 0 
7.2795 	 1 
7.4072 	 0 
7.4072 	 2 
7.4072 	 1 
7.8832 	 0 
7.8832 	 2 
7.8832 	 1 
8.3592 	 1 
8.3592 	 2 
8.3592 	 0 
8.8352 	 1 
8.8352 	 2 
8.8352 	 0 
9.3112 	 2 
9.3112 	 1 
9.3112 	 0 
9.5434 	 2 
9.5434 	 0 
9.5434 	 1 
9.7872 	 1 
9.7872 	 2 
9.7872 	 0 
10.2632 	 1 
10.2632 	 0 
10.2632 	 2 
10.7392 	 1 
10.7392 	 2 
10.7392 	 0 
11.0875 	 1 
11.0875 	 2 
11.2152 	 1 
11.2152 	 0 
11.2268 	 2 
11.4474 	 2 
11.4590 	 1 
11.4590 	 0 
11.6912 	 2 
11.6912 	 0 
11.6912 	 1 
12.1673 	 0 
12.1673 	 2 
12.1673 	 1 
12.6433 	 1 
12.6433 	 2 
12.6433 	 0 
13.1193 	 2 
13.1309 	 1 
13.1309 	 0 
13.3515 	 1 
13.3631 	 2 
13.3631 	 0 
15.4993 	 2 
15.4993 	 0 
15.5109 	 1 
15.8708 	 2 
15.9753 	 0 
15.9753 	 2 
15.9869 	 1 
16.4513 	 2 
16.4629 	 0 
16.4629 	 1 
16.8112 	 2 
16.9273 	 2 
16.9390 	 1 
16.9390 	 0 
17.1595 	 2 
17.4034 	 2 
17.4034 	 0 
17.4150 	 1 
17.7865 	 2 
17.8794 	 0 
17.8794 	 2 
17.8910 	 1 
18.3554 	 2 
18.3670 	 1 
18.3670 	 0 
18.7153 	 2 
18.7153 	 1 
18.8314 	 2 
18.8430 	 0 
18.8430 	 1 
19.0520 	 1 
19.0636 	 2 
19.3074 	 0 
19.3074 	 2 
19.3190 	 1 
19.6905 	 2 
19.7834 	 2 
19.7950 	 0 
19.7950 	 1 
20.2594 	 2 
20.2710 	 0 
20.2710 	 1 
20.6193 	 2 
20.7354 	 0 
20.7354 	 2 
20.7470 	 1 
20.9560 	 2 
21.2114 	 0 
21.2230 	 2 
21.2230 	 1 
21.5946 	 2 
21.6874 	 2 
21.6990 	 0 
21.6990 	 1 
22.1634 	 2 
22.1751 	 1 
22.1751 	 0 
22.5234 	 1 
22.5350 	 2 
22.6395 	 0 
22.6395 	 2 
22.6511 	 1 
22.8600 	 1 
22.8717 	 2 
23.1271 	 1 
23.1271 	 2 
23.1271 	 0 
23.4870 	 2 
23.5915 	 2 
23.6031 	 1 
23.6031 	 0 
24.0675 	 2 
24.0791 	 1 
24.0791 	 0 
24.4274 	 2 
24.5435 	 2 
24.5551 	 1 
24.5551 	 0 
24.7757 	 1 
24.7757 	 2 
25.0311 	 0 
25.0311 	 1 
25.0311 	 2 
25.4026 	 2 
25.4955 	 2 
25.5071 	 0 
25.5071 	 1 
25.9831 	 1 
25.9831 	 0 
25.9831 	 2 
26.3314 	 1 
26.3314 	 2 
26.4475 	 2 
26.4591 	 1 
26.4591 	 0 
26.6797 	 2 
26.9351 	 1 
26.9351 	 0 
26.9351 	 2 
27.3067 	 2 
27.3995 	 2 
27.4112 	 1 
27.4112 	 0 
27.8756 	 2 
27.8872 	 1 
27.8872 	 0 
28.2355 	 2 
28.3516 	 2 
28.3632 	 0 
28.3632 	 1 
28.5838 	 1 
28.8276 	 2 
29.2920 	 2 
29.2920 	 1 
29.6519 	 1 
29.6635 	 2 
30.7432 	 1 
30.7432 	 2 
30.7432 	 0 
30.8593 	 2 
30.8593 	 1 
30.9638 	 0 
30.9638 	 1 
30.9754 	 2 
31.0915 	 2 
31.2192 	 0 
31.2192 	 2 
31.2192 	 1 
31.3237 	 2 
31.3353 	 1 
31.4398 	 0 
31.4398 	 1 
31.4514 	 2 
31.5675 	 1 
31.5791 	 2 
31.6836 	 1 
31.6952 	 0 
31.6952 	 2 
31.9158 	 1 
31.9158 	 0 
31.9274 	 2 
32.0435 	 2 
32.1596 	 1 
32.1712 	 2 
32.1712 	 0 
32.4034 	 1 
32.4034 	 2 
32.4034 	 0 
32.5195 	 2 
32.6473 	 0 
32.6473 	 2 
32.6473 	 1 
32.8795 	 2 
32.8795 	 1 
32.8795 	 0 
33.0072 	 2 
33.1117 	 1 
33.1233 	 2 
33.1233 	 0 
33.2394 	 2 
33.2394 	 1 
33.3439 	 0 
33.3555 	 1 
33.3555 	 2 
33.4716 	 1 
33.4832 	 2 
33.5993 	 1 
33.5993 	 0 
33.5993 	 2 
33.8199 	 0 
33.8315 	 1 
33.8315 	 2 
33.9476 	 1 
33.9592 	 2 
34.0637 	 0 
34.0637 	 1 
34.0753 	 2 
34.3075 	 0 
34.3075 	 2 
34.3075 	 1 
34.4236 	 2 
34.5513 	 2 
34.5513 	 0 
34.5513 	 1 
34.7835 	 2 
34.7835 	 1 
34.7835 	 0 
34.9112 	 2 
35.0273 	 1 
35.0273 	 0 
35.0273 	 2 
35.1434 	 1 
35.1434 	 2 
35.2595 	 2 
35.2595 	 1 
35.2595 	 0 
35.3756 	 1 
35.3872 	 2 
35.5033 	 0 
35.5033 	 2 
35.5033 	 1 
35.7239 	 0 
35.7355 	 1 
35.7355 	 2 
35.8632 	 2 
35.9677 	 1 
35.9793 	 2 
35.9793 	 0 
36.2115 	 1 
36.2115 	 2 
36.2115 	 0 
36.3276 	 2 
36.4553 	 0 
36.4553 	 1 
36.4553 	 2 
36.6875 	 0 
36.6875 	 1 
36.6875 	 2 
36.9313 	 0 
36.9313 	 1 
36.9313 	 2 
37.0590 	 1 
37.1635 	 2 
37.1635 	 1 
37.1635 	 0 
37.2912 	 1 
37.2912 	 2 
37.4073 	 1 
37.4073 	 2 
37.4073 	 0 
37.6279 	 0 
37.6395 	 1 
37.6512 	 2 
37.7673 	 1 
37.7905 	 2 
37.8137 	 1 
37.8834 	 1 
37.8834 	 0 
37.8834 	 2 
38.1156 	 1 
38.1156 	 0 
38.1156 	 2 
38.2433 	 2 
38.3594 	 0 
38.3594 	 2 
38.3594 	 1 
38.5916 	 0 
38.5916 	 1 
38.6032 	 2 
38.7193 	 2 
38.8354 	 1 
38.8354 	 2 
38.8354 	 0 
38.9515 	 2 
38.9515 	 1 
39.0676 	 0 
39.0676 	 1 
39.0792 	 2 
39.1953 	 2 
39.1953 	 1 
39.3114 	 0 
39.3114 	 2 
39.3114 	 1 
39.5436 	 0 
39.5436 	 1 
39.5552 	 2 
39.6713 	 2 
39.7874 	 2 
39.7874 	 1 
39.7874 	 0 
40.0196 	 1 
40.0196 	 2 
40.0312 	 0 
40.1473 	 2 
40.2634 	 2 
40.2634 	 1 
40.2634 	 0 
40.4956 	 0 
40.4956 	 1 
40.4956 	 2 
40.7394 	 0 
40.7394 	 1 
40.7394 	 2 
40.9716 	 1 
40.9716 	 2 
40.9716 	 0 
41.0993 	 1 
41.0993 	 2 
41.2154 	 0 
41.2154 	 2 
41.2154 	 1 
41.4476 	 1 
41.4476 	 0 
41.4592 	 2 
41.5753 	 2 
41.5753 	 1 
41.6914 	 2 
41.6914 	 0 
41.6914 	 1 
41.9236 	 1 
41.9236 	 2 
41.9236 	 0 
42.0513 	 2 
42.1674 	 0 
42.1674 	 1 
42.1674 	 2 
42.3996 	 0 
42.3996 	 2 
42.3996 	 1 
42.5273 	 2 
42.6434 	 2 
42.6434 	 0 
42.6434 	 1 
42.7595 	 2 
42.7595 	 1 
42.8756 	 2 
42.8756 	 1 
42.8756 	 0 
43.0034 	 1 
43.0034 	 2 
43.1195 	 0 
43.1195 	 1 
43.1195 	 2 
43.3517 	 0 
43.3517 	 1 
43.3633 	 2 
43.4794 	 2 
43.5955 	 2 
43.5955 	 0 
43.5955 	 1 
43.8277 	 1 
43.8393 	 0 
43.8393 	 2 
43.9554 	 2 
44.0715 	 0 
44.0715 	 1 
44.0715 	 2 
44.3037 	 1 
44.3037 	 0 
44.3037 	 2 
44.5475 	 2 
44.5475 	 1 
44.5475 	 0 
44.6636 	 2 
44.6636 	 1 
44.7797 	 1 
44.7913 	 0 
44.7913 	 2 
44.9074 	 1 
44.9074 	 2 
45.0235 	 0 
45.0235 	 2 
45.0235 	 1 
45.2557 	 1 
45.2673 	 2 
45.2673 	 0 
45.3834 	 2 
45.3834 	 1 
45.4995 	 2 
45.4995 	 1 
45.4995 	 0 
45.7317 	 1 
45.7317 	 2 
45.7317 	 0 
45.9755 	 0 
45.9755 	 1 
45.9755 	 2 
46.3702 	 2 
46.4515 	 1 
46.4515 	 2 
46.4515 	 0 
46.9275 	 0 
46.9391 	 1 
46.9391 	 2 
47.2990 	 2 
47.4035 	 0 
47.4035 	 1 
47.4035 	 2 
47.6357 	 0 
47.6473 	 1 
47.6473 	 2 
47.8795 	 1 
47.8795 	 2 
47.8795 	 0 
48.3556 	 1 
48.3556 	 0 
48.3672 	 2 
48.8432 	 0 
48.8432 	 2 
48.8432 	 1 
49.1915 	 2 
49.1915 	 1 
49.3076 	 0 
49.3076 	 2 
49.3076 	 1 
49.5398 	 0 
49.5398 	 1 
49.5398 	 2 
49.7836 	 0 
49.7836 	 1 
49.7836 	 2 
50.2596 	 0 
50.2712 	 1 
50.2712 	 2 
50.7356 	 1 
50.7472 	 0 
50.7472 	 2 
51.0955 	 2 
51.2116 	 2 
51.2116 	 0 
51.2116 	 1 
51.4438 	 1 
51.4554 	 0 
51.4554 	 2 
51.6876 	 0 
51.6876 	 1 
51.6992 	 2 
52.1752 	 2 
52.1752 	 0 
52.1752 	 1 
52.6512 	 1 
52.6512 	 0 
52.6512 	 2 
53.0228 	 2 
53.0576 	 1 
53.1156 	 0 
53.1156 	 2 
53.1156 	 1 
53.3478 	 0 
53.3595 	 2 
53.3595 	 1 
53.5917 	 0 
53.5917 	 1 
53.6033 	 2 
53.7194 	 2 
53.9748 	 2 
54.0677 	 2 
54.0677 	 1 
54.5437 	 2 
54.5553 	 1 
55.0081 	 2 
55.0197 	 1 
55.2519 	 1 
55.2635 	 2 
55.2635 	 0 
55.4957 	 0 
55.4957 	 1 
55.5073 	 2 
55.6234 	 2 
55.8788 	 2 
55.9717 	 1 
55.9833 	 2 
56.4593 	 1 
56.4593 	 2 
56.8076 	 2 
56.9237 	 2 
56.9237 	 1 
57.1559 	 1 
57.1675 	 2 
57.1675 	 0 
57.5274 	 2 
57.5274 	 1 
57.6435 	 2 
57.7945 	 2 
61.2194 	 1 
61.2194 	 2 
61.2194 	 0 
61.3355 	 1 
61.4400 	 1 
61.4400 	 0 
61.4516 	 2 
61.5677 	 2 
61.6838 	 0 
61.6838 	 1 
61.6954 	 2 
61.7999 	 2 
61.8115 	 1 
61.8115 	 0 
61.9276 	 1 
61.9276 	 0 
61.9276 	 2 
62.0437 	 1 
62.0437 	 2 
62.1714 	 1 
62.1714 	 0 
62.1714 	 2 
62.3920 	 1 
62.4036 	 2 
62.4036 	 0 
62.6358 	 1 
62.6358 	 2 
62.6358 	 0 
62.8680 	 1 
62.8796 	 2 
62.8796 	 0 
63.1234 	 2 
63.1234 	 0 
63.1234 	 1 
63.3440 	 0 
63.3556 	 1 
63.3556 	 2 
63.5878 	 0 
63.5878 	 1 
63.5995 	 2 
63.7156 	 1 
63.7156 	 2 
63.8317 	 1 
63.8317 	 2 
63.8317 	 0 
63.9594 	 1 
63.9594 	 2 
64.0755 	 0 
64.0755 	 2 
64.0755 	 1 
64.3077 	 0 
64.3077 	 2 
64.3077 	 1 
64.4238 	 2 
64.4238 	 1 
64.5399 	 2 
64.5399 	 0 
64.5399 	 1 
64.7837 	 0 
64.7837 	 1 
64.7837 	 2 
64.9114 	 2 
65.0275 	 2 
65.0275 	 1 
65.0275 	 0 
65.2597 	 2 
65.2597 	 0 
65.2597 	 1 
65.4919 	 1 
65.4919 	 0 
65.5035 	 2 
65.6196 	 2 
65.6196 	 1 
65.7357 	 0 
65.7357 	 2 
65.7357 	 1 
65.8634 	 2 
65.8634 	 1 
65.9795 	 0 
65.9795 	 2 
65.9795 	 1 
66.2117 	 2 
66.2117 	 1 
66.2117 	 0 
66.4439 	 1 
66.4439 	 0 
66.4555 	 2 
66.5716 	 1 
66.6877 	 0 
66.6877 	 2 
66.6877 	 1 
66.9315 	 1 
66.9315 	 0 
66.9315 	 2 
67.1637 	 1 
67.1637 	 2 
67.1637 	 0 
67.3959 	 1 
67.3959 	 0 
67.4075 	 2 
67.5236 	 1 
67.5236 	 2 
67.6397 	 1 
67.6397 	 0 
67.6397 	 2 
67.7674 	 2 
67.7674 	 1 
67.8835 	 2 
67.8835 	 1 
67.8835 	 0 
68.1157 	 2 
68.1157 	 0 
68.1157 	 1 
68.2434 	 2 
68.2434 	 1 
68.2899 	 1 
68.3015 	 2 
68.3479 	 0 
68.3479 	 1 
68.3479 	 2 
68.5917 	 1 
68.5917 	 2 
68.5917 	 0 
68.7195 	 2 
68.8356 	 1 
68.8356 	 2 
68.8356 	 0 
69.0678 	 2 
69.0678 	 1 
69.0678 	 0 
69.3000 	 1 
69.3000 	 0 
69.3116 	 2 
69.4277 	 1 
69.4277 	 2 
69.5438 	 0 
69.5438 	 2 
69.5438 	 1 
69.6715 	 2 
69.7876 	 1 
69.7876 	 0 
69.7876 	 2 
70.0198 	 0 
70.0198 	 1 
70.0314 	 2 
70.1359 	 1 
70.1359 	 2 
70.2520 	 0 
70.2520 	 1 
70.2636 	 2 
70.4958 	 1 
70.4958 	 0 
70.4958 	 2 
70.7396 	 1 
70.7396 	 2 
70.7396 	 0 
70.9718 	 0 
70.9718 	 1 
70.9834 	 2 
71.0879 	 2 
71.2040 	 0 
71.2040 	 1 
71.2156 	 2 
71.3317 	 1 
71.3317 	 2 
71.4478 	 1 
71.4478 	 0 
71.4594 	 2 
71.5755 	 1 
71.5755 	 2 
71.6916 	 0 
71.6916 	 2 
71.6916 	 1 
71.9238 	 0 
71.9238 	 1 
71.9238 	 2 
72.0399 	 1 
72.0399 	 2 
72.1560 	 1 
72.1560 	 0 
72.1676 	 2 
72.3998 	 1 
72.3998 	 0 
72.3998 	 2 
72.5275 	 2 
72.6436 	 1 
72.6436 	 2 
72.6436 	 0 
72.8758 	 1 
72.8758 	 0 
72.8874 	 2 
73.1080 	 1 
73.1080 	 0 
73.1196 	 2 
73.2357 	 2 
73.2357 	 1 
73.3518 	 2 
73.3518 	 1 
73.3518 	 0 
73.4795 	 2 
73.4795 	 1 
73.5956 	 0 
73.5956 	 2 
73.5956 	 1 
73.8278 	 0 
73.8278 	 1 
73.8395 	 2 
74.0717 	 1 
74.0717 	 0 
74.0717 	 2 
74.1994 	 1 
74.3039 	 0 
74.3039 	 1 
74.3039 	 2 
74.4316 	 2 
74.5477 	 0 
74.5477 	 2 
74.5477 	 1 
74.7799 	 2 
74.7799 	 0 
74.7799 	 1 
75.0237 	 1 
75.0237 	 0 
75.0237 	 2 
75.1398 	 2 
75.1514 	 1 
75.2559 	 0 
75.2559 	 1 
75.2675 	 2 
75.3836 	 2 
75.3836 	 1 
75.4997 	 2 
75.4997 	 0 
75.4997 	 1 
75.6042 	 1 
75.6158 	 0 
75.6158 	 2 
75.7319 	 1 
75.7319 	 2 
75.7319 	 0 
75.8480 	 2 
75.8480 	 1 
75.9757 	 2 
75.9757 	 0 
75.9757 	 1 
76.0918 	 2 
76.2079 	 1 
76.2079 	 0 
76.2195 	 2 
76.3472 	 2 
76.4517 	 1 
76.4517 	 2 
76.4517 	 0 
76.6839 	 1 
76.6839 	 0 
76.6955 	 2 
76.9277 	 0 
76.9277 	 2 
76.9277 	 1 
77.0438 	 2 
77.0554 	 1 
77.1599 	 0 
77.1599 	 1 
77.1715 	 2 
77.2876 	 2 
77.2876 	 1 
77.4037 	 1 
77.4037 	 0 
77.4037 	 2 
77.6359 	 1 
77.6359 	 0 
77.6475 	 2 
77.8797 	 0 
77.8797 	 1 
77.8797 	 2 
78.0074 	 1 
78.1119 	 1 
78.1119 	 0 
78.1119 	 2 
78.3557 	 1 
78.3557 	 0 
78.3557 	 2 
78.5879 	 1 
78.5879 	 2 
78.5879 	 0 
78.8317 	 1 
78.8317 	 0 
78.8317 	 2 
78.9478 	 2 
78.9595 	 1 
79.0639 	 0 
79.0639 	 1 
79.0756 	 2 
79.1917 	 2 
79.1917 	 1 
79.3078 	 0 
79.3078 	 1 
79.3078 	 2 
79.5400 	 0 
79.5400 	 1 
79.5516 	 2 
79.6677 	 2 
79.6677 	 1 
79.7722 	 0 
79.7722 	 1 
79.7838 	 2 
80.0160 	 1 
80.0160 	 0 
80.0160 	 2 
80.1437 	 2 
80.2598 	 1 
80.2598 	 0 
80.2598 	 2 
80.4920 	 1 
80.4920 	 0 
80.5036 	 2 
80.7358 	 0 
80.7358 	 2 
80.7358 	 1 
80.8519 	 2 
80.8635 	 1 
80.9680 	 1 
80.9796 	 2 
80.9796 	 0 
81.0957 	 1 
81.0957 	 2 
81.2118 	 0 
81.2118 	 1 
81.2118 	 2 
81.4440 	 1 
81.4440 	 2 
81.4440 	 0 
81.6878 	 2 
81.6878 	 1 
81.6878 	 0 
81.9200 	 1 
81.9316 	 0 
81.9316 	 2 
82.1638 	 0 
82.1638 	 2 
82.1638 	 1 
82.3960 	 1 
82.3960 	 0 
82.3960 	 2 
82.6398 	 1 
82.6398 	 0 
82.6398 	 2 
82.7559 	 2 
82.7675 	 1 
82.8720 	 1 
82.8836 	 0 
82.8836 	 2 
82.9997 	 2 
82.9997 	 1 
83.1158 	 2 
83.1274 	 0 
83.1274 	 1 
83.3480 	 0 
83.3480 	 1 
83.3480 	 2 
83.5338 	 1 
83.5454 	 2 
83.5918 	 0 
83.5918 	 1 
83.5918 	 2 
83.8240 	 2 
83.8240 	 0 
83.8240 	 1 
84.0678 	 1 
84.0678 	 0 
84.0678 	 2 
84.3000 	 0 
84.3000 	 1 
84.3117 	 2 
84.5439 	 2 
84.5439 	 0 
84.5439 	 1 
84.6600 	 2 
84.6716 	 1 
84.7761 	 1 
84.7761 	 0 
84.7877 	 2 
84.9038 	 2 
84.9038 	 1 
85.0199 	 2 
85.0199 	 1 
85.0315 	 0 
85.2521 	 0 
85.2521 	 1 
85.2637 	 2 
85.4959 	 2 
85.4959 	 0 
85.4959 	 1 
85.7281 	 0 
85.7281 	 1 
85.7397 	 2 
85.9719 	 1 
85.9719 	 0 
85.9835 	 2 
86.2041 	 1 
86.2041 	 0 
86.2157 	 2 
86.4479 	 1 
86.4479 	 0 
86.4479 	 2 
86.5640 	 2 
86.6917 	 1 
86.6917 	 0 
86.6917 	 2 
86.8078 	 1 
86.8078 	 2 
86.9239 	 2 
86.9355 	 1 
86.9355 	 0 
87.1561 	 2 
87.1561 	 0 
87.1677 	 1 
87.2838 	 1 
87.3999 	 2 
87.3999 	 1 
87.3999 	 0 
87.6321 	 0 
87.6321 	 1 
87.6437 	 2 
87.7714 	 2 
87.8759 	 1 
87.8875 	 2 
87.8875 	 0 
88.1081 	 1 
88.1081 	 2 
88.1081 	 0 
88.3519 	 0 
88.3519 	 2 
88.3519 	 1 
88.4796 	 1 
88.4796 	 2 
88.5957 	 2 
88.5957 	 0 
88.5957 	 1 
88.7118 	 2 
88.7118 	 1 
88.8279 	 0 
88.8279 	 2 
88.8279 	 1 
89.0601 	 0 
89.0601 	 2 
89.0717 	 1 
89.3039 	 2 
89.3039 	 0 
89.3039 	 1 
89.5361 	 1 
89.5478 	 2 
89.5478 	 0 
89.7800 	 2 
89.7800 	 0 
89.7800 	 1 
90.0238 	 2 
90.1399 	 2 
90.2560 	 0 
90.2560 	 2 
90.2676 	 1 
90.7436 	 1 
90.7436 	 2 
90.8597 	 2 
90.9758 	 1 
90.9758 	 2 
91.2080 	 0 
91.2080 	 2 
91.2196 	 1 
91.4518 	 2 
91.4518 	 1 
91.4518 	 0 
91.6956 	 0 
91.6956 	 2 
91.6956 	 1 
91.9162 	 2 
91.9278 	 0 
91.9278 	 1 
92.1716 	 1 
92.1716 	 2 
92.1716 	 0 
92.2877 	 2 
92.2877 	 1 
92.2877 	 0 
92.4038 	 2 
92.4038 	 1 
92.4154 	 0 
92.5199 	 1 
92.5199 	 2 
92.6476 	 0 
92.6476 	 1 
92.6476 	 2 
92.8914 	 2 
92.8914 	 1 
93.0075 	 1 
93.0075 	 0 
93.0075 	 2 
93.3558 	 1 
93.3558 	 2 
93.3674 	 0 
93.4719 	 2 
93.4835 	 1 
93.5880 	 1 
93.5996 	 0 
93.5996 	 2 
93.8318 	 0 
93.8318 	 2 
93.8318 	 1 
94.0756 	 1 
94.0756 	 2 
94.0756 	 0 
94.1917 	 1 
94.1917 	 2 
94.2034 	 0 
94.3078 	 1 
94.3195 	 0 
94.3195 	 2 
94.4239 	 1 
94.4356 	 2 
94.5517 	 1 
94.5517 	 0 
94.5517 	 2 
94.7839 	 1 
94.7955 	 2 
94.7955 	 0 
94.9116 	 0 
94.9116 	 1 
94.9116 	 2 
95.1438 	 1 
95.2599 	 1 
95.2715 	 0 
95.2715 	 2 
95.3876 	 1 
95.3876 	 2 
95.5037 	 1 
95.5037 	 2 
95.5037 	 0 
95.7359 	 0 
95.7359 	 1 
95.7359 	 2 
95.9797 	 2 
95.9797 	 0 
95.9797 	 1 
96.0958 	 1 
96.0958 	 2 
96.0958 	 0 
96.1190 	 0 
96.2119 	 1 
96.2235 	 0 
96.2235 	 2 
96.3396 	 2 
96.3396 	 1 
96.4557 	 2 
96.4557 	 1 
96.4557 	 0 
96.6879 	 0 
96.6879 	 1 
96.6879 	 2 
96.9317 	 2 
96.9317 	 0 
96.9317 	 1 
97.1639 	 2 
97.1639 	 1 
97.1755 	 0 
97.2800 	 2 
97.2916 	 1 
97.4077 	 2 
97.4077 	 1 
97.4077 	 0 
97.6399 	 2 
97.6399 	 1 
97.6399 	 0 
97.8837 	 2 
97.8837 	 0 
97.8837 	 1 
97.9998 	 1 
97.9998 	 2 
98.0114 	 0 
98.1159 	 1 
98.1275 	 2 
98.1275 	 0 
98.2436 	 1 
98.2436 	 2 
98.3597 	 1 
98.3597 	 0 
98.3597 	 2 
98.5919 	 1 
98.5919 	 2 
98.5919 	 0 
98.8241 	 2 
98.8241 	 1 
98.8241 	 0 
99.0679 	 1 
99.0679 	 2 
99.0795 	 0 
99.1956 	 2 
99.1956 	 1 
99.3117 	 1 
99.3117 	 0 
99.3117 	 2 
99.5439 	 2 
99.5439 	 1 
99.5439 	 0 
99.7761 	 1 
99.7878 	 2 
99.7878 	 0 
99.9039 	 2 
99.9039 	 1 
100.0200 	 1 
100.0316 	 2 
100.0316 	 0 
100.1477 	 2 
100.1477 	 1 
100.2638 	 0 
100.2638 	 1 
100.2638 	 2 
100.4960 	 0 
100.4960 	 2 
100.4960 	 1 
100.7282 	 0 
100.7282 	 1 
100.7398 	 2 
100.9720 	 2 
100.9720 	 1 
100.9720 	 0 
101.0881 	 2 
101.0997 	 1 
101.2158 	 1 
101.2158 	 0 
101.2158 	 2 
101.4480 	 2 
101.4480 	 0 
101.4480 	 1 
101.6802 	 0 
101.6802 	 1 
101.6918 	 2 
101.8079 	 2 
101.9240 	 1 
101.9356 	 0 
101.9356 	 2 
102.0517 	 2 
102.0517 	 1 
102.1678 	 1 
102.1678 	 2 
102.1678 	 0 
102.4000 	 2 
102.4000 	 0 
102.4000 	 1 
102.6322 	 0 
102.6322 	 1 
102.6438 	 2 
102.8760 	 1 
102.8760 	 0 
102.8760 	 2 
103.0153 	 2 
103.1198 	 1 
103.1198 	 0 
103.1198 	 2 
103.3520 	 2 
103.3520 	 1 
103.3520 	 0 
103.5958 	 1 
103.5958 	 0 
103.5958 	 2 
103.7119 	 2 
103.8280 	 0 
103.8280 	 1 
103.8396 	 2 
103.9557 	 1 
103.9557 	 2 
104.0718 	 2 
104.0718 	 0 
104.0718 	 1 
104.3040 	 0 
104.3040 	 1 
104.3156 	 2 
104.5478 	 1 
104.5478 	 2 
104.5478 	 0 
104.7800 	 1 
104.7800 	 0 
104.7917 	 2 
104.9078 	 2 
105.0239 	 2 
105.0239 	 0 
105.0239 	 1 
105.2561 	 1 
105.2561 	 2 
105.2677 	 0 
105.4999 	 1 
105.4999 	 2 
105.4999 	 0 
105.6160 	 2 
105.6276 	 1 
105.7437 	 0 
105.7437 	 2 
105.7437 	 1 
105.8598 	 2 
105.8598 	 1 
105.9759 	 0 
105.9759 	 1 
105.9759 	 2 
106.2081 	 0 
106.2081 	 1 
106.2081 	 2 
106.3242 	 1 
106.4403 	 0 
106.4519 	 1 
106.4519 	 2 
106.6841 	 2 
106.6841 	 1 
106.6957 	 0 
106.8118 	 2 
106.8118 	 1 
106.9279 	 2 
106.9279 	 0 
106.9279 	 1 
107.1601 	 2 
107.1601 	 0 
107.1601 	 1 
107.4039 	 2 
107.4039 	 0 
107.4039 	 1 
107.5200 	 1 
107.5200 	 2 
107.6361 	 1 
107.6477 	 0 
107.6477 	 2 
107.7638 	 1 
107.7638 	 2 
107.8799 	 1 
107.8799 	 0 
107.8799 	 2 
108.1121 	 1 
108.1237 	 0 
108.1237 	 2 
108.2398 	 0 
108.2398 	 2 
108.2398 	 1 
108.3443 	 0 
108.3559 	 1 
108.3559 	 2 
108.5881 	 1 
108.5881 	 2 
108.5997 	 0 
108.7158 	 2 
108.7158 	 1 
108.8319 	 0 
108.8319 	 1 
108.8319 	 2 
109.0641 	 1 
109.0641 	 2 
109.0641 	 0 
109.3079 	 0 
109.3079 	 2 
109.3079 	 1 
109.4240 	 2 
109.4356 	 1 
109.5401 	 0 
109.5517 	 1 
109.5517 	 2 
109.6678 	 1 
109.6678 	 2 
109.7839 	 1 
109.7839 	 2 
109.7839 	 0 
110.0161 	 1 
110.0278 	 2 
110.0278 	 0 
110.1439 	 2 
110.1439 	 1 
110.1439 	 0 
110.2600 	 1 
110.2600 	 0 
110.2600 	 2 
110.3877 	 0 
110.3877 	 1 
110.3877 	 2 
110.5038 	 2 
110.5038 	 1 
110.5038 	 0 
110.6199 	 1 
110.6199 	 2 
110.7360 	 1 
110.7360 	 2 
110.7476 	 0 
110.9682 	 0 
110.9682 	 2 
110.9798 	 1 
111.2120 	 1 
111.2120 	 2 
111.2236 	 0 
111.3281 	 2 
111.4558 	 1 
111.4558 	 2 
111.4558 	 0 
111.5719 	 1 
111.5835 	 2 
111.6880 	 1 
111.6880 	 2 
111.6880 	 0 
111.9202 	 0 
111.9318 	 1 
111.9318 	 2 
112.1640 	 0 
112.1640 	 2 
112.1640 	 1 
112.3962 	 0 
112.4078 	 1 
112.4078 	 2 
112.5239 	 1 
112.5239 	 2 
112.6400 	 0 
112.6516 	 1 
112.6516 	 2 
112.8722 	 1 
112.8722 	 0 
112.8722 	 2 
113.1160 	 2 
113.1160 	 1 
113.1276 	 0 
113.2437 	 2 
113.2437 	 1 
113.2553 	 0 
113.3598 	 0 
113.3598 	 2 
113.3598 	 1 
113.4875 	 1 
113.4875 	 2 
113.5920 	 2 
113.5920 	 1 
113.5920 	 0 
113.8242 	 2 
113.8358 	 0 
113.8358 	 1 
113.9519 	 2 
114.0680 	 1 
114.0796 	 2 
114.0796 	 0 
114.3118 	 0 
114.3118 	 2 
114.3118 	 1 
114.4279 	 2 
114.5440 	 2 
114.5556 	 1 
114.5556 	 0 
114.7762 	 1 
114.7762 	 2 
114.7878 	 0 
115.0200 	 2 
115.0317 	 1 
115.0317 	 0 
115.1478 	 1 
115.1594 	 0 
115.1594 	 2 
115.2639 	 0 
115.2639 	 2 
115.2639 	 1 
115.3916 	 1 
115.3916 	 0 
115.3916 	 2 
115.4961 	 1 
115.5077 	 2 
115.5077 	 0 
115.7399 	 0 
115.7399 	 1 
115.7399 	 2 
115.9721 	 2 
115.9837 	 1 
115.9837 	 0 
116.2159 	 2 
116.2159 	 1 
116.2159 	 0 
116.3320 	 1 
116.3320 	 2 
116.4481 	 2 
116.4481 	 1 
116.4597 	 0 
116.6803 	 2 
116.6919 	 0 
116.6919 	 1 
116.9241 	 2 
116.9357 	 0 
116.9357 	 1 
117.0518 	 2 
117.0634 	 1 
117.1679 	 0 
117.1679 	 1 
117.1679 	 2 
117.2956 	 1 
117.2956 	 2 
117.4001 	 2 
117.4117 	 1 
117.4117 	 0 
117.6439 	 1 
117.6439 	 2 
117.6439 	 0 
117.8877 	 1 
117.8877 	 0 
117.8877 	 2 
118.1199 	 1 
118.1199 	 2 
118.1199 	 0 
118.2360 	 2 
118.2476 	 1 
118.3521 	 2 
118.3637 	 1 
118.3637 	 0 
118.5959 	 2 
118.5959 	 1 
118.7120 	 1 
118.7236 	 2 
118.8281 	 2 
118.8397 	 1 
118.9558 	 2 
118.9558 	 1 
118.9558 	 0 
119.0719 	 2 
119.0719 	 1 
119.1880 	 1 
119.1880 	 2 
119.1880 	 0 
119.3157 	 0 
119.3157 	 2 
119.3157 	 1 
119.5479 	 0 
119.5479 	 2 
119.5479 	 1 
119.6640 	 1 
119.6640 	 2 
119.7801 	 2 
119.7917 	 0 
119.7917 	 1 
120.0239 	 0 
120.0239 	 2 
120.0239 	 1 
120.1400 	 1 
120.1400 	 2 
120.2561 	 2 
120.2678 	 1 
120.2678 	 0 
120.5000 	 1 
120.5000 	 2 
120.5000 	 0 
120.6161 	 1 
120.6161 	 2 
120.7438 	 1 
120.7438 	 2 
120.7438 	 0 
120.8599 	 2 
120.8715 	 1 
120.9760 	 2 
120.9760 	 1 
120.9760 	 0 
121.1037 	 2 
121.1153 	 1 
121.2198 	 2 
121.2198 	 0 
121.2314 	 1 
121.4520 	 2 
121.4636 	 1 
121.5797 	 2 
128.3367 	 1 
137.4041 	 0 
137.4041 	 2 
137.4041 	 1 
137.8801 	 0 
137.8801 	 2 
137.8917 	 1 
138.3561 	 0 
138.3561 	 2 
138.3677 	 1 
138.7160 	 2 
138.8321 	 2 
138.8437 	 1 
139.0643 	 1 
139.0759 	 2 
139.3197 	 2 
139.3197 	 1 
139.7841 	 2 
139.7957 	 1 
139.7957 	 0 
140.2601 	 2 
140.2601 	 0 
140.2717 	 1 
140.6200 	 2 
140.7361 	 2 
140.7478 	 1 
140.9683 	 1 
140.9800 	 2 
141.2122 	 0 
141.2238 	 1 
141.2238 	 2 
141.6882 	 2 
141.6998 	 1 
141.6998 	 0 
142.1642 	 0 
142.1642 	 2 
142.1758 	 1 
142.6402 	 2 
142.6518 	 1 
142.8724 	 1 
142.8724 	 2 
143.1162 	 0 
143.1278 	 1 
143.1278 	 2 
143.5922 	 2 
143.5922 	 0 
143.5922 	 1 
144.0682 	 0 
144.0682 	 2 
144.0798 	 1 
144.4281 	 2 
144.5558 	 1 
144.5558 	 2 
144.7648 	 2 
144.8112 	 2 
145.0202 	 0 
145.0318 	 1 
145.0318 	 2 
145.5078 	 0 
145.5078 	 1 
145.5078 	 2 
145.9722 	 0 
145.9722 	 2 
145.9839 	 1 
146.3322 	 2 
146.4599 	 2 
146.4599 	 1 
146.6805 	 1 
146.6921 	 2 
146.9243 	 0 
146.9359 	 2 
146.9359 	 1 
147.4003 	 0 
147.4119 	 2 
147.4119 	 1 
147.8763 	 0 
147.8879 	 2 
147.8879 	 1 
148.2362 	 2 
148.3639 	 1 
148.3639 	 2 
148.5845 	 1 
148.5961 	 2 
148.8283 	 0 
148.8399 	 1 
148.8399 	 2 
149.3159 	 1 
149.3159 	 0 
149.3159 	 2 
149.7919 	 1 
149.7919 	 0 
149.7919 	 2 
150.1402 	 2 
150.2563 	 2 
150.2679 	 1 
150.4885 	 1 
150.4885 	 2 
150.7323 	 2 
150.7439 	 0 
150.7439 	 1 
151.2200 	 2 
151.2200 	 1 
151.5566 	 2 
151.6960 	 2 
151.7076 	 1 
151.9166 	 1 
151.9282 	 2 
152.0443 	 2 
152.1720 	 1 
152.1720 	 0 
152.1720 	 2 
152.2997 	 2 
152.6480 	 1 
152.6480 	 0 
152.6480 	 2 
153.1124 	 2 
153.1240 	 1 
153.1240 	 0 
153.5884 	 2 
153.6000 	 1 
153.6000 	 0 
153.9483 	 2 
154.0760 	 1 
154.0760 	 2 
154.0760 	 0 
154.2966 	 2 
154.5520 	 1 
154.5520 	 2 
154.5520 	 0 
155.0164 	 2 
155.0280 	 0 
155.0280 	 1 
155.4924 	 2 
155.5040 	 1 
155.5040 	 0 
155.8523 	 2 
155.8523 	 1 
155.9800 	 2 
155.9800 	 1 
155.9800 	 0 
156.0961 	 2 
156.2122 	 2 
156.4561 	 1 
156.4561 	 0 
156.4561 	 2 
156.9321 	 1 
156.9321 	 0 
156.9321 	 2 
157.4081 	 0 
157.4081 	 2 
157.4081 	 1 
157.7448 	 2 
157.8841 	 2 
157.8841 	 0 
157.8841 	 1 
158.1047 	 2 
158.3601 	 1 
158.3601 	 0 
158.3601 	 2 
158.8245 	 2 
158.8361 	 0 
158.8361 	 1 
159.3121 	 1 
159.3121 	 0 
159.3121 	 2 
159.6604 	 2 
159.7881 	 0 
159.7881 	 2 
159.7997 	 1 
159.9971 	 2 
160.2641 	 2 
160.2641 	 1 
160.2641 	 0 
160.7401 	 1 
160.7401 	 2 
160.7401 	 0 
161.2045 	 2 
161.2161 	 1 
161.2161 	 0 
161.5761 	 2 
161.6922 	 2 
161.6922 	 0 
161.6922 	 1 
161.9127 	 1 
161.9127 	 2 
162.1682 	 2 
162.1682 	 0 
162.1682 	 1 
162.6442 	 0 
162.6442 	 1 
162.6442 	 2 
163.1086 	 2 
163.1202 	 0 
163.1318 	 1 
163.4685 	 1 
163.4801 	 2 
163.5962 	 0 
163.5962 	 2 
163.6078 	 1 
163.8168 	 2 
165.3841 	 2 
165.9762 	 1 
165.9762 	 0 
165.9762 	 2 
166.4522 	 1 
166.4522 	 2 
166.4522 	 0 
166.9283 	 1 
166.9399 	 2 
166.9399 	 0 
167.2882 	 2 
167.2882 	 1 
167.2998 	 0 
167.6481 	 1 
167.6481 	 2 
167.8803 	 0 
167.8919 	 2 
167.8919 	 1 
168.3563 	 1 
168.3563 	 0 
168.3563 	 2 
168.7162 	 2 
168.8323 	 2 
168.8323 	 1 
168.8323 	 0 
169.1922 	 2 
169.3083 	 2 
169.3083 	 0 
169.3199 	 1 
169.7843 	 0 
169.7843 	 2 
169.7959 	 1 
170.2603 	 1 
170.2603 	 2 
170.2603 	 0 
170.6202 	 2 
170.7363 	 0 
170.7363 	 2 
170.7363 	 1 
171.0962 	 2 
171.0962 	 1 
171.2239 	 2 
171.2239 	 1 
171.2239 	 0 
171.4445 	 1 
171.4561 	 2 
171.6883 	 0 
171.6883 	 2 
171.7000 	 1 
172.0483 	 2 
172.1644 	 0 
172.1644 	 2 
172.1644 	 1 
172.5359 	 2 
172.6404 	 2 
172.6404 	 0 
172.6404 	 1 
172.9887 	 2 
173.1280 	 2 
173.1280 	 1 
173.1280 	 0 
173.4647 	 2 
173.5924 	 1 
173.5924 	 2 
173.6040 	 0 
173.9407 	 2 
174.0684 	 1 
174.0684 	 0 
174.0684 	 2 
174.4283 	 2 
174.5444 	 2 
174.5444 	 0 
174.5560 	 1 
174.6605 	 2 
174.7766 	 2 
174.8927 	 2 
174.9043 	 1 
175.0320 	 0 
175.0320 	 1 
175.0320 	 2 
175.2526 	 1 
175.2642 	 2 
175.3803 	 2 
175.5080 	 1 
175.5080 	 2 
175.5080 	 0 
175.8563 	 2 
175.9840 	 2 
175.9840 	 1 
175.9840 	 0 
176.2162 	 2 
176.3207 	 2 
176.4484 	 2 
176.4484 	 0 
176.4600 	 1 
176.5761 	 2 
176.6922 	 2 
176.8083 	 2 
176.9244 	 2 
176.9361 	 0 
176.9361 	 1 
177.0405 	 2 
177.1566 	 2 
177.1683 	 1 
177.2727 	 2 
177.4005 	 2 
177.4005 	 0 
177.4121 	 1 
177.7720 	 2 
177.8765 	 2 
177.8881 	 1 
177.8881 	 0 
178.1203 	 2 
178.2364 	 2 
178.3525 	 2 
178.3641 	 1 
178.3641 	 0 
178.4918 	 2 
178.5963 	 2 
178.5963 	 1 
178.7124 	 2 
178.7124 	 1 
178.8401 	 0 
178.8401 	 1 
178.8401 	 2 
178.9446 	 2 
179.0607 	 1 
179.0723 	 2 
179.0723 	 0 
179.1884 	 2 
179.1884 	 1 
179.3161 	 0 
179.3161 	 1 
179.3161 	 2 
179.6644 	 2 
179.7805 	 2 
179.7921 	 1 
179.7921 	 0 
179.8966 	 2 
180.0243 	 1 
180.0243 	 2 
180.1404 	 2 
180.2681 	 2 
180.2681 	 0 
180.2681 	 1 
180.3842 	 2 
180.3842 	 1 
180.5003 	 2 
180.5003 	 1 
180.6164 	 2 
180.7441 	 0 
180.7441 	 2 
180.7441 	 1 
180.8486 	 2 
180.8718 	 2 
180.9763 	 2 
180.9763 	 1 
180.9763 	 0 
181.1040 	 2 
181.2201 	 2 
181.2201 	 0 
181.2201 	 1 
181.3246 	 1 
181.3362 	 2 
181.4523 	 2 
181.4523 	 1 
181.5684 	 1 
181.5800 	 2 
181.6961 	 0 
181.6961 	 2 
181.6961 	 1 
181.8122 	 2 
181.8122 	 1 
181.9283 	 1 
181.9400 	 2 
182.0444 	 1 
182.0561 	 2 
182.1722 	 0 
182.1722 	 1 
182.1722 	 2 
182.2766 	 1 
182.2883 	 2 
182.4044 	 1 
182.4160 	 2 
182.5321 	 2 
182.5321 	 1 
182.6482 	 1 
182.6482 	 2 
182.6482 	 0 
182.7643 	 2 
182.8920 	 1 
182.8920 	 2 
183.0081 	 1 
183.0081 	 2 
183.1358 	 1 
183.1358 	 2 
183.2519 	 1 
183.2519 	 2 
183.3680 	 1 
183.3680 	 2 
183.4841 	 1 
183.4957 	 2 
183.6118 	 1 
183.6118 	 2 
183.7279 	 1 
183.7279 	 2 
183.8440 	 1 
183.8440 	 2 
183.9717 	 1 
183.9717 	 2 
184.0762 	 2 
184.0762 	 1 
184.1923 	 1 
184.2039 	 2 
184.3084 	 1 
184.3200 	 2 
184.4361 	 2 
184.4361 	 1 
184.5522 	 1 
184.5638 	 2 
184.6683 	 1 
184.6799 	 2 
184.7960 	 2 
184.7960 	 1 
184.9121 	 2 
184.9121 	 1 
185.0398 	 1 
185.0398 	 2 
185.1443 	 1 
185.1559 	 2 
185.2720 	 2 
185.2720 	 1 
185.3765 	 2 
185.3997 	 1 
185.5042 	 2 
185.5042 	 1 
185.6203 	 2 
185.6203 	 1 
185.7596 	 1 
185.7596 	 2 
185.8641 	 1 
185.8757 	 2 
185.9802 	 1 
185.9918 	 2 
186.0963 	 1 
186.1079 	 2 
186.2240 	 2 
186.3401 	 2 
186.3401 	 1 
186.4562 	 2 
186.4562 	 1 
186.5839 	 1 
186.5839 	 2 
186.7000 	 1 
186.7000 	 2 
186.8161 	 1 
186.8278 	 2 
186.9322 	 1 
186.9439 	 2 
187.0019 	 2 
187.0600 	 2 
187.0600 	 1 
187.1761 	 2 
187.2922 	 2 
187.2922 	 1 
187.4083 	 0 
187.4083 	 1 
187.4083 	 2 
187.5360 	 2 
187.6521 	 1 
187.6521 	 2 
187.7682 	 1 
187.7682 	 2 
187.8843 	 1 
187.8843 	 2 
188.0120 	 1 
188.0120 	 2 
188.1281 	 2 
188.1281 	 1 
188.2442 	 2 
188.2558 	 1 
188.3603 	 2 
188.3719 	 1 
188.4764 	 1 
188.4880 	 2 
188.5925 	 1 
188.6041 	 2 
188.7202 	 1 
188.7318 	 2 
188.8363 	 1 
188.8479 	 2 
188.9640 	 2 
188.9640 	 1 
189.0801 	 1 
189.0801 	 2 
189.1962 	 1 
189.2078 	 2 
189.3123 	 1 
189.3123 	 2 
189.4284 	 1 
189.4400 	 2 
189.5561 	 2 
189.5561 	 1 
189.6722 	 1 
189.6838 	 2 
189.7883 	 2 
189.7883 	 1 
189.9044 	 2 
190.0321 	 2 
190.0321 	 1 
190.1482 	 1 
190.1482 	 2 
190.2643 	 2 
190.2643 	 1 
190.3920 	 1 
190.3920 	 2 
190.5081 	 1 
190.5197 	 2 
190.6358 	 2 
190.6358 	 1 
190.7519 	 1 
190.7519 	 2 
190.8680 	 1 
190.8680 	 2 
190.9957 	 1 
190.9957 	 2 
191.1118 	 2 
191.1118 	 1 
191.2279 	 1 
191.2395 	 2 
191.3440 	 1 
191.3556 	 2 
191.4601 	 1 
191.4717 	 2 
191.5762 	 1 
191.5878 	 2 
191.7039 	 2 
191.8200 	 2 
191.9361 	 2 
192.0639 	 2 
192.2961 	 2 
192.8998 	 2 
193.0159 	 2 
193.1320 	 2 
193.2597 	 2 
193.3758 	 2 
193.5035 	 2 
193.6080 	 2 
193.7357 	 2 
193.8054 	 2 
193.8518 	 2 
193.9679 	 2 
194.3162 	 2 
194.4439 	 2 
194.7922 	 2 
194.9199 	 2 
195.0360 	 2 
195.1405 	 2 
195.2682 	 2 
195.3843 	 2 
195.5120 	 2 
195.6281 	 2 
195.7442 	 1 
195.7558 	 2 
195.8603 	 2 
195.9880 	 2 
196.1041 	 2 
196.2086 	 1 
196.2202 	 2 
196.3363 	 0 
196.3479 	 2 
196.4524 	 1 
196.4640 	 2 
196.5801 	 2 
196.7078 	 2 
196.8239 	 2 
196.9400 	 2 
197.1722 	 2 
197.3000 	 2 
197.4044 	 2 
197.5205 	 2 
197.6483 	 2 
197.7644 	 2 
197.8805 	 2 
197.8805 	 1 
198.5306 	 2 
