3.5410 	 0 
5.0387 	 0 
5.5960 	 2 
5.5960 	 1 
5.6657 	 2 
5.6889 	 2 
5.7353 	 1 
5.8398 	 2 
6.5364 	 0 
8.0341 	 0 
9.5434 	 0 
11.0411 	 0 
11.5984 	 2 
11.5984 	 1 
11.6216 	 1 
11.6680 	 1 
11.7261 	 1 
11.7957 	 2 
11.8073 	 1 
12.0628 	 2 
13.3979 	 1 
14.0481 	 0 
14.3964 	 0 
14.7911 	 1 
14.7911 	 2 
17.7981 	 2 
17.7981 	 1 
18.3438 	 1 
18.5527 	 0 
20.7935 	 2 
20.7935 	 1 
23.6031 	 1 
23.6379 	 1 
23.6844 	 2 
23.7424 	 1 
23.7772 	 2 
23.7888 	 1 
23.8121 	 2 
23.8353 	 2 
23.8353 	 1 
24.0559 	 2 
24.0907 	 1 
24.1836 	 1 
24.3229 	 2 
24.3693 	 1 
24.5319 	 2 
24.5435 	 0 
24.7060 	 2 
25.0079 	 2 
25.1008 	 0 
25.2981 	 2 
25.3098 	 1 
25.5652 	 1 
25.5652 	 0 
25.5768 	 2 
26.0296 	 0 
26.5985 	 2 
26.5985 	 0 
26.6333 	 1 
26.8190 	 1 
27.0629 	 0 
27.0745 	 2 
27.5389 	 0 
28.0961 	 2 
28.0961 	 1 
28.0961 	 0 
28.1890 	 2 
28.3167 	 2 
28.5722 	 1 
28.5722 	 2 
28.5722 	 0 
29.0366 	 0 
29.5938 	 2 
29.5938 	 1 
29.6054 	 0 
29.6403 	 1 
29.7796 	 1 
29.8260 	 2 
30.0698 	 0 
30.0698 	 2 
30.0698 	 1 
30.3369 	 1 
30.3601 	 2 
30.5342 	 0 
30.5342 	 2 
30.8245 	 2 
31.1031 	 0 
31.3005 	 2 
31.5675 	 2 
31.5675 	 0 
32.0319 	 0 
32.6008 	 0 
32.7866 	 2 
33.0652 	 1 
33.0652 	 0 
33.0768 	 2 
33.5412 	 0 
34.0985 	 0 
34.2959 	 2 
34.2959 	 1 
34.5745 	 2 
34.5745 	 0 
35.0389 	 0 
35.5962 	 2 
35.5962 	 0 
35.5962 	 1 
35.6775 	 1 
35.6891 	 2 
35.7936 	 1 
35.7936 	 2 
36.0606 	 1 
36.0722 	 2 
36.0722 	 0 
36.5366 	 2 
36.5366 	 0 
37.0126 	 2 
37.0939 	 0 
37.3145 	 1 
37.3609 	 1 
37.5699 	 2 
37.5699 	 0 
38.0343 	 0 
38.5916 	 2 
38.6032 	 1 
38.6032 	 0 
38.6380 	 1 
38.8238 	 2 
39.0676 	 0 
39.0676 	 2 
39.0676 	 1 
39.5320 	 0 
39.8222 	 0 
40.1009 	 0 
40.1009 	 2 
40.1241 	 1 
40.1821 	 1 
40.1937 	 2 
40.3215 	 2 
40.5653 	 0 
40.5653 	 2 
40.5653 	 1 
41.0413 	 0 
41.5985 	 1 
41.5985 	 2 
41.5985 	 0 
41.6334 	 1 
41.6914 	 2 
41.8191 	 2 
42.0629 	 0 
42.0629 	 2 
42.0862 	 1 
42.3532 	 1 
42.3532 	 2 
42.5390 	 0 
42.5390 	 2 
42.8176 	 2 
43.0962 	 0 
43.2936 	 2 
43.2936 	 1 
43.5606 	 1 
43.5722 	 2 
43.5722 	 0 
43.8625 	 1 
44.0366 	 0 
44.6055 	 0 
44.7913 	 1 
44.7913 	 2 
45.0583 	 2 
45.0699 	 0 
45.3486 	 1 
45.3718 	 2 
45.5343 	 2 
45.5343 	 0 
45.6620 	 2 
45.9175 	 2 
46.1032 	 0 
46.2890 	 2 
46.2890 	 1 
46.3586 	 1 
46.5676 	 1 
46.5676 	 2 
46.5676 	 0 
47.0320 	 0 
47.6009 	 0 
47.6009 	 2 
47.6125 	 1 
47.6706 	 1 
47.7286 	 2 
47.7518 	 2 
47.7634 	 1 
47.7983 	 1 
47.8563 	 1 
48.0653 	 1 
48.0653 	 2 
48.0653 	 0 
48.5297 	 2 
48.5413 	 0 
48.9128 	 2 
49.0986 	 0 
49.2844 	 2 
49.5630 	 2 
49.5746 	 0 
49.8532 	 2 
50.0390 	 0 
50.0390 	 2 
50.4105 	 2 
50.5963 	 0 
50.7820 	 2 
50.8285 	 1 
50.8633 	 1 
51.0607 	 2 
51.0723 	 0 
51.3509 	 2 
51.5367 	 2 
51.5367 	 0 
51.9082 	 2 
52.0940 	 0 
52.2913 	 2 
52.5700 	 0 
52.5700 	 2 
52.8602 	 1 
53.0344 	 2 
53.0344 	 0 
53.4175 	 2 
53.6033 	 0 
53.7890 	 2 
54.0677 	 2 
54.0677 	 0 
54.3579 	 2 
54.5321 	 0 
54.5321 	 2 
54.9036 	 1 
54.9152 	 2 
55.1010 	 0 
55.1358 	 2 
55.5654 	 0 
55.5654 	 2 
55.8556 	 2 
56.0298 	 2 
56.0414 	 0 
56.4129 	 2 
56.4129 	 1 
56.5986 	 0 
56.7960 	 2 
56.7960 	 1 
57.0630 	 2 
57.0630 	 0 
57.3533 	 2 
57.5390 	 2 
57.5390 	 0 
57.9106 	 2 
57.9338 	 1 
58.0499 	 1 
58.0963 	 2 
58.0963 	 0 
58.2937 	 2 
58.5607 	 2 
58.5723 	 0 
58.8510 	 2 
59.0367 	 2 
59.0367 	 0 
59.4199 	 2 
59.4315 	 1 
59.4779 	 1 
59.5940 	 0 
59.5940 	 2 
59.7914 	 2 
59.9307 	 1 
60.0468 	 1 
60.0700 	 2 
60.0700 	 0 
60.3603 	 2 
60.5228 	 2 
60.5344 	 0 
62.0321 	 0 
62.4036 	 0 
63.1931 	 1 
63.5414 	 0 
65.0391 	 0 
65.7821 	 0 
66.0608 	 0 
66.3394 	 0 
66.5368 	 0 
66.8386 	 1 
66.8619 	 1 
68.0345 	 0 
69.1955 	 1 
69.5322 	 0 
71.0415 	 0 
71.7845 	 0 
72.0631 	 0 
72.2953 	 2 
72.3418 	 0 
72.5391 	 0 
72.5391 	 2 
74.1181 	 2 
74.1761 	 1 
74.4200 	 0 
75.8248 	 1 
76.1615 	 0 
76.5794 	 1 
77.7288 	 1 
77.8333 	 0 
79.8883 	 1 
79.9811 	 0 
80.4455 	 0 
81.1073 	 1 
82.3380 	 1 
82.4889 	 0 
82.8720 	 1 
82.9881 	 0 
85.9022 	 1 
86.3898 	 1 
86.5176 	 1 
87.0284 	 1 
87.5160 	 1 
89.1646 	 1 
95.0044 	 0 
95.4572 	 0 
95.9100 	 0 
96.2351 	 0 
96.5718 	 0 
96.8040 	 0 
97.2452 	 0 
97.6863 	 0 
97.8141 	 2 
97.9418 	 2 
98.0230 	 0 
98.2320 	 2 
98.3597 	 0 
98.5803 	 0 
99.0331 	 0 
99.1260 	 2 
99.1608 	 2 
99.4743 	 0 
99.8110 	 0 
100.1477 	 0 
100.3683 	 0 
100.8210 	 0 
101.2622 	 0 
101.5989 	 0 
101.9356 	 0 
102.1562 	 0 
102.6090 	 0 
103.0502 	 0 
103.3868 	 0 
103.7235 	 0 
103.9441 	 0 
104.3969 	 0 
104.8381 	 0 
105.1748 	 0 
105.4999 	 0 
105.7321 	 0 
106.1732 	 0 
106.6260 	 0 
106.9511 	 0 
107.2994 	 0 
107.5200 	 0 
107.9612 	 0 
108.4140 	 0 
108.7390 	 0 
109.0757 	 0 
109.3079 	 0 
109.3079 	 2 
109.7491 	 2 
109.7491 	 1 
109.7491 	 0 
110.1903 	 0 
110.2019 	 2 
110.5270 	 0 
110.5386 	 2 
110.8637 	 2 
110.8637 	 0 
111.0843 	 0 
111.0959 	 2 
111.5254 	 2 
111.5371 	 0 
111.5487 	 1 
111.9782 	 0 
111.9898 	 2 
112.3149 	 0 
112.3265 	 2 
112.6516 	 0 
112.6516 	 2 
112.8722 	 0 
112.8838 	 2 
113.1044 	 2 
113.1044 	 1 
113.3250 	 0 
113.3250 	 2 
113.3366 	 1 
113.7662 	 0 
113.7778 	 2 
114.1029 	 0 
114.1029 	 2 
114.1029 	 1 
114.4395 	 0 
114.4395 	 2 
114.6601 	 0 
114.6717 	 2 
115.1013 	 0 
115.1129 	 2 
115.1361 	 1 
115.5541 	 0 
115.5657 	 2 
115.8908 	 0 
115.8908 	 2 
116.0998 	 2 
116.2275 	 0 
116.2275 	 2 
116.4365 	 0 
116.9009 	 1 
116.9009 	 2 
117.7716 	 1 
118.2360 	 0 
118.6888 	 1 
118.6888 	 2 
119.2345 	 1 
120.0239 	 0 
120.4883 	 2 
121.8119 	 0 
122.2531 	 1 
122.2763 	 2 
123.5882 	 0 
124.0410 	 1 
124.0410 	 2 
125.3761 	 0 
125.8289 	 2 
125.8289 	 1 
127.1641 	 0 
127.6053 	 2 
127.6401 	 1 
128.9520 	 0 
129.3932 	 2 
129.3932 	 1 
130.7400 	 0 
131.1811 	 1 
131.1811 	 2 
132.5279 	 0 
132.9691 	 1 
132.9691 	 2 
134.3158 	 0 
134.7570 	 2 
134.7570 	 1 
136.1038 	 0 
136.5449 	 1 
136.5449 	 2 
137.8917 	 2 
137.8917 	 0 
138.1123 	 1 
138.1239 	 2 
138.3329 	 2 
138.3329 	 0 
138.3561 	 1 
138.5535 	 1 
138.5651 	 2 
138.7741 	 0 
138.7857 	 2 
139.0063 	 2 
139.0179 	 1 
139.1107 	 0 
139.1224 	 2 
139.4474 	 0 
139.4474 	 1 
139.4474 	 2 
139.6680 	 0 
139.6796 	 2 
139.9002 	 2 
140.1208 	 2 
140.1208 	 0 
140.3530 	 2 
140.5620 	 0 
140.5736 	 2 
140.7942 	 2 
140.8987 	 0 
140.9103 	 2 
141.2354 	 0 
141.2354 	 2 
141.2354 	 1 
141.4560 	 0 
141.4676 	 2 
141.6998 	 2 
141.9088 	 2 
141.9088 	 0 
142.2338 	 2 
142.3499 	 0 
142.3499 	 2 
142.6866 	 2 
142.6866 	 0 
143.0233 	 2 
143.0233 	 1 
143.0233 	 0 
143.2439 	 0 
143.2439 	 2 
143.6967 	 2 
143.6967 	 0 
143.9289 	 1 
144.1379 	 2 
144.1379 	 0 
144.4746 	 2 
144.4746 	 0 
144.8112 	 0 
144.8112 	 1 
144.8229 	 2 
145.0318 	 0 
145.4846 	 0 
145.9258 	 0 
146.2625 	 0 
146.5876 	 0 
146.8198 	 0 
147.2610 	 0 
147.7137 	 0 
148.0504 	 0 
148.3755 	 0 
148.6077 	 0 
149.0489 	 0 
149.5017 	 0 
149.8384 	 0 
150.1634 	 0 
150.3956 	 0 
150.8368 	 0 
151.2896 	 0 
151.6263 	 0 
151.9514 	 0 
152.1836 	 2 
152.1836 	 0 
152.4042 	 2 
152.6248 	 0 
152.6364 	 2 
153.0659 	 0 
153.0776 	 2 
153.4026 	 0 
153.4142 	 2 
153.7393 	 0 
153.7509 	 2 
153.9599 	 0 
153.9715 	 2 
154.1921 	 2 
154.4127 	 0 
154.4243 	 2 
154.8539 	 0 
154.8655 	 2 
155.1906 	 0 
155.2022 	 2 
155.5273 	 0 
155.5389 	 2 
155.7478 	 0 
155.7595 	 2 
155.9800 	 2 
156.2006 	 0 
156.2122 	 2 
156.6418 	 0 
156.6534 	 2 
156.9785 	 0 
156.9785 	 2 
157.3152 	 0 
157.3268 	 2 
157.5358 	 0 
157.5358 	 2 
157.7680 	 2 
157.9886 	 2 
157.9886 	 0 
158.4298 	 2 
158.4298 	 0 
158.7664 	 2 
158.7664 	 0 
159.1031 	 2 
159.1031 	 0 
159.3237 	 2 
159.3237 	 0 
159.5559 	 2 
159.5559 	 1 
159.7765 	 0 
160.0087 	 2 
160.2177 	 0 
160.4499 	 2 
160.5544 	 0 
160.8911 	 0 
160.8911 	 1 
161.1117 	 0 
161.3439 	 1 
161.5528 	 0 
161.7966 	 2 
162.0056 	 0 
162.2378 	 1 
162.2378 	 2 
162.3423 	 0 
162.6790 	 1 
162.6790 	 0 
162.6906 	 2 
162.8996 	 0 
163.1202 	 1 
163.3408 	 0 
163.5846 	 2 
163.7936 	 0 
163.7936 	 2 
164.0258 	 1 
164.1302 	 0 
164.1302 	 2 
164.1302 	 1 
164.4553 	 0 
164.4669 	 2 
164.4669 	 1 
164.6875 	 0 
164.9081 	 1 
165.1287 	 2 
165.1287 	 0 
165.1403 	 1 
165.3725 	 2 
165.5699 	 2 
165.5815 	 0 
165.9066 	 2 
165.9182 	 0 
165.9182 	 1 
166.2433 	 0 
166.2549 	 1 
166.2549 	 2 
166.4755 	 0 
166.4755 	 2 
166.9166 	 0 
166.9166 	 2 
167.3578 	 1 
167.3578 	 2 
167.3694 	 0 
167.6945 	 2 
167.6945 	 0 
168.0312 	 0 
168.0312 	 2 
168.2518 	 2 
168.2634 	 0 
168.7046 	 0 
168.7046 	 2 
169.1458 	 1 
169.1458 	 2 
169.1574 	 0 
169.4824 	 0 
169.4824 	 2 
169.8191 	 0 
169.8191 	 2 
170.0397 	 1 
170.0397 	 2 
170.0513 	 0 
170.4925 	 2 
170.4925 	 0 
170.9337 	 1 
170.9337 	 0 
170.9337 	 2 
171.2704 	 0 
171.2704 	 2 
171.6071 	 2 
171.6071 	 0 
171.8277 	 2 
171.8277 	 1 
171.8393 	 0 
172.2805 	 2 
172.2805 	 0 
172.7216 	 2 
172.7216 	 0 
172.7216 	 1 
173.0583 	 2 
173.0583 	 0 
173.3950 	 0 
173.3950 	 2 
173.6156 	 2 
173.6156 	 0 
174.0568 	 2 
174.0684 	 0 
174.5096 	 2 
174.5096 	 1 
174.5096 	 0 
174.8463 	 2 
174.8463 	 0 
175.1829 	 2 
175.1829 	 0 
175.4035 	 0 
175.4035 	 2 
175.8447 	 2 
175.8563 	 0 
176.2975 	 2 
176.2975 	 1 
176.2975 	 0 
176.6342 	 0 
176.6342 	 2 
176.9709 	 0 
176.9709 	 2 
177.1915 	 0 
177.6327 	 2 
177.6327 	 0 
178.0854 	 2 
178.0854 	 0 
178.0854 	 1 
178.4221 	 2 
178.4221 	 0 
178.7588 	 2 
178.7588 	 0 
178.9794 	 0 
179.4206 	 2 
179.4206 	 0 
179.8734 	 0 
179.8734 	 2 
179.8734 	 1 
180.1985 	 2 
180.2101 	 0 
180.5351 	 2 
180.5351 	 0 
180.7673 	 2 
180.7673 	 0 
180.7673 	 1 
181.2085 	 2 
181.2085 	 0 
181.6497 	 1 
181.6497 	 2 
181.6613 	 0 
181.9864 	 2 
181.9980 	 0 
182.3231 	 2 
182.3231 	 0 
182.5437 	 2 
182.5553 	 0 
182.9965 	 2 
182.9965 	 0 
183.4376 	 2 
183.4376 	 1 
183.4493 	 0 
183.7743 	 2 
183.7743 	 0 
184.1110 	 0 
184.1110 	 2 
184.3316 	 2 
184.3432 	 0 
184.7844 	 0 
184.7844 	 2 
185.2256 	 2 
185.2256 	 1 
185.2256 	 0 
185.5623 	 2 
185.5623 	 0 
185.8990 	 2 
185.8990 	 0 
186.1195 	 2 
186.1312 	 0 
186.5723 	 0 
186.5723 	 2 
187.0135 	 1 
187.0135 	 2 
187.0135 	 0 
187.3502 	 0 
187.3502 	 2 
187.6869 	 2 
187.6869 	 0 
187.9075 	 0 
187.9075 	 2 
188.3487 	 2 
188.3603 	 0 
188.8015 	 2 
188.8015 	 0 
189.1381 	 0 
189.1381 	 2 
189.4748 	 0 
189.4748 	 2 
189.6954 	 0 
189.6954 	 2 
190.1366 	 2 
190.1482 	 0 
190.5894 	 0 
190.5894 	 1 
190.5894 	 2 
190.9261 	 0 
190.9261 	 2 
191.2628 	 2 
191.2628 	 0 
191.4834 	 0 
191.9245 	 0 
191.9245 	 2 
192.3773 	 0 
192.3773 	 1 
192.3773 	 2 
192.7140 	 2 
192.7140 	 0 
193.0507 	 0 
193.0507 	 2 
193.2713 	 0 
193.7125 	 0 
193.7125 	 2 
194.1653 	 2 
194.1653 	 0 
194.5020 	 1 
194.5020 	 2 
194.5020 	 0 
194.8386 	 2 
194.8386 	 0 
194.9780 	 1 
195.8487 	 1 
197.3696 	 1 
