2.3684 	 1 
2.3800 	 0 
2.3800 	 2 
2.5194 	 2 
2.6587 	 2 
2.9257 	 1 
2.9257 	 2 
3.1811 	 0 
3.1811 	 1 
3.1811 	 2 
3.4714 	 0 
3.4714 	 2 
3.6107 	 2 
3.7384 	 2 
4.0054 	 1 
4.2609 	 2 
4.4002 	 1 
4.4002 	 2 
4.4002 	 0 
4.5047 	 2 
4.8181 	 2 
4.9459 	 2 
4.9459 	 1 
4.9575 	 0 
5.1084 	 1 
5.3638 	 2 
5.3638 	 1 
5.3638 	 0 
5.6308 	 0 
5.6308 	 2 
5.7585 	 2 
5.8979 	 2 
6.1649 	 1 
6.1649 	 2 
6.4668 	 2 
6.5712 	 2 
6.7106 	 0 
6.8499 	 2 
6.9892 	 2 
7.2562 	 1 
7.5117 	 2 
7.5117 	 1 
7.5233 	 0 
7.7903 	 2 
7.7903 	 0 
7.9296 	 2 
8.0689 	 2 
8.1966 	 2 
8.3244 	 2 
8.3244 	 1 
8.5914 	 2 
8.7075 	 1 
8.7191 	 2 
8.7191 	 0 
8.8236 	 2 
9.0093 	 2 
9.1487 	 2 
9.2764 	 2 
9.2764 	 0 
9.4157 	 1 
9.6827 	 2 
9.9498 	 1 
9.9498 	 2 
9.9498 	 0 
10.0891 	 2 
10.2284 	 2 
10.3561 	 2 
10.3561 	 0 
10.4954 	 1 
10.4954 	 2 
10.9134 	 2 
11.0411 	 0 
11.0527 	 2 
11.1688 	 2 
11.3081 	 2 
11.5635 	 1 
11.5635 	 2 
11.5984 	 2 
12.1208 	 2 
12.1208 	 0 
12.2485 	 2 
12.2601 	 0 
12.3878 	 2 
12.6433 	 1 
12.6433 	 2 
13.0380 	 0 
13.0380 	 2 
13.1657 	 2 
13.3283 	 2 
13.4676 	 2 
13.6069 	 2 
13.6069 	 0 
13.7462 	 1 
13.7462 	 2 
14.0249 	 2 
14.0365 	 0 
14.2803 	 2 
14.2919 	 0 
14.4080 	 2 
14.8143 	 2 
14.8143 	 1 
15.2091 	 2 
15.3600 	 0 
15.3716 	 2 
15.4877 	 2 
15.6386 	 2 
15.9057 	 1 
15.9057 	 2 
16.4397 	 0 
16.4397 	 2 
16.4397 	 1 
16.5790 	 2 
16.7068 	 2 
16.8809 	 0 
16.9738 	 2 
16.9738 	 1 
17.2524 	 2 
17.3685 	 2 
17.3685 	 0 
17.3685 	 1 
17.6588 	 2 
17.7981 	 2 
17.9142 	 0 
17.9142 	 1 
17.9142 	 2 
18.0651 	 1 
18.0651 	 2 
18.3438 	 2 
18.5992 	 1 
18.5992 	 0 
18.5992 	 2 
18.7385 	 2 
19.1332 	 2 
19.1449 	 1 
19.4235 	 2 
19.5976 	 2 
19.6789 	 1 
19.6789 	 0 
19.6905 	 2 
19.8182 	 2 
19.9576 	 2 
20.2130 	 2 
20.2246 	 1 
20.4800 	 0 
20.4800 	 2 
20.4800 	 1 
20.7702 	 0 
20.7702 	 2 
20.8980 	 2 
21.0373 	 2 
21.2927 	 2 
21.3043 	 1 
21.5713 	 2 
21.6874 	 2 
21.6990 	 0 
21.8035 	 2 
21.9777 	 2 
22.1170 	 2 
22.2447 	 0 
22.2447 	 1 
22.2563 	 2 
22.4073 	 1 
22.6627 	 2 
22.6627 	 0 
22.9297 	 0 
22.9297 	 2 
23.0574 	 2 
23.2083 	 2 
23.4638 	 2 
23.4638 	 1 
23.8701 	 2 
24.0094 	 0 
24.1371 	 2 
24.5435 	 1 
24.8105 	 2 
24.8221 	 0 
25.0892 	 0 
25.0892 	 2 
25.2285 	 2 
25.3678 	 2 
25.6232 	 1 
25.6232 	 2 
25.8902 	 2 
26.0063 	 1 
26.0063 	 0 
26.0063 	 2 
26.1224 	 2 
26.3082 	 2 
26.4359 	 2 
26.5636 	 0 
26.5636 	 1 
26.5752 	 2 
26.7146 	 2 
26.7146 	 1 
26.9816 	 2 
27.2486 	 0 
27.2486 	 2 
27.3879 	 2 
27.5273 	 2 
27.6550 	 0 
27.6550 	 2 
27.7943 	 2 
27.8059 	 1 
28.2122 	 2 
28.3283 	 1 
28.3400 	 0 
28.3516 	 2 
28.4677 	 2 
28.8624 	 1 
28.8624 	 2 
29.4197 	 0 
29.4197 	 2 
29.5474 	 2 
29.5474 	 0 
29.6867 	 2 
29.9421 	 1 
29.9421 	 2 
30.0350 	 1 
30.3253 	 2 
30.3253 	 1 
30.3253 	 0 
30.4530 	 2 
30.6271 	 2 
30.7664 	 2 
30.8941 	 1 
30.9058 	 2 
30.9058 	 0 
31.0451 	 1 
31.0451 	 2 
31.3237 	 2 
31.3353 	 0 
31.5791 	 2 
31.5791 	 1 
31.5907 	 0 
31.7068 	 2 
31.8462 	 2 
32.1132 	 1 
32.1132 	 2 
32.5079 	 2 
32.6589 	 1 
32.6589 	 0 
32.6705 	 2 
32.7866 	 2 
32.9375 	 2 
33.1929 	 1 
33.7386 	 2 
33.7386 	 0 
33.8779 	 2 
34.0056 	 2 
34.2727 	 2 
34.2727 	 1 
34.5513 	 2 
34.6674 	 2 
34.6674 	 0 
34.8067 	 2 
34.9576 	 2 
35.0854 	 2 
35.2131 	 0 
35.2131 	 2 
35.2131 	 1 
35.3640 	 2 
35.3640 	 1 
35.6310 	 2 
35.8980 	 0 
35.8980 	 2 
36.0374 	 2 
36.1767 	 2 
36.4437 	 1 
36.7107 	 2 
36.9662 	 1 
36.9662 	 0 
36.9662 	 2 
37.1171 	 2 
37.2332 	 2 
37.3725 	 2 
37.5118 	 2 
37.5118 	 1 
37.7789 	 0 
37.7789 	 2 
37.9298 	 2 
38.0575 	 2 
38.0691 	 0 
38.4522 	 2 
38.5916 	 1 
38.8586 	 2 
38.9863 	 0 
38.9979 	 2 
39.0908 	 2 
39.2533 	 2 
39.3927 	 2 
39.5436 	 0 
39.5436 	 1 
39.5436 	 2 
39.6945 	 1 
39.9615 	 2 
39.9615 	 0 
40.1125 	 2 
40.2286 	 0 
40.2286 	 2 
40.4956 	 2 
40.6465 	 2 
40.7626 	 1 
40.7626 	 2 
41.0413 	 2 
41.1574 	 2 
41.3083 	 0 
41.3083 	 2 
41.4360 	 2 
41.5869 	 2 
41.7263 	 2 
41.8424 	 1 
42.1094 	 2 
42.1094 	 1 
42.1210 	 0 
42.2603 	 2 
42.3764 	 1 
42.3880 	 2 
42.3880 	 0 
42.5157 	 2 
42.6434 	 2 
42.7944 	 2 
42.9221 	 1 
42.9221 	 2 
43.1891 	 2 
43.3052 	 0 
43.3052 	 1 
43.3168 	 2 
43.4213 	 2 
43.5955 	 2 
43.7464 	 2 
43.8625 	 0 
43.8625 	 1 
43.8741 	 2 
44.0134 	 1 
44.0366 	 2 
44.2805 	 2 
44.4314 	 2 
44.5475 	 2 
44.5475 	 0 
44.9422 	 2 
44.9538 	 0 
45.0932 	 2 
45.0932 	 1 
45.3602 	 2 
45.4995 	 2 
45.6272 	 0 
45.6272 	 1 
45.6272 	 2 
46.1613 	 1 
46.1845 	 2 
46.5792 	 2 
46.7069 	 2 
46.7069 	 0 
46.8463 	 2 
46.8463 	 0 
47.1017 	 2 
47.2410 	 1 
47.2410 	 2 
47.6241 	 0 
47.6241 	 1 
47.6241 	 2 
47.7518 	 2 
47.8912 	 2 
48.1930 	 0 
48.2046 	 2 
48.3323 	 1 
48.3323 	 2 
48.6110 	 1 
48.6226 	 2 
48.6342 	 0 
48.7619 	 2 
48.8780 	 2 
48.8896 	 0 
49.1566 	 2 
49.3076 	 2 
49.4121 	 1 
49.4121 	 2 
49.6791 	 2 
49.7952 	 2 
49.9461 	 1 
49.9577 	 0 
49.9693 	 2 
50.0854 	 2 
50.3873 	 2 
50.4918 	 2 
50.4918 	 1 
50.7704 	 2 
50.9098 	 2 
51.0375 	 2 
51.0375 	 0 
51.1652 	 2 
51.4438 	 2 
51.5715 	 1 
51.8385 	 2 
51.9663 	 2 
51.9663 	 0 
52.1172 	 2 
52.3958 	 2 
52.5119 	 0 
52.5119 	 2 
52.6629 	 1 
52.6629 	 2 
52.9299 	 2 
53.0692 	 2 
53.1853 	 1 
53.1853 	 0 
53.1969 	 2 
53.6033 	 2 
53.7426 	 2 
53.7426 	 1 
54.0212 	 2 
54.1489 	 2 
54.2650 	 0 
54.2650 	 1 
54.2766 	 2 
54.4160 	 2 
54.5437 	 2 
54.6714 	 2 
54.8107 	 2 
54.8107 	 1 
55.0661 	 2 
55.0661 	 0 
55.0661 	 1 
55.2287 	 2 
55.3564 	 2 
55.3564 	 0 
55.4957 	 2 
55.6350 	 2 
55.7511 	 2 
55.8904 	 1 
55.8904 	 2 
56.1575 	 2 
56.2852 	 0 
56.2968 	 2 
56.4361 	 2 
56.5754 	 2 
56.8424 	 0 
56.8424 	 2 
56.9934 	 1 
57.2604 	 0 
57.2604 	 2 
57.4113 	 2 
57.5274 	 2 
57.5274 	 0 
57.6551 	 2 
57.7945 	 2 
57.9454 	 2 
58.0615 	 1 
58.3401 	 2 
58.4678 	 2 
58.5956 	 0 
58.6188 	 2 
58.7349 	 2 
58.8858 	 2 
59.1412 	 1 
59.3966 	 1 
59.4083 	 2 
59.4083 	 0 
59.5592 	 2 
59.6869 	 2 
59.6869 	 0 
59.8146 	 2 
59.9539 	 2 
60.0932 	 2 
60.2210 	 2 
60.2210 	 1 
60.4880 	 2 
60.5925 	 1 
60.6041 	 0 
60.6157 	 2 
60.7202 	 2 
60.7666 	 2 
60.8943 	 2 
61.0337 	 2 
61.1614 	 1 
61.1614 	 0 
61.1614 	 2 
61.5793 	 2 
61.7186 	 2 
61.8347 	 1 
61.8347 	 0 
61.8580 	 2 
61.9857 	 2 
62.1250 	 2 
62.2411 	 2 
62.2411 	 0 
62.3920 	 2 
62.3920 	 1 
62.6590 	 2 
62.8100 	 2 
62.9145 	 1 
62.9261 	 2 
62.9261 	 0 
63.0654 	 2 
63.1931 	 2 
63.3092 	 2 
63.4601 	 1 
63.4601 	 2 
63.8781 	 2 
64.0058 	 2 
64.0058 	 1 
64.0174 	 0 
64.1335 	 2 
64.1451 	 0 
64.2728 	 2 
64.4005 	 2 
64.5399 	 1 
64.5399 	 2 
64.9230 	 1 
64.9230 	 2 
64.9346 	 0 
65.0971 	 2 
65.2249 	 2 
65.3642 	 2 
65.4919 	 0 
65.5035 	 2 
65.6312 	 1 
65.6312 	 2 
65.8982 	 1 
65.9098 	 2 
65.9215 	 0 
66.0492 	 2 
66.1769 	 0 
66.1769 	 2 
66.3046 	 2 
66.4439 	 2 
66.5948 	 2 
66.7109 	 1 
66.7109 	 2 
67.0941 	 2 
67.2450 	 0 
67.2682 	 2 
67.3843 	 2 
67.5236 	 2 
67.6862 	 2 
67.7907 	 1 
68.1970 	 2 
68.3247 	 1 
68.3363 	 2 
68.3363 	 0 
68.4756 	 2 
68.6034 	 2 
68.7427 	 2 
68.8704 	 2 
68.8704 	 1 
69.1490 	 2 
69.2535 	 1 
69.2535 	 0 
69.2651 	 2 
69.5438 	 2 
69.8108 	 0 
69.8108 	 2 
69.9617 	 1 
69.9617 	 2 
70.2288 	 2 
70.3681 	 2 
70.4842 	 0 
70.4842 	 1 
70.4958 	 2 
70.6235 	 2 
70.7628 	 2 
70.8905 	 2 
71.0415 	 1 
71.4478 	 2 
71.5639 	 0 
71.5639 	 1 
71.5755 	 2 
72.0980 	 1 
72.6552 	 1 
72.6668 	 0 
73.1777 	 1 
73.7234 	 0 
73.7234 	 1 
73.7350 	 2 
74.1529 	 2 
74.2690 	 2 
74.2806 	 1 
74.6986 	 2 
74.8263 	 2 
75.0817 	 2 
75.2327 	 2 
75.3604 	 1 
75.3720 	 2 
75.7783 	 2 
75.8828 	 0 
75.8828 	 1 
75.8944 	 2 
76.0337 	 2 
76.3240 	 2 
76.5794 	 2 
76.7187 	 1 
76.7187 	 2 
76.8697 	 2 
76.9858 	 2 
77.1135 	 2 
77.2528 	 1 
77.2528 	 2 
77.5198 	 1 
77.6591 	 2 
77.7868 	 2 
77.9262 	 2 
78.0539 	 0 
78.0539 	 2 
78.0539 	 1 
78.4718 	 2 
78.5879 	 1 
79.0175 	 2 
79.1452 	 2 
79.5400 	 2 
79.6561 	 2 
79.6561 	 1 
80.0972 	 2 
80.2133 	 1 
80.2133 	 0 
80.2249 	 2 
80.4920 	 2 
80.6197 	 2 
80.7474 	 2 
80.7474 	 1 
80.8983 	 2 
81.0144 	 0 
81.0260 	 2 
81.1654 	 2 
81.3047 	 2 
81.3047 	 0 
81.4440 	 2 
81.5717 	 2 
81.6994 	 2 
81.6994 	 1 
81.8387 	 1 
81.8387 	 2 
81.9780 	 2 
82.0941 	 2 
82.1058 	 1 
82.2335 	 0 
82.2451 	 2 
82.3844 	 2 
82.5237 	 2 
82.7907 	 0 
82.7907 	 2 
82.9301 	 1 
82.9301 	 2 
83.0578 	 2 
83.1971 	 2 
83.1971 	 0 
83.3364 	 2 
83.4641 	 2 
83.4641 	 0 
83.4641 	 1 
83.7312 	 2 
83.8705 	 2 
83.9982 	 2 
83.9982 	 1 
84.1491 	 2 
84.2768 	 2 
84.4161 	 2 
84.5439 	 0 
84.5555 	 2 
84.9502 	 2 
85.0779 	 1 
85.3566 	 0 
85.3566 	 2 
85.4959 	 2 
85.6236 	 2 
85.6236 	 0 
85.7745 	 2 
85.8906 	 2 
86.0415 	 2 
86.1576 	 1 
86.1809 	 2 
86.4363 	 2 
86.5524 	 0 
86.5756 	 2 
86.7149 	 2 
86.8542 	 2 
86.9820 	 2 
87.1097 	 2 
87.1097 	 0 
87.2490 	 1 
87.2606 	 2 
87.5160 	 2 
87.6553 	 2 
87.7830 	 0 
87.7946 	 2 
87.9340 	 2 
88.0617 	 2 
88.1894 	 2 
88.3287 	 2 
88.3287 	 1 
88.4680 	 2 
88.5957 	 2 
88.7351 	 2 
88.8512 	 0 
88.8512 	 1 
88.8628 	 2 
89.0137 	 2 
89.1182 	 2 
89.2575 	 2 
89.3968 	 1 
89.6755 	 2 
89.8148 	 2 
89.9425 	 2 
90.0934 	 2 
90.2211 	 2 
90.3488 	 2 
90.3721 	 0 
90.4766 	 1 
90.6275 	 2 
90.7668 	 2 
90.8713 	 0 
90.8713 	 1 
90.8829 	 2 
91.3009 	 2 
91.4402 	 2 
91.4402 	 0 
91.5795 	 2 
91.5795 	 1 
91.8233 	 0 
91.8349 	 2 
91.9742 	 2 
92.1020 	 2 
92.1020 	 0 
92.2529 	 2 
92.3806 	 2 
92.5199 	 2 
92.6476 	 1 
92.7985 	 2 
92.9263 	 2 
93.0540 	 2 
93.1817 	 1 
93.1933 	 2 
93.1933 	 0 
93.4603 	 2 
93.5996 	 2 
93.7273 	 1 
93.7273 	 2 
93.8086 	 1 
93.8783 	 2 
94.0060 	 2 
94.1453 	 2 
94.2614 	 0 
94.2614 	 2 
94.4123 	 2 
94.5517 	 2 
94.6794 	 2 
94.8071 	 1 
94.8303 	 1 
94.9580 	 2 
95.0857 	 2 
95.2134 	 0 
95.2134 	 2 
95.3527 	 2 
95.4921 	 2 
95.6198 	 2 
95.7591 	 2 
95.7591 	 0 
95.8984 	 2 
95.8984 	 1 
96.0377 	 2 
96.1654 	 2 
96.3164 	 2 
96.4325 	 0 
96.5834 	 2 
96.7111 	 2 
96.8388 	 2 
96.9781 	 2 
96.9781 	 1 
97.2452 	 2 
97.3613 	 2 
97.3729 	 1 
99.1608 	 1 
99.6833 	 2 
99.9387 	 2 
100.0896 	 2 
100.0896 	 0 
100.2289 	 1 
100.3566 	 2 
100.4960 	 0 
100.4960 	 2 
100.6585 	 2 
100.7630 	 2 
100.7630 	 0 
101.0416 	 2 
101.1810 	 2 
101.3087 	 1 
101.8427 	 0 
101.8427 	 2 
102.3884 	 1 
102.9224 	 0 
103.4681 	 1 
103.8629 	 0 
103.8745 	 2 
104.0138 	 2 
104.1183 	 2 
104.2576 	 2 
104.4085 	 2 
104.4085 	 0 
104.5478 	 1 
104.6872 	 2 
104.8265 	 2 
104.9774 	 2 
105.0819 	 0 
105.0819 	 2 
105.3722 	 2 
105.5115 	 2 
105.6276 	 1 
105.6276 	 2 
105.9062 	 2 
106.1732 	 0 
106.6957 	 1 
107.2530 	 2 
107.2530 	 0 
107.3923 	 2 
107.3923 	 0 
107.7870 	 1 
108.1818 	 1 
108.1934 	 0 
108.3327 	 2 
108.4488 	 2 
108.5765 	 2 
108.7390 	 0 
108.7390 	 2 
108.8784 	 1 
108.8900 	 2 
109.1454 	 0 
109.1454 	 2 
109.3079 	 2 
109.4124 	 2 
109.4124 	 0 
109.8304 	 2 
109.9581 	 1 
110.4805 	 1 
110.4922 	 0 
111.1888 	 2 
111.5719 	 0 
111.7228 	 2 
112.1176 	 1 
112.3730 	 2 
112.5123 	 2 
112.5123 	 0 
112.6516 	 2 
112.7677 	 2 
112.9070 	 2 
113.0463 	 0 
113.0580 	 2 
113.1973 	 2 
113.1973 	 1 
113.3366 	 2 
113.6036 	 2 
113.7313 	 0 
113.7313 	 2 
113.8823 	 2 
113.9984 	 2 
114.1493 	 2 
114.2770 	 2 
114.2770 	 1 
114.5440 	 2 
114.8111 	 0 
114.8227 	 2 
114.9388 	 2 
115.0781 	 2 
115.2058 	 2 
115.3567 	 1 
115.3567 	 2 
115.6122 	 0 
115.6122 	 1 
115.6122 	 2 
115.7631 	 2 
115.9024 	 2 
115.9024 	 0 
116.2971 	 2 
116.4365 	 1 
116.6919 	 2 
116.8196 	 1 
116.8312 	 0 
116.8312 	 2 
116.8893 	 1 
116.9821 	 2 
117.2608 	 2 
117.3769 	 2 
117.3885 	 0 
117.5394 	 1 
117.7948 	 0 
117.7948 	 2 
117.9574 	 2 
118.0619 	 0 
118.0619 	 2 
118.3405 	 2 
118.4798 	 2 
118.5959 	 1 
118.6424 	 1 
119.0023 	 2 
119.1184 	 1 
119.1416 	 0 
119.1532 	 2 
119.5712 	 2 
119.6756 	 1 
119.9427 	 2 
119.9543 	 0 
120.1052 	 2 
120.2213 	 2 
120.2213 	 0 
120.7670 	 1 
121.0224 	 2 
121.1385 	 1 
121.1501 	 0 
121.1501 	 2 
121.2430 	 2 
121.3127 	 2 
121.4288 	 2 
121.5681 	 2 
121.6958 	 0 
121.6958 	 1 
121.7074 	 2 
121.8467 	 2 
121.8467 	 1 
122.1254 	 2 
122.2647 	 2 
122.3808 	 1 
122.3808 	 2 
122.3808 	 0 
122.7871 	 2 
122.7871 	 0 
122.9380 	 1 
122.9380 	 2 
123.3444 	 2 
123.4489 	 1 
123.4605 	 2 
123.4605 	 0 
123.7275 	 2 
123.8552 	 2 
124.0062 	 2 
124.0062 	 1 
124.4009 	 2 
124.5170 	 0 
124.5402 	 0 
124.5402 	 2 
124.6912 	 2 
124.9466 	 2 
125.0743 	 1 
125.0859 	 2 
125.3529 	 2 
125.4574 	 2 
125.4690 	 0 
125.6200 	 0 
125.6316 	 2 
125.7593 	 2 
125.8870 	 2 
126.0379 	 0 
126.0379 	 2 
126.1772 	 1 
126.1772 	 2 
126.4559 	 2 
126.4675 	 0 
126.5836 	 2 
126.7113 	 2 
126.7113 	 0 
126.8506 	 2 
126.9783 	 2 
127.1293 	 2 
127.2454 	 1 
127.6401 	 2 
127.7214 	 2 
127.7678 	 1 
127.7794 	 2 
127.7910 	 0 
128.0697 	 2 
128.2206 	 2 
128.3251 	 1 
128.6153 	 2 
128.7430 	 2 
128.8707 	 2 
128.8707 	 0 
129.2771 	 2 
129.4048 	 1 
129.6834 	 2 
129.7879 	 1 
129.7995 	 2 
129.7995 	 0 
129.9505 	 2 
130.0782 	 2 
130.2175 	 2 
130.3452 	 0 
130.3568 	 2 
130.4961 	 1 
130.5078 	 2 
130.6355 	 2 
130.7748 	 2 
130.9141 	 2 
131.0302 	 2 
131.0302 	 0 
131.2972 	 2 
131.4366 	 2 
131.5759 	 1 
131.9938 	 2 
132.0983 	 1 
132.1099 	 0 
132.1215 	 2 
132.3770 	 2 
132.5047 	 2 
132.6324 	 1 
132.6440 	 2 
132.7949 	 2 
132.9110 	 2 
132.9110 	 0 
133.0620 	 2 
133.1780 	 1 
133.1897 	 2 
133.2013 	 0 
133.3406 	 2 
133.4683 	 2 
133.4683 	 1 
133.5960 	 2 
133.7237 	 1 
133.8746 	 2 
134.0024 	 2 
134.1301 	 0 
134.1417 	 2 
134.4087 	 2 
134.6641 	 1 
134.6757 	 0 
134.6873 	 2 
134.8267 	 1 
135.0821 	 0 
135.0937 	 2 
135.2214 	 2 
135.3607 	 2 
135.3607 	 0 
135.6278 	 2 
135.7671 	 2 
135.8832 	 1 
135.8948 	 2 
135.9644 	 1 
136.0341 	 2 
136.1734 	 2 
136.3011 	 2 
136.4288 	 1 
136.4288 	 0 
136.4405 	 2 
136.8468 	 2 
136.9629 	 1 
137.2532 	 2 
137.2532 	 0 
137.3925 	 2 
137.5202 	 2 
137.5202 	 0 
137.6479 	 2 
137.7872 	 2 
137.9265 	 2 
138.0426 	 1 
138.0659 	 2 
138.3329 	 2 
138.4490 	 0 
138.4606 	 2 
138.5419 	 2 
138.5999 	 2 
138.7392 	 2 
138.8553 	 2 
138.9946 	 2 
138.9946 	 0 
139.1340 	 1 
139.1456 	 2 
139.4126 	 2 
139.4126 	 1 
139.5519 	 2 
139.6796 	 2 
139.6796 	 0 
139.8306 	 2 
139.9583 	 2 
140.0860 	 2 
140.2137 	 1 
140.2253 	 2 
140.3530 	 2 
140.4923 	 2 
140.6317 	 2 
140.7361 	 1 
140.7478 	 0 
140.7594 	 2 
140.9103 	 2 
141.0264 	 2 
141.1425 	 2 
141.2586 	 2 
141.2934 	 1 
141.4444 	 2 
141.5605 	 2 
141.6998 	 2 
141.8275 	 0 
141.8275 	 2 
141.9784 	 2 
142.1177 	 2 
142.2454 	 2 
142.2571 	 0 
142.3615 	 1 
142.5241 	 2 
142.6518 	 2 
142.7679 	 0 
142.7795 	 2 
142.9188 	 2 
143.3252 	 0 
143.3368 	 2 
143.4645 	 1 
143.4761 	 2 
143.7199 	 2 
143.7199 	 0 
143.8708 	 2 
143.9869 	 0 
144.0102 	 2 
144.1379 	 2 
144.2656 	 2 
144.4165 	 2 
144.5442 	 1 
144.6835 	 2 
144.8112 	 2 
144.9506 	 2 
145.0783 	 2 
145.0783 	 1 
145.0899 	 0 
145.3453 	 2 
145.4846 	 2 
145.6239 	 1 
145.6239 	 2 
145.7633 	 2 
145.9026 	 2 
146.0303 	 2 
146.1580 	 2 
146.1580 	 0 
146.2973 	 2 
146.4366 	 2 
146.5760 	 2 
146.6921 	 1 
146.8430 	 2 
146.9707 	 2 
147.0984 	 0 
147.0984 	 2 
147.2377 	 2 
147.3887 	 2 
147.5048 	 2 
147.6441 	 0 
147.6441 	 2 
147.7950 	 1 
147.7950 	 2 
148.0620 	 2 
148.2014 	 2 
148.3175 	 1 
148.3291 	 2 
148.3291 	 0 
148.4684 	 2 
148.5961 	 2 
148.7354 	 2 
148.8747 	 1 
149.0024 	 2 
149.1418 	 2 
149.2811 	 2 
149.4088 	 0 
149.4088 	 2 
149.4088 	 1 
149.5597 	 2 
149.6758 	 2 
149.8035 	 2 
149.9429 	 2 
149.9429 	 1 
150.0938 	 2 
150.2099 	 2 
150.2099 	 0 
150.3492 	 2 
150.4885 	 1 
150.4885 	 2 
150.4885 	 0 
150.6395 	 2 
150.7556 	 2 
150.8949 	 2 
151.0342 	 1 
151.1735 	 2 
151.2316 	 2 
151.2780 	 1 
151.2896 	 2 
151.4173 	 0 
151.4289 	 2 
151.5683 	 2 
151.7076 	 2 
151.8469 	 2 
151.9746 	 0 
151.9862 	 2 
152.1255 	 1 
152.1255 	 2 
152.3810 	 2 
152.3810 	 0 
152.5203 	 2 
152.6480 	 1 
152.6596 	 2 
152.6596 	 0 
152.9266 	 2 
153.0659 	 2 
153.1820 	 1 
153.1937 	 2 
153.3330 	 2 
153.4723 	 2 
153.6000 	 2 
153.6000 	 1 
153.7393 	 2 
153.7393 	 0 
154.1341 	 2 
154.2618 	 1 
154.2734 	 2 
154.4127 	 2 
154.5404 	 2 
154.5404 	 0 
154.6913 	 2 
154.8074 	 0 
154.8190 	 2 
154.9584 	 2 
155.0861 	 2 
155.2254 	 2 
155.3415 	 1 
155.3531 	 2 
155.4924 	 2 
155.6201 	 2 
155.7362 	 0 
155.7478 	 2 
155.8988 	 2 
156.0265 	 2 
156.1658 	 2 
156.2935 	 2 
156.2935 	 0 
156.4328 	 1 
156.4561 	 2 
156.5722 	 2 
156.7115 	 2 
156.8508 	 2 
156.9669 	 0 
157.1178 	 2 
157.2455 	 2 
157.3849 	 2 
157.5126 	 1 
157.6635 	 2 
157.7796 	 2 
157.9305 	 2 
158.0350 	 1 
158.0466 	 0 
158.3253 	 2 
158.4414 	 2 
158.5807 	 1 
158.7432 	 2 
158.8709 	 2 
159.0102 	 2 
159.1263 	 0 
159.1263 	 2 
159.2773 	 2 
159.4050 	 2 
159.5443 	 2 
159.5559 	 0 
159.6720 	 1 
159.8113 	 2 
159.9390 	 2 
160.0668 	 0 
160.0784 	 2 
160.2177 	 2 
160.6124 	 1 
160.6240 	 2 
160.6240 	 0 
160.7634 	 2 
160.7634 	 1 
160.9027 	 2 
161.0188 	 2 
161.0188 	 0 
161.1697 	 2 
161.2858 	 0 
161.2858 	 2 
161.4483 	 2 
161.5644 	 2 
161.7038 	 1 
161.7154 	 2 
161.8431 	 1 
161.9824 	 2 
162.1101 	 2 
162.2494 	 2 
162.3771 	 0 
162.3771 	 2 
162.3771 	 1 
162.6210 	 1 
162.7835 	 2 
162.9112 	 2 
162.9112 	 1 
163.0621 	 2 
163.1898 	 2 
163.3292 	 2 
163.4337 	 1 
163.4453 	 0 
163.4569 	 2 
163.5962 	 2 
163.7355 	 2 
163.8632 	 2 
164.0141 	 1 
164.1419 	 2 
164.2696 	 2 
164.3973 	 2 
164.3973 	 0 
164.4553 	 1 
164.5366 	 2 
164.6875 	 2 
164.8036 	 2 
164.9429 	 2 
164.9429 	 0 
165.0823 	 1 
165.0939 	 2 
165.2100 	 2 
165.3493 	 2 
165.5002 	 2 
165.6163 	 0 
165.6279 	 2 
165.7673 	 2 
165.8834 	 2 
166.0227 	 2 
166.1620 	 1 
166.1736 	 2 
166.3013 	 2 
166.4406 	 2 
166.5800 	 2 
166.8470 	 2 
166.9747 	 2 
167.1140 	 2 
167.2533 	 2 
167.3810 	 2 
167.5204 	 2 
167.6481 	 2 
167.9267 	 2 
168.0544 	 2 
168.1937 	 2 
168.3331 	 2 
168.4724 	 2 
168.6001 	 2 
168.7394 	 2 
169.0064 	 2 
169.1458 	 2 
169.2735 	 2 
169.4128 	 2 
169.4128 	 1 
169.5405 	 2 
169.6798 	 2 
169.8191 	 2 
170.0862 	 2 
170.2139 	 2 
170.3532 	 2 
170.4925 	 2 
170.6318 	 2 
170.7595 	 2 
170.8989 	 2 
171.0382 	 2 
171.1659 	 2 
171.3052 	 2 
171.4329 	 2 
171.5722 	 2 
171.5722 	 1 
171.7116 	 2 
171.8509 	 2 
171.9902 	 2 
172.2456 	 2 
172.3849 	 2 
172.5243 	 2 
172.6520 	 2 
172.6636 	 1 
172.7913 	 2 
172.9190 	 2 
173.0583 	 2 
173.3370 	 2 
173.4647 	 2 
173.6040 	 2 
173.7317 	 2 
173.8710 	 2 
174.0103 	 2 
174.1380 	 2 
174.2658 	 2 
174.4051 	 2 
174.5444 	 2 
174.6837 	 2 
174.8230 	 1 
174.8230 	 2 
174.9507 	 2 
175.0901 	 2 
175.2294 	 2 
175.4964 	 2 
175.6241 	 2 
175.7518 	 2 
176.0421 	 2 
176.1698 	 2 
176.3091 	 2 
176.5645 	 2 
176.7039 	 2 
176.8432 	 2 
176.9709 	 2 
176.9825 	 1 
177.1102 	 2 
177.2495 	 2 
177.3888 	 2 
177.6443 	 2 
177.7836 	 2 
177.9229 	 2 
178.0738 	 1 
178.1899 	 2 
178.3293 	 2 
178.4686 	 2 
178.6079 	 2 
178.7356 	 2 
178.8749 	 2 
179.0026 	 2 
179.1536 	 2 
179.2813 	 2 
179.4090 	 2 
179.5483 	 2 
179.6876 	 2 
179.8153 	 2 
179.9546 	 2 
180.0824 	 2 
180.2565 	 1 
180.3610 	 2 
180.4887 	 2 
180.6280 	 2 
180.7673 	 2 
180.8951 	 2 
181.0344 	 2 
181.1737 	 2 
181.3130 	 2 
181.4407 	 2 
181.5684 	 2 
181.6961 	 2 
181.8471 	 2 
181.9748 	 2 
182.1141 	 2 
182.2418 	 2 
182.5205 	 2 
182.6482 	 2 
182.7875 	 2 
183.0545 	 2 
183.1938 	 2 
183.3332 	 2 
183.4725 	 2 
183.6002 	 2 
183.7395 	 2 
183.8672 	 2 
184.1459 	 2 
184.2736 	 2 
184.4129 	 2 
184.6799 	 2 
184.8192 	 2 
184.9469 	 2 
185.2140 	 2 
185.3533 	 2 
185.4926 	 2 
185.7596 	 2 
185.8990 	 2 
186.0267 	 2 
186.3053 	 2 
186.4330 	 2 
186.5723 	 2 
186.8394 	 2 
186.9787 	 2 
187.1064 	 2 
187.3850 	 2 
187.5127 	 2 
187.6521 	 2 
187.9191 	 2 
188.0584 	 2 
188.1861 	 2 
188.4532 	 2 
188.5925 	 2 
