1.3003 	 2 
1.5673 	 0 
1.5673 	 2 
1.5673 	 1 
1.6834 	 2 
1.8228 	 2 
1.8344 	 1 
1.9389 	 1 
1.9505 	 2 
2.0782 	 2 
2.0782 	 1 
2.2291 	 2 
2.3220 	 2 
2.4613 	 1 
2.4729 	 2 
2.5542 	 1 
2.5658 	 2 
2.6239 	 2 
2.6239 	 1 
3.0534 	 1 
3.0650 	 2 
3.3321 	 2 
3.4714 	 2 
3.4714 	 1 
3.6107 	 2 
3.6107 	 1 
3.7268 	 2 
3.8777 	 2 
3.8893 	 1 
4.1215 	 2 
4.1215 	 1 
4.2725 	 2 
4.2841 	 1 
4.3770 	 2 
4.3886 	 1 
4.4931 	 1 
4.4931 	 2 
4.6440 	 1 
4.6440 	 2 
4.7717 	 0 
4.7833 	 1 
4.7833 	 2 
4.9342 	 1 
4.9459 	 0 
4.9459 	 2 
5.0852 	 1 
5.0968 	 0 
5.0968 	 2 
5.2245 	 2 
5.3174 	 1 
5.3290 	 2 
5.3290 	 0 
5.4102 	 2 
5.4683 	 2 
5.5380 	 2 
5.6308 	 0 
5.6424 	 1 
5.6424 	 2 
5.7934 	 2 
5.8282 	 1 
5.9211 	 2 
5.9443 	 1 
6.0256 	 2 
6.1649 	 2 
6.1649 	 1 
6.1997 	 2 
6.3042 	 1 
6.3042 	 2 
6.4319 	 1 
6.4319 	 2 
6.5596 	 2 
6.6409 	 1 
6.7106 	 2 
6.8151 	 1 
6.8267 	 2 
6.9776 	 0 
6.9892 	 2 
7.0008 	 1 
7.1401 	 1 
7.1401 	 0 
7.1517 	 2 
7.3607 	 2 
7.3723 	 1 
7.5117 	 1 
7.6742 	 2 
7.6742 	 1 
7.7787 	 2 
7.7787 	 1 
7.8716 	 2 
7.8716 	 1 
7.9877 	 2 
7.9993 	 1 
8.0689 	 1 
8.2083 	 2 
8.2083 	 1 
8.3592 	 2 
8.3592 	 1 
8.4869 	 1 
8.4869 	 2 
8.6030 	 2 
8.6959 	 1 
8.7539 	 2 
8.7539 	 1 
8.8700 	 2 
8.8700 	 1 
8.8700 	 0 
9.0326 	 2 
9.0558 	 1 
9.1138 	 1 
9.1254 	 2 
9.1254 	 0 
9.1951 	 2 
9.1951 	 0 
9.2067 	 1 
9.3809 	 1 
9.3809 	 2 
9.3925 	 0 
9.5550 	 1 
9.5666 	 2 
9.7176 	 2 
9.7176 	 1 
9.9381 	 1 
9.9381 	 2 
10.0542 	 2 
10.1123 	 2 
10.1123 	 1 
10.2400 	 2 
10.2516 	 1 
10.4141 	 2 
10.4141 	 1 
10.4141 	 0 
10.5651 	 2 
10.5651 	 0 
10.5651 	 1 
10.7276 	 2 
10.7276 	 0 
10.7392 	 1 
10.9134 	 2 
10.9134 	 1 
10.9250 	 0 
11.0759 	 2 
11.0991 	 2 
11.0991 	 1 
11.1688 	 2 
11.1688 	 0 
11.1804 	 1 
11.2501 	 0 
11.2501 	 2 
11.2501 	 1 
11.3662 	 2 
11.4242 	 2 
11.4358 	 0 
11.4358 	 1 
11.6100 	 2 
11.7609 	 2 
11.7841 	 1 
11.8073 	 2 
12.0744 	 2 
12.0744 	 1 
12.3066 	 2 
12.3066 	 1 
12.4575 	 1 
12.4575 	 2 
12.5736 	 1 
12.5852 	 2 
12.7013 	 2 
12.7013 	 1 
12.8522 	 1 
12.8522 	 2 
12.9683 	 1 
12.9683 	 0 
12.9683 	 2 
13.1541 	 1 
13.1541 	 2 
13.2934 	 2 
13.4908 	 2 
13.5372 	 1 
13.6069 	 0 
13.6069 	 2 
13.6185 	 1 
13.8623 	 2 
13.8855 	 1 
14.1293 	 2 
14.1526 	 1 
14.2571 	 2 
14.3848 	 1 
14.3964 	 2 
14.6402 	 1 
14.6402 	 2 
14.7679 	 1 
14.7795 	 2 
14.8608 	 1 
14.9188 	 2 
14.9188 	 1 
15.0233 	 1 
15.0233 	 0 
15.0233 	 2 
15.2787 	 0 
15.2787 	 2 
15.2787 	 1 
15.4413 	 2 
15.4413 	 1 
15.5690 	 2 
15.6502 	 1 
15.6619 	 2 
15.7663 	 1 
15.7663 	 2 
15.9289 	 1 
15.9289 	 2 
16.1843 	 2 
16.1959 	 1 
16.4397 	 2 
16.4397 	 1 
16.6951 	 1 
16.6951 	 2 
16.7996 	 1 
16.8112 	 2 
16.9390 	 1 
16.9506 	 2 
17.0667 	 0 
17.0667 	 1 
17.0667 	 2 
17.3337 	 1 
17.3337 	 2 
17.3453 	 0 
17.4730 	 2 
17.5891 	 1 
17.6007 	 2 
17.7168 	 2 
17.7168 	 0 
17.7168 	 1 
17.8561 	 1 
17.8561 	 2 
17.9722 	 2 
17.9722 	 0 
17.9722 	 1 
18.0883 	 1 
18.1000 	 2 
18.2393 	 2 
18.2393 	 1 
18.3554 	 2 
18.3554 	 1 
18.4831 	 2 
18.4831 	 1 
18.6108 	 1 
18.6108 	 0 
18.6108 	 2 
18.7385 	 1 
18.7385 	 0 
18.7501 	 2 
18.8546 	 0 
18.8662 	 1 
18.8662 	 2 
18.9707 	 2 
19.0171 	 1 
19.0171 	 2 
19.1216 	 2 
19.1216 	 0 
19.1332 	 1 
19.3771 	 2 
19.3887 	 1 
19.6325 	 2 
19.6325 	 0 
19.6441 	 1 
19.7602 	 2 
19.7602 	 1 
19.8763 	 1 
19.8879 	 2 
19.9227 	 2 
20.0272 	 2 
20.0272 	 1 
20.1433 	 1 
20.1433 	 2 
20.2942 	 1 
20.2942 	 2 
20.4220 	 2 
20.5264 	 1 
20.5380 	 2 
20.6774 	 1 
20.6890 	 2 
20.7935 	 2 
20.7935 	 1 
20.9096 	 2 
20.9096 	 1 
21.0489 	 1 
21.0489 	 2 
21.1650 	 2 
21.1766 	 1 
21.1766 	 0 
21.4320 	 1 
21.4320 	 0 
21.4320 	 2 
21.4668 	 1 
21.5597 	 2 
21.6990 	 2 
21.6990 	 1 
21.8151 	 1 
21.8268 	 2 
21.9661 	 1 
21.9661 	 2 
22.0822 	 0 
22.0822 	 1 
22.0822 	 2 
22.1983 	 2 
22.1983 	 1 
22.3376 	 2 
22.3376 	 1 
22.4537 	 2 
22.4653 	 1 
22.5814 	 1 
22.5930 	 0 
22.5930 	 2 
22.7091 	 2 
22.7091 	 1 
22.7091 	 0 
22.8484 	 1 
22.8484 	 0 
22.8484 	 2 
22.9645 	 1 
22.9645 	 0 
22.9645 	 2 
23.0806 	 1 
23.1155 	 2 
23.1271 	 1 
23.2200 	 1 
23.2316 	 2 
23.2548 	 1 
23.4986 	 2 
23.6263 	 2 
23.7540 	 2 
23.8469 	 1 
23.8701 	 2 
23.9746 	 1 
23.9862 	 2 
24.1255 	 1 
24.1255 	 2 
24.2416 	 2 
24.3926 	 2 
24.4158 	 1 
24.5319 	 2 
24.6364 	 2 
24.6364 	 1 
24.6364 	 0 
24.8221 	 2 
24.8221 	 1 
24.9034 	 2 
24.9034 	 1 
25.0079 	 1 
25.0195 	 2 
25.1472 	 1 
25.1588 	 2 
25.2749 	 2 
25.2749 	 1 
25.2865 	 0 
25.5536 	 2 
25.5536 	 1 
25.5536 	 0 
25.6813 	 2 
25.7974 	 1 
25.7974 	 0 
25.8090 	 2 
25.9251 	 2 
25.9251 	 1 
26.0644 	 2 
26.0644 	 1 
26.1921 	 1 
26.1921 	 2 
26.3082 	 1 
26.3082 	 2 
26.3430 	 2 
26.4475 	 2 
26.4475 	 1 
26.5636 	 2 
26.5636 	 1 
26.6913 	 2 
26.6913 	 1 
26.8074 	 0 
26.8074 	 2 
26.8190 	 1 
26.9468 	 2 
26.9468 	 0 
26.9468 	 1 
27.0629 	 0 
27.0629 	 1 
27.0745 	 2 
27.2138 	 2 
27.3299 	 1 
27.3299 	 0 
27.3299 	 2 
27.5853 	 2 
27.5969 	 1 
27.7130 	 2 
27.8407 	 2 
27.9568 	 1 
27.9684 	 2 
28.0729 	 1 
28.0845 	 2 
28.2239 	 1 
28.2355 	 2 
28.3516 	 2 
28.5025 	 1 
28.5025 	 2 
28.6186 	 2 
28.7347 	 1 
28.7463 	 2 
28.8740 	 2 
28.8740 	 1 
29.0017 	 1 
29.0017 	 2 
29.1178 	 2 
29.1178 	 1 
29.2455 	 1 
29.2571 	 2 
29.3732 	 2 
29.3849 	 1 
29.3849 	 0 
29.6403 	 1 
29.6403 	 0 
29.6403 	 2 
29.6751 	 1 
29.7680 	 2 
29.8957 	 2 
29.9073 	 1 
30.0234 	 2 
30.0234 	 1 
30.1627 	 2 
30.1627 	 1 
30.2788 	 2 
30.2788 	 0 
30.2788 	 1 
30.4065 	 2 
30.4065 	 1 
30.5342 	 2 
30.5459 	 1 
30.6620 	 1 
30.6736 	 2 
30.7897 	 2 
30.7897 	 1 
30.9058 	 0 
30.9174 	 1 
30.9174 	 2 
31.0451 	 0 
31.0567 	 2 
31.0567 	 1 
31.1612 	 0 
31.1612 	 1 
31.1728 	 2 
31.3237 	 2 
31.3353 	 1 
31.4282 	 0 
31.4282 	 1 
31.4282 	 2 
31.6952 	 0 
31.6952 	 2 
31.6952 	 1 
31.7301 	 1 
31.8346 	 2 
31.9507 	 2 
32.0551 	 1 
32.0551 	 2 
32.1712 	 2 
32.1712 	 1 
32.3222 	 2 
32.3222 	 1 
32.4847 	 2 
32.6008 	 2 
32.6008 	 1 
32.7285 	 2 
32.8330 	 2 
32.8446 	 1 
32.8446 	 0 
33.1000 	 2 
33.1000 	 1 
33.2161 	 2 
33.2161 	 1 
33.3555 	 1 
33.3555 	 2 
33.4832 	 1 
33.4832 	 0 
33.4832 	 2 
33.7386 	 0 
33.7386 	 2 
33.7386 	 1 
33.9940 	 2 
34.0056 	 0 
34.0056 	 1 
34.1217 	 1 
34.1333 	 2 
34.2610 	 1 
34.2727 	 2 
34.3771 	 1 
34.3888 	 0 
34.3888 	 2 
34.5049 	 2 
34.5049 	 1 
34.6326 	 1 
34.6442 	 2 
34.7603 	 2 
34.7719 	 1 
34.8880 	 1 
34.8996 	 2 
35.0157 	 1 
35.0157 	 0 
35.0157 	 2 
35.1434 	 2 
35.1434 	 1 
35.1550 	 0 
35.2711 	 1 
35.2711 	 0 
35.2827 	 2 
35.4220 	 2 
35.4337 	 1 
35.5265 	 2 
35.5381 	 1 
35.5381 	 0 
35.7936 	 0 
35.7936 	 1 
35.7936 	 2 
35.8284 	 1 
36.0490 	 2 
36.0490 	 1 
36.0490 	 0 
36.1651 	 1 
36.1651 	 0 
36.1651 	 2 
36.2928 	 1 
36.2928 	 2 
36.3276 	 2 
36.4321 	 1 
36.4437 	 2 
36.5598 	 2 
36.5714 	 1 
36.6991 	 1 
36.7107 	 2 
36.8268 	 2 
36.9429 	 1 
36.9429 	 2 
37.0939 	 2 
37.0939 	 1 
37.1984 	 2 
37.2100 	 1 
37.3145 	 2 
37.3145 	 1 
37.4654 	 2 
37.4654 	 1 
37.5815 	 0 
37.5815 	 2 
37.5931 	 1 
37.8485 	 0 
37.8485 	 1 
37.8485 	 2 
37.9646 	 2 
38.1039 	 1 
38.1039 	 2 
38.1039 	 0 
38.2317 	 1 
38.2317 	 2 
38.3710 	 2 
38.4871 	 2 
38.4871 	 1 
38.4871 	 0 
38.6032 	 1 
38.6148 	 2 
38.7425 	 1 
38.7541 	 2 
38.8702 	 1 
38.8702 	 2 
38.9979 	 0 
38.9979 	 2 
38.9979 	 1 
39.1140 	 0 
39.1256 	 2 
39.1256 	 1 
39.2533 	 1 
39.2533 	 0 
39.2533 	 2 
39.3694 	 1 
39.3694 	 0 
39.3694 	 2 
39.5204 	 1 
39.5320 	 2 
39.6365 	 0 
39.6365 	 2 
39.6365 	 1 
39.9151 	 1 
39.9267 	 2 
40.0312 	 2 
40.1589 	 2 
40.2634 	 1 
40.2750 	 2 
40.3795 	 2 
40.3911 	 1 
40.5304 	 2 
40.5420 	 1 
40.6930 	 2 
40.8091 	 1 
40.8091 	 2 
40.9368 	 2 
41.0413 	 2 
41.0413 	 1 
41.0413 	 0 
41.2154 	 2 
41.3199 	 2 
41.3199 	 1 
41.4244 	 2 
41.4244 	 1 
41.5637 	 2 
41.5637 	 1 
41.6914 	 0 
41.6914 	 2 
41.6914 	 1 
41.9468 	 2 
41.9468 	 1 
41.9585 	 0 
42.2139 	 2 
42.3300 	 2 
42.3300 	 1 
42.4577 	 1 
42.4693 	 2 
42.5854 	 1 
42.5970 	 2 
42.7015 	 1 
42.7131 	 2 
42.8408 	 2 
42.9685 	 2 
42.9801 	 1 
43.0962 	 2 
43.0962 	 1 
43.1078 	 0 
43.2239 	 2 
43.2239 	 1 
43.2239 	 0 
43.3517 	 2 
43.3517 	 1 
43.3633 	 0 
43.4794 	 1 
43.4794 	 2 
43.6187 	 2 
43.7348 	 1 
43.7348 	 2 
43.7464 	 0 
44.0018 	 1 
44.0018 	 2 
44.1179 	 1 
44.1295 	 2 
44.2572 	 2 
44.2572 	 1 
44.3617 	 1 
44.3733 	 2 
44.4894 	 2 
44.4894 	 1 
44.5359 	 2 
44.6404 	 1 
44.6404 	 2 
44.7565 	 2 
44.9074 	 1 
44.9074 	 2 
45.0351 	 2 
45.1396 	 1 
45.1512 	 2 
45.2905 	 2 
45.3950 	 1 
45.4066 	 2 
45.5111 	 2 
45.5227 	 1 
45.6620 	 2 
45.6620 	 1 
46.0452 	 2 
46.0452 	 1 
46.1845 	 2 
46.2890 	 1 
46.3122 	 2 
46.4283 	 1 
46.4399 	 2 
46.6837 	 2 
46.6837 	 1 
46.9507 	 1 
46.9624 	 2 
47.0668 	 1 
47.0785 	 2 
47.2062 	 1 
47.2178 	 2 
47.3223 	 2 
47.3223 	 1 
47.3223 	 0 
47.4616 	 2 
47.4616 	 1 
47.4616 	 0 
47.5777 	 2 
47.5893 	 1 
47.5893 	 0 
47.6822 	 1 
47.6938 	 2 
47.7402 	 2 
47.7402 	 1 
47.8679 	 2 
47.8795 	 1 
47.9724 	 1 
47.9724 	 2 
47.9724 	 0 
48.3672 	 2 
48.4600 	 1 
48.4600 	 2 
48.5878 	 2 
48.7039 	 1 
48.7387 	 2 
48.7503 	 1 
48.8083 	 1 
49.0173 	 1 
49.0173 	 2 
49.2495 	 2 
49.2495 	 0 
49.2611 	 1 
49.5049 	 2 
49.5398 	 1 
49.6327 	 2 
49.7720 	 1 
49.7720 	 2 
49.8765 	 1 
49.8881 	 2 
49.8881 	 0 
50.0506 	 2 
50.0506 	 1 
50.1435 	 2 
50.1551 	 0 
50.1667 	 1 
50.3989 	 2 
50.3989 	 0 
50.4105 	 1 
50.5382 	 2 
50.5382 	 1 
50.6776 	 2 
50.6776 	 1 
50.7937 	 1 
50.7937 	 2 
50.9214 	 2 
50.9214 	 1 
51.0491 	 2 
51.0607 	 1 
51.1768 	 2 
51.1768 	 1 
51.3045 	 2 
51.3045 	 1 
51.4206 	 2 
51.4206 	 0 
51.4322 	 1 
51.5599 	 1 
51.5599 	 2 
51.5599 	 0 
51.6876 	 1 
51.6992 	 2 
51.8269 	 1 
51.8385 	 2 
51.9430 	 1 
51.9430 	 0 
51.9430 	 2 
52.0940 	 2 
52.1985 	 0 
52.1985 	 2 
52.2101 	 1 
52.3378 	 2 
52.4539 	 2 
52.4539 	 1 
52.4539 	 0 
52.5700 	 2 
52.5816 	 1 
52.6861 	 2 
52.7906 	 2 
52.8370 	 1 
52.8486 	 2 
52.9647 	 2 
53.1156 	 2 
53.1156 	 1 
53.2434 	 2 
53.3478 	 1 
53.3595 	 2 
53.4988 	 1 
53.4988 	 2 
53.6149 	 1 
53.6265 	 2 
53.7310 	 1 
53.7310 	 2 
53.8703 	 1 
53.8819 	 2 
53.9864 	 0 
53.9980 	 1 
53.9980 	 2 
54.2534 	 0 
54.2534 	 1 
54.2534 	 2 
54.3927 	 2 
54.5088 	 0 
54.5088 	 2 
54.5088 	 1 
54.6366 	 1 
54.6482 	 2 
54.7759 	 2 
54.8920 	 0 
54.9036 	 2 
54.9036 	 1 
55.0197 	 2 
55.1474 	 1 
55.1590 	 2 
55.2751 	 1 
55.2867 	 2 
55.4028 	 1 
55.4028 	 0 
55.4144 	 2 
55.5305 	 2 
55.5305 	 0 
55.5305 	 1 
55.6582 	 2 
55.6582 	 1 
55.6582 	 0 
55.7743 	 2 
55.7743 	 1 
55.7859 	 0 
55.9369 	 2 
55.9485 	 1 
56.0414 	 0 
56.0414 	 2 
56.0762 	 1 
56.2968 	 1 
56.2968 	 0 
56.3084 	 2 
56.4361 	 2 
56.5522 	 2 
56.5522 	 0 
56.5638 	 1 
56.7960 	 1 
56.7960 	 2 
56.9469 	 2 
56.9469 	 1 
57.0863 	 2 
57.2140 	 2 
57.2140 	 1 
57.3997 	 2 
57.4578 	 2 
57.4578 	 1 
57.6087 	 2 
57.6087 	 1 
57.7248 	 1 
57.7364 	 2 
57.8409 	 1 
57.8525 	 2 
57.9918 	 2 
57.9918 	 1 
58.1079 	 2 
58.1079 	 0 
58.1079 	 1 
58.2589 	 2 
58.3634 	 0 
58.3634 	 2 
58.3750 	 1 
58.5027 	 1 
58.5027 	 2 
58.6304 	 2 
58.6304 	 1 
58.7465 	 1 
58.7581 	 2 
58.8858 	 2 
58.9555 	 2 
59.0135 	 2 
59.0135 	 1 
59.1296 	 2 
59.1412 	 1 
59.2689 	 1 
59.2689 	 2 
59.3850 	 1 
59.3850 	 2 
59.5127 	 1 
59.5244 	 2 
59.5244 	 0 
59.9307 	 1 
59.9307 	 2 
60.0584 	 2 
60.0700 	 1 
60.1629 	 2 
60.4183 	 2 
60.5576 	 2 
60.6505 	 2 
60.6621 	 0 
60.6621 	 1 
60.8015 	 1 
60.8015 	 2 
60.9176 	 1 
60.9176 	 0 
60.9176 	 2 
61.0685 	 2 
61.0801 	 1 
61.1962 	 1 
61.2078 	 2 
61.3239 	 1 
61.3239 	 2 
61.4516 	 1 
61.4516 	 2 
61.5793 	 2 
61.5909 	 1 
61.7186 	 2 
61.7186 	 1 
61.9857 	 2 
62.2063 	 1 
62.2063 	 0 
62.2179 	 2 
62.3572 	 1 
62.3572 	 2 
62.3572 	 0 
62.4617 	 1 
62.4617 	 2 
62.6126 	 2 
62.7403 	 2 
62.8448 	 2 
62.8448 	 1 
62.9725 	 1 
62.9725 	 2 
63.1002 	 1 
63.1002 	 2 
63.1002 	 0 
63.2279 	 2 
63.3556 	 1 
63.3673 	 2 
63.4834 	 2 
63.4834 	 1 
63.5530 	 2 
63.6111 	 2 
63.6111 	 0 
63.6111 	 1 
63.7272 	 0 
63.7388 	 1 
63.7388 	 2 
63.8665 	 1 
63.8665 	 2 
63.8665 	 0 
63.9826 	 1 
63.9826 	 2 
63.9826 	 0 
64.1451 	 2 
64.1451 	 1 
64.2496 	 1 
64.2496 	 0 
64.2496 	 2 
64.4005 	 2 
64.5166 	 1 
64.5166 	 2 
64.6560 	 2 
64.7721 	 2 
64.8766 	 1 
64.8882 	 2 
64.9927 	 2 
65.1552 	 1 
65.1552 	 2 
65.2713 	 2 
65.4106 	 1 
65.4106 	 2 
65.5383 	 2 
65.6660 	 1 
65.6660 	 2 
65.8402 	 1 
66.0840 	 2 
66.0840 	 1 
66.3046 	 0 
66.3046 	 1 
66.3046 	 2 
66.5600 	 0 
66.5600 	 2 
66.5716 	 1 
66.8154 	 2 
66.8154 	 1 
66.8154 	 0 
66.9431 	 1 
66.9431 	 2 
67.0824 	 2 
67.1985 	 1 
67.2102 	 2 
67.3263 	 2 
67.3495 	 1 
67.4656 	 2 
67.4656 	 1 
67.5933 	 1 
67.5933 	 2 
67.7094 	 1 
67.7210 	 2 
67.8371 	 2 
67.8371 	 0 
67.8371 	 1 
67.9648 	 1 
67.9764 	 0 
67.9764 	 2 
68.0925 	 0 
68.0925 	 1 
68.0925 	 2 
68.2434 	 1 
68.2434 	 2 
68.3479 	 0 
68.3479 	 2 
68.3712 	 1 
68.4989 	 2 
68.6034 	 2 
68.6034 	 0 
68.6150 	 1 
68.9865 	 1 
68.9865 	 2 
69.1026 	 1 
69.1026 	 2 
69.2535 	 1 
69.2651 	 2 
69.3812 	 2 
69.3812 	 1 
69.4161 	 2 
69.5205 	 1 
69.5322 	 2 
69.6599 	 2 
69.6599 	 1 
69.7644 	 2 
69.7644 	 1 
69.9153 	 2 
69.9153 	 1 
70.0314 	 2 
70.0430 	 1 
70.1359 	 2 
70.1359 	 1 
70.2288 	 2 
70.2868 	 2 
70.2868 	 1 
70.4029 	 2 
70.4029 	 1 
70.4029 	 0 
70.5654 	 2 
70.6699 	 1 
70.6699 	 2 
70.8093 	 2 
70.9254 	 1 
70.9370 	 2 
71.0415 	 1 
71.0531 	 2 
71.1808 	 2 
71.2504 	 2 
71.3085 	 1 
71.3201 	 2 
71.4362 	 2 
71.4362 	 1 
71.5755 	 2 
71.5755 	 1 
71.6916 	 2 
71.6916 	 1 
71.8077 	 1 
71.8193 	 2 
71.8193 	 0 
71.9354 	 0 
71.9470 	 1 
71.9470 	 2 
72.0747 	 1 
72.0747 	 0 
72.0747 	 2 
72.1908 	 1 
72.1908 	 0 
72.1908 	 2 
72.3418 	 1 
72.3418 	 2 
72.4579 	 2 
72.4579 	 0 
72.4579 	 1 
72.5972 	 2 
72.7133 	 2 
72.7133 	 0 
72.7133 	 1 
72.7829 	 2 
72.7829 	 1 
72.8526 	 2 
72.9571 	 0 
72.9571 	 1 
72.9687 	 2 
73.0848 	 1 
73.2009 	 2 
73.3054 	 2 
73.3518 	 2 
73.3518 	 1 
73.5028 	 2 
73.6189 	 1 
73.6305 	 2 
73.8627 	 0 
73.8627 	 1 
73.8743 	 2 
74.0136 	 2 
74.1297 	 1 
74.1297 	 2 
74.2342 	 1 
74.2458 	 2 
74.3271 	 2 
74.3851 	 2 
74.3967 	 1 
74.5012 	 2 
74.5128 	 1 
74.7683 	 2 
75.2559 	 1 
75.3604 	 2 
75.3952 	 2 
75.5577 	 1 
75.9176 	 2 
75.9293 	 1 
76.1731 	 2 
76.4053 	 2 
76.9277 	 1 
77.0438 	 2 
77.4385 	 2 
77.6824 	 2 
78.2164 	 2 
78.4834 	 2 
78.6112 	 2 
78.8550 	 2 
79.1220 	 1 
79.1220 	 2 
79.6212 	 1 
79.6328 	 2 
79.8883 	 1 
79.9463 	 2 
80.2714 	 2 
80.2714 	 1 
80.3991 	 2 
80.6545 	 2 
80.8983 	 2 
81.0144 	 2 
81.2582 	 1 
81.2698 	 2 
81.3163 	 2 
81.4904 	 2 
82.0709 	 1 
82.0709 	 2 
82.7211 	 1 
82.7211 	 0 
82.7211 	 2 
82.8720 	 2 
82.9765 	 2 
82.9765 	 1 
83.1158 	 2 
83.2319 	 2 
83.2319 	 1 
83.3480 	 1 
83.3596 	 2 
83.4873 	 2 
83.6151 	 2 
83.6267 	 1 
83.7428 	 1 
83.7428 	 2 
83.8821 	 1 
83.8821 	 2 
83.9982 	 2 
83.9982 	 1 
84.1259 	 2 
84.1259 	 0 
84.1259 	 1 
84.2420 	 0 
84.2420 	 2 
84.2536 	 1 
84.3813 	 0 
84.3813 	 1 
84.3813 	 2 
84.4974 	 2 
84.4974 	 1 
84.4974 	 0 
84.6483 	 2 
84.6483 	 1 
84.7644 	 1 
84.7644 	 0 
84.7644 	 2 
84.9038 	 2 
85.0199 	 2 
85.0199 	 0 
85.0199 	 1 
85.1592 	 2 
85.2753 	 2 
85.2753 	 0 
85.2869 	 1 
85.5075 	 2 
85.6004 	 2 
85.6584 	 2 
85.6584 	 1 
85.8210 	 2 
85.9254 	 1 
85.9254 	 2 
86.1693 	 1 
86.1809 	 2 
86.3202 	 2 
86.4479 	 1 
86.4479 	 2 
86.5408 	 2 
86.5524 	 1 
86.6917 	 1 
86.6917 	 2 
86.8194 	 2 
86.8194 	 0 
86.8194 	 1 
86.9703 	 2 
86.9820 	 1 
87.0748 	 2 
87.0864 	 1 
87.3419 	 2 
87.3419 	 1 
87.4463 	 1 
87.4580 	 2 
87.5973 	 2 
87.7134 	 2 
87.7250 	 1 
87.8411 	 1 
87.8411 	 2 
87.9688 	 2 
88.0965 	 2 
88.2242 	 1 
88.2358 	 2 
88.3519 	 2 
88.3519 	 0 
88.3635 	 1 
88.4912 	 1 
88.4912 	 2 
88.4912 	 0 
88.6073 	 1 
88.6190 	 2 
88.6770 	 2 
88.8628 	 1 
88.8628 	 0 
88.8628 	 2 
89.0253 	 2 
89.0369 	 1 
89.1182 	 0 
89.1298 	 1 
89.1298 	 2 
89.1878 	 2 
89.3736 	 0 
89.3736 	 2 
89.3852 	 1 
89.5013 	 2 
89.7103 	 2 
89.7219 	 1 
89.8844 	 1 
89.8961 	 2 
90.0238 	 2 
90.0354 	 1 
90.2560 	 2 
90.2560 	 1 
90.4069 	 2 
90.4069 	 1 
90.5346 	 2 
90.7204 	 2 
90.8132 	 2 
90.9177 	 2 
90.9177 	 1 
90.9177 	 0 
91.1732 	 2 
91.1848 	 1 
91.4170 	 2 
91.4286 	 0 
91.4286 	 1 
91.7072 	 2 
92.1484 	 2 
92.2529 	 2 
92.3225 	 1 
92.3458 	 2 
92.4502 	 2 
92.4619 	 1 
92.4619 	 0 
92.6012 	 1 
92.7173 	 1 
92.7985 	 2 
92.8914 	 2 
92.9611 	 1 
92.9611 	 2 
92.9727 	 0 
93.2165 	 2 
93.2397 	 1 
93.4835 	 0 
93.4835 	 2 
93.4835 	 1 
93.8202 	 2 
93.9944 	 2 
94.0292 	 1 
94.1105 	 2 
94.3659 	 1 
94.6445 	 1 
95.0161 	 2 
95.0161 	 0 
95.0161 	 1 
95.2715 	 1 
95.2715 	 2 
95.3411 	 2 
95.5269 	 2 
95.5385 	 0 
95.5385 	 1 
95.8055 	 2 
96.0493 	 2 
96.1771 	 2 
96.3512 	 2 
96.4093 	 2 
96.4325 	 1 
96.4557 	 2 
96.5602 	 1 
96.5602 	 2 
96.5602 	 0 
96.6879 	 2 
96.6995 	 1 
96.8040 	 0 
96.9665 	 2 
97.0710 	 0 
97.0710 	 2 
97.0710 	 1 
97.2103 	 2 
97.2568 	 1 
97.3264 	 2 
97.3264 	 0 
97.3497 	 1 
97.5819 	 1 
97.5819 	 2 
97.5819 	 0 
97.8257 	 2 
97.9650 	 2 
98.0927 	 2 
98.1856 	 2 
98.4758 	 2 
98.4758 	 1 
98.7429 	 2 
98.8473 	 1 
98.8590 	 2 
98.9983 	 1 
98.9983 	 2 
99.1260 	 2 
99.1260 	 0 
99.1260 	 1 
99.3814 	 1 
99.3814 	 2 
99.3814 	 0 
99.6252 	 2 
99.6252 	 0 
99.6368 	 1 
99.9039 	 2 
100.0200 	 1 
100.0200 	 2 
100.1477 	 2 
100.1593 	 1 
100.2870 	 2 
100.4147 	 2 
100.5308 	 2 
100.5308 	 1 
100.6585 	 0 
100.6585 	 1 
100.6585 	 2 
100.7862 	 2 
100.7862 	 1 
100.7978 	 0 
100.9023 	 2 
100.9023 	 1 
101.0649 	 1 
101.0649 	 2 
101.1693 	 0 
101.1693 	 1 
101.1810 	 2 
101.4248 	 0 
101.4248 	 2 
101.4364 	 1 
101.6802 	 0 
101.6802 	 2 
101.6802 	 1 
101.7963 	 1 
101.8079 	 2 
101.9240 	 1 
101.9240 	 2 
102.0633 	 2 
102.2026 	 2 
102.2026 	 1 
102.3420 	 1 
102.3420 	 2 
102.4697 	 2 
102.5858 	 1 
102.5858 	 2 
102.7251 	 2 
102.7367 	 1 
102.8412 	 1 
102.9573 	 1 
102.9573 	 2 
103.0966 	 1 
103.1082 	 2 
103.2243 	 0 
103.2243 	 2 
103.2359 	 1 
103.4797 	 0 
103.4797 	 2 
103.4797 	 1 
103.7351 	 1 
103.7351 	 0 
103.7351 	 2 
103.8629 	 1 
103.8745 	 2 
104.0022 	 2 
104.1183 	 2 
104.1183 	 1 
104.2460 	 2 
104.2576 	 1 
104.3853 	 2 
104.3969 	 1 
104.4898 	 2 
104.6407 	 1 
104.6407 	 0 
104.6523 	 2 
104.7568 	 0 
104.7684 	 2 
104.7684 	 1 
104.8961 	 1 
104.8961 	 0 
104.8961 	 2 
105.0122 	 0 
105.0239 	 2 
105.1167 	 1 
105.1632 	 2 
105.1632 	 1 
105.2677 	 0 
105.2793 	 1 
105.2793 	 2 
105.3025 	 1 
105.4302 	 2 
105.4418 	 1 
105.5231 	 2 
105.5347 	 1 
105.5347 	 0 
105.6508 	 2 
105.7785 	 1 
105.7785 	 0 
105.7785 	 2 
106.0107 	 1 
106.0107 	 2 
106.1268 	 1 
106.1268 	 2 
106.3358 	 2 
106.4287 	 1 
106.4519 	 2 
106.5680 	 2 
106.6725 	 1 
106.6841 	 0 
106.6841 	 2 
106.8234 	 2 
106.8234 	 1 
106.9743 	 2 
106.9859 	 1 
107.1369 	 2 
107.3226 	 0 
107.3226 	 1 
107.3226 	 2 
107.4852 	 2 
107.4852 	 1 
107.5780 	 0 
107.5897 	 2 
107.6013 	 1 
107.8335 	 2 
107.8335 	 1 
107.8335 	 0 
108.1818 	 2 
108.3443 	 2 
108.3559 	 0 
108.6462 	 2 
108.7390 	 1 
108.7623 	 2 
108.8668 	 1 
108.8668 	 0 
108.8668 	 2 
109.0061 	 1 
109.1918 	 2 
109.3776 	 1 
109.3776 	 2 
109.3776 	 0 
109.5401 	 2 
109.6330 	 2 
109.6446 	 1 
109.8768 	 1 
109.8884 	 0 
109.8884 	 2 
109.9929 	 1 
110.0045 	 2 
110.1090 	 2 
110.1090 	 1 
110.2251 	 1 
110.2367 	 2 
110.3993 	 2 
110.5270 	 2 
110.7824 	 1 
110.9333 	 2 
111.0843 	 2 
111.1655 	 1 
111.2004 	 2 
111.3165 	 2 
111.4210 	 2 
111.4210 	 1 
111.4326 	 0 
111.6067 	 2 
111.6764 	 2 
111.6764 	 1 
111.6880 	 0 
111.9318 	 0 
111.9318 	 2 
111.9434 	 1 
112.0595 	 2 
112.2917 	 2 
112.4542 	 2 
112.7445 	 2 
112.8374 	 1 
112.8606 	 2 
112.9651 	 2 
112.9651 	 1 
112.9767 	 0 
113.1044 	 2 
113.1044 	 1 
113.4759 	 2 
113.4759 	 0 
113.4875 	 1 
113.6617 	 1 
113.8126 	 2 
113.9868 	 1 
114.0912 	 2 
114.2190 	 1 
114.2190 	 2 
114.4976 	 2 
114.6601 	 2 
114.8691 	 2 
114.8807 	 1 
115.1478 	 2 
115.1478 	 1 
115.2639 	 2 
115.2639 	 1 
115.4148 	 1 
115.4148 	 2 
115.5309 	 1 
115.5425 	 2 
115.5425 	 0 
115.7863 	 2 
115.7863 	 0 
115.7863 	 1 
115.9256 	 2 
116.0417 	 0 
116.0417 	 1 
116.0417 	 2 
116.1694 	 1 
116.1694 	 0 
116.1694 	 2 
116.4249 	 2 
116.4365 	 1 
116.5526 	 2 
116.5526 	 1 
116.5758 	 2 
116.5990 	 2 
116.6803 	 1 
116.7035 	 2 
116.8196 	 2 
116.9357 	 1 
116.9473 	 2 
117.0866 	 2 
117.2027 	 2 
117.2143 	 1 
117.3072 	 2 
117.3188 	 1 
117.5859 	 2 
117.5859 	 0 
117.5859 	 1 
117.7368 	 1 
117.7600 	 2 
117.8529 	 2 
117.9225 	 1 
117.9225 	 2 
117.9225 	 0 
118.0967 	 2 
118.0967 	 1 
118.1083 	 0 
118.2128 	 2 
118.2824 	 2 
118.2824 	 1 
118.4334 	 2 
118.4450 	 1 
118.6424 	 1 
118.6424 	 2 
118.7585 	 2 
118.8397 	 2 
118.9790 	 2 
118.9790 	 1 
119.1184 	 1 
119.1300 	 2 
119.2461 	 1 
119.2577 	 2 
119.5247 	 2 
119.6408 	 2 
119.6408 	 1 
119.6408 	 0 
119.7917 	 1 
119.7917 	 2 
119.8962 	 2 
119.8962 	 1 
119.9659 	 0 
119.9659 	 1 
119.9775 	 2 
120.1517 	 2 
120.1517 	 1 
120.1517 	 0 
120.2794 	 2 
120.2794 	 0 
120.2794 	 1 
120.3258 	 1 
120.4883 	 2 
120.5000 	 1 
120.6857 	 1 
120.6973 	 2 
120.8831 	 2 
121.0108 	 2 
121.0224 	 1 
121.0688 	 2 
121.1849 	 1 
121.1849 	 2 
121.3010 	 2 
121.4288 	 1 
121.4288 	 2 
121.5332 	 2 
121.5797 	 2 
121.6842 	 1 
121.6842 	 0 
121.6842 	 2 
121.8351 	 2 
121.8583 	 2 
121.8583 	 1 
121.9396 	 2 
121.9512 	 1 
122.0209 	 2 
122.0209 	 1 
122.0209 	 0 
122.2298 	 2 
122.2415 	 1 
122.3227 	 2 
122.3808 	 1 
122.3808 	 2 
122.5433 	 1 
122.5433 	 2 
122.7407 	 2 
122.7523 	 1 
122.8568 	 2 
122.8568 	 1 
122.9497 	 2 
123.0658 	 2 
123.0774 	 1 
123.2283 	 1 
123.2283 	 2 
123.3560 	 2 
123.3676 	 1 
123.7391 	 1 
123.7391 	 0 
123.7391 	 2 
123.9133 	 2 
123.9946 	 2 
123.9946 	 0 
124.0062 	 1 
124.0758 	 2 
124.2500 	 2 
124.2500 	 1 
124.2500 	 0 
124.5634 	 1 
124.5751 	 2 
124.8885 	 2 
124.9814 	 2 
125.1323 	 1 
125.1323 	 2 
125.1556 	 2 
125.2717 	 0 
125.2717 	 2 
125.2833 	 1 
125.4110 	 1 
125.4110 	 0 
125.5967 	 1 
125.6083 	 2 
125.7825 	 1 
125.7825 	 2 
125.7941 	 0 
126.0495 	 0 
126.1076 	 2 
126.1192 	 0 
126.1192 	 1 
126.3049 	 1 
126.3049 	 0 
126.3049 	 2 
126.6184 	 2 
126.6416 	 1 
126.8390 	 1 
126.8506 	 2 
127.1525 	 2 
127.1757 	 1 
127.3266 	 1 
127.3266 	 2 
127.4543 	 2 
127.4543 	 1 
127.6517 	 2 
127.7214 	 2 
127.8375 	 0 
127.8375 	 2 
127.8375 	 1 
128.1625 	 0 
128.1625 	 2 
128.1625 	 1 
128.3483 	 2 
128.3483 	 1 
128.3599 	 0 
128.4760 	 2 
128.6850 	 2 
128.6966 	 1 
128.9056 	 2 
128.9056 	 1 
128.9752 	 2 
129.0913 	 2 
129.2307 	 2 
129.2423 	 1 
129.2771 	 2 
129.3816 	 1 
129.3816 	 2 
129.3816 	 0 
129.5093 	 1 
129.5093 	 2 
129.5093 	 0 
129.7067 	 2 
129.7067 	 1 
129.8924 	 0 
129.8924 	 2 
129.9040 	 1 
130.0666 	 1 
130.0782 	 2 
130.2175 	 2 
130.2175 	 1 
130.4033 	 2 
130.5774 	 2 
130.5774 	 1 
130.7167 	 2 
130.9373 	 1 
130.9373 	 2 
131.1231 	 2 
131.2740 	 1 
131.2740 	 2 
131.4249 	 2 
131.4366 	 0 
131.4366 	 1 
131.5875 	 2 
131.5991 	 1 
131.7500 	 1 
131.7616 	 2 
131.9358 	 1 
131.9474 	 2 
131.9474 	 0 
132.1912 	 2 
132.2144 	 1 
132.2725 	 2 
132.4582 	 0 
132.4582 	 1 
132.4582 	 2 
132.5743 	 2 
132.5859 	 1 
132.7833 	 2 
132.7949 	 1 
132.9923 	 1 
133.0039 	 2 
133.2013 	 2 
133.3290 	 1 
133.3754 	 2 
133.4799 	 1 
133.4915 	 2 
133.6076 	 1 
133.6192 	 2 
133.7353 	 1 
133.8166 	 2 
133.9907 	 1 
134.0024 	 2 
134.0024 	 0 
134.1533 	 2 
134.2578 	 2 
134.3274 	 1 
134.3274 	 2 
134.3274 	 0 
134.5132 	 1 
134.5132 	 0 
134.5132 	 2 
134.6293 	 2 
134.6873 	 1 
134.6873 	 2 
134.8499 	 1 
134.8499 	 2 
135.0473 	 1 
135.0589 	 2 
135.1750 	 2 
135.3723 	 1 
135.3723 	 2 
135.5349 	 1 
135.5349 	 2 
135.6626 	 2 
135.6626 	 1 
135.7787 	 1 
135.7787 	 2 
135.8367 	 2 
135.9296 	 2 
136.0457 	 2 
136.0457 	 1 
136.0573 	 0 
136.2083 	 2 
136.2199 	 1 
136.2895 	 0 
136.3011 	 2 
136.3127 	 1 
136.3824 	 0 
136.3824 	 1 
136.3824 	 2 
136.5566 	 2 
136.5566 	 0 
136.5682 	 1 
136.6843 	 0 
136.6843 	 2 
136.6959 	 1 
136.9049 	 2 
136.9049 	 1 
137.1022 	 2 
137.1022 	 1 
137.2067 	 2 
137.2996 	 2 
137.4273 	 2 
137.4389 	 1 
137.4854 	 2 
137.5898 	 1 
137.5898 	 2 
137.7059 	 2 
137.8337 	 2 
137.8337 	 1 
137.9381 	 2 
137.9846 	 2 
138.1007 	 1 
138.1007 	 2 
138.1007 	 0 
138.2516 	 2 
138.2632 	 1 
138.3445 	 0 
138.3561 	 1 
138.3561 	 2 
138.4374 	 0 
138.4374 	 2 
138.4374 	 1 
138.6347 	 2 
138.6580 	 1 
138.7276 	 2 
138.7857 	 1 
138.7857 	 2 
138.9482 	 1 
138.9598 	 2 
139.1456 	 2 
139.1572 	 1 
139.2617 	 2 
139.2733 	 1 
139.3313 	 2 
139.3313 	 1 
139.4823 	 1 
139.4823 	 2 
139.6332 	 2 
139.6332 	 1 
139.7609 	 1 
139.7841 	 2 
139.9351 	 2 
139.9699 	 1 
140.1440 	 1 
140.1440 	 2 
140.3066 	 2 
140.3182 	 1 
140.4227 	 2 
140.4691 	 2 
140.4807 	 1 
140.7013 	 2 
140.7013 	 1 
140.8290 	 2 
140.8290 	 1 
140.9916 	 2 
141.0032 	 1 
141.2005 	 2 
141.2122 	 1 
141.3863 	 2 
141.5140 	 2 
141.5488 	 1 
141.6882 	 2 
141.6882 	 1 
141.8159 	 2 
141.9436 	 2 
142.0132 	 1 
142.1990 	 1 
142.1990 	 2 
142.3732 	 1 
142.3732 	 2 
142.5241 	 1 
142.5241 	 2 
142.7331 	 1 
142.7563 	 2 
142.8840 	 1 
142.8956 	 2 
143.0465 	 2 
143.2555 	 2 
143.2555 	 1 
143.3600 	 2 
143.5806 	 1 
143.5922 	 2 
143.7315 	 2 
143.8824 	 2 
144.1379 	 2 
144.2540 	 2 
144.4165 	 2 
144.4281 	 1 
144.5790 	 2 
144.5790 	 1 
144.7996 	 2 
144.7996 	 1 
144.8925 	 2 
144.9506 	 2 
144.9506 	 1 
145.1131 	 2 
145.1131 	 1 
145.2989 	 1 
145.3105 	 2 
145.4150 	 2 
145.6356 	 2 
145.6820 	 1 
145.6820 	 2 
145.7981 	 2 
145.7981 	 1 
145.9142 	 1 
145.9142 	 2 
146.0419 	 2 
146.1232 	 1 
146.1348 	 2 
146.3089 	 2 
146.3089 	 1 
146.4831 	 1 
146.4831 	 2 
146.6340 	 1 
146.6340 	 2 
146.8546 	 1 
146.8546 	 2 
146.9823 	 1 
146.9939 	 2 
147.1216 	 1 
147.1216 	 2 
147.3538 	 2 
147.3654 	 1 
147.6441 	 2 
147.7602 	 2 
147.8995 	 2 
148.3523 	 1 
148.3639 	 2 
148.3639 	 0 
148.5148 	 2 
148.5264 	 1 
148.6077 	 2 
148.6193 	 0 
148.6309 	 1 
148.6890 	 2 
148.8747 	 0 
148.8747 	 2 
148.8747 	 1 
149.0489 	 2 
149.1882 	 2 
149.1882 	 1 
149.3856 	 2 
149.3972 	 1 
149.5133 	 2 
149.7455 	 2 
149.7455 	 1 
149.7803 	 2 
149.8848 	 2 
149.8848 	 0 
149.8964 	 1 
150.0241 	 0 
150.0241 	 2 
150.0241 	 1 
150.2215 	 2 
150.2215 	 1 
150.4073 	 0 
150.4073 	 2 
150.4073 	 1 
150.5466 	 2 
150.5698 	 1 
150.5930 	 2 
150.5930 	 1 
150.6511 	 2 
150.6627 	 0 
150.6627 	 1 
150.7323 	 1 
150.7323 	 2 
150.7323 	 0 
150.9181 	 1 
150.9297 	 2 
150.9413 	 1 
151.1039 	 2 
151.2432 	 2 
151.2432 	 1 
151.4289 	 2 
151.4522 	 1 
151.6495 	 2 
151.7540 	 2 
151.7888 	 1 
151.9514 	 2 
151.9514 	 1 
152.0791 	 2 
152.0791 	 1 
152.1139 	 2 
152.2649 	 2 
152.2765 	 1 
152.3461 	 2 
152.4506 	 2 
152.4622 	 1 
152.4622 	 0 
152.6132 	 2 
152.6248 	 1 
152.7060 	 2 
152.7176 	 1 
152.7176 	 0 
152.7757 	 1 
152.7873 	 2 
152.7873 	 0 
152.9731 	 0 
152.9731 	 2 
152.9731 	 1 
153.1008 	 2 
153.1472 	 2 
153.2981 	 2 
153.3214 	 1 
153.4839 	 2 
153.5071 	 1 
153.6116 	 2 
153.8554 	 2 
153.8554 	 1 
153.8902 	 2 
153.9947 	 1 
153.9947 	 0 
153.9947 	 2 
154.1224 	 0 
154.1341 	 1 
154.1341 	 2 
154.2502 	 1 
154.2502 	 2 
154.3198 	 2 
154.4011 	 2 
154.4011 	 1 
154.5056 	 2 
154.5172 	 1 
154.5172 	 0 
154.7029 	 1 
154.7029 	 2 
154.7610 	 2 
154.7610 	 0 
154.7726 	 1 
154.8307 	 2 
154.8307 	 1 
154.8423 	 0 
155.0164 	 0 
155.0280 	 2 
155.0280 	 1 
155.3415 	 2 
155.3531 	 1 
155.5621 	 2 
155.6666 	 2 
155.6782 	 1 
155.8523 	 2 
155.8988 	 2 
155.9104 	 1 
156.0497 	 1 
156.0497 	 2 
156.1774 	 2 
156.1890 	 1 
156.2239 	 2 
156.2935 	 2 
156.3632 	 2 
156.4328 	 1 
156.4444 	 2 
156.5605 	 2 
156.5605 	 0 
156.5605 	 1 
156.8160 	 2 
156.8160 	 0 
156.8276 	 1 
157.0714 	 0 
157.0714 	 1 
157.0714 	 2 
157.1991 	 2 
157.3616 	 2 
157.3849 	 2 
157.4081 	 2 
157.4545 	 1 
157.4545 	 2 
157.5822 	 2 
157.6054 	 1 
157.7215 	 2 
157.8493 	 2 
157.9073 	 2 
157.9654 	 1 
158.0002 	 2 
158.0931 	 0 
158.0931 	 1 
158.0931 	 2 
158.2324 	 0 
158.2324 	 1 
158.2324 	 2 
158.3485 	 0 
158.3485 	 1 
158.3601 	 2 
158.4181 	 2 
158.6039 	 2 
158.6155 	 1 
158.6155 	 0 
158.8709 	 2 
158.8709 	 1 
158.8709 	 0 
158.9290 	 1 
158.9406 	 2 
159.1263 	 0 
159.1263 	 1 
159.1263 	 2 
159.2424 	 2 
159.2424 	 1 
159.3585 	 2 
159.4514 	 2 
159.5095 	 2 
159.6256 	 2 
159.7649 	 2 
159.7765 	 1 
160.0087 	 1 
160.0203 	 2 
160.1712 	 2 
160.2641 	 1 
160.2757 	 2 
160.3686 	 2 
160.3918 	 1 
160.5312 	 1 
160.5428 	 2 
160.6589 	 1 
160.6589 	 2 
160.6589 	 0 
160.9143 	 0 
160.9259 	 2 
160.9259 	 1 
160.9839 	 2 
160.9839 	 1 
161.1813 	 1 
161.1929 	 2 
161.2974 	 1 
161.3090 	 2 
161.4367 	 2 
161.5064 	 2 
161.5644 	 1 
161.5761 	 2 
161.6805 	 1 
161.6805 	 2 
161.8199 	 1 
161.8315 	 2 
161.9476 	 2 
162.0753 	 0 
162.0753 	 2 
162.0753 	 1 
162.1914 	 0 
162.2030 	 1 
162.2030 	 2 
162.3307 	 0 
162.3307 	 1 
162.3423 	 2 
162.4468 	 2 
162.4468 	 0 
162.4468 	 1 
162.5281 	 2 
162.5977 	 2 
162.6093 	 1 
162.7138 	 0 
162.7138 	 2 
162.7371 	 1 
163.2479 	 1 
163.2595 	 2 
163.3524 	 2 
163.5381 	 2 
163.7820 	 2 
164.0374 	 2 
164.7688 	 0 
164.7688 	 1 
164.7688 	 2 
165.0242 	 2 
165.0358 	 1 
165.0358 	 0 
165.2796 	 1 
165.2912 	 2 
165.4073 	 1 
165.4073 	 2 
165.6047 	 2 
165.6628 	 2 
165.6744 	 1 
165.6860 	 2 
165.7905 	 2 
165.7905 	 1 
165.9298 	 2 
166.0575 	 2 
166.1736 	 2 
166.1852 	 1 
166.1852 	 0 
166.3013 	 2 
166.3013 	 0 
166.3013 	 1 
166.4290 	 2 
166.4290 	 1 
166.4290 	 0 
166.5567 	 1 
166.5567 	 2 
166.6148 	 2 
166.7077 	 1 
166.7077 	 2 
166.8122 	 2 
166.8238 	 0 
166.8238 	 1 
167.0792 	 0 
167.0792 	 2 
167.0792 	 1 
167.1372 	 2 
167.1372 	 1 
167.3346 	 2 
167.3346 	 1 
167.4391 	 1 
167.4507 	 2 
167.5552 	 1 
167.5668 	 2 
167.6597 	 2 
167.8338 	 1 
167.8338 	 2 
167.9964 	 2 
168.1241 	 2 
168.1589 	 2 
168.2170 	 1 
168.2286 	 2 
168.3795 	 1 
168.3795 	 2 
168.4840 	 2 
168.4956 	 1 
168.5885 	 2 
168.6001 	 1 
168.6814 	 2 
168.7394 	 1 
168.7510 	 2 
168.8671 	 1 
168.8671 	 0 
168.8671 	 2 
169.1806 	 2 
169.2038 	 2 
169.3896 	 1 
169.4012 	 2 
169.5057 	 2 
169.5057 	 1 
169.6450 	 2 
169.7146 	 2 
169.7843 	 2 
169.7843 	 1 
169.9004 	 2 
169.9120 	 1 
170.0281 	 2 
170.0281 	 1 
170.1558 	 2 
170.2719 	 1 
170.2835 	 2 
170.2835 	 0 
170.3996 	 0 
170.3996 	 2 
170.4112 	 1 
170.5273 	 2 
170.5390 	 0 
170.5390 	 1 
170.6551 	 1 
170.6551 	 2 
170.6551 	 0 
170.8060 	 1 
170.8060 	 2 
170.9105 	 0 
170.9221 	 2 
170.9337 	 1 
171.1775 	 2 
171.1775 	 0 
171.1775 	 1 
171.2472 	 1 
171.2472 	 2 
171.4329 	 0 
171.4329 	 2 
171.4329 	 1 
171.6651 	 2 
171.6651 	 1 
171.7580 	 2 
171.8161 	 2 
171.8161 	 1 
171.9670 	 2 
172.0831 	 2 
172.0831 	 1 
172.2688 	 2 
172.3269 	 2 
172.3269 	 1 
172.3269 	 0 
172.5823 	 2 
172.5939 	 1 
172.6984 	 1 
172.7100 	 2 
172.7913 	 2 
172.8493 	 2 
172.8493 	 1 
172.9654 	 1 
172.9654 	 2 
172.9771 	 0 
173.2325 	 2 
173.2441 	 1 
173.4879 	 2 
173.4879 	 1 
173.4879 	 0 
173.6040 	 0 
173.6040 	 1 
173.6156 	 2 
173.7665 	 2 
173.7898 	 2 
173.8826 	 1 
173.8942 	 2 
173.9987 	 1 
173.9987 	 2 
174.1497 	 1 
174.1497 	 2 
174.2541 	 2 
174.2541 	 1 
174.3819 	 2 
174.3819 	 1 
174.4980 	 1 
174.4980 	 0 
174.5096 	 2 
174.6373 	 2 
174.6373 	 1 
174.6373 	 0 
174.7534 	 0 
174.7650 	 1 
174.7650 	 2 
174.8346 	 2 
175.0204 	 0 
175.0204 	 2 
175.0204 	 1 
175.2758 	 0 
175.2758 	 2 
175.2758 	 1 
175.3455 	 1 
175.3571 	 2 
175.5312 	 2 
175.5312 	 0 
175.5429 	 1 
175.6473 	 1 
175.6473 	 2 
175.7634 	 1 
175.7634 	 2 
175.8679 	 2 
175.9144 	 2 
175.9144 	 1 
175.9376 	 2 
176.0421 	 2 
176.1814 	 2 
176.1814 	 1 
176.3556 	 2 
176.4252 	 1 
176.4368 	 2 
176.5761 	 2 
176.5761 	 1 
176.6806 	 1 
176.6806 	 2 
176.7967 	 2 
176.7967 	 1 
176.8896 	 2 
176.9477 	 0 
176.9593 	 1 
176.9593 	 2 
177.3308 	 2 
177.4933 	 2 
177.6210 	 2 
178.1435 	 2 
178.8865 	 2 
179.1536 	 2 
179.6644 	 2 
179.6644 	 1 
179.9430 	 2 
180.1985 	 2 
180.4423 	 2 
181.1737 	 1 
181.1737 	 0 
181.1737 	 2 
181.4872 	 2 
181.5104 	 2 
181.6961 	 1 
181.7078 	 2 
181.8122 	 0 
181.8239 	 1 
181.8239 	 2 
182.0212 	 2 
182.0909 	 2 
182.0909 	 1 
182.2070 	 2 
182.2186 	 1 
182.3463 	 2 
182.3463 	 1 
182.4624 	 1 
182.4624 	 2 
182.5321 	 2 
182.5901 	 1 
182.5901 	 0 
182.5901 	 2 
182.7062 	 0 
182.7062 	 2 
182.7178 	 1 
182.8455 	 1 
182.8455 	 2 
182.8455 	 0 
182.9616 	 2 
182.9616 	 1 
182.9616 	 0 
183.1126 	 2 
183.1242 	 1 
183.2287 	 0 
183.2287 	 2 
183.2403 	 1 
183.4841 	 2 
183.4841 	 1 
183.4841 	 0 
183.5421 	 1 
183.5537 	 2 
183.7395 	 2 
183.7395 	 1 
183.7395 	 0 
183.8440 	 1 
183.9717 	 2 
183.9833 	 1 
184.0646 	 2 
184.1226 	 2 
184.1226 	 1 
184.2736 	 2 
184.3897 	 1 
184.4013 	 2 
184.5754 	 2 
184.6335 	 2 
184.6335 	 0 
184.6335 	 1 
184.9005 	 1 
184.9005 	 2 
185.0166 	 1 
185.0166 	 2 
185.0979 	 2 
185.1559 	 2 
185.1559 	 1 
185.2720 	 2 
185.2836 	 1 
185.2836 	 0 
185.5507 	 1 
185.5507 	 2 
185.5971 	 2 
185.7945 	 1 
185.8061 	 2 
185.9222 	 2 
185.9222 	 1 
185.9222 	 0 
186.1079 	 2 
186.1892 	 1 
186.2008 	 2 
186.3053 	 1 
186.3053 	 2 
186.4330 	 2 
186.4446 	 1 
186.5607 	 2 
186.5607 	 1 
186.6304 	 2 
186.6884 	 2 
186.6884 	 1 
186.6884 	 0 
186.8045 	 0 
186.8161 	 1 
186.8161 	 2 
186.9439 	 1 
186.9439 	 2 
186.9439 	 0 
187.0600 	 2 
187.0716 	 0 
187.0716 	 1 
187.3270 	 1 
187.3270 	 0 
187.3270 	 2 
187.5824 	 1 
187.5824 	 0 
187.5824 	 2 
187.6521 	 2 
187.6521 	 1 
187.8378 	 0 
187.8378 	 2 
187.8494 	 1 
187.9539 	 1 
187.9539 	 2 
188.0700 	 1 
188.0700 	 2 
188.1745 	 2 
188.2326 	 2 
188.2326 	 1 
188.3487 	 2 
188.4880 	 2 
188.4880 	 1 
188.6621 	 2 
188.7318 	 1 
188.7434 	 2 
188.8827 	 2 
188.8827 	 1 
188.9988 	 1 
188.9988 	 2 
189.1149 	 2 
189.1149 	 1 
189.2659 	 1 
189.2659 	 2 
189.2659 	 0 
189.6490 	 2 
189.6606 	 0 
189.6606 	 1 
189.8928 	 0 
189.8928 	 1 
189.9044 	 2 
190.0205 	 2 
190.0205 	 0 
190.0205 	 1 
190.2063 	 2 
190.2295 	 2 
190.2875 	 2 
190.2991 	 1 
190.4036 	 1 
190.4152 	 2 
190.5313 	 2 
190.5429 	 1 
190.6590 	 2 
190.6707 	 1 
190.7403 	 2 
190.7868 	 1 
190.7868 	 2 
190.7984 	 0 
190.9145 	 1 
190.9145 	 2 
190.9145 	 0 
191.0422 	 2 
191.0538 	 0 
191.0538 	 1 
191.1699 	 0 
191.1699 	 1 
191.1815 	 2 
191.2512 	 2 
191.3208 	 2 
191.4253 	 2 
191.4369 	 1 
191.4369 	 0 
191.6807 	 0 
191.6923 	 2 
191.6923 	 1 
191.7504 	 1 
191.7620 	 2 
191.9478 	 1 
191.9478 	 0 
191.9478 	 2 
192.0639 	 1 
192.0639 	 2 
192.1800 	 1 
192.1916 	 2 
192.2728 	 2 
192.3309 	 1 
192.3309 	 2 
192.5863 	 2 
192.5979 	 1 
192.7372 	 2 
192.7372 	 1 
192.9927 	 1 
193.0043 	 2 
193.2481 	 2 
193.2713 	 1 
193.5035 	 1 
193.6080 	 1 
193.6080 	 2 
193.7241 	 1 
193.7241 	 2 
193.8054 	 2 
193.8634 	 1 
193.8750 	 2 
193.9911 	 1 
193.9911 	 2 
194.0027 	 0 
194.2465 	 2 
194.2465 	 0 
194.2581 	 1 
194.3162 	 1 
194.3278 	 2 
194.5252 	 2 
194.5252 	 1 
194.6413 	 2 
194.6413 	 1 
194.8386 	 2 
194.9083 	 2 
194.9083 	 1 
195.0128 	 2 
195.0244 	 1 
195.1405 	 1 
195.1405 	 2 
195.2682 	 1 
195.2682 	 2 
195.3495 	 2 
195.3959 	 1 
195.4075 	 0 
195.4075 	 2 
195.5701 	 1 
195.5701 	 2 
196.0693 	 1 
196.0693 	 2 
196.0809 	 0 
196.3595 	 2 
196.5569 	 0 
196.5569 	 2 
196.5569 	 1 
196.6962 	 2 
196.6962 	 0 
196.6962 	 1 
196.8123 	 1 
196.8239 	 2 
196.8704 	 2 
196.9633 	 2 
196.9633 	 1 
197.0678 	 0 
197.0678 	 2 
197.0794 	 1 
197.5902 	 2 
197.5902 	 0 
197.5902 	 1 
197.7527 	 2 
197.7527 	 1 
197.9037 	 2 
197.9037 	 0 
197.9153 	 1 
198.1127 	 2 
198.1243 	 1 
198.1475 	 1 
198.2288 	 2 
198.2288 	 1 
198.4145 	 2 
198.4377 	 1 
198.6119 	 2 
198.6351 	 1 
198.6467 	 2 
198.7512 	 2 
198.8441 	 2 
198.9718 	 2 
198.9834 	 1 
199.0182 	 2 
199.1227 	 1 
199.1227 	 0 
199.1227 	 2 
199.2504 	 1 
199.2504 	 2 
199.2504 	 0 
199.4478 	 1 
199.4478 	 2 
199.6336 	 1 
199.6336 	 2 
199.6452 	 0 
199.8077 	 2 
199.9586 	 1 
199.9586 	 0 
199.9586 	 2 
200.1444 	 0 
200.1560 	 2 
200.1676 	 1 
200.3185 	 1 
200.4695 	 2 
200.4927 	 1 
200.6901 	 2 
200.6901 	 1 
200.7946 	 2 
200.8062 	 1 
200.8874 	 2 
200.9919 	 2 
201.0268 	 2 
201.0268 	 1 
201.0268 	 0 
201.1777 	 1 
201.1777 	 2 
201.1777 	 0 
201.3054 	 2 
201.3054 	 1 
201.4215 	 1 
201.4215 	 2 
201.5028 	 1 
201.5028 	 0 
201.5028 	 2 
201.6885 	 1 
201.6885 	 0 
201.6885 	 2 
201.8511 	 2 
201.8627 	 1 
201.9672 	 2 
202.0136 	 2 
202.0136 	 1 
202.2110 	 1 
202.2110 	 2 
202.3271 	 2 
202.3271 	 1 
202.5244 	 2 
202.5477 	 1 
202.7102 	 2 
202.7450 	 1 
202.9424 	 1 
203.0817 	 1 
203.0933 	 2 
203.2210 	 1 
203.2210 	 2 
203.2210 	 0 
203.3604 	 1 
203.3604 	 0 
203.3720 	 2 
203.4765 	 1 
203.4881 	 2 
203.5461 	 2 
203.5693 	 1 
203.7435 	 1 
203.7435 	 2 
203.7435 	 0 
203.9060 	 2 
203.9176 	 1 
203.9293 	 2 
203.9989 	 0 
203.9989 	 1 
203.9989 	 2 
204.0570 	 1 
204.0570 	 2 
204.0686 	 0 
204.2543 	 2 
204.2543 	 1 
204.2543 	 0 
204.3704 	 2 
204.4865 	 2 
204.5794 	 2 
204.6375 	 2 
204.7652 	 2 
204.9045 	 1 
204.9045 	 2 
205.0902 	 2 
205.1367 	 1 
205.1367 	 0 
205.1367 	 2 
205.2876 	 1 
205.2876 	 2 
205.4037 	 1 
205.4037 	 2 
205.5198 	 1 
205.5314 	 2 
205.6707 	 1 
205.6824 	 2 
205.8101 	 1 
205.8101 	 2 
205.9610 	 2 
205.9610 	 0 
205.9610 	 1 
206.1235 	 1 
206.1351 	 0 
206.1351 	 2 
206.2164 	 1 
206.3441 	 1 
206.3441 	 0 
206.3557 	 2 
206.4370 	 2 
206.5879 	 2 
206.6808 	 1 
206.7040 	 2 
206.8550 	 2 
206.8666 	 1 
206.9595 	 2 
206.9711 	 1 
207.0639 	 1 
207.0756 	 2 
207.1917 	 1 
207.1917 	 2 
207.1917 	 0 
207.3310 	 1 
207.3310 	 2 
207.4587 	 1 
207.4703 	 2 
207.5980 	 2 
207.5980 	 1 
207.6909 	 1 
207.7373 	 2 
207.7489 	 1 
207.8534 	 0 
207.8534 	 1 
207.8650 	 2 
208.0276 	 1 
208.0276 	 2 
208.1437 	 2 
208.1437 	 1 
208.3527 	 2 
208.4688 	 2 
208.4688 	 1 
208.5965 	 2 
208.5965 	 1 
208.7358 	 1 
208.7474 	 2 
208.9680 	 1 
208.9680 	 2 
209.0028 	 1 
209.0144 	 2 
209.1305 	 2 
209.2466 	 1 
209.2582 	 0 
209.2582 	 2 
209.4092 	 2 
209.5137 	 1 
209.5253 	 2 
209.6298 	 2 
209.6298 	 1 
209.7575 	 1 
209.7691 	 2 
210.1522 	 1 
210.2915 	 1 
210.4308 	 1 
210.4424 	 2 
210.5237 	 1 
210.5353 	 2 
210.6746 	 1 
210.7907 	 1 
210.7907 	 2 
210.7907 	 0 
211.0578 	 2 
211.0694 	 1 
211.1739 	 1 
211.1739 	 2 
211.3248 	 1 
211.3248 	 2 
211.5686 	 2 
211.6847 	 1 
211.6847 	 2 
211.7892 	 1 
211.8008 	 2 
211.8473 	 2 
211.8473 	 1 
211.9750 	 1 
211.9750 	 2 
212.3233 	 1 
212.3697 	 1 
212.4858 	 2 
212.4858 	 1 
212.6948 	 2 
212.8341 	 1 
212.8457 	 2 
213.1011 	 1 
213.1244 	 2 
