0.4063 	 0 
1.6486 	 0 
2.8677 	 0 
5.3638 	 0 
5.9095 	 0 
6.6409 	 0 
7.8600 	 0 
10.9366 	 2 
10.9366 	 1 
11.1224 	 2 
11.3313 	 2 
11.4474 	 1 
11.4474 	 2 
11.5519 	 1 
11.5519 	 2 
11.6448 	 2 
11.7493 	 2 
11.8538 	 2 
11.9699 	 2 
12.0628 	 1 
12.0744 	 2 
12.1789 	 2 
12.2717 	 2 
12.2717 	 1 
12.3995 	 2 
12.4807 	 2 
12.5852 	 2 
12.7013 	 2 
12.7942 	 2 
12.8987 	 2 
13.0032 	 2 
13.1077 	 2 
13.2354 	 0 
13.3283 	 2 
13.4327 	 2 
13.5372 	 2 
13.6301 	 2 
13.7462 	 2 
13.8391 	 2 
13.9552 	 2 
14.0481 	 2 
14.1526 	 2 
14.2571 	 2 
14.3732 	 2 
14.3732 	 1 
14.4660 	 2 
14.5705 	 2 
14.6750 	 2 
14.7911 	 2 
14.8840 	 2 
15.0001 	 2 
15.0930 	 2 
15.2091 	 2 
15.3136 	 2 
15.4064 	 1 
15.4064 	 2 
15.4180 	 0 
15.5109 	 1 
15.5109 	 2 
15.6154 	 1 
15.6154 	 2 
15.7199 	 2 
15.7199 	 1 
15.8244 	 2 
15.9405 	 2 
16.0334 	 2 
16.2307 	 2 
16.3468 	 2 
16.4513 	 2 
16.5558 	 2 
16.5558 	 1 
16.6603 	 2 
16.7648 	 2 
16.8577 	 0 
16.8693 	 2 
16.9738 	 2 
17.0899 	 2 
17.1828 	 2 
17.2873 	 2 
17.4962 	 2 
17.8910 	 0 
17.9026 	 2 
18.1116 	 2 
18.1116 	 1 
18.2277 	 2 
18.3322 	 2 
18.3322 	 1 
18.4366 	 2 
18.5179 	 2 
18.6340 	 2 
18.7501 	 2 
18.8430 	 2 
18.9591 	 2 
19.0636 	 2 
19.1565 	 2 
19.1681 	 0 
19.2610 	 2 
19.3654 	 2 
19.4815 	 2 
19.4815 	 0 
19.7834 	 2 
20.2130 	 2 
20.3059 	 2 
20.3987 	 2 
20.3987 	 0 
20.4916 	 2 
20.5148 	 1 
20.7238 	 2 
20.8167 	 1 
20.9212 	 2 
20.9444 	 2 
21.0257 	 2 
21.0373 	 0 
21.1418 	 1 
21.1418 	 2 
21.2463 	 2 
21.3275 	 1 
21.3507 	 2 
21.4204 	 1 
21.4552 	 2 
21.5365 	 1 
21.5597 	 2 
21.6526 	 0 
21.6526 	 2 
21.7339 	 1 
21.7687 	 2 
21.8616 	 0 
21.8732 	 2 
22.0822 	 2 
22.1751 	 2 
22.2795 	 2 
22.2795 	 0 
22.3840 	 2 
22.4885 	 2 
22.6046 	 2 
22.8136 	 2 
22.8949 	 0 
22.9065 	 2 
23.0922 	 1 
23.1271 	 2 
23.2200 	 2 
23.2200 	 1 
23.2200 	 0 
23.4405 	 2 
23.9398 	 2 
23.9514 	 1 
24.1488 	 0 
24.3693 	 0 
24.4622 	 2 
24.5783 	 2 
24.6712 	 1 
24.6828 	 0 
24.6828 	 2 
24.7873 	 2 
24.8918 	 2 
25.0892 	 2 
25.2053 	 2 
25.3098 	 2 
25.4142 	 0 
25.4142 	 2 
25.6232 	 0 
25.6348 	 2 
25.7277 	 2 
25.8322 	 2 
25.9367 	 2 
26.0296 	 0 
26.0296 	 1 
26.0412 	 2 
26.2385 	 1 
26.2502 	 2 
26.3430 	 1 
26.3546 	 2 
26.4359 	 1 
26.4591 	 2 
26.5520 	 2 
26.6565 	 2 
26.7610 	 2 
26.8655 	 2 
26.9816 	 2 
27.0629 	 2 
27.1906 	 2 
27.2834 	 0 
27.2951 	 2 
27.4924 	 2 
27.5969 	 2 
27.7014 	 2 
27.8059 	 2 
27.9104 	 2 
28.1310 	 2 
28.2239 	 2 
28.3283 	 2 
28.4444 	 2 
28.5257 	 0 
28.5373 	 1 
28.5373 	 2 
28.7347 	 1 
28.7463 	 2 
28.8508 	 2 
28.9321 	 1 
28.9553 	 2 
29.0598 	 2 
29.1643 	 2 
29.1643 	 0 
29.2688 	 2 
29.3036 	 1 
29.3732 	 2 
29.5822 	 2 
29.6867 	 2 
29.7912 	 2 
29.7912 	 0 
30.0002 	 2 
30.1047 	 2 
30.2092 	 2 
30.4181 	 2 
30.5110 	 2 
30.6271 	 0 
30.6271 	 2 
30.6736 	 0 
30.7316 	 2 
30.8245 	 2 
30.9406 	 2 
31.0335 	 1 
31.0335 	 2 
31.2424 	 2 
31.2541 	 1 
31.5675 	 2 
31.6604 	 2 
31.7649 	 2 
31.8694 	 2 
31.9855 	 2 
32.1829 	 2 
32.2641 	 0 
32.2873 	 2 
32.3802 	 2 
32.4847 	 2 
32.6008 	 2 
32.7982 	 2 
32.8446 	 0 
32.8911 	 2 
33.1349 	 2 
33.1697 	 0 
33.3206 	 2 
33.4367 	 2 
33.5064 	 1 
33.5180 	 0 
33.5412 	 2 
33.7502 	 0 
33.7502 	 2 
33.7966 	 0 
33.8547 	 2 
34.5861 	 0 
34.7603 	 1 
35.0970 	 2 
35.0970 	 1 
35.1550 	 1 
35.3524 	 0 
35.6310 	 2 
35.6775 	 0 
35.8284 	 2 
35.9329 	 2 
35.9329 	 0 
36.0141 	 0 
36.1302 	 2 
36.2347 	 1 
36.2463 	 2 
36.2580 	 0 
36.3160 	 0 
36.5714 	 2 
36.7572 	 2 
37.2564 	 1 
37.2912 	 2 
37.5002 	 2 
37.6047 	 2 
37.6976 	 1 
37.8485 	 0 
38.1852 	 0 
38.3245 	 2 
38.5103 	 0 
38.5335 	 2 
38.7425 	 1 
38.7541 	 2 
38.8122 	 0 
38.8586 	 2 
39.1605 	 2 
39.3810 	 2 
39.6713 	 2 
39.7410 	 0 
39.7874 	 2 
39.8803 	 2 
39.9848 	 2 
40.1009 	 2 
40.2054 	 1 
40.3098 	 2 
40.3563 	 0 
40.4143 	 2 
40.6233 	 2 
40.6814 	 0 
40.8323 	 2 
40.9368 	 2 
40.9368 	 1 
40.9948 	 0 
41.0413 	 2 
41.1225 	 2 
41.1922 	 1 
41.2386 	 1 
41.2502 	 2 
41.3083 	 0 
41.3547 	 2 
41.4476 	 2 
41.5637 	 2 
41.6450 	 0 
41.6566 	 2 
41.7611 	 2 
41.8772 	 2 
42.0281 	 0 
42.0746 	 2 
42.1790 	 2 
42.2835 	 2 
42.3880 	 2 
42.4925 	 2 
42.5970 	 2 
42.6899 	 1 
42.8060 	 2 
42.8524 	 0 
43.0150 	 2 
43.1311 	 2 
43.1775 	 0 
43.3400 	 2 
43.4329 	 2 
43.5374 	 2 
43.6303 	 1 
43.6419 	 2 
43.7464 	 2 
43.8044 	 0 
43.8509 	 2 
43.9554 	 2 
44.0599 	 2 
44.1179 	 0 
44.1644 	 2 
44.2572 	 2 
44.3617 	 2 
44.4662 	 2 
44.4778 	 0 
44.7681 	 2 
44.8842 	 2 
44.9887 	 2 
45.0932 	 1 
45.1048 	 2 
45.3021 	 2 
45.3602 	 0 
45.5808 	 1 
45.6272 	 2 
45.6853 	 0 
45.8246 	 2 
45.9407 	 2 
45.9871 	 0 
46.0220 	 1 
46.0336 	 2 
46.1380 	 2 
46.1497 	 0 
46.2541 	 2 
46.3006 	 0 
46.3586 	 2 
46.5560 	 2 
46.6605 	 2 
46.7650 	 2 
46.9740 	 2 
46.9856 	 0 
47.2294 	 0 
47.2758 	 2 
47.6009 	 2 
47.6590 	 1 
47.8563 	 0 
48.1814 	 0 
48.3323 	 2 
48.4252 	 2 
48.5065 	 0 
48.5413 	 2 
48.6342 	 2 
48.7503 	 2 
48.7503 	 0 
48.8083 	 0 
48.8548 	 2 
49.0638 	 2 
49.1683 	 2 
49.2611 	 2 
49.4585 	 2 
49.5282 	 0 
49.5862 	 1 
49.6791 	 1 
49.6791 	 2 
49.7371 	 0 
49.8649 	 1 
49.9461 	 1 
50.0738 	 0 
50.0854 	 2 
50.2015 	 2 
50.3060 	 0 
50.3060 	 2 
50.6776 	 0 
50.8517 	 0 
51.1768 	 0 
51.3045 	 0 
51.9895 	 0 
52.2449 	 0 
52.3958 	 0 
52.8602 	 0 
54.2650 	 0 
54.7178 	 0 
55.0893 	 0 
56.0065 	 0 
56.1691 	 0 
56.2968 	 0 
57.2488 	 0 
57.5390 	 0 
57.7132 	 0 
57.7596 	 0 
58.0383 	 0 
58.1892 	 0 
58.4911 	 0 
58.8045 	 0 
59.2805 	 0 
59.7449 	 0 
60.3603 	 0 
60.6854 	 0 
60.8479 	 0 
61.1614 	 0 
62.0785 	 0 
62.2527 	 0 
62.3920 	 0 
62.5313 	 0 
62.6707 	 0 
62.8564 	 0 
63.1815 	 0 
63.7968 	 0 
64.7256 	 0 
65.2016 	 0 
65.2829 	 0 
65.3526 	 0 
65.6776 	 0 
66.1769 	 0 
66.3046 	 0 
67.2450 	 0 
67.5701 	 0 
67.8603 	 0 
68.1854 	 0 
68.4873 	 0 
68.8007 	 0 
69.1490 	 0 
69.7295 	 0 
69.7411 	 1 
69.9153 	 0 
70.5306 	 1 
70.6583 	 1 
70.6699 	 2 
70.8325 	 2 
70.9950 	 1 
71.0647 	 2 
71.4594 	 2 
71.5871 	 0 
71.5987 	 2 
71.7613 	 2 
71.7613 	 1 
71.9122 	 2 
72.0747 	 1 
72.2257 	 1 
72.2373 	 2 
72.5391 	 1 
72.5507 	 2 
73.1777 	 2 
73.1893 	 0 
73.3286 	 1 
73.3402 	 2 
73.3402 	 0 
73.5028 	 1 
73.9439 	 0 
73.9556 	 2 
74.1065 	 1 
74.1065 	 2 
74.2574 	 2 
74.4083 	 2 
74.5709 	 2 
74.7334 	 2 
75.0469 	 2 
75.2327 	 2 
75.3023 	 2 
75.5229 	 1 
75.6622 	 1 
75.6738 	 2 
75.6738 	 0 
75.8364 	 2 
75.8364 	 0 
75.8364 	 1 
75.9989 	 1 
76.1615 	 1 
76.4401 	 0 
76.4517 	 1 
76.4517 	 2 
76.6026 	 2 
76.7652 	 2 
76.7652 	 1 
76.9045 	 2 
77.2296 	 2 
77.2296 	 1 
77.4966 	 0 
77.5430 	 2 
77.7520 	 2 
78.1700 	 2 
78.3209 	 0 
78.3325 	 2 
78.4951 	 1 
78.5763 	 2 
78.7969 	 2 
78.9478 	 2 
79.1104 	 2 
79.2613 	 2 
79.4122 	 2 
79.8766 	 2 
80.0392 	 2 
80.5152 	 1 
80.6661 	 0 
80.6661 	 2 
80.6777 	 1 
80.8287 	 1 
80.8519 	 2 
80.9912 	 2 
81.1421 	 1 
81.1421 	 2 
81.3163 	 0 
81.8736 	 2 
81.8736 	 0 
83.1739 	 0 
83.1739 	 2 
83.3364 	 2 
83.4873 	 2 
83.4990 	 1 
83.6383 	 1 
83.6383 	 2 
83.7892 	 2 
83.7892 	 1 
83.8008 	 0 
84.2652 	 1 
84.4045 	 2 
84.5787 	 1 
85.0431 	 2 
85.6700 	 2 
85.8326 	 2 
85.8442 	 1 
85.9835 	 2 
86.1344 	 2 
86.2621 	 0 
86.2854 	 1 
86.2970 	 2 
86.4595 	 2 
86.5640 	 2 
86.9007 	 2 
86.9123 	 1 
87.0748 	 2 
87.3883 	 2 
87.5392 	 2 
87.5392 	 1 
87.6902 	 2 
88.1778 	 2 
88.2474 	 0 
88.3287 	 1 
88.3287 	 2 
88.4796 	 2 
88.6422 	 2 
88.7583 	 1 
88.8047 	 2 
88.9556 	 2 
89.0253 	 2 
89.0369 	 0 
89.4084 	 1 
89.4200 	 2 
89.5826 	 2 
89.7335 	 2 
89.8844 	 1 
89.8961 	 2 
90.0470 	 1 
90.0586 	 2 
90.3488 	 2 
90.3488 	 0 
90.4998 	 2 
90.6391 	 2 
90.6507 	 0 
90.6507 	 1 
90.8365 	 2 
90.9874 	 2 
91.1499 	 2 
91.2660 	 1 
91.2893 	 2 
91.2893 	 0 
91.6143 	 2 
91.7653 	 2 
91.9278 	 2 
91.9394 	 1 
92.0787 	 2 
92.1252 	 0 
92.2413 	 2 
92.3922 	 2 
92.5431 	 2 
92.5896 	 2 
92.7057 	 2 
92.8450 	 1 
92.8566 	 0 
92.8798 	 1 
93.0075 	 2 
93.1701 	 1 
93.1701 	 0 
93.1701 	 2 
93.3326 	 2 
93.4835 	 2 
93.4951 	 1 
93.6461 	 2 
93.7854 	 0 
93.7970 	 2 
93.7970 	 1 
93.9595 	 2 
94.1105 	 2 
94.2614 	 2 
94.3078 	 0 
94.4239 	 2 
94.5865 	 2 
94.8883 	 2 
95.0509 	 1 
95.0509 	 2 
95.0625 	 0 
95.3527 	 0 
95.3527 	 2 
95.5153 	 2 
95.6662 	 2 
95.6662 	 1 
95.6778 	 0 
95.8288 	 0 
95.9913 	 2 
96.2932 	 0 
96.2932 	 1 
96.2932 	 2 
96.4557 	 2 
96.7576 	 0 
96.7576 	 2 
96.9085 	 2 
97.2220 	 2 
97.5354 	 1 
97.5354 	 2 
97.5470 	 0 
97.7096 	 2 
97.8605 	 0 
98.1856 	 2 
98.1856 	 1 
98.1856 	 0 
98.3597 	 0 
98.4874 	 2 
98.6384 	 2 
98.6384 	 1 
98.7661 	 2 
98.7661 	 0 
98.8125 	 0 
98.9518 	 2 
99.1028 	 2 
99.2653 	 2 
99.4046 	 2 
99.5556 	 0 
99.5788 	 2 
99.7297 	 2 
99.8806 	 2 
100.0432 	 2 
100.0548 	 0 
100.2057 	 2 
100.3566 	 2 
100.3566 	 0 
100.5192 	 2 
100.6701 	 1 
100.6701 	 2 
100.6817 	 0 
100.8327 	 2 
100.9836 	 2 
101.1461 	 2 
101.2971 	 2 
101.3087 	 0 
101.3435 	 2 
101.4596 	 2 
101.7731 	 2 
101.9240 	 2 
101.9240 	 1 
102.0865 	 2 
102.0981 	 0 
102.2375 	 2 
102.4000 	 2 
102.5509 	 1 
102.5509 	 2 
102.5625 	 0 
102.7019 	 0 
102.7019 	 2 
102.8528 	 0 
102.8644 	 2 
103.1663 	 2 
103.4913 	 2 
103.6423 	 2 
103.7932 	 2 
103.8048 	 0 
103.9557 	 2 
104.1183 	 2 
104.2692 	 2 
104.3389 	 0 
104.4201 	 2 
104.5827 	 2 
104.6175 	 0 
104.7220 	 2 
104.7452 	 0 
104.8961 	 2 
105.0471 	 2 
105.0587 	 0 
105.1980 	 2 
105.3605 	 0 
105.5231 	 2 
105.6624 	 2 
105.6856 	 0 
105.8133 	 2 
105.9875 	 2 
106.1384 	 1 
106.1384 	 2 
106.3010 	 2 
106.3010 	 0 
106.6028 	 2 
106.7654 	 2 
106.9163 	 2 
107.0788 	 2 
107.2298 	 0 
107.2298 	 2 
107.3807 	 2 
107.5897 	 0 
107.5897 	 2 
107.6941 	 2 
107.7058 	 0 
107.8567 	 0 
108.0192 	 2 
108.1702 	 2 
108.1818 	 0 
108.4836 	 2 
108.8087 	 0 
108.8435 	 2 
109.1106 	 2 
109.1106 	 0 
109.4124 	 2 
109.5750 	 2 
109.7143 	 2 
109.8884 	 2 
110.0394 	 2 
110.3412 	 2 
110.3412 	 0 
110.5038 	 2 
110.6779 	 0 
110.6779 	 2 
110.8288 	 2 
110.9798 	 2 
111.1423 	 0 
111.1423 	 2 
111.3049 	 0 
111.4558 	 2 
111.5835 	 2 
111.9202 	 2 
112.0711 	 2 
112.2917 	 2 
112.3962 	 2 
112.5471 	 2 
112.6980 	 2 
112.8490 	 2 
112.8606 	 0 
113.0115 	 2 
113.1741 	 2 
113.1857 	 0 
113.3250 	 2 
113.4759 	 2 
113.6385 	 2 
113.8010 	 0 
113.9635 	 2 
114.1029 	 2 
114.3002 	 2 
114.4279 	 2 
114.5789 	 2 
114.5789 	 1 
114.8923 	 2 
115.0433 	 2 
115.1942 	 2 
115.1942 	 1 
115.2058 	 0 
115.3567 	 0 
115.3567 	 2 
115.5077 	 2 
115.6702 	 2 
115.8211 	 2 
115.9837 	 2 
116.1114 	 0 
116.1462 	 2 
116.3088 	 0 
116.4597 	 2 
116.7615 	 2 
116.9241 	 2 
117.0750 	 2 
117.0866 	 0 
117.3769 	 0 
117.3885 	 2 
117.5394 	 2 
117.6903 	 0 
117.7020 	 2 
117.8529 	 0 
118.0038 	 2 
118.1780 	 2 
118.1896 	 0 
118.3173 	 2 
118.4798 	 2 
118.6424 	 2 
118.8049 	 0 
118.9558 	 2 
119.2577 	 0 
119.2577 	 2 
119.4202 	 2 
119.5712 	 0 
119.5828 	 2 
119.7221 	 2 
119.8846 	 2 
119.8962 	 1 
120.0356 	 2 
120.1981 	 0 
120.1981 	 2 
120.3606 	 2 
120.5000 	 2 
120.5000 	 1 
120.6741 	 2 
120.8250 	 2 
120.8250 	 1 
120.9760 	 2 
120.9760 	 1 
121.1269 	 1 
121.1385 	 2 
121.4404 	 1 
121.4520 	 2 
121.7538 	 2 
121.7538 	 1 
121.9280 	 2 
122.0789 	 2 
122.2298 	 2 
122.3924 	 2 
122.7059 	 2 
122.7059 	 0 
122.8568 	 2 
123.0077 	 2 
123.1586 	 1 
123.1702 	 2 
123.3212 	 2 
123.3212 	 1 
123.4837 	 1 
123.4837 	 2 
123.6463 	 2 
123.9481 	 1 
123.9597 	 2 
124.2616 	 2 
124.4125 	 0 
124.4241 	 2 
124.5751 	 2 
124.7028 	 2 
124.8885 	 2 
125.0395 	 2 
125.2020 	 2 
125.2020 	 0 
125.3645 	 2 
125.5039 	 1 
125.5039 	 2 
125.6780 	 2 
125.8057 	 1 
125.8289 	 2 
125.9683 	 1 
125.9915 	 2 
126.1424 	 2 
126.1424 	 1 
126.4210 	 0 
126.4327 	 1 
126.4559 	 2 
126.5023 	 1 
126.5720 	 1 
126.8971 	 1 
126.9203 	 2 
127.0596 	 1 
127.0828 	 2 
127.1060 	 1 
127.1409 	 0 
127.1989 	 1 
127.3847 	 1 
127.3963 	 2 
127.5356 	 2 
127.6981 	 2 
127.7098 	 1 
127.7794 	 0 
127.8607 	 2 
128.0000 	 1 
128.0000 	 2 
128.1741 	 2 
128.3251 	 0 
128.3251 	 2 
128.4644 	 0 
128.4760 	 1 
128.4876 	 2 
128.6385 	 1 
128.6385 	 2 
128.9520 	 2 
129.4164 	 2 
129.5790 	 2 
129.6951 	 2 
129.8924 	 2 
130.0434 	 2 
130.1943 	 2 
130.3568 	 2 
130.5078 	 2 
130.5078 	 1 
130.6703 	 2 
130.7167 	 0 
130.8212 	 2 
130.9141 	 0 
130.9838 	 2 
131.0070 	 1 
131.1347 	 1 
131.1463 	 2 
131.3321 	 2 
131.3437 	 0 
131.4598 	 2 
131.9242 	 2 
132.0635 	 0 
132.0867 	 2 
132.2028 	 2 
132.3886 	 2 
132.5279 	 2 
132.7020 	 2 
132.8646 	 2 
133.0039 	 2 
133.1780 	 2 
133.3174 	 0 
133.3290 	 2 
133.4799 	 1 
133.4799 	 2 
133.6308 	 1 
133.6424 	 2 
133.7934 	 2 
133.9443 	 0 
133.9559 	 2 
133.9907 	 1 
134.4203 	 2 
134.5829 	 2 
134.8847 	 2 
135.0356 	 2 
135.1866 	 0 
135.1982 	 2 
135.3607 	 2 
135.5000 	 2 
135.6742 	 2 
135.8251 	 2 
135.9761 	 2 
135.9877 	 1 
136.1386 	 2 
136.4521 	 2 
136.5217 	 0 
136.7539 	 2 
136.9281 	 2 
137.0790 	 2 
137.2067 	 2 
137.3925 	 2 
137.5434 	 2 
137.5550 	 0 
137.7059 	 2 
137.8569 	 2 
138.0078 	 2 
138.1703 	 2 
138.3213 	 2 
138.4722 	 1 
138.4722 	 2 
138.6231 	 1 
138.6347 	 2 
138.7973 	 2 
138.9482 	 2 
139.0179 	 0 
139.2501 	 2 
139.2617 	 1 
139.4242 	 2 
139.5635 	 2 
139.7261 	 2 
139.8770 	 1 
139.8770 	 2 
140.0512 	 0 
140.0512 	 2 
140.0512 	 1 
140.1905 	 2 
140.3530 	 2 
140.5039 	 2 
140.6200 	 0 
140.6781 	 2 
140.8174 	 2 
140.9800 	 2 
141.1309 	 2 
141.3050 	 0 
141.3050 	 1 
141.3050 	 2 
141.4444 	 2 
141.6185 	 2 
141.7578 	 2 
141.9204 	 2 
142.0713 	 2 
142.2338 	 2 
142.3848 	 2 
142.6866 	 2 
142.7098 	 0 
142.8492 	 0 
142.8492 	 2 
143.0001 	 2 
143.1742 	 2 
143.3136 	 2 
143.4761 	 2 
143.6270 	 2 
143.8012 	 0 
143.8012 	 2 
143.9405 	 2 
144.1146 	 2 
144.2540 	 2 
144.4165 	 2 
144.5674 	 2 
144.7300 	 2 
144.7648 	 0 
144.8809 	 2 
145.0551 	 0 
145.0551 	 1 
145.0551 	 2 
145.1944 	 0 
145.1944 	 2 
145.3569 	 0 
145.5078 	 2 
145.5311 	 0 
145.6704 	 2 
145.7981 	 0 
145.8213 	 2 
145.9839 	 2 
146.1348 	 2 
146.2973 	 2 
146.2973 	 0 
146.4366 	 2 
146.6108 	 2 
146.7501 	 2 
146.9243 	 2 
147.0636 	 2 
147.2261 	 2 
147.3771 	 2 
147.4235 	 0 
147.5396 	 2 
147.6209 	 0 
147.6789 	 2 
147.8531 	 2 
147.8531 	 0 
148.0040 	 2 
148.1781 	 2 
148.3291 	 2 
148.4684 	 1 
148.4800 	 2 
148.6425 	 2 
148.7935 	 2 
148.8051 	 0 
148.9560 	 2 
149.0257 	 2 
149.0837 	 2 
149.4204 	 2 
149.5829 	 2 
149.5946 	 0 
149.7571 	 0 
149.8848 	 2 
149.8964 	 0 
150.1983 	 2 
150.2099 	 0 
150.3608 	 0 
150.3608 	 2 
150.5001 	 2 
150.6743 	 2 
150.8252 	 2 
150.9761 	 2 
151.1387 	 2 
151.3012 	 2 
151.3128 	 1 
151.3128 	 0 
151.4522 	 2 
151.9166 	 2 
152.0791 	 2 
152.3926 	 2 
152.5435 	 2 
152.7060 	 2 
152.7060 	 0 
152.8570 	 2 
152.8570 	 0 
153.0079 	 2 
153.1704 	 2 
153.3214 	 2 
153.4839 	 2 
153.6464 	 2 
153.7974 	 2 
153.8090 	 0 
153.9599 	 2 
154.0296 	 2 
154.0644 	 2 
154.4243 	 2 
154.5752 	 2 
154.7610 	 0 
154.8887 	 2 
155.0396 	 2 
155.0512 	 1 
155.0629 	 0 
155.2022 	 2 
155.3531 	 0 
155.3647 	 2 
155.5040 	 2 
155.6782 	 2 
155.8291 	 2 
155.9800 	 2 
156.1426 	 2 
156.3051 	 0 
156.3051 	 2 
156.4561 	 2 
156.9205 	 2 
157.0830 	 2 
157.3849 	 2 
157.5358 	 1 
157.5474 	 2 
157.5590 	 0 
157.6983 	 2 
157.7099 	 0 
157.8609 	 2 
157.8609 	 0 
158.0002 	 2 
158.1743 	 2 
158.3253 	 2 
158.4762 	 2 
158.6387 	 2 
158.7897 	 2 
158.8013 	 0 
158.9638 	 2 
159.4166 	 2 
159.5791 	 2 
159.5791 	 0 
159.7533 	 0 
159.8926 	 2 
160.0435 	 1 
160.0435 	 2 
160.0668 	 0 
160.1945 	 2 
160.3570 	 0 
160.3570 	 2 
160.5079 	 2 
160.6705 	 2 
160.8214 	 2 
160.9839 	 2 
161.1465 	 2 
161.2974 	 2 
161.3090 	 0 
161.4483 	 2 
161.5064 	 0 
161.6109 	 0 
161.6109 	 2 
161.7618 	 2 
161.9127 	 2 
162.0753 	 1 
162.0753 	 2 
162.3888 	 2 
162.5513 	 2 
162.5513 	 0 
162.7138 	 0 
162.7138 	 2 
162.8532 	 0 
162.8532 	 1 
162.8532 	 2 
163.0157 	 2 
163.1782 	 2 
163.3292 	 2 
163.4801 	 2 
163.6310 	 2 
163.7936 	 2 
163.8052 	 0 
163.8052 	 1 
163.9561 	 2 
164.1186 	 2 
164.4205 	 2 
164.5830 	 2 
164.7340 	 2 
164.8849 	 2 
165.0474 	 2 
165.2100 	 2 
165.2216 	 0 
165.3493 	 2 
165.3609 	 0 
165.5118 	 2 
165.6744 	 2 
165.8253 	 2 
165.9878 	 2 
166.1388 	 2 
166.3013 	 0 
166.3013 	 2 
166.4522 	 2 
166.6032 	 2 
166.7657 	 2 
166.9283 	 2 
166.9631 	 0 
167.0792 	 2 
167.2417 	 2 
167.2533 	 0 
167.4043 	 2 
167.5552 	 2 
167.7061 	 2 
167.7177 	 0 
167.8571 	 0 
167.8571 	 1 
167.8687 	 2 
168.1705 	 2 
168.3331 	 2 
168.3679 	 0 
168.4840 	 2 
168.6465 	 2 
168.7975 	 2 
168.8091 	 0 
168.9600 	 2 
169.1341 	 2 
169.1458 	 0 
169.2619 	 2 
169.4244 	 2 
169.5753 	 2 
169.8888 	 2 
170.0397 	 2 
170.2023 	 2 
170.3532 	 2 
170.3532 	 0 
170.6667 	 2 
170.8292 	 2 
170.9917 	 2 
171.3052 	 0 
171.4561 	 2 
171.6187 	 2 
171.7696 	 2 
171.9205 	 2 
172.0831 	 2 
172.1179 	 0 
172.2456 	 2 
172.3966 	 2 
172.6984 	 2 
172.6984 	 0 
172.8610 	 0 
172.8726 	 2 
173.0235 	 2 
173.1744 	 2 
173.3370 	 2 
173.4879 	 2 
173.4995 	 0 
173.6388 	 2 
173.8014 	 2 
173.8014 	 0 
174.1148 	 2 
174.2774 	 2 
174.4283 	 2 
174.5792 	 2 
174.7418 	 2 
174.7534 	 0 
174.8927 	 2 
175.0436 	 0 
175.0436 	 2 
175.2062 	 0 
175.2062 	 2 
175.2062 	 1 
175.3571 	 0 
175.3571 	 2 
175.6590 	 2 
175.9840 	 2 
176.0189 	 0 
176.1350 	 2 
176.3091 	 0 
176.3207 	 1 
176.3323 	 2 
176.6110 	 2 
176.7619 	 2 
176.9361 	 2 
176.9477 	 1 
177.3888 	 2 
177.5398 	 2 
177.6907 	 0 
177.7023 	 2 
177.8532 	 0 
177.8532 	 2 
178.1783 	 2 
178.4802 	 2 
178.6427 	 2 
178.7240 	 0 
178.8053 	 2 
178.8053 	 0 
178.8053 	 1 
179.0142 	 0 
179.1071 	 2 
179.2697 	 2 
179.4206 	 2 
179.5831 	 2 
179.7457 	 2 
179.8966 	 2 
180.0359 	 2 
180.2101 	 2 
180.3262 	 0 
180.3610 	 2 
180.6629 	 2 
180.9879 	 2 
181.0112 	 0 
181.1389 	 2 
181.3014 	 2 
181.3130 	 0 
181.6033 	 2 
181.9283 	 2 
182.2302 	 2 
182.2650 	 0 
182.3811 	 2 
182.5553 	 2 
182.5785 	 0 
182.8455 	 1 
182.8571 	 2 
182.8571 	 0 
183.1822 	 2 
183.4841 	 2 
183.6350 	 2 
183.7976 	 2 
183.8092 	 0 
184.0994 	 2 
184.2620 	 2 
184.4245 	 2 
184.5986 	 0 
184.7380 	 2 
184.8889 	 2 
185.0398 	 2 
185.0630 	 0 
185.2024 	 2 
185.3417 	 1 
185.3649 	 2 
185.6668 	 1 
185.6668 	 2 
185.7829 	 2 
185.8177 	 2 
185.9918 	 1 
186.9322 	 2 
187.4779 	 1 
187.5360 	 0 
187.5476 	 2 
187.6637 	 1 
188.1281 	 2 
188.1513 	 2 
188.7666 	 2 
189.3820 	 2 
189.8347 	 1 
189.9392 	 1 
189.9857 	 1 
189.9857 	 0 
189.9973 	 2 
190.3340 	 0 
190.8564 	 0 
192.1567 	 0 
192.2844 	 1 
192.4586 	 1 
194.0608 	 0 
195.3495 	 0 
195.6862 	 0 
196.3131 	 0 
197.8572 	 0 
198.1823 	 0 
198.8093 	 0 
200.3534 	 0 
200.6785 	 0 
201.3054 	 0 
202.8611 	 0 
203.1862 	 0 
203.8015 	 0 
204.5910 	 0 
205.3573 	 0 
205.6824 	 0 
206.3093 	 0 
207.8534 	 0 
208.1785 	 0 
209.7226 	 1 
210.3496 	 0 
210.6746 	 0 
211.3016 	 0 
212.2420 	 0 
212.8573 	 0 
213.1824 	 0 
215.3535 	 0 
215.6437 	 2 
215.6785 	 0 
216.3055 	 2 
216.3055 	 1 
216.3055 	 0 
216.9324 	 2 
216.9324 	 1 
217.2459 	 1 
217.4084 	 1 
217.5826 	 2 
217.8612 	 0 
218.1747 	 2 
218.3488 	 1 
218.8016 	 2 
218.9526 	 1 
219.3821 	 2 
219.4054 	 2 
219.5795 	 1 
219.7188 	 1 
219.7420 	 2 
220.0323 	 1 
220.0555 	 2 
220.2064 	 1 
220.3341 	 1 
220.3458 	 2 
221.3442 	 0 
221.7970 	 1 
221.8202 	 2 
223.3527 	 1 
225.3729 	 0 
225.9882 	 1 
227.8458 	 0 
228.3334 	 2 
228.4960 	 1 
228.6701 	 0 
230.2491 	 1 
230.2723 	 1 
230.3652 	 0 
230.9921 	 1 
231.3520 	 0 
231.9209 	 0 
232.2692 	 0 
232.8497 	 0 
233.4999 	 1 
234.4171 	 0 
234.4287 	 1 
234.7189 	 0 
235.3575 	 0 
236.9248 	 0 
237.8652 	 0 
239.4210 	 0 
240.3730 	 0 
241.9171 	 0 
242.8691 	 0 
244.4249 	 0 
245.3769 	 0 
246.3521 	 2 
246.4450 	 2 
246.5030 	 0 
246.5495 	 2 
246.6540 	 2 
246.7585 	 2 
246.8629 	 2 
246.9210 	 0 
247.5944 	 2 
247.6989 	 2 
247.8150 	 0 
247.8150 	 2 
247.8730 	 0 
248.7438 	 2 
248.8599 	 0 
249.1501 	 2 
249.2778 	 2 
249.3707 	 2 
249.4171 	 0 
250.2182 	 0 
250.3111 	 2 
250.3692 	 0 
251.1470 	 0 
251.2515 	 2 
251.5185 	 0 
251.7624 	 2 
251.8785 	 2 
251.9249 	 0 
252.8073 	 2 
252.8769 	 0 
253.5271 	 0 
253.8522 	 2 
253.8870 	 0 
254.0727 	 2 
254.2469 	 1 
254.4210 	 0 
255.3731 	 0 
255.3731 	 2 
255.5240 	 2 
256.0000 	 2 
256.1393 	 2 
256.3019 	 2 
256.3599 	 2 
256.4528 	 2 
256.4876 	 0 
256.5573 	 2 
256.6618 	 2 
256.7779 	 2 
256.9172 	 0 
256.9288 	 2 
257.0797 	 2 
257.2423 	 2 
257.4861 	 2 
257.6022 	 2 
257.7067 	 2 
257.8692 	 2 
257.8692 	 0 
258.0201 	 2 
258.2291 	 2 
258.5426 	 2 
258.6471 	 2 
258.9489 	 2 
259.0186 	 0 
259.0650 	 2 
259.1115 	 2 
259.2740 	 2 
259.4249 	 2 
259.4249 	 0 
259.5875 	 2 
259.8893 	 2 
260.0635 	 2 
260.2144 	 2 
260.2260 	 0 
260.3073 	 2 
260.3654 	 2 
260.3770 	 0 
260.5163 	 2 
260.6788 	 2 
260.8414 	 2 
261.2477 	 2 
261.3522 	 2 
261.4451 	 2 
261.4567 	 0 
261.5612 	 2 
261.6192 	 2 
261.7702 	 2 
261.8746 	 2 
261.9211 	 0 
262.0836 	 2 
262.2462 	 2 
262.3971 	 2 
262.5945 	 2 
262.7106 	 2 
262.8151 	 2 
262.8731 	 0 
262.8731 	 2 
263.0240 	 2 
263.1750 	 2 
263.3375 	 2 
263.4884 	 2 
263.6510 	 2 
263.8135 	 2 
263.9528 	 2 
264.0457 	 2 
264.1618 	 2 
264.2663 	 2 
264.3708 	 2 
264.4288 	 2 
264.5914 	 2 
264.6843 	 2 
264.7423 	 2 
264.8932 	 2 
265.0558 	 2 
265.2067 	 2 
265.2067 	 0 
265.3693 	 2 
265.3693 	 0 
265.6827 	 2 
265.8337 	 2 
266.4606 	 2 
266.6115 	 2 
266.7624 	 2 
266.8785 	 2 
266.9250 	 0 
267.0875 	 2 
267.4010 	 2 
267.5519 	 2 
267.6912 	 2 
267.8073 	 2 
267.8654 	 2 
267.8654 	 0 
268.0279 	 2 
268.1789 	 2 
268.3298 	 2 
268.5388 	 2 
268.7361 	 2 
268.8406 	 2 
268.8406 	 0 
268.9567 	 2 
269.1541 	 2 
269.2586 	 2 
269.3747 	 2 
269.4676 	 2 
269.5721 	 2 
269.8971 	 2 
270.3615 	 0 
270.3615 	 2 
270.6750 	 2 
270.8376 	 2 
270.9885 	 2 
271.3368 	 2 
271.4529 	 2 
271.6154 	 2 
271.8708 	 2 
271.9173 	 0 
271.9173 	 2 
272.2424 	 1 
272.3933 	 2 
272.5907 	 2 
272.7068 	 2 
272.8693 	 2 
272.8693 	 0 
273.0202 	 2 
273.1828 	 2 
273.4034 	 0 
273.7517 	 0 
273.8445 	 2 
273.8561 	 0 
274.4715 	 2 
274.6572 	 2 
275.1449 	 1 
275.2029 	 2 
275.3538 	 0 
276.9212 	 0 
277.8616 	 0 
278.7788 	 0 
279.2548 	 0 
280.3577 	 0 
281.5071 	 0 
281.9135 	 0 
282.8655 	 0 
283.4228 	 0 
284.5025 	 1 
284.7231 	 1 
285.2688 	 1 
285.3500 	 0 
286.0118 	 0 
286.3369 	 0 
286.6852 	 1 
286.7897 	 1 
286.9174 	 0 
287.7301 	 0 
287.8694 	 0 
288.4731 	 0 
289.7154 	 1 
290.2494 	 1 
290.2610 	 0 
290.3539 	 0 
290.8880 	 1 
291.5846 	 0 
291.9213 	 0 
292.7804 	 1 
292.8617 	 0 
293.2912 	 1 
293.3609 	 0 
293.4190 	 1 
293.9762 	 1 
294.0227 	 1 
294.1504 	 2 
294.4290 	 1 
294.4522 	 2 
294.4987 	 1 
294.6264 	 1 
294.9283 	 1 
294.9979 	 2 
295.2185 	 1 
295.2301 	 0 
295.3927 	 2 
295.8803 	 0 
296.0893 	 1 
296.4259 	 1 
297.6914 	 1 
297.7611 	 1 
297.8772 	 0 
299.8509 	 1 
299.9322 	 1 
300.0018 	 1 
300.0947 	 1 
300.2224 	 0 
301.3950 	 1 
301.5227 	 1 
301.8362 	 1 
301.8942 	 1 
301.9175 	 1 
302.0452 	 1 
302.1264 	 1 
302.2890 	 1 
302.4051 	 1 
302.4980 	 1 
302.5676 	 1 
302.7185 	 0 
302.8695 	 0 
303.0204 	 1 
303.1017 	 1 
303.1713 	 1 
303.1946 	 0 
303.2642 	 1 
303.3455 	 1 
304.6458 	 1 
304.7503 	 1 
304.8432 	 1 
305.2844 	 1 
305.4585 	 1 
305.5630 	 1 
305.8765 	 0 
306.0158 	 1 
306.6311 	 1 
307.0955 	 0 
307.2348 	 0 
307.2464 	 1 
307.3741 	 1 
307.4670 	 1 
307.7108 	 1 
307.7573 	 1 
307.8734 	 0 
308.3726 	 0 
308.4539 	 1 
308.5119 	 1 
308.6048 	 1 
308.7325 	 1 
308.8254 	 1 
308.9531 	 1 
309.7426 	 1 
310.1025 	 1 
310.2534 	 1 
310.3695 	 0 
310.5088 	 1 
310.6946 	 0 
310.7178 	 1 
310.7759 	 1 
310.8339 	 1 
311.2171 	 1 
311.3448 	 0 
311.9020 	 1 
312.0530 	 1 
312.1342 	 1 
312.8657 	 0 
313.1907 	 0 
313.4694 	 1 
313.4694 	 2 
314.4330 	 1 
314.5607 	 1 
314.6652 	 1 
314.8510 	 1 
315.2805 	 1 
315.4431 	 0 
315.7217 	 0 
317.1614 	 1 
317.9392 	 1 
318.0785 	 1 
318.0902 	 2 
318.1366 	 1 
318.1830 	 1 
318.2759 	 1 
318.2991 	 2 
318.3920 	 1 
318.6010 	 1 
318.7171 	 1 
318.7868 	 1 
318.9377 	 1 
318.9493 	 0 
319.0538 	 2 
319.1351 	 2 
319.2279 	 2 
319.2744 	 2 
319.4485 	 2 
319.7620 	 1 
319.8665 	 1 
321.5151 	 0 
322.5484 	 1 
322.6877 	 2 
322.6993 	 0 
322.9780 	 1 
323.1289 	 1 
323.3146 	 1 
323.3379 	 0 
323.3495 	 1 
323.6049 	 1 
323.7907 	 1 
323.9184 	 1 
323.9184 	 0 
323.9764 	 1 
324.1157 	 1 
324.1854 	 1 
324.3595 	 1 
324.4176 	 1 
324.8123 	 1 
325.0678 	 1 
326.2636 	 1 
327.5291 	 1 
327.6568 	 0 
327.7148 	 1 
327.7380 	 0 
327.9122 	 1 
328.1908 	 1 
328.2953 	 1 
328.3766 	 1 
328.5740 	 1 
328.7713 	 1 
328.8526 	 1 
328.8874 	 1 
328.9919 	 1 
329.1196 	 1 
329.1545 	 2 
329.2241 	 1 
329.3634 	 1 
329.4331 	 1 
329.5376 	 1 
329.5956 	 1 
329.6537 	 1 
330.0833 	 1 
330.2690 	 1 
330.7102 	 0 
331.6042 	 1 
334.4138 	 1 
339.4873 	 2 
