0.3367 	 2 
0.3483 	 1 
0.3483 	 0 
0.3947 	 2 
0.3947 	 1 
0.4992 	 0 
0.4992 	 1 
0.4992 	 2 
0.6153 	 1 
0.6153 	 2 
0.9172 	 1 
0.9172 	 0 
0.9172 	 2 
1.4861 	 1 
1.4861 	 2 
1.4861 	 0 
1.7647 	 2 
1.7647 	 0 
1.7647 	 1 
1.9040 	 2 
2.0434 	 1 
2.0434 	 0 
2.0434 	 2 
2.2059 	 0 
2.2059 	 1 
2.2059 	 2 
2.6006 	 2 
2.6006 	 0 
2.6006 	 1 
2.8793 	 2 
3.0418 	 2 
3.0418 	 1 
3.1695 	 1 
3.1695 	 0 
3.1695 	 2 
3.4482 	 2 
3.4598 	 1 
3.7268 	 1 
3.7268 	 2 
4.0287 	 1 
4.0287 	 2 
4.0287 	 0 
4.1796 	 1 
4.1796 	 2 
4.3189 	 2 
4.3189 	 1 
4.3189 	 0 
4.4582 	 0 
4.4582 	 2 
4.4582 	 1 
4.5859 	 2 
4.5976 	 1 
4.7369 	 2 
4.8646 	 1 
4.8646 	 2 
5.0387 	 2 
5.1548 	 2 
5.1548 	 1 
5.3174 	 2 
5.3174 	 0 
5.3174 	 1 
5.4567 	 0 
5.4567 	 1 
5.4683 	 2 
5.6076 	 2 
5.6076 	 1 
5.7353 	 2 
5.7469 	 1 
5.8746 	 2 
5.8863 	 1 
6.0140 	 2 
6.0256 	 0 
6.0256 	 1 
6.2926 	 1 
6.2926 	 0 
6.3042 	 2 
6.4551 	 2 
6.4668 	 1 
6.5829 	 0 
6.5829 	 2 
6.5829 	 1 
6.7454 	 1 
6.7454 	 2 
6.7454 	 0 
7.1401 	 0 
7.1517 	 2 
7.1517 	 1 
7.2911 	 1 
7.2911 	 2 
7.4188 	 1 
7.4188 	 2 
7.5813 	 1 
7.5813 	 2 
7.5813 	 0 
7.7439 	 2 
7.8716 	 1 
7.8716 	 2 
7.9877 	 2 
7.9877 	 1 
8.1270 	 1 
8.1270 	 2 
8.2663 	 2 
8.2663 	 0 
8.2663 	 1 
8.5449 	 2 
8.5449 	 1 
8.5449 	 0 
8.7075 	 1 
8.8236 	 2 
8.8236 	 1 
8.8352 	 0 
8.9977 	 1 
8.9977 	 2 
9.1138 	 2 
9.1254 	 1 
9.2415 	 0 
9.2532 	 1 
9.2532 	 2 
9.4041 	 1 
9.4157 	 2 
9.4157 	 0 
9.5434 	 1 
9.5434 	 0 
9.5550 	 2 
9.6827 	 2 
9.6827 	 1 
9.9730 	 2 
9.9730 	 1 
9.9730 	 0 
10.5535 	 2 
10.5651 	 1 
10.8321 	 2 
10.8321 	 0 
10.8437 	 1 
10.9830 	 2 
11.1107 	 2 
11.1107 	 1 
11.2617 	 2 
11.2733 	 1 
11.6796 	 1 
11.6796 	 2 
11.8306 	 1 
11.8306 	 2 
11.9583 	 2 
12.0163 	 2 
12.0395 	 2 
12.1324 	 2 
12.2485 	 2 
12.3646 	 1 
12.3646 	 0 
12.3646 	 2 
12.7826 	 1 
12.7826 	 0 
12.7826 	 2 
13.0728 	 2 
13.0728 	 0 
13.0728 	 1 
13.2122 	 2 
13.2238 	 1 
13.3515 	 2 
13.3515 	 1 
13.3631 	 0 
13.4908 	 0 
13.4908 	 2 
13.5024 	 1 
13.6301 	 1 
13.6301 	 2 
13.7810 	 2 
13.9204 	 1 
13.9204 	 2 
14.0829 	 2 
14.2106 	 2 
14.2106 	 1 
14.3383 	 2 
14.3499 	 0 
14.3499 	 1 
14.3848 	 1 
14.5125 	 0 
14.5125 	 2 
14.5125 	 1 
14.6518 	 1 
14.6634 	 2 
14.7795 	 2 
14.7911 	 1 
14.9420 	 1 
14.9420 	 2 
14.9420 	 0 
15.0698 	 2 
15.0698 	 0 
15.0814 	 1 
15.2091 	 2 
15.2207 	 1 
15.3368 	 1 
15.3368 	 0 
15.3484 	 2 
15.4877 	 2 
15.4993 	 1 
15.6270 	 2 
15.6270 	 1 
15.7663 	 0 
15.7663 	 1 
15.7780 	 2 
16.0450 	 2 
16.1727 	 2 
16.1843 	 1 
16.3468 	 1 
16.3585 	 2 
16.4746 	 2 
16.4746 	 1 
16.6023 	 1 
16.6139 	 2 
16.7416 	 2 
16.8809 	 1 
16.8809 	 0 
16.8809 	 2 
17.0318 	 2 
17.2873 	 2 
17.3105 	 1 
17.6007 	 2 
17.6123 	 1 
17.6123 	 0 
17.7400 	 2 
17.7400 	 1 
17.8794 	 1 
17.8910 	 0 
17.8910 	 2 
18.0303 	 2 
18.0303 	 1 
18.1580 	 1 
18.1696 	 2 
18.3322 	 2 
18.4483 	 2 
18.4483 	 1 
18.5876 	 2 
18.5876 	 1 
18.5876 	 0 
19.0171 	 1 
19.0171 	 0 
19.0171 	 2 
19.5976 	 0 
19.5976 	 1 
19.5976 	 2 
19.8763 	 1 
19.8879 	 0 
19.8879 	 2 
20.0156 	 2 
20.1549 	 2 
20.1549 	 1 
20.3059 	 2 
20.3059 	 1 
20.3059 	 0 
20.5961 	 2 
20.7122 	 1 
20.7238 	 2 
20.8631 	 2 
21.1302 	 1 
21.1418 	 2 
21.2811 	 2 
21.4088 	 1 
21.4204 	 2 
21.5481 	 1 
21.5481 	 2 
21.6990 	 2 
21.7107 	 1 
21.8384 	 0 
21.8384 	 2 
21.8500 	 1 
21.9893 	 2 
22.1286 	 1 
22.1402 	 2 
22.1402 	 0 
22.2795 	 1 
22.4073 	 2 
22.4189 	 1 
22.5582 	 1 
22.5582 	 0 
22.5582 	 2 
22.6975 	 1 
22.6975 	 2 
22.8484 	 1 
22.8484 	 2 
22.9645 	 0 
22.9761 	 2 
22.9761 	 1 
23.4289 	 2 
23.4289 	 1 
23.5450 	 2 
23.5450 	 1 
23.5450 	 0 
23.6960 	 1 
23.7076 	 2 
23.8237 	 2 
23.8237 	 1 
23.9746 	 2 
23.9862 	 0 
23.9862 	 1 
24.1139 	 0 
24.1139 	 1 
24.1139 	 2 
24.2649 	 2 
24.2765 	 1 
24.4042 	 0 
24.4042 	 1 
24.4042 	 2 
24.5551 	 2 
24.5551 	 1 
24.6828 	 2 
24.6828 	 0 
24.6828 	 1 
24.8337 	 0 
24.8337 	 1 
24.8337 	 2 
25.1240 	 2 
25.1240 	 1 
25.2401 	 1 
25.2401 	 0 
25.2517 	 2 
25.4026 	 2 
25.4142 	 1 
25.5303 	 2 
25.5420 	 1 
25.6813 	 0 
25.6813 	 1 
25.6813 	 2 
26.0992 	 1 
26.0992 	 2 
26.2618 	 1 
26.2618 	 2 
26.3895 	 2 
26.3895 	 1 
26.5288 	 2 
26.6797 	 1 
26.6797 	 2 
26.6797 	 0 
26.8307 	 2 
26.8307 	 1 
26.9584 	 1 
26.9700 	 2 
26.9700 	 0 
27.0977 	 0 
27.1093 	 1 
27.1093 	 2 
27.2370 	 2 
27.2486 	 1 
27.3879 	 1 
27.3879 	 2 
27.3879 	 0 
27.5389 	 1 
27.5389 	 2 
27.5389 	 0 
27.6666 	 0 
27.6782 	 1 
27.6782 	 2 
27.8175 	 1 
27.8175 	 2 
28.0961 	 2 
28.0961 	 0 
28.0961 	 1 
28.5373 	 1 
28.5373 	 0 
28.5373 	 2 
28.6999 	 2 
28.7115 	 1 
28.7115 	 0 
28.8392 	 2 
28.9553 	 2 
28.9669 	 1 
28.9669 	 0 
29.1294 	 2 
29.2455 	 0 
29.2455 	 2 
29.2455 	 1 
29.3965 	 1 
29.3965 	 2 
29.6867 	 2 
29.7912 	 2 
29.8028 	 1 
29.9654 	 2 
29.9654 	 1 
30.0815 	 2 
30.2324 	 2 
30.2324 	 0 
30.2324 	 1 
30.6503 	 1 
30.6503 	 2 
30.8129 	 2 
30.9406 	 2 
30.9406 	 0 
30.9522 	 1 
31.1031 	 2 
31.2308 	 2 
31.2308 	 0 
31.2308 	 1 
31.3818 	 1 
31.3934 	 2 
31.5211 	 2 
31.5211 	 1 
31.5211 	 0 
31.6604 	 1 
31.6604 	 0 
31.6720 	 2 
31.8113 	 2 
31.8113 	 1 
31.9507 	 2 
32.0784 	 1 
32.0784 	 2 
32.0900 	 0 
32.3686 	 2 
32.6705 	 1 
32.6705 	 2 
32.6705 	 0 
32.9607 	 1 
32.9607 	 2 
33.1000 	 0 
33.1000 	 2 
33.1000 	 1 
33.2394 	 0 
33.2394 	 2 
33.2394 	 1 
33.3787 	 2 
33.3903 	 1 
33.5180 	 1 
33.5180 	 2 
33.5180 	 0 
33.6689 	 2 
33.6689 	 1 
33.7966 	 2 
33.7966 	 0 
33.7966 	 1 
33.9476 	 0 
33.9476 	 2 
33.9476 	 1 
34.2146 	 2 
34.3539 	 1 
34.3539 	 2 
34.5049 	 2 
34.5049 	 1 
34.6210 	 2 
34.7719 	 1 
34.7835 	 0 
34.7835 	 2 
34.8415 	 1 
34.8415 	 2 
34.9344 	 2 
35.2131 	 2 
35.2131 	 1 
35.3524 	 2 
35.4801 	 2 
35.4801 	 1 
35.6310 	 1 
35.7587 	 1 
35.7703 	 2 
35.9213 	 2 
35.9213 	 1 
36.0374 	 2 
36.1302 	 2 
36.1767 	 2 
36.1883 	 1 
36.2812 	 2 
36.2928 	 1 
36.5598 	 2 
36.5714 	 1 
36.7456 	 1 
36.7456 	 0 
36.7456 	 2 
36.8617 	 1 
36.8617 	 0 
36.8617 	 2 
37.1635 	 2 
37.1751 	 1 
37.1751 	 0 
37.7440 	 1 
37.7556 	 2 
38.0343 	 1 
38.0459 	 2 
38.0459 	 0 
38.1852 	 2 
38.3129 	 2 
38.3129 	 1 
38.4639 	 1 
38.4639 	 0 
38.4755 	 2 
38.7541 	 2 
38.8586 	 2 
38.8702 	 1 
39.0211 	 2 
39.1372 	 2 
39.2882 	 2 
39.2882 	 1 
39.2998 	 0 
39.4739 	 2 
39.7061 	 1 
39.7177 	 2 
39.8571 	 1 
39.8571 	 2 
39.9848 	 2 
39.9964 	 1 
40.1357 	 2 
40.2866 	 0 
40.2866 	 2 
40.2866 	 1 
40.4259 	 2 
40.5769 	 1 
40.5769 	 0 
40.5769 	 2 
40.7162 	 0 
40.7162 	 2 
40.7278 	 1 
40.8555 	 1 
40.8555 	 2 
40.9948 	 1 
40.9948 	 2 
41.1341 	 1 
41.1341 	 0 
41.1341 	 2 
41.4128 	 2 
41.4244 	 1 
41.5753 	 1 
41.5753 	 2 
41.7030 	 1 
41.7030 	 0 
41.7030 	 2 
41.9817 	 1 
41.9817 	 2 
42.1326 	 1 
42.1326 	 2 
42.2719 	 2 
42.2719 	 1 
42.3880 	 1 
42.3996 	 2 
42.5390 	 1 
42.5390 	 2 
42.5390 	 0 
42.8292 	 1 
42.8292 	 2 
42.8408 	 0 
43.1195 	 0 
43.1195 	 2 
43.1195 	 1 
43.4097 	 1 
43.4097 	 2 
43.4097 	 0 
43.5722 	 2 
43.6883 	 2 
43.8277 	 0 
43.8393 	 2 
43.8393 	 1 
44.0018 	 2 
44.2572 	 1 
44.2572 	 2 
44.2688 	 0 
44.5243 	 2 
44.5359 	 0 
44.5359 	 1 
44.8145 	 2 
44.8145 	 0 
44.8145 	 1 
45.1048 	 2 
45.1048 	 1 
45.1628 	 2 
45.2789 	 1 
45.2905 	 2 
45.4879 	 2 
45.4879 	 1 
45.6853 	 0 
45.6969 	 2 
45.6969 	 1 
46.2541 	 1 
46.2541 	 0 
46.2541 	 2 
46.8463 	 1 
46.8463 	 2 
46.9972 	 2 
47.1249 	 0 
47.1249 	 1 
47.1249 	 2 
47.3919 	 1 
47.4035 	 2 
47.5545 	 0 
47.5545 	 1 
47.5545 	 2 
47.9608 	 1 
47.9724 	 2 
48.1234 	 2 
48.2278 	 2 
48.2278 	 1 
48.3672 	 0 
48.3788 	 1 
48.3788 	 2 
48.7851 	 1 
48.7851 	 2 
48.9477 	 2 
48.9593 	 1 
49.0754 	 1 
49.0754 	 0 
49.0754 	 2 
49.3656 	 1 
49.3656 	 2 
49.3772 	 0 
49.6559 	 1 
49.6559 	 2 
49.6675 	 0 
49.7952 	 0 
49.7952 	 1 
49.8068 	 2 
49.9461 	 2 
49.9577 	 1 
50.0854 	 2 
50.0971 	 1 
50.2132 	 1 
50.2132 	 2 
50.2132 	 0 
50.3641 	 1 
50.3757 	 2 
50.4918 	 1 
50.5034 	 2 
50.6427 	 2 
50.6543 	 1 
50.7704 	 1 
50.7820 	 0 
50.7820 	 2 
50.9446 	 2 
51.0607 	 2 
51.0723 	 1 
51.2116 	 2 
51.2232 	 1 
51.3625 	 2 
51.3625 	 1 
51.5135 	 2 
51.6528 	 1 
51.6528 	 2 
51.6528 	 0 
51.8037 	 1 
51.9430 	 1 
51.9430 	 2 
52.0824 	 2 
52.0824 	 1 
52.0824 	 0 
52.2101 	 2 
52.5003 	 2 
52.5003 	 1 
52.6512 	 2 
52.6512 	 1 
52.7790 	 2 
52.9299 	 2 
52.9299 	 1 
53.0808 	 2 
53.3362 	 1 
53.3478 	 2 
53.4756 	 2 
53.4872 	 1 
53.6265 	 1 
53.6381 	 2 
53.7658 	 2 
53.9051 	 1 
53.9051 	 0 
53.9051 	 2 
54.1954 	 1 
54.1954 	 0 
54.1954 	 2 
54.3347 	 1 
54.3347 	 2 
54.4856 	 1 
54.4856 	 0 
54.4856 	 2 
54.7527 	 2 
54.7643 	 1 
54.8107 	 1 
54.8107 	 2 
54.9152 	 1 
54.9268 	 2 
55.0545 	 1 
55.0545 	 0 
55.0545 	 2 
55.3332 	 1 
55.3332 	 2 
55.3332 	 0 
55.4493 	 1 
55.5886 	 1 
55.9137 	 2 
55.9253 	 1 
56.0762 	 2 
56.2039 	 1 
56.2039 	 0 
56.2039 	 2 
56.3664 	 2 
56.4825 	 2 
56.4825 	 1 
56.6335 	 2 
56.6335 	 1 
56.6335 	 0 
57.0514 	 2 
57.0514 	 1 
57.3185 	 2 
57.3185 	 1 
57.4694 	 2 
57.4694 	 1 
57.5971 	 1 
57.6203 	 2 
57.8873 	 2 
57.8873 	 1 
58.0499 	 2 
58.0499 	 1 
58.1660 	 2 
58.1776 	 1 
58.3285 	 2 
58.4678 	 1 
58.4678 	 0 
58.4678 	 2 
58.6188 	 2 
58.6188 	 1 
58.7465 	 2 
58.7465 	 0 
58.7465 	 1 
58.8858 	 2 
58.8858 	 0 
58.8974 	 1 
59.0251 	 2 
59.0367 	 1 
59.3154 	 1 
59.3154 	 0 
59.3154 	 2 
59.4547 	 2 
59.5824 	 2 
59.5940 	 0 
59.5940 	 1 
59.7566 	 1 
59.7566 	 2 
59.8843 	 0 
59.8843 	 1 
59.8843 	 2 
60.0352 	 2 
60.1629 	 1 
60.1629 	 2 
60.3138 	 0 
60.3138 	 2 
60.3254 	 1 
60.4532 	 2 
60.4532 	 1 
60.6041 	 1 
60.6041 	 2 
60.7318 	 2 
60.7434 	 1 
60.8595 	 0 
60.8595 	 1 
60.8711 	 2 
61.0104 	 1 
61.0104 	 2 
61.0104 	 0 
61.3007 	 2 
61.3123 	 1 
61.3123 	 0 
61.5793 	 2 
61.5793 	 1 
61.5793 	 0 
61.8580 	 2 
61.8580 	 0 
61.8696 	 1 
62.0321 	 0 
62.0321 	 1 
62.0321 	 2 
62.3107 	 1 
62.3107 	 2 
62.3804 	 1 
62.3804 	 2 
62.4385 	 2 
62.5778 	 2 
62.5894 	 1 
62.8564 	 2 
62.8680 	 1 
62.9377 	 2 
62.9957 	 1 
63.0073 	 2 
63.1583 	 2 
63.1583 	 1 
63.3905 	 2 
63.3905 	 1 
63.4021 	 0 
63.5414 	 2 
63.6691 	 2 
63.8200 	 2 
63.8200 	 1 
63.9710 	 2 
63.9710 	 1 
64.0987 	 2 
64.1103 	 1 
64.3077 	 2 
64.3773 	 1 
64.3773 	 0 
64.3773 	 2 
64.8185 	 2 
64.8185 	 1 
64.8185 	 0 
65.2481 	 1 
65.2597 	 0 
65.2597 	 2 
65.8750 	 2 
66.2001 	 2 
66.3626 	 1 
66.3742 	 2 
66.5136 	 1 
66.5136 	 2 
66.5252 	 0 
66.8038 	 2 
66.8038 	 1 
66.9431 	 1 
66.9431 	 2 
67.0824 	 1 
67.0824 	 2 
67.2218 	 1 
67.2218 	 2 
67.3727 	 1 
67.3727 	 2 
67.5120 	 1 
67.5120 	 2 
67.5236 	 0 
67.6513 	 1 
67.6513 	 2 
67.7907 	 0 
67.7907 	 2 
67.7907 	 1 
67.9300 	 2 
67.9300 	 1 
68.0693 	 0 
68.0693 	 2 
68.0693 	 1 
68.3479 	 2 
68.3595 	 1 
68.4989 	 0 
68.5105 	 1 
68.5105 	 2 
68.9400 	 1 
68.9400 	 2 
68.9400 	 0 
69.2303 	 1 
69.2303 	 2 
69.3812 	 0 
69.3812 	 1 
69.3812 	 2 
69.5089 	 2 
69.6483 	 1 
69.6599 	 2 
69.7992 	 2 
69.8108 	 1 
69.8108 	 0 
70.3913 	 1 
70.3913 	 2 
70.3913 	 0 
70.5306 	 0 
70.5306 	 2 
70.5422 	 1 
70.6699 	 1 
70.6699 	 0 
70.6815 	 2 
70.9486 	 2 
70.9602 	 1 
71.2272 	 1 
71.2272 	 2 
71.4710 	 2 
71.4826 	 1 
71.7613 	 2 
71.7729 	 1 
72.0399 	 0 
72.0399 	 1 
72.0399 	 2 
72.2024 	 2 
72.3069 	 1 
72.3069 	 0 
72.3069 	 2 
72.4463 	 2 
72.5740 	 2 
72.5856 	 1 
72.8642 	 2 
72.8642 	 1 
73.0151 	 0 
73.0268 	 2 
73.0268 	 1 
73.1545 	 1 
73.4563 	 2 
73.4563 	 0 
73.4563 	 1 
74.0368 	 1 
74.0484 	 2 
74.3387 	 0 
74.3387 	 2 
74.3387 	 1 
74.6057 	 1 
74.6057 	 2 
74.7566 	 1 
74.7566 	 0 
74.7566 	 2 
75.0469 	 1 
75.0469 	 2 
75.1746 	 1 
75.1862 	 2 
75.3255 	 1 
75.3255 	 2 
75.3255 	 0 
75.4532 	 2 
75.5926 	 0 
75.5926 	 2 
75.6042 	 1 
75.7667 	 2 
75.9989 	 1 
76.0105 	 2 
76.1731 	 2 
76.2892 	 1 
76.2892 	 2 
76.5794 	 1 
76.5910 	 2 
76.5910 	 0 
76.7420 	 1 
76.8697 	 1 
76.8697 	 2 
76.8697 	 0 
77.0090 	 0 
77.0206 	 1 
77.0206 	 2 
77.1599 	 2 
77.2992 	 1 
77.2992 	 2 
77.4269 	 0 
77.4269 	 2 
77.4269 	 1 
77.5895 	 2 
77.7056 	 2 
77.7056 	 1 
77.7056 	 0 
77.8797 	 1 
77.8797 	 2 
78.0074 	 2 
78.0074 	 0 
78.0074 	 1 
78.2977 	 1 
78.4602 	 1 
78.5995 	 2 
78.6112 	 0 
78.6112 	 1 
78.7505 	 2 
78.7505 	 1 
78.8898 	 2 
78.8898 	 0 
78.8898 	 1 
79.0407 	 2 
79.0407 	 1 
79.1568 	 2 
79.1568 	 1 
79.3078 	 2 
79.3078 	 0 
79.3078 	 1 
79.5980 	 2 
79.7141 	 1 
79.7141 	 2 
79.8766 	 1 
79.8766 	 2 
80.0044 	 2 
80.1437 	 0 
80.1437 	 2 
80.1437 	 1 
80.1901 	 1 
80.3062 	 2 
80.4339 	 2 
80.5500 	 1 
80.5616 	 2 
80.7126 	 2 
80.8403 	 1 
80.8519 	 2 
80.9796 	 2 
81.1073 	 1 
81.1189 	 0 
81.1189 	 2 
81.2466 	 2 
81.2698 	 2 
81.4092 	 1 
81.4092 	 0 
81.4208 	 2 
81.5717 	 1 
81.5717 	 2 
81.6994 	 2 
81.6994 	 1 
81.8387 	 2 
81.9897 	 1 
81.9897 	 2 
82.0013 	 0 
82.1406 	 2 
82.1406 	 1 
82.1406 	 0 
82.2683 	 2 
82.2799 	 1 
82.4192 	 1 
82.4192 	 2 
82.5469 	 1 
82.5469 	 0 
82.5469 	 2 
82.6398 	 2 
82.8488 	 1 
82.8720 	 2 
82.9997 	 1 
82.9997 	 2 
83.1274 	 2 
83.1507 	 1 
83.2900 	 2 
83.4177 	 1 
83.4177 	 0 
83.4177 	 2 
83.5686 	 2 
83.6847 	 1 
83.6847 	 2 
83.8473 	 2 
83.8473 	 1 
83.8589 	 0 
84.1375 	 2 
84.2536 	 1 
84.2536 	 2 
84.3929 	 2 
84.3929 	 1 
84.5206 	 2 
84.6716 	 2 
84.6716 	 0 
84.6832 	 1 
85.0779 	 1 
85.0779 	 2 
85.2405 	 2 
85.3682 	 0 
85.3682 	 1 
85.3682 	 2 
85.5191 	 2 
85.6584 	 1 
85.6584 	 0 
85.6584 	 2 
85.8093 	 1 
85.8093 	 2 
85.9371 	 0 
85.9371 	 1 
85.9371 	 2 
86.0764 	 2 
86.0764 	 1 
86.0764 	 0 
86.2157 	 2 
86.2157 	 1 
86.4943 	 1 
86.4943 	 2 
86.5524 	 2 
86.6685 	 2 
86.6685 	 1 
86.6685 	 0 
87.0980 	 2 
87.0980 	 0 
87.0980 	 1 
87.1793 	 1 
87.6669 	 2 
87.6785 	 1 
87.9572 	 2 
87.9572 	 1 
87.9572 	 0 
88.1081 	 2 
88.1081 	 1 
88.2358 	 1 
88.3519 	 2 
88.3635 	 1 
88.3635 	 0 
88.8047 	 2 
88.8047 	 1 
88.8163 	 0 
88.9556 	 2 
88.9556 	 1 
89.0834 	 0 
89.0834 	 2 
89.0834 	 1 
89.2227 	 2 
89.2227 	 1 
89.4897 	 2 
89.4897 	 0 
89.4897 	 1 
89.7683 	 1 
89.8032 	 2 
90.0470 	 2 
90.0470 	 0 
90.0470 	 1 
90.1863 	 1 
90.1863 	 2 
90.3140 	 2 
90.3372 	 1 
90.4649 	 2 
90.4766 	 1 
90.6043 	 2 
90.6159 	 1 
90.7552 	 1 
90.7552 	 2 
90.9061 	 1 
90.9061 	 2 
91.0338 	 1 
91.0338 	 2 
91.1848 	 2 
91.1964 	 1 
91.1964 	 0 
91.6259 	 1 
91.6259 	 2 
91.6376 	 0 
92.2064 	 2 
92.2064 	 1 
92.2180 	 0 
92.5083 	 0 
92.5083 	 1 
92.5083 	 2 
92.7753 	 2 
92.7753 	 1 
92.7753 	 0 
92.9263 	 1 
92.9263 	 0 
92.9379 	 2 
93.2281 	 2 
93.3442 	 1 
93.3442 	 2 
93.4951 	 2 
93.6112 	 1 
93.6229 	 2 
93.7738 	 1 
93.7738 	 2 
93.9015 	 2 
94.1801 	 2 
94.1917 	 1 
94.1917 	 0 
94.3427 	 2 
94.3427 	 1 
94.4704 	 1 
94.4704 	 2 
94.4704 	 0 
94.6213 	 2 
94.7606 	 2 
94.7606 	 0 
94.7606 	 1 
94.9116 	 2 
94.9232 	 1 
95.0393 	 1 
95.0509 	 0 
95.0509 	 2 
95.2018 	 2 
95.2018 	 0 
95.2018 	 1 
95.3527 	 1 
95.3527 	 2 
95.4805 	 2 
95.4921 	 1 
95.6198 	 2 
95.6198 	 0 
95.6198 	 1 
95.7707 	 2 
95.7823 	 1 
95.9100 	 2 
95.9100 	 0 
95.9100 	 1 
96.2003 	 2 
96.2003 	 0 
96.2003 	 1 
96.3512 	 2 
96.3628 	 1 
96.4789 	 1 
96.4789 	 2 
96.6415 	 2 
96.6415 	 1 
96.6531 	 0 
96.7692 	 1 
96.7692 	 2 
96.7692 	 0 
96.9201 	 2 
96.9317 	 1 
97.0594 	 0 
97.0594 	 1 
97.0594 	 2 
97.2220 	 2 
97.2220 	 1 
97.3497 	 1 
97.3497 	 0 
97.3497 	 2 
97.5006 	 1 
97.5006 	 0 
97.5122 	 2 
97.9069 	 2 
97.9069 	 1 
97.9069 	 0 
98.1740 	 2 
98.1856 	 1 
98.3249 	 1 
98.3249 	 0 
98.3365 	 2 
98.3829 	 2 
98.5107 	 2 
98.7545 	 1 
98.7545 	 2 
98.9170 	 1 
98.9170 	 2 
99.0447 	 2 
99.0447 	 1 
99.0447 	 0 
99.1724 	 2 
99.1956 	 1 
99.3234 	 1 
99.3350 	 0 
99.3350 	 2 
99.4627 	 2 
99.4859 	 2 
99.4859 	 1 
99.6020 	 2 
99.6020 	 0 
99.6136 	 1 
99.7529 	 2 
99.7529 	 0 
99.7529 	 1 
99.8922 	 2 
99.8922 	 1 
99.9039 	 0 
100.0200 	 1 
100.0316 	 2 
100.1709 	 0 
100.1709 	 2 
100.1709 	 1 
100.2173 	 2 
100.3334 	 2 
100.3334 	 0 
100.3334 	 1 
100.7746 	 1 
100.7746 	 0 
100.7746 	 2 
101.2506 	 2 
101.3667 	 1 
101.3783 	 2 
101.3783 	 0 
101.6570 	 2 
101.6570 	 1 
101.6570 	 0 
101.9240 	 2 
101.9240 	 1 
102.0865 	 1 
102.0865 	 2 
102.0865 	 0 
102.3652 	 2 
102.4813 	 2 
102.4929 	 1 
102.6322 	 2 
102.7599 	 2 
102.7715 	 1 
102.9108 	 2 
102.9108 	 1 
103.0502 	 2 
103.3172 	 2 
103.3288 	 1 
103.4797 	 2 
103.6190 	 2 
103.6190 	 1 
103.7584 	 2 
103.9093 	 2 
103.9093 	 1 
103.9093 	 0 
104.0602 	 2 
104.0718 	 1 
104.1995 	 1 
104.1995 	 0 
104.1995 	 2 
104.3389 	 1 
104.3389 	 2 
104.3389 	 0 
104.4666 	 2 
104.4782 	 1 
104.6175 	 2 
104.6291 	 1 
104.7568 	 1 
104.7568 	 0 
104.7568 	 2 
104.9194 	 2 
104.9194 	 1 
105.0471 	 2 
105.0587 	 1 
105.1980 	 2 
105.1980 	 1 
105.3257 	 2 
105.3257 	 0 
105.3257 	 1 
105.4883 	 2 
105.4883 	 1 
105.6044 	 2 
105.6160 	 1 
105.7669 	 1 
105.7785 	 2 
105.9178 	 1 
105.9178 	 2 
106.1965 	 0 
106.1965 	 1 
106.1965 	 2 
106.3358 	 2 
106.3474 	 1 
106.4867 	 1 
106.4867 	 2 
106.6260 	 2 
106.6260 	 1 
106.6260 	 0 
106.9279 	 2 
106.9511 	 1 
107.0440 	 2 
107.0556 	 1 
107.2181 	 2 
107.2181 	 1 
107.3342 	 2 
107.3342 	 1 
107.4736 	 2 
107.4736 	 0 
107.4852 	 1 
107.7522 	 2 
107.8915 	 1 
107.8915 	 2 
108.0424 	 1 
108.0424 	 2 
108.1702 	 1 
108.1818 	 2 
108.3327 	 2 
108.4604 	 2 
108.4604 	 1 
108.4604 	 0 
108.7390 	 1 
108.7390 	 0 
108.7390 	 2 
108.8900 	 2 
108.8900 	 1 
108.8900 	 0 
109.0409 	 1 
109.0409 	 2 
109.0409 	 0 
109.3079 	 2 
109.3195 	 1 
109.3660 	 2 
109.4937 	 1 
109.5053 	 2 
109.6214 	 2 
109.6214 	 0 
109.6214 	 1 
109.9000 	 2 
109.9000 	 0 
109.9000 	 1 
110.4805 	 2 
110.4805 	 1 
110.6547 	 2 
110.7708 	 2 
110.7708 	 0 
110.7708 	 1 
110.9217 	 1 
111.0494 	 0 
111.0494 	 2 
111.0494 	 1 
111.1888 	 0 
111.1888 	 1 
111.1888 	 2 
111.4674 	 2 
111.4790 	 1 
111.5951 	 1 
111.6067 	 2 
111.7344 	 1 
111.7344 	 2 
111.8621 	 2 
112.0247 	 1 
112.0247 	 2 
112.0247 	 0 
112.1640 	 2 
112.3033 	 2 
112.4194 	 2 
112.4194 	 1 
112.5703 	 2 
112.6980 	 2 
112.6980 	 1 
112.7097 	 0 
112.9999 	 1 
112.9999 	 2 
112.9999 	 0 
113.1624 	 1 
113.1624 	 2 
113.2785 	 1 
113.2785 	 0 
113.2785 	 2 
113.4295 	 2 
113.4295 	 1 
113.4295 	 0 
113.5688 	 1 
113.5688 	 2 
113.7197 	 2 
113.7197 	 1 
113.8474 	 1 
113.8474 	 2 
113.9868 	 1 
113.9984 	 2 
114.1261 	 0 
114.1261 	 1 
114.1377 	 2 
114.2886 	 1 
114.2886 	 2 
114.4163 	 0 
114.4163 	 1 
114.4163 	 2 
114.6950 	 1 
114.6950 	 2 
114.8691 	 0 
114.8691 	 1 
114.8691 	 2 
114.9852 	 0 
114.9968 	 1 
114.9968 	 2 
115.1478 	 2 
115.2755 	 1 
115.2755 	 0 
115.2755 	 2 
115.4264 	 1 
115.5541 	 2 
115.5541 	 1 
115.6934 	 1 
115.7050 	 0 
115.7050 	 2 
115.9256 	 1 
116.0069 	 2 
116.0185 	 1 
116.1114 	 2 
116.1114 	 1 
116.2739 	 2 
116.2739 	 1 
116.3784 	 2 
116.5293 	 0 
116.5293 	 2 
116.5293 	 1 
116.6803 	 2 
116.9241 	 1 
116.9357 	 2 
117.0866 	 2 
117.2143 	 1 
117.2143 	 2 
117.3537 	 2 
117.4814 	 0 
117.4814 	 2 
117.4814 	 1 
117.7716 	 0 
117.7716 	 1 
117.7716 	 2 
117.9109 	 2 
117.9225 	 1 
118.0502 	 2 
118.0502 	 1 
118.0619 	 0 
118.3289 	 2 
118.3289 	 1 
118.3753 	 1 
118.3869 	 2 
118.4914 	 0 
118.5030 	 2 
118.5030 	 1 
118.6307 	 2 
118.6307 	 1 
118.9210 	 0 
118.9210 	 2 
118.9210 	 1 
119.3738 	 0 
119.3738 	 1 
119.4086 	 2 
119.7917 	 2 
119.7917 	 1 
119.7917 	 0 
120.3606 	 0 
120.3606 	 2 
120.3606 	 1 
120.6509 	 1 
120.6625 	 2 
120.8134 	 2 
120.8134 	 1 
120.8134 	 0 
121.1037 	 0 
121.1037 	 1 
121.1037 	 2 
121.8583 	 2 
121.8699 	 1 
122.1486 	 2 
122.1602 	 0 
122.1602 	 1 
122.4388 	 2 
122.4388 	 1 
122.5898 	 0 
122.5898 	 2 
122.5898 	 1 
122.7523 	 2 
122.7523 	 1 
122.8916 	 1 
122.8916 	 2 
123.0425 	 1 
123.0425 	 2 
123.1702 	 0 
123.1819 	 1 
123.1819 	 2 
123.6230 	 0 
123.6230 	 1 
123.6230 	 2 
123.9017 	 0 
123.9017 	 1 
123.9017 	 2 
124.0642 	 1 
124.0642 	 2 
124.2035 	 1 
124.2151 	 2 
124.4822 	 2 
124.4822 	 1 
124.4822 	 0 
124.6331 	 2 
124.6331 	 1 
124.7608 	 1 
124.7608 	 2 
124.7724 	 0 
124.9117 	 2 
124.9117 	 0 
124.9117 	 1 
125.2020 	 2 
125.2020 	 1 
125.2020 	 0 
125.3297 	 2 
125.3297 	 1 
125.3297 	 0 
125.4574 	 1 
125.4690 	 0 
125.4690 	 2 
125.7244 	 2 
125.7244 	 1 
125.7244 	 0 
125.9915 	 2 
125.9915 	 1 
126.2121 	 0 
126.2121 	 1 
126.2237 	 2 
126.3862 	 0 
126.3862 	 2 
126.3978 	 1 
126.5604 	 2 
126.6532 	 1 
126.7577 	 2 
126.9551 	 1 
126.9551 	 2 
127.2221 	 1 
127.2337 	 2 
127.4079 	 1 
127.4079 	 2 
127.5240 	 0 
127.5240 	 1 
127.5240 	 2 
127.5704 	 2 
127.6981 	 2 
127.6981 	 1 
128.1045 	 2 
128.1045 	 1 
128.1161 	 0 
128.6734 	 1 
128.6850 	 2 
128.8359 	 2 
128.9636 	 1 
128.9636 	 0 
128.9636 	 2 
129.2423 	 1 
129.2423 	 2 
129.3932 	 2 
129.3932 	 1 
129.8112 	 1 
129.8112 	 2 
129.9621 	 1 
129.9621 	 2 
130.2291 	 2 
130.2407 	 1 
130.2988 	 2 
130.4149 	 2 
130.6471 	 2 
130.6587 	 1 
130.7980 	 2 
130.7980 	 1 
130.9257 	 0 
130.9373 	 2 
130.9373 	 1 
131.0883 	 2 
131.2276 	 0 
131.2276 	 1 
131.2276 	 2 
131.3785 	 2 
131.3785 	 1 
131.5062 	 1 
131.5178 	 2 
131.5178 	 0 
131.6571 	 0 
131.6571 	 1 
131.6571 	 2 
131.7965 	 1 
131.7965 	 2 
131.9474 	 1 
131.9474 	 2 
132.0635 	 1 
132.0635 	 2 
132.1564 	 2 
132.1564 	 1 
132.2260 	 2 
132.2260 	 1 
132.3421 	 2 
132.3421 	 1 
132.3537 	 0 
132.4931 	 2 
132.5047 	 1 
132.6440 	 0 
132.6556 	 1 
132.6556 	 2 
132.7833 	 2 
132.7949 	 1 
132.9342 	 2 
132.9342 	 1 
133.0852 	 2 
133.0852 	 1 
133.0852 	 0 
133.2245 	 0 
133.2245 	 1 
133.2361 	 2 
133.3638 	 2 
133.5031 	 2 
133.5031 	 1 
133.5031 	 0 
133.6657 	 1 
133.6657 	 2 
133.7934 	 2 
133.7934 	 1 
133.9327 	 1 
133.9327 	 0 
133.9443 	 2 
134.0952 	 2 
134.2113 	 2 
134.3623 	 2 
134.3623 	 1 
134.5132 	 2 
134.5132 	 1 
134.6293 	 1 
134.6409 	 2 
134.7918 	 0 
134.7918 	 1 
134.8034 	 2 
134.9079 	 2 
134.9428 	 2 
134.9660 	 2 
135.1982 	 1 
135.1982 	 2 
135.3375 	 1 
135.3375 	 2 
135.4768 	 1 
135.4768 	 2 
135.6278 	 1 
135.6278 	 2 
135.7555 	 2 
135.7555 	 1 
135.7555 	 0 
135.9412 	 2 
135.9644 	 2 
136.0109 	 1 
136.0225 	 2 
136.0225 	 0 
136.2083 	 2 
136.3940 	 1 
136.3940 	 2 
136.5914 	 0 
136.5914 	 2 
136.6030 	 1 
137.1603 	 2 
137.1603 	 1 
137.1603 	 0 
137.4505 	 1 
137.7408 	 1 
137.7524 	 2 
138.0194 	 2 
138.0194 	 1 
138.0310 	 0 
138.1936 	 2 
138.3097 	 2 
138.3097 	 1 
138.4606 	 0 
138.4606 	 1 
138.4722 	 2 
138.6115 	 2 
138.7508 	 2 
138.8785 	 2 
138.8785 	 1 
139.0295 	 2 
139.1456 	 2 
139.1572 	 1 
139.2849 	 0 
139.2965 	 2 
139.2965 	 1 
139.3313 	 1 
139.3429 	 2 
139.4590 	 2 
139.5751 	 2 
139.7029 	 2 
139.7029 	 1 
139.8422 	 2 
139.9815 	 0 
139.9815 	 2 
139.9815 	 1 
140.2717 	 1 
140.2717 	 2 
140.2717 	 0 
140.4227 	 1 
140.4227 	 2 
140.5620 	 2 
140.5620 	 1 
140.5620 	 0 
140.7129 	 1 
140.7129 	 2 
140.7129 	 0 
140.8406 	 1 
140.8406 	 2 
140.9916 	 1 
141.0032 	 2 
141.1193 	 1 
141.1193 	 2 
141.1193 	 0 
141.3979 	 2 
141.4095 	 1 
141.5605 	 2 
141.5605 	 1 
141.6882 	 1 
141.6882 	 2 
141.6882 	 0 
141.8391 	 1 
141.8391 	 2 
141.9668 	 2 
141.9668 	 1 
142.1177 	 2 
142.1177 	 1 
142.2571 	 1 
142.2571 	 2 
142.4080 	 1 
142.4080 	 2 
142.5473 	 0 
142.5473 	 1 
142.5473 	 2 
142.8259 	 2 
142.8376 	 1 
142.9769 	 2 
143.1162 	 2 
143.1162 	 1 
143.2787 	 2 
143.2787 	 1 
143.4064 	 1 
143.4180 	 2 
143.5690 	 1 
143.5690 	 2 
143.6967 	 1 
143.6967 	 2 
143.8360 	 0 
143.8360 	 2 
143.8476 	 1 
143.9057 	 2 
143.9521 	 2 
143.9985 	 2 
144.0334 	 2 
144.2656 	 2 
144.2656 	 1 
144.2772 	 0 
144.5442 	 1 
144.5442 	 2 
144.7068 	 2 
144.7068 	 1 
144.8345 	 1 
144.8345 	 0 
144.8345 	 2 
144.9970 	 2 
145.1247 	 2 
145.1363 	 1 
145.1595 	 2 
145.2640 	 2 
145.2640 	 1 
145.4034 	 2 
145.4034 	 1 
145.4034 	 0 
145.6704 	 2 
145.6820 	 1 
145.7284 	 1 
145.8213 	 0 
145.8213 	 2 
145.8213 	 1 
146.2277 	 0 
146.2277 	 2 
146.2277 	 1 
146.5179 	 1 
146.7037 	 2 
146.7037 	 1 
146.8082 	 2 
146.8198 	 1 
147.0868 	 1 
147.0984 	 2 
147.0984 	 0 
147.3771 	 1 
147.3771 	 0 
147.3771 	 2 
147.5396 	 1 
147.5512 	 2 
147.6789 	 1 
147.6789 	 2 
147.8182 	 2 
147.9343 	 2 
147.9459 	 1 
148.0969 	 2 
148.2246 	 2 
148.3755 	 2 
148.3871 	 1 
148.3871 	 0 
148.5264 	 2 
148.7702 	 1 
148.7819 	 0 
148.7819 	 2 
148.9676 	 1 
149.0721 	 2 
149.0721 	 1 
149.0721 	 0 
149.3624 	 1 
149.3624 	 2 
149.3624 	 0 
149.5249 	 1 
149.5249 	 2 
149.6526 	 0 
149.6526 	 1 
149.6526 	 2 
149.7919 	 0 
149.7919 	 1 
149.7919 	 2 
149.9312 	 1 
150.0706 	 2 
150.1983 	 1 
150.2099 	 2 
150.2099 	 0 
150.3492 	 2 
150.4885 	 1 
150.4885 	 2 
150.6395 	 2 
150.6511 	 1 
150.7672 	 1 
150.7788 	 2 
150.7788 	 0 
150.9413 	 1 
150.9413 	 2 
151.1619 	 2 
151.3593 	 1 
151.3593 	 2 
151.3593 	 0 
151.6495 	 1 
151.6495 	 0 
151.6495 	 2 
151.9398 	 1 
151.9398 	 2 
152.1023 	 0 
152.1023 	 2 
152.1023 	 1 
152.2997 	 2 
152.3926 	 2 
152.5087 	 2 
152.5087 	 1 
152.6596 	 1 
152.6712 	 2 
152.7873 	 2 
152.9382 	 0 
152.9498 	 2 
152.9498 	 1 
153.0892 	 2 
153.3330 	 2 
153.3446 	 0 
153.3446 	 1 
153.4955 	 1 
153.5071 	 2 
153.6348 	 2 
153.6348 	 1 
153.7741 	 2 
153.9135 	 2 
153.9135 	 1 
153.9135 	 0 
154.2037 	 2 
154.2153 	 1 
154.2153 	 0 
154.3663 	 2 
154.3663 	 1 
154.5056 	 2 
154.5056 	 1 
154.5056 	 0 
154.7494 	 2 
154.7842 	 1 
154.8307 	 2 
154.8307 	 0 
154.8307 	 1 
154.9351 	 0 
154.9468 	 1 
154.9468 	 2 
155.3531 	 1 
155.3647 	 0 
155.3647 	 2 
155.6317 	 1 
155.8175 	 2 
155.9452 	 2 
155.9452 	 1 
155.9568 	 0 
156.2355 	 1 
156.2355 	 0 
156.2355 	 2 
156.5025 	 2 
156.5141 	 1 
156.6534 	 1 
156.6534 	 0 
156.6534 	 2 
156.9553 	 2 
157.0714 	 1 
157.0714 	 2 
157.2107 	 1 
157.2107 	 2 
157.3384 	 2 
157.5010 	 0 
157.5010 	 1 
157.5010 	 2 
157.6635 	 2 
157.7796 	 1 
157.9073 	 2 
157.9073 	 1 
158.1859 	 2 
158.1859 	 1 
158.3369 	 2 
158.3485 	 1 
158.4762 	 2 
158.4878 	 1 
158.4878 	 0 
158.7664 	 1 
158.7664 	 2 
158.7664 	 0 
158.9174 	 2 
158.9174 	 0 
158.9174 	 1 
159.0567 	 1 
159.0567 	 2 
159.1960 	 2 
159.3237 	 2 
159.3353 	 1 
159.6140 	 1 
159.6140 	 2 
159.9042 	 1 
159.9158 	 0 
159.9158 	 2 
160.0551 	 2 
160.1945 	 2 
160.2061 	 1 
160.3338 	 2 
160.3454 	 1 
160.3454 	 0 
160.4731 	 2 
160.4731 	 1 
160.7517 	 1 
160.7634 	 2 
160.7634 	 0 
160.9027 	 2 
160.9143 	 1 
161.0420 	 1 
161.0420 	 2 
161.1813 	 0 
161.1813 	 1 
161.1813 	 2 
161.3206 	 2 
161.4716 	 1 
161.4716 	 2 
161.5993 	 2 
161.5993 	 1 
161.7502 	 2 
161.8779 	 2 
162.0288 	 2 
162.0405 	 1 
162.4236 	 1 
162.4352 	 2 
162.5745 	 2 
162.5745 	 1 
162.7254 	 1 
162.7254 	 2 
162.7371 	 0 
162.8648 	 1 
162.8764 	 2 
162.9925 	 2 
162.9925 	 0 
162.9925 	 1 
163.0621 	 1 
163.2711 	 2 
163.2827 	 0 
163.2827 	 1 
163.5614 	 2 
163.5614 	 0 
163.5614 	 1 
163.8284 	 1 
163.8284 	 2 
163.8284 	 0 
164.1186 	 1 
164.1186 	 0 
164.1186 	 2 
164.4089 	 1 
164.4205 	 2 
164.4205 	 0 
164.7107 	 1 
164.8733 	 1 
164.8965 	 2 
165.0010 	 1 
165.0010 	 0 
165.0126 	 2 
165.1519 	 2 
165.2796 	 1 
165.2912 	 0 
165.2912 	 2 
165.4422 	 2 
165.5583 	 1 
165.5699 	 2 
165.7208 	 1 
165.7208 	 0 
165.7208 	 2 
166.0111 	 2 
166.1272 	 2 
166.1272 	 1 
166.2781 	 1 
166.2781 	 2 
166.3942 	 2 
166.3942 	 1 
166.5451 	 1 
166.5451 	 0 
166.5451 	 2 
166.8470 	 2 
166.9631 	 2 
166.9631 	 1 
167.1140 	 2 
167.2417 	 1 
167.2533 	 2 
167.4043 	 2 
167.5320 	 1 
167.5436 	 2 
167.5436 	 0 
167.6829 	 2 
167.8222 	 1 
167.8222 	 0 
167.8222 	 2 
167.9732 	 2 
167.9732 	 1 
167.9732 	 0 
168.1009 	 1 
168.1125 	 2 
168.3795 	 0 
168.3795 	 1 
168.3795 	 2 
168.6698 	 1 
168.6814 	 2 
168.8323 	 2 
168.9484 	 1 
168.9600 	 2 
168.9600 	 0 
169.2386 	 2 
169.2386 	 1 
169.3896 	 2 
169.4012 	 1 
169.4012 	 0 
169.5173 	 2 
169.5173 	 0 
169.5173 	 1 
169.7959 	 2 
169.8075 	 0 
169.8075 	 1 
169.9585 	 1 
170.0746 	 1 
170.0862 	 0 
170.0862 	 2 
170.2371 	 0 
170.2371 	 1 
170.2487 	 2 
170.5390 	 2 
170.6551 	 1 
170.6551 	 2 
170.6551 	 0 
170.7944 	 2 
170.8176 	 1 
170.9221 	 2 
171.0730 	 2 
171.0846 	 1 
171.2356 	 2 
171.4910 	 1 
171.4910 	 2 
171.6419 	 2 
171.7812 	 1 
171.7812 	 2 
172.0599 	 1 
172.0715 	 0 
172.0715 	 2 
172.2108 	 2 
172.3617 	 0 
172.3617 	 1 
172.3617 	 2 
172.5010 	 1 
172.5010 	 2 
172.5010 	 0 
172.6288 	 2 
172.6288 	 1 
172.7681 	 1 
172.7797 	 2 
172.9074 	 1 
172.9074 	 2 
173.0583 	 2 
173.0583 	 1 
173.1976 	 2 
173.1976 	 1 
173.3254 	 1 
173.3370 	 2 
173.4763 	 1 
173.4879 	 0 
173.4879 	 2 
173.7549 	 1 
173.9523 	 0 
173.9523 	 2 
173.9523 	 1 
174.0684 	 2 
174.0800 	 1 
174.2193 	 1 
174.2309 	 2 
174.3470 	 0 
174.3470 	 1 
174.3470 	 2 
174.5096 	 2 
174.6257 	 1 
174.6373 	 2 
174.7766 	 0 
174.7766 	 1 
174.7766 	 2 
175.0668 	 1 
175.0668 	 2 
175.1946 	 1 
175.1946 	 2 
175.3223 	 0 
175.3339 	 1 
175.3339 	 2 
175.6009 	 2 
175.6009 	 0 
175.6009 	 1 
176.0189 	 0 
176.0189 	 2 
176.0189 	 1 
176.2975 	 2 
176.2975 	 1 
176.3091 	 0 
176.5878 	 1 
176.5994 	 2 
176.7271 	 0 
176.7271 	 2 
176.7387 	 1 
177.0289 	 1 
177.0289 	 2 
177.3076 	 1 
177.3076 	 2 
177.3076 	 0 
177.5862 	 2 
177.5862 	 1 
177.8532 	 1 
177.8649 	 2 
177.8649 	 0 
177.9926 	 1 
178.0042 	 2 
178.1319 	 2 
178.1435 	 1 
178.2712 	 1 
178.2712 	 2 
178.4105 	 0 
178.4105 	 1 
178.4105 	 2 
178.6776 	 1 
178.6776 	 2 
178.8285 	 1 
178.8401 	 2 
178.9678 	 1 
178.9678 	 0 
178.9678 	 2 
179.2580 	 2 
179.2580 	 0 
179.2580 	 1 
179.5367 	 2 
179.5483 	 1 
179.8153 	 1 
179.8269 	 2 
179.9895 	 2 
180.1056 	 1 
180.1172 	 2 
180.2797 	 2 
180.3726 	 1 
180.3842 	 2 
180.5235 	 1 
180.5235 	 2 
180.6629 	 2 
180.7906 	 1 
180.7906 	 2 
180.9299 	 1 
180.9415 	 2 
181.0692 	 1 
181.0692 	 2 
181.0692 	 0 
181.1969 	 1 
181.2085 	 2 
181.3362 	 2 
181.4988 	 2 
181.6265 	 2 
181.7542 	 1 
181.7542 	 2 
181.8819 	 2 
181.8935 	 1 
181.8935 	 0 
182.0444 	 1 
182.0444 	 2 
182.1722 	 2 
182.1838 	 1 
182.3347 	 2 
182.4856 	 0 
182.4972 	 1 
182.4972 	 2 
183.0777 	 2 
183.0777 	 1 
183.3680 	 1 
183.3680 	 0 
183.3680 	 2 
183.5189 	 2 
183.6466 	 2 
183.7976 	 1 
183.7976 	 2 
184.0646 	 2 
184.1923 	 1 
184.1923 	 2 
184.3432 	 2 
184.4709 	 2 
184.6102 	 1 
184.6102 	 2 
185.0282 	 1 
185.0282 	 2 
185.3068 	 2 
185.3068 	 1 
185.4346 	 2 
185.5971 	 1 
185.5971 	 2 
185.5971 	 0 
185.7364 	 2 
185.8641 	 2 
185.8757 	 1 
186.0151 	 1 
186.0151 	 2 
186.1428 	 1 
186.1428 	 2 
186.2937 	 2 
186.4330 	 1 
186.4330 	 2 
186.5839 	 2 
186.5956 	 1 
186.7117 	 2 
186.7233 	 1 
186.8626 	 2 
186.8742 	 1 
187.0019 	 2 
187.0135 	 1 
187.0135 	 0 
187.2922 	 1 
187.2922 	 2 
187.4431 	 1 
187.4547 	 2 
187.5824 	 2 
187.7217 	 1 
187.7217 	 2 
187.8610 	 1 
187.8610 	 0 
187.8610 	 2 
188.0236 	 2 
188.0236 	 1 
188.1513 	 2 
188.1629 	 1 
188.3022 	 2 
188.3022 	 0 
188.3022 	 1 
188.4299 	 2 
188.4415 	 1 
188.5925 	 0 
188.5925 	 1 
188.5925 	 2 
188.6970 	 1 
188.7086 	 2 
188.7086 	 0 
189.1381 	 1 
189.1381 	 2 
189.1498 	 0 
189.4400 	 1 
189.4516 	 2 
189.5677 	 2 
189.7070 	 2 
189.7070 	 1 
189.7070 	 0 
189.9741 	 2 
189.9741 	 1 
189.9857 	 0 
190.0669 	 2 
190.1250 	 2 
190.2643 	 0 
190.2643 	 2 
190.2643 	 1 
190.4617 	 2 
190.5081 	 2 
190.5197 	 1 
190.5313 	 2 
190.6707 	 2 
190.8332 	 1 
190.8332 	 2 
190.9725 	 2 
190.9841 	 1 
191.5762 	 0 
191.5762 	 1 
191.5878 	 2 
192.1567 	 1 
192.1567 	 2 
192.4470 	 0 
192.4470 	 2 
192.4470 	 1 
192.5979 	 2 
192.5979 	 1 
192.7256 	 1 
192.7256 	 2 
192.8649 	 2 
192.8649 	 0 
192.8649 	 1 
193.1668 	 2 
193.2829 	 2 
193.2829 	 1 
193.4454 	 2 
193.4454 	 1 
193.5499 	 2 
193.5499 	 1 
193.7009 	 2 
193.7125 	 0 
193.7125 	 1 
193.8518 	 2 
193.9911 	 2 
194.1304 	 2 
194.1304 	 1 
194.2581 	 2 
194.2698 	 1 
194.3975 	 2 
194.3975 	 1 
194.5484 	 2 
194.6877 	 1 
194.6993 	 0 
194.6993 	 2 
194.8270 	 2 
194.8386 	 1 
194.9663 	 1 
194.9663 	 2 
194.9663 	 0 
195.1057 	 0 
195.1057 	 2 
195.1173 	 1 
195.2682 	 2 
195.2682 	 0 
195.2682 	 1 
195.4075 	 2 
195.4075 	 1 
195.5352 	 1 
195.5468 	 2 
195.5468 	 0 
195.6862 	 0 
195.6978 	 2 
195.6978 	 1 
195.8255 	 2 
195.8255 	 1 
195.9648 	 2 
195.9648 	 1 
196.1041 	 1 
196.1157 	 0 
196.1157 	 2 
196.4176 	 2 
196.5569 	 1 
196.5685 	 2 
196.7078 	 2 
196.8588 	 2 
196.9981 	 1 
196.9981 	 0 
196.9981 	 2 
197.1258 	 1 
197.1258 	 2 
197.2535 	 0 
197.2535 	 2 
197.2535 	 1 
197.4044 	 2 
197.4044 	 1 
197.6831 	 2 
197.6831 	 1 
197.8108 	 2 
197.8108 	 1 
197.9617 	 2 
197.9617 	 1 
198.2404 	 1 
198.2404 	 2 
198.3100 	 2 
198.3797 	 1 
198.5074 	 1 
198.5074 	 0 
198.5190 	 2 
198.7628 	 2 
198.7744 	 1 
198.9021 	 2 
198.9021 	 1 
199.0298 	 1 
199.0298 	 2 
199.1576 	 1 
199.1576 	 2 
199.2969 	 1 
199.2969 	 2 
199.4478 	 2 
199.5755 	 1 
199.5755 	 2 
199.7148 	 1 
199.7148 	 2 
199.9819 	 2 
199.9935 	 1 
200.0399 	 2 
200.1560 	 2 
200.1560 	 1 
200.1560 	 0 
200.5856 	 2 
200.5856 	 0 
200.5856 	 1 
200.9919 	 1 
201.1661 	 1 
201.1777 	 2 
201.4447 	 2 
201.4447 	 1 
201.4447 	 0 
201.5840 	 1 
201.7117 	 1 
201.7234 	 2 
201.8627 	 2 
201.8627 	 0 
201.8627 	 1 
202.1645 	 2 
202.1645 	 1 
202.2806 	 1 
202.2806 	 2 
202.4200 	 2 
202.4200 	 1 
202.5477 	 2 
202.7102 	 2 
202.7102 	 1 
202.7102 	 0 
203.1049 	 2 
203.1049 	 1 
203.2675 	 2 
203.4068 	 2 
203.4068 	 1 
203.5461 	 2 
203.6854 	 2 
203.6854 	 1 
203.6854 	 0 
203.8480 	 1 
203.8480 	 2 
203.9757 	 1 
203.9757 	 2 
203.9757 	 0 
204.1150 	 2 
204.1150 	 1 
204.1150 	 0 
204.2427 	 1 
204.2543 	 2 
204.3937 	 1 
204.3937 	 2 
204.5214 	 1 
204.5214 	 2 
204.6723 	 1 
204.6723 	 2 
204.8000 	 2 
204.8000 	 1 
204.9509 	 2 
204.9509 	 1 
205.0670 	 0 
205.0670 	 2 
205.0786 	 1 
205.2063 	 2 
205.3341 	 1 
205.3457 	 2 
205.5082 	 1 
205.5082 	 2 
205.7636 	 1 
205.7636 	 2 
205.9029 	 1 
205.9146 	 2 
206.0423 	 0 
206.0423 	 2 
206.0539 	 1 
206.3325 	 2 
206.3325 	 1 
206.4138 	 2 
206.4718 	 1 
206.4834 	 2 
206.6228 	 1 
206.6228 	 0 
206.6228 	 2 
206.8898 	 1 
206.8898 	 2 
207.0291 	 1 
207.0291 	 2 
207.1800 	 0 
207.1800 	 2 
207.1800 	 1 
207.3310 	 2 
207.4703 	 2 
207.4703 	 1 
207.5400 	 2 
207.7489 	 1 
207.7489 	 2 
207.7489 	 0 
208.0044 	 1 
208.0044 	 2 
208.1437 	 1 
208.1553 	 2 
208.2598 	 2 
208.2714 	 1 
208.3410 	 2 
208.5384 	 1 
208.5500 	 2 
208.7010 	 1 
208.7126 	 2 
208.8287 	 2 
208.8287 	 0 
208.8287 	 1 
208.9564 	 2 
209.0028 	 2 
209.0144 	 1 
209.0841 	 1 
209.0957 	 2 
209.2118 	 1 
209.2118 	 2 
209.5020 	 2 
209.5020 	 0 
209.5020 	 1 
209.6878 	 1 
209.8039 	 0 
209.8039 	 1 
209.8155 	 2 
210.0825 	 1 
210.0825 	 0 
210.1870 	 1 
210.3844 	 1 
210.3844 	 2 
210.3844 	 0 
210.4773 	 1 
210.6630 	 2 
210.6630 	 1 
210.6746 	 0 
210.9649 	 1 
210.9649 	 2 
210.9765 	 0 
211.2668 	 1 
211.2668 	 2 
211.5570 	 2 
211.5570 	 0 
211.5570 	 1 
211.7660 	 2 
211.8589 	 1 
211.8589 	 0 
211.8589 	 2 
211.9053 	 2 
212.1607 	 1 
212.1607 	 0 
212.1723 	 2 
212.4626 	 2 
212.4626 	 1 
212.4626 	 0 
212.6483 	 2 
212.7412 	 1 
212.7412 	 2 
213.0199 	 1 
213.0315 	 0 
213.0315 	 2 
213.3333 	 0 
213.3333 	 2 
213.3333 	 1 
213.6120 	 1 
213.6236 	 0 
213.6236 	 2 
213.9138 	 1 
213.9138 	 0 
213.9254 	 2 
214.1344 	 2 
214.2041 	 1 
214.2273 	 2 
214.7033 	 2 
214.9123 	 2 
215.2374 	 2 
215.4812 	 2 
215.7250 	 2 
216.1546 	 2 
216.7931 	 2 
217.0717 	 2 
217.9077 	 2 
218.4766 	 2 
218.5927 	 2 
219.7653 	 2 
219.8930 	 2 
220.0207 	 2 
220.1368 	 2 
220.2645 	 2 
220.5780 	 2 
220.7289 	 2 
220.9727 	 2 
221.5532 	 2 
221.6809 	 2 
221.9015 	 2 
222.4936 	 2 
223.2715 	 2 
224.3280 	 2 
224.6298 	 2 
229.6105 	 2 
229.9124 	 2 
