3.4249 	 1 
6.4319 	 2 
12.1556 	 1 
17.6123 	 0 
20.6193 	 2 
21.0257 	 2 
21.2695 	 1 
21.9777 	 0 
26.3314 	 0 
28.1078 	 2 
29.5010 	 1 
35.0621 	 0 
35.8864 	 2 
36.1535 	 2 
38.0691 	 2 
38.3361 	 2 
38.4406 	 2 
38.5335 	 2 
38.8818 	 2 
39.4275 	 0 
40.2518 	 2 
40.5188 	 2 
42.4345 	 2 
42.7015 	 2 
43.1543 	 1 
43.2472 	 2 
43.7232 	 2 
43.7928 	 0 
44.6055 	 2 
44.8842 	 2 
46.7998 	 2 
47.0668 	 2 
47.1017 	 2 
47.6125 	 2 
48.1582 	 0 
48.9825 	 2 
49.2495 	 2 
51.1536 	 2 
51.4322 	 2 
51.7341 	 1 
51.8966 	 1 
51.9779 	 2 
52.0475 	 1 
52.1985 	 1 
52.4423 	 1 
52.5235 	 0 
52.5235 	 2 
53.0692 	 2 
53.3362 	 2 
53.6149 	 2 
54.1605 	 2 
54.4044 	 2 
54.5205 	 1 
54.6830 	 2 
55.2054 	 2 
55.2403 	 2 
55.5189 	 2 
55.7279 	 1 
55.7859 	 2 
55.7859 	 1 
56.3316 	 1 
56.3432 	 2 
56.6102 	 0 
56.8889 	 0 
56.8889 	 2 
57.4346 	 2 
57.7016 	 2 
57.9802 	 2 
58.5259 	 2 
58.8161 	 2 
59.0135 	 1 
59.0600 	 2 
59.6985 	 1 
59.8843 	 2 
60.1745 	 1 
60.6970 	 1 
60.7086 	 2 
60.9756 	 0 
61.2542 	 0 
61.2542 	 2 
61.7883 	 2 
62.0669 	 2 
62.3340 	 2 
62.8912 	 2 
63.9710 	 2 
64.2496 	 2 
64.5166 	 2 
64.5166 	 1 
65.0739 	 2 
65.0739 	 1 
65.3410 	 0 
65.6080 	 2 
65.6196 	 0 
66.1537 	 2 
66.4323 	 2 
66.6993 	 2 
67.2450 	 2 
67.5004 	 2 
67.7907 	 2 
67.9532 	 2 
68.3363 	 2 
68.5105 	 1 
68.8820 	 1 
68.8820 	 2 
69.0678 	 2 
69.1606 	 1 
69.3696 	 1 
69.4277 	 2 
69.4857 	 1 
69.5786 	 1 
69.6599 	 1 
69.6599 	 2 
69.6947 	 2 
69.7063 	 0 
69.9733 	 2 
69.9849 	 0 
70.2520 	 2 
70.5190 	 2 
70.7976 	 2 
71.0647 	 2 
71.3433 	 2 
71.6103 	 2 
71.8890 	 2 
72.1560 	 2 
72.4346 	 2 
73.2473 	 2 
73.2473 	 1 
73.3518 	 2 
73.5260 	 2 
73.7930 	 2 
74.0717 	 2 
74.3387 	 0 
74.3387 	 2 
74.6173 	 2 
74.8844 	 2 
75.1630 	 2 
75.4300 	 2 
75.7087 	 2 
75.9757 	 2 
76.2427 	 2 
76.2427 	 1 
76.5098 	 2 
76.7884 	 2 
77.0206 	 1 
77.0554 	 1 
77.0670 	 2 
77.1715 	 1 
77.3341 	 2 
77.6011 	 2 
77.6127 	 1 
77.7752 	 1 
77.8797 	 2 
77.9378 	 1 
78.1468 	 1 
78.1584 	 2 
78.3209 	 1 
78.4254 	 2 
78.4486 	 1 
78.4951 	 1 
78.5879 	 1 
78.7040 	 0 
78.7040 	 2 
78.9827 	 2 
79.0639 	 2 
79.2497 	 2 
79.5167 	 2 
79.7954 	 2 
80.0624 	 2 
80.3410 	 2 
80.6197 	 2 
80.8867 	 2 
81.1537 	 2 
81.4324 	 2 
81.7110 	 2 
81.9780 	 1 
81.9780 	 2 
82.0825 	 2 
82.2451 	 2 
82.5237 	 2 
82.5237 	 1 
82.8024 	 2 
83.0694 	 0 
83.0694 	 2 
83.3364 	 2 
83.6151 	 2 
83.8821 	 2 
84.4278 	 2 
84.7064 	 2 
84.7877 	 2 
84.9734 	 2 
85.1708 	 2 
85.2521 	 2 
85.3566 	 2 
85.4030 	 2 
85.5191 	 2 
85.7977 	 2 
86.0648 	 2 
86.3434 	 2 
86.3434 	 1 
86.3898 	 2 
86.8775 	 1 
86.8891 	 2 
87.1561 	 2 
87.4347 	 0 
89.7103 	 1 
91.8001 	 0 
96.1654 	 0 
99.4278 	 1 
100.5192 	 0 
104.8845 	 0 
105.9759 	 2 
107.8799 	 2 
107.9263 	 1 
108.1585 	 2 
108.4256 	 2 
109.2499 	 0 
110.0742 	 2 
110.3412 	 2 
112.5239 	 2 
112.6864 	 2 
113.0696 	 1 
113.0696 	 2 
113.1508 	 1 
113.6036 	 2 
113.6152 	 0 
114.4279 	 2 
114.7066 	 2 
116.6106 	 2 
116.8893 	 2 
117.4349 	 2 
117.9806 	 0 
118.7933 	 2 
119.0719 	 2 
120.3026 	 1 
120.9760 	 2 
121.2546 	 2 
121.8003 	 2 
122.3343 	 2 
122.3459 	 0 
122.8916 	 2 
123.1586 	 2 
123.4373 	 2 
123.9829 	 2 
124.5170 	 2 
124.9234 	 2 
125.0627 	 2 
125.3413 	 2 
125.6083 	 1 
125.6083 	 2 
125.7128 	 2 
125.7593 	 1 
126.1540 	 1 
126.1540 	 2 
126.4210 	 2 
126.4327 	 0 
126.6997 	 2 
126.7229 	 0 
127.2570 	 2 
127.5240 	 2 
127.8026 	 2 
128.3367 	 2 
128.8940 	 2 
129.4396 	 2 
129.7067 	 2 
129.9737 	 1 
129.9737 	 2 
130.0317 	 2 
130.0782 	 2 
130.5194 	 2 
130.7980 	 2 
130.7980 	 0 
131.0650 	 2 
131.0766 	 0 
131.6107 	 2 
131.8893 	 2 
132.1564 	 2 
132.7020 	 2 
133.2477 	 2 
133.4451 	 2 
133.5728 	 2 
133.7934 	 2 
134.0720 	 2 
134.1649 	 2 
134.3390 	 1 
134.3390 	 2 
134.4435 	 2 
134.8847 	 1 
134.8847 	 2 
135.1634 	 0 
135.4304 	 2 
135.4420 	 0 
135.9761 	 2 
136.2547 	 2 
136.5217 	 2 
137.0674 	 2 
137.2648 	 2 
137.4041 	 2 
137.6131 	 2 
138.1587 	 2 
138.3445 	 1 
138.4374 	 2 
138.7044 	 1 
138.7044 	 2 
138.8089 	 2 
138.9134 	 1 
139.0179 	 1 
139.0295 	 2 
139.1920 	 1 
139.2501 	 2 
139.3546 	 1 
139.4707 	 1 
139.5171 	 2 
139.5287 	 0 
139.7957 	 2 
139.8073 	 0 
140.0744 	 2 
140.3414 	 2 
140.6200 	 2 
140.8871 	 2 
141.1657 	 2 
141.4327 	 2 
141.7114 	 2 
141.9784 	 0 
141.9784 	 2 
142.2454 	 1 
142.2571 	 2 
142.5241 	 2 
142.7911 	 2 
143.0698 	 1 
143.0698 	 2 
143.3484 	 2 
143.6038 	 1 
143.6154 	 2 
143.8941 	 2 
144.1611 	 0 
144.1611 	 2 
144.4397 	 2 
144.7068 	 2 
144.9738 	 2 
145.2524 	 2 
145.5195 	 2 
145.7981 	 2 
146.0187 	 2 
146.0535 	 1 
146.0651 	 2 
146.1928 	 2 
146.3438 	 2 
146.6108 	 2 
146.8894 	 2 
147.0636 	 2 
147.1565 	 2 
147.4235 	 2 
147.4351 	 1 
147.6789 	 1 
147.7021 	 2 
147.8182 	 1 
147.9692 	 1 
147.9808 	 2 
148.1665 	 1 
148.2130 	 1 
148.2478 	 2 
148.2710 	 1 
148.3639 	 1 
148.5148 	 2 
148.5264 	 0 
148.7935 	 2 
149.0721 	 2 
149.3391 	 2 
149.6178 	 2 
149.8848 	 2 
150.1634 	 2 
150.4305 	 2 
150.7091 	 2 
150.7091 	 0 
150.9297 	 1 
150.9761 	 2 
151.2432 	 1 
151.2548 	 2 
151.5218 	 2 
151.8005 	 2 
151.8469 	 2 
152.0675 	 2 
152.3461 	 2 
152.6132 	 2 
152.8802 	 2 
152.8918 	 0 
153.1588 	 2 
153.4375 	 2 
153.7045 	 2 
153.9831 	 2 
154.2502 	 2 
154.5288 	 2 
154.5868 	 2 
154.6333 	 2 
154.7958 	 2 
155.0629 	 2 
155.3415 	 2 
155.6201 	 2 
155.8872 	 2 
155.9568 	 1 
156.0265 	 1 
156.0845 	 1 
156.1774 	 1 
156.5141 	 1 
156.7115 	 2 
156.7231 	 1 
156.9321 	 1 
157.0482 	 1 
157.1294 	 2 
157.1759 	 1 
157.2455 	 2 
157.2571 	 0 
157.5242 	 2 
157.8028 	 2 
158.0698 	 2 
158.3485 	 2 
158.6155 	 2 
158.8941 	 2 
159.1612 	 2 
159.1612 	 1 
159.4398 	 2 
159.7068 	 2 
159.9739 	 2 
159.9855 	 0 
160.2525 	 2 
160.5195 	 2 
160.5195 	 1 
160.5776 	 2 
160.7982 	 2 
161.0304 	 1 
161.0652 	 2 
161.0652 	 1 
161.3439 	 0 
161.3439 	 2 
161.6109 	 2 
161.6109 	 0 
161.8895 	 2 
162.1682 	 2 
162.4352 	 2 
162.7022 	 2 
162.9809 	 2 
163.2479 	 2 
163.5265 	 2 
163.6078 	 2 
163.6775 	 2 
163.7936 	 2 
164.0606 	 2 
164.3276 	 2 
164.6179 	 2 
164.8849 	 1 
164.8849 	 2 
165.0010 	 2 
165.1519 	 1 
165.1635 	 2 
165.2448 	 1 
165.3493 	 1 
165.4073 	 1 
165.4190 	 2 
165.5118 	 1 
165.6860 	 1 
165.6976 	 2 
165.7092 	 0 
165.9762 	 2 
165.9878 	 0 
166.2549 	 2 
166.5219 	 2 
166.8005 	 2 
167.0676 	 2 
167.3346 	 2 
167.6132 	 2 
167.8919 	 2 
168.1589 	 2 
168.4376 	 2 
168.7046 	 2 
168.9716 	 1 
168.9832 	 2 
169.2502 	 2 
169.2619 	 1 
169.5173 	 1 
169.5289 	 2 
169.7959 	 1 
169.7959 	 2 
170.0629 	 2 
170.0746 	 0 
170.3416 	 2 
170.3532 	 0 
170.6202 	 2 
170.8873 	 2 
171.1659 	 2 
171.4329 	 2 
171.7116 	 2 
171.9786 	 2 
172.2456 	 1 
172.2572 	 2 
172.5243 	 2 
172.8029 	 2 
173.0699 	 2 
173.3486 	 2 
173.6156 	 2 
173.6156 	 1 
173.6969 	 2 
174.1497 	 1 
174.1613 	 2 
174.4283 	 2 
174.4399 	 0 
174.7185 	 0 
179.0723 	 0 
183.4376 	 0 
186.7000 	 1 
187.8030 	 0 
190.0437 	 1 
191.4369 	 0 
191.7736 	 1 
200.8642 	 1 
206.3441 	 1 
