0.3251 	 2 
0.6385 	 2 
0.7895 	 0 
0.7895 	 1 
0.8011 	 2 
0.9404 	 1 
0.9520 	 2 
1.0797 	 2 
1.2539 	 2 
1.4164 	 1 
1.4164 	 2 
1.5673 	 1 
1.5906 	 2 
1.7183 	 1 
1.7299 	 2 
1.8808 	 1 
1.8924 	 2 
2.0434 	 2 
2.0434 	 0 
2.0434 	 1 
2.1943 	 2 
2.3452 	 2 
2.5078 	 0 
2.5194 	 2 
2.6703 	 2 
2.6703 	 0 
2.6703 	 1 
2.8096 	 1 
2.8212 	 2 
2.8212 	 0 
2.9722 	 2 
2.9722 	 1 
2.9722 	 0 
3.1347 	 2 
3.1347 	 1 
3.1347 	 0 
3.2856 	 1 
3.2972 	 2 
3.4482 	 2 
3.4482 	 1 
3.4482 	 0 
3.6107 	 2 
3.7500 	 2 
3.9010 	 2 
4.3770 	 2 
4.3886 	 1 
4.3886 	 0 
4.6904 	 2 
4.8414 	 2 
5.0271 	 2 
5.1664 	 1 
5.1664 	 2 
5.3290 	 2 
5.4799 	 2 
5.4799 	 1 
5.4799 	 0 
5.6308 	 1 
5.6308 	 2 
5.7818 	 2 
5.7934 	 1 
5.9559 	 1 
5.9559 	 2 
6.1068 	 2 
6.1068 	 1 
6.2462 	 2 
6.3855 	 2 
6.8847 	 2 
6.8847 	 1 
7.0473 	 2 
7.5117 	 2 
7.5117 	 1 
7.6626 	 2 
7.8251 	 2 
7.9761 	 0 
7.9877 	 2 
7.9877 	 1 
8.1270 	 1 
8.1270 	 2 
8.2895 	 1 
8.2895 	 2 
8.2895 	 0 
8.4521 	 0 
8.4521 	 1 
8.4521 	 2 
8.5914 	 2 
9.3809 	 1 
9.3809 	 2 
9.5202 	 1 
9.6711 	 2 
9.8569 	 0 
9.8569 	 1 
9.8569 	 2 
10.0194 	 2 
10.0194 	 1 
10.1587 	 1 
10.1703 	 2 
10.3213 	 1 
10.3213 	 2 
10.6231 	 1 
10.6231 	 2 
10.9482 	 1 
10.9482 	 2 
10.9482 	 0 
11.2501 	 2 
11.4126 	 1 
11.4126 	 0 
11.4126 	 2 
11.8886 	 2 
11.8886 	 1 
12.0395 	 2 
12.0395 	 1 
12.0395 	 0 
12.1905 	 2 
12.2021 	 1 
12.3530 	 2 
12.3530 	 0 
12.3530 	 1 
12.5039 	 2 
12.5039 	 0 
12.5156 	 1 
12.6665 	 0 
12.6665 	 2 
12.6665 	 1 
12.8058 	 1 
12.8174 	 2 
12.9683 	 2 
12.9800 	 0 
12.9800 	 1 
13.1309 	 1 
13.1309 	 2 
13.2934 	 1 
13.2934 	 2 
13.2934 	 0 
13.4444 	 1 
13.4560 	 2 
13.6069 	 2 
13.6069 	 1 
13.9088 	 2 
14.0713 	 1 
14.0829 	 2 
14.2222 	 2 
14.3848 	 2 
14.3848 	 1 
14.3848 	 0 
14.5357 	 2 
14.5357 	 0 
14.5357 	 1 
14.6982 	 2 
14.6982 	 1 
14.8492 	 0 
14.8492 	 2 
14.8492 	 1 
15.0001 	 0 
15.0117 	 2 
15.0117 	 1 
15.1626 	 0 
15.1742 	 1 
15.1742 	 2 
15.3136 	 2 
15.3252 	 1 
15.4761 	 2 
15.4761 	 1 
15.4877 	 0 
15.6270 	 2 
15.6270 	 0 
15.6270 	 1 
15.7896 	 0 
15.7896 	 2 
15.7896 	 1 
15.9405 	 2 
15.9521 	 1 
16.1030 	 1 
16.1030 	 2 
16.5674 	 1 
16.5674 	 2 
16.8809 	 1 
16.8809 	 2 
17.0434 	 1 
17.0434 	 0 
17.0434 	 2 
17.1944 	 2 
17.1944 	 1 
17.3453 	 2 
17.3569 	 1 
17.4962 	 2 
17.5078 	 1 
17.5078 	 0 
17.6588 	 2 
17.6704 	 0 
17.6704 	 1 
17.8213 	 2 
17.9722 	 2 
17.9839 	 0 
17.9839 	 1 
18.1232 	 2 
18.1232 	 0 
18.1348 	 1 
18.2857 	 0 
18.2857 	 1 
18.2857 	 2 
18.4483 	 0 
18.4483 	 1 
18.4599 	 2 
18.5992 	 1 
18.5992 	 2 
18.7617 	 2 
18.9010 	 2 
19.2261 	 1 
19.2261 	 0 
19.2261 	 2 
19.3771 	 0 
19.3771 	 2 
19.3887 	 1 
19.5396 	 1 
19.5396 	 0 
19.5396 	 2 
19.6905 	 0 
19.6905 	 2 
19.6905 	 1 
19.8531 	 1 
19.8531 	 2 
19.8531 	 0 
20.0040 	 2 
20.0040 	 1 
20.1665 	 0 
20.1665 	 1 
20.1665 	 2 
20.3175 	 1 
20.3175 	 0 
20.3175 	 2 
20.4800 	 2 
20.4800 	 0 
20.4800 	 1 
20.6309 	 2 
20.6309 	 0 
20.6425 	 1 
20.7935 	 1 
20.7935 	 2 
20.9444 	 1 
20.9444 	 2 
20.9444 	 0 
21.0953 	 2 
21.2695 	 1 
21.2695 	 2 
21.2695 	 0 
21.4204 	 2 
21.4320 	 1 
21.4320 	 0 
21.7223 	 2 
21.7339 	 0 
21.7339 	 1 
21.8732 	 2 
21.8848 	 1 
21.8964 	 0 
22.0357 	 2 
22.0473 	 1 
22.1867 	 2 
22.1867 	 0 
22.1983 	 1 
22.3492 	 2 
22.3608 	 1 
22.5117 	 2 
22.5117 	 1 
22.5234 	 0 
22.6627 	 2 
22.6627 	 1 
22.6627 	 0 
22.8136 	 2 
22.8136 	 1 
22.8252 	 0 
22.9761 	 2 
22.9761 	 0 
22.9878 	 1 
23.1271 	 2 
23.1271 	 1 
23.1387 	 0 
23.2896 	 1 
23.2896 	 2 
23.2896 	 0 
23.4405 	 2 
23.4522 	 1 
23.4522 	 0 
23.6031 	 2 
23.7656 	 1 
23.7656 	 0 
23.7656 	 2 
23.9166 	 2 
23.9166 	 1 
23.9166 	 0 
24.2184 	 2 
24.2300 	 1 
24.2300 	 0 
24.3926 	 1 
24.3926 	 2 
24.5319 	 2 
24.5435 	 1 
24.5551 	 2 
24.5551 	 0 
24.6944 	 0 
24.6944 	 1 
24.7060 	 2 
24.8454 	 2 
25.0079 	 2 
25.0079 	 1 
25.0195 	 0 
25.1704 	 2 
25.1704 	 0 
25.1704 	 1 
25.3214 	 0 
25.3214 	 1 
25.3214 	 2 
25.4839 	 1 
25.4839 	 2 
25.4839 	 0 
25.6348 	 1 
25.6348 	 0 
25.6348 	 2 
25.7858 	 2 
25.7974 	 1 
25.9367 	 2 
25.9483 	 1 
25.9483 	 0 
26.2734 	 2 
26.2734 	 0 
26.2734 	 1 
26.4243 	 1 
26.4243 	 2 
26.4243 	 0 
26.7262 	 2 
26.7262 	 1 
26.7378 	 0 
26.8771 	 2 
26.8887 	 1 
27.0512 	 2 
27.0512 	 1 
27.1906 	 0 
27.1906 	 2 
27.2022 	 1 
27.3531 	 1 
27.3531 	 2 
27.5040 	 2 
27.5156 	 0 
27.5156 	 1 
27.6666 	 2 
27.6782 	 1 
27.8175 	 1 
27.8175 	 0 
27.8175 	 2 
27.9800 	 1 
27.9800 	 0 
27.9800 	 2 
28.1310 	 0 
28.1310 	 2 
28.1426 	 1 
28.2819 	 2 
28.2935 	 1 
28.2935 	 0 
28.4444 	 1 
28.4444 	 2 
28.4561 	 0 
28.6070 	 1 
28.7695 	 2 
28.7695 	 0 
28.7695 	 1 
28.9088 	 0 
28.9205 	 1 
28.9205 	 2 
29.2223 	 2 
29.2339 	 1 
29.2339 	 0 
29.3849 	 2 
29.3849 	 1 
29.3965 	 0 
29.5474 	 2 
29.5474 	 1 
29.6867 	 2 
29.6867 	 0 
29.6983 	 1 
29.8609 	 2 
30.0118 	 1 
30.0118 	 2 
30.0118 	 0 
30.1627 	 2 
30.1627 	 0 
30.1627 	 1 
30.3137 	 0 
30.3137 	 2 
30.3253 	 1 
30.4762 	 2 
30.4878 	 1 
30.4878 	 0 
30.6387 	 0 
30.6387 	 1 
30.6387 	 2 
30.7897 	 1 
30.7897 	 2 
30.9406 	 0 
30.9406 	 2 
30.9522 	 1 
31.2657 	 0 
31.2657 	 1 
31.2657 	 2 
31.8926 	 1 
31.8926 	 2 
32.0319 	 2 
32.0435 	 1 
32.1945 	 2 
32.1945 	 0 
32.1945 	 1 
32.3454 	 2 
32.3570 	 1 
32.5079 	 1 
32.5079 	 2 
32.5195 	 0 
32.6589 	 0 
32.6589 	 2 
32.6589 	 1 
32.8214 	 2 
32.8214 	 1 
32.8214 	 0 
32.9723 	 2 
32.9839 	 1 
32.9839 	 0 
33.1349 	 0 
33.1349 	 2 
33.1349 	 1 
33.2858 	 2 
33.2974 	 1 
33.4367 	 2 
33.4483 	 1 
33.4600 	 0 
33.5993 	 2 
33.7618 	 2 
33.7618 	 1 
33.7734 	 0 
33.9127 	 0 
33.9244 	 2 
33.9244 	 1 
34.2262 	 1 
34.2262 	 0 
34.2262 	 2 
34.3771 	 2 
34.3888 	 1 
34.4004 	 2 
34.5397 	 1 
34.5513 	 2 
34.6906 	 2 
34.6906 	 0 
34.6906 	 1 
34.8415 	 2 
34.8415 	 1 
35.0157 	 1 
35.0157 	 2 
35.1666 	 2 
35.1666 	 1 
35.1666 	 0 
35.3176 	 0 
35.3176 	 2 
35.3176 	 1 
35.4801 	 2 
35.4801 	 0 
35.4917 	 1 
35.6310 	 1 
35.6310 	 0 
35.6310 	 2 
35.7820 	 2 
35.7936 	 1 
35.8052 	 0 
35.9445 	 2 
35.9445 	 0 
35.9445 	 1 
36.0954 	 2 
36.2580 	 1 
36.2580 	 0 
36.2580 	 2 
36.4205 	 0 
36.4205 	 2 
36.4205 	 1 
36.7224 	 2 
36.7340 	 0 
36.7340 	 1 
36.8849 	 1 
36.8965 	 2 
36.8965 	 0 
37.0474 	 2 
37.0474 	 1 
37.1868 	 2 
37.1868 	 0 
37.1984 	 1 
37.3493 	 2 
37.3609 	 1 
37.5002 	 2 
37.5002 	 1 
37.6628 	 1 
37.6628 	 2 
37.8137 	 1 
37.8137 	 2 
37.8253 	 0 
37.9762 	 0 
37.9762 	 1 
37.9762 	 2 
38.1272 	 2 
38.1272 	 0 
38.1388 	 1 
38.3013 	 1 
38.3013 	 2 
38.4406 	 2 
38.4522 	 0 
38.4522 	 1 
38.5916 	 2 
38.6032 	 1 
38.7657 	 0 
38.7657 	 2 
38.7657 	 1 
38.9283 	 2 
38.9283 	 0 
38.9283 	 1 
39.2301 	 2 
39.2301 	 1 
39.3927 	 2 
39.3927 	 1 
39.5436 	 2 
39.5436 	 1 
39.6945 	 1 
39.6945 	 0 
39.6945 	 2 
40.0080 	 1 
40.0080 	 0 
40.0080 	 2 
40.1589 	 1 
40.1589 	 2 
40.3215 	 0 
40.3215 	 1 
40.3215 	 2 
40.4724 	 2 
40.4840 	 0 
40.4956 	 1 
40.6349 	 2 
40.6349 	 1 
40.6465 	 0 
40.7975 	 2 
40.7975 	 1 
40.9368 	 0 
40.9368 	 2 
40.9484 	 1 
41.2619 	 0 
41.2619 	 2 
41.2619 	 1 
41.7263 	 1 
41.7263 	 2 
41.7379 	 0 
41.8888 	 2 
41.8888 	 1 
42.0397 	 1 
42.0513 	 2 
42.1907 	 0 
42.1907 	 2 
42.2023 	 1 
42.3532 	 1 
42.3532 	 2 
42.5041 	 2 
42.5041 	 1 
42.6667 	 0 
42.6667 	 2 
42.6667 	 1 
42.8176 	 1 
42.8176 	 0 
42.8176 	 2 
42.9801 	 0 
42.9801 	 2 
42.9917 	 1 
43.1311 	 1 
43.1311 	 2 
43.1311 	 0 
43.2936 	 1 
43.2936 	 2 
43.4445 	 2 
43.4445 	 1 
43.4561 	 0 
43.5955 	 1 
43.5955 	 2 
43.7696 	 0 
43.7696 	 2 
43.7696 	 1 
43.9205 	 0 
43.9205 	 2 
43.9205 	 1 
44.2224 	 2 
44.2224 	 1 
44.3733 	 2 
44.3849 	 1 
44.3966 	 2 
44.3966 	 0 
44.5359 	 2 
44.5475 	 1 
44.6868 	 2 
44.6984 	 1 
44.6984 	 0 
44.8493 	 2 
44.8610 	 1 
45.0119 	 2 
45.0119 	 1 
45.1628 	 1 
45.1628 	 2 
45.1628 	 0 
45.3137 	 2 
45.3137 	 0 
45.3137 	 1 
45.4763 	 2 
45.4763 	 0 
45.4879 	 1 
45.6272 	 2 
45.6388 	 1 
45.6388 	 0 
45.7898 	 1 
45.8014 	 2 
45.9407 	 2 
45.9523 	 1 
45.9523 	 0 
46.0916 	 2 
46.1032 	 1 
46.2658 	 1 
46.2658 	 0 
46.2658 	 2 
46.4051 	 2 
46.4167 	 1 
46.4167 	 0 
46.4515 	 1 
46.7185 	 2 
46.7185 	 1 
46.7302 	 0 
46.8927 	 2 
46.8927 	 1 
47.0320 	 2 
47.0436 	 1 
47.1946 	 1 
47.1946 	 2 
47.1946 	 0 
47.3571 	 2 
47.5080 	 0 
47.5080 	 2 
47.5080 	 1 
47.6590 	 2 
47.6590 	 0 
47.6590 	 1 
47.8099 	 2 
47.8215 	 1 
47.8215 	 0 
47.9840 	 1 
47.9840 	 0 
47.9840 	 2 
48.1350 	 0 
48.1350 	 2 
48.1350 	 1 
48.2975 	 1 
48.2975 	 2 
48.4484 	 1 
48.4484 	 2 
48.4484 	 0 
48.5994 	 2 
48.7619 	 2 
48.7619 	 1 
48.7735 	 0 
48.9244 	 1 
48.9244 	 2 
48.9244 	 0 
49.2263 	 2 
49.2495 	 1 
49.3772 	 2 
49.3772 	 0 
49.3888 	 1 
49.5514 	 2 
49.5514 	 1 
49.6907 	 2 
49.6907 	 0 
49.7023 	 1 
49.8532 	 1 
49.8532 	 2 
50.0042 	 2 
50.0158 	 1 
50.1667 	 2 
50.1667 	 1 
50.1667 	 0 
50.3176 	 2 
50.3176 	 1 
50.3293 	 0 
50.4686 	 2 
50.4802 	 1 
50.4802 	 0 
50.6311 	 1 
50.6311 	 0 
50.6427 	 2 
50.7937 	 1 
50.7937 	 2 
50.9446 	 1 
50.9446 	 2 
50.9446 	 0 
51.2580 	 1 
51.2580 	 2 
51.2697 	 0 
51.4090 	 0 
51.4206 	 1 
51.4206 	 2 
51.7224 	 2 
51.7341 	 1 
51.8734 	 2 
51.8850 	 1 
51.8966 	 0 
51.8966 	 2 
52.1868 	 1 
52.1868 	 2 
52.1868 	 0 
52.5003 	 2 
52.5003 	 1 
52.5003 	 0 
52.6629 	 1 
52.6629 	 2 
52.8138 	 0 
52.8138 	 2 
52.8138 	 1 
52.9763 	 2 
52.9763 	 0 
52.9879 	 1 
53.1273 	 1 
53.1273 	 2 
53.1273 	 0 
53.2898 	 1 
53.3014 	 2 
53.3014 	 0 
53.4407 	 2 
53.4407 	 0 
53.4523 	 1 
53.7658 	 1 
53.7658 	 2 
53.7774 	 0 
53.9167 	 0 
53.9167 	 1 
53.9167 	 2 
54.2186 	 0 
54.2186 	 2 
54.2302 	 1 
54.3927 	 1 
54.5321 	 2 
54.5321 	 1 
54.5553 	 2 
54.6946 	 1 
54.6946 	 2 
54.6946 	 0 
54.8688 	 2 
54.9965 	 2 
54.9965 	 1 
55.1590 	 2 
55.1590 	 1 
55.3099 	 2 
55.3215 	 0 
55.3215 	 1 
55.4725 	 2 
55.4725 	 1 
55.6234 	 2 
55.6350 	 1 
55.9369 	 0 
55.9369 	 2 
55.9485 	 1 
56.2620 	 2 
56.2620 	 1 
56.2736 	 0 
56.4129 	 2 
56.4361 	 1 
56.4361 	 2 
56.7263 	 1 
56.7263 	 2 
56.8889 	 1 
56.8889 	 2 
57.0398 	 1 
57.0514 	 2 
57.1907 	 2 
57.1907 	 0 
57.1907 	 1 
57.5042 	 2 
57.5042 	 0 
57.5042 	 1 
57.6551 	 1 
57.6551 	 2 
57.8177 	 2 
57.8177 	 0 
57.8177 	 1 
57.9802 	 2 
57.9802 	 0 
57.9802 	 1 
58.1195 	 2 
58.1312 	 1 
58.3053 	 1 
58.3053 	 2 
58.4330 	 0 
58.4330 	 2 
58.4446 	 1 
58.7581 	 2 
58.7697 	 0 
58.7697 	 1 
58.9090 	 2 
58.9090 	 1 
58.9206 	 0 
59.2109 	 2 
59.2225 	 1 
59.3734 	 2 
59.3850 	 1 
59.3966 	 2 
59.5360 	 2 
59.5476 	 1 
59.6869 	 2 
59.6869 	 0 
59.6985 	 1 
59.8494 	 2 
60.0004 	 1 
60.0004 	 2 
60.1513 	 2 
60.3138 	 1 
60.3138 	 0 
60.3138 	 2 
60.6273 	 1 
60.6273 	 2 
60.8015 	 2 
60.9408 	 2 
60.9408 	 0 
60.9408 	 1 
61.2659 	 0 
61.2659 	 2 
61.2659 	 1 
61.8812 	 2 
61.8812 	 1 
61.9276 	 1 
62.0437 	 1 
62.0553 	 2 
62.1830 	 2 
62.1830 	 0 
62.1946 	 1 
62.4965 	 2 
62.5081 	 1 
62.6590 	 2 
62.6707 	 1 
62.8100 	 2 
62.8216 	 0 
62.8216 	 1 
62.9725 	 2 
62.9841 	 1 
63.1234 	 2 
63.1351 	 1 
63.1351 	 0 
63.2976 	 1 
63.2976 	 2 
63.2976 	 0 
63.4369 	 0 
63.4369 	 2 
63.4485 	 1 
63.7620 	 2 
63.7620 	 1 
63.7620 	 0 
63.9129 	 2 
64.3773 	 2 
64.3889 	 1 
64.5399 	 1 
64.5515 	 2 
64.6908 	 2 
64.6908 	 1 
64.8649 	 2 
64.9927 	 2 
64.9927 	 1 
65.1552 	 2 
65.3061 	 2 
65.3177 	 0 
65.3177 	 1 
65.4803 	 2 
65.6196 	 0 
65.6196 	 2 
65.6312 	 1 
65.9447 	 2 
65.9447 	 0 
65.9447 	 1 
66.2581 	 2 
66.2698 	 1 
66.2698 	 0 
66.4207 	 2 
66.4207 	 1 
66.7225 	 2 
66.7225 	 1 
66.8735 	 2 
66.8851 	 0 
66.8851 	 1 
67.0360 	 2 
67.1869 	 1 
67.1869 	 0 
67.1869 	 2 
67.3611 	 1 
67.3611 	 2 
67.5004 	 1 
67.5004 	 2 
67.6746 	 1 
67.6746 	 2 
67.8139 	 2 
67.8139 	 1 
67.8255 	 0 
67.9764 	 1 
67.9764 	 2 
68.1273 	 1 
68.1273 	 2 
68.2899 	 0 
68.2899 	 1 
68.3015 	 2 
68.4408 	 0 
68.4408 	 1 
68.4408 	 2 
68.7543 	 2 
68.7659 	 1 
68.7659 	 0 
68.9168 	 0 
68.9168 	 2 
68.9168 	 1 
69.0678 	 2 
69.2187 	 1 
69.2187 	 2 
69.3812 	 1 
69.3812 	 2 
69.5322 	 2 
69.5438 	 1 
69.6831 	 2 
69.6947 	 1 
69.6947 	 0 
69.9966 	 2 
69.9966 	 1 
70.0082 	 0 
70.1591 	 2 
70.1591 	 1 
70.3216 	 1 
70.3216 	 2 
70.3332 	 0 
70.4726 	 2 
70.4842 	 1 
70.4842 	 0 
70.6235 	 1 
70.6235 	 2 
70.7976 	 2 
70.9370 	 2 
70.9486 	 1 
70.9486 	 0 
71.2620 	 2 
71.2620 	 1 
71.2620 	 0 
71.4246 	 0 
71.4246 	 2 
71.4246 	 1 
71.5639 	 0 
71.5639 	 2 
71.5755 	 1 
71.7264 	 2 
71.7264 	 1 
71.8774 	 1 
72.0399 	 1 
72.0515 	 2 
72.1908 	 0 
72.1908 	 1 
72.1908 	 2 
72.3534 	 1 
72.3534 	 2 
72.5043 	 2 
72.5043 	 0 
72.5043 	 1 
72.6668 	 2 
72.6668 	 1 
72.8178 	 1 
72.8178 	 0 
72.8178 	 2 
72.9803 	 1 
72.9803 	 2 
73.1196 	 2 
73.1312 	 0 
73.1312 	 1 
73.4331 	 2 
73.4447 	 1 
73.4447 	 0 
73.7582 	 1 
73.7582 	 2 
73.7698 	 0 
73.9091 	 0 
73.9207 	 2 
73.9207 	 1 
74.2226 	 0 
74.2226 	 2 
74.2226 	 1 
74.3735 	 2 
74.3851 	 1 
74.3851 	 0 
74.5361 	 1 
74.5361 	 2 
74.6870 	 0 
74.6870 	 1 
74.6870 	 2 
75.0005 	 2 
75.0005 	 1 
75.1630 	 1 
75.3139 	 1 
75.3139 	 2 
75.3139 	 0 
75.4765 	 1 
75.4765 	 2 
75.4765 	 0 
75.6274 	 2 
75.6390 	 1 
75.7899 	 1 
75.9409 	 0 
75.9409 	 1 
75.9409 	 2 
76.2543 	 2 
76.2659 	 1 
76.2776 	 0 
76.4169 	 2 
76.4169 	 1 
76.4169 	 0 
76.5678 	 2 
76.5678 	 1 
76.7187 	 2 
76.7303 	 1 
76.8929 	 2 
76.8929 	 1 
77.0322 	 2 
77.0438 	 1 
77.1947 	 1 
77.1947 	 2 
77.1947 	 0 
77.3573 	 2 
77.4966 	 2 
77.4966 	 1 
77.6591 	 2 
77.6707 	 1 
77.8217 	 1 
77.8217 	 2 
77.8333 	 0 
77.9726 	 2 
77.9842 	 1 
78.1235 	 1 
78.1235 	 2 
78.1468 	 2 
78.2977 	 1 
78.2977 	 2 
78.4370 	 2 
78.4370 	 0 
78.4486 	 1 
78.7621 	 1 
78.7621 	 2 
78.7621 	 0 
78.9246 	 2 
78.9246 	 1 
79.0756 	 1 
79.0756 	 0 
79.0872 	 2 
79.2265 	 2 
79.2265 	 0 
79.2265 	 1 
79.3890 	 1 
79.5283 	 2 
79.5400 	 1 
79.5516 	 2 
79.6909 	 1 
79.6909 	 2 
79.6909 	 0 
79.8534 	 1 
79.8534 	 2 
80.0044 	 2 
80.0044 	 1 
80.1669 	 1 
80.1669 	 2 
80.3178 	 2 
80.3178 	 1 
80.3294 	 0 
80.4804 	 0 
80.4804 	 2 
80.4804 	 1 
80.6197 	 2 
80.6313 	 1 
80.6313 	 0 
80.7822 	 2 
80.7938 	 0 
80.7938 	 1 
80.9448 	 1 
80.9448 	 0 
80.9448 	 2 
81.2582 	 1 
81.2582 	 2 
81.2815 	 1 
81.4092 	 2 
81.4092 	 0 
81.4208 	 1 
81.5601 	 2 
81.5601 	 0 
81.5601 	 1 
81.8736 	 2 
81.8852 	 1 
81.8968 	 0 
82.0361 	 0 
82.0477 	 1 
82.0477 	 2 
82.1870 	 2 
82.1986 	 1 
82.3496 	 1 
82.3496 	 2 
82.5005 	 1 
82.5005 	 2 
82.6630 	 0 
82.6630 	 2 
82.6630 	 1 
82.8256 	 0 
82.8256 	 1 
82.8256 	 2 
82.9765 	 0 
82.9765 	 1 
82.9881 	 2 
83.1274 	 1 
83.1274 	 2 
83.1390 	 0 
83.2900 	 1 
83.3016 	 2 
83.4409 	 2 
83.4525 	 0 
83.4525 	 1 
83.6034 	 1 
83.6034 	 2 
83.7660 	 2 
83.7660 	 0 
83.7660 	 1 
83.9169 	 2 
83.9169 	 1 
83.9169 	 0 
84.0678 	 1 
84.0678 	 0 
84.0795 	 2 
84.2304 	 0 
84.2304 	 2 
84.2304 	 1 
84.3813 	 1 
84.3929 	 2 
84.5439 	 2 
84.5555 	 1 
84.6948 	 1 
84.6948 	 2 
84.8573 	 2 
84.8689 	 1 
85.0083 	 2 
85.0083 	 1 
85.1592 	 2 
85.1592 	 1 
85.3217 	 1 
85.3217 	 2 
85.3217 	 0 
85.4843 	 2 
85.4843 	 0 
85.4843 	 1 
85.6236 	 2 
85.6352 	 1 
85.6352 	 0 
85.7861 	 1 
85.7861 	 2 
85.7861 	 0 
85.9371 	 0 
85.9371 	 2 
85.9487 	 1 
86.0996 	 2 
86.1112 	 1 
86.2505 	 2 
86.2621 	 1 
86.2621 	 0 
86.4131 	 2 
86.4131 	 0 
86.4247 	 1 
86.5640 	 2 
86.5640 	 0 
86.5756 	 1 
86.7265 	 2 
86.7265 	 1 
86.8775 	 0 
86.8775 	 2 
86.8891 	 1 
87.0400 	 2 
87.0516 	 1 
87.1909 	 1 
87.1909 	 0 
87.1909 	 2 
87.3651 	 2 
87.5044 	 1 
87.5044 	 2 
87.6553 	 0 
87.6553 	 2 
87.6669 	 1 
87.8179 	 2 
87.8179 	 1 
87.8295 	 0 
87.9688 	 0 
87.9804 	 2 
87.9804 	 1 
88.1197 	 0 
88.1313 	 1 
88.1313 	 2 
88.2823 	 2 
88.2823 	 1 
88.4448 	 1 
88.4448 	 2 
88.4448 	 0 
88.5957 	 2 
88.6073 	 1 
88.7583 	 1 
88.7583 	 2 
88.7699 	 0 
88.9208 	 2 
88.9208 	 0 
88.9208 	 1 
89.0601 	 2 
89.2227 	 2 
89.2343 	 1 
89.3736 	 2 
89.3852 	 1 
89.3852 	 0 
89.5361 	 1 
89.5478 	 2 
89.6871 	 2 
89.6871 	 0 
89.6987 	 1 
89.8496 	 2 
89.8612 	 1 
90.0005 	 2 
90.0005 	 0 
90.0005 	 1 
90.1747 	 2 
90.1747 	 1 
90.3140 	 2 
90.3140 	 0 
90.3140 	 1 
90.4766 	 2 
90.4766 	 1 
90.4766 	 0 
90.6275 	 2 
90.6275 	 0 
90.6275 	 1 
90.7900 	 2 
90.7900 	 1 
90.7900 	 0 
90.9410 	 2 
90.9410 	 0 
90.9410 	 1 
91.2544 	 1 
91.2660 	 0 
91.2660 	 2 
91.4054 	 2 
91.4170 	 0 
91.4170 	 1 
91.5679 	 2 
91.5679 	 0 
91.5679 	 1 
91.8814 	 1 
91.8930 	 2 
91.8930 	 0 
92.0323 	 2 
92.0439 	 0 
92.0555 	 1 
92.1948 	 1 
92.1948 	 2 
92.3458 	 2 
92.3574 	 1 
92.4967 	 1 
92.5083 	 2 
92.6592 	 2 
92.6592 	 1 
92.6708 	 0 
92.8102 	 2 
92.8218 	 0 
92.8218 	 1 
92.9727 	 0 
92.9727 	 1 
92.9843 	 2 
93.1236 	 1 
93.1236 	 0 
93.1236 	 2 
93.2978 	 1 
93.4371 	 2 
93.4487 	 0 
93.4487 	 1 
93.5996 	 2 
93.7622 	 1 
93.7622 	 2 
93.7738 	 0 
93.9131 	 1 
93.9247 	 2 
93.9247 	 0 
94.0756 	 1 
94.0756 	 2 
94.2266 	 2 
94.2266 	 0 
94.2266 	 1 
94.3775 	 2 
94.3891 	 1 
94.5400 	 2 
94.5400 	 1 
94.6910 	 1 
94.6910 	 0 
94.6910 	 2 
94.8535 	 2 
94.8651 	 1 
95.0044 	 1 
95.0044 	 2 
95.1670 	 2 
95.1670 	 1 
95.3179 	 2 
95.3179 	 1 
95.3295 	 0 
95.4805 	 2 
95.4805 	 0 
95.4805 	 1 
95.6314 	 1 
95.6314 	 2 
95.6430 	 0 
95.7823 	 2 
95.7939 	 0 
95.7939 	 1 
95.9332 	 2 
95.9449 	 0 
95.9449 	 1 
96.0958 	 2 
96.1074 	 1 
96.2583 	 2 
96.2583 	 1 
96.2699 	 0 
96.4209 	 2 
96.4209 	 1 
96.4209 	 0 
96.5602 	 0 
96.5602 	 2 
96.5718 	 1 
96.7343 	 2 
96.7343 	 1 
96.7343 	 0 
96.8737 	 2 
96.8853 	 1 
96.8853 	 0 
97.0478 	 1 
97.0478 	 2 
97.1871 	 2 
97.1871 	 0 
97.1987 	 1 
97.3613 	 2 
97.5006 	 1 
97.5006 	 2 
97.6631 	 0 
97.6631 	 2 
97.6631 	 1 
97.8141 	 2 
97.8141 	 1 
97.8257 	 0 
97.9766 	 0 
97.9766 	 2 
97.9882 	 1 
98.1275 	 0 
98.1275 	 2 
98.1275 	 1 
98.2901 	 1 
98.3017 	 0 
98.3017 	 2 
98.4410 	 0 
98.4410 	 2 
98.4526 	 1 
98.6035 	 1 
98.6035 	 2 
98.7545 	 2 
98.7661 	 0 
98.7661 	 1 
98.9170 	 1 
98.9170 	 2 
98.9170 	 0 
99.2189 	 2 
99.2305 	 1 
99.3814 	 1 
99.3930 	 2 
99.3930 	 0 
99.5323 	 1 
99.5556 	 2 
99.6833 	 2 
99.6949 	 0 
99.6949 	 1 
99.8574 	 1 
99.8574 	 2 
99.9967 	 1 
99.9967 	 2 
100.0200 	 0 
100.1709 	 1 
100.1709 	 2 
100.3102 	 2 
100.3218 	 0 
100.3218 	 1 
100.4727 	 0 
100.4727 	 2 
100.4844 	 1 
100.6237 	 0 
100.6237 	 1 
100.6237 	 2 
100.7862 	 1 
100.7862 	 2 
100.7978 	 0 
100.9371 	 2 
100.9371 	 1 
100.9371 	 0 
101.2622 	 0 
101.2622 	 2 
101.2622 	 1 
101.4132 	 0 
101.4132 	 2 
101.4132 	 1 
101.5641 	 0 
101.5641 	 1 
101.5641 	 2 
101.8776 	 2 
101.8892 	 1 
102.0285 	 2 
102.0401 	 1 
102.0517 	 2 
102.0517 	 0 
102.1910 	 2 
102.1910 	 1 
102.3536 	 1 
102.3536 	 2 
102.5045 	 1 
102.5045 	 2 
102.6670 	 1 
102.6670 	 2 
102.6670 	 0 
102.8180 	 2 
102.8180 	 1 
102.8296 	 0 
102.9805 	 0 
102.9805 	 2 
102.9805 	 1 
103.1314 	 2 
103.1314 	 0 
103.1314 	 1 
103.2940 	 2 
103.2940 	 1 
103.4449 	 0 
103.4449 	 1 
103.4449 	 2 
103.6074 	 1 
103.6074 	 2 
103.7584 	 2 
103.7584 	 1 
103.7700 	 0 
103.9209 	 2 
103.9209 	 1 
103.9209 	 0 
104.0602 	 0 
104.0718 	 1 
104.0718 	 2 
104.2344 	 0 
104.2344 	 1 
104.2344 	 2 
104.3737 	 2 
104.3737 	 1 
104.3737 	 0 
104.4898 	 2 
104.5362 	 0 
104.5478 	 1 
104.5478 	 2 
104.6872 	 0 
104.6872 	 1 
104.6872 	 2 
104.8497 	 2 
105.0006 	 1 
105.0006 	 2 
105.1632 	 1 
105.1632 	 2 
105.3141 	 2 
105.3257 	 0 
105.3257 	 1 
105.4766 	 1 
105.4766 	 2 
105.4766 	 0 
105.6276 	 2 
105.6276 	 1 
105.6392 	 0 
105.7901 	 2 
105.7901 	 0 
105.7901 	 1 
105.9410 	 1 
105.9410 	 2 
105.9410 	 0 
106.1036 	 2 
106.1036 	 1 
106.2545 	 1 
106.2545 	 2 
106.2661 	 0 
106.4171 	 1 
106.4171 	 0 
106.4171 	 2 
106.5680 	 1 
106.5680 	 0 
106.5680 	 2 
106.7305 	 1 
106.7305 	 2 
106.8815 	 1 
106.8815 	 2 
106.8931 	 0 
107.0324 	 2 
107.0440 	 1 
107.1949 	 2 
107.1949 	 1 
107.1949 	 0 
107.3575 	 2 
107.4968 	 1 
107.5084 	 2 
107.5084 	 0 
107.6593 	 2 
107.6593 	 0 
107.6593 	 1 
107.8219 	 2 
107.8219 	 0 
107.8219 	 1 
107.9728 	 0 
107.9844 	 1 
107.9844 	 2 
108.1237 	 2 
108.1237 	 1 
108.1237 	 0 
108.2863 	 1 
108.2979 	 2 
108.4372 	 2 
108.4488 	 1 
108.4488 	 0 
108.5997 	 2 
108.6113 	 1 
108.7623 	 2 
108.7623 	 1 
108.7739 	 0 
108.9132 	 0 
108.9132 	 2 
108.9248 	 1 
109.0641 	 2 
109.2267 	 2 
109.2267 	 1 
109.3776 	 1 
109.3892 	 2 
109.5401 	 1 
109.5517 	 0 
109.5517 	 2 
109.6911 	 2 
109.6911 	 0 
109.6911 	 1 
109.8420 	 2 
109.8652 	 1 
110.0045 	 2 
110.0045 	 1 
110.1671 	 1 
110.1671 	 2 
110.3180 	 1 
110.3180 	 2 
110.3180 	 0 
110.4805 	 1 
110.4805 	 2 
110.4805 	 0 
110.6199 	 2 
110.6315 	 0 
110.6315 	 1 
110.7824 	 1 
110.7824 	 2 
110.7940 	 0 
110.9449 	 2 
110.9449 	 0 
110.9449 	 1 
111.2584 	 0 
111.2584 	 1 
111.2584 	 2 
111.4093 	 2 
111.4093 	 1 
111.4093 	 0 
111.5603 	 1 
111.5603 	 0 
111.5603 	 2 
111.8737 	 2 
111.8854 	 1 
111.8854 	 0 
111.8970 	 2 
112.0363 	 2 
112.0363 	 0 
112.0479 	 1 
112.1872 	 2 
112.1988 	 1 
112.3498 	 1 
112.3498 	 2 
112.5007 	 2 
112.5007 	 1 
112.6632 	 1 
112.6632 	 2 
112.6632 	 0 
112.8141 	 2 
112.8258 	 1 
112.8258 	 0 
112.9767 	 1 
112.9767 	 0 
112.9883 	 2 
113.1276 	 2 
113.1276 	 1 
113.2902 	 1 
113.3018 	 2 
113.4411 	 1 
113.4411 	 2 
113.4527 	 0 
113.6036 	 2 
113.7662 	 0 
113.7662 	 1 
113.7662 	 2 
113.9171 	 0 
113.9171 	 1 
113.9171 	 2 
114.0680 	 1 
114.0796 	 2 
114.2306 	 0 
114.2306 	 2 
114.2306 	 1 
114.3815 	 1 
114.3815 	 2 
114.5556 	 1 
114.5556 	 2 
114.6834 	 0 
114.6950 	 2 
114.6950 	 1 
114.8575 	 2 
114.9968 	 1 
115.0084 	 2 
115.1594 	 1 
115.1710 	 2 
115.3219 	 0 
115.3219 	 2 
115.3219 	 1 
115.4728 	 2 
115.4728 	 0 
115.4844 	 1 
115.6238 	 2 
115.6354 	 1 
115.6354 	 0 
115.7863 	 1 
115.7863 	 0 
115.7979 	 2 
115.9372 	 2 
115.9372 	 0 
115.9488 	 1 
116.1114 	 1 
116.1114 	 2 
116.2623 	 1 
116.2623 	 2 
116.2739 	 0 
116.4132 	 0 
116.4249 	 2 
116.4249 	 1 
116.5642 	 2 
116.5758 	 1 
116.7267 	 1 
116.7267 	 2 
116.8776 	 0 
116.8776 	 2 
116.8893 	 1 
117.0286 	 2 
117.0402 	 1 
117.1911 	 0 
117.1911 	 1 
117.1911 	 2 
117.5046 	 1 
117.5046 	 2 
117.6555 	 0 
117.6671 	 1 
117.6671 	 2 
117.8180 	 0 
117.8180 	 2 
117.8180 	 1 
117.9806 	 2 
117.9806 	 1 
117.9806 	 0 
118.1199 	 2 
118.1199 	 1 
118.2824 	 2 
118.2941 	 1 
118.4450 	 2 
118.4450 	 0 
118.4450 	 1 
118.5959 	 2 
118.6075 	 1 
118.7585 	 1 
118.7585 	 2 
118.7701 	 0 
118.9210 	 2 
118.9210 	 0 
118.9210 	 1 
119.2229 	 1 
119.2229 	 2 
119.3738 	 2 
119.3854 	 1 
119.5363 	 1 
119.5363 	 2 
119.6873 	 1 
119.6873 	 2 
120.0007 	 1 
120.3258 	 2 
120.3258 	 1 
120.4883 	 1 
120.4883 	 2 
120.6277 	 2 
120.6277 	 1 
120.7902 	 2 
120.7902 	 1 
120.9527 	 1 
120.9644 	 2 
121.1037 	 2 
121.1153 	 1 
121.2778 	 2 
121.2894 	 1 
121.4171 	 2 
121.4171 	 1 
121.4171 	 0 
121.8815 	 1 
121.8815 	 2 
121.8932 	 0 
122.0441 	 1 
122.0441 	 2 
122.1950 	 2 
122.1950 	 1 
122.2066 	 0 
122.3459 	 2 
122.3576 	 1 
122.4969 	 2 
122.5085 	 1 
122.6710 	 2 
122.8220 	 1 
122.8220 	 2 
122.9729 	 1 
122.9845 	 2 
123.1238 	 2 
123.1354 	 1 
123.1354 	 0 
123.2863 	 1 
123.2980 	 0 
123.2980 	 2 
123.4489 	 1 
123.4489 	 2 
123.7624 	 0 
123.7624 	 1 
123.7624 	 2 
123.9249 	 2 
124.2268 	 1 
124.2268 	 2 
124.3777 	 1 
124.3893 	 2 
124.5402 	 1 
124.5402 	 2 
124.6795 	 1 
124.6912 	 2 
124.8537 	 1 
124.8537 	 2 
124.8653 	 0 
125.0046 	 1 
125.0046 	 2 
125.1556 	 1 
125.1672 	 2 
125.3181 	 2 
125.3181 	 1 
125.4690 	 1 
125.4806 	 2 
125.6200 	 1 
125.6200 	 2 
125.7941 	 2 
125.7941 	 1 
125.9334 	 1 
125.9683 	 2 
126.0960 	 2 
126.2585 	 1 
126.2585 	 2 
126.5604 	 2 
126.7229 	 2 
126.7229 	 1 
126.8738 	 2 
126.8854 	 1 
127.0364 	 2 
127.0364 	 1 
127.1873 	 1 
127.1989 	 2 
127.3498 	 1 
127.3498 	 2 
127.5008 	 2 
127.5008 	 1 
127.6633 	 1 
127.6749 	 0 
127.6749 	 2 
127.8142 	 2 
127.9768 	 1 
127.9884 	 2 
128.1161 	 2 
128.1277 	 1 
128.2786 	 2 
128.2902 	 1 
128.2902 	 0 
128.4296 	 2 
128.6037 	 2 
128.6037 	 1 
128.7546 	 2 
128.7546 	 1 
128.9056 	 2 
128.9172 	 1 
129.0681 	 1 
129.2307 	 2 
129.2423 	 1 
129.3700 	 2 
129.3816 	 1 
129.5325 	 2 
129.6951 	 1 
129.6951 	 2 
129.8576 	 1 
129.8576 	 2 
130.1595 	 2 
130.1595 	 1 
130.3220 	 2 
130.3220 	 1 
130.4729 	 2 
130.4729 	 1 
130.6239 	 1 
130.6355 	 2 
130.7864 	 2 
130.7864 	 1 
130.9373 	 1 
130.9489 	 2 
131.5643 	 2 
131.5759 	 1 
131.8777 	 2 
131.8893 	 1 
131.8893 	 0 
132.0403 	 2 
132.0519 	 1 
132.1912 	 2 
132.1912 	 1 
132.3537 	 1 
132.3537 	 0 
132.3537 	 2 
132.5047 	 1 
132.5047 	 2 
132.6556 	 2 
132.6556 	 1 
132.8181 	 1 
132.8181 	 2 
132.9691 	 1 
132.9807 	 2 
133.1200 	 2 
133.1316 	 1 
133.2941 	 1 
133.2941 	 2 
133.2941 	 0 
133.4451 	 2 
133.6076 	 1 
133.6076 	 2 
133.9095 	 1 
133.9211 	 2 
134.0720 	 2 
134.0720 	 1 
134.2229 	 2 
134.2229 	 1 
134.3739 	 2 
134.3739 	 1 
134.3855 	 0 
134.5364 	 0 
134.5364 	 2 
134.5364 	 1 
134.6990 	 2 
134.7106 	 1 
134.8615 	 2 
134.8615 	 1 
134.9776 	 1 
134.9892 	 2 
135.1634 	 1 
135.1750 	 2 
135.3027 	 2 
135.4768 	 2 
135.4768 	 1 
135.6278 	 2 
135.6394 	 1 
135.7903 	 2 
135.7903 	 1 
135.9412 	 1 
135.9528 	 2 
136.0922 	 1 
136.1038 	 2 
136.2431 	 1 
136.2431 	 2 
136.4056 	 2 
136.4172 	 1 
136.7307 	 2 
136.8816 	 2 
136.8816 	 1 
137.0442 	 2 
137.0442 	 1 
137.1835 	 1 
137.1951 	 2 
137.3460 	 2 
137.3460 	 1 
137.6711 	 1 
137.6827 	 2 
137.8337 	 2 
137.8337 	 1 
137.9730 	 2 
137.9730 	 1 
138.1355 	 2 
138.1471 	 1 
138.2980 	 2 
138.2980 	 1 
138.4490 	 2 
138.4490 	 1 
138.5999 	 1 
138.5999 	 2 
138.7508 	 2 
138.9134 	 1 
138.9134 	 2 
139.0643 	 1 
139.2268 	 2 
139.2268 	 0 
139.2268 	 1 
139.3197 	 2 
139.3778 	 2 
139.3778 	 1 
139.3894 	 0 
139.5403 	 1 
139.5403 	 0 
139.5403 	 2 
139.6680 	 1 
139.6796 	 2 
139.8538 	 1 
139.8538 	 0 
139.8538 	 2 
139.9815 	 1 
139.9931 	 2 
140.1673 	 1 
140.1789 	 2 
140.3414 	 2 
140.4691 	 2 
140.4807 	 1 
140.6317 	 2 
140.6317 	 1 
140.6433 	 0 
140.7826 	 1 
140.7942 	 2 
140.9335 	 2 
140.9451 	 1 
141.2238 	 2 
141.8855 	 2 
141.8971 	 1 
142.0365 	 2 
142.0365 	 1 
142.1758 	 2 
142.3499 	 2 
142.3615 	 1 
142.5125 	 2 
142.5241 	 1 
142.6634 	 1 
142.6634 	 2 
142.8259 	 1 
142.8259 	 2 
142.9769 	 1 
142.9769 	 2 
143.1278 	 2 
143.1394 	 1 
143.2903 	 2 
143.2903 	 1 
143.4413 	 2 
143.4413 	 1 
143.5922 	 2 
143.8360 	 2 
143.8476 	 1 
143.9405 	 2 
144.0682 	 2 
144.3817 	 2 
144.3817 	 1 
144.5442 	 1 
144.5442 	 2 
144.6951 	 1 
144.7068 	 2 
144.8577 	 2 
144.8577 	 0 
144.8577 	 1 
145.0086 	 1 
145.0086 	 2 
145.1595 	 1 
145.1595 	 2 
145.2989 	 2 
145.3221 	 1 
145.4846 	 2 
145.4846 	 1 
145.6356 	 1 
145.6356 	 2 
145.7981 	 2 
145.7981 	 1 
145.9374 	 1 
145.9490 	 2 
145.9490 	 0 
146.2857 	 2 
146.7269 	 2 
146.8894 	 2 
146.8894 	 1 
146.8894 	 0 
147.0404 	 1 
147.0404 	 2 
147.2029 	 1 
147.2029 	 2 
147.3538 	 2 
147.3538 	 1 
147.5048 	 0 
147.5048 	 2 
147.5164 	 1 
147.6673 	 2 
147.8182 	 2 
147.8182 	 1 
147.9692 	 1 
147.9808 	 2 
148.1317 	 1 
148.1317 	 2 
148.1433 	 0 
148.2942 	 0 
148.2942 	 1 
148.2942 	 2 
148.4336 	 2 
148.4452 	 1 
148.4568 	 2 
148.5961 	 2 
148.5961 	 1 
148.9908 	 1 
149.2346 	 1 
149.2346 	 2 
149.3856 	 1 
149.3856 	 0 
149.3856 	 2 
149.5365 	 1 
149.5481 	 2 
149.5481 	 0 
149.6874 	 0 
149.6990 	 1 
149.6990 	 2 
149.8616 	 1 
149.8732 	 2 
150.0009 	 0 
150.0009 	 2 
150.0125 	 1 
150.1634 	 2 
150.1634 	 1 
150.3260 	 1 
150.3260 	 2 
150.4653 	 0 
150.4653 	 2 
150.4885 	 1 
150.4885 	 0 
150.4885 	 2 
150.6395 	 1 
150.6395 	 2 
150.7904 	 1 
150.7904 	 0 
150.7904 	 2 
150.9413 	 1 
150.9413 	 2 
151.1039 	 2 
151.8933 	 2 
151.9049 	 1 
152.0443 	 2 
152.0443 	 1 
152.2068 	 2 
152.2068 	 1 
152.3577 	 2 
152.3577 	 1 
152.3577 	 0 
152.4971 	 0 
152.5087 	 2 
152.5087 	 1 
152.8221 	 2 
152.9847 	 1 
152.9847 	 2 
153.1356 	 1 
153.1356 	 2 
153.2865 	 2 
153.2865 	 1 
153.4375 	 1 
153.4491 	 2 
153.4491 	 0 
154.2153 	 2 
154.2153 	 0 
154.2153 	 1 
154.3198 	 2 
154.3198 	 1 
154.3198 	 0 
154.3895 	 1 
154.3895 	 2 
154.3895 	 0 
154.5404 	 2 
154.5520 	 1 
154.5520 	 0 
154.6913 	 2 
154.6913 	 0 
154.6913 	 1 
155.0048 	 0 
155.0164 	 2 
155.0164 	 1 
155.1673 	 2 
155.1673 	 1 
155.3299 	 2 
155.4808 	 2 
155.4808 	 1 
155.6434 	 1 
155.6434 	 2 
155.7943 	 1 
155.7943 	 2 
155.9452 	 0 
155.9452 	 1 
155.9452 	 2 
157.2107 	 2 
157.3500 	 1 
157.3500 	 0 
157.3616 	 2 
157.5010 	 0 
157.5126 	 2 
157.5126 	 1 
157.8144 	 2 
157.8260 	 1 
157.9770 	 2 
157.9770 	 1 
158.1395 	 1 
158.1395 	 2 
158.2904 	 1 
158.2904 	 2 
158.4530 	 2 
158.4530 	 1 
158.6039 	 1 
158.9174 	 1 
158.9174 	 2 
159.3934 	 1 
159.3934 	 2 
159.3934 	 0 
159.5443 	 2 
159.5443 	 0 
159.5443 	 1 
159.6952 	 1 
159.7068 	 0 
159.7068 	 2 
159.8346 	 2 
159.8578 	 1 
160.0087 	 1 
160.0203 	 2 
160.1712 	 2 
160.4847 	 1 
160.4847 	 2 
160.6356 	 1 
160.6356 	 2 
160.7866 	 2 
160.9375 	 2 
160.9491 	 1 
160.9607 	 2 
161.1000 	 2 
161.8895 	 2 
161.8895 	 1 
162.0405 	 2 
162.2030 	 2 
162.2030 	 1 
162.3539 	 1 
162.3539 	 2 
162.5049 	 1 
162.5049 	 0 
162.5049 	 2 
162.5513 	 1 
162.5513 	 2 
162.8299 	 2 
162.8299 	 1 
162.8299 	 0 
162.9693 	 2 
162.9809 	 1 
163.1318 	 1 
163.1434 	 2 
163.2943 	 2 
163.3059 	 1 
163.4453 	 1 
163.4569 	 2 
163.4569 	 0 
164.3857 	 1 
164.3973 	 2 
164.5366 	 2 
164.6875 	 1 
164.6991 	 0 
164.6991 	 2 
165.0126 	 1 
165.0126 	 2 
165.1635 	 2 
165.1635 	 1 
165.3261 	 2 
165.4770 	 1 
165.4886 	 2 
165.6395 	 1 
165.6395 	 2 
165.7905 	 2 
165.7905 	 1 
165.9414 	 1 
165.9414 	 2 
165.9530 	 0 
166.8934 	 2 
166.8934 	 1 
167.2069 	 2 
167.3578 	 2 
167.4971 	 1 
167.5088 	 0 
167.5088 	 2 
167.8222 	 2 
167.8338 	 1 
167.9848 	 2 
167.9848 	 1 
168.1357 	 2 
168.1473 	 1 
168.2866 	 2 
168.2982 	 1 
168.4376 	 2 
168.4492 	 1 
168.9484 	 2 
168.9600 	 0 
169.3896 	 2 
169.3896 	 1 
169.4012 	 0 
169.5405 	 0 
169.5405 	 1 
169.5405 	 2 
169.6914 	 1 
169.7030 	 2 
169.8540 	 2 
170.0049 	 1 
170.0165 	 2 
170.1674 	 2 
170.1674 	 1 
170.3184 	 1 
170.3184 	 2 
170.4809 	 1 
170.4809 	 2 
170.6434 	 1 
170.6434 	 2 
170.7944 	 2 
170.8060 	 1 
170.9453 	 1 
170.9569 	 2 
170.9569 	 0 
171.8857 	 1 
172.2108 	 2 
172.3617 	 1 
172.3617 	 2 
172.5010 	 2 
172.5127 	 0 
172.5127 	 1 
172.8261 	 1 
172.8261 	 2 
172.9771 	 1 
172.9887 	 0 
172.9887 	 2 
173.1280 	 2 
173.1396 	 1 
173.2905 	 2 
173.2905 	 1 
173.4531 	 2 
173.4531 	 1 
173.7665 	 2 
173.7665 	 1 
173.9291 	 1 
174.0336 	 1 
174.0336 	 2 
174.3006 	 0 
174.3006 	 1 
174.3006 	 2 
175.1829 	 2 
176.0769 	 2 
176.2627 	 2 
176.8780 	 2 
177.0405 	 2 
177.1915 	 1 
177.2031 	 0 
177.2031 	 2 
177.5049 	 2 
177.5049 	 1 
177.5049 	 0 
177.6675 	 2 
177.6675 	 1 
177.8184 	 0 
177.8184 	 1 
177.8184 	 2 
178.0738 	 1 
178.2712 	 2 
178.5382 	 2 
178.7588 	 0 
178.7588 	 2 
178.7588 	 1 
178.9098 	 2 
179.0375 	 2 
179.0491 	 1 
179.2232 	 1 
179.2232 	 2 
179.3741 	 1 
179.3741 	 2 
179.6528 	 2 
179.6644 	 1 
179.8385 	 2 
180.0011 	 1 
180.0011 	 2 
180.1520 	 1 
180.1520 	 2 
180.3146 	 1 
180.3146 	 0 
180.3146 	 2 
180.6280 	 2 
180.7790 	 2 
180.7906 	 1 
180.9415 	 2 
180.9415 	 1 
181.2550 	 2 
181.2550 	 1 
181.2550 	 0 
181.4059 	 1 
181.4059 	 0 
181.4059 	 2 
181.7194 	 1 
181.7194 	 2 
181.8703 	 1 
181.8703 	 2 
182.0328 	 0 
182.0444 	 1 
182.0444 	 2 
182.1722 	 1 
182.1838 	 2 
182.3463 	 2 
182.3463 	 1 
182.5088 	 2 
182.5088 	 1 
182.6598 	 2 
182.6598 	 1 
182.8107 	 2 
182.8223 	 0 
182.8223 	 1 
182.9616 	 1 
183.0661 	 2 
183.1242 	 1 
183.2867 	 1 
183.2867 	 0 
183.2867 	 2 
183.4725 	 2 
183.6002 	 2 
183.6002 	 1 
183.7511 	 2 
183.7627 	 1 
183.7627 	 0 
184.0994 	 2 
184.2271 	 1 
184.2271 	 2 
184.2271 	 0 
184.3664 	 2 
184.3780 	 1 
184.6799 	 2 
184.6915 	 1 
184.8424 	 2 
184.9934 	 2 
185.0050 	 1 
185.1675 	 2 
185.1675 	 1 
185.3068 	 2 
185.3185 	 1 
185.3185 	 0 
185.6203 	 2 
185.6319 	 1 
185.7829 	 2 
185.7829 	 1 
185.9454 	 1 
185.9454 	 2 
186.0847 	 2 
186.2589 	 2 
186.2589 	 0 
186.2705 	 1 
186.3982 	 2 
186.4098 	 1 
186.5607 	 2 
186.6768 	 2 
186.8742 	 1 
186.8742 	 2 
187.0367 	 2 
187.0483 	 1 
187.1877 	 1 
187.1877 	 2 
187.5011 	 1 
187.5011 	 2 
187.6753 	 2 
187.8146 	 0 
187.8146 	 2 
187.8146 	 1 
187.9655 	 2 
188.1281 	 2 
188.1281 	 1 
188.2790 	 0 
188.2906 	 2 
188.2906 	 1 
188.4415 	 2 
188.5925 	 2 
188.6041 	 1 
188.7550 	 1 
188.7550 	 2 
188.7666 	 0 
189.2194 	 2 
189.2194 	 0 
189.2310 	 1 
189.3703 	 1 
189.3820 	 2 
189.6954 	 2 
189.6954 	 1 
189.6954 	 0 
189.8463 	 1 
189.8463 	 2 
189.9973 	 2 
190.0089 	 1 
190.3107 	 0 
190.3107 	 2 
190.3224 	 1 
190.6358 	 2 
190.6358 	 1 
190.7868 	 1 
190.7984 	 2 
190.9377 	 2 
190.9377 	 1 
191.1118 	 2 
191.1118 	 1 
191.2628 	 2 
191.2628 	 1 
191.4021 	 0 
191.4021 	 1 
191.4137 	 2 
191.7156 	 2 
191.7272 	 1 
191.8781 	 2 
191.8781 	 1 
192.0406 	 2 
192.1800 	 2 
192.1800 	 1 
192.3425 	 2 
192.3541 	 1 
192.5050 	 2 
192.5166 	 1 
192.6444 	 2 
192.8069 	 2 
192.8185 	 1 
192.8185 	 0 
192.9114 	 2 
192.9810 	 1 
193.1320 	 1 
193.1320 	 2 
193.2945 	 2 
193.2945 	 1 
193.4454 	 1 
193.4454 	 2 
193.5964 	 2 
193.5964 	 1 
193.7589 	 0 
193.7589 	 2 
193.7589 	 1 
193.9098 	 1 
194.0608 	 2 
194.0608 	 1 
194.2233 	 2 
194.2233 	 0 
194.2233 	 1 
194.3742 	 2 
194.3742 	 1 
194.5368 	 1 
194.6877 	 1 
194.6877 	 2 
194.8386 	 2 
194.8502 	 1 
195.0012 	 0 
195.0128 	 1 
195.0128 	 2 
195.1405 	 2 
195.1753 	 1 
195.2566 	 2 
195.2566 	 1 
195.3263 	 2 
195.3263 	 1 
195.4772 	 1 
195.4772 	 2 
195.6281 	 2 
195.6281 	 0 
195.6397 	 1 
195.7790 	 2 
195.7907 	 1 
195.9532 	 2 
195.9532 	 1 
196.0925 	 2 
196.2551 	 2 
196.2667 	 0 
196.2667 	 1 
196.4176 	 2 
196.4176 	 1 
196.4176 	 0 
196.5685 	 0 
196.5685 	 2 
196.5685 	 1 
196.7195 	 2 
196.7311 	 1 
196.8704 	 2 
196.8820 	 1 
197.0445 	 0 
197.0445 	 1 
197.0445 	 2 
197.1955 	 1 
197.1955 	 2 
197.3464 	 1 
197.3696 	 2 
197.3812 	 1 
197.4973 	 2 
197.5089 	 1 
197.6599 	 2 
197.6715 	 1 
197.8108 	 1 
197.8224 	 0 
197.8224 	 2 
197.9733 	 2 
197.9733 	 1 
198.1359 	 1 
198.1359 	 0 
198.1359 	 2 
198.2868 	 2 
198.2868 	 1 
198.2868 	 0 
198.4377 	 1 
198.4377 	 2 
198.7512 	 1 
198.7628 	 0 
198.7628 	 2 
198.9137 	 0 
198.9137 	 2 
198.9137 	 1 
199.2156 	 2 
199.2156 	 1 
199.5407 	 2 
199.5407 	 1 
199.6916 	 2 
199.6916 	 1 
199.8425 	 2 
199.8541 	 1 
199.9935 	 2 
200.0051 	 1 
200.1560 	 2 
200.1560 	 1 
200.3185 	 2 
200.3185 	 1 
200.4695 	 2 
200.4811 	 1 
200.6204 	 2 
200.6320 	 0 
200.6320 	 1 
200.7829 	 2 
200.7829 	 1 
200.9455 	 2 
201.0964 	 2 
201.0964 	 1 
201.2590 	 2 
201.2590 	 1 
201.2590 	 0 
201.4099 	 1 
201.4215 	 2 
201.5724 	 1 
201.5724 	 2 
201.5724 	 0 
201.7234 	 1 
201.7234 	 2 
201.8743 	 1 
201.8743 	 2 
202.0368 	 2 
202.0368 	 1 
202.1878 	 2 
202.1994 	 1 
202.3503 	 2 
202.3503 	 1 
202.5012 	 0 
202.5012 	 2 
202.5128 	 1 
202.6522 	 2 
202.6638 	 1 
202.8147 	 1 
202.8147 	 2 
202.9772 	 2 
203.1282 	 1 
203.1282 	 2 
203.2791 	 2 
203.4416 	 2 
203.5926 	 1 
203.6042 	 2 
203.7551 	 2 
203.7551 	 1 
203.9176 	 2 
203.9176 	 1 
204.0802 	 2 
204.2195 	 1 
204.2195 	 2 
204.2311 	 0 
204.3704 	 2 
204.3820 	 1 
204.5330 	 1 
204.5330 	 2 
204.6955 	 2 
204.6955 	 1 
204.8464 	 2 
204.9974 	 2 
205.0090 	 1 
205.1599 	 1 
205.1599 	 2 
205.3108 	 2 
205.3224 	 1 
205.3224 	 0 
205.4734 	 2 
205.6243 	 2 
205.6243 	 1 
205.6359 	 0 
205.7868 	 2 
205.7868 	 1 
205.9494 	 1 
205.9494 	 2 
206.1003 	 2 
206.1003 	 1 
206.2629 	 0 
206.2629 	 2 
206.2629 	 1 
206.4138 	 2 
206.4138 	 1 
206.5763 	 2 
206.5879 	 1 
206.7273 	 2 
206.7273 	 1 
206.8782 	 2 
206.8782 	 1 
206.8898 	 0 
207.0291 	 2 
207.0407 	 1 
207.1917 	 2 
207.3542 	 1 
207.3542 	 2 
207.5051 	 2 
207.5051 	 1 
207.6561 	 2 
207.6561 	 1 
207.8186 	 0 
207.8186 	 2 
207.8302 	 1 
207.9695 	 2 
207.9811 	 1 
208.1321 	 1 
208.1321 	 2 
208.1321 	 0 
208.2830 	 1 
208.2830 	 2 
208.4455 	 1 
208.4455 	 2 
208.5965 	 1 
208.5965 	 2 
208.7590 	 2 
208.7590 	 0 
208.7590 	 1 
208.9215 	 2 
209.0725 	 2 
209.0725 	 1 
209.0725 	 0 
209.2234 	 0 
209.2350 	 2 
209.2350 	 1 
209.3743 	 2 
209.3859 	 0 
209.3859 	 1 
209.5369 	 2 
209.5485 	 1 
209.6878 	 2 
209.6994 	 1 
209.8387 	 1 
209.8503 	 2 
210.0013 	 2 
210.0129 	 1 
210.1638 	 1 
210.1638 	 2 
210.3147 	 0 
210.3147 	 1 
210.3147 	 2 
210.4773 	 1 
210.4773 	 2 
210.4773 	 0 
210.6282 	 2 
210.6282 	 0 
210.6398 	 1 
210.7791 	 2 
210.7907 	 1 
210.9417 	 2 
210.9533 	 1 
210.9533 	 0 
211.0926 	 2 
211.1042 	 1 
211.2668 	 1 
211.2668 	 2 
211.2668 	 0 
211.4061 	 2 
211.4177 	 1 
211.4177 	 0 
211.5686 	 1 
211.5686 	 2 
211.5686 	 0 
211.7195 	 2 
211.7312 	 1 
211.8821 	 2 
211.8821 	 1 
212.0330 	 2 
212.0446 	 1 
212.0446 	 0 
212.1956 	 1 
212.1956 	 2 
212.3465 	 2 
212.3581 	 0 
212.3581 	 1 
212.5090 	 0 
212.5090 	 2 
212.5090 	 1 
212.6600 	 1 
212.6600 	 2 
212.8109 	 2 
212.8225 	 1 
212.8225 	 0 
212.9734 	 2 
212.9734 	 1 
213.1244 	 2 
213.1244 	 0 
213.1360 	 1 
213.2985 	 2 
213.4378 	 2 
213.4494 	 1 
213.7513 	 2 
213.7629 	 1 
213.7629 	 0 
213.9138 	 0 
213.9138 	 2 
213.9138 	 1 
214.0648 	 2 
214.0648 	 1 
214.2273 	 1 
214.2273 	 2 
214.3782 	 2 
214.3898 	 1 
214.5408 	 2 
214.5524 	 0 
214.5524 	 1 
214.7033 	 2 
214.7033 	 1 
214.8426 	 1 
214.8542 	 2 
215.0168 	 2 
215.0168 	 1 
215.1793 	 2 
215.1793 	 1 
215.3186 	 1 
215.3186 	 2 
215.6205 	 2 
215.6437 	 2 
215.6437 	 1 
215.7946 	 2 
215.7946 	 1 
215.9456 	 2 
215.9456 	 1 
216.0965 	 2 
216.1081 	 1 
216.2474 	 2 
216.2590 	 1 
216.4100 	 2 
216.4216 	 1 
216.5725 	 2 
216.5725 	 1 
216.7234 	 2 
216.7234 	 1 
216.7351 	 0 
216.8860 	 2 
216.8860 	 1 
217.0369 	 2 
217.1995 	 2 
217.3504 	 1 
217.3620 	 2 
217.5013 	 2 
217.5129 	 1 
217.6639 	 1 
217.6639 	 2 
217.6639 	 0 
217.8264 	 2 
217.8264 	 1 
217.9773 	 1 
217.9773 	 2 
218.1283 	 2 
218.1399 	 1 
218.2908 	 1 
218.3024 	 2 
218.4417 	 2 
218.4533 	 0 
218.4533 	 1 
218.6043 	 2 
218.6043 	 1 
218.7552 	 2 
218.7552 	 1 
218.9177 	 0 
218.9177 	 1 
218.9177 	 2 
219.0687 	 2 
219.0687 	 1 
219.2196 	 1 
219.2196 	 2 
219.3821 	 2 
219.3937 	 1 
219.5331 	 2 
219.5447 	 1 
219.6956 	 0 
219.6956 	 2 
219.6956 	 1 
219.8465 	 0 
219.8465 	 2 
219.8581 	 1 
220.0207 	 1 
220.0207 	 2 
220.1600 	 2 
220.1716 	 1 
220.3109 	 2 
220.3225 	 1 
220.4735 	 1 
220.4851 	 0 
220.4851 	 2 
220.6244 	 2 
220.6360 	 1 
220.6476 	 2 
220.7869 	 1 
220.7869 	 2 
220.7985 	 0 
220.9495 	 1 
220.9495 	 2 
220.9495 	 0 
221.1004 	 1 
221.1004 	 2 
221.2513 	 2 
221.2629 	 1 
221.4139 	 0 
221.4139 	 2 
221.4139 	 1 
221.5648 	 0 
221.5764 	 1 
221.5764 	 2 
221.7273 	 2 
221.8783 	 2 
221.8899 	 1 
222.0408 	 2 
222.0408 	 1 
222.1917 	 1 
222.1917 	 2 
222.2034 	 0 
222.3543 	 2 
222.3543 	 1 
222.3659 	 0 
222.5168 	 1 
222.5168 	 2 
222.6678 	 2 
222.6678 	 1 
222.8187 	 1 
222.8187 	 0 
222.8187 	 2 
222.9812 	 2 
222.9812 	 1 
223.1322 	 1 
223.1438 	 2 
223.2831 	 2 
223.2947 	 1 
223.2947 	 0 
223.4456 	 2 
223.4456 	 1 
223.6082 	 2 
223.6082 	 1 
223.6082 	 0 
223.7591 	 2 
223.7591 	 1 
223.9100 	 2 
223.9216 	 0 
223.9216 	 1 
224.2235 	 2 
224.3860 	 1 
224.3860 	 2 
224.3976 	 0 
224.5370 	 1 
224.5370 	 2 
224.6879 	 2 
224.6995 	 1 
225.0130 	 1 
225.1639 	 2 
225.6283 	 1 
225.6399 	 2 
225.6399 	 0 
225.7908 	 2 
225.7908 	 0 
225.7908 	 1 
225.9418 	 2 
226.2552 	 1 
226.2552 	 2 
226.4178 	 1 
226.4178 	 2 
226.5687 	 2 
226.5687 	 0 
226.5687 	 1 
226.7312 	 2 
226.8822 	 0 
226.8822 	 1 
226.8822 	 2 
227.0447 	 2 
227.1956 	 2 
227.1956 	 1 
227.3466 	 1 
227.3582 	 2 
227.5091 	 1 
227.6717 	 2 
227.9735 	 1 
228.1361 	 1 
228.1361 	 2 
