19.1332 	 1 
19.1449 	 2 
20.3987 	 0 
20.3987 	 2 
20.3987 	 1 
20.7122 	 2 
20.7238 	 1 
20.8631 	 2 
20.8747 	 1 
20.8863 	 0 
21.0257 	 2 
21.0373 	 1 
21.3507 	 1 
21.3507 	 2 
21.3507 	 0 
21.5017 	 1 
21.5017 	 2 
21.5133 	 0 
21.6642 	 1 
21.6642 	 2 
21.6642 	 0 
21.9777 	 0 
21.9777 	 2 
21.9893 	 1 
22.1286 	 2 
22.1402 	 0 
22.1402 	 1 
22.2912 	 0 
22.2912 	 1 
22.2912 	 2 
22.6046 	 1 
22.6046 	 2 
22.7672 	 1 
22.7672 	 2 
22.9297 	 1 
22.9297 	 2 
22.9297 	 0 
23.2432 	 2 
23.4057 	 0 
23.4057 	 1 
23.4057 	 2 
23.5450 	 2 
23.5566 	 1 
23.5566 	 0 
23.8701 	 0 
23.8701 	 2 
23.8701 	 1 
24.0210 	 2 
24.0327 	 0 
24.0327 	 1 
24.1836 	 2 
24.1952 	 0 
24.1952 	 1 
24.4971 	 2 
24.5087 	 0 
24.5087 	 1 
24.6596 	 0 
24.6712 	 2 
24.6712 	 1 
24.8221 	 1 
24.8221 	 2 
24.9498 	 2 
25.2981 	 2 
25.4491 	 1 
25.4491 	 0 
25.4491 	 2 
25.5884 	 2 
25.7741 	 2 
25.7741 	 1 
25.9251 	 2 
25.9251 	 1 
25.9251 	 0 
26.0876 	 2 
26.0876 	 1 
26.2502 	 2 
26.4011 	 2 
26.4011 	 1 
26.4011 	 0 
26.5520 	 2 
26.5636 	 1 
26.6565 	 1 
26.6565 	 2 
27.0280 	 2 
27.0280 	 0 
27.0396 	 1 
27.1906 	 0 
27.1906 	 2 
27.2022 	 1 
27.3415 	 2 
27.3415 	 0 
27.3531 	 1 
27.5040 	 2 
27.5040 	 1 
27.5040 	 0 
27.6666 	 0 
27.6666 	 1 
27.6666 	 2 
27.8175 	 2 
27.8175 	 0 
27.8291 	 1 
27.9800 	 1 
27.9800 	 2 
27.9800 	 0 
28.2935 	 0 
28.2935 	 1 
28.2935 	 2 
28.4561 	 2 
28.4561 	 0 
28.4561 	 1 
28.6070 	 0 
28.6070 	 1 
28.6070 	 2 
28.9205 	 2 
28.9321 	 0 
28.9321 	 1 
29.0830 	 0 
29.0830 	 2 
29.0830 	 1 
29.2455 	 1 
29.2455 	 0 
29.2455 	 2 
29.5590 	 0 
29.5590 	 1 
29.5590 	 2 
29.7215 	 0 
29.7215 	 1 
29.8725 	 1 
29.8725 	 2 
29.8725 	 0 
30.1047 	 2 
30.2440 	 2 
30.4994 	 0 
30.4994 	 2 
30.5110 	 1 
30.6620 	 2 
30.8129 	 2 
30.9754 	 2 
30.9870 	 1 
30.9870 	 0 
31.1263 	 2 
31.1380 	 1 
31.2773 	 2 
31.4514 	 2 
31.4514 	 1 
31.4514 	 0 
31.6140 	 0 
31.6140 	 1 
31.6140 	 2 
31.7649 	 2 
31.7765 	 1 
31.7765 	 0 
32.0900 	 1 
32.0900 	 0 
32.0900 	 2 
32.2409 	 0 
32.2409 	 2 
32.2409 	 1 
32.4034 	 0 
32.4034 	 2 
32.4034 	 1 
32.7053 	 2 
32.7053 	 1 
32.8678 	 1 
32.8678 	 2 
33.0304 	 0 
33.0304 	 1 
33.0304 	 2 
33.3439 	 1 
33.3439 	 0 
33.3439 	 2 
33.5064 	 2 
33.5064 	 1 
33.5064 	 0 
33.6573 	 2 
33.6689 	 0 
33.6689 	 1 
33.9824 	 0 
33.9824 	 2 
33.9824 	 1 
34.1333 	 2 
34.1333 	 1 
34.1449 	 0 
34.2959 	 1 
34.2959 	 0 
34.2959 	 2 
34.6093 	 0 
34.6093 	 1 
34.6093 	 2 
34.7719 	 2 
34.7719 	 0 
34.7719 	 1 
34.9228 	 0 
34.9228 	 2 
34.9344 	 1 
35.2363 	 2 
35.2363 	 1 
35.3988 	 2 
35.5498 	 2 
35.5614 	 1 
35.5614 	 0 
35.7123 	 2 
35.8632 	 2 
35.8748 	 1 
36.0258 	 1 
36.0258 	 2 
36.0374 	 0 
36.1883 	 2 
36.1883 	 1 
36.1883 	 0 
36.5018 	 2 
36.5018 	 1 
36.5134 	 0 
36.6527 	 2 
36.6643 	 1 
36.6643 	 0 
36.8152 	 2 
36.8152 	 0 
36.8268 	 1 
36.9894 	 2 
37.1403 	 0 
37.1403 	 2 
37.1403 	 1 
37.2796 	 1 
37.2912 	 0 
37.2912 	 2 
37.4306 	 1 
37.4422 	 2 
37.6047 	 2 
37.6163 	 0 
37.6163 	 1 
37.7556 	 2 
37.8950 	 1 
37.9182 	 2 
38.0807 	 2 
38.0807 	 0 
38.0923 	 1 
38.2200 	 2 
38.3942 	 2 
38.4058 	 1 
38.4058 	 0 
38.5567 	 1 
38.5567 	 2 
38.5683 	 0 
38.7077 	 2 
38.7193 	 0 
38.7193 	 1 
38.8818 	 2 
39.0327 	 1 
39.0327 	 0 
39.0327 	 2 
39.1837 	 2 
39.1953 	 0 
39.1953 	 1 
39.3462 	 0 
39.3462 	 1 
39.3578 	 2 
39.3810 	 2 
39.4043 	 2 
39.5204 	 2 
39.6597 	 1 
39.6597 	 2 
39.9732 	 1 
39.9732 	 2 
40.2866 	 1 
40.6117 	 2 
40.6117 	 1 
40.6117 	 0 
40.7510 	 2 
40.7742 	 2 
40.9252 	 2 
40.9368 	 1 
41.0761 	 2 
41.0877 	 0 
41.0877 	 1 
41.2270 	 2 
41.2386 	 0 
41.2386 	 1 
41.4012 	 2 
41.5521 	 2 
41.5637 	 0 
41.5637 	 1 
41.7146 	 2 
41.7146 	 0 
41.7263 	 1 
41.8772 	 1 
41.8772 	 0 
41.8772 	 2 
41.9701 	 2 
42.0746 	 2 
42.1907 	 1 
42.1907 	 0 
42.1907 	 2 
42.3532 	 1 
42.3532 	 2 
42.4461 	 2 
42.5157 	 2 
42.7131 	 2 
42.8292 	 2 
42.9685 	 2 
43.1311 	 1 
43.1311 	 2 
43.1427 	 0 
43.4445 	 0 
43.4445 	 2 
43.4561 	 1 
43.6071 	 2 
43.6071 	 0 
43.6187 	 1 
43.7580 	 0 
43.7696 	 2 
43.7696 	 1 
44.0831 	 0 
44.0831 	 2 
44.0947 	 1 
44.2456 	 2 
44.2456 	 1 
44.4082 	 2 
44.4082 	 1 
44.7100 	 0 
44.7216 	 2 
44.7216 	 1 
44.8610 	 2 
44.8726 	 1 
45.0235 	 2 
45.0235 	 1 
45.0235 	 0 
45.3370 	 1 
45.3370 	 2 
45.6620 	 2 
45.6620 	 1 
45.6620 	 0 
45.8246 	 2 
45.9755 	 2 
45.9871 	 1 
46.1380 	 1 
46.1380 	 0 
46.1380 	 2 
46.2890 	 2 
46.3006 	 1 
46.3006 	 0 
46.6141 	 2 
46.6141 	 1 
46.6141 	 0 
46.7534 	 2 
46.7650 	 1 
46.7650 	 0 
46.9159 	 2 
46.9275 	 1 
46.9275 	 0 
47.2410 	 2 
47.2410 	 0 
47.2526 	 1 
47.4035 	 1 
47.4035 	 0 
47.4035 	 2 
47.5545 	 0 
47.5545 	 2 
47.5545 	 1 
47.7054 	 2 
47.7170 	 1 
47.7170 	 0 
47.8447 	 2 
47.8447 	 1 
47.8563 	 0 
48.0537 	 2 
48.0653 	 1 
48.1930 	 2 
48.1930 	 0 
48.1930 	 1 
48.3439 	 2 
48.4949 	 2 
48.5065 	 0 
48.5065 	 1 
48.6574 	 2 
48.6690 	 0 
48.6690 	 1 
48.8200 	 0 
48.8200 	 2 
48.8200 	 1 
49.1334 	 0 
49.1334 	 2 
49.1334 	 1 
49.2960 	 1 
49.2960 	 2 
49.4469 	 2 
49.4469 	 0 
49.4585 	 1 
49.7720 	 1 
49.7720 	 2 
49.7720 	 0 
49.9229 	 2 
49.9229 	 0 
49.9345 	 1 
50.0738 	 2 
50.0854 	 1 
50.0854 	 0 
50.2132 	 2 
50.3873 	 2 
50.3989 	 1 
50.5615 	 2 
50.7124 	 2 
50.7124 	 1 
50.7124 	 0 
51.0259 	 2 
51.0375 	 1 
51.0375 	 0 
51.1884 	 2 
51.1884 	 0 
51.1884 	 1 
51.3509 	 1 
51.3509 	 2 
51.3509 	 0 
51.6644 	 1 
51.6644 	 2 
51.6644 	 0 
51.8153 	 2 
51.8269 	 1 
51.8269 	 0 
51.9779 	 1 
51.9779 	 2 
52.0475 	 1 
52.0824 	 2 
52.2913 	 0 
52.3029 	 2 
52.3029 	 1 
52.4539 	 2 
52.4539 	 1 
52.4539 	 0 
52.6048 	 2 
52.6048 	 0 
52.6164 	 1 
52.7557 	 2 
52.9299 	 1 
52.9299 	 2 
53.0692 	 2 
53.1853 	 2 
53.2434 	 0 
53.2434 	 1 
53.2434 	 2 
53.3943 	 2 
53.5452 	 1 
53.5568 	 2 
53.5684 	 0 
53.7194 	 2 
53.7194 	 1 
53.7194 	 0 
53.8587 	 2 
53.8587 	 1 
53.8703 	 0 
54.1954 	 0 
54.1954 	 1 
54.1954 	 2 
54.2418 	 2 
54.3347 	 2 
54.4972 	 0 
54.5088 	 1 
54.5205 	 2 
54.8223 	 0 
54.8223 	 2 
54.8339 	 1 
54.9849 	 1 
54.9849 	 2 
55.1358 	 1 
55.1358 	 2 
55.1358 	 0 
55.4376 	 2 
55.4609 	 1 
55.6118 	 2 
55.7627 	 2 
55.7743 	 1 
55.7743 	 0 
55.9485 	 2 
56.0762 	 2 
56.0878 	 1 
56.2387 	 1 
56.2387 	 2 
56.2387 	 0 
56.3897 	 2 
56.4013 	 0 
56.4013 	 1 
56.7147 	 2 
56.7263 	 1 
56.7263 	 0 
56.8657 	 2 
56.8773 	 1 
56.8773 	 0 
57.0282 	 2 
57.0282 	 0 
57.0398 	 1 
57.3417 	 2 
57.3533 	 1 
57.3533 	 0 
57.5042 	 0 
57.5042 	 2 
57.5158 	 1 
57.6551 	 2 
57.6668 	 0 
57.6668 	 1 
57.8177 	 0 
57.8177 	 2 
57.8177 	 1 
57.9686 	 2 
57.9802 	 0 
57.9802 	 1 
58.1195 	 2 
58.1428 	 1 
58.2937 	 1 
58.2937 	 2 
58.2937 	 0 
58.6072 	 2 
58.6188 	 1 
58.7697 	 1 
58.7697 	 0 
58.7697 	 2 
58.9206 	 0 
58.9206 	 2 
58.9322 	 1 
59.2457 	 0 
59.2457 	 2 
59.2457 	 1 
59.3850 	 2 
59.3966 	 1 
59.4083 	 0 
60.8247 	 1 
60.8247 	 2 
60.8363 	 0 
60.9640 	 1 
61.0569 	 2 
61.1381 	 2 
61.1730 	 2 
61.2891 	 0 
61.3007 	 2 
61.3007 	 1 
61.4168 	 2 
61.7651 	 2 
61.7651 	 0 
61.7767 	 1 
61.8928 	 2 
62.1018 	 2 
62.3920 	 2 
62.4036 	 0 
62.4036 	 1 
62.5546 	 1 
62.5662 	 2 
62.7055 	 1 
62.7287 	 2 
63.0306 	 2 
63.0306 	 1 
63.3556 	 2 
63.3556 	 0 
63.3556 	 1 
63.6575 	 1 
63.6575 	 0 
63.6575 	 2 
63.8200 	 0 
63.8200 	 2 
63.8317 	 1 
63.9710 	 2 
63.9826 	 1 
63.9826 	 0 
64.2961 	 2 
64.2961 	 0 
64.2961 	 1 
64.4470 	 2 
64.4470 	 1 
64.6095 	 2 
64.6095 	 1 
64.9230 	 2 
64.9230 	 0 
64.9346 	 1 
65.0855 	 2 
65.0855 	 1 
65.2365 	 1 
65.2365 	 2 
65.2365 	 0 
65.5499 	 1 
65.5615 	 2 
65.8750 	 0 
65.8750 	 1 
65.8750 	 2 
66.0376 	 2 
66.1885 	 2 
66.3510 	 2 
66.3510 	 1 
66.5020 	 2 
66.8154 	 2 
66.8270 	 1 
67.1405 	 1 
67.4540 	 2 
67.4540 	 1 
67.4540 	 0 
67.6165 	 1 
67.6165 	 2 
67.7674 	 2 
67.7790 	 1 
67.9184 	 0 
67.9184 	 2 
67.9300 	 1 
68.0809 	 0 
68.0809 	 2 
68.0925 	 1 
68.2318 	 2 
68.2434 	 1 
68.3944 	 0 
68.4060 	 2 
68.4060 	 1 
68.5685 	 2 
68.7078 	 2 
68.7195 	 1 
68.8704 	 0 
68.8704 	 1 
68.8704 	 2 
69.0329 	 1 
69.0329 	 2 
69.0445 	 0 
69.2071 	 2 
69.3464 	 2 
69.3464 	 0 
69.3464 	 1 
69.4973 	 2 
69.5089 	 1 
69.6483 	 2 
69.6715 	 1 
69.9269 	 2 
69.9733 	 0 
69.9733 	 2 
69.9849 	 1 
70.1359 	 1 
70.1359 	 0 
70.1359 	 2 
70.2868 	 2 
70.2868 	 1 
70.2984 	 0 
70.6003 	 2 
70.6003 	 1 
70.7512 	 2 
70.9254 	 1 
70.9254 	 2 
70.9254 	 0 
71.0995 	 2 
71.2504 	 1 
71.2504 	 2 
71.2504 	 0 
71.3898 	 2 
71.4014 	 1 
71.4014 	 0 
71.5523 	 0 
71.5523 	 2 
71.5639 	 1 
71.8774 	 0 
71.8774 	 1 
71.8774 	 2 
72.0283 	 2 
72.0283 	 1 
72.0283 	 0 
72.0980 	 2 
72.1096 	 1 
72.2024 	 1 
72.5043 	 2 
72.5043 	 0 
72.5159 	 1 
72.6552 	 2 
72.8178 	 2 
72.8294 	 1 
73.1196 	 1 
73.1429 	 2 
73.4563 	 2 
73.4563 	 1 
73.4679 	 0 
73.5840 	 2 
73.7930 	 2 
73.9207 	 2 
73.9323 	 0 
73.9323 	 1 
74.0833 	 2 
74.0833 	 1 
74.3967 	 2 
74.4083 	 1 
74.4083 	 0 
74.5477 	 2 
74.5593 	 1 
74.7102 	 2 
74.7102 	 0 
74.7218 	 1 
75.0353 	 1 
75.0353 	 2 
75.0353 	 0 
75.1862 	 0 
75.1862 	 2 
75.1978 	 1 
75.3488 	 1 
75.3488 	 2 
75.3488 	 0 
75.6622 	 2 
75.6738 	 1 
75.8132 	 2 
75.9757 	 0 
75.9757 	 2 
75.9873 	 1 
76.1382 	 2 
76.2892 	 2 
76.3008 	 1 
76.4517 	 0 
76.4517 	 1 
76.4517 	 2 
76.6026 	 1 
76.6142 	 2 
76.6142 	 0 
76.9277 	 0 
76.9277 	 2 
76.9277 	 1 
77.0786 	 2 
77.0902 	 1 
77.2412 	 2 
77.2412 	 0 
77.2412 	 1 
77.5546 	 2 
77.5546 	 0 
77.5663 	 1 
77.7172 	 0 
77.7172 	 1 
77.7172 	 2 
77.8797 	 0 
77.8797 	 2 
77.8913 	 1 
78.0307 	 2 
78.0307 	 0 
78.0423 	 1 
78.1932 	 1 
78.1932 	 2 
78.1932 	 0 
78.3441 	 1 
78.3441 	 2 
78.3441 	 0 
78.5067 	 1 
78.5067 	 2 
78.5067 	 0 
78.8201 	 2 
78.8317 	 0 
78.8317 	 1 
78.9827 	 0 
78.9827 	 1 
78.9827 	 2 
79.1452 	 0 
79.1452 	 1 
79.1452 	 2 
79.4587 	 2 
79.4587 	 1 
79.4587 	 0 
79.6096 	 2 
79.6096 	 0 
79.6212 	 1 
79.7722 	 1 
79.7722 	 2 
79.7722 	 0 
80.0740 	 2 
80.0856 	 1 
80.2482 	 1 
80.3875 	 2 
80.3991 	 1 
80.7126 	 2 
80.7126 	 1 
80.8751 	 2 
81.0376 	 1 
81.0376 	 2 
81.0376 	 0 
81.3395 	 0 
81.3511 	 1 
81.3511 	 2 
81.5020 	 2 
81.5137 	 0 
81.5137 	 1 
81.6646 	 2 
81.6646 	 0 
81.6762 	 1 
81.9780 	 2 
81.9897 	 0 
81.9897 	 1 
82.1406 	 1 
82.1406 	 0 
82.1406 	 2 
82.2915 	 0 
82.2915 	 1 
82.2915 	 2 
82.6050 	 2 
82.6166 	 1 
82.6166 	 0 
82.7675 	 2 
82.7675 	 0 
82.9185 	 2 
82.9185 	 0 
82.9301 	 1 
83.0346 	 2 
83.2435 	 2 
83.2435 	 1 
83.5686 	 1 
83.5686 	 0 
83.5686 	 2 
83.7195 	 2 
83.8705 	 2 
83.8937 	 1 
84.0330 	 2 
84.0330 	 0 
84.0330 	 1 
84.1956 	 2 
84.1956 	 0 
84.2072 	 1 
84.5090 	 2 
84.5090 	 0 
84.5090 	 1 
84.6483 	 1 
84.6600 	 2 
84.8109 	 1 
84.8225 	 2 
85.1360 	 2 
85.1360 	 0 
85.1476 	 1 
85.2985 	 2 
85.2985 	 1 
85.3101 	 0 
85.4494 	 2 
85.4494 	 0 
85.4610 	 1 
85.7629 	 1 
85.7745 	 2 
85.9254 	 2 
86.0880 	 0 
86.0880 	 2 
86.0996 	 1 
86.2273 	 1 
86.2389 	 2 
86.5640 	 2 
86.5640 	 1 
86.5756 	 0 
86.7149 	 1 
86.7265 	 2 
87.0284 	 2 
87.0284 	 1 
87.1909 	 2 
87.3419 	 1 
87.3535 	 2 
87.6553 	 2 
87.6669 	 0 
87.6669 	 1 
87.8295 	 1 
87.8295 	 2 
87.9804 	 2 
87.9804 	 1 
88.1429 	 2 
88.1429 	 0 
88.1429 	 1 
88.2823 	 0 
88.2939 	 2 
88.2939 	 1 
88.4448 	 2 
88.4564 	 1 
88.6073 	 0 
88.6073 	 2 
88.6190 	 1 
88.7699 	 2 
88.9324 	 1 
88.9324 	 2 
88.9324 	 0 
89.0834 	 1 
89.0834 	 2 
89.0834 	 0 
89.2459 	 1 
89.2459 	 2 
89.2459 	 0 
89.4200 	 2 
89.5594 	 1 
89.5594 	 2 
89.5594 	 0 
89.7219 	 2 
89.7219 	 1 
89.7219 	 0 
89.8844 	 1 
89.8844 	 2 
90.1863 	 0 
90.1863 	 2 
90.1979 	 1 
90.3488 	 2 
90.4998 	 2 
90.5114 	 0 
90.5114 	 1 
90.8132 	 2 
90.8132 	 1 
90.9874 	 2 
91.1383 	 2 
91.1383 	 0 
91.1383 	 1 
91.3009 	 2 
91.4518 	 2 
91.4518 	 1 
91.6027 	 2 
91.6143 	 0 
91.6143 	 1 
91.7653 	 1 
91.7769 	 2 
91.7769 	 0 
92.0787 	 2 
92.0903 	 1 
92.0903 	 0 
92.2413 	 1 
92.2413 	 2 
92.2413 	 0 
92.4038 	 2 
92.4038 	 1 
92.7173 	 0 
92.7173 	 2 
92.7173 	 1 
92.8798 	 2 
93.0424 	 1 
93.0424 	 2 
93.3442 	 2 
93.3558 	 1 
93.5068 	 1 
93.6693 	 0 
93.6693 	 1 
93.6693 	 2 
93.8318 	 2 
93.9828 	 0 
93.9828 	 2 
93.9944 	 1 
94.1337 	 2 
94.1453 	 0 
94.1453 	 1 
94.2962 	 1 
94.2962 	 0 
94.3078 	 2 
94.6097 	 2 
94.6213 	 0 
94.6213 	 1 
94.7722 	 2 
94.7722 	 0 
94.7722 	 1 
94.9348 	 1 
94.9348 	 0 
94.9348 	 2 
95.2366 	 0 
95.2366 	 2 
95.2483 	 1 
95.3992 	 2 
95.4108 	 1 
95.4108 	 0 
95.5617 	 1 
95.5617 	 0 
95.5617 	 2 
95.8752 	 2 
95.8868 	 1 
96.0377 	 2 
96.1887 	 1 
96.2003 	 2 
96.2003 	 0 
96.3512 	 2 
96.5021 	 2 
96.5137 	 1 
96.5137 	 0 
96.6647 	 2 
96.6647 	 0 
96.6647 	 1 
96.8156 	 0 
96.8272 	 2 
96.8272 	 1 
97.1407 	 1 
97.1407 	 2 
97.1407 	 0 
97.2916 	 0 
97.3032 	 2 
97.3032 	 1 
97.4541 	 2 
97.4658 	 0 
97.4658 	 1 
97.7676 	 0 
97.7676 	 1 
97.7676 	 2 
97.9302 	 2 
97.9418 	 1 
98.0927 	 2 
98.1043 	 1 
98.2436 	 0 
98.2436 	 1 
98.2436 	 2 
98.4062 	 0 
98.4062 	 1 
98.4062 	 2 
98.5571 	 2 
98.5571 	 0 
98.5687 	 1 
98.7196 	 0 
98.7196 	 1 
98.7196 	 2 
98.8590 	 2 
99.0331 	 1 
99.0331 	 2 
99.1840 	 0 
99.1956 	 1 
99.1956 	 2 
99.3350 	 2 
99.3466 	 1 
99.5323 	 2 
99.6717 	 2 
99.6717 	 1 
99.6717 	 0 
99.8226 	 1 
99.8226 	 2 
99.9851 	 1 
99.9851 	 2 
100.2870 	 2 
100.2986 	 1 
100.4611 	 2 
100.4611 	 1 
100.6005 	 1 
100.6121 	 2 
100.9255 	 1 
100.9255 	 2 
101.0881 	 2 
101.2390 	 2 
101.2390 	 0 
101.2390 	 1 
101.3667 	 1 
101.3667 	 2 
101.3667 	 0 
101.7150 	 1 
101.7150 	 2 
101.7150 	 0 
102.1910 	 0 
102.1910 	 2 
102.1910 	 1 
102.4929 	 1 
102.5045 	 0 
102.5045 	 2 
102.8180 	 2 
102.8180 	 1 
102.8180 	 0 
103.4565 	 2 
103.7584 	 1 
103.7700 	 0 
103.7700 	 2 
104.0834 	 1 
104.0834 	 2 
104.0834 	 0 
104.2344 	 1 
104.2460 	 0 
104.2460 	 2 
104.7104 	 2 
104.7220 	 0 
104.7220 	 1 
105.0239 	 1 
105.0355 	 2 
105.1051 	 2 
105.3489 	 2 
105.3489 	 0 
105.3489 	 1 
106.2893 	 0 
106.3010 	 2 
106.3010 	 1 
106.7654 	 2 
106.7654 	 1 
106.7654 	 0 
107.2414 	 2 
107.2414 	 1 
107.2414 	 0 
107.5548 	 2 
107.5548 	 1 
107.5664 	 0 
107.8683 	 0 
107.8683 	 1 
107.8683 	 2 
108.3443 	 1 
108.3443 	 2 
108.3559 	 0 
108.8203 	 0 
108.8203 	 2 
108.8203 	 1 
109.1338 	 0 
109.1338 	 2 
109.1338 	 1 
109.2963 	 1 
109.2963 	 0 
109.2963 	 2 
109.7607 	 2 
109.7723 	 0 
109.7723 	 1 
110.0974 	 2 
111.3513 	 1 
111.3513 	 0 
111.3513 	 2 
111.8157 	 1 
111.8157 	 2 
111.8273 	 0 
112.2917 	 2 
112.2917 	 0 
112.3033 	 1 
112.6052 	 1 
112.6168 	 2 
112.9186 	 2 
112.9302 	 1 
112.9302 	 0 
113.8707 	 1 
113.8707 	 0 
113.8707 	 2 
114.3467 	 0 
114.3467 	 1 
114.3467 	 2 
114.8227 	 1 
114.8227 	 2 
114.8227 	 0 
115.1245 	 1 
115.1361 	 2 
115.4496 	 1 
115.4496 	 2 
115.4496 	 0 
120.6857 	 1 
120.6857 	 2 
120.8831 	 2 
120.9295 	 1 
121.3010 	 2 
121.3823 	 2 
121.4636 	 0 
121.4636 	 2 
121.4636 	 1 
121.7654 	 1 
121.7654 	 2 
121.7771 	 0 
121.9280 	 0 
121.9280 	 1 
121.9280 	 2 
122.0789 	 1 
122.0789 	 2 
122.0905 	 0 
122.4040 	 2 
122.4156 	 0 
122.4156 	 1 
122.7059 	 2 
122.7059 	 1 
123.0309 	 0 
123.0309 	 1 
123.0309 	 2 
123.1935 	 2 
123.1935 	 1 
123.3328 	 2 
123.3444 	 1 
123.4605 	 2 
123.6463 	 1 
123.8204 	 2 
123.9713 	 2 
123.9829 	 0 
123.9829 	 1 
124.1455 	 2 
124.2848 	 2 
124.2964 	 1 
124.4473 	 2 
124.4590 	 0 
124.4590 	 1 
124.5518 	 2 
124.5751 	 1 
124.7144 	 1 
124.8769 	 1 
124.9234 	 2 
124.9350 	 0 
124.9350 	 1 
125.0743 	 2 
125.0859 	 1 
125.2136 	 2 
125.2136 	 1 
125.2136 	 0 
125.5503 	 0 
125.5503 	 2 
125.5619 	 1 
125.7012 	 2 
125.7593 	 1 
125.8754 	 1 
125.8754 	 2 
126.1540 	 2 
126.1656 	 1 
126.4443 	 2 
126.5023 	 2 
126.5023 	 1 
126.8158 	 1 
126.9783 	 2 
126.9783 	 0 
126.9783 	 1 
127.1293 	 2 
127.1409 	 1 
127.4543 	 0 
127.4543 	 1 
127.4543 	 2 
127.6053 	 2 
127.6053 	 0 
127.6053 	 1 
127.7098 	 2 
127.7562 	 1 
127.8026 	 2 
127.8142 	 1 
128.0813 	 0 
128.0813 	 1 
128.0813 	 2 
128.2438 	 1 
128.2438 	 2 
128.2438 	 0 
128.3947 	 2 
128.4063 	 0 
128.4063 	 1 
128.5573 	 0 
128.5573 	 2 
128.5573 	 1 
128.7082 	 2 
128.7198 	 0 
128.7198 	 1 
128.8707 	 0 
128.8707 	 2 
128.8824 	 1 
129.0333 	 1 
129.0333 	 0 
129.0333 	 2 
129.1842 	 2 
129.3468 	 2 
129.3468 	 0 
129.3468 	 1 
129.5093 	 0 
129.5093 	 1 
129.5093 	 2 
129.6602 	 2 
129.6602 	 1 
129.6602 	 0 
129.9737 	 2 
129.9853 	 0 
129.9853 	 1 
130.1246 	 2 
130.1362 	 1 
130.1362 	 0 
130.2872 	 2 
130.2988 	 0 
130.2988 	 1 
130.6122 	 2 
130.6122 	 1 
130.6122 	 0 
130.7632 	 1 
130.7632 	 0 
130.7632 	 2 
130.9257 	 2 
130.9257 	 1 
131.0650 	 2 
131.1811 	 2 
131.2392 	 1 
131.4017 	 2 
131.5643 	 1 
131.5643 	 0 
131.5643 	 2 
131.8661 	 2 
131.8777 	 1 
132.0287 	 0 
132.0287 	 1 
132.0287 	 2 
132.1796 	 1 
132.1912 	 2 
132.3305 	 1 
132.5047 	 0 
132.5047 	 1 
132.5047 	 2 
132.6556 	 2 
132.8065 	 0 
132.8065 	 1 
132.8065 	 2 
133.1316 	 0 
133.1316 	 1 
133.1316 	 2 
133.2941 	 2 
133.2941 	 1 
133.4451 	 2 
133.4451 	 0 
133.4451 	 1 
133.7934 	 2 
133.9443 	 2 
134.0836 	 2 
134.0836 	 0 
134.0836 	 1 
134.3971 	 1 
134.3971 	 0 
134.3971 	 2 
134.5596 	 2 
134.5596 	 1 
134.5596 	 0 
134.7106 	 0 
134.7106 	 2 
134.7106 	 1 
135.0356 	 0 
135.0356 	 1 
135.0356 	 2 
135.1866 	 2 
135.1982 	 1 
135.3375 	 2 
135.3491 	 1 
135.6626 	 2 
135.6626 	 0 
135.6626 	 1 
135.8135 	 2 
135.8251 	 1 
135.8251 	 0 
135.9761 	 2 
135.9761 	 1 
135.9761 	 0 
136.2779 	 2 
136.2895 	 1 
136.6030 	 2 
136.6030 	 0 
136.6146 	 1 
136.7771 	 2 
136.9281 	 2 
136.9281 	 1 
137.0790 	 0 
137.0790 	 2 
137.0906 	 1 
137.2299 	 2 
137.2415 	 1 
137.2532 	 0 
137.5550 	 2 
137.5666 	 0 
137.5666 	 1 
137.7176 	 2 
137.7176 	 1 
137.8685 	 2 
137.8801 	 0 
137.8801 	 1 
138.0078 	 2 
138.1820 	 2 
138.1936 	 1 
138.1936 	 0 
138.3445 	 2 
138.3445 	 1 
138.3561 	 0 
138.4954 	 2 
138.5070 	 1 
138.5070 	 0 
138.6580 	 1 
138.6580 	 2 
138.6696 	 0 
138.8205 	 0 
138.8205 	 1 
138.8205 	 2 
138.9598 	 2 
138.9830 	 1 
138.9830 	 0 
139.1340 	 2 
139.1340 	 0 
139.1340 	 1 
139.2965 	 2 
139.4358 	 2 
139.4590 	 1 
139.4590 	 0 
139.6100 	 2 
139.6100 	 0 
139.6216 	 1 
139.7609 	 2 
139.7725 	 1 
139.7725 	 0 
140.0860 	 1 
140.0860 	 0 
140.0860 	 2 
140.2369 	 2 
140.2369 	 0 
140.2485 	 1 
140.3995 	 1 
140.3995 	 2 
140.3995 	 0 
140.7013 	 2 
140.7129 	 1 
140.8639 	 2 
140.8755 	 1 
141.0264 	 1 
141.0264 	 2 
141.3283 	 2 
141.3515 	 1 
141.4908 	 2 
141.6649 	 1 
141.6649 	 2 
141.6649 	 0 
141.8275 	 2 
141.9784 	 1 
141.9784 	 0 
141.9784 	 2 
142.1293 	 2 
142.1410 	 1 
142.1410 	 0 
142.2919 	 0 
142.2919 	 2 
142.3035 	 1 
142.6054 	 2 
142.6170 	 1 
142.6170 	 0 
142.7679 	 2 
142.7679 	 1 
142.7679 	 0 
142.9304 	 2 
142.9304 	 1 
142.9304 	 0 
143.2439 	 2 
143.2439 	 1 
143.2439 	 0 
143.3948 	 2 
143.4064 	 0 
143.4064 	 1 
143.5574 	 0 
143.5574 	 1 
143.5574 	 2 
143.6851 	 2 
143.6967 	 1 
143.8128 	 2 
143.8128 	 1 
143.8824 	 2 
144.1379 	 2 
144.1959 	 1 
144.1959 	 2 
144.1959 	 0 
144.4397 	 1 
144.4397 	 2 
144.5210 	 2 
144.6603 	 0 
144.6603 	 2 
144.6719 	 1 
144.7996 	 1 
144.8229 	 2 
145.1015 	 2 
145.1247 	 1 
145.1363 	 0 
145.1363 	 2 
145.4498 	 1 
145.4498 	 0 
145.4614 	 2 
145.6007 	 2 
145.7633 	 0 
145.7633 	 2 
145.7749 	 1 
145.9258 	 2 
145.9258 	 1 
146.0767 	 2 
146.0883 	 0 
146.0883 	 1 
146.3902 	 2 
146.4134 	 1 
146.5527 	 2 
146.5527 	 1 
146.7153 	 2 
146.7153 	 0 
146.7269 	 1 
146.8778 	 2 
147.0288 	 2 
147.0404 	 1 
147.1797 	 0 
147.1913 	 1 
147.1913 	 2 
147.3422 	 1 
147.3422 	 2 
147.6557 	 0 
147.6673 	 2 
147.6673 	 1 
147.8182 	 0 
147.8182 	 2 
147.8298 	 1 
147.9808 	 1 
147.9808 	 2 
147.9808 	 0 
148.2942 	 1 
148.2942 	 2 
148.2942 	 0 
148.4568 	 1 
148.4568 	 0 
148.6077 	 0 
148.6077 	 2 
148.6077 	 1 
148.7702 	 2 
148.7702 	 1 
148.7702 	 0 
148.9328 	 0 
148.9328 	 1 
148.9328 	 2 
149.0837 	 1 
149.0837 	 2 
149.2346 	 2 
149.2463 	 0 
149.2463 	 1 
149.3972 	 2 
149.4320 	 2 
149.5597 	 1 
149.5597 	 2 
149.7107 	 2 
149.7107 	 0 
149.7223 	 1 
149.8732 	 2 
149.8732 	 1 
149.8732 	 0 
150.1867 	 0 
150.1867 	 2 
150.1983 	 1 
150.3376 	 2 
150.5001 	 2 
150.8252 	 2 
150.8252 	 0 
150.8252 	 1 
150.9761 	 0 
150.9878 	 1 
151.1271 	 2 
151.1387 	 1 
151.2780 	 2 
151.4405 	 2 
151.6031 	 2 
151.6147 	 1 
151.7656 	 0 
151.7656 	 2 
151.7772 	 1 
152.0791 	 2 
152.0791 	 1 
152.0791 	 0 
152.2300 	 2 
152.2416 	 0 
152.2416 	 1 
152.3577 	 2 
152.3577 	 1 
152.4158 	 0 
152.4158 	 2 
152.4158 	 1 
152.7176 	 0 
152.7176 	 2 
152.7176 	 1 
152.8686 	 2 
152.8802 	 0 
152.8802 	 1 
153.0311 	 0 
153.0311 	 1 
153.0311 	 2 
153.3446 	 1 
153.3446 	 0 
153.3446 	 2 
153.5071 	 2 
153.5071 	 0 
153.5071 	 1 
153.6580 	 2 
153.6580 	 0 
153.6697 	 1 
153.9715 	 2 
153.9831 	 1 
154.1341 	 2 
154.2966 	 0 
154.2966 	 1 
154.2966 	 2 
154.6101 	 0 
154.6101 	 1 
154.6101 	 2 
154.7726 	 1 
154.7726 	 0 
154.7726 	 2 
154.9235 	 2 
154.9235 	 0 
154.9351 	 1 
155.2486 	 2 
155.2486 	 1 
155.2486 	 0 
155.3995 	 1 
155.3995 	 0 
155.3995 	 2 
155.5505 	 2 
155.5621 	 1 
155.5621 	 0 
155.8639 	 2 
155.8756 	 0 
155.8756 	 1 
156.0265 	 2 
156.0381 	 1 
156.1774 	 2 
156.1890 	 0 
156.1890 	 1 
156.4909 	 2 
156.4909 	 1 
156.8276 	 0 
156.8276 	 1 
156.8276 	 2 
156.9669 	 2 
157.1294 	 2 
157.1410 	 1 
157.2920 	 2 
157.2920 	 0 
157.2920 	 1 
157.4545 	 2 
157.4545 	 1 
157.4545 	 0 
157.7680 	 1 
157.7680 	 0 
157.7680 	 2 
157.9073 	 2 
157.9305 	 1 
157.9305 	 0 
158.0815 	 0 
158.0815 	 2 
158.0931 	 1 
158.3949 	 2 
158.4065 	 1 
158.4065 	 0 
158.5575 	 0 
158.5575 	 2 
158.5691 	 1 
158.7084 	 2 
158.7200 	 0 
158.7200 	 1 
158.8709 	 1 
158.8709 	 0 
158.8709 	 2 
159.0219 	 2 
159.0335 	 1 
159.0335 	 0 
159.1844 	 1 
159.1844 	 2 
159.1960 	 0 
159.3469 	 0 
159.3469 	 1 
159.3469 	 2 
159.6604 	 1 
159.6604 	 0 
159.6604 	 2 
159.8229 	 2 
159.8229 	 0 
159.8229 	 1 
159.9739 	 2 
159.9855 	 0 
159.9855 	 1 
160.2873 	 2 
160.2990 	 1 
160.2990 	 0 
161.4600 	 2 
161.8779 	 0 
161.8779 	 2 
161.8779 	 1 
162.0056 	 1 
162.0405 	 2 
162.1914 	 1 
162.1914 	 2 
162.3423 	 2 
162.3539 	 0 
162.3539 	 1 
162.4932 	 1 
162.5049 	 2 
162.8183 	 2 
162.8183 	 0 
162.8299 	 1 
162.9693 	 2 
163.0621 	 1 
163.1550 	 2 
163.1550 	 1 
163.4569 	 2 
163.4569 	 1 
163.4569 	 0 
163.6078 	 2 
163.7703 	 2 
163.7703 	 1 
163.7703 	 0 
164.0838 	 2 
164.0838 	 1 
164.4089 	 1 
164.4089 	 2 
164.4089 	 0 
164.7224 	 2 
164.8617 	 2 
164.8733 	 1 
164.8733 	 0 
165.0358 	 0 
165.0358 	 1 
165.0358 	 2 
165.3493 	 0 
165.3493 	 1 
165.3493 	 2 
165.5002 	 2 
165.6628 	 2 
165.6744 	 0 
165.6744 	 1 
165.9762 	 0 
165.9878 	 1 
165.9878 	 2 
166.1272 	 2 
166.1388 	 0 
166.1388 	 1 
166.3013 	 1 
166.3013 	 2 
166.3013 	 0 
166.5916 	 2 
166.9283 	 1 
166.9283 	 2 
166.9283 	 0 
167.0676 	 2 
167.2301 	 2 
167.2301 	 1 
167.4043 	 1 
167.4043 	 2 
167.5552 	 2 
167.8571 	 2 
167.8687 	 1 
167.8803 	 0 
168.1937 	 1 
168.1937 	 2 
168.5072 	 1 
168.5072 	 0 
168.5072 	 2 
168.6581 	 2 
168.6581 	 0 
168.6698 	 1 
168.8207 	 2 
168.8323 	 1 
168.9716 	 2 
168.9716 	 0 
168.9832 	 1 
169.1341 	 2 
169.1341 	 0 
169.1458 	 1 
169.2851 	 2 
169.2967 	 1 
169.4476 	 2 
169.4592 	 1 
169.4592 	 0 
169.6102 	 2 
169.6218 	 1 
169.7611 	 2 
169.7727 	 1 
169.7727 	 0 
169.9236 	 2 
169.9352 	 1 
169.9352 	 0 
170.0746 	 2 
170.0862 	 1 
170.0978 	 0 
170.2835 	 1 
170.3996 	 1 
170.3996 	 0 
170.3996 	 2 
170.5506 	 2 
170.5506 	 1 
170.7131 	 1 
170.7131 	 2 
170.8640 	 2 
171.0266 	 0 
171.0266 	 2 
171.0266 	 1 
171.1775 	 2 
171.1891 	 0 
171.1891 	 1 
171.3400 	 2 
171.3517 	 0 
171.3517 	 1 
171.6535 	 1 
171.6535 	 2 
171.8161 	 2 
171.9786 	 0 
171.9786 	 1 
171.9786 	 2 
172.2921 	 0 
172.3037 	 2 
172.3037 	 1 
172.4546 	 1 
172.4546 	 2 
172.4546 	 0 
172.6055 	 0 
172.6055 	 2 
172.6171 	 1 
172.9306 	 1 
172.9306 	 2 
172.9306 	 0 
173.0699 	 0 
173.0815 	 1 
173.0815 	 2 
173.5576 	 1 
173.5576 	 0 
173.5576 	 2 
173.7201 	 2 
173.8710 	 2 
173.8826 	 1 
174.4631 	 2 
174.5096 	 0 
174.5096 	 1 
174.5096 	 2 
174.6489 	 2 
174.8114 	 2 
174.9856 	 1 
174.9856 	 2 
174.9856 	 0 
175.1365 	 1 
175.1365 	 2 
175.1365 	 0 
175.4500 	 2 
175.4500 	 0 
175.4616 	 1 
175.6357 	 1 
175.6590 	 2 
175.7867 	 1 
175.7867 	 2 
176.0885 	 0 
176.0885 	 1 
176.0885 	 2 
176.2395 	 2 
176.2511 	 1 
176.4020 	 1 
176.4020 	 2 
176.4020 	 0 
176.7155 	 1 
176.7271 	 2 
176.8780 	 2 
176.8896 	 1 
177.0289 	 2 
177.0405 	 1 
177.0405 	 0 
177.3424 	 2 
177.3540 	 1 
177.5049 	 2 
177.5049 	 1 
177.5049 	 0 
177.6559 	 0 
177.6559 	 2 
177.6675 	 1 
177.9810 	 1 
177.9810 	 0 
177.9810 	 2 
178.1319 	 2 
178.3060 	 1 
178.3060 	 2 
178.6079 	 2 
178.6079 	 0 
178.6195 	 1 
178.7704 	 2 
178.7704 	 0 
178.7704 	 1 
178.9330 	 2 
178.9330 	 1 
178.9330 	 0 
179.0839 	 2 
179.0839 	 0 
179.0839 	 1 
179.2464 	 2 
179.2464 	 1 
179.2464 	 0 
179.3974 	 1 
179.3974 	 2 
179.5599 	 2 
179.5599 	 1 
179.5599 	 0 
179.7108 	 2 
179.8734 	 0 
179.8734 	 2 
179.8850 	 1 
180.0359 	 0 
180.0359 	 2 
180.0359 	 1 
180.1868 	 2 
180.1868 	 0 
180.1868 	 1 
180.5003 	 0 
180.5003 	 2 
180.5119 	 1 
180.6629 	 1 
180.6629 	 0 
180.6629 	 2 
180.8254 	 1 
180.8254 	 0 
180.8254 	 2 
180.9763 	 2 
181.1389 	 1 
181.1389 	 2 
181.2898 	 2 
181.3014 	 1 
181.4639 	 1 
181.4639 	 2 
181.7542 	 1 
181.7658 	 2 
181.9283 	 1 
181.9283 	 2 
182.0909 	 0 
182.0909 	 2 
182.0909 	 1 
182.3927 	 2 
182.4044 	 1 
182.4044 	 0 
182.5553 	 2 
182.5669 	 1 
182.5669 	 0 
182.7178 	 0 
182.7178 	 2 
182.7178 	 1 
183.0313 	 1 
183.0313 	 2 
183.0429 	 0 
183.1938 	 2 
183.1938 	 1 
183.1938 	 0 
183.3448 	 1 
183.3448 	 2 
183.3448 	 0 
183.5421 	 2 
183.6582 	 0 
183.6582 	 2 
183.6698 	 1 
183.8092 	 2 
183.8672 	 2 
183.8904 	 1 
183.9833 	 2 
183.9833 	 1 
184.1110 	 2 
184.2968 	 2 
184.2968 	 1 
184.4361 	 2 
184.6102 	 2 
184.6102 	 0 
184.6219 	 1 
184.7612 	 2 
184.9353 	 1 
184.9353 	 2 
185.0863 	 1 
185.0863 	 2 
185.0863 	 0 
185.2372 	 2 
185.2372 	 0 
185.2488 	 1 
185.5623 	 2 
185.5623 	 1 
185.5623 	 0 
185.7132 	 1 
185.7248 	 2 
185.8757 	 2 
185.8873 	 1 
186.1892 	 0 
186.1892 	 1 
186.1892 	 2 
186.3517 	 1 
186.3517 	 2 
186.5143 	 1 
186.5143 	 2 
186.5143 	 0 
186.8161 	 2 
186.8278 	 1 
186.9787 	 2 
186.9787 	 1 
187.1412 	 2 
187.1412 	 0 
187.1412 	 1 
187.2573 	 2 
187.4431 	 1 
187.4547 	 2 
187.6056 	 1 
187.6172 	 2 
187.6172 	 0 
187.7682 	 1 
187.7798 	 2 
188.0932 	 2 
188.0932 	 1 
188.2442 	 2 
188.2442 	 1 
188.3951 	 2 
188.7202 	 1 
188.7202 	 0 
188.7202 	 2 
189.0337 	 2 
189.0453 	 1 
189.1846 	 2 
189.1846 	 1 
189.1962 	 0 
189.3355 	 2 
189.3471 	 1 
189.4980 	 2 
189.5097 	 1 
189.6606 	 2 
189.6722 	 1 
189.6722 	 0 
189.9741 	 2 
189.9857 	 1 
190.1366 	 2 
190.1366 	 1 
190.1366 	 0 
190.2991 	 1 
190.2991 	 0 
190.2991 	 2 
190.6126 	 1 
190.6126 	 0 
190.6126 	 2 
190.7635 	 2 
190.7635 	 1 
190.7751 	 0 
190.9261 	 1 
190.9261 	 2 
191.2395 	 1 
191.2512 	 0 
191.2512 	 2 
191.4021 	 1 
191.5762 	 2 
191.5762 	 1 
191.5762 	 0 
192.1916 	 2 
192.1916 	 1 
192.1916 	 0 
192.6560 	 1 
192.6676 	 2 
192.6676 	 0 
192.8301 	 1 
192.8417 	 0 
192.8417 	 2 
193.1436 	 2 
193.4454 	 1 
193.7705 	 1 
193.7705 	 2 
194.0840 	 1 
194.1072 	 2 
194.7225 	 2 
195.1869 	 1 
195.3495 	 1 
195.3727 	 2 
195.9880 	 1 
196.3015 	 1 
196.6150 	 1 
196.6266 	 2 
