0.2554 	 0 
0.2554 	 1 
0.2554 	 2 
0.7314 	 0 
0.7314 	 2 
0.7314 	 1 
0.9636 	 1 
0.9636 	 2 
0.9868 	 2 
1.2074 	 1 
1.2074 	 0 
1.2074 	 2 
1.4396 	 2 
1.4512 	 1 
1.6834 	 2 
1.6951 	 1 
1.6951 	 0 
1.9156 	 0 
1.9156 	 1 
1.9156 	 2 
2.1595 	 2 
2.1595 	 0 
2.1595 	 1 
2.6355 	 0 
2.6355 	 2 
2.6355 	 1 
2.8677 	 0 
2.8677 	 2 
2.8677 	 1 
2.8909 	 2 
3.1115 	 2 
3.1115 	 0 
3.1115 	 1 
3.3437 	 2 
3.3553 	 1 
3.5875 	 2 
3.5991 	 1 
3.5991 	 0 
3.8197 	 0 
3.8197 	 1 
3.8197 	 2 
4.0635 	 2 
4.0635 	 1 
4.0635 	 0 
4.5395 	 2 
4.5395 	 1 
4.5395 	 0 
4.7717 	 0 
4.7717 	 1 
4.7717 	 2 
4.7949 	 2 
5.0155 	 0 
5.0155 	 1 
5.0155 	 2 
5.2477 	 2 
5.2477 	 1 
5.2709 	 2 
5.4915 	 2 
5.5031 	 1 
5.5031 	 0 
5.7237 	 1 
5.7237 	 2 
5.7237 	 0 
5.9675 	 2 
5.9675 	 1 
5.9791 	 0 
6.4435 	 2 
6.4435 	 1 
6.4435 	 0 
6.6757 	 2 
6.6757 	 0 
6.6873 	 1 
6.6990 	 2 
6.9195 	 2 
6.9195 	 1 
6.9312 	 0 
7.1517 	 1 
7.1517 	 2 
7.1750 	 2 
7.3956 	 2 
7.4072 	 0 
7.4072 	 1 
7.6278 	 0 
7.6278 	 1 
7.6278 	 2 
7.8716 	 2 
7.8832 	 1 
7.8832 	 0 
8.3476 	 2 
8.3592 	 1 
8.3592 	 0 
8.5798 	 0 
8.5798 	 2 
8.5914 	 1 
8.6030 	 2 
8.8236 	 2 
8.8236 	 1 
8.8352 	 0 
9.0558 	 2 
9.0674 	 1 
9.3112 	 1 
9.3112 	 0 
9.3112 	 2 
9.5318 	 1 
9.5318 	 0 
9.5318 	 2 
9.7756 	 2 
9.7872 	 0 
9.7872 	 1 
10.2516 	 2 
10.2632 	 1 
10.2632 	 0 
10.4838 	 2 
10.4838 	 0 
10.4954 	 1 
10.5070 	 2 
10.7276 	 2 
10.7392 	 1 
10.7392 	 0 
10.9598 	 2 
10.9714 	 1 
11.2152 	 1 
11.2152 	 0 
11.2152 	 2 
11.4358 	 2 
11.4358 	 0 
11.4474 	 1 
11.6796 	 2 
11.6912 	 0 
11.6912 	 1 
12.1556 	 2 
12.1673 	 1 
12.1673 	 0 
12.3878 	 2 
12.3878 	 0 
12.3995 	 1 
12.4111 	 2 
12.6317 	 2 
12.6433 	 0 
12.6433 	 1 
12.8639 	 2 
12.8755 	 1 
13.1193 	 0 
13.1193 	 1 
13.1193 	 2 
13.3399 	 2 
13.3399 	 0 
13.3515 	 1 
13.5837 	 2 
13.5953 	 0 
13.5953 	 1 
14.0597 	 2 
14.0713 	 0 
14.0713 	 1 
14.2919 	 2 
14.2919 	 0 
14.3035 	 1 
14.3151 	 2 
14.5473 	 0 
14.5473 	 2 
14.5473 	 1 
14.7911 	 1 
15.0233 	 0 
15.0233 	 2 
15.0233 	 1 
15.2439 	 2 
15.2439 	 0 
15.2555 	 1 
15.4877 	 2 
15.4993 	 0 
15.4993 	 1 
15.7199 	 2 
15.7431 	 1 
15.9637 	 2 
15.9753 	 1 
15.9753 	 0 
16.2075 	 1 
16.2075 	 0 
16.2191 	 2 
16.4513 	 1 
16.4513 	 2 
16.4513 	 0 
16.6951 	 1 
16.9273 	 0 
16.9273 	 2 
16.9273 	 1 
17.1479 	 0 
17.1479 	 2 
17.1595 	 1 
17.4034 	 2 
17.4034 	 1 
17.4034 	 0 
17.6239 	 2 
17.6472 	 1 
17.8678 	 2 
17.8794 	 1 
17.8794 	 0 
18.1116 	 1 
18.1116 	 0 
18.1116 	 2 
18.3554 	 1 
18.3554 	 0 
18.3554 	 2 
18.5992 	 1 
18.8314 	 0 
18.8314 	 2 
18.8314 	 1 
19.0520 	 2 
19.0636 	 0 
19.0636 	 1 
19.3074 	 0 
19.3074 	 2 
19.3074 	 1 
19.5280 	 2 
19.5512 	 1 
19.7834 	 0 
19.7834 	 2 
19.7834 	 1 
20.0156 	 1 
20.0156 	 0 
20.0156 	 2 
20.2594 	 0 
20.2594 	 2 
20.2594 	 1 
20.7354 	 0 
20.7354 	 2 
20.7354 	 1 
20.9676 	 0 
20.9676 	 2 
20.9676 	 1 
21.2114 	 0 
21.2114 	 2 
21.2114 	 1 
21.4320 	 2 
21.4552 	 1 
21.6874 	 1 
21.6874 	 0 
21.6874 	 2 
21.9196 	 2 
21.9196 	 1 
21.9196 	 0 
22.1634 	 0 
22.1634 	 2 
22.1634 	 1 
22.3956 	 1 
22.3956 	 2 
22.6395 	 1 
22.6395 	 2 
22.6395 	 0 
22.8717 	 0 
22.8717 	 1 
22.8717 	 2 
23.1155 	 1 
23.1155 	 2 
23.1155 	 0 
23.3593 	 1 
23.5915 	 1 
23.5915 	 0 
23.5915 	 2 
23.8237 	 2 
23.8237 	 0 
23.8237 	 1 
24.0675 	 2 
24.0675 	 1 
24.0675 	 0 
24.2997 	 1 
24.2997 	 2 
24.5435 	 1 
24.5435 	 2 
24.5435 	 0 
24.7757 	 0 
24.7757 	 1 
24.7757 	 2 
25.0195 	 2 
25.0195 	 0 
25.0195 	 1 
25.2633 	 1 
25.4955 	 0 
25.4955 	 2 
25.4955 	 1 
25.7277 	 1 
25.7277 	 2 
25.7277 	 0 
25.7509 	 2 
25.9715 	 2 
25.9715 	 0 
25.9715 	 1 
26.2037 	 1 
26.2037 	 2 
26.4475 	 0 
26.4475 	 2 
26.4475 	 1 
26.6797 	 2 
26.6797 	 0 
26.6913 	 1 
26.9235 	 0 
26.9235 	 2 
26.9235 	 1 
27.1673 	 1 
27.3995 	 2 
27.3995 	 1 
27.3995 	 0 
27.6317 	 1 
27.6317 	 0 
27.6317 	 2 
27.6550 	 2 
27.8756 	 2 
27.8756 	 0 
27.8756 	 1 
28.1078 	 1 
28.1078 	 2 
28.3516 	 0 
28.3516 	 2 
28.3516 	 1 
28.5838 	 0 
28.5838 	 2 
28.5954 	 1 
28.8276 	 1 
28.8276 	 0 
28.8276 	 2 
29.0714 	 1 
29.3036 	 2 
29.3036 	 0 
29.3036 	 1 
29.5358 	 2 
29.5358 	 0 
29.5358 	 1 
29.5590 	 2 
29.7796 	 1 
29.7796 	 0 
29.7796 	 2 
30.0118 	 2 
30.0118 	 1 
30.2556 	 0 
30.2556 	 2 
30.2556 	 1 
30.4878 	 2 
30.4878 	 0 
30.4994 	 1 
30.7316 	 2 
30.7316 	 0 
30.7316 	 1 
30.9754 	 1 
31.2076 	 0 
31.2076 	 2 
31.2076 	 1 
31.4398 	 0 
31.4398 	 2 
31.4398 	 1 
31.4630 	 2 
31.6836 	 2 
31.6836 	 1 
31.6836 	 0 
31.9158 	 2 
31.9274 	 1 
31.9390 	 2 
32.1596 	 2 
32.1712 	 1 
32.1712 	 0 
32.3918 	 2 
32.3918 	 0 
32.4034 	 1 
32.6356 	 0 
32.6356 	 1 
32.6356 	 2 
32.8678 	 2 
32.8795 	 1 
33.1117 	 1 
33.1117 	 0 
33.1117 	 2 
33.3439 	 1 
33.3439 	 2 
33.3439 	 0 
33.3671 	 2 
33.5877 	 2 
33.5877 	 1 
33.5877 	 0 
33.8199 	 2 
33.8199 	 1 
33.8431 	 2 
34.0637 	 2 
34.0637 	 1 
34.0753 	 0 
34.2959 	 0 
34.2959 	 2 
34.3075 	 1 
34.5397 	 0 
34.5397 	 2 
34.5397 	 1 
34.7719 	 0 
34.7719 	 2 
34.7835 	 1 
34.7951 	 2 
35.0157 	 0 
35.0157 	 2 
35.0157 	 1 
35.2479 	 2 
35.2479 	 0 
35.2595 	 1 
35.2711 	 2 
35.4917 	 1 
35.4917 	 0 
35.4917 	 2 
35.7239 	 1 
35.7239 	 2 
35.7471 	 2 
35.9677 	 2 
35.9793 	 1 
35.9793 	 0 
36.1999 	 2 
36.1999 	 0 
36.2115 	 1 
36.4437 	 2 
36.4437 	 1 
36.4437 	 0 
36.6875 	 1 
36.9197 	 1 
36.9197 	 0 
36.9197 	 2 
37.1519 	 0 
37.1519 	 2 
37.1635 	 1 
37.1751 	 2 
37.3957 	 1 
37.3957 	 2 
37.4073 	 0 
37.6279 	 2 
37.6395 	 1 
37.6512 	 2 
37.8717 	 2 
37.8834 	 0 
37.8834 	 1 
38.1039 	 0 
38.1039 	 2 
38.1156 	 1 
38.3478 	 2 
38.3478 	 1 
38.3594 	 0 
38.5800 	 2 
38.5916 	 1 
38.8238 	 2 
38.8354 	 0 
38.8354 	 1 
39.0560 	 2 
39.0560 	 0 
39.0676 	 1 
39.0792 	 2 
39.2998 	 1 
39.2998 	 2 
39.3114 	 0 
39.5320 	 2 
39.5436 	 1 
39.7758 	 2 
39.7874 	 1 
39.7874 	 0 
40.0080 	 0 
40.0080 	 2 
40.0196 	 1 
40.2518 	 2 
40.2634 	 0 
40.2634 	 1 
40.4956 	 1 
40.7278 	 2 
40.7394 	 0 
40.7394 	 1 
40.9600 	 2 
40.9600 	 0 
40.9716 	 1 
40.9832 	 2 
41.2038 	 2 
41.2154 	 0 
41.2154 	 1 
41.4360 	 2 
41.4476 	 1 
41.6914 	 1 
41.6914 	 2 
41.6914 	 0 
41.9120 	 2 
41.9236 	 1 
41.9236 	 0 
42.1558 	 2 
42.1674 	 1 
42.1674 	 0 
42.3880 	 2 
42.4112 	 1 
42.6434 	 1 
42.6434 	 2 
42.6434 	 0 
42.8640 	 2 
42.8640 	 0 
42.8756 	 1 
42.8873 	 2 
43.1078 	 2 
43.1195 	 0 
43.1195 	 1 
43.3400 	 2 
43.3517 	 1 
43.5839 	 2 
43.5955 	 0 
43.5955 	 1 
43.8161 	 0 
43.8161 	 2 
43.8277 	 1 
43.9438 	 0 
43.9554 	 2 
43.9554 	 1 
44.0715 	 2 
44.0715 	 0 
44.0715 	 1 
44.2921 	 0 
44.2921 	 2 
44.3037 	 1 
44.5359 	 2 
44.5359 	 0 
44.5475 	 1 
44.7797 	 1 
44.7797 	 0 
44.7913 	 2 
45.2557 	 0 
45.2557 	 1 
45.2673 	 2 
45.4879 	 2 
45.4879 	 0 
45.4995 	 1 
45.7317 	 2 
45.7317 	 1 
45.7317 	 0 
45.8478 	 0 
45.8478 	 2 
45.8478 	 1 
45.9639 	 1 
45.9755 	 2 
45.9755 	 0 
46.2077 	 2 
46.2077 	 1 
46.2077 	 0 
46.4515 	 2 
46.4515 	 1 
46.4515 	 0 
46.6837 	 2 
46.6837 	 1 
46.6953 	 0 
46.9275 	 1 
46.9275 	 2 
46.9275 	 0 
47.0436 	 1 
47.0436 	 2 
47.0436 	 0 
47.1597 	 1 
47.1597 	 0 
47.1597 	 2 
47.2874 	 2 
47.4035 	 1 
47.4035 	 0 
47.4035 	 2 
47.6357 	 1 
47.6357 	 0 
47.6357 	 2 
47.8795 	 1 
47.8795 	 0 
47.8795 	 2 
47.9840 	 2 
48.1117 	 2 
48.1117 	 0 
48.1117 	 1 
48.2395 	 2 
48.3556 	 0 
48.3556 	 1 
48.3556 	 2 
48.5878 	 1 
48.5878 	 2 
48.5994 	 0 
48.8316 	 2 
48.8316 	 0 
48.8316 	 1 
48.9477 	 2 
48.9477 	 0 
48.9477 	 1 
49.0638 	 2 
49.0638 	 0 
49.0638 	 1 
49.3076 	 0 
49.3076 	 1 
49.3076 	 2 
49.5398 	 1 
49.5398 	 2 
49.5398 	 0 
49.6559 	 0 
49.6675 	 2 
49.6675 	 1 
49.7836 	 0 
49.7836 	 2 
49.7836 	 1 
49.8881 	 2 
49.9113 	 1 
50.0158 	 1 
50.0158 	 0 
50.0158 	 2 
50.1435 	 2 
50.2596 	 0 
50.2596 	 1 
50.2596 	 2 
50.4918 	 1 
50.4918 	 2 
50.5034 	 0 
50.7356 	 0 
50.7356 	 1 
50.7356 	 2 
50.8517 	 1 
50.8517 	 2 
50.8633 	 0 
50.9678 	 0 
50.9678 	 2 
50.9678 	 1 
51.2116 	 0 
51.2116 	 2 
51.2116 	 1 
51.4438 	 2 
51.4438 	 1 
51.4554 	 0 
51.6876 	 2 
51.6876 	 1 
51.6876 	 0 
51.8153 	 1 
51.9198 	 2 
51.9198 	 1 
51.9198 	 0 
52.1636 	 1 
52.1636 	 2 
52.1636 	 0 
52.3958 	 1 
52.3958 	 2 
52.3958 	 0 
52.6396 	 0 
52.6396 	 2 
52.6396 	 1 
52.7557 	 1 
52.7557 	 2 
52.8718 	 1 
52.8718 	 2 
52.8718 	 0 
53.1156 	 2 
53.1156 	 0 
53.1156 	 1 
53.2317 	 2 
53.3478 	 2 
53.3478 	 1 
53.3478 	 0 
53.5917 	 1 
53.5917 	 0 
53.5917 	 2 
53.6961 	 2 
53.7194 	 1 
53.8239 	 2 
53.8239 	 1 
53.8355 	 0 
54.0677 	 1 
54.0677 	 0 
54.0677 	 2 
54.1954 	 2 
54.2999 	 1 
54.3115 	 0 
54.3115 	 2 
54.5437 	 0 
54.5437 	 1 
54.5437 	 2 
54.6598 	 2 
54.6598 	 0 
54.6714 	 1 
54.7759 	 0 
54.7759 	 1 
54.7759 	 2 
55.0197 	 1 
55.0197 	 2 
55.0197 	 0 
55.2519 	 2 
55.2519 	 1 
55.2635 	 0 
55.3796 	 0 
55.3796 	 2 
55.3796 	 1 
55.4957 	 0 
55.4957 	 2 
55.4957 	 1 
55.6002 	 2 
55.6234 	 1 
55.7279 	 1 
55.7279 	 0 
55.7279 	 2 
55.8556 	 2 
55.9717 	 1 
55.9717 	 2 
55.9717 	 0 
56.2039 	 1 
56.2039 	 2 
56.2155 	 0 
56.4477 	 1 
56.4477 	 2 
56.4477 	 0 
56.5638 	 1 
56.5638 	 2 
56.5638 	 0 
56.6799 	 2 
56.6799 	 1 
56.6799 	 0 
56.9237 	 0 
56.9237 	 2 
56.9237 	 1 
57.1559 	 0 
57.1559 	 2 
57.1559 	 1 
57.3997 	 1 
57.3997 	 0 
57.3997 	 2 
57.6319 	 0 
57.6319 	 2 
57.6319 	 1 
57.8757 	 2 
57.8873 	 1 
57.8873 	 0 
58.1079 	 1 
58.1079 	 2 
58.1195 	 0 
58.3517 	 1 
58.3517 	 0 
58.3517 	 2 
58.4795 	 0 
58.4795 	 2 
58.4795 	 1 
58.5839 	 1 
58.5839 	 0 
58.5956 	 2 
58.8278 	 0 
58.8278 	 1 
58.8278 	 2 
59.0600 	 1 
59.0716 	 2 
59.0716 	 0 
59.3038 	 1 
59.3038 	 2 
59.3038 	 0 
59.5360 	 2 
59.5476 	 1 
59.5476 	 0 
59.7798 	 1 
59.7798 	 2 
59.7798 	 0 
60.0120 	 2 
60.0236 	 1 
60.0236 	 0 
60.2558 	 2 
60.2558 	 1 
60.2558 	 0 
60.3719 	 2 
60.3719 	 0 
60.3835 	 1 
60.4880 	 0 
60.4880 	 1 
60.4996 	 2 
60.7318 	 2 
60.7318 	 0 
60.7318 	 1 
60.9640 	 1 
60.9640 	 0 
60.9756 	 2 
61.0917 	 2 
61.0917 	 1 
61.2078 	 2 
61.2078 	 0 
61.2078 	 1 
61.4400 	 0 
61.4516 	 2 
61.4516 	 1 
61.6838 	 2 
61.6838 	 1 
61.6954 	 0 
61.9276 	 2 
61.9276 	 0 
61.9276 	 1 
62.1598 	 0 
62.1598 	 1 
62.1598 	 2 
62.2875 	 2 
62.2875 	 1 
62.2875 	 0 
62.3920 	 0 
62.4036 	 1 
62.4036 	 2 
62.6358 	 0 
62.6358 	 1 
62.6358 	 2 
62.8796 	 0 
62.8796 	 1 
62.8796 	 2 
63.1118 	 0 
63.1118 	 1 
63.1118 	 2 
63.2163 	 2 
63.3440 	 2 
63.3556 	 1 
63.3556 	 0 
63.5878 	 1 
63.5878 	 0 
63.5878 	 2 
63.8200 	 0 
63.8317 	 2 
63.8317 	 1 
64.0639 	 2 
64.0639 	 1 
64.0755 	 0 
64.1800 	 0 
64.1800 	 2 
64.1916 	 1 
64.2961 	 0 
64.3077 	 1 
64.3077 	 2 
64.5399 	 2 
64.5399 	 1 
64.5515 	 0 
64.7721 	 2 
64.7837 	 1 
64.7837 	 0 
65.0159 	 2 
65.0159 	 1 
65.0159 	 0 
65.1204 	 2 
65.2481 	 2 
65.2597 	 1 
65.4919 	 2 
65.4919 	 1 
65.5035 	 0 
65.7357 	 1 
65.7357 	 2 
65.7357 	 0 
65.9679 	 0 
65.9679 	 1 
65.9679 	 2 
66.0840 	 0 
66.0956 	 2 
66.0956 	 1 
66.2117 	 0 
66.2117 	 1 
66.2117 	 2 
66.4439 	 2 
66.4439 	 1 
66.4555 	 0 
66.6877 	 1 
66.6877 	 0 
66.6877 	 2 
66.8038 	 2 
66.8038 	 1 
66.9199 	 0 
66.9199 	 1 
66.9315 	 2 
67.0244 	 2 
67.1637 	 2 
67.1637 	 0 
67.1637 	 1 
67.2914 	 2 
67.3959 	 2 
67.4075 	 0 
67.4075 	 1 
67.6281 	 2 
67.6397 	 0 
67.6397 	 1 
67.8719 	 2 
67.8719 	 1 
67.8835 	 0 
67.9996 	 1 
67.9996 	 2 
68.1041 	 2 
68.1157 	 0 
68.1157 	 1 
68.3479 	 2 
68.3595 	 0 
68.3595 	 1 
68.5917 	 1 
68.5917 	 2 
68.5917 	 0 
68.8239 	 0 
68.8239 	 2 
68.8239 	 1 
69.0678 	 1 
69.0678 	 2 
69.0678 	 0 
69.3116 	 1 
69.3116 	 2 
69.3116 	 0 
69.5322 	 0 
69.5438 	 2 
69.5438 	 1 
69.7760 	 2 
69.7760 	 0 
69.7876 	 1 
69.8921 	 0 
69.9037 	 1 
69.9037 	 2 
70.0082 	 0 
70.0198 	 1 
70.0198 	 2 
70.2520 	 1 
70.2520 	 2 
70.2636 	 0 
70.4958 	 0 
70.4958 	 1 
70.4958 	 2 
70.7280 	 2 
70.7280 	 1 
70.7396 	 0 
70.9718 	 1 
70.9718 	 2 
70.9718 	 0 
71.0879 	 2 
71.2040 	 2 
71.2040 	 0 
71.2156 	 1 
71.4362 	 2 
71.4478 	 1 
71.4478 	 0 
71.6800 	 2 
71.6916 	 1 
71.6916 	 0 
71.8077 	 1 
71.8077 	 0 
71.8077 	 2 
71.9238 	 0 
71.9238 	 2 
71.9238 	 1 
72.1560 	 2 
72.1676 	 1 
72.1676 	 0 
72.3998 	 1 
72.3998 	 0 
72.3998 	 2 
72.5159 	 0 
72.5159 	 2 
72.5275 	 1 
72.6320 	 0 
72.6436 	 1 
72.6436 	 2 
72.8758 	 2 
72.8758 	 0 
72.8758 	 1 
73.1196 	 1 
73.1196 	 2 
73.1196 	 0 
73.3518 	 1 
73.3518 	 2 
73.3634 	 0 
73.5840 	 0 
73.5956 	 2 
73.5956 	 1 
73.7117 	 2 
73.7117 	 1 
73.7117 	 0 
73.8278 	 2 
73.8278 	 1 
73.8278 	 0 
74.0600 	 2 
74.0717 	 1 
74.0717 	 0 
74.3039 	 1 
74.3039 	 2 
74.3039 	 0 
74.5361 	 2 
74.5477 	 1 
74.5477 	 0 
74.7799 	 0 
74.7799 	 1 
74.7799 	 2 
74.9076 	 2 
75.0237 	 2 
75.0237 	 0 
75.0237 	 1 
75.2443 	 2 
75.2559 	 0 
75.2559 	 1 
75.4997 	 0 
75.4997 	 1 
75.4997 	 2 
75.6158 	 0 
75.6158 	 2 
75.6158 	 1 
75.7319 	 0 
75.7319 	 1 
75.7319 	 2 
75.9757 	 1 
75.9757 	 2 
75.9757 	 0 
76.2079 	 1 
76.2079 	 2 
76.2079 	 0 
76.4517 	 0 
76.4517 	 2 
76.4517 	 1 
76.5794 	 1 
76.6839 	 1 
76.6839 	 0 
76.6839 	 2 
76.9277 	 2 
76.9277 	 0 
76.9277 	 1 
77.1599 	 2 
77.1599 	 1 
77.1715 	 0 
77.2876 	 2 
77.4037 	 2 
77.4037 	 0 
77.4037 	 1 
77.5198 	 2 
77.5198 	 1 
77.6359 	 2 
77.6359 	 1 
77.6359 	 0 
77.8681 	 2 
77.8797 	 0 
77.8797 	 1 
78.1119 	 0 
78.1119 	 2 
78.1119 	 1 
78.2396 	 1 
78.2396 	 2 
78.3557 	 0 
78.3557 	 1 
78.3557 	 2 
78.5879 	 2 
78.5879 	 0 
78.5879 	 1 
78.8317 	 0 
78.8317 	 2 
78.8317 	 1 
79.0639 	 1 
79.0639 	 2 
79.0639 	 0 
79.3078 	 1 
79.3078 	 2 
79.3078 	 0 
79.4239 	 1 
79.4239 	 2 
79.4239 	 0 
79.5400 	 0 
79.5400 	 1 
79.5400 	 2 
79.7838 	 0 
79.7838 	 1 
79.7838 	 2 
80.0160 	 0 
80.0160 	 1 
80.0160 	 2 
80.2598 	 0 
80.2598 	 1 
80.2598 	 2 
80.4804 	 0 
80.4920 	 2 
80.4920 	 1 
80.6197 	 2 
80.7358 	 0 
80.7358 	 1 
80.7358 	 2 
80.9680 	 1 
80.9796 	 0 
80.9796 	 2 
81.2118 	 0 
81.2118 	 1 
81.2118 	 2 
81.3279 	 1 
81.3279 	 2 
81.4440 	 2 
81.4440 	 1 
81.4440 	 0 
81.6878 	 1 
81.6878 	 2 
81.6878 	 0 
81.9200 	 2 
81.9200 	 0 
81.9200 	 1 
82.1638 	 2 
82.1638 	 0 
82.1638 	 1 
82.2683 	 2 
82.3960 	 0 
82.3960 	 2 
82.3960 	 1 
82.6398 	 2 
82.6398 	 0 
82.6398 	 1 
82.8720 	 1 
82.8720 	 2 
82.8836 	 0 
83.1158 	 0 
83.1158 	 2 
83.1158 	 1 
83.2319 	 0 
83.2319 	 2 
83.2435 	 1 
83.3480 	 2 
83.3480 	 1 
83.3480 	 0 
83.5918 	 1 
83.5918 	 2 
83.6034 	 0 
83.8240 	 2 
83.8356 	 1 
83.8356 	 0 
83.9517 	 0 
83.9517 	 2 
83.9517 	 1 
84.0678 	 2 
84.0678 	 0 
84.0678 	 1 
84.3000 	 1 
84.3000 	 2 
84.3000 	 0 
84.4278 	 2 
84.5439 	 1 
84.5439 	 2 
84.5439 	 0 
84.7877 	 2 
84.7877 	 1 
84.7877 	 0 
85.0199 	 1 
85.0199 	 2 
85.0199 	 0 
85.1360 	 0 
85.1476 	 2 
85.1476 	 1 
85.2521 	 0 
85.2521 	 1 
85.2521 	 2 
85.4959 	 0 
85.4959 	 2 
85.4959 	 1 
85.7281 	 1 
85.7281 	 2 
85.7397 	 0 
85.9719 	 0 
85.9719 	 2 
85.9719 	 1 
86.2041 	 2 
86.2157 	 0 
86.2157 	 1 
86.4479 	 0 
86.4479 	 1 
86.4479 	 2 
86.6801 	 1 
86.6917 	 0 
86.6917 	 2 
86.9239 	 2 
86.9239 	 0 
86.9239 	 1 
87.0400 	 2 
87.0400 	 1 
87.0400 	 0 
87.1561 	 1 
87.1561 	 2 
87.1561 	 0 
87.3999 	 0 
87.3999 	 2 
87.3999 	 1 
87.6321 	 2 
87.6321 	 0 
87.6321 	 1 
87.8759 	 2 
87.8759 	 0 
87.8759 	 1 
88.1081 	 2 
88.1081 	 0 
88.1081 	 1 
88.2358 	 2 
88.3519 	 0 
88.3519 	 1 
88.3519 	 2 
88.4796 	 2 
88.5957 	 2 
88.5957 	 1 
88.5957 	 0 
88.7118 	 2 
88.8279 	 0 
88.8279 	 2 
88.8279 	 1 
88.9440 	 0 
88.9440 	 2 
88.9556 	 1 
89.0601 	 0 
89.0601 	 1 
89.0601 	 2 
89.3039 	 1 
89.3039 	 0 
89.3039 	 2 
89.5361 	 1 
89.5478 	 2 
89.5478 	 0 
89.6639 	 1 
89.6639 	 2 
89.7800 	 2 
89.7800 	 0 
89.7916 	 1 
90.0122 	 0 
90.0238 	 1 
90.0238 	 2 
90.2560 	 2 
90.2560 	 1 
90.2560 	 0 
90.4882 	 1 
90.4998 	 0 
90.4998 	 2 
90.7320 	 2 
90.7320 	 0 
90.7320 	 1 
90.8481 	 2 
90.9642 	 2 
90.9642 	 0 
90.9642 	 1 
91.2080 	 2 
91.2080 	 1 
91.2080 	 0 
91.4402 	 2 
91.4402 	 0 
91.4402 	 1 
91.6840 	 0 
91.6840 	 2 
91.6840 	 1 
91.9278 	 2 
91.9278 	 1 
91.9278 	 0 
92.1600 	 1 
92.1600 	 2 
92.1600 	 0 
92.4038 	 1 
92.4038 	 2 
92.4038 	 0 
92.6360 	 1 
92.6360 	 2 
92.6360 	 0 
92.7521 	 2 
92.7637 	 1 
92.8682 	 0 
92.8682 	 2 
92.8914 	 1 
93.1120 	 1 
93.1120 	 2 
93.1236 	 0 
93.3442 	 0 
93.3558 	 2 
93.3558 	 1 
93.5880 	 0 
93.5880 	 1 
93.5880 	 2 
93.6925 	 2 
93.8202 	 2 
93.8318 	 0 
93.8318 	 1 
94.0640 	 0 
94.0640 	 2 
94.0640 	 1 
94.3078 	 0 
94.3078 	 2 
94.3078 	 1 
94.5400 	 1 
94.5400 	 2 
94.5517 	 0 
94.6561 	 2 
94.6561 	 0 
94.6678 	 1 
94.7839 	 2 
94.7839 	 1 
94.7839 	 0 
95.0161 	 2 
95.0161 	 1 
95.0277 	 0 
95.2599 	 2 
95.2599 	 1 
95.2599 	 0 
95.3760 	 2 
95.3876 	 1 
95.4921 	 0 
95.4921 	 2 
95.5037 	 1 
95.7359 	 1 
95.7359 	 0 
95.7359 	 2 
95.8636 	 2 
95.9797 	 0 
95.9797 	 2 
95.9797 	 1 
96.2119 	 1 
96.2119 	 0 
96.2119 	 2 
96.4441 	 1 
96.4441 	 2 
96.4441 	 0 
96.5602 	 0 
96.5718 	 1 
96.5718 	 2 
96.6879 	 1 
96.6879 	 2 
96.6879 	 0 
96.9201 	 1 
96.9201 	 2 
96.9317 	 0 
97.1639 	 2 
97.1639 	 1 
97.1639 	 0 
97.3961 	 1 
97.3961 	 0 
97.3961 	 2 
97.5006 	 2 
97.6399 	 2 
97.6399 	 1 
97.6399 	 0 
97.8837 	 0 
97.8837 	 1 
97.8837 	 2 
98.1159 	 1 
98.1159 	 2 
98.1159 	 0 
98.3481 	 2 
98.3481 	 1 
98.3597 	 0 
98.4758 	 2 
98.4758 	 0 
98.4758 	 1 
98.5919 	 2 
98.5919 	 1 
98.5919 	 0 
98.8241 	 1 
98.8241 	 2 
98.8357 	 0 
99.0679 	 0 
99.0679 	 2 
99.0679 	 1 
99.3001 	 2 
99.3001 	 1 
99.3117 	 0 
99.4046 	 2 
99.5439 	 0 
99.5439 	 1 
99.5439 	 2 
99.7761 	 2 
99.7878 	 1 
99.7878 	 0 
100.0200 	 2 
100.0200 	 0 
100.0200 	 1 
100.2522 	 0 
100.2522 	 1 
100.2638 	 2 
100.3799 	 0 
100.3799 	 2 
100.3799 	 1 
100.4960 	 0 
100.4960 	 1 
100.4960 	 2 
100.7282 	 2 
100.7282 	 1 
100.7398 	 0 
100.9720 	 0 
100.9720 	 2 
100.9720 	 1 
101.0881 	 2 
101.0997 	 1 
101.2042 	 0 
101.2158 	 1 
101.2158 	 2 
101.4480 	 1 
101.4480 	 2 
101.4480 	 0 
101.6918 	 2 
101.6918 	 0 
101.6918 	 1 
101.9240 	 0 
101.9240 	 1 
101.9240 	 2 
102.1678 	 0 
102.1678 	 1 
102.1678 	 2 
102.2839 	 1 
102.2839 	 2 
102.2839 	 0 
102.3884 	 0 
102.4000 	 1 
102.4000 	 2 
102.6322 	 1 
102.6322 	 2 
102.6438 	 0 
102.8760 	 2 
102.8760 	 0 
102.8760 	 1 
103.1198 	 2 
103.1198 	 1 
103.1198 	 0 
103.2243 	 2 
103.3520 	 2 
103.3520 	 1 
103.3520 	 0 
103.4797 	 2 
103.5958 	 0 
103.5958 	 2 
103.5958 	 1 
103.8280 	 2 
103.8280 	 0 
103.8280 	 1 
104.0602 	 0 
104.0718 	 2 
104.0718 	 1 
104.1879 	 2 
104.1879 	 0 
104.1879 	 1 
104.3040 	 1 
104.3040 	 2 
104.3040 	 0 
104.4317 	 2 
104.5362 	 2 
104.5362 	 1 
104.5478 	 0 
104.7800 	 1 
104.7800 	 2 
104.7800 	 0 
104.8961 	 2 
105.0122 	 2 
105.0239 	 1 
105.0239 	 0 
105.2561 	 1 
105.2561 	 0 
105.2561 	 2 
105.4883 	 2 
105.4999 	 1 
105.4999 	 0 
105.7321 	 1 
105.7321 	 2 
105.7437 	 0 
105.9759 	 1 
105.9759 	 2 
105.9759 	 0 
106.0920 	 2 
106.0920 	 1 
106.0920 	 0 
106.2081 	 0 
106.2081 	 2 
106.2081 	 1 
106.4519 	 0 
106.4519 	 1 
106.4519 	 2 
106.6725 	 0 
106.6841 	 1 
106.6841 	 2 
106.8118 	 1 
106.8118 	 2 
106.9279 	 2 
106.9279 	 1 
106.9279 	 0 
107.1601 	 0 
107.1601 	 2 
107.1601 	 1 
107.2878 	 2 
107.4039 	 1 
107.4039 	 2 
107.4039 	 0 
107.6361 	 1 
107.6361 	 2 
107.6477 	 0 
107.7522 	 2 
107.8799 	 2 
107.8799 	 0 
107.8799 	 1 
107.9960 	 2 
107.9960 	 1 
108.1121 	 2 
108.1121 	 1 
108.3559 	 2 
108.3559 	 0 
108.3559 	 1 
108.4604 	 2 
108.5881 	 2 
108.5881 	 0 
108.5881 	 1 
108.7042 	 2 
108.8319 	 2 
108.8319 	 0 
108.8319 	 1 
108.9364 	 2 
108.9480 	 1 
109.0641 	 2 
109.0641 	 1 
109.0641 	 0 
109.3079 	 2 
109.3079 	 0 
109.3079 	 1 
109.5401 	 2 
109.5401 	 1 
109.5401 	 0 
109.7839 	 1 
109.7839 	 0 
109.7839 	 2 
109.9000 	 2 
109.9000 	 1 
110.0161 	 1 
110.0161 	 2 
110.0161 	 0 
110.1322 	 2 
110.2483 	 2 
110.2600 	 1 
110.2600 	 0 
110.4922 	 1 
110.4922 	 0 
110.4922 	 2 
110.6199 	 2 
110.7360 	 2 
110.7360 	 1 
110.7360 	 0 
110.9682 	 2 
110.9682 	 1 
110.9682 	 0 
111.2120 	 2 
111.2120 	 0 
111.2120 	 1 
111.4442 	 1 
111.4442 	 2 
111.4558 	 0 
111.6880 	 0 
111.6880 	 1 
111.6880 	 2 
111.8041 	 2 
111.9202 	 0 
111.9202 	 2 
111.9202 	 1 
112.1640 	 2 
112.1640 	 0 
112.1640 	 1 
112.3962 	 0 
112.3962 	 2 
112.3962 	 1 
112.5239 	 1 
112.5239 	 2 
112.6400 	 2 
112.6400 	 0 
112.6400 	 1 
112.7677 	 1 
112.8722 	 2 
112.8722 	 0 
112.8722 	 1 
112.9999 	 2 
113.1160 	 0 
113.1160 	 2 
113.1160 	 1 
113.3482 	 2 
113.3482 	 1 
113.3598 	 0 
113.5920 	 1 
113.5920 	 2 
113.5920 	 0 
113.7081 	 1 
113.7081 	 2 
113.8126 	 0 
113.8242 	 2 
113.8242 	 1 
114.0680 	 1 
114.0680 	 2 
114.0680 	 0 
114.3002 	 1 
114.3002 	 2 
114.3118 	 0 
114.5440 	 2 
114.5440 	 0 
114.5440 	 1 
114.7762 	 2 
114.7762 	 1 
114.7878 	 0 
114.9039 	 2 
115.0200 	 0 
115.0200 	 2 
115.0200 	 1 
115.2522 	 1 
115.2639 	 2 
115.2639 	 0 
115.4961 	 0 
115.4961 	 1 
115.4961 	 2 
115.6122 	 1 
115.6122 	 2 
115.7283 	 1 
115.7283 	 0 
115.7399 	 2 
115.8444 	 2 
115.9721 	 0 
115.9721 	 1 
115.9721 	 2 
116.0998 	 2 
116.2043 	 1 
116.2043 	 0 
116.2159 	 2 
116.3204 	 2 
116.4481 	 0 
116.4481 	 2 
116.4481 	 1 
116.5526 	 1 
116.6803 	 2 
116.6803 	 1 
116.6919 	 0 
116.8080 	 2 
116.9241 	 0 
116.9241 	 1 
116.9241 	 2 
117.1563 	 1 
117.1563 	 2 
117.1679 	 0 
117.4001 	 1 
117.4001 	 0 
117.4001 	 2 
117.5162 	 1 
117.5162 	 2 
117.6323 	 0 
117.6323 	 1 
117.6323 	 2 
117.7484 	 2 
117.8761 	 2 
117.8761 	 1 
117.8761 	 0 
118.1083 	 2 
118.1083 	 1 
118.1083 	 0 
118.2360 	 2 
118.3521 	 2 
118.3521 	 0 
118.3637 	 1 
118.5843 	 0 
118.5843 	 2 
118.5959 	 1 
118.8281 	 1 
118.8281 	 2 
118.8397 	 0 
119.0603 	 1 
119.0603 	 0 
119.0719 	 2 
119.3041 	 2 
119.3041 	 0 
119.3041 	 1 
119.4202 	 2 
119.4202 	 1 
119.5363 	 2 
119.5363 	 0 
119.5363 	 1 
119.7801 	 0 
119.7801 	 1 
119.7801 	 2 
120.0239 	 2 
120.0239 	 0 
120.0239 	 1 
120.2561 	 2 
120.2561 	 0 
120.2678 	 1 
120.4883 	 0 
120.4883 	 2 
120.5000 	 1 
120.7322 	 1 
120.7322 	 0 
120.7322 	 2 
120.9644 	 2 
120.9644 	 0 
120.9760 	 1 
121.2082 	 0 
121.2082 	 1 
121.2082 	 2 
121.3243 	 2 
121.3243 	 0 
121.3359 	 1 
121.4404 	 0 
121.4520 	 2 
121.4520 	 1 
121.6842 	 2 
121.6842 	 1 
121.6958 	 0 
121.9164 	 2 
121.9164 	 0 
121.9164 	 1 
122.1602 	 0 
122.1602 	 2 
122.1718 	 1 
122.2763 	 1 
122.3924 	 0 
122.3924 	 2 
122.3924 	 1 
122.6362 	 1 
122.6478 	 2 
122.8800 	 0 
122.8800 	 2 
122.8800 	 1 
123.1122 	 2 
123.1122 	 1 
123.1238 	 0 
123.2399 	 1 
123.2399 	 2 
123.3444 	 1 
123.3444 	 2 
123.3560 	 0 
123.5882 	 2 
123.5882 	 1 
123.5998 	 0 
123.8320 	 0 
123.8320 	 2 
123.8320 	 1 
123.9481 	 2 
123.9481 	 0 
123.9597 	 1 
124.0642 	 0 
124.0642 	 2 
124.0758 	 1 
124.3080 	 2 
124.3080 	 1 
124.3080 	 0 
124.5402 	 1 
124.5402 	 2 
124.5518 	 0 
124.7724 	 2 
124.7724 	 0 
124.7840 	 1 
125.0162 	 1 
125.0162 	 2 
125.0278 	 0 
125.1323 	 0 
125.1439 	 2 
125.1439 	 1 
125.2484 	 0 
125.2600 	 1 
125.2600 	 2 
125.3761 	 1 
125.3878 	 2 
125.4922 	 1 
125.5039 	 0 
125.5039 	 2 
125.7244 	 2 
125.7244 	 1 
125.7361 	 0 
125.9683 	 2 
125.9683 	 0 
125.9799 	 1 
126.2005 	 1 
126.2005 	 0 
126.2121 	 2 
126.3282 	 2 
126.4094 	 1 
126.4559 	 1 
126.4559 	 2 
126.6881 	 1 
126.6881 	 2 
126.7810 	 2 
126.9319 	 1 
126.9319 	 0 
126.9319 	 2 
127.0480 	 2 
127.1525 	 0 
127.1641 	 2 
127.1641 	 1 
127.3963 	 1 
127.3963 	 0 
127.3963 	 2 
127.6285 	 2 
127.6285 	 0 
127.6401 	 1 
127.7446 	 2 
127.8723 	 0 
127.8723 	 2 
127.8839 	 1 
128.1161 	 1 
128.1161 	 0 
128.1161 	 2 
128.2438 	 2 
128.3483 	 2 
128.3599 	 1 
128.3599 	 0 
128.5921 	 2 
128.5921 	 1 
128.5921 	 0 
128.8243 	 2 
128.8243 	 1 
128.8359 	 0 
128.9404 	 2 
128.9404 	 0 
128.9520 	 1 
129.0565 	 0 
129.0565 	 2 
129.0681 	 1 
129.1726 	 2 
129.3003 	 2 
129.3119 	 1 
129.3119 	 0 
129.5325 	 2 
129.5441 	 0 
129.5441 	 1 
129.6602 	 1 
129.6602 	 2 
129.7763 	 2 
129.7763 	 0 
129.7879 	 1 
130.0201 	 0 
130.0201 	 2 
130.0201 	 1 
130.1362 	 2 
130.2523 	 0 
130.2523 	 1 
130.2523 	 2 
130.4961 	 1 
130.4961 	 2 
130.4961 	 0 
130.6006 	 2 
130.6239 	 2 
130.7283 	 2 
130.7400 	 1 
130.7400 	 0 
130.8561 	 1 
130.8561 	 2 
130.9722 	 0 
130.9722 	 1 
130.9722 	 2 
131.0883 	 2 
131.2044 	 2 
131.2044 	 1 
131.2160 	 0 
131.4482 	 2 
131.4482 	 1 
131.4482 	 0 
131.5759 	 2 
131.6804 	 2 
131.6920 	 0 
131.6920 	 1 
131.7965 	 2 
131.8081 	 1 
131.9126 	 0 
131.9242 	 2 
131.9242 	 1 
132.0519 	 2 
132.1680 	 0 
132.1680 	 1 
132.1680 	 2 
132.2725 	 2 
132.3886 	 2 
132.3886 	 1 
132.4002 	 0 
132.5279 	 2 
132.6440 	 1 
132.6440 	 2 
132.6440 	 0 
132.7485 	 2 
132.7601 	 1 
132.8762 	 2 
132.8762 	 1 
132.8762 	 0 
133.0039 	 2 
133.1084 	 0 
133.1200 	 2 
133.1200 	 1 
133.3406 	 1 
133.3522 	 0 
133.3522 	 2 
133.4799 	 2 
133.5844 	 2 
133.5960 	 1 
133.5960 	 0 
133.8166 	 2 
133.8282 	 0 
133.8282 	 1 
133.9559 	 2 
134.0604 	 1 
134.0720 	 0 
134.0720 	 2 
134.1765 	 2 
134.3042 	 0 
134.3042 	 2 
134.3042 	 1 
134.4319 	 2 
134.5480 	 1 
134.5480 	 2 
134.5480 	 0 
134.6641 	 0 
134.6641 	 1 
134.6641 	 2 
134.7802 	 0 
134.7802 	 1 
134.7802 	 2 
134.9079 	 2 
135.0124 	 2 
135.0240 	 0 
135.0240 	 1 
135.2562 	 0 
135.2562 	 2 
135.2562 	 1 
135.3723 	 1 
135.3723 	 0 
135.3723 	 2 
135.5000 	 2 
135.5000 	 1 
135.5000 	 0 
135.6045 	 2 
135.6161 	 1 
135.7322 	 2 
135.7322 	 1 
135.7322 	 0 
135.9644 	 2 
135.9644 	 1 
135.9761 	 0 
136.2083 	 2 
136.2083 	 1 
136.2083 	 0 
136.4521 	 1 
136.4521 	 2 
136.4521 	 0 
136.5682 	 2 
136.5682 	 0 
136.5682 	 1 
136.6727 	 0 
136.6843 	 2 
136.6843 	 1 
136.9165 	 1 
136.9165 	 2 
136.9281 	 0 
137.1603 	 2 
137.1603 	 1 
137.1603 	 0 
137.2764 	 2 
137.2880 	 1 
137.4041 	 1 
137.4041 	 2 
137.4041 	 0 
137.6363 	 1 
137.6363 	 2 
137.6479 	 0 
137.8801 	 0 
137.8801 	 2 
137.8801 	 1 
138.1123 	 0 
138.1123 	 2 
138.1123 	 1 
138.3445 	 0 
138.3561 	 2 
138.3561 	 1 
138.4722 	 2 
138.4722 	 1 
138.5883 	 0 
138.5883 	 2 
138.5883 	 1 
138.8205 	 2 
138.8321 	 0 
138.8321 	 1 
139.0527 	 1 
139.0643 	 0 
139.0643 	 2 
139.3081 	 1 
139.3081 	 2 
139.5403 	 0 
139.5403 	 1 
139.5403 	 2 
139.7261 	 2 
139.7841 	 0 
139.7841 	 1 
139.7841 	 2 
140.0163 	 0 
140.0163 	 1 
140.0163 	 2 
140.2485 	 2 
140.2601 	 0 
140.2601 	 1 
140.3762 	 1 
140.3762 	 0 
140.3762 	 2 
140.4923 	 2 
140.4923 	 1 
140.5039 	 0 
140.7361 	 0 
140.7361 	 1 
140.7361 	 2 
140.9683 	 2 
140.9683 	 1 
140.9800 	 0 
141.0961 	 2 
141.0961 	 1 
141.2122 	 2 
141.2238 	 1 
141.2238 	 0 
141.4444 	 2 
141.4444 	 0 
141.4444 	 1 
141.6766 	 2 
141.6882 	 0 
141.6882 	 1 
141.9204 	 1 
141.9320 	 0 
141.9320 	 2 
142.0481 	 2 
142.1642 	 1 
142.1642 	 2 
142.1758 	 0 
142.2803 	 2 
142.3964 	 2 
142.3964 	 0 
142.3964 	 1 
142.6286 	 2 
142.6402 	 0 
142.6402 	 1 
142.8724 	 1 
142.8840 	 2 
142.8840 	 0 
143.0001 	 2 
143.0698 	 2 
143.1162 	 0 
143.1162 	 1 
143.1162 	 2 
143.3484 	 1 
143.3484 	 2 
143.3484 	 0 
143.5922 	 1 
143.5922 	 0 
143.5922 	 2 
143.8244 	 0 
143.8244 	 1 
143.8360 	 2 
144.0682 	 2 
144.0682 	 0 
144.0682 	 1 
144.1843 	 2 
144.1843 	 1 
144.3004 	 2 
144.3004 	 1 
144.3004 	 0 
144.5442 	 2 
144.5442 	 1 
144.5442 	 0 
144.7764 	 2 
144.7764 	 0 
144.7764 	 1 
145.0202 	 2 
145.0202 	 0 
145.0318 	 1 
145.2524 	 2 
145.2640 	 0 
145.2640 	 1 
145.4962 	 0 
145.4962 	 1 
145.4962 	 2 
145.7284 	 2 
145.7284 	 0 
145.7400 	 1 
145.9722 	 2 
145.9722 	 1 
145.9722 	 0 
146.0883 	 1 
146.1000 	 2 
146.2044 	 2 
146.2044 	 1 
146.2161 	 0 
146.4366 	 0 
146.4483 	 2 
146.4483 	 1 
146.6805 	 1 
146.6805 	 0 
146.6805 	 2 
146.7966 	 1 
146.9243 	 2 
146.9359 	 1 
147.1565 	 1 
147.1565 	 2 
147.1565 	 0 
147.4003 	 2 
147.4003 	 0 
147.4003 	 1 
147.6325 	 2 
147.6325 	 0 
147.6441 	 1 
147.8763 	 0 
147.8763 	 2 
147.8763 	 1 
147.9924 	 0 
147.9924 	 2 
148.1085 	 1 
148.1201 	 0 
148.1201 	 2 
148.3523 	 1 
148.3523 	 2 
148.3639 	 0 
148.5845 	 1 
148.5961 	 0 
148.5961 	 2 
148.8283 	 2 
148.8283 	 0 
148.8399 	 1 
149.0605 	 1 
149.0605 	 2 
149.0721 	 0 
149.3043 	 2 
149.3043 	 1 
149.5481 	 2 
149.5481 	 0 
149.5481 	 1 
149.5946 	 2 
149.7571 	 2 
149.8732 	 1 
149.8964 	 2 
150.0009 	 1 
150.0125 	 0 
150.0241 	 2 
150.2563 	 2 
150.2563 	 1 
150.2563 	 0 
150.4305 	 2 
150.4537 	 1 
150.6162 	 2 
150.8020 	 2 
150.9297 	 2 
150.9645 	 2 
150.9645 	 1 
150.9761 	 0 
151.0806 	 1 
151.1735 	 2 
151.1967 	 1 
151.4405 	 2 
151.4405 	 1 
151.4405 	 0 
151.5566 	 2 
151.5683 	 1 
151.8005 	 2 
151.8005 	 1 
151.9166 	 2 
151.9282 	 1 
151.9282 	 0 
152.1488 	 0 
152.1488 	 2 
152.1604 	 1 
152.3926 	 1 
152.3926 	 0 
152.3926 	 2 
152.5203 	 1 
152.5203 	 2 
152.5203 	 0 
152.6364 	 0 
152.6364 	 2 
152.6480 	 1 
152.8686 	 1 
152.8802 	 0 
152.8802 	 2 
153.1124 	 2 
153.1124 	 1 
153.1240 	 0 
153.3562 	 0 
153.3562 	 1 
153.3562 	 2 
153.5884 	 1 
153.5884 	 2 
153.5884 	 0 
153.7045 	 0 
153.7161 	 2 
153.7161 	 1 
153.8206 	 0 
153.8322 	 2 
153.8322 	 1 
154.0644 	 2 
154.0644 	 1 
154.0760 	 0 
154.3082 	 2 
154.3082 	 1 
154.3082 	 0 
154.5404 	 2 
154.5404 	 1 
154.5404 	 0 
154.7842 	 0 
154.7842 	 2 
154.7842 	 1 
155.0164 	 1 
155.0164 	 2 
155.0164 	 0 
155.2486 	 0 
155.2602 	 1 
155.2602 	 2 
155.4924 	 2 
155.4924 	 1 
155.4924 	 0 
155.6201 	 1 
155.6201 	 2 
155.6201 	 0 
155.7362 	 1 
155.7362 	 0 
155.7362 	 2 
155.9684 	 2 
155.9684 	 1 
155.9800 	 0 
156.2006 	 0 
156.2122 	 2 
156.2122 	 1 
156.4444 	 0 
156.4444 	 1 
156.4444 	 2 
156.6766 	 0 
156.6883 	 1 
156.6883 	 2 
156.8160 	 2 
156.9205 	 1 
156.9205 	 2 
156.9321 	 0 
157.0366 	 2 
157.1643 	 2 
157.1643 	 1 
157.1759 	 0 
157.3965 	 2 
157.3965 	 0 
157.3965 	 1 
157.5242 	 2 
157.5242 	 1 
157.5242 	 0 
157.6287 	 0 
157.6403 	 1 
157.6403 	 2 
157.7680 	 2 
157.8725 	 2 
157.8725 	 1 
157.8841 	 0 
158.1163 	 0 
158.1163 	 1 
158.1163 	 2 
158.2324 	 2 
158.2324 	 1 
158.2324 	 0 
158.3485 	 2 
158.3485 	 0 
158.3601 	 1 
158.4530 	 2 
158.4762 	 1 
158.5923 	 1 
158.5923 	 0 
158.5923 	 2 
158.7200 	 2 
158.8361 	 1 
158.8361 	 0 
158.8361 	 2 
158.9406 	 2 
159.0683 	 0 
159.0683 	 2 
159.0683 	 1 
159.3005 	 1 
159.3005 	 2 
159.3121 	 0 
159.4282 	 1 
159.4282 	 2 
159.4282 	 0 
159.5327 	 0 
159.5443 	 1 
159.5443 	 2 
159.7765 	 2 
159.7765 	 1 
159.7765 	 0 
160.0087 	 2 
160.0203 	 0 
160.0203 	 1 
160.2525 	 2 
160.2641 	 1 
160.2641 	 0 
160.4963 	 1 
160.4963 	 0 
160.4963 	 2 
160.7285 	 2 
160.7285 	 0 
160.7401 	 1 
160.9723 	 1 
160.9723 	 2 
160.9723 	 0 
161.2045 	 1 
161.2045 	 2 
161.2045 	 0 
161.3322 	 0 
161.3322 	 2 
161.3322 	 1 
161.4483 	 2 
161.4483 	 1 
161.4483 	 0 
161.6805 	 2 
161.6805 	 1 
161.6922 	 0 
161.9127 	 0 
161.9244 	 2 
161.9244 	 1 
162.1566 	 2 
162.1566 	 1 
162.1682 	 0 
162.3888 	 0 
162.4004 	 2 
162.4004 	 1 
162.6326 	 1 
162.6326 	 2 
162.6442 	 0 
162.8648 	 2 
162.8764 	 0 
162.8764 	 1 
163.1086 	 1 
163.1086 	 2 
163.1202 	 0 
163.2363 	 1 
163.2363 	 2 
163.2363 	 0 
163.3524 	 1 
163.3524 	 2 
163.3524 	 0 
163.5846 	 2 
163.5962 	 1 
163.5962 	 0 
163.8284 	 1 
163.8284 	 2 
163.8284 	 0 
163.9445 	 2 
163.9561 	 1 
164.0722 	 2 
164.0722 	 1 
164.0722 	 0 
164.3044 	 0 
164.3044 	 2 
164.3044 	 1 
164.5366 	 0 
164.5366 	 2 
164.5482 	 1 
164.7804 	 1 
164.7804 	 2 
165.0242 	 1 
165.0242 	 2 
165.0242 	 0 
165.1403 	 0 
165.1403 	 1 
165.1403 	 2 
165.2564 	 1 
165.2564 	 0 
165.2564 	 2 
165.4886 	 2 
165.5002 	 1 
165.5002 	 0 
165.7324 	 1 
165.7324 	 0 
165.7324 	 2 
165.9646 	 2 
165.9762 	 1 
165.9762 	 0 
166.0807 	 2 
166.0923 	 1 
166.1968 	 0 
166.2084 	 1 
166.2084 	 2 
166.4406 	 2 
166.4522 	 0 
166.4522 	 1 
166.6844 	 2 
166.6844 	 0 
166.6844 	 1 
166.9283 	 0 
166.9283 	 1 
166.9283 	 2 
167.0444 	 0 
167.0444 	 1 
167.0444 	 2 
167.1605 	 2 
167.1605 	 0 
167.1605 	 1 
167.4043 	 2 
167.4043 	 1 
167.4043 	 0 
167.6365 	 1 
167.6365 	 2 
167.6365 	 0 
167.8803 	 1 
167.8803 	 2 
167.8803 	 0 
168.1125 	 1 
168.1125 	 2 
168.1125 	 0 
168.3563 	 2 
168.3563 	 1 
168.3563 	 0 
168.5885 	 2 
168.5885 	 1 
168.6001 	 0 
168.8323 	 1 
168.8323 	 2 
168.8323 	 0 
168.9368 	 2 
168.9600 	 1 
169.0529 	 0 
169.0529 	 2 
169.0645 	 1 
169.2967 	 2 
169.3083 	 0 
169.3083 	 1 
169.5405 	 1 
169.5405 	 2 
169.5405 	 0 
169.6682 	 2 
169.6682 	 0 
169.6682 	 1 
169.7843 	 1 
169.7843 	 2 
169.7843 	 0 
170.0165 	 1 
170.0165 	 2 
170.0165 	 0 
170.2603 	 1 
170.2603 	 0 
170.2603 	 2 
170.4809 	 0 
170.4925 	 1 
170.4925 	 2 
170.7363 	 1 
170.7363 	 0 
170.7363 	 2 
170.8524 	 2 
170.8524 	 0 
170.8640 	 1 
170.9685 	 2 
170.9685 	 1 
170.9685 	 0 
171.2123 	 1 
171.2123 	 2 
171.2123 	 0 
171.4445 	 1 
171.4445 	 0 
171.4445 	 2 
171.6883 	 0 
171.6883 	 2 
171.6883 	 1 
171.9205 	 2 
171.9205 	 0 
171.9205 	 1 
172.0483 	 2 
172.1644 	 0 
172.1644 	 1 
172.1644 	 2 
172.3966 	 2 
172.3966 	 1 
172.4082 	 0 
172.6404 	 1 
172.6404 	 2 
172.6404 	 0 
172.7565 	 1 
172.7565 	 0 
172.7565 	 2 
172.8726 	 0 
172.8726 	 1 
172.8726 	 2 
173.1164 	 0 
173.1164 	 1 
173.1164 	 2 
173.3486 	 2 
173.3486 	 0 
173.3486 	 1 
173.5924 	 0 
173.5924 	 1 
173.5924 	 2 
173.8130 	 0 
173.8246 	 1 
173.8246 	 2 
174.0684 	 2 
174.0684 	 0 
174.0684 	 1 
174.3006 	 2 
174.3006 	 0 
174.3006 	 1 
174.5444 	 2 
174.5444 	 0 
174.5444 	 1 
174.6605 	 2 
174.6605 	 1 
174.7766 	 1 
174.7766 	 0 
174.7766 	 2 
175.0204 	 1 
175.0204 	 2 
175.0320 	 0 
175.2526 	 1 
175.2642 	 0 
175.2642 	 2 
175.3687 	 1 
175.3687 	 0 
175.3803 	 2 
175.4964 	 1 
175.4964 	 0 
175.4964 	 2 
175.7170 	 0 
175.7286 	 1 
175.7286 	 2 
175.9724 	 0 
175.9724 	 2 
175.9724 	 1 
176.2046 	 2 
176.2046 	 1 
176.2046 	 0 
176.4484 	 2 
176.4484 	 1 
176.4484 	 0 
176.5645 	 2 
176.5761 	 1 
176.6806 	 1 
176.6806 	 0 
176.6806 	 2 
176.9244 	 2 
176.9244 	 0 
176.9244 	 1 
177.1566 	 2 
177.1566 	 1 
177.1566 	 0 
177.4005 	 0 
177.4005 	 1 
177.4005 	 2 
177.6327 	 0 
177.6327 	 2 
177.6327 	 1 
177.7604 	 2 
177.8765 	 2 
177.8765 	 1 
177.8881 	 0 
178.1087 	 2 
178.1087 	 0 
178.1087 	 1 
178.3525 	 2 
178.3525 	 1 
178.3525 	 0 
178.4686 	 2 
178.4802 	 1 
178.5847 	 2 
178.5847 	 0 
178.5963 	 1 
178.8285 	 0 
178.8285 	 2 
178.8285 	 1 
179.0607 	 1 
179.0607 	 2 
179.5367 	 2 
179.5367 	 1 
179.6528 	 2 
179.7805 	 1 
179.7805 	 2 
180.0127 	 2 
180.0243 	 1 
180.3726 	 2 
180.7209 	 2 
180.7209 	 1 
180.9647 	 2 
180.9647 	 1 
181.0808 	 2 
181.0924 	 1 
181.4291 	 1 
181.4407 	 2 
181.5684 	 2 
181.6845 	 2 
181.6845 	 1 
181.9167 	 1 
181.9167 	 2 
181.9167 	 0 
182.2650 	 2 
182.2766 	 1 
182.3927 	 2 
182.3927 	 1 
182.6249 	 2 
182.6366 	 1 
182.8688 	 2 
182.8804 	 1 
183.1126 	 1 
183.1126 	 2 
183.1126 	 0 
183.3448 	 0 
183.3448 	 1 
183.3448 	 2 
183.5886 	 2 
183.5886 	 0 
183.5886 	 1 
183.8208 	 0 
183.8208 	 1 
183.8208 	 2 
183.8440 	 2 
184.0646 	 2 
184.0646 	 0 
184.0646 	 1 
184.1807 	 1 
184.1923 	 2 
184.2968 	 0 
184.3084 	 1 
184.3084 	 2 
184.5406 	 2 
184.5406 	 0 
184.5406 	 1 
184.7728 	 0 
184.7728 	 1 
184.7844 	 2 
185.0166 	 1 
185.0166 	 0 
185.0282 	 2 
185.2604 	 1 
185.2604 	 0 
185.2604 	 2 
185.4926 	 0 
185.4926 	 2 
185.4926 	 1 
185.7248 	 0 
185.7248 	 1 
185.7364 	 2 
185.7712 	 1 
185.7712 	 2 
185.9686 	 2 
185.9686 	 0 
185.9802 	 1 
186.0847 	 0 
186.0847 	 2 
186.0963 	 1 
186.2008 	 0 
186.2124 	 2 
186.2124 	 1 
186.4446 	 2 
186.4446 	 1 
186.4562 	 0 
186.6884 	 1 
186.6884 	 0 
186.6884 	 2 
186.8045 	 0 
186.8045 	 2 
186.8045 	 1 
186.9206 	 0 
186.9322 	 1 
186.9322 	 2 
187.1644 	 0 
187.1644 	 1 
187.1644 	 2 
187.3966 	 2 
187.3966 	 1 
187.3966 	 0 
187.6288 	 1 
187.6288 	 2 
187.6288 	 0 
187.8727 	 1 
187.8843 	 0 
187.8843 	 2 
187.9888 	 2 
187.9888 	 1 
188.1049 	 2 
188.1049 	 1 
188.1049 	 0 
188.3487 	 0 
188.3487 	 1 
188.3487 	 2 
188.5925 	 2 
188.5925 	 1 
188.5925 	 0 
188.8247 	 0 
188.8363 	 2 
188.8363 	 1 
189.0685 	 2 
189.0685 	 1 
189.0685 	 0 
189.3007 	 1 
189.3007 	 2 
189.3123 	 0 
189.5445 	 1 
189.5445 	 0 
189.5445 	 2 
189.7767 	 1 
189.7767 	 2 
189.7883 	 0 
189.8928 	 0 
189.9044 	 2 
189.9044 	 1 
190.0089 	 0 
190.0205 	 1 
190.0205 	 2 
190.2643 	 2 
190.2643 	 1 
190.2643 	 0 
190.4965 	 0 
190.4965 	 2 
190.4965 	 1 
190.7403 	 0 
190.7403 	 2 
190.7403 	 1 
190.9725 	 2 
190.9725 	 1 
190.9725 	 0 
191.2163 	 0 
191.2163 	 1 
191.2163 	 2 
191.4485 	 2 
191.4485 	 0 
191.4485 	 1 
191.6923 	 1 
191.6923 	 2 
191.6923 	 0 
191.8084 	 1 
191.8084 	 2 
191.9129 	 0 
191.9245 	 1 
191.9245 	 2 
192.1567 	 1 
192.1683 	 0 
192.1683 	 2 
192.4005 	 2 
192.4005 	 0 
192.4005 	 1 
192.5166 	 0 
192.5166 	 2 
192.5283 	 1 
192.6327 	 2 
192.6327 	 0 
192.6444 	 1 
192.8766 	 1 
192.8766 	 2 
192.8766 	 0 
193.1204 	 1 
193.1204 	 2 
193.1204 	 0 
193.3526 	 2 
193.3526 	 1 
193.3526 	 0 
193.4803 	 1 
193.4803 	 2 
193.4803 	 0 
193.5964 	 2 
193.5964 	 1 
193.5964 	 0 
193.7125 	 2 
193.8286 	 0 
193.8286 	 2 
193.8286 	 1 
194.0724 	 1 
194.0724 	 2 
194.0724 	 0 
194.2930 	 2 
194.3046 	 1 
194.3046 	 0 
194.5484 	 0 
194.5484 	 2 
194.5600 	 1 
194.7806 	 1 
194.7806 	 0 
194.7806 	 2 
195.0244 	 1 
195.0244 	 0 
195.0244 	 2 
195.2566 	 2 
195.2566 	 0 
195.2566 	 1 
195.4888 	 0 
195.5004 	 2 
195.5004 	 1 
195.6049 	 2 
195.6165 	 0 
195.6165 	 1 
195.7326 	 0 
195.7326 	 2 
195.7326 	 1 
195.9764 	 2 
195.9764 	 0 
195.9764 	 1 
196.2086 	 1 
196.2086 	 2 
196.2086 	 0 
196.4408 	 2 
196.4524 	 0 
196.4524 	 1 
196.5685 	 1 
196.6846 	 0 
196.6846 	 1 
196.6846 	 2 
196.9168 	 2 
196.9284 	 1 
196.9284 	 0 
197.1606 	 2 
197.1606 	 0 
197.1606 	 1 
197.4044 	 1 
197.4044 	 2 
197.4044 	 0 
197.5205 	 0 
197.5205 	 1 
197.5205 	 2 
197.6366 	 1 
197.6366 	 0 
197.6366 	 2 
197.8688 	 2 
197.8805 	 0 
197.8805 	 1 
198.1127 	 1 
198.1127 	 0 
198.1127 	 2 
198.2288 	 2 
198.2288 	 0 
198.2404 	 1 
198.3565 	 1 
198.3565 	 2 
198.3565 	 0 
198.5887 	 2 
198.5887 	 1 
198.5887 	 0 
198.8325 	 2 
198.8325 	 1 
198.8325 	 0 
198.9486 	 2 
198.9602 	 1 
199.0763 	 1 
199.0763 	 2 
199.2969 	 2 
199.3085 	 1 
199.3085 	 0 
199.4130 	 2 
199.5407 	 1 
199.5407 	 2 
199.5407 	 0 
199.7845 	 2 
199.7845 	 1 
199.7845 	 0 
200.0167 	 1 
200.0167 	 0 
200.0167 	 2 
200.2605 	 0 
200.2605 	 2 
200.2605 	 1 
200.4927 	 2 
200.4927 	 0 
200.4927 	 1 
200.7365 	 1 
200.7365 	 0 
200.7365 	 2 
200.9687 	 0 
200.9687 	 1 
200.9803 	 2 
201.2009 	 0 
201.2125 	 2 
201.2125 	 1 
201.3286 	 0 
201.3402 	 1 
201.3402 	 2 
201.4447 	 1 
201.4447 	 2 
201.4447 	 0 
201.6885 	 2 
201.6885 	 0 
201.6885 	 1 
201.9207 	 0 
201.9323 	 1 
201.9323 	 2 
202.0600 	 2 
202.1645 	 2 
202.1645 	 0 
202.1761 	 1 
202.3967 	 2 
202.3967 	 0 
202.3967 	 1 
202.6289 	 1 
202.6405 	 0 
202.6405 	 2 
202.8727 	 0 
202.8844 	 2 
202.8844 	 1 
203.1166 	 2 
203.1166 	 0 
203.1166 	 1 
203.2210 	 2 
203.2327 	 1 
203.3488 	 0 
203.3488 	 1 
203.3488 	 2 
203.5926 	 0 
203.5926 	 1 
203.5926 	 2 
203.8248 	 1 
203.8248 	 0 
203.8248 	 2 
204.0686 	 0 
204.0686 	 2 
204.0686 	 1 
204.3008 	 1 
204.3008 	 2 
204.3124 	 0 
204.5446 	 2 
204.5446 	 0 
204.5446 	 1 
204.7768 	 2 
204.7768 	 1 
204.7768 	 0 
205.0206 	 2 
205.0206 	 0 
205.0206 	 1 
205.1367 	 2 
205.1367 	 0 
205.1483 	 1 
205.2528 	 0 
205.2644 	 1 
205.2644 	 2 
205.4966 	 1 
205.4966 	 2 
205.5082 	 0 
205.7288 	 2 
205.7288 	 0 
205.7404 	 1 
205.9726 	 0 
205.9726 	 2 
205.9842 	 1 
206.2048 	 0 
206.2048 	 2 
206.2164 	 1 
206.4486 	 1 
206.4486 	 2 
206.4602 	 0 
206.6808 	 0 
206.6924 	 1 
206.6924 	 2 
206.9246 	 1 
206.9246 	 2 
206.9246 	 0 
207.0523 	 2 
207.1684 	 1 
207.1684 	 2 
207.1684 	 0 
207.4006 	 1 
207.4006 	 2 
207.4122 	 0 
207.6328 	 1 
207.6444 	 2 
207.6444 	 0 
207.7605 	 2 
207.7605 	 1 
207.7605 	 0 
207.8766 	 2 
207.8766 	 1 
207.8766 	 0 
208.1088 	 1 
208.1088 	 0 
208.1205 	 2 
208.3527 	 0 
208.3527 	 1 
208.3527 	 2 
208.5849 	 0 
208.5849 	 2 
208.5965 	 1 
208.8287 	 2 
208.8287 	 1 
208.8287 	 0 
208.9448 	 0 
208.9448 	 2 
208.9448 	 1 
209.0609 	 0 
209.0609 	 2 
209.0609 	 1 
209.3047 	 0 
209.3047 	 2 
209.3163 	 1 
209.5369 	 1 
209.5369 	 0 
209.5369 	 2 
209.7807 	 0 
209.7923 	 1 
209.7923 	 2 
209.8852 	 2 
210.0129 	 1 
210.0129 	 2 
210.0245 	 0 
210.2567 	 2 
210.2567 	 0 
210.2567 	 1 
210.4889 	 0 
210.4889 	 2 
210.5005 	 1 
210.7327 	 1 
210.7327 	 0 
210.7327 	 2 
210.8372 	 2 
210.8604 	 1 
210.9649 	 1 
210.9649 	 0 
210.9649 	 2 
211.2087 	 1 
211.2087 	 2 
211.2203 	 0 
211.4409 	 2 
211.4525 	 1 
211.4525 	 0 
211.6847 	 0 
211.6847 	 1 
211.6847 	 2 
211.9285 	 1 
211.9285 	 2 
211.9285 	 0 
212.1607 	 2 
212.1607 	 1 
212.1607 	 0 
212.4045 	 2 
212.4161 	 0 
212.4161 	 1 
212.6367 	 2 
212.6367 	 1 
212.6367 	 0 
212.7644 	 2 
212.8805 	 1 
212.8922 	 2 
212.8922 	 0 
213.1127 	 0 
213.1127 	 2 
213.1127 	 1 
213.3566 	 0 
213.3566 	 2 
213.3566 	 1 
213.6004 	 2 
213.6004 	 1 
213.6004 	 0 
213.8326 	 1 
213.8326 	 0 
213.8326 	 2 
214.0648 	 2 
214.0648 	 1 
214.0764 	 0 
214.3086 	 1 
214.3086 	 0 
214.3086 	 2 
214.5408 	 0 
214.5408 	 2 
214.5408 	 1 
214.6569 	 2 
214.7730 	 2 
214.7730 	 0 
214.7846 	 1 
215.0168 	 1 
215.0284 	 2 
215.0284 	 0 
215.2490 	 1 
215.2490 	 2 
215.2606 	 0 
215.4928 	 0 
215.4928 	 2 
215.4928 	 1 
215.7366 	 2 
215.7366 	 0 
215.7366 	 1 
215.9804 	 0 
215.9804 	 2 
215.9804 	 1 
216.2126 	 0 
216.2126 	 2 
216.2126 	 1 
216.4448 	 0 
216.4564 	 1 
216.4564 	 2 
216.5725 	 0 
216.5725 	 1 
216.5725 	 2 
216.6886 	 2 
216.6886 	 0 
216.6886 	 1 
216.9324 	 2 
216.9324 	 1 
216.9324 	 0 
217.1646 	 2 
217.1646 	 1 
217.1646 	 0 
217.3968 	 0 
217.4084 	 2 
217.4084 	 1 
217.6290 	 0 
217.6406 	 2 
217.6406 	 1 
217.8728 	 0 
217.8728 	 1 
217.8844 	 2 
218.1050 	 0 
218.1166 	 2 
218.1166 	 1 
218.2444 	 2 
218.3488 	 1 
218.3605 	 0 
218.3605 	 2 
218.4649 	 2 
218.4649 	 1 
218.5810 	 1 
218.5810 	 0 
218.5927 	 2 
218.8365 	 2 
218.8365 	 0 
218.8365 	 1 
219.0571 	 0 
219.0687 	 2 
219.0687 	 1 
219.3009 	 2 
219.3125 	 1 
219.3125 	 0 
219.5331 	 0 
219.5447 	 1 
219.5447 	 2 
219.6724 	 1 
219.7769 	 0 
219.7885 	 2 
219.7885 	 1 
220.0207 	 1 
220.0207 	 0 
220.0207 	 2 
220.2645 	 1 
220.2645 	 0 
220.2645 	 2 
220.3806 	 2 
220.3806 	 1 
220.4967 	 1 
220.4967 	 0 
220.4967 	 2 
220.7289 	 2 
220.7405 	 1 
220.7405 	 0 
220.9727 	 2 
220.9727 	 1 
220.9727 	 0 
221.1004 	 1 
221.1004 	 2 
221.2165 	 1 
221.2165 	 2 
221.4487 	 0 
221.4487 	 1 
221.4487 	 2 
221.6925 	 2 
221.6925 	 0 
221.6925 	 1 
221.9131 	 0 
221.9247 	 2 
221.9363 	 1 
222.1569 	 0 
222.1569 	 2 
222.1685 	 1 
222.2730 	 1 
222.2846 	 2 
222.3891 	 2 
222.3891 	 1 
222.3891 	 0 
222.6445 	 0 
222.6445 	 1 
222.6445 	 2 
222.8767 	 0 
222.8767 	 1 
222.8767 	 2 
223.1205 	 1 
223.1205 	 0 
223.1205 	 2 
223.3527 	 2 
223.3527 	 1 
223.3527 	 0 
223.5966 	 1 
223.5966 	 2 
223.5966 	 0 
223.8171 	 2 
223.8288 	 0 
223.8288 	 1 
224.0726 	 0 
224.0726 	 1 
224.0726 	 2 
224.1887 	 1 
224.1887 	 2 
224.3048 	 1 
224.3048 	 0 
224.3048 	 2 
224.5486 	 1 
224.5486 	 0 
224.5486 	 2 
224.7808 	 0 
224.7808 	 1 
224.7808 	 2 
224.8969 	 2 
224.9085 	 1 
225.0246 	 0 
225.0246 	 2 
225.0246 	 1 
225.1407 	 2 
225.2452 	 2 
225.2452 	 0 
225.2568 	 1 
225.4890 	 2 
225.5006 	 1 
225.7328 	 2 
225.7328 	 1 
225.9766 	 2 
226.0811 	 2 
226.0927 	 1 
226.1972 	 1 
226.2088 	 2 
226.2088 	 0 
226.4526 	 2 
226.4642 	 1 
226.6035 	 2 
226.6500 	 2 
226.6500 	 1 
226.6964 	 2 
226.8009 	 2 
226.8938 	 2 
226.9402 	 1 
227.1492 	 2 
227.1608 	 1 
227.1608 	 0 
227.4046 	 1 
227.6368 	 0 
227.6368 	 2 
227.6368 	 1 
227.8922 	 2 
228.1128 	 0 
228.1128 	 2 
228.1128 	 1 
228.3566 	 1 
228.3566 	 2 
228.5888 	 1 
228.5888 	 2 
228.5888 	 0 
228.7166 	 1 
228.7166 	 2 
228.8210 	 2 
228.8327 	 1 
229.0649 	 2 
229.0649 	 1 
229.0649 	 0 
229.3087 	 2 
229.3087 	 1 
229.3087 	 0 
229.5409 	 2 
229.5409 	 1 
229.5525 	 0 
229.7847 	 2 
229.7847 	 1 
229.7847 	 0 
229.9008 	 1 
229.9008 	 2 
230.0169 	 2 
230.0169 	 0 
230.0169 	 1 
230.2607 	 2 
230.2607 	 1 
230.2607 	 0 
230.4929 	 2 
230.4929 	 0 
230.4929 	 1 
230.7367 	 2 
230.7599 	 1 
230.9689 	 2 
230.9689 	 1 
230.9805 	 0 
231.2127 	 0 
231.2127 	 2 
231.2127 	 1 
231.4449 	 0 
231.4449 	 2 
231.4449 	 1 
231.6887 	 0 
231.6887 	 1 
231.7003 	 2 
231.8048 	 2 
231.8048 	 0 
231.8048 	 1 
231.9209 	 1 
231.9209 	 0 
231.9325 	 2 
232.1647 	 2 
232.1647 	 1 
232.1763 	 0 
232.2112 	 1 
232.3969 	 2 
232.3969 	 1 
232.4085 	 0 
232.5246 	 2 
232.6407 	 2 
232.6407 	 0 
232.6523 	 1 
232.8729 	 0 
232.8729 	 2 
232.8729 	 1 
233.1167 	 2 
233.1167 	 1 
233.1283 	 0 
233.3489 	 1 
233.3489 	 0 
233.3489 	 2 
233.5927 	 1 
233.5927 	 2 
233.5927 	 0 
233.6972 	 1 
233.8249 	 2 
233.8249 	 1 
233.8249 	 0 
234.0688 	 2 
234.0688 	 0 
234.0688 	 1 
234.3010 	 2 
234.3010 	 1 
234.3010 	 0 
234.5332 	 2 
234.5448 	 1 
234.7770 	 0 
234.7770 	 2 
234.7886 	 1 
235.0092 	 2 
235.0208 	 1 
235.0208 	 0 
235.2530 	 0 
235.2530 	 1 
235.2646 	 2 
235.4968 	 2 
235.4968 	 0 
235.4968 	 1 
235.6129 	 2 
235.6245 	 1 
235.7290 	 2 
235.7406 	 1 
235.7406 	 0 
235.9728 	 0 
235.9728 	 1 
235.9728 	 2 
236.2050 	 2 
236.2166 	 0 
236.2166 	 1 
236.3327 	 1 
236.3327 	 2 
236.4488 	 1 
236.4488 	 2 
236.4488 	 0 
236.6926 	 2 
236.6926 	 0 
236.6926 	 1 
236.9248 	 0 
236.9248 	 1 
236.9248 	 2 
237.1686 	 2 
237.1686 	 0 
237.1686 	 1 
237.4008 	 2 
237.4008 	 0 
237.4124 	 1 
237.5169 	 2 
237.5285 	 1 
237.6330 	 1 
237.6330 	 2 
237.6446 	 0 
237.8768 	 1 
237.8884 	 0 
237.8884 	 2 
238.1090 	 1 
238.1090 	 2 
238.1206 	 0 
238.3528 	 0 
238.3528 	 2 
238.3644 	 1 
238.5850 	 1 
238.5850 	 2 
238.5850 	 0 
238.8288 	 2 
238.8288 	 1 
238.8288 	 0 
239.0610 	 2 
239.0610 	 1 
239.0610 	 0 
239.3049 	 1 
239.3165 	 2 
239.3165 	 0 
239.4210 	 2 
239.5487 	 2 
239.5487 	 1 
239.5487 	 0 
239.7809 	 1 
239.7809 	 2 
239.7925 	 0 
240.0131 	 2 
240.0131 	 0 
240.0247 	 1 
240.2569 	 1 
240.2569 	 2 
240.3730 	 1 
240.3846 	 2 
240.4891 	 0 
240.4891 	 1 
240.5007 	 2 
240.7097 	 1 
240.7329 	 0 
240.7329 	 2 
240.9767 	 1 
240.9883 	 2 
241.2089 	 2 
241.2205 	 1 
241.2205 	 0 
241.3366 	 2 
241.4411 	 2 
241.4411 	 0 
241.4411 	 1 
241.6849 	 2 
241.6849 	 1 
241.6965 	 0 
241.8358 	 1 
241.8474 	 2 
241.9171 	 2 
241.9287 	 1 
242.1609 	 2 
242.1725 	 0 
242.2422 	 1 
242.3931 	 1 
242.3931 	 2 
242.4047 	 0 
242.6021 	 2 
242.6369 	 0 
242.6369 	 1 
242.8691 	 0 
242.8691 	 2 
242.8691 	 1 
243.1129 	 2 
243.1245 	 1 
243.2406 	 1 
243.2406 	 2 
243.3451 	 0 
243.3451 	 2 
243.3567 	 1 
243.5889 	 2 
243.5889 	 1 
243.5889 	 0 
243.8327 	 1 
243.8327 	 2 
243.9488 	 2 
243.9605 	 1 
244.0649 	 2 
244.0766 	 0 
244.0766 	 1 
244.2971 	 2 
244.3088 	 1 
244.3088 	 0 
244.5410 	 1 
244.5410 	 2 
244.5410 	 0 
244.7848 	 2 
244.7848 	 1 
244.7848 	 0 
245.0170 	 2 
245.0170 	 0 
245.0286 	 1 
245.1331 	 2 
245.1331 	 0 
245.1447 	 1 
245.2492 	 0 
245.2608 	 2 
245.2608 	 1 
245.4930 	 2 
245.5046 	 0 
245.5046 	 1 
245.7368 	 0 
245.7368 	 2 
245.7368 	 1 
245.8529 	 1 
245.9690 	 2 
245.9690 	 0 
245.9806 	 1 
246.2128 	 0 
246.2128 	 2 
246.2128 	 1 
246.4450 	 1 
246.4566 	 2 
246.4566 	 0 
246.6772 	 0 
246.6888 	 2 
246.6888 	 1 
246.9326 	 0 
246.9326 	 2 
246.9326 	 1 
247.0371 	 2 
247.0487 	 1 
247.1532 	 0 
247.1648 	 2 
247.1648 	 1 
247.3970 	 2 
247.3970 	 1 
247.4086 	 0 
247.6408 	 2 
247.6408 	 0 
247.6408 	 1 
247.7453 	 0 
247.7569 	 2 
247.7569 	 1 
247.8730 	 0 
247.8730 	 1 
247.8846 	 2 
248.1168 	 0 
248.1168 	 2 
248.1168 	 1 
248.3490 	 0 
248.3490 	 2 
248.3490 	 1 
248.5928 	 1 
248.5928 	 0 
248.5928 	 2 
248.8250 	 1 
248.8250 	 0 
248.8250 	 2 
248.9411 	 2 
248.9527 	 1 
248.9527 	 0 
249.0572 	 0 
249.0688 	 2 
249.0688 	 1 
249.3010 	 2 
249.3127 	 0 
249.3127 	 1 
249.5449 	 1 
249.5449 	 2 
249.5449 	 0 
249.7887 	 2 
249.7887 	 0 
249.7887 	 1 
250.0209 	 0 
250.0209 	 1 
250.0209 	 2 
250.1370 	 2 
250.2531 	 1 
250.2531 	 2 
250.2647 	 0 
250.4853 	 0 
250.4969 	 2 
250.4969 	 1 
250.7407 	 1 
250.7407 	 2 
250.7407 	 0 
250.8568 	 1 
250.8568 	 2 
250.9613 	 0 
250.9729 	 1 
250.9729 	 2 
251.2167 	 2 
251.2167 	 0 
251.2167 	 1 
251.4489 	 2 
251.4489 	 0 
251.4489 	 1 
251.5650 	 0 
251.5650 	 2 
251.5766 	 1 
251.6927 	 2 
251.6927 	 1 
251.6927 	 0 
251.9249 	 1 
251.9249 	 2 
251.9249 	 0 
252.0526 	 2 
252.1571 	 1 
252.1687 	 0 
252.1687 	 2 
252.3893 	 0 
252.4009 	 2 
252.4009 	 1 
252.6331 	 0 
252.6447 	 2 
252.6447 	 1 
252.7608 	 1 
252.7608 	 2 
252.8653 	 0 
252.8769 	 1 
252.8769 	 2 
253.1207 	 0 
253.1207 	 1 
253.1207 	 2 
253.3529 	 1 
253.3529 	 2 
253.3529 	 0 
253.5967 	 1 
253.5967 	 2 
253.5967 	 0 
253.8289 	 1 
253.8289 	 2 
253.8289 	 0 
254.0727 	 2 
254.0727 	 0 
254.0727 	 1 
254.3049 	 0 
254.3049 	 2 
254.3049 	 1 
254.5488 	 0 
254.5488 	 1 
254.5488 	 2 
254.6416 	 2 
254.6532 	 1 
254.7693 	 0 
254.7810 	 2 
254.7810 	 1 
255.0248 	 2 
255.0248 	 0 
255.0248 	 1 
255.2570 	 2 
255.2570 	 1 
255.2570 	 0 
255.3731 	 1 
255.3731 	 2 
255.5008 	 1 
255.5008 	 2 
255.5008 	 0 
255.7330 	 1 
255.7330 	 0 
255.7330 	 2 
255.9652 	 2 
255.9768 	 1 
255.9768 	 0 
256.2090 	 2 
256.2090 	 0 
256.2090 	 1 
256.4412 	 1 
256.4412 	 2 
256.4528 	 0 
256.5689 	 1 
256.5689 	 2 
256.5689 	 0 
256.6734 	 0 
256.6850 	 1 
256.6850 	 2 
256.9288 	 1 
256.9288 	 2 
256.9288 	 0 
257.1610 	 2 
257.1610 	 0 
257.1610 	 1 
257.2887 	 2 
257.3932 	 2 
257.4048 	 1 
257.4048 	 0 
257.6370 	 0 
257.6370 	 1 
257.6370 	 2 
257.7647 	 2 
257.8808 	 0 
257.8808 	 1 
257.8808 	 2 
258.1130 	 0 
258.1130 	 1 
258.1130 	 2 
258.3568 	 2 
258.3568 	 1 
258.3568 	 0 
258.4613 	 2 
258.5774 	 2 
258.5890 	 1 
258.8328 	 2 
258.8328 	 1 
258.8328 	 0 
259.0650 	 2 
259.0650 	 0 
259.0650 	 1 
259.1811 	 0 
259.1927 	 2 
259.1927 	 1 
259.3088 	 1 
259.3088 	 2 
259.3088 	 0 
259.5410 	 2 
259.5410 	 1 
259.5410 	 0 
259.7849 	 2 
259.7849 	 1 
259.7849 	 0 
260.0171 	 0 
260.0171 	 2 
260.0171 	 1 
260.2609 	 1 
260.2609 	 2 
260.2609 	 0 
260.3770 	 0 
260.3770 	 2 
260.3886 	 1 
260.4931 	 1 
260.4931 	 2 
260.4931 	 0 
260.7369 	 1 
260.7369 	 0 
260.7369 	 2 
260.9691 	 2 
260.9691 	 0 
260.9691 	 1 
261.0736 	 2 
261.0968 	 2 
261.2129 	 0 
261.2129 	 1 
261.2129 	 2 
261.4451 	 0 
261.4451 	 1 
261.4451 	 2 
261.6889 	 1 
261.6889 	 2 
261.6889 	 0 
261.9211 	 2 
261.9211 	 1 
261.9211 	 0 
262.1649 	 2 
262.1649 	 1 
262.1649 	 0 
262.2810 	 2 
262.2810 	 1 
262.3971 	 2 
262.3971 	 1 
262.3971 	 0 
262.6409 	 0 
262.6409 	 1 
262.6409 	 2 
262.8731 	 0 
262.8731 	 2 
262.8731 	 1 
263.0008 	 2 
263.0008 	 1 
263.1169 	 0 
263.1169 	 2 
263.1285 	 1 
263.3491 	 1 
263.3491 	 2 
263.3607 	 0 
263.5929 	 1 
263.5929 	 0 
263.5929 	 2 
263.8251 	 0 
263.8367 	 2 
263.8367 	 1 
264.0689 	 2 
264.0689 	 1 
264.0689 	 0 
264.1850 	 2 
264.1966 	 1 
264.3011 	 2 
264.3011 	 0 
264.3011 	 1 
264.5449 	 1 
264.5449 	 2 
264.5449 	 0 
264.7771 	 0 
264.7771 	 1 
264.7888 	 2 
265.0210 	 1 
265.0210 	 2 
265.0210 	 0 
265.2532 	 2 
265.2532 	 1 
265.2532 	 0 
265.4970 	 1 
265.4970 	 2 
265.4970 	 0 
265.7292 	 0 
265.7292 	 2 
265.7292 	 1 
265.9730 	 1 
265.9730 	 0 
265.9730 	 2 
266.0891 	 1 
266.0891 	 2 
266.2052 	 0 
266.2168 	 1 
266.2168 	 2 
266.4490 	 1 
266.4490 	 2 
266.4606 	 0 
266.6812 	 2 
266.6812 	 0 
266.6928 	 1 
266.8089 	 1 
266.8089 	 2 
266.9250 	 2 
266.9250 	 0 
266.9366 	 1 
267.1572 	 1 
267.1572 	 0 
267.1572 	 2 
267.4010 	 2 
267.4010 	 1 
267.4010 	 0 
267.6332 	 0 
267.6448 	 2 
267.6448 	 1 
267.8770 	 2 
267.8770 	 1 
267.8770 	 0 
267.9931 	 2 
268.0047 	 1 
268.1092 	 1 
268.1092 	 0 
268.1208 	 2 
268.3530 	 2 
268.3530 	 0 
268.3530 	 1 
268.5852 	 0 
268.5852 	 1 
268.5968 	 2 
268.8290 	 2 
268.8290 	 1 
268.8290 	 0 
269.0612 	 0 
269.0612 	 2 
269.0612 	 1 
269.1889 	 2 
269.3050 	 2 
269.3050 	 0 
269.3050 	 1 
269.5372 	 1 
269.5372 	 2 
269.5372 	 0 
269.7810 	 2 
269.7810 	 1 
269.7927 	 0 
269.8971 	 1 
269.8971 	 2 
270.0132 	 0 
270.0132 	 2 
270.0132 	 1 
270.2571 	 1 
270.2571 	 2 
270.2687 	 0 
270.4893 	 0 
270.5009 	 1 
270.5009 	 2 
270.6170 	 2 
270.7331 	 2 
270.7447 	 1 
270.9653 	 0 
270.9769 	 1 
270.9769 	 2 
271.2091 	 1 
271.2091 	 0 
271.2091 	 2 
271.4413 	 0 
271.4413 	 1 
271.4529 	 2 
271.6851 	 0 
271.6851 	 2 
271.6967 	 1 
271.8012 	 2 
271.8012 	 1 
271.8128 	 0 
271.9173 	 1 
271.9173 	 0 
271.9289 	 2 
272.1611 	 2 
272.1611 	 1 
272.1611 	 0 
272.3933 	 2 
272.3933 	 1 
272.3933 	 0 
272.6371 	 0 
272.6371 	 2 
272.6371 	 1 
272.7532 	 2 
272.8693 	 0 
272.8693 	 2 
272.8693 	 1 
272.9970 	 2 
273.1131 	 2 
273.1131 	 0 
273.1131 	 1 
273.3453 	 0 
273.3453 	 1 
273.3569 	 2 
273.5891 	 2 
273.5891 	 1 
273.6007 	 0 
273.7168 	 1 
273.7168 	 2 
273.8213 	 0 
273.8329 	 1 
273.8329 	 2 
274.0651 	 2 
274.0651 	 1 
274.0767 	 0 
274.2973 	 0 
274.3089 	 2 
274.3089 	 1 
274.4250 	 1 
274.4250 	 0 
274.4250 	 2 
274.5411 	 2 
274.5527 	 0 
274.5527 	 1 
274.7733 	 1 
274.7849 	 0 
274.7849 	 2 
275.0171 	 1 
275.0171 	 0 
275.0171 	 2 
275.2493 	 0 
275.2610 	 2 
275.2610 	 1 
275.4932 	 0 
275.4932 	 2 
275.4932 	 1 
275.6209 	 2 
275.6209 	 1 
275.7254 	 0 
275.7370 	 1 
275.7370 	 2 
275.9692 	 2 
275.9808 	 1 
275.9808 	 0 
276.2130 	 2 
276.2130 	 1 
276.2130 	 0 
276.4452 	 2 
276.4568 	 0 
276.4568 	 1 
276.6890 	 0 
276.6890 	 2 
276.6890 	 1 
276.9212 	 2 
276.9212 	 0 
276.9212 	 1 
277.1534 	 0 
277.1650 	 2 
277.1650 	 1 
277.3972 	 1 
277.4088 	 0 
277.4088 	 2 
277.5249 	 1 
277.5249 	 2 
277.6294 	 0 
277.6410 	 1 
277.6410 	 2 
277.8732 	 2 
277.8732 	 1 
277.8848 	 0 
278.1054 	 0 
278.1170 	 1 
278.1170 	 2 
278.2331 	 2 
278.2447 	 1 
278.3492 	 0 
278.3492 	 2 
278.3608 	 1 
278.5814 	 0 
278.5930 	 1 
278.5930 	 2 
278.7091 	 2 
278.8252 	 1 
278.8252 	 2 
278.8252 	 0 
279.0574 	 0 
279.0690 	 1 
279.0690 	 2 
279.3012 	 1 
279.3012 	 2 
279.3012 	 0 
279.4289 	 1 
279.4289 	 2 
279.5450 	 1 
279.5450 	 0 
279.5450 	 2 
279.7888 	 2 
279.7888 	 0 
279.7888 	 1 
280.0210 	 2 
280.0210 	 1 
280.0210 	 0 
280.1488 	 2 
280.2532 	 1 
280.2532 	 2 
280.2532 	 0 
280.4971 	 1 
280.4971 	 0 
280.4971 	 2 
280.7293 	 2 
280.7409 	 0 
280.7409 	 1 
280.9731 	 2 
280.9731 	 1 
280.9731 	 0 
281.2053 	 1 
281.2169 	 0 
281.2169 	 2 
281.3330 	 1 
281.3330 	 2 
281.3330 	 0 
281.4491 	 2 
281.4491 	 1 
281.4491 	 0 
281.6813 	 1 
281.6929 	 2 
281.6929 	 0 
281.9251 	 2 
281.9251 	 0 
281.9251 	 1 
282.0412 	 2 
282.0412 	 1 
282.1573 	 2 
282.1689 	 1 
282.1689 	 0 
282.4011 	 0 
282.4011 	 2 
282.4011 	 1 
282.6333 	 0 
282.6333 	 1 
282.6333 	 2 
282.8655 	 0 
282.8771 	 2 
282.8771 	 1 
283.1093 	 2 
283.1209 	 0 
283.1209 	 1 
283.2370 	 2 
283.3531 	 1 
283.3531 	 2 
283.3531 	 0 
283.5969 	 0 
283.5969 	 2 
283.5969 	 1 
283.8291 	 0 
283.8291 	 2 
283.8291 	 1 
283.9452 	 2 
284.0613 	 2 
284.0729 	 1 
284.0729 	 0 
284.3051 	 2 
284.3051 	 1 
284.3051 	 0 
284.5373 	 1 
284.5489 	 2 
284.5489 	 0 
284.7811 	 1 
284.7811 	 0 
284.7811 	 2 
285.0133 	 2 
285.0249 	 1 
285.0249 	 0 
285.1410 	 2 
285.1410 	 1 
285.1410 	 0 
285.2571 	 2 
285.2571 	 1 
285.2571 	 0 
285.5010 	 1 
285.5010 	 0 
285.5010 	 2 
285.7332 	 2 
285.7332 	 1 
285.7332 	 0 
285.8493 	 2 
285.8609 	 1 
285.9770 	 2 
285.9770 	 0 
285.9886 	 1 
286.2092 	 2 
286.2092 	 0 
286.2092 	 1 
286.4414 	 2 
286.4414 	 1 
286.4414 	 0 
286.6852 	 2 
286.6852 	 0 
286.6852 	 1 
286.9290 	 1 
286.9290 	 2 
286.9290 	 0 
287.0451 	 1 
287.0451 	 0 
287.0451 	 2 
287.1496 	 0 
287.1612 	 1 
287.1612 	 2 
287.4050 	 1 
287.4050 	 0 
287.4050 	 2 
287.6372 	 1 
287.6372 	 0 
287.6372 	 2 
287.8810 	 1 
287.8810 	 0 
287.8810 	 2 
288.1132 	 1 
288.1132 	 0 
288.1132 	 2 
288.3570 	 2 
288.3570 	 1 
288.3570 	 0 
288.5892 	 1 
288.5892 	 2 
288.5892 	 0 
288.8330 	 1 
288.8330 	 2 
288.8330 	 0 
288.9491 	 1 
288.9491 	 2 
289.0652 	 2 
289.0652 	 0 
289.0652 	 1 
289.3090 	 1 
289.3090 	 2 
289.3206 	 0 
289.5412 	 1 
289.5412 	 0 
289.5412 	 2 
289.6573 	 2 
289.6689 	 1 
289.7850 	 0 
289.7850 	 2 
289.7850 	 1 
290.0172 	 0 
290.0172 	 2 
290.0172 	 1 
290.1449 	 2 
290.2610 	 0 
290.2610 	 1 
290.2610 	 2 
290.4932 	 1 
290.4932 	 2 
290.4932 	 0 
290.7371 	 2 
290.7371 	 1 
290.7371 	 0 
290.8532 	 1 
290.8532 	 2 
290.8532 	 0 
290.9693 	 0 
290.9693 	 2 
290.9693 	 1 
291.2131 	 1 
291.2131 	 2 
291.2131 	 0 
291.4453 	 0 
291.4453 	 1 
291.4569 	 2 
291.5614 	 2 
291.6891 	 1 
291.6891 	 0 
291.6891 	 2 
291.9213 	 1 
291.9213 	 0 
291.9213 	 2 
292.1651 	 1 
292.1651 	 0 
292.1651 	 2 
292.3973 	 2 
292.3973 	 0 
292.3973 	 1 
292.6411 	 2 
292.6411 	 1 
292.6411 	 0 
292.7572 	 2 
292.7572 	 1 
292.7572 	 0 
292.8733 	 1 
292.8733 	 2 
292.8733 	 0 
293.1171 	 1 
293.1171 	 0 
293.1171 	 2 
293.2332 	 2 
293.3493 	 0 
293.3493 	 1 
293.3609 	 2 
293.4770 	 1 
293.4770 	 2 
293.5931 	 0 
293.5931 	 1 
293.5931 	 2 
293.8253 	 1 
293.8369 	 0 
293.8369 	 2 
294.0691 	 1 
294.0691 	 0 
294.0691 	 2 
294.3013 	 0 
294.3013 	 2 
294.3129 	 1 
294.5451 	 1 
294.5451 	 2 
294.5451 	 0 
294.6612 	 1 
294.6612 	 2 
294.7773 	 1 
294.7773 	 2 
294.7773 	 0 
295.0211 	 1 
295.0211 	 2 
295.0211 	 0 
295.2533 	 1 
295.2533 	 0 
295.2649 	 2 
295.3578 	 2 
295.3810 	 2 
295.4971 	 0 
295.4971 	 2 
295.4971 	 1 
295.7293 	 1 
295.7410 	 2 
295.7410 	 0 
295.8571 	 2 
295.9732 	 1 
295.9732 	 2 
295.9732 	 0 
296.2054 	 0 
296.2054 	 2 
296.2054 	 1 
296.4492 	 2 
296.4492 	 1 
296.4492 	 0 
296.5653 	 1 
296.5653 	 2 
296.5653 	 0 
296.6814 	 0 
296.6814 	 1 
296.6930 	 2 
296.9252 	 0 
296.9252 	 2 
296.9252 	 1 
297.1574 	 0 
297.1574 	 2 
297.1574 	 1 
297.2851 	 1 
297.2851 	 2 
297.4012 	 0 
297.4012 	 1 
297.4012 	 2 
297.6334 	 1 
297.6334 	 2 
297.6450 	 0 
297.8772 	 1 
297.8772 	 0 
297.8772 	 2 
298.1094 	 1 
298.1210 	 2 
298.1210 	 0 
298.3532 	 1 
298.3532 	 0 
298.3532 	 2 
298.4693 	 0 
298.4693 	 2 
298.4809 	 1 
298.5854 	 2 
298.5854 	 0 
298.5854 	 1 
298.8292 	 2 
298.8292 	 1 
298.8408 	 0 
299.0614 	 1 
299.0730 	 2 
299.0730 	 0 
299.1891 	 2 
299.3052 	 2 
299.3052 	 0 
299.3052 	 1 
299.5490 	 2 
299.5490 	 0 
299.5490 	 1 
299.7812 	 1 
299.7812 	 2 
299.7812 	 0 
300.0134 	 2 
300.0134 	 0 
300.0134 	 1 
300.2572 	 1 
300.2572 	 2 
300.2688 	 0 
300.3733 	 1 
300.3733 	 2 
300.3849 	 0 
300.4894 	 0 
300.5010 	 1 
300.5010 	 2 
300.7332 	 2 
300.7332 	 1 
300.7449 	 0 
300.9654 	 0 
300.9771 	 2 
300.9771 	 1 
301.0932 	 1 
301.0932 	 2 
301.2093 	 1 
301.2093 	 2 
301.2093 	 0 
301.4415 	 1 
301.4531 	 2 
301.4531 	 0 
301.6853 	 2 
301.6853 	 0 
301.6853 	 1 
301.9175 	 1 
301.9175 	 0 
301.9291 	 2 
302.1613 	 1 
302.1613 	 2 
302.1613 	 0 
302.2774 	 2 
302.2890 	 1 
302.3935 	 2 
302.3935 	 0 
302.3935 	 1 
302.6373 	 2 
302.6373 	 1 
302.6489 	 0 
302.8695 	 1 
302.8811 	 2 
302.8811 	 0 
303.1133 	 1 
303.1133 	 0 
303.1133 	 2 
303.3455 	 1 
303.3571 	 0 
303.3571 	 2 
303.5893 	 1 
303.5893 	 2 
303.6009 	 0 
303.8215 	 2 
303.8331 	 1 
303.8331 	 0 
304.0653 	 2 
304.0653 	 1 
304.0769 	 0 
304.1930 	 2 
304.1930 	 1 
304.3091 	 1 
304.3091 	 0 
304.3091 	 2 
304.5413 	 1 
304.5413 	 2 
304.5529 	 0 
304.7735 	 0 
304.7851 	 1 
304.7851 	 2 
304.9012 	 2 
304.9012 	 1 
305.0173 	 2 
305.0173 	 0 
305.0289 	 1 
305.2611 	 1 
305.2611 	 2 
305.2611 	 0 
305.4933 	 2 
305.4933 	 0 
305.4933 	 1 
305.7255 	 0 
305.7371 	 2 
305.7371 	 1 
305.9693 	 0 
305.9693 	 2 
305.9810 	 1 
306.0854 	 0 
306.0971 	 1 
306.0971 	 2 
306.2015 	 2 
306.2015 	 1 
306.2015 	 0 
306.4454 	 1 
306.4454 	 2 
306.4570 	 0 
306.6892 	 2 
306.6892 	 1 
306.6892 	 0 
306.8053 	 1 
306.8053 	 2 
306.9214 	 2 
306.9214 	 1 
306.9330 	 0 
307.1652 	 1 
307.1652 	 0 
307.1652 	 2 
307.3974 	 1 
307.3974 	 2 
307.4090 	 0 
307.6296 	 0 
307.6412 	 1 
307.6412 	 2 
307.8734 	 2 
307.8850 	 0 
307.8850 	 1 
307.9895 	 2 
307.9895 	 0 
308.0011 	 1 
308.1056 	 0 
308.1056 	 1 
308.1172 	 2 
308.3494 	 2 
308.3610 	 0 
308.3610 	 1 
308.5816 	 0 
308.5932 	 2 
308.5932 	 1 
308.7093 	 1 
308.7209 	 2 
308.8370 	 1 
308.8370 	 2 
308.8370 	 0 
309.0692 	 1 
309.0692 	 2 
309.0692 	 0 
309.3014 	 2 
309.3130 	 0 
309.3130 	 1 
309.5452 	 1 
309.5452 	 0 
309.5452 	 2 
309.7774 	 0 
309.7774 	 2 
309.7890 	 1 
309.9051 	 1 
309.9051 	 2 
310.0096 	 0 
310.0212 	 2 
310.0212 	 1 
310.2534 	 0 
310.2650 	 1 
310.2650 	 2 
310.4972 	 1 
310.4972 	 2 
310.4972 	 0 
310.6017 	 2 
310.6249 	 2 
310.7294 	 2 
310.7410 	 1 
310.7410 	 0 
310.9732 	 0 
310.9732 	 1 
310.9732 	 2 
311.2054 	 2 
311.2171 	 0 
311.2171 	 1 
311.4376 	 2 
311.4376 	 0 
311.4493 	 1 
311.6931 	 0 
311.6931 	 1 
311.6931 	 2 
311.7976 	 2 
311.7976 	 1 
311.9253 	 1 
311.9253 	 2 
311.9253 	 0 
312.1691 	 1 
312.1691 	 2 
312.1691 	 0 
312.4013 	 1 
312.4013 	 2 
312.4013 	 0 
312.5174 	 2 
312.5290 	 1 
312.6451 	 1 
312.6451 	 2 
312.6451 	 0 
312.8773 	 0 
312.8773 	 1 
312.8773 	 2 
313.1095 	 2 
313.1095 	 1 
313.1211 	 0 
313.3417 	 0 
313.3533 	 2 
313.3533 	 1 
313.5855 	 0 
313.5971 	 2 
313.5971 	 1 
313.7132 	 2 
313.7132 	 1 
313.8293 	 2 
313.8293 	 0 
313.8293 	 1 
314.0731 	 1 
314.0731 	 0 
314.0731 	 2 
314.3053 	 2 
314.3053 	 1 
314.3053 	 0 
314.4330 	 2 
314.5375 	 2 
314.5491 	 1 
314.5491 	 0 
314.7813 	 1 
314.7813 	 2 
314.7813 	 0 
315.0251 	 1 
315.0251 	 2 
315.0251 	 0 
315.2573 	 0 
315.2573 	 2 
315.2573 	 1 
315.4895 	 1 
315.5011 	 0 
315.5011 	 2 
315.6172 	 0 
315.6172 	 2 
315.6172 	 1 
315.7217 	 0 
315.7333 	 2 
315.7333 	 1 
315.9771 	 2 
315.9771 	 1 
315.9771 	 0 
316.2093 	 0 
316.2093 	 1 
316.2210 	 2 
316.3254 	 2 
316.4532 	 0 
316.4532 	 2 
316.4648 	 1 
316.6854 	 1 
316.6854 	 2 
316.6854 	 0 
316.9292 	 2 
316.9292 	 0 
316.9292 	 1 
317.1614 	 1 
317.1614 	 0 
317.1614 	 2 
317.4052 	 1 
317.4052 	 0 
317.4052 	 2 
317.5097 	 0 
317.5213 	 2 
317.5213 	 1 
317.6258 	 0 
317.6374 	 1 
317.6374 	 2 
317.8812 	 2 
317.8812 	 1 
317.8812 	 0 
318.1134 	 1 
318.1134 	 0 
318.1134 	 2 
318.3456 	 2 
318.3572 	 1 
318.3572 	 0 
318.5894 	 1 
318.5894 	 2 
318.5894 	 0 
318.8332 	 2 
318.8332 	 1 
318.8332 	 0 
319.0654 	 0 
319.0654 	 2 
319.0654 	 1 
319.3092 	 0 
319.3092 	 1 
319.3092 	 2 
319.4253 	 1 
319.4253 	 2 
319.5414 	 0 
319.5414 	 1 
319.5414 	 2 
319.7852 	 2 
319.7852 	 1 
319.7852 	 0 
320.0174 	 2 
320.0174 	 1 
320.0174 	 0 
320.1335 	 2 
320.1335 	 0 
320.1451 	 1 
320.2612 	 0 
320.2612 	 2 
320.2728 	 1 
320.4934 	 1 
320.4934 	 0 
320.4934 	 2 
320.7372 	 0 
320.7372 	 2 
320.7372 	 1 
320.9694 	 0 
320.9694 	 1 
320.9810 	 2 
321.2016 	 0 
321.2132 	 2 
321.2132 	 1 
321.3293 	 0 
321.3293 	 2 
321.3410 	 1 
321.4454 	 1 
321.4454 	 0 
321.4454 	 2 
321.6893 	 2 
321.6893 	 1 
321.6893 	 0 
321.9215 	 2 
321.9215 	 0 
321.9215 	 1 
322.1653 	 1 
322.1653 	 0 
322.1653 	 2 
322.3975 	 2 
322.3975 	 1 
322.3975 	 0 
322.6413 	 2 
322.6413 	 1 
322.6413 	 0 
322.8735 	 2 
322.8735 	 1 
322.8735 	 0 
323.1173 	 2 
323.1173 	 1 
323.1289 	 0 
323.2334 	 2 
323.2334 	 1 
323.3495 	 1 
323.3495 	 0 
323.3495 	 2 
323.5933 	 1 
323.5933 	 2 
323.6049 	 0 
323.8255 	 2 
323.8255 	 0 
323.8255 	 1 
323.9532 	 1 
323.9532 	 2 
324.0693 	 0 
324.0693 	 2 
324.0693 	 1 
324.3015 	 0 
324.3015 	 2 
324.3131 	 1 
324.5453 	 1 
324.5453 	 2 
324.5453 	 0 
324.7775 	 0 
324.7891 	 2 
324.7891 	 1 
325.0213 	 0 
325.0213 	 1 
325.0213 	 2 
325.1374 	 2 
325.1374 	 1 
325.2535 	 2 
325.2535 	 0 
325.2535 	 1 
325.4973 	 2 
325.4973 	 0 
325.4973 	 1 
325.7295 	 0 
325.7295 	 2 
325.7295 	 1 
325.8572 	 2 
325.9733 	 1 
325.9733 	 0 
325.9733 	 2 
326.2055 	 0 
326.2055 	 1 
326.2171 	 2 
326.4493 	 0 
326.4493 	 2 
326.4493 	 1 
326.6815 	 0 
326.6815 	 2 
326.6932 	 1 
326.9254 	 1 
326.9254 	 2 
326.9370 	 0 
327.0415 	 1 
327.0415 	 2 
327.1576 	 0 
327.1576 	 1 
327.1576 	 2 
327.4014 	 2 
327.4014 	 1 
327.4130 	 0 
327.6336 	 1 
327.6336 	 2 
327.6336 	 0 
327.7613 	 2 
327.8774 	 0 
327.8774 	 2 
327.8890 	 1 
328.1096 	 1 
328.1096 	 2 
328.1096 	 0 
328.3534 	 1 
328.3534 	 0 
328.3534 	 2 
328.5856 	 0 
328.5972 	 2 
328.5972 	 1 
328.8294 	 0 
328.8294 	 1 
328.8294 	 2 
328.9455 	 2 
328.9571 	 1 
329.0616 	 0 
329.0616 	 1 
329.0732 	 2 
329.3054 	 1 
329.3054 	 2 
329.3054 	 0 
329.5376 	 1 
329.5376 	 0 
329.5492 	 2 
329.6653 	 2 
329.7814 	 0 
329.7814 	 2 
329.7930 	 1 
330.0136 	 1 
330.0136 	 0 
330.0136 	 2 
330.2574 	 0 
330.2574 	 2 
330.2574 	 1 
330.4896 	 0 
330.4896 	 1 
330.4896 	 2 
330.7334 	 2 
330.7334 	 1 
330.7450 	 0 
330.8495 	 1 
330.8495 	 2 
330.9656 	 1 
330.9656 	 0 
330.9772 	 2 
331.2094 	 2 
331.2094 	 1 
331.2210 	 0 
331.4416 	 0 
331.4532 	 2 
331.4532 	 1 
331.5693 	 2 
331.5693 	 1 
331.6854 	 2 
331.6854 	 0 
331.6971 	 1 
331.9176 	 0 
331.9176 	 1 
331.9293 	 2 
332.1615 	 2 
332.1615 	 0 
332.1615 	 1 
332.3937 	 0 
332.3937 	 1 
332.4053 	 2 
332.6375 	 1 
332.6375 	 0 
332.6375 	 2 
332.7652 	 0 
332.7652 	 2 
332.7652 	 1 
332.8697 	 0 
332.8697 	 2 
332.8697 	 1 
333.1135 	 2 
333.1135 	 0 
333.1135 	 1 
333.3457 	 1 
333.3573 	 2 
333.3573 	 0 
333.5895 	 1 
333.5895 	 0 
333.5895 	 2 
333.8217 	 0 
333.8217 	 2 
333.8217 	 1 
334.0655 	 1 
334.0655 	 0 
334.0655 	 2 
334.2977 	 0 
334.2977 	 2 
334.2977 	 1 
334.5415 	 2 
334.5415 	 1 
334.5531 	 0 
334.6576 	 2 
334.6576 	 0 
334.6692 	 1 
334.7737 	 0 
334.7853 	 2 
334.7853 	 1 
335.0291 	 2 
335.0291 	 1 
335.0291 	 0 
335.2613 	 1 
335.2613 	 2 
335.2613 	 0 
335.3774 	 1 
335.3774 	 2 
335.3774 	 0 
335.4935 	 0 
335.4935 	 2 
335.5051 	 1 
335.7373 	 1 
335.7373 	 2 
335.7373 	 0 
335.9695 	 2 
335.9695 	 1 
335.9811 	 0 
336.2017 	 0 
336.2133 	 1 
336.2133 	 2 
336.4455 	 1 
336.4455 	 0 
336.4455 	 2 
336.5732 	 1 
336.5732 	 2 
336.6777 	 1 
336.6777 	 2 
336.7010 	 1 
336.9215 	 2 
336.9215 	 1 
336.9332 	 0 
337.1654 	 1 
337.1654 	 2 
337.1654 	 0 
337.2931 	 2 
337.3976 	 0 
337.3976 	 2 
337.4092 	 1 
337.6414 	 1 
337.6414 	 0 
337.6414 	 2 
337.8736 	 2 
337.8736 	 1 
337.8736 	 0 
338.1058 	 0 
338.1174 	 2 
338.1174 	 1 
338.3496 	 2 
338.3496 	 1 
338.3612 	 0 
338.6050 	 2 
338.6050 	 1 
338.8256 	 2 
338.8372 	 1 
338.8372 	 0 
339.0694 	 2 
339.0810 	 1 
339.1855 	 1 
339.1855 	 2 
339.3016 	 0 
339.3016 	 2 
339.3132 	 1 
339.5570 	 1 
339.5570 	 2 
339.7776 	 2 
339.7892 	 0 
339.7892 	 1 
340.0330 	 0 
340.0330 	 2 
340.0330 	 1 
340.2536 	 2 
340.2652 	 0 
340.2652 	 1 
340.5090 	 2 
340.5090 	 1 
340.7296 	 2 
340.7412 	 0 
340.7412 	 1 
340.9734 	 1 
340.9734 	 2 
341.0779 	 2 
341.0895 	 1 
341.2056 	 2 
341.2172 	 1 
341.2172 	 0 
341.4610 	 1 
341.4727 	 2 
341.6816 	 2 
341.6932 	 0 
341.6932 	 1 
341.9371 	 1 
341.9487 	 2 
342.1576 	 2 
342.1693 	 1 
342.1693 	 0 
342.4131 	 1 
342.4131 	 0 
342.4131 	 2 
342.6453 	 2 
342.6453 	 0 
342.6453 	 1 
342.8891 	 2 
342.9820 	 2 
342.9936 	 1 
343.1213 	 1 
343.1213 	 0 
343.1213 	 2 
343.3651 	 1 
343.3767 	 2 
343.5857 	 0 
343.5857 	 2 
343.5973 	 1 
343.8295 	 1 
343.8411 	 0 
343.8527 	 2 
344.0617 	 2 
344.0733 	 1 
344.0733 	 0 
344.3287 	 2 
344.5377 	 2 
344.5493 	 0 
344.5493 	 1 
344.7931 	 2 
344.7931 	 1 
344.8976 	 2 
344.9092 	 1 
345.0253 	 0 
345.0253 	 2 
345.0253 	 1 
345.2575 	 1 
345.2807 	 2 
345.4897 	 0 
345.4897 	 2 
345.5013 	 1 
345.7335 	 1 
345.7451 	 2 
345.9773 	 2 
345.9773 	 1 
345.9773 	 0 
346.2211 	 2 
346.2211 	 1 
346.2327 	 0 
346.4533 	 1 
346.4533 	 2 
346.4533 	 0 
346.7900 	 2 
346.8132 	 1 
346.9293 	 2 
346.9293 	 1 
346.9293 	 0 
347.1848 	 2 
347.4054 	 2 
347.4054 	 0 
347.4054 	 1 
347.6492 	 2 
347.6492 	 0 
347.6608 	 1 
347.8814 	 1 
347.8814 	 0 
347.8814 	 2 
348.1252 	 1 
348.1252 	 2 
348.3458 	 0 
348.3574 	 2 
348.3574 	 1 
348.5896 	 1 
348.6012 	 2 
348.7057 	 2 
348.7173 	 1 
348.8218 	 2 
348.8334 	 1 
348.8334 	 0 
349.0772 	 1 
349.0888 	 2 
349.3094 	 2 
349.3094 	 0 
349.3094 	 1 
349.7854 	 2 
349.7854 	 0 
349.7854 	 1 
350.0408 	 2 
350.2614 	 0 
350.2614 	 1 
350.2614 	 2 
350.5981 	 2 
350.6097 	 1 
350.7490 	 2 
351.0161 	 2 
351.0161 	 1 
351.4572 	 2 
351.4572 	 1 
352.3976 	 2 
352.3976 	 1 
352.8853 	 2 
353.3613 	 1 
353.6051 	 1 
353.6051 	 2 
353.6051 	 0 
353.8373 	 1 
353.8489 	 2 
354.0695 	 1 
354.0811 	 2 
354.5571 	 1 
354.5571 	 2 
354.5571 	 0 
355.2653 	 2 
355.2769 	 1 
356.7049 	 2 
357.4015 	 1 
357.4248 	 2 
357.6570 	 2 
357.8892 	 2 
358.5974 	 1 
359.0850 	 0 
359.0850 	 2 
361.2096 	 1 
361.2212 	 2 
361.2328 	 0 
361.4650 	 2 
361.6972 	 2 
365.0293 	 0 
365.0293 	 2 
365.2615 	 2 
365.2731 	 0 
