8.8236 	 0 
9.3460 	 0 
9.8801 	 0 
10.4025 	 0 
10.9134 	 0 
11.4358 	 0 
11.9583 	 0 
12.4807 	 0 
13.0032 	 0 
13.5256 	 0 
14.0481 	 0 
14.5705 	 0 
15.0930 	 0 
15.6154 	 0 
16.1379 	 0 
16.6487 	 0 
17.1828 	 0 
17.4382 	 2 
17.6936 	 0 
17.9606 	 2 
18.2277 	 0 
18.2277 	 2 
18.3438 	 2 
18.4831 	 2 
18.7501 	 0 
19.0055 	 2 
19.2610 	 0 
19.5280 	 2 
19.6673 	 2 
19.7834 	 0 
19.9227 	 2 
20.0504 	 2 
20.2246 	 2 
20.3059 	 0 
20.4336 	 2 
20.5729 	 2 
20.8283 	 0 
21.0953 	 2 
21.3391 	 0 
21.6178 	 2 
21.8732 	 0 
22.0125 	 2 
22.1402 	 2 
22.3956 	 0 
22.5234 	 2 
22.6627 	 2 
22.9181 	 0 
23.0458 	 2 
23.1735 	 2 
23.2316 	 2 
23.4405 	 0 
23.5683 	 2 
23.6960 	 2 
23.9630 	 0 
24.0907 	 2 
24.2184 	 2 
24.4854 	 0 
24.6132 	 2 
24.7409 	 2 
25.0079 	 0 
25.1356 	 2 
25.2633 	 2 
25.5303 	 0 
25.6697 	 2 
25.7858 	 2 
26.0412 	 0 
26.3314 	 2 
26.5752 	 0 
26.8539 	 2 
27.0861 	 0 
27.6201 	 0 
28.1310 	 0 
28.4096 	 2 
28.5722 	 2 
28.6534 	 0 
28.7811 	 2 
28.9321 	 2 
29.1759 	 0 
29.6867 	 0 
29.9654 	 2 
30.2208 	 0 
30.7432 	 0 
31.0335 	 2 
31.2657 	 0 
31.7881 	 0 
33.8663 	 2 
33.8663 	 1 
33.8663 	 0 
34.0056 	 2 
34.1333 	 2 
34.2610 	 0 
34.2610 	 1 
34.3888 	 2 
34.3888 	 1 
34.4004 	 0 
34.5281 	 2 
34.6442 	 1 
34.6558 	 2 
34.6558 	 0 
34.9112 	 2 
34.9112 	 1 
35.0505 	 0 
35.1782 	 0 
35.1782 	 1 
35.2015 	 2 
35.3176 	 2 
35.4337 	 1 
35.4337 	 2 
35.4453 	 0 
35.7007 	 2 
35.7123 	 0 
35.9561 	 2 
35.9561 	 0 
35.9677 	 1 
36.2231 	 1 
36.3508 	 0 
36.3508 	 1 
36.4785 	 2 
36.4902 	 0 
36.7456 	 0 
36.7456 	 2 
36.7456 	 1 
37.0010 	 0 
37.0010 	 2 
37.1287 	 1 
37.1287 	 2 
37.1287 	 0 
37.2680 	 0 
37.2680 	 1 
37.2680 	 2 
37.5234 	 2 
37.5234 	 1 
37.5351 	 0 
37.7905 	 1 
37.8021 	 2 
38.0343 	 1 
38.0575 	 0 
38.1736 	 2 
38.3129 	 2 
38.4406 	 1 
38.4406 	 0 
38.5683 	 1 
38.5683 	 2 
38.5683 	 0 
38.6961 	 2 
38.8238 	 1 
38.8238 	 2 
38.8238 	 0 
39.0792 	 1 
39.0908 	 2 
39.2185 	 0 
39.3462 	 1 
39.3578 	 0 
39.6016 	 1 
39.6016 	 2 
39.6132 	 0 
39.8687 	 2 
40.1357 	 1 
40.1357 	 2 
40.1357 	 0 
40.3911 	 2 
40.4027 	 1 
40.5188 	 2 
40.5188 	 1 
40.5304 	 0 
40.6581 	 1 
40.6581 	 2 
40.6581 	 0 
40.9136 	 2 
40.9136 	 0 
40.9136 	 1 
40.9368 	 2 
41.1690 	 2 
41.1806 	 0 
41.3083 	 2 
41.3083 	 0 
41.3083 	 1 
41.4360 	 2 
41.4476 	 0 
41.6914 	 0 
41.6914 	 1 
41.9701 	 1 
42.0513 	 1 
42.2139 	 2 
42.2139 	 1 
42.2139 	 0 
42.3532 	 2 
42.4809 	 2 
42.6086 	 0 
42.6086 	 1 
42.7363 	 1 
42.7479 	 0 
42.8756 	 2 
43.0034 	 1 
43.0034 	 0 
43.2588 	 2 
43.2588 	 1 
43.3865 	 1 
43.3865 	 0 
43.4445 	 2 
43.5258 	 0 
43.5258 	 1 
43.7812 	 0 
43.7812 	 1 
43.7812 	 2 
44.0483 	 2 
44.1760 	 2 
44.3037 	 1 
44.3037 	 2 
44.3153 	 0 
44.5707 	 2 
44.5707 	 1 
44.6984 	 0 
44.8145 	 1 
44.8261 	 2 
44.8377 	 0 
45.0932 	 1 
45.0932 	 0 
45.0932 	 2 
45.3486 	 0 
45.4763 	 2 
45.4763 	 1 
45.4879 	 0 
45.6156 	 2 
45.6156 	 0 
45.7201 	 2 
45.8710 	 0 
45.8710 	 2 
46.1380 	 1 
46.2309 	 1 
46.3819 	 1 
46.3935 	 2 
46.3935 	 0 
46.6605 	 2 
46.7882 	 2 
46.7882 	 1 
46.9159 	 2 
46.9159 	 1 
46.9159 	 0 
47.0552 	 2 
47.1713 	 0 
47.1713 	 1 
47.1829 	 2 
47.4268 	 1 
47.4384 	 2 
47.5661 	 0 
47.7054 	 1 
47.7054 	 0 
47.9492 	 1 
47.9608 	 0 
47.9608 	 2 
48.2278 	 2 
48.4833 	 2 
48.4833 	 1 
48.4833 	 0 
48.7387 	 2 
48.8664 	 1 
48.8664 	 2 
48.8780 	 0 
48.9941 	 1 
49.0057 	 0 
49.0057 	 2 
49.2611 	 0 
49.5282 	 2 
49.6559 	 0 
49.6559 	 2 
49.6559 	 1 
49.7836 	 2 
49.7952 	 0 
50.0390 	 2 
50.0390 	 1 
50.0506 	 0 
50.3176 	 1 
50.3989 	 1 
50.5615 	 1 
50.5615 	 2 
50.5615 	 0 
50.7008 	 2 
50.8285 	 2 
50.9562 	 1 
50.9562 	 0 
51.0839 	 1 
51.0839 	 2 
51.0839 	 0 
51.3509 	 1 
51.3509 	 2 
51.5019 	 2 
51.5947 	 1 
51.6063 	 2 
51.7341 	 1 
51.7457 	 0 
51.8734 	 0 
51.8734 	 1 
52.1288 	 1 
52.1404 	 0 
52.3958 	 2 
52.6512 	 1 
52.6512 	 0 
52.9183 	 2 
53.0460 	 1 
53.0460 	 2 
53.0460 	 0 
53.1737 	 1 
53.1737 	 2 
53.1853 	 0 
53.3595 	 2 
53.4407 	 1 
53.4407 	 0 
53.6961 	 0 
53.6961 	 2 
53.8239 	 1 
53.8239 	 2 
53.8239 	 0 
53.9632 	 0 
53.9632 	 2 
54.1838 	 2 
54.2070 	 0 
54.2186 	 1 
54.2186 	 2 
54.4856 	 1 
54.5785 	 1 
54.7410 	 1 
54.7410 	 0 
54.7410 	 2 
54.8804 	 2 
55.0081 	 2 
55.1358 	 0 
55.1358 	 1 
55.2635 	 2 
55.2635 	 0 
55.5189 	 1 
55.5189 	 2 
55.5189 	 0 
55.7743 	 1 
55.7859 	 2 
55.9137 	 1 
55.9137 	 0 
56.0530 	 1 
56.0530 	 0 
56.3084 	 2 
56.3084 	 1 
56.3084 	 0 
56.5638 	 2 
56.8308 	 2 
56.8308 	 1 
56.8308 	 0 
57.0863 	 2 
57.0863 	 1 
57.2140 	 1 
57.2256 	 0 
57.2256 	 2 
57.3417 	 1 
57.3533 	 0 
57.3533 	 2 
57.6087 	 0 
57.6087 	 2 
57.8757 	 2 
58.0034 	 0 
58.0034 	 1 
58.1428 	 0 
58.3866 	 1 
58.3866 	 2 
58.3982 	 0 
58.6652 	 2 
58.6652 	 1 
58.7465 	 1 
58.9090 	 0 
58.9090 	 2 
58.9090 	 1 
59.0483 	 2 
59.1761 	 2 
59.3154 	 0 
59.3154 	 1 
59.4315 	 1 
59.4315 	 2 
59.4431 	 0 
59.6288 	 2 
59.6985 	 2 
59.8494 	 2 
59.9539 	 1 
59.9655 	 2 
60.0816 	 1 
60.0932 	 0 
60.2210 	 0 
60.4764 	 0 
60.4764 	 1 
60.4880 	 2 
60.7434 	 2 
60.7434 	 0 
60.9988 	 2 
60.9988 	 1 
61.0104 	 0 
61.2659 	 2 
61.2659 	 1 
61.3936 	 1 
61.3936 	 0 
61.5213 	 2 
61.5329 	 0 
61.7883 	 1 
61.7883 	 0 
62.0437 	 2 
62.0437 	 0 
62.1714 	 1 
62.1714 	 2 
62.1714 	 0 
62.3107 	 0 
62.3107 	 2 
62.5546 	 0 
62.5662 	 1 
62.5662 	 2 
62.8332 	 1 
62.9261 	 1 
62.9493 	 2 
63.0886 	 1 
63.0886 	 0 
63.0886 	 2 
63.2279 	 2 
63.3556 	 2 
63.6111 	 0 
63.6111 	 2 
63.8781 	 2 
64.1335 	 2 
64.1335 	 1 
64.1335 	 0 
64.6444 	 1 
64.6560 	 0 
64.6560 	 2 
64.9114 	 2 
64.9230 	 0 
65.1784 	 0 
65.4338 	 2 
65.6893 	 1 
65.7009 	 0 
65.7009 	 2 
65.7705 	 2 
66.2233 	 0 
66.7458 	 0 
67.2682 	 0 
67.5236 	 2 
67.7907 	 0 
68.0461 	 2 
68.3131 	 0 
68.5685 	 2 
68.8356 	 0 
69.0910 	 2 
69.3580 	 0 
69.6134 	 2 
69.8688 	 0 
70.1359 	 2 
70.3913 	 0 
70.6583 	 2 
70.9137 	 0 
71.1808 	 2 
71.4362 	 0 
71.7032 	 2 
71.9586 	 0 
72.2257 	 2 
72.4811 	 0 
72.7481 	 2 
73.0035 	 0 
73.2706 	 2 
73.5260 	 0 
73.6421 	 2 
73.7930 	 2 
74.0484 	 0 
74.3039 	 2 
74.5709 	 0 
74.8263 	 2 
75.0933 	 0 
75.2094 	 2 
75.3604 	 2 
75.6158 	 0 
75.9176 	 2 
76.1266 	 0 
76.6607 	 0 
77.1831 	 0 
77.7056 	 0 
78.2280 	 0 
78.7389 	 0 
79.2613 	 0 
80.6429 	 2 
80.6661 	 2 
80.7938 	 2 
83.7195 	 2 
83.9517 	 2 
83.9517 	 1 
83.9634 	 0 
84.0911 	 2 
84.2188 	 2 
84.3465 	 0 
84.3465 	 1 
84.4742 	 2 
84.4742 	 1 
84.4858 	 0 
84.6251 	 2 
84.7296 	 1 
84.7412 	 0 
84.7412 	 2 
84.9618 	 2 
84.9966 	 1 
84.9966 	 2 
85.1244 	 1 
85.1360 	 0 
85.2637 	 1 
85.2637 	 0 
85.5191 	 0 
85.5191 	 1 
85.5307 	 2 
85.7745 	 1 
85.7861 	 2 
85.8906 	 2 
86.0183 	 2 
86.0415 	 2 
86.0532 	 0 
86.0532 	 1 
86.3086 	 2 
86.3086 	 1 
86.4363 	 0 
86.4595 	 2 
86.5640 	 0 
86.5640 	 1 
86.8194 	 1 
86.8310 	 0 
87.0864 	 0 
87.0864 	 2 
87.2141 	 1 
87.2141 	 2 
87.2258 	 0 
87.3535 	 2 
87.3535 	 0 
87.6089 	 0 
87.6089 	 1 
87.6089 	 2 
87.8759 	 1 
87.9107 	 1 
87.9804 	 1 
88.1197 	 1 
88.1197 	 2 
88.1313 	 0 
88.2707 	 2 
88.3984 	 2 
88.5261 	 1 
88.6538 	 1 
88.6538 	 0 
88.6538 	 2 
88.7931 	 2 
88.9092 	 2 
88.9208 	 0 
89.1762 	 2 
89.1762 	 1 
89.3039 	 1 
89.3039 	 0 
89.4317 	 1 
89.4433 	 0 
89.6987 	 2 
89.6987 	 0 
89.6987 	 1 
89.9425 	 2 
90.2211 	 2 
90.2211 	 1 
90.2211 	 0 
90.4766 	 2 
90.6043 	 1 
90.6159 	 0 
90.7436 	 0 
90.7436 	 1 
90.7436 	 2 
91.0106 	 0 
91.2660 	 2 
91.2660 	 0 
91.3821 	 1 
91.3937 	 0 
91.3937 	 2 
91.5215 	 2 
91.5331 	 0 
91.7769 	 1 
91.7885 	 0 
91.7885 	 2 
92.0439 	 1 
92.1484 	 1 
92.2993 	 0 
92.2993 	 2 
92.2993 	 1 
92.4386 	 2 
92.5663 	 2 
92.6941 	 1 
92.8218 	 2 
92.8218 	 1 
92.8334 	 0 
92.9379 	 2 
93.0888 	 2 
93.3442 	 2 
93.3442 	 1 
93.4835 	 0 
93.6112 	 0 
93.6112 	 1 
93.6809 	 1 
93.8667 	 0 
93.8667 	 2 
93.8667 	 1 
94.1221 	 2 
94.2266 	 2 
94.3195 	 2 
94.3659 	 2 
94.4007 	 1 
94.4007 	 0 
94.6561 	 1 
94.6561 	 2 
94.7839 	 1 
94.7839 	 0 
94.9116 	 0 
94.9116 	 1 
94.9116 	 2 
95.1786 	 1 
95.1786 	 2 
95.1786 	 0 
95.4340 	 0 
95.4340 	 2 
95.5617 	 1 
95.5617 	 2 
95.5617 	 0 
95.7010 	 2 
95.7010 	 0 
95.9565 	 0 
95.9565 	 2 
96.2235 	 1 
96.2351 	 2 
96.4789 	 2 
96.4789 	 1 
96.4905 	 0 
96.6066 	 2 
96.7459 	 2 
96.8737 	 0 
96.8737 	 2 
96.8737 	 1 
97.0014 	 0 
97.0014 	 2 
97.0014 	 1 
97.1407 	 2 
97.2684 	 2 
97.2684 	 1 
97.2684 	 0 
97.5238 	 2 
97.5238 	 1 
97.6515 	 1 
97.6515 	 0 
97.7792 	 2 
97.7792 	 1 
97.7908 	 0 
98.0463 	 2 
98.0463 	 1 
98.0463 	 0 
98.2088 	 1 
98.2901 	 2 
98.5571 	 1 
98.5687 	 0 
98.5687 	 2 
98.8241 	 1 
98.8357 	 2 
98.9518 	 1 
98.9634 	 0 
98.9634 	 2 
99.0795 	 1 
99.0912 	 2 
99.0912 	 0 
99.3466 	 1 
99.3582 	 0 
99.3582 	 2 
99.6020 	 0 
99.6136 	 2 
99.7413 	 0 
99.7413 	 2 
99.7413 	 1 
99.8690 	 2 
99.8806 	 0 
100.1244 	 1 
100.1361 	 2 
100.1361 	 0 
100.4031 	 1 
100.4960 	 1 
100.6469 	 1 
100.6469 	 0 
100.6585 	 2 
100.7862 	 2 
100.9139 	 2 
101.0416 	 1 
101.0532 	 0 
101.1693 	 1 
101.1693 	 2 
101.1810 	 0 
101.4248 	 1 
101.4364 	 2 
101.6570 	 2 
101.6918 	 1 
101.7034 	 2 
101.8311 	 0 
101.8776 	 2 
101.9588 	 0 
101.9704 	 1 
101.9820 	 2 
102.2142 	 1 
102.2259 	 2 
102.2259 	 0 
102.4697 	 2 
102.7367 	 2 
102.7483 	 0 
102.7483 	 1 
103.0037 	 1 
103.0037 	 2 
103.1314 	 0 
103.2591 	 2 
103.2591 	 0 
103.2940 	 2 
103.5146 	 1 
103.5262 	 0 
103.6539 	 2 
103.7816 	 0 
103.7816 	 2 
103.9093 	 2 
103.9209 	 0 
104.0486 	 0 
104.0486 	 2 
104.2924 	 1 
104.3040 	 2 
104.3040 	 0 
104.5711 	 1 
104.5827 	 2 
104.6639 	 1 
104.8265 	 1 
104.8265 	 2 
104.8381 	 0 
104.9658 	 2 
105.0935 	 2 
105.2212 	 1 
105.2212 	 0 
105.3489 	 1 
105.3489 	 0 
105.3489 	 2 
105.6044 	 2 
105.6160 	 0 
105.6160 	 1 
105.8598 	 1 
105.8714 	 2 
105.9991 	 0 
105.9991 	 1 
106.1268 	 1 
106.1384 	 0 
106.2777 	 1 
106.3822 	 1 
106.3938 	 2 
106.3938 	 0 
106.6376 	 2 
106.9163 	 0 
106.9163 	 1 
106.9163 	 2 
107.1717 	 1 
107.1833 	 2 
107.2994 	 1 
107.3110 	 0 
107.4387 	 0 
107.4387 	 2 
107.4387 	 1 
107.6941 	 1 
107.7058 	 0 
107.9612 	 2 
108.0889 	 0 
108.0889 	 1 
108.0889 	 2 
108.2166 	 2 
108.2282 	 0 
108.4720 	 1 
108.4836 	 0 
108.4836 	 2 
108.7507 	 1 
108.7623 	 2 
108.9945 	 1 
109.0061 	 0 
109.0061 	 2 
109.2615 	 2 
109.3892 	 0 
109.3892 	 1 
109.5169 	 2 
109.5169 	 1 
109.5285 	 0 
109.7839 	 2 
109.7839 	 1 
110.0394 	 1 
110.0394 	 2 
110.0394 	 0 
110.1671 	 1 
110.1787 	 0 
110.3064 	 0 
110.3064 	 1 
110.5618 	 1 
110.5618 	 2 
110.5734 	 0 
110.8288 	 2 
111.0843 	 1 
111.0959 	 2 
111.0959 	 0 
111.3513 	 2 
111.4790 	 0 
111.6067 	 0 
111.6067 	 2 
111.6183 	 1 
111.8737 	 0 
111.8737 	 1 
112.1292 	 2 
112.1292 	 0 
112.2569 	 2 
112.2569 	 1 
112.2685 	 0 
112.3962 	 2 
112.3962 	 0 
112.6400 	 1 
112.6516 	 2 
112.6632 	 0 
112.9302 	 1 
112.9419 	 2 
113.0115 	 1 
113.1624 	 0 
113.1741 	 2 
113.1741 	 1 
113.3134 	 2 
113.4411 	 2 
113.6965 	 2 
113.6965 	 1 
113.9635 	 2 
114.2073 	 1 
114.2073 	 0 
114.2190 	 2 
114.3467 	 2 
114.4744 	 1 
114.6021 	 2 
114.7298 	 1 
114.7414 	 0 
114.7414 	 2 
115.0084 	 2 
115.2639 	 0 
115.2639 	 2 
115.5309 	 2 
115.7863 	 0 
115.7863 	 2 
115.7863 	 1 
116.3088 	 0 
116.3088 	 2 
116.4365 	 2 
116.5642 	 2 
116.8196 	 1 
116.8312 	 2 
116.8312 	 0 
134.3042 	 2 
134.4668 	 2 
134.8383 	 2 
135.3607 	 2 
136.1270 	 2 
136.4056 	 2 
136.9397 	 2 
137.0790 	 1 
137.4505 	 2 
138.2400 	 2 
138.6463 	 2 
139.3778 	 2 
139.5403 	 2 
140.4807 	 2 
140.5852 	 2 
140.7129 	 1 
141.0961 	 2 
141.3515 	 2 
141.6185 	 2 
142.6286 	 2 
142.7795 	 2 
145.2756 	 2 
147.3306 	 2 
147.4467 	 2 
147.8879 	 2 
150.7323 	 1 
150.7439 	 2 
150.7439 	 0 
150.8717 	 2 
150.9994 	 2 
151.1387 	 1 
151.2548 	 2 
151.2548 	 1 
151.2664 	 0 
151.3941 	 2 
151.5218 	 1 
151.5218 	 2 
151.7424 	 2 
151.7888 	 2 
151.9166 	 0 
152.0443 	 1 
152.0443 	 0 
152.2997 	 0 
152.2997 	 1 
152.3113 	 2 
152.5667 	 2 
152.6596 	 1 
152.6828 	 2 
152.7873 	 2 
152.8221 	 2 
152.8221 	 0 
152.8221 	 1 
153.0892 	 2 
153.0892 	 1 
153.2285 	 0 
153.2285 	 2 
153.3562 	 1 
153.3562 	 0 
153.6116 	 1 
153.6116 	 0 
153.8670 	 0 
153.8786 	 2 
153.9947 	 1 
153.9947 	 2 
154.0063 	 0 
154.1341 	 1 
154.1341 	 2 
154.1341 	 0 
154.3895 	 2 
154.3895 	 0 
154.3895 	 1 
154.6565 	 1 
154.6681 	 2 
154.7610 	 1 
154.9119 	 0 
154.9119 	 1 
154.9119 	 2 
155.0512 	 2 
155.1790 	 2 
155.3067 	 0 
155.3067 	 1 
155.4344 	 2 
155.4344 	 0 
155.4344 	 1 
155.5621 	 2 
155.6898 	 2 
155.7014 	 0 
155.7014 	 1 
155.9568 	 1 
155.9568 	 2 
155.9568 	 0 
156.0845 	 1 
156.0845 	 0 
156.2239 	 1 
156.2239 	 0 
156.4793 	 2 
156.4793 	 1 
156.4793 	 0 
156.7463 	 2 
157.0017 	 1 
157.0017 	 2 
157.0017 	 0 
157.2688 	 2 
157.3849 	 1 
157.3965 	 0 
157.3965 	 2 
157.5242 	 2 
157.5242 	 1 
157.5242 	 0 
157.7912 	 2 
157.7912 	 0 
158.0466 	 2 
158.1743 	 2 
158.1743 	 0 
158.3020 	 2 
158.3137 	 0 
158.5575 	 1 
158.5691 	 0 
158.5691 	 2 
158.8361 	 1 
159.0799 	 1 
159.0799 	 0 
159.0915 	 2 
159.2192 	 2 
159.3469 	 2 
159.4863 	 0 
159.4863 	 1 
159.6024 	 2 
159.6024 	 1 
159.6140 	 0 
159.7301 	 2 
159.7881 	 2 
159.8578 	 2 
159.8694 	 1 
160.1248 	 1 
160.1364 	 2 
160.2641 	 0 
160.3918 	 0 
160.4034 	 1 
160.4615 	 1 
160.6473 	 1 
160.6589 	 0 
160.6589 	 2 
160.9027 	 2 
161.0072 	 2 
161.1117 	 2 
161.1813 	 0 
161.1813 	 1 
161.4367 	 2 
161.4367 	 1 
161.5644 	 1 
161.5761 	 0 
161.6922 	 2 
161.7038 	 1 
161.9592 	 2 
161.9592 	 0 
161.9592 	 1 
162.2146 	 2 
162.2146 	 0 
162.3423 	 2 
162.3423 	 1 
162.3539 	 0 
162.4816 	 0 
162.4816 	 2 
162.7371 	 2 
162.7371 	 1 
162.7371 	 0 
163.0041 	 1 
163.0157 	 2 
163.1086 	 1 
163.1550 	 2 
163.2595 	 1 
163.2595 	 0 
163.2711 	 2 
163.3988 	 2 
163.5265 	 2 
163.6542 	 1 
163.6542 	 0 
163.7820 	 1 
163.7820 	 0 
163.7820 	 2 
163.9213 	 2 
164.0490 	 0 
164.0490 	 2 
164.0490 	 1 
164.3044 	 0 
164.3044 	 2 
164.3044 	 1 
164.4321 	 1 
164.4437 	 0 
164.5598 	 1 
164.5714 	 0 
164.8268 	 1 
164.8268 	 2 
164.8268 	 0 
165.0939 	 2 
165.3493 	 1 
165.3493 	 2 
165.3493 	 0 
165.6163 	 2 
165.7440 	 1 
165.7440 	 0 
165.8717 	 2 
165.8717 	 0 
165.8717 	 1 
166.1272 	 1 
166.1388 	 0 
166.3942 	 2 
166.5219 	 0 
166.5219 	 2 
166.6496 	 2 
166.6612 	 0 
166.9050 	 1 
166.9166 	 2 
166.9166 	 0 
167.1721 	 1 
167.4275 	 1 
167.4391 	 2 
167.4391 	 0 
167.5668 	 2 
167.6945 	 2 
167.8338 	 0 
167.8338 	 1 
167.9499 	 2 
167.9499 	 1 
167.9615 	 0 
168.2170 	 2 
168.2286 	 0 
168.4376 	 2 
168.4724 	 1 
168.4840 	 2 
168.6117 	 0 
168.7510 	 0 
168.9948 	 1 
169.0064 	 0 
169.0180 	 2 
169.2619 	 2 
169.5289 	 0 
169.5289 	 1 
169.7843 	 1 
169.7843 	 2 
169.9120 	 1 
169.9120 	 2 
169.9236 	 0 
170.0397 	 2 
170.0513 	 0 
170.2951 	 1 
170.3068 	 0 
170.4461 	 2 
170.5622 	 2 
170.5622 	 0 
170.6899 	 2 
170.7015 	 0 
170.8292 	 2 
170.8292 	 0 
171.0730 	 1 
171.0846 	 0 
171.0846 	 2 
171.3517 	 1 
171.3633 	 2 
171.4561 	 1 
171.6071 	 2 
171.6071 	 1 
171.6187 	 0 
171.7348 	 2 
171.8741 	 2 
172.0018 	 0 
172.0018 	 1 
172.1295 	 1 
172.1295 	 2 
172.1295 	 0 
172.3966 	 0 
172.3966 	 2 
172.6520 	 0 
172.6520 	 1 
172.6520 	 2 
172.6868 	 2 
172.7797 	 1 
172.7913 	 0 
172.9190 	 0 
173.1628 	 1 
173.1744 	 0 
173.1744 	 2 
173.4415 	 2 
173.6969 	 0 
173.6969 	 1 
173.9639 	 2 
174.0800 	 1 
174.0916 	 0 
174.2193 	 0 
174.2193 	 2 
174.4747 	 1 
174.4863 	 0 
174.7418 	 2 
174.7418 	 0 
174.8695 	 1 
174.8695 	 0 
174.8695 	 2 
174.9972 	 2 
175.0088 	 0 
175.2526 	 1 
175.2642 	 2 
175.2642 	 0 
175.5196 	 1 
175.6241 	 1 
176.8200 	 0 
177.3540 	 0 
177.8765 	 0 
178.3989 	 0 
178.9214 	 0 
179.9663 	 0 
180.9995 	 0 
181.5220 	 0 
