8.9629 	 2 
11.0759 	 2 
11.9234 	 2 
11.9234 	 1 
14.3732 	 2 
14.3732 	 1 
14.9072 	 2 
15.1278 	 2 
15.5806 	 2 
15.5922 	 1 
15.8360 	 2 
15.9173 	 1 
15.9289 	 2 
16.0566 	 2 
16.1843 	 1 
16.1959 	 2 
16.3701 	 1 
16.4746 	 2 
16.4862 	 1 
16.6139 	 2 
16.8809 	 2 
17.0783 	 2 
17.2756 	 1 
17.2756 	 2 
17.8910 	 1 
18.1696 	 1 
18.1696 	 2 
18.8082 	 1 
21.9545 	 1 
21.9661 	 2 
22.3492 	 1 
22.3608 	 2 
22.6046 	 1 
22.6162 	 2 
22.7672 	 2 
25.5536 	 2 
30.9986 	 1 
30.9986 	 2 
31.1263 	 2 
31.2773 	 1 
31.2889 	 2 
31.4514 	 2 
31.5095 	 2 
31.5095 	 1 
31.7881 	 1 
31.7997 	 2 
31.9390 	 2 
32.2873 	 2 
47.2178 	 2 
48.8432 	 2 
49.3656 	 2 
49.8532 	 2 
50.3409 	 2 
54.8223 	 2 
55.2171 	 2 
58.3285 	 1 
58.3401 	 2 
58.8278 	 2 
58.8394 	 1 
58.8510 	 2 
58.9903 	 1 
58.9903 	 2 
59.3270 	 2 
59.3270 	 1 
59.6521 	 2 
59.8262 	 1 
59.8378 	 2 
61.3355 	 2 
61.8580 	 2 
62.3224 	 1 
62.3224 	 2 
62.3224 	 0 
63.3208 	 0 
63.3208 	 1 
63.3208 	 2 
64.3193 	 2 
64.3309 	 1 
64.3309 	 0 
64.5631 	 1 
65.3177 	 0 
65.3293 	 1 
65.3293 	 2 
66.4207 	 1 
66.4207 	 2 
66.5948 	 2 
66.6993 	 2 
67.3263 	 2 
67.3263 	 0 
67.3263 	 1 
68.3131 	 2 
68.4292 	 2 
68.4408 	 1 
68.6614 	 2 
68.6614 	 1 
68.8239 	 2 
69.1026 	 2 
69.3232 	 2 
69.3232 	 1 
69.6599 	 2 
70.3216 	 0 
70.3216 	 2 
70.3216 	 1 
71.3201 	 1 
71.3201 	 0 
71.3317 	 2 
72.3302 	 1 
72.3302 	 0 
72.3302 	 2 
73.3170 	 0 
73.3170 	 1 
73.3286 	 2 
74.3271 	 1 
74.3271 	 0 
74.3271 	 2 
74.7102 	 2 
75.3139 	 0 
75.3139 	 2 
75.3255 	 1 
76.3240 	 0 
76.3240 	 1 
76.3240 	 2 
77.3224 	 1 
77.3224 	 2 
77.3224 	 0 
77.6824 	 2 
78.0655 	 2 
78.3209 	 0 
78.3209 	 1 
78.3209 	 2 
78.7969 	 2 
79.3194 	 2 
79.3194 	 1 
79.3310 	 0 
80.3294 	 2 
80.3294 	 0 
80.3294 	 1 
80.8171 	 2 
81.3163 	 1 
81.3163 	 2 
81.3163 	 0 
82.3147 	 2 
82.4424 	 2 
82.5934 	 2 
82.5934 	 1 
82.7095 	 2 
82.7095 	 0 
82.7095 	 1 
82.8140 	 2 
82.9301 	 2 
83.3132 	 0 
83.3132 	 2 
83.3248 	 1 
84.3117 	 2 
84.4278 	 2 
84.4510 	 1 
84.6600 	 2 
84.6600 	 1 
84.8225 	 2 
85.1011 	 2 
85.3217 	 2 
85.3217 	 1 
86.0880 	 1 
86.3202 	 0 
86.3202 	 2 
86.3202 	 1 
87.3186 	 0 
87.3186 	 2 
87.3302 	 1 
88.3287 	 1 
88.3287 	 0 
88.3287 	 2 
89.3156 	 0 
89.3272 	 1 
89.3272 	 2 
90.3256 	 1 
90.3256 	 0 
90.3256 	 2 
90.9526 	 2 
91.3241 	 2 
91.3241 	 0 
91.3241 	 1 
92.3225 	 2 
92.3225 	 1 
92.3341 	 0 
93.3210 	 2 
93.3210 	 1 
93.3326 	 0 
94.0756 	 2 
94.3195 	 2 
94.3195 	 1 
94.3311 	 0 
95.3179 	 2 
95.3295 	 1 
96.3280 	 0 
96.3280 	 1 
96.3280 	 2 
96.5602 	 1 
97.3264 	 1 
97.3264 	 2 
98.2204 	 0 
98.2204 	 2 
98.2204 	 1 
98.4642 	 2 
98.6964 	 2 
99.3117 	 0 
99.3234 	 2 
99.3234 	 1 
100.3102 	 2 
100.4379 	 2 
100.4495 	 1 
100.6585 	 2 
100.6585 	 1 
100.8210 	 2 
101.1345 	 2 
101.3203 	 1 
101.3319 	 2 
101.6802 	 2 
102.0749 	 2 
102.0865 	 1 
102.1098 	 2 
102.3187 	 2 
102.3187 	 0 
102.3303 	 1 
103.3288 	 1 
103.3288 	 0 
103.3288 	 2 
104.3273 	 0 
104.3273 	 1 
104.3273 	 2 
104.5014 	 1 
104.8265 	 1 
105.3141 	 0 
105.3257 	 2 
105.3257 	 1 
106.3242 	 2 
106.3242 	 1 
106.3242 	 0 
106.7189 	 2 
107.3226 	 2 
107.3226 	 1 
107.3226 	 0 
108.3211 	 1 
108.3211 	 2 
108.3327 	 0 
109.3195 	 1 
109.3312 	 2 
110.0626 	 2 
110.3180 	 2 
110.3296 	 1 
110.3296 	 0 
110.7940 	 2 
110.9217 	 1 
111.3165 	 1 
111.3165 	 0 
111.3281 	 2 
112.3265 	 0 
112.3265 	 1 
112.3265 	 2 
112.8258 	 2 
113.3134 	 2 
113.3134 	 0 
113.3250 	 1 
114.3234 	 2 
114.3234 	 0 
114.3234 	 1 
114.7066 	 2 
115.3219 	 2 
115.3219 	 0 
115.3219 	 1 
116.4249 	 2 
116.4481 	 1 
116.6571 	 2 
116.6571 	 1 
116.8196 	 1 
116.8196 	 2 
117.0982 	 2 
117.3188 	 2 
117.3188 	 1 
117.3188 	 0 
118.0851 	 1 
118.3289 	 1 
118.3289 	 0 
118.3289 	 2 
119.3273 	 1 
119.3273 	 2 
119.3273 	 0 
120.3258 	 2 
120.3258 	 0 
120.3258 	 1 
121.3243 	 0 
121.3243 	 1 
121.3359 	 2 
122.3227 	 0 
122.3227 	 2 
122.3227 	 1 
123.3212 	 1 
123.3328 	 0 
123.3328 	 2 
151.3825 	 1 
151.9049 	 1 
152.1371 	 1 
152.3810 	 1 
154.8307 	 1 
154.8307 	 2 
154.8307 	 0 
155.3183 	 1 
155.3183 	 0 
155.3183 	 2 
155.8291 	 1 
155.8291 	 0 
155.8291 	 2 
158.3253 	 1 
158.3253 	 2 
158.3253 	 0 
159.0219 	 2 
159.3237 	 0 
159.3237 	 1 
159.3353 	 2 
159.5211 	 2 
160.3222 	 0 
160.3222 	 2 
160.3222 	 1 
160.5544 	 1 
161.3206 	 0 
161.3206 	 1 
161.3322 	 2 
161.7270 	 0 
161.7386 	 2 
161.7386 	 1 
162.0288 	 1 
162.0288 	 0 
162.0288 	 2 
162.1566 	 2 
162.3075 	 2 
162.3655 	 2 
162.4584 	 2 
162.4700 	 1 
162.6093 	 2 
162.6906 	 1 
163.0041 	 2 
163.3292 	 1 
163.3292 	 0 
163.3292 	 2 
164.3276 	 1 
164.3276 	 2 
164.4437 	 2 
164.6643 	 2 
164.6643 	 1 
164.6643 	 0 
164.8268 	 2 
165.1055 	 2 
165.3261 	 1 
165.3377 	 2 
165.3957 	 2 
165.4073 	 1 
165.6860 	 1 
165.6860 	 0 
165.6860 	 2 
165.9298 	 1 
165.9298 	 0 
165.9298 	 2 
166.0575 	 0 
166.0575 	 2 
166.1736 	 0 
166.1736 	 2 
166.2200 	 1 
166.3245 	 0 
166.3245 	 2 
166.3245 	 1 
166.4058 	 2 
167.3230 	 1 
167.3230 	 0 
167.3346 	 2 
168.3215 	 1 
168.3215 	 2 
168.3215 	 0 
169.3199 	 1 
169.3199 	 0 
169.3315 	 2 
169.7263 	 0 
169.7379 	 2 
169.7379 	 1 
170.0281 	 2 
170.0281 	 0 
170.0281 	 1 
170.3068 	 2 
170.4461 	 1 
170.4577 	 2 
171.0034 	 2 
171.3284 	 0 
171.3284 	 2 
171.3284 	 1 
171.4329 	 2 
172.3269 	 1 
172.3269 	 2 
172.4546 	 2 
172.6520 	 0 
172.6636 	 2 
172.6636 	 1 
172.8261 	 2 
172.9422 	 0 
172.9422 	 2 
172.9422 	 1 
173.3137 	 2 
173.3254 	 1 
173.3834 	 1 
174.0684 	 2 
174.0800 	 1 
174.3238 	 1 
174.3238 	 2 
174.3238 	 0 
175.3223 	 0 
175.3223 	 1 
175.3339 	 2 
176.3207 	 0 
176.3207 	 1 
176.3323 	 2 
176.5529 	 1 
177.3192 	 1 
177.3192 	 0 
177.3308 	 2 
177.7255 	 0 
177.7371 	 1 
177.7371 	 2 
178.0274 	 1 
178.0274 	 2 
178.0274 	 0 
178.3176 	 2 
178.3757 	 2 
178.4570 	 2 
178.4686 	 1 
178.6079 	 2 
178.6892 	 1 
179.0026 	 2 
179.3277 	 0 
179.3277 	 1 
179.3277 	 2 
179.4322 	 2 
180.3262 	 1 
180.3262 	 2 
180.4539 	 2 
180.6629 	 2 
180.6629 	 1 
180.6629 	 0 
180.8254 	 2 
181.3246 	 2 
181.3246 	 1 
181.4059 	 2 
181.4059 	 1 
181.6845 	 1 
181.6845 	 2 
181.6845 	 0 
181.9283 	 0 
181.9283 	 2 
181.9283 	 1 
182.0561 	 0 
182.0677 	 2 
182.1722 	 0 
182.1838 	 2 
182.2186 	 1 
182.3231 	 2 
182.3231 	 0 
182.3231 	 1 
182.4160 	 2 
183.3215 	 1 
183.3332 	 0 
183.3332 	 2 
184.3200 	 1 
184.3200 	 0 
184.3316 	 2 
184.5522 	 1 
185.3185 	 1 
185.3301 	 2 
185.3301 	 0 
185.7364 	 2 
185.7480 	 1 
186.0267 	 1 
186.0267 	 0 
186.0267 	 2 
186.3053 	 2 
186.4562 	 2 
186.4562 	 1 
187.0135 	 2 
187.3270 	 1 
187.3270 	 0 
187.3386 	 2 
187.4315 	 2 
188.3138 	 2 
188.3254 	 1 
188.8131 	 2 
188.8363 	 1 
188.9408 	 1 
188.9408 	 2 
189.1962 	 2 
189.3239 	 2 
189.3820 	 2 
190.0553 	 1 
190.0669 	 2 
190.1250 	 2 
190.3224 	 2 
190.3224 	 1 
190.3224 	 0 
191.3208 	 0 
191.3208 	 1 
191.3324 	 2 
191.8200 	 2 
191.8200 	 1 
192.3309 	 2 
192.3309 	 0 
192.3309 	 1 
192.5515 	 1 
192.8301 	 2 
193.3293 	 2 
193.3293 	 1 
193.3293 	 0 
193.7357 	 2 
193.7473 	 1 
194.0259 	 0 
194.0376 	 2 
194.0376 	 1 
194.4439 	 2 
194.4671 	 1 
194.5948 	 2 
194.8270 	 2 
195.3263 	 0 
195.3263 	 1 
195.3379 	 2 
195.4307 	 2 
195.8255 	 1 
195.8255 	 2 
196.3247 	 1 
196.3247 	 2 
196.4524 	 2 
196.6614 	 0 
196.6614 	 2 
196.6614 	 1 
196.8239 	 1 
196.8356 	 2 
197.3232 	 2 
197.3232 	 1 
197.3928 	 1 
197.6831 	 2 
197.6947 	 0 
197.6947 	 1 
197.8108 	 2 
197.9269 	 0 
197.9269 	 2 
197.9501 	 1 
198.0662 	 2 
198.1707 	 0 
198.1823 	 2 
198.3216 	 1 
198.3216 	 0 
198.3216 	 2 
198.4145 	 2 
198.8325 	 2 
198.8325 	 1 
199.3201 	 1 
199.3317 	 0 
199.3317 	 2 
199.4362 	 2 
199.8193 	 2 
199.8309 	 1 
200.3302 	 0 
200.3302 	 1 
200.3302 	 2 
200.5507 	 1 
200.8294 	 2 
201.3170 	 1 
201.3286 	 2 
201.3286 	 0 
201.7350 	 2 
202.0252 	 0 
202.0368 	 1 
202.0368 	 2 
202.3039 	 2 
202.4548 	 2 
202.4548 	 1 
202.8263 	 2 
202.8263 	 1 
203.0121 	 2 
203.0817 	 2 
203.3255 	 1 
203.3371 	 2 
203.3371 	 0 
203.4300 	 2 
203.8248 	 2 
203.8248 	 0 
203.8248 	 1 
204.3240 	 2 
204.4517 	 2 
204.6607 	 1 
204.6607 	 2 
204.8348 	 2 
204.9393 	 1 
204.9393 	 0 
204.9393 	 2 
205.3224 	 1 
205.3224 	 2 
205.3805 	 1 
205.8217 	 2 
205.8217 	 0 
205.8217 	 1 
206.0887 	 2 
206.1235 	 1 
206.3209 	 0 
206.3209 	 2 
206.3209 	 1 
207.3194 	 0 
207.3194 	 1 
207.3310 	 2 
207.8186 	 1 
207.8186 	 2 
208.3294 	 0 
208.3294 	 1 
208.3294 	 2 
208.5500 	 1 
208.8287 	 2 
209.3279 	 0 
209.3279 	 1 
209.3279 	 2 
209.7342 	 2 
209.7459 	 1 
210.0245 	 0 
210.0361 	 1 
210.0361 	 2 
210.4541 	 2 
210.4657 	 1 
210.5934 	 2 
210.8256 	 1 
210.8372 	 2 
211.3248 	 0 
211.3248 	 1 
211.3364 	 2 
211.4293 	 2 
211.8240 	 1 
211.8240 	 2 
212.3233 	 2 
212.3233 	 1 
212.4510 	 2 
212.6600 	 2 
212.6600 	 0 
212.6600 	 1 
212.8341 	 1 
212.8341 	 2 
213.3217 	 1 
213.3333 	 2 
213.4030 	 2 
213.4030 	 1 
213.6816 	 2 
213.6932 	 1 
213.8093 	 2 
213.9254 	 2 
213.9371 	 0 
213.9371 	 1 
214.0648 	 2 
214.1809 	 0 
214.1809 	 2 
214.3202 	 0 
214.3202 	 2 
214.3202 	 1 
214.8310 	 2 
214.8310 	 1 
215.3186 	 1 
215.3302 	 0 
215.3302 	 2 
215.8179 	 2 
215.8295 	 1 
216.3287 	 2 
216.3287 	 0 
216.3287 	 1 
216.5493 	 1 
216.8279 	 2 
217.3272 	 2 
217.3272 	 0 
217.3272 	 1 
217.7335 	 1 
217.7335 	 2 
218.0238 	 0 
218.0354 	 1 
218.0354 	 2 
218.3140 	 2 
218.4533 	 1 
218.4533 	 2 
218.8249 	 1 
218.8249 	 0 
218.8249 	 2 
219.0106 	 2 
219.0803 	 2 
219.3241 	 1 
219.3357 	 0 
219.3357 	 2 
219.4286 	 2 
219.8233 	 1 
219.8233 	 0 
219.8233 	 2 
220.3225 	 2 
220.8218 	 2 
220.8218 	 1 
220.8218 	 0 
220.9379 	 1 
220.9379 	 2 
221.1933 	 1 
221.1933 	 2 
221.3907 	 2 
221.8202 	 0 
221.8202 	 2 
221.8318 	 1 
222.0873 	 2 
222.1221 	 1 
222.1337 	 2 
222.2614 	 2 
