0.4296 	 0 
0.5224 	 1 
0.8824 	 1 
0.9985 	 2 
1.1029 	 2 
1.2190 	 2 
1.3351 	 1 
1.3700 	 1 
1.4048 	 1 
1.5557 	 2 
1.6602 	 0 
1.7763 	 2 
1.8808 	 1 
1.9853 	 0 
2.1130 	 2 
2.2407 	 0 
2.3336 	 2 
2.4497 	 2 
2.6703 	 0 
2.7864 	 2 
2.9025 	 2 
3.0070 	 2 
3.0070 	 1 
3.1231 	 0 
3.1231 	 1 
3.1579 	 1 
3.3437 	 1 
3.3437 	 2 
3.4598 	 2 
3.5643 	 2 
3.6804 	 2 
3.7849 	 0 
3.9126 	 2 
4.0171 	 2 
4.0287 	 0 
4.1332 	 2 
4.3537 	 2 
4.4582 	 1 
4.5743 	 2 
4.6904 	 2 
4.7949 	 1 
4.7949 	 2 
4.9226 	 1 
5.0039 	 1 
5.0271 	 2 
5.1316 	 2 
5.1316 	 1 
5.2477 	 2 
5.2593 	 0 
5.3638 	 2 
5.4683 	 1 
5.4683 	 2 
5.5844 	 2 
5.7005 	 2 
5.8166 	 0 
5.8166 	 2 
5.9211 	 2 
6.0256 	 2 
6.1417 	 2 
6.3739 	 2 
6.4784 	 2 
6.5712 	 1 
6.5945 	 2 
6.7106 	 1 
6.8151 	 2 
6.9195 	 2 
7.0356 	 2 
7.0356 	 0 
7.1517 	 2 
7.2562 	 2 
7.3607 	 0 
7.4768 	 2 
7.5929 	 2 
7.7090 	 2 
7.8251 	 2 
8.0457 	 1 
8.0457 	 2 
8.1618 	 2 
8.3708 	 1 
8.3824 	 2 
8.4985 	 1 
8.7191 	 2 
8.8352 	 0 
8.9397 	 2 
9.0442 	 2 
9.1603 	 0 
9.1603 	 1 
9.2764 	 2 
9.4970 	 1 
9.5086 	 2 
9.6131 	 2 
9.8337 	 0 
9.8337 	 1 
9.9498 	 2 
10.0659 	 2 
10.1703 	 1 
10.1820 	 2 
10.2864 	 0 
10.3445 	 1 
10.5070 	 1 
10.5070 	 2 
10.6231 	 2 
10.7392 	 2 
10.8437 	 2 
10.8437 	 1 
10.9598 	 1 
11.0411 	 1 
11.0759 	 2 
11.1920 	 0 
11.1920 	 2 
11.2965 	 2 
11.5055 	 1 
11.5287 	 2 
11.6100 	 1 
11.6332 	 0 
11.7377 	 2 
11.9699 	 2 
12.0860 	 1 
12.2950 	 2 
12.4111 	 2 
12.4227 	 0 
12.5272 	 2 
12.6317 	 2 
12.7478 	 2 
12.7478 	 0 
12.9800 	 0 
13.0844 	 2 
13.2005 	 2 
13.3166 	 2 
13.4211 	 0 
13.5372 	 2 
13.6417 	 2 
13.7578 	 2 
13.8739 	 1 
13.9784 	 2 
14.1990 	 2 
14.4312 	 2 
14.5357 	 2 
14.5473 	 0 
14.6518 	 2 
14.7679 	 0 
15.2091 	 0 
15.2207 	 2 
15.5458 	 2 
15.6619 	 2 
15.7663 	 2 
15.8708 	 2 
15.9869 	 2 
15.9869 	 0 
16.3236 	 0 
16.3352 	 2 
16.5558 	 2 
16.5674 	 0 
16.8925 	 2 
16.9970 	 0 
17.0086 	 2 
17.2176 	 2 
17.3337 	 2 
17.4498 	 1 
17.4498 	 2 
17.7981 	 0 
17.7981 	 2 
18.0071 	 2 
18.1232 	 2 
18.1232 	 0 
18.3554 	 0 
18.3554 	 2 
18.5644 	 2 
18.6805 	 2 
18.7966 	 0 
18.8082 	 2 
19.1216 	 2 
19.2377 	 2 
19.4583 	 2 
19.5860 	 2 
19.5860 	 0 
19.9227 	 2 
19.9227 	 0 
20.1433 	 0 
20.1433 	 2 
20.4684 	 2 
20.5845 	 0 
20.5845 	 2 
20.9212 	 2 
21.0373 	 2 
21.1650 	 2 
21.2463 	 2 
21.3624 	 2 
21.3740 	 0 
21.5946 	 2 
21.6874 	 0 
21.7107 	 2 
21.9312 	 0 
21.9312 	 2 
22.0473 	 2 
22.1518 	 2 
22.2563 	 2 
22.3840 	 2 
22.3840 	 0 
22.7091 	 2 
22.8136 	 1 
22.8252 	 2 
23.1503 	 2 
23.1503 	 0 
23.4870 	 0 
23.4870 	 2 
23.7192 	 2 
23.7308 	 0 
23.9398 	 2 
24.0559 	 2 
24.1604 	 0 
24.1720 	 2 
24.4971 	 2 
24.6132 	 2 
24.6132 	 1 
24.9498 	 2 
24.9731 	 0 
25.1704 	 2 
25.2865 	 2 
25.2865 	 0 
25.5187 	 2 
25.5303 	 0 
25.6348 	 2 
25.7277 	 2 
25.8438 	 2 
25.9599 	 0 
25.9715 	 2 
26.2850 	 2 
26.4011 	 2 
26.6217 	 2 
26.7494 	 0 
26.7494 	 2 
26.8307 	 2 
26.9584 	 2 
27.0861 	 2 
27.0861 	 0 
27.3067 	 2 
27.3067 	 0 
27.6317 	 2 
27.7478 	 0 
27.7478 	 2 
27.8407 	 2 
28.0845 	 2 
28.2122 	 2 
28.4096 	 2 
28.5257 	 0 
28.5257 	 2 
28.8508 	 0 
28.8740 	 2 
29.0946 	 0 
29.0946 	 2 
29.5358 	 0 
29.5474 	 2 
29.8725 	 2 
29.9886 	 2 
30.3137 	 2 
30.3137 	 0 
30.6503 	 0 
30.6620 	 2 
30.8825 	 2 
30.8941 	 0 
31.2192 	 2 
31.3237 	 0 
31.3353 	 2 
31.5559 	 2 
31.6604 	 2 
31.7881 	 2 
32.1248 	 0 
32.1248 	 2 
32.3222 	 2 
32.4499 	 0 
32.4499 	 2 
32.6821 	 2 
32.6937 	 0 
32.7982 	 2 
33.0072 	 2 
33.1233 	 0 
33.1349 	 2 
33.4483 	 2 
33.5644 	 2 
33.7850 	 2 
33.9127 	 2 
33.9127 	 0 
34.2494 	 2 
34.2494 	 0 
34.4700 	 0 
34.4700 	 2 
34.7951 	 2 
34.8299 	 1 
34.9112 	 2 
34.9112 	 0 
35.1318 	 2 
35.2479 	 2 
35.3640 	 1 
35.3640 	 2 
35.6891 	 2 
35.7007 	 0 
36.0141 	 0 
36.0374 	 2 
36.2580 	 0 
36.2580 	 2 
36.5946 	 2 
36.6991 	 0 
36.7107 	 2 
37.0358 	 2 
37.1519 	 1 
37.1519 	 2 
37.4770 	 2 
37.4770 	 0 
37.8137 	 0 
37.8137 	 2 
38.0459 	 2 
38.0575 	 0 
38.3826 	 2 
38.4871 	 0 
38.4987 	 2 
38.6148 	 2 
38.7193 	 2 
38.8238 	 2 
38.9399 	 1 
38.9399 	 0 
38.9399 	 2 
38.9631 	 1 
39.2882 	 0 
39.2882 	 2 
39.6132 	 0 
39.6132 	 2 
39.8454 	 2 
39.8571 	 0 
39.9615 	 2 
40.1705 	 2 
40.2866 	 0 
40.2982 	 2 
40.6117 	 2 
40.7394 	 2 
40.9484 	 2 
41.0761 	 2 
41.0761 	 0 
41.4128 	 2 
41.4128 	 0 
41.6334 	 2 
41.6450 	 0 
41.9585 	 2 
42.0746 	 0 
42.0746 	 2 
42.4112 	 2 
42.5273 	 2 
42.5273 	 1 
42.8524 	 2 
42.8640 	 0 
43.1775 	 0 
43.1891 	 2 
