7.1866 	 2 
7.6045 	 2 
8.0109 	 0 
8.0109 	 2 
8.0225 	 1 
8.6494 	 1 
8.6494 	 2 
8.6494 	 0 
9.2880 	 2 
9.7059 	 1 
9.7176 	 2 
10.3445 	 0 
10.3445 	 2 
10.3445 	 1 
10.5651 	 2 
11.1920 	 2 
11.8073 	 1 
11.8190 	 2 
12.4575 	 1 
12.4575 	 2 
13.9436 	 2 
14.5705 	 2 
14.7795 	 1 
14.7795 	 2 
14.7795 	 0 
15.4180 	 0 
15.4180 	 1 
15.4180 	 2 
16.4629 	 1 
16.4746 	 2 
17.1015 	 2 
17.1015 	 1 
17.1015 	 0 
17.3221 	 2 
17.7400 	 2 
17.9490 	 2 
18.5760 	 2 
19.2029 	 2 
19.2145 	 1 
20.6890 	 1 
20.6890 	 2 
20.6890 	 0 
20.8399 	 2 
20.8515 	 1 
20.9096 	 1 
20.9212 	 2 
21.1185 	 2 
21.1185 	 1 
21.1302 	 0 
21.2695 	 2 
21.2811 	 1 
21.3391 	 1 
21.3391 	 2 
21.5481 	 1 
21.5481 	 2 
21.9429 	 2 
21.9545 	 1 
21.9545 	 0 
22.1518 	 1 
22.1634 	 2 
22.1634 	 0 
22.3724 	 1 
22.3724 	 0 
22.3724 	 2 
22.5930 	 1 
22.5930 	 2 
22.5930 	 0 
22.7091 	 0 
22.7091 	 2 
22.7091 	 1 
22.8020 	 0 
22.8020 	 1 
22.8020 	 2 
22.9181 	 2 
22.9181 	 0 
23.0110 	 2 
23.0110 	 1 
23.0342 	 2 
23.1271 	 1 
23.1271 	 2 
23.1271 	 0 
23.4289 	 2 
23.6495 	 2 
23.7308 	 1 
23.7424 	 2 
23.7888 	 1 
23.8005 	 2 
23.8585 	 1 
23.8585 	 2 
23.8701 	 0 
23.9514 	 1 
23.9514 	 2 
24.0094 	 0 
24.0094 	 2 
24.0094 	 1 
24.0675 	 1 
24.0675 	 2 
24.0791 	 0 
24.2184 	 2 
24.2300 	 1 
24.2300 	 0 
24.2881 	 2 
24.2881 	 1 
24.4390 	 2 
24.4390 	 1 
24.4971 	 1 
24.4971 	 0 
24.5087 	 2 
24.6596 	 2 
24.6596 	 1 
24.7176 	 1 
24.7176 	 2 
24.9150 	 0 
24.9150 	 2 
24.9150 	 1 
25.3214 	 2 
25.5303 	 0 
25.5303 	 2 
25.5303 	 1 
25.7509 	 1 
25.7509 	 2 
25.7509 	 0 
25.9715 	 1 
25.9715 	 2 
25.9715 	 0 
26.0876 	 2 
26.1921 	 1 
26.2037 	 2 
26.4127 	 2 
26.6217 	 2 
26.8074 	 2 
26.8190 	 0 
26.8190 	 1 
26.9700 	 1 
26.9816 	 0 
26.9816 	 2 
27.0280 	 1 
27.0396 	 2 
27.0396 	 0 
27.1093 	 2 
27.1093 	 0 
27.1093 	 1 
27.1906 	 1 
27.1906 	 2 
27.2486 	 2 
27.2486 	 0 
27.2486 	 1 
27.3183 	 2 
27.3183 	 0 
27.3183 	 1 
27.3995 	 2 
27.3995 	 0 
27.3995 	 1 
27.4460 	 2 
27.4576 	 0 
27.4576 	 1 
27.6666 	 2 
27.8756 	 1 
27.8756 	 0 
27.8756 	 2 
28.0961 	 1 
28.0961 	 2 
28.2935 	 0 
28.2935 	 1 
28.2935 	 2 
28.6999 	 2 
28.8044 	 0 
28.8044 	 1 
28.8044 	 2 
28.9088 	 2 
28.9205 	 0 
28.9205 	 1 
29.1294 	 2 
29.1294 	 0 
29.1294 	 1 
29.3500 	 2 
29.3500 	 1 
29.5590 	 2 
29.5590 	 1 
29.5706 	 0 
29.6751 	 2 
29.7796 	 2 
29.8841 	 2 
29.9886 	 2 
30.3485 	 2 
30.3485 	 1 
30.4065 	 0 
30.4065 	 1 
30.4065 	 2 
30.4878 	 1 
30.4994 	 2 
30.5691 	 1 
30.5691 	 2 
30.6039 	 2 
30.6271 	 2 
30.7084 	 2 
30.7780 	 2 
30.8245 	 2 
30.8361 	 0 
30.8361 	 1 
31.0567 	 2 
31.2541 	 1 
31.2657 	 2 
31.4630 	 2 
31.6720 	 1 
31.6720 	 0 
31.6720 	 2 
32.1248 	 1 
32.2873 	 1 
32.2873 	 0 
32.2873 	 2 
32.3106 	 2 
32.5079 	 0 
32.5079 	 2 
32.5195 	 1 
32.7401 	 2 
32.8446 	 2 
33.0420 	 1 
33.0536 	 2 
33.3671 	 2 
33.3671 	 1 
33.3671 	 0 
34.3191 	 1 
34.3191 	 2 
35.0621 	 2 
35.4917 	 2 
35.5614 	 1 
35.5730 	 2 
35.5846 	 0 
35.9097 	 2 
36.3276 	 2 
36.7572 	 2 
36.8965 	 1 
36.9894 	 2 
37.2680 	 2 
37.5815 	 1 
37.5931 	 0 
37.5931 	 2 
37.7324 	 2 
38.0111 	 1 
38.0111 	 2 
38.2433 	 2 
38.4406 	 1 
38.4406 	 2 
38.5335 	 2 
38.5451 	 1 
38.8470 	 2 
38.8470 	 0 
38.8586 	 1 
39.0560 	 1 
39.0676 	 2 
39.2766 	 1 
39.2766 	 0 
39.2766 	 2 
39.4971 	 1 
39.4971 	 2 
39.7061 	 2 
39.7177 	 1 
39.9267 	 1 
39.9267 	 2 
40.1009 	 2 
40.1241 	 1 
40.3331 	 2 
40.4956 	 2 
40.5420 	 1 
40.5420 	 0 
40.5537 	 2 
40.6930 	 2 
40.7510 	 1 
40.7626 	 2 
40.7626 	 0 
40.9716 	 2 
40.9716 	 1 
40.9716 	 0 
41.1806 	 2 
41.1922 	 1 
41.4012 	 2 
41.4012 	 1 
41.6102 	 2 
41.6218 	 1 
41.8191 	 0 
41.8191 	 1 
41.8191 	 2 
42.4229 	 1 
42.4229 	 2 
42.6551 	 2 
42.6667 	 0 
42.6667 	 1 
42.8640 	 1 
42.8640 	 2 
42.8756 	 0 
43.0846 	 1 
43.0846 	 2 
43.2472 	 2 
43.4910 	 2 
43.4910 	 1 
43.9089 	 2 
44.0018 	 2 
44.0134 	 1 
44.0831 	 2 
44.2224 	 2 
44.2224 	 1 
44.3501 	 1 
44.3501 	 0 
44.3501 	 2 
44.5707 	 2 
44.7797 	 2 
44.7797 	 1 
44.9887 	 2 
45.1976 	 1 
45.1976 	 2 
45.6156 	 2 
45.6156 	 1 
45.7201 	 2 
45.8130 	 0 
45.8130 	 1 
45.8130 	 2 
46.0336 	 1 
46.0336 	 2 
46.0336 	 0 
46.2425 	 2 
46.2541 	 1 
46.4747 	 1 
46.4747 	 2 
46.6837 	 2 
46.8695 	 1 
46.8811 	 2 
47.0552 	 2 
47.2990 	 2 
47.4035 	 2 
47.4616 	 2 
47.5196 	 1 
47.5196 	 2 
47.5196 	 0 
47.7286 	 0 
47.7286 	 1 
47.7402 	 2 
48.1582 	 2 
48.1582 	 1 
48.1582 	 0 
48.3788 	 2 
48.5761 	 1 
48.5761 	 2 
48.5878 	 0 
48.8780 	 2 
49.0057 	 2 
49.0870 	 2 
49.1915 	 0 
49.2031 	 2 
49.4121 	 2 
49.4121 	 1 
49.6327 	 1 
49.6443 	 2 
49.8416 	 1 
49.8416 	 2 
49.8532 	 0 
49.9461 	 2 
50.0622 	 2 
50.2364 	 2 
50.2480 	 1 
50.3525 	 2 
50.6311 	 2 
50.6892 	 2 
50.6892 	 1 
50.7820 	 2 
50.8401 	 2 
50.8401 	 1 
50.9910 	 2 
51.0607 	 2 
51.1071 	 2 
51.1071 	 1 
51.1187 	 0 
51.5483 	 2 
51.7457 	 2 
51.7457 	 1 
51.7457 	 0 
51.9546 	 1 
51.9546 	 2 
52.0707 	 2 
52.2565 	 2 
52.3842 	 0 
52.3842 	 2 
52.3842 	 1 
52.8022 	 2 
52.8022 	 0 
52.8022 	 1 
53.0112 	 1 
53.0112 	 2 
53.2201 	 2 
53.2317 	 1 
53.4407 	 2 
53.4407 	 1 
53.6265 	 2 
53.6381 	 1 
53.8703 	 2 
54.0677 	 2 
54.0793 	 1 
54.2883 	 2 
54.2883 	 1 
54.4856 	 2 
54.4972 	 1 
54.4972 	 0 
54.7062 	 2 
54.9152 	 2 
54.9268 	 1 
55.1242 	 2 
55.1358 	 1 
55.3332 	 1 
55.3448 	 0 
55.3448 	 2 
55.6350 	 2 
55.7511 	 2 
55.7511 	 1 
55.8556 	 2 
56.1923 	 2 
56.1923 	 1 
56.1923 	 0 
56.3897 	 1 
56.3897 	 2 
56.6102 	 1 
56.6102 	 2 
56.6915 	 2 
57.0166 	 1 
57.0166 	 2 
57.4462 	 2 
57.4578 	 1 
57.8757 	 1 
57.8757 	 2 
57.8757 	 0 
58.0847 	 2 
58.3053 	 1 
58.3053 	 2 
58.5143 	 1 
58.5143 	 2 
58.5143 	 0 
58.7117 	 1 
58.7117 	 2 
58.7233 	 0 
59.1412 	 2 
59.1412 	 1 
59.1412 	 0 
59.3386 	 0 
59.3386 	 1 
59.3386 	 2 
59.5592 	 0 
59.5592 	 1 
59.5592 	 2 
59.7682 	 1 
59.7682 	 0 
59.7682 	 2 
59.8727 	 2 
59.9888 	 2 
59.9888 	 1 
60.1977 	 2 
60.2093 	 1 
60.3951 	 2 
60.3951 	 1 
60.6157 	 2 
60.6157 	 1 
60.7782 	 2 
60.8247 	 1 
60.8247 	 2 
60.8247 	 0 
60.9872 	 2 
61.0337 	 1 
61.0337 	 2 
61.0453 	 0 
61.2542 	 2 
61.2542 	 0 
61.2542 	 1 
61.4632 	 0 
61.4632 	 2 
61.4748 	 1 
61.6722 	 1 
61.6722 	 0 
61.6722 	 2 
61.8812 	 2 
61.8928 	 0 
61.8928 	 1 
62.1018 	 1 
62.1018 	 2 
62.1018 	 0 
62.3107 	 1 
62.5081 	 2 
62.5081 	 1 
62.7171 	 1 
62.7171 	 0 
62.7171 	 2 
62.9377 	 1 
62.9377 	 0 
62.9377 	 2 
63.1467 	 0 
63.1467 	 2 
63.1467 	 1 
63.3673 	 0 
63.3673 	 2 
63.3673 	 1 
63.4834 	 2 
63.5878 	 1 
63.5878 	 2 
63.6807 	 2 
63.7736 	 2 
63.7852 	 1 
63.9942 	 1 
63.9942 	 2 
64.1567 	 2 
64.2148 	 2 
64.2148 	 1 
64.2148 	 0 
64.2961 	 2 
64.3657 	 2 
64.3657 	 1 
64.4354 	 2 
64.5050 	 2 
64.5050 	 1 
64.5863 	 2 
64.6327 	 0 
64.6327 	 2 
64.6327 	 1 
64.8533 	 2 
65.0623 	 2 
65.2713 	 2 
65.4803 	 1 
65.4803 	 2 
65.4803 	 0 
65.7125 	 2 
65.8866 	 2 
65.8982 	 1 
66.0956 	 1 
66.0956 	 2 
66.0956 	 0 
66.3162 	 2 
66.3162 	 0 
66.3278 	 1 
66.5252 	 2 
66.5368 	 0 
66.5368 	 1 
66.7458 	 2 
66.7574 	 1 
66.8851 	 2 
67.1521 	 2 
67.1521 	 1 
67.3727 	 2 
67.5817 	 2 
67.6746 	 2 
67.7442 	 2 
67.8023 	 1 
67.8023 	 2 
67.8023 	 0 
68.0112 	 2 
68.0112 	 0 
68.0112 	 1 
68.2202 	 2 
68.2318 	 1 
68.4408 	 2 
68.6498 	 2 
68.8588 	 2 
68.8588 	 0 
68.8588 	 1 
69.0794 	 2 
69.0910 	 1 
69.2767 	 2 
69.4741 	 1 
69.4741 	 2 
69.7063 	 2 
69.7063 	 1 
69.9153 	 2 
69.9153 	 1 
70.1243 	 1 
70.1359 	 2 
70.3332 	 2 
70.3449 	 1 
70.5422 	 2 
70.5422 	 1 
70.7512 	 2 
70.7512 	 1 
70.9718 	 2 
71.0415 	 0 
71.0531 	 1 
71.0531 	 2 
71.1343 	 2 
71.1808 	 1 
71.1924 	 2 
71.2620 	 2 
71.3317 	 2 
71.3898 	 2 
71.4014 	 0 
71.4014 	 1 
71.6103 	 2 
71.6103 	 0 
71.6220 	 1 
71.7032 	 2 
71.8193 	 1 
71.8193 	 0 
71.8193 	 2 
71.9238 	 2 
72.0283 	 1 
72.0283 	 0 
72.0283 	 2 
72.2373 	 0 
72.2373 	 2 
72.2489 	 1 
72.6552 	 0 
72.6552 	 2 
72.6668 	 1 
72.8526 	 1 
72.8526 	 2 
73.0848 	 2 
73.0848 	 0 
73.0848 	 1 
73.2822 	 0 
73.2822 	 2 
73.2938 	 1 
73.3983 	 2 
73.5028 	 2 
73.6189 	 2 
73.7234 	 2 
73.9091 	 2 
73.9207 	 1 
74.1413 	 2 
74.1413 	 1 
74.2922 	 1 
74.3039 	 2 
74.3503 	 2 
74.3503 	 1 
74.3503 	 0 
74.5593 	 1 
74.5593 	 2 
74.5593 	 0 
74.7683 	 2 
74.7683 	 0 
74.7799 	 1 
74.9772 	 2 
74.9888 	 1 
74.9888 	 0 
75.1978 	 1 
75.1978 	 2 
75.1978 	 0 
75.4068 	 1 
75.4068 	 2 
75.4068 	 0 
75.6158 	 0 
75.6158 	 1 
75.6274 	 2 
76.0337 	 2 
76.0337 	 1 
76.1266 	 2 
76.2311 	 2 
76.2427 	 1 
76.4517 	 1 
76.4633 	 2 
76.6723 	 2 
76.6723 	 0 
76.6723 	 1 
76.8929 	 2 
76.8929 	 0 
76.8929 	 1 
76.9974 	 2 
77.1019 	 2 
77.2876 	 2 
77.2992 	 1 
77.6707 	 2 
77.7288 	 2 
77.7404 	 1 
77.8217 	 2 
77.8913 	 2 
77.9494 	 2 
78.0307 	 2 
78.1003 	 2 
78.1584 	 0 
78.1584 	 2 
78.1584 	 1 
78.3790 	 2 
78.3790 	 1 
78.5763 	 2 
78.5763 	 1 
78.6808 	 2 
78.7853 	 2 
78.7969 	 1 
79.0059 	 1 
79.0059 	 2 
79.0988 	 2 
79.4122 	 2 
79.4239 	 0 
79.4239 	 1 
79.6212 	 2 
79.8418 	 2 
79.8418 	 0 
79.8418 	 1 
80.0508 	 2 
80.0508 	 1 
80.2714 	 2 
80.2714 	 1 
80.4804 	 1 
80.4920 	 2 
80.6777 	 0 
80.6777 	 2 
80.6893 	 1 
80.8983 	 2 
80.8983 	 1 
81.0609 	 2 
81.1073 	 2 
81.1073 	 1 
81.2698 	 2 
81.2698 	 1 
81.3163 	 2 
81.3163 	 1 
81.3279 	 0 
81.5369 	 0 
81.5369 	 1 
81.5369 	 2 
81.7459 	 1 
81.7459 	 2 
81.9548 	 2 
81.9664 	 1 
82.1754 	 1 
82.1754 	 2 
82.3844 	 2 
82.3844 	 0 
82.3844 	 1 
82.6746 	 2 
82.7907 	 2 
82.8024 	 1 
82.8836 	 2 
82.9997 	 2 
82.9997 	 1 
83.2203 	 1 
83.2203 	 0 
83.2203 	 2 
83.4409 	 2 
83.4409 	 1 
83.6499 	 2 
83.8589 	 1 
83.8589 	 2 
84.0562 	 1 
84.0678 	 2 
84.4858 	 2 
84.5671 	 1 
84.5671 	 2 
84.6948 	 2 
84.7064 	 1 
84.7180 	 2 
84.7877 	 1 
84.7877 	 2 
84.8573 	 2 
84.9154 	 2 
84.9154 	 0 
84.9154 	 1 
85.1244 	 2 
85.3333 	 2 
85.3333 	 1 
85.5539 	 2 
85.5539 	 1 
85.7513 	 2 
85.7629 	 1 
86.1693 	 2 
86.1809 	 1 
86.3782 	 1 
86.3782 	 2 
86.5988 	 2 
86.5988 	 1 
86.5988 	 0 
86.8078 	 2 
86.8194 	 1 
87.0284 	 2 
87.0284 	 1 
87.2490 	 2 
87.2490 	 1 
87.4347 	 2 
87.4463 	 0 
87.4463 	 1 
87.6553 	 2 
87.8179 	 2 
87.8643 	 1 
87.8643 	 2 
87.8643 	 0 
88.0733 	 1 
88.0849 	 0 
88.0849 	 2 
88.2939 	 0 
88.2939 	 1 
88.2939 	 2 
88.5029 	 2 
88.5145 	 1 
88.7118 	 2 
88.7118 	 1 
88.9324 	 2 
88.9440 	 1 
89.1414 	 1 
89.1414 	 2 
89.1414 	 0 
89.3272 	 2 
89.6290 	 2 
89.7451 	 2 
89.7567 	 1 
89.9889 	 2 
89.9889 	 0 
89.9889 	 1 
90.1863 	 0 
90.1863 	 2 
90.1979 	 1 
90.5114 	 2 
90.5114 	 1 
90.8132 	 0 
90.8249 	 1 
90.8249 	 2 
91.2544 	 2 
91.2776 	 1 
91.3937 	 2 
91.4750 	 2 
91.6956 	 2 
92.1252 	 2 
92.5199 	 2 
92.5199 	 0 
92.5315 	 1 
93.1585 	 1 
93.1585 	 0 
93.1585 	 2 
93.7970 	 2 
94.2150 	 2 
94.2150 	 1 
94.8535 	 1 
94.8535 	 0 
94.8535 	 2 
96.3164 	 1 
96.3396 	 2 
96.4209 	 2 
96.9665 	 2 
97.8489 	 2 
98.4410 	 2 
98.4410 	 1 
98.4410 	 0 
99.2885 	 2 
99.3001 	 1 
99.7065 	 0 
99.7065 	 1 
99.7065 	 2 
100.1361 	 2 
100.1361 	 0 
100.1361 	 1 
100.3450 	 2 
100.5424 	 2 
100.7630 	 2 
100.7746 	 1 
100.9604 	 2 
100.9720 	 1 
101.4015 	 1 
101.4015 	 2 
101.8195 	 2 
101.8195 	 1 
102.4464 	 2 
102.4697 	 1 
102.6670 	 1 
102.6670 	 2 
102.6670 	 0 
103.0850 	 2 
103.5146 	 2 
103.5146 	 1 
103.5146 	 0 
103.7235 	 2 
103.9209 	 2 
103.9441 	 1 
104.3621 	 2 
104.4898 	 2 
104.5711 	 2 
104.5711 	 1 
105.1980 	 0 
105.1980 	 2 
105.1980 	 1 
105.4070 	 1 
105.4070 	 2 
105.5695 	 2 
105.6276 	 1 
105.6276 	 2 
105.8482 	 2 
106.0455 	 0 
106.0455 	 1 
106.0455 	 2 
106.2777 	 2 
106.2777 	 1 
106.6609 	 1 
106.6725 	 0 
106.6725 	 2 
106.8815 	 2 
106.8815 	 1 
106.8931 	 0 
107.0904 	 1 
107.0904 	 2 
107.3110 	 2 
107.3110 	 1 
107.3807 	 2 
107.5200 	 2 
107.7290 	 0 
107.7290 	 2 
107.7290 	 1 
107.8451 	 2 
108.1585 	 1 
108.1585 	 2 
108.3907 	 1 
108.3907 	 2 
108.5649 	 1 
108.5765 	 2 
109.2034 	 1 
109.2034 	 2 
109.4240 	 2 
109.4240 	 1 
109.5285 	 2 
109.5285 	 1 
109.6446 	 2 
109.8420 	 2 
110.2716 	 2 
110.2716 	 1 
110.4225 	 2 
110.6895 	 2 
110.6895 	 1 
111.1075 	 2 
111.3281 	 2 
111.3281 	 1 
111.5371 	 2 
111.7576 	 1 
111.7576 	 2 
111.9550 	 2 
111.9666 	 1 
112.5239 	 2 
112.8025 	 1 
112.8025 	 0 
112.8141 	 2 
113.2437 	 2 
113.4295 	 2 
113.4411 	 1 
113.6501 	 2 
114.0680 	 1 
114.2190 	 2 
114.4744 	 0 
114.4860 	 2 
114.4976 	 1 
115.0781 	 1 
115.0781 	 2 
115.1245 	 1 
115.3335 	 1 
115.3335 	 2 
115.4264 	 1 
115.7399 	 1 
115.8908 	 2 
116.1810 	 1 
116.1810 	 2 
116.6919 	 2 
116.7615 	 2 
117.2376 	 1 
117.2492 	 2 
117.4465 	 1 
117.4581 	 2 
117.8761 	 2 
118.0154 	 2 
118.3057 	 2 
118.7236 	 2 
118.7236 	 0 
118.7236 	 1 
119.1416 	 2 
119.1416 	 1 
119.3506 	 2 
119.3622 	 0 
119.3622 	 1 
119.5712 	 1 
119.5712 	 2 
119.9775 	 2 
119.9775 	 1 
120.1865 	 0 
120.1865 	 2 
120.1981 	 1 
120.4071 	 1 
120.4071 	 0 
120.4071 	 2 
120.6161 	 0 
120.6161 	 1 
120.6277 	 2 
120.7205 	 2 
120.8250 	 2 
120.8366 	 1 
121.0456 	 1 
121.0456 	 0 
121.0456 	 2 
121.2314 	 2 
121.2430 	 1 
121.4520 	 2 
121.4636 	 1 
121.6726 	 0 
121.6726 	 2 
121.6726 	 1 
121.8815 	 2 
121.8815 	 0 
121.8932 	 1 
122.1021 	 1 
122.1021 	 0 
122.1021 	 2 
122.3111 	 2 
122.5201 	 2 
122.5201 	 1 
122.6826 	 2 
122.7407 	 2 
122.9380 	 0 
122.9380 	 1 
122.9380 	 2 
123.1470 	 2 
123.1586 	 1 
123.1586 	 0 
123.5534 	 2 
123.5650 	 1 
123.7740 	 1 
123.7856 	 0 
123.7856 	 2 
123.9946 	 0 
123.9946 	 1 
123.9946 	 2 
124.2151 	 0 
124.2151 	 2 
124.2151 	 1 
124.4241 	 2 
124.4241 	 1 
124.4241 	 0 
124.6215 	 2 
124.6331 	 1 
124.7376 	 2 
124.8305 	 1 
124.8421 	 2 
125.0627 	 2 
125.1207 	 2 
125.1207 	 1 
125.3413 	 2 
125.3529 	 1 
125.4690 	 0 
125.4806 	 2 
125.4806 	 1 
125.6896 	 2 
125.6896 	 1 
125.6896 	 0 
125.8986 	 2 
125.8986 	 1 
126.1192 	 2 
126.1192 	 0 
126.1192 	 1 
126.3166 	 2 
126.3282 	 0 
126.3282 	 1 
126.5371 	 2 
126.7345 	 2 
126.7345 	 0 
126.7461 	 1 
126.8854 	 2 
126.9319 	 1 
126.9435 	 0 
126.9435 	 2 
127.1641 	 2 
127.1641 	 0 
127.1641 	 1 
127.2802 	 2 
127.2802 	 0 
127.2802 	 1 
127.3847 	 1 
127.3847 	 0 
127.3847 	 2 
127.5937 	 2 
127.6865 	 1 
127.6865 	 2 
127.8026 	 2 
127.8142 	 1 
127.9884 	 2 
128.0116 	 1 
128.2090 	 2 
128.2206 	 1 
128.2206 	 0 
128.4296 	 2 
128.4412 	 1 
128.4412 	 0 
128.5805 	 2 
128.6385 	 2 
128.6502 	 0 
128.6502 	 1 
128.8591 	 0 
128.8591 	 2 
128.8591 	 1 
129.0797 	 1 
129.0797 	 2 
129.2771 	 1 
129.2887 	 2 
129.2887 	 0 
129.4977 	 2 
129.4977 	 0 
129.4977 	 1 
129.7067 	 0 
129.7067 	 2 
129.7067 	 1 
130.1130 	 2 
130.3220 	 2 
130.3336 	 1 
130.5426 	 0 
130.5426 	 1 
130.5426 	 2 
130.7632 	 2 
130.9722 	 1 
130.9722 	 0 
130.9722 	 2 
131.1927 	 2 
131.3785 	 2 
131.3785 	 1 
131.6107 	 1 
131.6107 	 0 
131.6107 	 2 
131.7616 	 1 
131.7616 	 2 
131.8081 	 2 
131.8197 	 1 
131.8197 	 0 
131.9010 	 1 
131.9126 	 2 
131.9706 	 2 
131.9706 	 1 
132.0403 	 2 
132.1215 	 2 
132.1796 	 1 
132.1912 	 2 
132.2376 	 1 
132.2376 	 2 
132.2376 	 0 
132.6672 	 2 
132.8646 	 2 
132.8762 	 0 
132.8878 	 1 
133.0852 	 1 
133.0852 	 2 
133.2941 	 2 
133.3058 	 1 
133.3174 	 2 
133.5031 	 2 
133.5031 	 1 
133.7121 	 2 
133.7237 	 1 
133.9211 	 1 
133.9327 	 0 
133.9327 	 2 
134.1417 	 2 
134.3507 	 1 
134.3507 	 2 
134.5596 	 2 
134.5712 	 0 
134.5712 	 1 
134.7570 	 2 
134.7802 	 1 
134.8731 	 2 
134.9892 	 1 
134.9892 	 2 
135.1982 	 1 
135.1982 	 2 
135.3143 	 1 
135.4188 	 2 
135.4304 	 1 
135.6161 	 2 
135.6161 	 0 
135.6278 	 1 
135.7439 	 2 
135.8251 	 2 
135.8367 	 1 
136.0457 	 1 
136.1270 	 2 
136.4637 	 1 
136.4637 	 0 
136.4637 	 2 
136.6727 	 1 
136.6727 	 0 
136.6843 	 2 
136.8816 	 2 
136.9745 	 2 
137.2996 	 1 
137.3112 	 0 
137.3112 	 2 
137.5086 	 2 
137.5202 	 0 
137.5202 	 1 
137.7292 	 2 
137.7408 	 1 
137.7408 	 0 
137.9498 	 2 
137.9498 	 0 
137.9498 	 1 
138.1355 	 2 
138.1587 	 1 
138.2516 	 1 
138.2516 	 2 
138.3677 	 1 
138.3677 	 2 
138.5767 	 2 
138.5883 	 1 
138.6812 	 1 
138.7973 	 1 
138.8089 	 2 
138.9946 	 1 
138.9946 	 0 
138.9946 	 2 
139.2152 	 1 
139.2152 	 2 
139.2152 	 0 
139.4242 	 1 
139.4242 	 2 
139.6332 	 2 
139.6448 	 1 
139.6448 	 0 
139.8422 	 2 
139.8538 	 1 
140.0628 	 1 
140.0628 	 2 
140.2601 	 1 
140.2601 	 0 
140.2601 	 2 
140.4691 	 1 
140.4691 	 2 
140.6897 	 0 
140.6897 	 1 
140.6897 	 2 
140.7942 	 1 
140.8058 	 2 
140.8987 	 2 
140.9103 	 0 
140.9103 	 1 
141.0148 	 2 
141.1077 	 2 
141.1077 	 1 
141.2122 	 2 
141.2238 	 1 
141.3283 	 2 
141.3283 	 1 
141.5140 	 2 
141.5140 	 0 
141.5372 	 1 
141.7462 	 2 
141.7462 	 1 
141.9088 	 2 
141.9552 	 1 
141.9668 	 2 
142.0481 	 2 
142.1642 	 2 
142.1642 	 0 
142.1642 	 1 
142.3848 	 0 
142.3848 	 2 
142.3848 	 1 
142.5937 	 2 
142.5937 	 1 
142.8143 	 2 
142.8143 	 1 
143.0117 	 2 
143.0233 	 1 
143.0233 	 0 
143.2323 	 1 
143.2323 	 0 
143.2323 	 2 
143.8476 	 1 
143.8476 	 2 
144.0682 	 2 
144.0682 	 1 
144.0798 	 0 
144.7068 	 2 
144.9041 	 2 
144.9041 	 1 
144.9041 	 0 
145.1247 	 0 
145.1247 	 2 
145.1247 	 1 
145.3453 	 2 
145.4150 	 1 
145.4150 	 2 
145.5427 	 2 
145.5543 	 1 
145.6356 	 1 
145.6356 	 2 
145.7052 	 2 
145.7517 	 1 
145.7633 	 2 
145.7633 	 0 
145.9722 	 2 
146.1812 	 1 
146.1812 	 2 
146.4018 	 2 
146.4018 	 0 
146.4018 	 1 
146.5992 	 2 
146.6108 	 1 
147.0171 	 0 
147.0171 	 2 
147.0288 	 1 
147.2261 	 2 
147.2261 	 0 
147.2377 	 1 
147.4467 	 2 
147.4467 	 0 
147.4467 	 1 
147.6557 	 2 
147.6557 	 1 
147.8647 	 2 
147.8763 	 1 
148.0853 	 1 
148.0853 	 0 
148.0853 	 2 
148.2942 	 1 
148.2942 	 2 
148.5032 	 1 
148.5032 	 2 
148.6658 	 2 
148.7122 	 2 
148.7122 	 1 
148.8747 	 2 
148.9212 	 1 
148.9212 	 0 
148.9328 	 2 
149.0837 	 2 
149.1418 	 2 
149.1418 	 1 
149.1418 	 0 
149.5597 	 1 
149.5597 	 2 
149.5713 	 0 
149.7687 	 2 
149.7803 	 1 
149.9893 	 1 
149.9893 	 2 
149.9893 	 0 
150.1983 	 1 
150.1983 	 2 
150.1983 	 0 
150.4885 	 2 
150.5930 	 0 
150.6046 	 1 
150.6046 	 2 
150.8252 	 1 
150.8252 	 2 
150.8252 	 0 
151.0342 	 2 
151.0342 	 0 
151.0342 	 1 
151.2548 	 2 
151.2548 	 0 
151.2548 	 1 
151.4638 	 0 
151.4638 	 1 
151.4638 	 2 
151.6611 	 2 
151.6727 	 1 
151.8817 	 2 
151.8933 	 1 
152.0443 	 2 
152.1023 	 0 
152.1023 	 1 
152.1023 	 2 
152.5203 	 0 
152.5203 	 1 
152.5203 	 2 
152.7409 	 2 
152.7409 	 1 
152.9382 	 2 
152.9498 	 1 
153.1588 	 0 
153.1588 	 1 
153.1588 	 2 
153.3562 	 2 
153.3678 	 1 
153.3678 	 0 
153.5768 	 2 
153.7858 	 1 
153.7858 	 2 
153.7858 	 0 
153.9831 	 1 
153.9831 	 2 
154.0876 	 2 
154.2037 	 1 
154.2037 	 2 
154.2153 	 0 
154.3198 	 2 
154.4243 	 0 
154.4243 	 2 
154.4243 	 1 
154.6333 	 2 
154.6333 	 1 
154.7378 	 2 
154.8539 	 1 
154.8539 	 2 
155.0396 	 2 
155.0512 	 1 
155.2602 	 2 
155.4228 	 2 
155.4692 	 0 
155.4692 	 1 
155.4808 	 2 
155.6782 	 1 
155.6898 	 2 
155.7943 	 2 
155.8988 	 0 
155.8988 	 2 
155.8988 	 1 
156.1078 	 2 
156.3283 	 1 
156.3283 	 2 
156.5373 	 0 
156.5373 	 2 
156.5373 	 1 
156.7463 	 0 
156.7463 	 2 
156.7463 	 1 
157.0249 	 2 
157.1410 	 2 
157.3152 	 2 
157.3616 	 2 
157.3616 	 1 
157.5822 	 2 
157.5938 	 1 
157.5938 	 0 
157.8028 	 2 
157.8144 	 1 
158.0118 	 2 
158.0118 	 1 
158.2208 	 2 
158.4181 	 1 
158.4181 	 2 
158.6387 	 1 
158.6387 	 2 
158.6503 	 0 
158.9174 	 1 
158.9290 	 0 
158.9290 	 2 
159.0451 	 2 
159.1496 	 1 
159.1612 	 2 
159.2773 	 2 
159.2773 	 1 
159.2889 	 0 
159.4863 	 2 
159.7068 	 2 
159.9158 	 0 
159.9158 	 1 
159.9274 	 2 
160.1248 	 2 
160.1248 	 1 
160.5428 	 2 
160.5428 	 1 
160.7517 	 2 
160.7517 	 1 
160.7517 	 0 
160.9607 	 0 
160.9607 	 2 
160.9723 	 1 
161.1697 	 2 
161.1813 	 1 
161.3903 	 1 
161.3903 	 0 
161.3903 	 2 
161.6109 	 0 
161.6109 	 1 
161.6109 	 2 
161.7966 	 2 
161.8083 	 0 
161.8083 	 1 
162.0172 	 2 
162.0288 	 1 
162.2378 	 1 
162.2378 	 2 
162.2378 	 0 
162.4468 	 2 
162.4468 	 1 
162.5397 	 2 
162.6093 	 2 
162.6558 	 0 
162.6558 	 1 
162.6674 	 2 
162.8648 	 2 
162.8764 	 1 
163.0854 	 2 
163.0854 	 1 
163.1782 	 2 
163.2943 	 2 
163.5033 	 0 
163.5033 	 2 
163.5033 	 1 
163.9329 	 1 
164.1186 	 1 
164.1186 	 2 
164.1186 	 0 
164.3508 	 0 
164.3508 	 1 
164.3508 	 2 
164.5598 	 2 
164.5714 	 1 
164.7804 	 1 
164.7804 	 2 
165.1868 	 2 
165.1868 	 1 
165.1868 	 0 
165.3377 	 2 
165.6279 	 2 
165.6279 	 1 
165.8369 	 2 
170.2835 	 2 
