6.4668 	 0 
6.4668 	 2 
6.4668 	 1 
6.6409 	 0 
6.8383 	 1 
6.8499 	 2 
7.0356 	 0 
7.2098 	 2 
7.2214 	 0 
7.3956 	 2 
7.3956 	 0 
7.5929 	 1 
7.6161 	 2 
7.9761 	 0 
7.9761 	 2 
8.1502 	 2 
8.1502 	 0 
8.3476 	 2 
8.3708 	 1 
8.7191 	 0 
8.7191 	 2 
8.8932 	 2 
8.8932 	 0 
9.0906 	 1 
9.1022 	 2 
9.4737 	 0 
9.4737 	 2 
9.6479 	 0 
9.6479 	 2 
9.8453 	 1 
9.8569 	 2 
10.0310 	 0 
10.2052 	 0 
10.3909 	 0 
10.4025 	 2 
10.5883 	 1 
10.5999 	 2 
10.8089 	 2 
10.9714 	 2 
10.9714 	 0 
11.1456 	 0 
11.1572 	 2 
11.3662 	 1 
11.3894 	 2 
11.5635 	 2 
11.7377 	 0 
11.7493 	 1 
11.7609 	 2 
11.9234 	 2 
11.9234 	 0 
12.1324 	 2 
12.1324 	 1 
12.4227 	 1 
12.4923 	 0 
12.5039 	 2 
12.6781 	 0 
12.8639 	 2 
12.8639 	 1 
13.0496 	 2 
13.2354 	 2 
13.2354 	 0 
13.4095 	 2 
13.4211 	 0 
13.6069 	 1 
13.6185 	 2 
13.9900 	 2 
13.9900 	 0 
14.1758 	 2 
14.1758 	 0 
14.3732 	 1 
14.3848 	 2 
14.7098 	 2 
14.7331 	 2 
14.7447 	 0 
14.7563 	 2 
14.9304 	 2 
14.9420 	 0 
15.1278 	 1 
15.1278 	 2 
15.5109 	 0 
15.5225 	 2 
15.6851 	 2 
15.9057 	 1 
15.9057 	 2 
16.0102 	 1 
16.2772 	 0 
16.2772 	 2 
16.4513 	 2 
16.4513 	 0 
16.6487 	 1 
16.6835 	 2 
16.8577 	 2 
17.0318 	 2 
17.0434 	 0 
17.2176 	 0 
17.2176 	 2 
17.4266 	 1 
17.4498 	 2 
17.6123 	 2 
17.7052 	 1 
17.7865 	 0 
17.7981 	 2 
17.9722 	 0 
17.9722 	 2 
18.1812 	 1 
18.1928 	 2 
18.3670 	 2 
18.5527 	 2 
18.5527 	 0 
18.7385 	 2 
18.7385 	 0 
18.9243 	 1 
18.9475 	 2 
19.1100 	 0 
19.1216 	 2 
19.3074 	 0 
19.3190 	 2 
19.4932 	 2 
19.4932 	 0 
19.6905 	 2 
19.7021 	 1 
19.8879 	 2 
20.0737 	 2 
20.0737 	 0 
20.2478 	 0 
20.2594 	 2 
20.4452 	 1 
20.4568 	 2 
20.8167 	 2 
20.8283 	 0 
21.0141 	 0 
21.0141 	 2 
21.2114 	 1 
21.2230 	 2 
21.4088 	 2 
21.5597 	 1 
21.5829 	 0 
21.5946 	 2 
21.7687 	 2 
21.7687 	 0 
21.9661 	 1 
22.1518 	 0 
22.1634 	 2 
22.3376 	 0 
22.3376 	 2 
22.5234 	 0 
22.5234 	 2 
22.7207 	 1 
22.7323 	 2 
22.9181 	 2 
23.0922 	 0 
23.1039 	 2 
23.2896 	 2 
23.2896 	 0 
23.4754 	 1 
23.4986 	 2 
23.6844 	 2 
23.8701 	 0 
23.8701 	 2 
24.0443 	 2 
24.0443 	 0 
24.2300 	 2 
24.2416 	 1 
24.4274 	 2 
24.6132 	 0 
24.6132 	 2 
24.7873 	 2 
24.7873 	 0 
24.9847 	 1 
24.9963 	 2 
25.1704 	 0 
25.1704 	 2 
25.3562 	 0 
25.3678 	 2 
25.5420 	 2 
25.5420 	 0 
25.7393 	 2 
25.7393 	 1 
25.9367 	 2 
26.1224 	 2 
26.1224 	 0 
26.2966 	 2 
26.3082 	 0 
26.4940 	 1 
26.4940 	 2 
26.6797 	 0 
26.8190 	 2 
26.8655 	 0 
26.8655 	 2 
27.0512 	 2 
27.0512 	 0 
27.1673 	 1 
27.2486 	 2 
27.2834 	 1 
27.6317 	 2 
27.6317 	 0 
27.8059 	 0 
27.9800 	 1 
28.0149 	 2 
28.2006 	 0 
28.3864 	 0 
28.3864 	 2 
28.5722 	 2 
28.5722 	 0 
28.7579 	 1 
28.7695 	 2 
28.9553 	 2 
29.1410 	 2 
29.1410 	 0 
29.3152 	 2 
29.3268 	 0 
29.5126 	 1 
29.5358 	 2 
29.6983 	 0 
29.8841 	 0 
29.8841 	 2 
