0.4412 	 0 
1.0913 	 1 
1.1146 	 2 
1.4280 	 2 
1.5673 	 0 
1.7067 	 2 
2.0317 	 2 
2.3452 	 2 
2.3452 	 1 
2.6587 	 2 
2.9838 	 2 
3.2972 	 2 
3.5991 	 1 
3.6107 	 2 
3.9242 	 2 
4.2260 	 2 
4.5511 	 2 
4.5511 	 0 
4.8762 	 2 
4.8762 	 1 
5.1780 	 2 
5.4915 	 2 
5.4915 	 0 
5.7934 	 2 
6.1185 	 2 
6.1185 	 1 
6.4319 	 2 
6.7570 	 2 
7.0473 	 2 
7.0589 	 0 
7.0589 	 1 
7.3723 	 2 
7.3723 	 1 
7.6858 	 2 
8.0109 	 0 
8.0109 	 2 
8.3127 	 2 
8.6378 	 1 
8.6378 	 2 
8.9513 	 2 
9.2648 	 1 
9.2648 	 2 
9.5782 	 2 
9.5782 	 0 
9.9033 	 2 
9.9033 	 1 
10.2168 	 2 
10.5186 	 0 
10.5186 	 2 
10.8321 	 2 
11.1572 	 2 
11.1572 	 1 
11.4707 	 2 
11.6100 	 2 
11.7841 	 2 
12.0976 	 2 
12.0976 	 0 
12.4111 	 1 
12.4111 	 2 
12.7245 	 2 
13.0264 	 2 
13.0380 	 0 
13.3399 	 2 
13.6649 	 1 
13.6766 	 2 
13.9784 	 2 
14.3151 	 2 
14.6054 	 2 
14.6170 	 0 
14.9304 	 2 
14.9304 	 1 
15.2323 	 2 
15.5574 	 2 
15.5690 	 0 
15.8708 	 2 
15.9985 	 2 
16.1843 	 2 
16.1843 	 1 
16.5094 	 2 
16.6719 	 0 
16.8112 	 2 
17.1247 	 2 
17.1247 	 1 
17.1363 	 0 
17.4382 	 2 
17.4498 	 1 
17.7517 	 2 
18.0651 	 0 
18.0767 	 2 
18.3902 	 2 
18.7037 	 2 
18.7037 	 1 
19.0171 	 2 
19.3190 	 2 
19.6325 	 2 
19.6441 	 0 
19.9459 	 1 
19.9692 	 2 
20.2710 	 2 
20.9328 	 0 
21.2230 	 1 
21.2230 	 2 
21.5365 	 2 
21.7107 	 0 
21.8500 	 2 
22.1634 	 2 
22.1634 	 0 
22.4769 	 1 
22.4769 	 2 
22.7904 	 2 
23.1039 	 0 
23.1155 	 2 
23.4173 	 2 
23.7424 	 2 
23.7424 	 1 
23.7424 	 0 
24.0559 	 2 
24.2068 	 0 
24.3693 	 2 
24.6828 	 0 
24.6828 	 2 
24.9847 	 2 
24.9847 	 1 
25.3098 	 2 
25.6232 	 2 
25.6232 	 0 
25.9251 	 2 
25.9599 	 0 
26.2385 	 1 
26.2502 	 2 
26.5752 	 2 
26.8887 	 2 
27.2022 	 0 
27.2022 	 2 
27.5040 	 1 
27.5156 	 2 
27.8175 	 2 
28.1426 	 2 
28.1426 	 0 
28.4561 	 2 
28.7695 	 1 
28.7811 	 2 
28.7811 	 0 
29.0946 	 2 
29.3965 	 2 
29.7099 	 2 
29.9886 	 0 
