0.0116 	 0 
0.0116 	 1 
0.0116 	 2 
0.0580 	 1 
0.3831 	 0 
0.3831 	 2 
0.3947 	 1 
0.7546 	 1 
0.7546 	 2 
0.7546 	 0 
0.9404 	 1 
0.9404 	 0 
0.9404 	 2 
1.1262 	 2 
1.1262 	 1 
1.1262 	 0 
1.4861 	 2 
1.4861 	 1 
1.4861 	 0 
1.7299 	 2 
1.7415 	 1 
1.7415 	 0 
1.8576 	 2 
1.8576 	 1 
1.8576 	 0 
2.2059 	 0 
2.2059 	 2 
2.2175 	 1 
2.3917 	 2 
2.4033 	 1 
2.5774 	 0 
2.5890 	 2 
2.5890 	 1 
2.9605 	 0 
2.9605 	 1 
2.9722 	 2 
3.3088 	 1 
3.3088 	 2 
3.3088 	 0 
3.6804 	 2 
3.6804 	 0 
3.6804 	 1 
4.0403 	 1 
4.0403 	 2 
4.0519 	 0 
4.4002 	 2 
4.4002 	 0 
4.4002 	 1 
4.6208 	 2 
4.6208 	 1 
4.7601 	 0 
4.7717 	 1 
4.7717 	 2 
5.1200 	 0 
5.1316 	 1 
5.1316 	 2 
5.3058 	 1 
5.3174 	 2 
5.4915 	 0 
5.4915 	 2 
5.5031 	 1 
5.8630 	 1 
5.8746 	 0 
5.8746 	 2 
6.2229 	 0 
6.2229 	 1 
6.2229 	 2 
6.5829 	 0 
6.5829 	 1 
6.5829 	 2 
6.7686 	 2 
6.7686 	 0 
6.7802 	 1 
6.9428 	 1 
6.9544 	 0 
6.9544 	 2 
7.3259 	 2 
7.3259 	 0 
7.3259 	 1 
7.5581 	 2 
7.5581 	 1 
7.6858 	 2 
7.6858 	 1 
7.6974 	 0 
8.0573 	 1 
8.0573 	 0 
8.0573 	 2 
8.2663 	 1 
8.2663 	 0 
8.2663 	 2 
8.4405 	 2 
8.4405 	 0 
8.4521 	 1 
8.8120 	 0 
8.8120 	 1 
8.8236 	 2 
9.1719 	 0 
9.1835 	 1 
9.1835 	 2 
9.5550 	 1 
9.5550 	 0 
9.5550 	 2 
9.7408 	 1 
9.7524 	 0 
9.7524 	 2 
9.9265 	 0 
9.9265 	 1 
9.9265 	 2 
10.2980 	 2 
10.2980 	 0 
10.2980 	 1 
10.4722 	 0 
10.4838 	 1 
10.4838 	 2 
10.6463 	 0 
10.6580 	 1 
10.6580 	 2 
11.0179 	 0 
11.0179 	 1 
11.0179 	 2 
11.2152 	 0 
11.2152 	 1 
11.2152 	 2 
11.3894 	 1 
11.3894 	 0 
11.3894 	 2 
11.5868 	 1 
11.6216 	 1 
11.7609 	 0 
11.7609 	 1 
11.7609 	 2 
12.1092 	 0 
12.1092 	 1 
12.1092 	 2 
12.3530 	 1 
12.4807 	 0 
12.4807 	 2 
12.4807 	 1 
12.6665 	 0 
12.6665 	 2 
12.6781 	 1 
12.8522 	 2 
12.8639 	 0 
12.8639 	 1 
13.2238 	 2 
13.2354 	 0 
13.2354 	 1 
13.5837 	 0 
13.5837 	 2 
13.5953 	 1 
13.9436 	 0 
13.9436 	 2 
13.9552 	 1 
14.1410 	 1 
14.1410 	 2 
14.1410 	 0 
14.3267 	 2 
14.3267 	 0 
14.3383 	 1 
14.5821 	 1 
14.5937 	 2 
14.7098 	 1 
14.7098 	 0 
14.7098 	 2 
15.0698 	 2 
15.0698 	 1 
15.0698 	 0 
15.4297 	 1 
15.4297 	 2 
15.4297 	 0 
15.6270 	 2 
15.6386 	 1 
15.6386 	 0 
15.8128 	 2 
15.8128 	 0 
15.8128 	 1 
16.1727 	 2 
16.1727 	 0 
16.1843 	 1 
16.3817 	 2 
16.5210 	 2 
16.5210 	 0 
16.5674 	 1 
16.8925 	 0 
16.8925 	 1 
16.9041 	 2 
17.0899 	 2 
17.0899 	 1 
17.1363 	 2 
17.1479 	 1 
17.2640 	 2 
17.2756 	 1 
17.2756 	 0 
17.6356 	 0 
17.6356 	 1 
17.6472 	 2 
18.0071 	 1 
18.0071 	 2 
18.0071 	 0 
18.3670 	 1 
18.3670 	 2 
18.3670 	 0 
18.5644 	 2 
18.5760 	 0 
18.5760 	 1 
18.7385 	 0 
18.7501 	 1 
18.7501 	 2 
19.1216 	 2 
19.1216 	 1 
19.1216 	 0 
19.3074 	 1 
19.4815 	 1 
19.4815 	 0 
19.4815 	 2 
19.8531 	 0 
19.8531 	 2 
19.8531 	 1 
20.0504 	 0 
20.0504 	 2 
20.0620 	 1 
20.2130 	 0 
20.2246 	 2 
20.2246 	 1 
20.4684 	 2 
20.4684 	 1 
20.5845 	 2 
20.5961 	 1 
20.5961 	 0 
20.9444 	 2 
20.9560 	 1 
20.9560 	 0 
21.3275 	 2 
21.3275 	 0 
21.3275 	 1 
21.5249 	 2 
21.5249 	 1 
21.5249 	 0 
21.6874 	 1 
21.6874 	 2 
21.6874 	 0 
21.8964 	 2 
21.8964 	 1 
22.0473 	 2 
22.0590 	 1 
22.0590 	 0 
22.2099 	 1 
22.2099 	 2 
22.4189 	 2 
22.4305 	 1 
22.4305 	 0 
22.6395 	 1 
22.6859 	 2 
22.8136 	 2 
22.8252 	 1 
22.8252 	 0 
22.9645 	 1 
22.9761 	 2 
23.1735 	 1 
23.1735 	 0 
23.1735 	 2 
23.3128 	 1 
23.5450 	 1 
23.5450 	 2 
23.5450 	 0 
23.6611 	 1 
23.6727 	 2 
23.7308 	 2 
23.9166 	 1 
23.9166 	 0 
23.9398 	 2 
24.2881 	 0 
24.2881 	 1 
24.2881 	 2 
24.4854 	 0 
24.4854 	 2 
24.4971 	 1 
24.6596 	 2 
24.6712 	 0 
24.6712 	 1 
25.0311 	 2 
25.0427 	 1 
25.0427 	 0 
25.1588 	 2 
25.2401 	 1 
25.3794 	 1 
25.3910 	 2 
25.3910 	 0 
25.7509 	 2 
25.7509 	 0 
25.7509 	 1 
25.8670 	 1 
25.9599 	 1 
25.9715 	 2 
26.1224 	 2 
26.1224 	 0 
26.1341 	 1 
26.3430 	 1 
26.3546 	 2 
26.4940 	 1 
26.4940 	 2 
26.6101 	 1 
26.6217 	 2 
26.8539 	 1 
26.8539 	 0 
26.8655 	 2 
27.2138 	 1 
27.2138 	 2 
27.2138 	 0 
27.4112 	 1 
27.4112 	 2 
27.4228 	 0 
27.5969 	 2 
27.5969 	 1 
27.6085 	 0 
27.9568 	 2 
27.9684 	 0 
27.9684 	 1 
28.0961 	 2 
28.2006 	 2 
28.2122 	 1 
28.3283 	 2 
28.3283 	 1 
28.3748 	 2 
28.5605 	 2 
28.6883 	 1 
28.6883 	 2 
28.6999 	 0 
28.8972 	 2 
29.0714 	 0 
29.0714 	 2 
29.0830 	 1 
29.4313 	 1 
29.4313 	 2 
29.4313 	 0 
29.5590 	 1 
29.5590 	 0 
29.5590 	 2 
29.7912 	 0 
29.7912 	 1 
29.7912 	 2 
30.0002 	 1 
