0.6618 	 0 
0.6618 	 1 
0.6734 	 2 
1.1262 	 0 
1.1262 	 1 
1.1610 	 2 
1.5557 	 1 
1.5557 	 0 
1.5557 	 2 
1.9969 	 0 
2.0085 	 1 
2.0085 	 2 
2.4149 	 1 
2.4149 	 2 
2.4265 	 0 
2.7283 	 1 
2.8444 	 0 
2.8561 	 1 
2.8561 	 2 
3.2740 	 2 
3.2856 	 0 
3.2856 	 1 
3.7384 	 0 
3.7384 	 1 
3.7616 	 2 
4.1564 	 0 
4.1564 	 2 
4.1680 	 1 
4.5859 	 0 
4.5976 	 2 
4.5976 	 1 
5.0387 	 1 
5.0387 	 2 
5.0387 	 0 
5.3522 	 1 
5.4915 	 0 
5.4915 	 1 
5.5031 	 2 
5.9211 	 1 
5.9211 	 0 
5.9211 	 2 
6.3507 	 1 
6.3507 	 0 
6.3623 	 2 
6.7802 	 1 
6.7918 	 0 
6.7918 	 2 
7.2214 	 1 
7.2214 	 0 
7.2330 	 2 
7.6510 	 0 
7.6742 	 2 
7.6742 	 1 
8.0689 	 0 
8.0689 	 1 
8.0922 	 2 
8.4985 	 2 
8.5101 	 0 
8.5101 	 1 
8.8236 	 1 
8.9513 	 0 
8.9629 	 1 
8.9745 	 2 
9.3809 	 1 
9.3925 	 2 
9.3925 	 0 
9.8220 	 1 
9.8220 	 0 
9.8453 	 2 
10.2632 	 1 
10.2632 	 2 
10.2748 	 0 
10.6928 	 0 
10.7044 	 1 
10.7160 	 2 
11.1340 	 1 
11.1340 	 0 
11.1572 	 2 
11.5751 	 0 
11.5751 	 2 
11.5868 	 1 
11.6216 	 0 
11.6216 	 1 
11.6216 	 2 
12.0047 	 2 
12.0047 	 1 
12.0163 	 0 
12.4459 	 1 
12.4459 	 0 
12.4575 	 2 
12.8755 	 1 
12.8871 	 2 
12.8871 	 0 
13.3166 	 2 
13.3166 	 1 
13.3166 	 0 
13.7462 	 0 
13.7462 	 2 
13.7462 	 1 
14.1874 	 1 
14.1874 	 0 
14.1990 	 2 
14.6170 	 0 
14.6402 	 2 
14.6518 	 1 
15.0465 	 0 
15.0581 	 1 
15.0698 	 2 
15.4877 	 2 
15.4993 	 0 
15.4993 	 1 
15.9405 	 2 
15.9405 	 1 
15.9405 	 0 
16.3701 	 1 
16.3701 	 0 
16.3817 	 2 
16.5907 	 1 
16.8112 	 1 
16.8112 	 0 
16.8229 	 2 
17.0318 	 1 
17.2292 	 2 
17.2292 	 0 
17.2292 	 1 
17.6704 	 0 
17.6704 	 1 
17.6704 	 2 
18.1000 	 0 
18.1000 	 1 
18.1000 	 2 
18.5411 	 1 
18.5411 	 2 
18.5411 	 0 
18.9591 	 2 
18.9591 	 0 
18.9591 	 1 
19.3887 	 0 
19.4003 	 1 
19.4003 	 2 
19.8182 	 2 
19.8298 	 1 
19.8298 	 0 
20.2710 	 0 
20.2826 	 1 
20.2942 	 2 
20.7122 	 0 
20.7122 	 2 
20.7122 	 1 
21.1534 	 0 
21.1534 	 1 
21.1650 	 2 
21.5829 	 0 
21.5829 	 1 
21.5946 	 2 
22.0241 	 0 
22.0241 	 1 
22.0241 	 2 
22.4421 	 1 
22.4421 	 2 
22.4537 	 0 
22.7323 	 1 
22.8717 	 1 
22.8717 	 0 
22.8717 	 2 
23.3012 	 2 
23.3012 	 1 
23.3128 	 0 
23.7424 	 0 
23.7424 	 1 
23.7772 	 2 
24.0675 	 0 
24.0675 	 2 
24.0675 	 1 
24.1836 	 2 
24.1836 	 1 
24.1952 	 0 
24.6364 	 0 
24.6364 	 1 
24.6480 	 2 
25.0659 	 0 
25.0659 	 2 
25.0892 	 1 
25.4955 	 1 
25.5071 	 2 
25.5071 	 0 
25.7625 	 1 
25.9367 	 2 
25.9367 	 0 
25.9367 	 1 
26.3779 	 1 
26.3779 	 0 
26.3895 	 2 
26.7610 	 1 
26.8074 	 0 
26.8074 	 2 
26.8190 	 1 
27.2486 	 1 
27.2486 	 0 
27.2602 	 2 
27.6782 	 2 
27.6782 	 0 
27.6782 	 1 
28.1194 	 1 
28.1194 	 0 
28.1426 	 2 
28.5605 	 1 
28.5605 	 0 
28.5722 	 2 
28.8856 	 1 
29.0017 	 2 
29.0017 	 0 
29.0017 	 1 
29.4313 	 2 
29.4313 	 1 
29.4313 	 0 
29.6751 	 1 
29.8609 	 0 
29.8609 	 1 
29.8609 	 2 
