0.0580 	 0 
0.0580 	 1 
0.0580 	 2 
0.3367 	 0 
0.3367 	 2 
0.3367 	 1 
0.6153 	 1 
0.6153 	 0 
0.6269 	 2 
0.8940 	 1 
0.8940 	 0 
0.8940 	 2 
1.1726 	 1 
1.1842 	 2 
1.1842 	 0 
1.4512 	 0 
1.4629 	 2 
1.4629 	 1 
1.6022 	 2 
1.7415 	 2 
1.7415 	 1 
2.0085 	 1 
2.0201 	 2 
2.1478 	 1 
2.1595 	 2 
2.2988 	 1 
2.2988 	 0 
2.2988 	 2 
2.5658 	 1 
2.5774 	 2 
2.5890 	 0 
2.8444 	 1 
2.8561 	 0 
2.8561 	 2 
3.1231 	 1 
3.1347 	 0 
3.1347 	 2 
3.4133 	 2 
3.4133 	 0 
3.4249 	 1 
3.6804 	 2 
3.6920 	 1 
3.8197 	 1 
3.9706 	 1 
3.9706 	 2 
3.9706 	 0 
4.2493 	 0 
4.2493 	 2 
4.2493 	 1 
4.5279 	 2 
4.5279 	 1 
4.5279 	 0 
4.8065 	 0 
4.8065 	 1 
4.8181 	 2 
5.0852 	 1 
5.0968 	 0 
5.0968 	 2 
5.3638 	 1 
5.3754 	 2 
5.3754 	 0 
5.6424 	 1 
5.6541 	 2 
5.6541 	 0 
5.9211 	 2 
5.9327 	 0 
5.9327 	 1 
6.0720 	 1 
6.0720 	 2 
6.2113 	 1 
6.2113 	 2 
6.2113 	 0 
6.4784 	 1 
6.4784 	 0 
6.4900 	 2 
6.6177 	 1 
6.6293 	 0 
6.6293 	 2 
6.7686 	 2 
6.7686 	 0 
6.7686 	 1 
7.0473 	 2 
7.0473 	 1 
7.0589 	 0 
7.3259 	 1 
7.3259 	 2 
7.3259 	 0 
7.5929 	 1 
7.6045 	 2 
7.6161 	 0 
7.8832 	 1 
7.8948 	 0 
7.9064 	 2 
8.1618 	 1 
8.1734 	 2 
8.1734 	 0 
8.4288 	 1 
8.4405 	 0 
8.4405 	 2 
8.7075 	 0 
8.7191 	 2 
8.7191 	 1 
8.9977 	 1 
8.9977 	 0 
8.9977 	 2 
9.2648 	 1 
9.2880 	 0 
9.2880 	 2 
9.5550 	 2 
9.5666 	 0 
9.5666 	 1 
9.8337 	 1 
9.8453 	 2 
9.8453 	 0 
10.1239 	 2 
10.1239 	 0 
10.1355 	 1 
10.4025 	 1 
10.4025 	 0 
10.4025 	 2 
10.5419 	 1 
10.6696 	 2 
10.6812 	 1 
10.9598 	 2 
10.9598 	 1 
11.0875 	 1 
11.1107 	 2 
11.2385 	 0 
11.2385 	 2 
11.2385 	 1 
11.5171 	 1 
11.5287 	 2 
11.7957 	 1 
11.7957 	 2 
11.8073 	 0 
12.0744 	 1 
12.0860 	 0 
12.0860 	 2 
12.2717 	 1 
12.2834 	 2 
12.3066 	 0 
12.3530 	 1 
12.3762 	 2 
12.3762 	 0 
12.6317 	 2 
12.6433 	 1 
12.6433 	 0 
12.9103 	 0 
12.9219 	 1 
12.9335 	 0 
13.1889 	 2 
13.2005 	 1 
13.4792 	 1 
13.4792 	 2 
13.4792 	 0 
13.7462 	 2 
13.7462 	 1 
13.7578 	 0 
14.0249 	 2 
14.0365 	 1 
14.0365 	 0 
14.3035 	 2 
14.3151 	 0 
14.4428 	 1 
14.4660 	 2 
14.4660 	 0 
14.5821 	 1 
14.5937 	 2 
14.5937 	 0 
14.8608 	 0 
14.8608 	 1 
14.8724 	 2 
15.1394 	 2 
15.1626 	 1 
15.1742 	 0 
15.4297 	 2 
15.5574 	 1 
15.5690 	 2 
15.7083 	 2 
15.7199 	 0 
15.7199 	 1 
15.9869 	 1 
15.9985 	 0 
15.9985 	 2 
16.2656 	 1 
16.2656 	 0 
16.2772 	 2 
16.5442 	 0 
16.5442 	 1 
16.5558 	 2 
16.8229 	 1 
16.8345 	 0 
16.8461 	 2 
17.1015 	 2 
17.1015 	 1 
17.1131 	 0 
17.3801 	 0 
17.3801 	 2 
17.3917 	 1 
17.6588 	 1 
17.6704 	 0 
17.6704 	 2 
17.9490 	 0 
17.9490 	 2 
17.9490 	 1 
18.2161 	 1 
18.2277 	 0 
18.2277 	 2 
18.3786 	 1 
18.5063 	 1 
18.5063 	 2 
18.5063 	 0 
18.7733 	 1 
18.7849 	 2 
18.7849 	 0 
19.0636 	 1 
19.0752 	 0 
19.0752 	 2 
19.3422 	 2 
19.3422 	 1 
19.3538 	 0 
19.4932 	 2 
19.4932 	 1 
19.6209 	 2 
19.6209 	 1 
19.6325 	 0 
19.8879 	 1 
19.8995 	 2 
19.8995 	 0 
20.0272 	 1 
20.0388 	 2 
20.0388 	 0 
20.1781 	 0 
20.1781 	 2 
20.1898 	 1 
20.4568 	 1 
20.4684 	 2 
20.4800 	 0 
20.7354 	 1 
20.7470 	 0 
20.7470 	 2 
21.0141 	 1 
21.0257 	 0 
21.0257 	 2 
21.2927 	 1 
21.3043 	 2 
21.3159 	 0 
21.5713 	 1 
21.5829 	 0 
21.5829 	 2 
21.8500 	 2 
21.8616 	 0 
21.8616 	 1 
21.8848 	 0 
22.1286 	 1 
22.1402 	 0 
22.1402 	 2 
22.4189 	 2 
22.4189 	 0 
22.4189 	 1 
22.6859 	 1 
22.6975 	 0 
22.7091 	 2 
22.9761 	 0 
22.9761 	 1 
22.9878 	 2 
23.2200 	 2 
23.2316 	 1 
23.5334 	 1 
23.5566 	 2 
23.5566 	 0 
23.8121 	 1 
23.8237 	 2 
23.8237 	 0 
24.0791 	 1 
24.0907 	 2 
24.3693 	 1 
24.3693 	 2 
24.5203 	 2 
24.6596 	 0 
24.6596 	 1 
24.6596 	 2 
24.9266 	 1 
24.9266 	 2 
24.9498 	 0 
25.2053 	 1 
25.2169 	 0 
25.2169 	 2 
25.4839 	 1 
25.4839 	 2 
25.4955 	 0 
25.7625 	 1 
25.7741 	 0 
25.7741 	 2 
26.0528 	 2 
26.0528 	 0 
26.0528 	 1 
26.3198 	 1 
26.3314 	 2 
26.3430 	 0 
26.5985 	 1 
26.6101 	 2 
26.6101 	 0 
26.8307 	 2 
26.8539 	 1 
26.8887 	 0 
26.8887 	 2 
26.8887 	 1 
27.0396 	 2 
27.1325 	 1 
27.1673 	 1 
27.1790 	 2 
27.3067 	 2 
27.3763 	 1 
27.4576 	 1 
27.4576 	 2 
27.7246 	 1 
27.7362 	 2 
27.7362 	 0 
27.8872 	 2 
28.0033 	 1 
28.0149 	 0 
28.0149 	 2 
28.2703 	 1 
28.2935 	 2 
28.5605 	 1 
28.5605 	 2 
28.8276 	 1 
28.8392 	 2 
28.9669 	 1 
28.9785 	 0 
28.9901 	 2 
29.1294 	 2 
29.1294 	 1 
29.1294 	 0 
29.3965 	 1 
29.4081 	 0 
29.4081 	 2 
29.6751 	 2 
29.9770 	 1 
29.9770 	 2 
