0.0697 	 2 
0.3019 	 1 
0.3019 	 2 
0.8127 	 0 
1.1610 	 2 
1.2539 	 1 
1.3468 	 1 
1.4280 	 1 
1.4512 	 1 
1.4861 	 2 
1.5093 	 1 
1.5441 	 0 
1.9040 	 0 
1.9040 	 2 
2.2756 	 1 
2.2872 	 2 
2.6471 	 2 
2.9025 	 1 
3.0302 	 2 
3.2624 	 1 
3.3901 	 0 
3.4017 	 2 
3.7616 	 2 
3.7732 	 1 
4.1332 	 2 
4.1332 	 0 
4.3654 	 1 
4.4931 	 0 
4.5047 	 2 
4.7601 	 1 
4.7601 	 0 
4.8646 	 2 
4.8762 	 0 
5.2477 	 2 
5.4567 	 1 
5.5612 	 2 
5.8630 	 1 
5.9791 	 2 
5.9791 	 1 
5.9907 	 0 
6.3623 	 2 
6.7222 	 2 
6.7222 	 1 
6.9544 	 2 
7.4652 	 0 
7.4768 	 2 
7.8367 	 0 
8.0573 	 2 
8.2083 	 2 
8.2083 	 1 
8.4056 	 1 
8.5798 	 2 
8.5914 	 0 
8.8120 	 1 
8.9513 	 2 
9.1835 	 1 
9.3112 	 0 
9.3228 	 2 
9.6827 	 1 
9.6827 	 2 
10.0542 	 2 
10.4258 	 2 
10.4258 	 0 
10.7973 	 0 
11.1688 	 1 
11.1688 	 2 
11.5403 	 0 
11.5519 	 2 
11.9118 	 0 
11.9118 	 2 
12.1440 	 1 
12.6549 	 2 
12.6549 	 1 
13.0148 	 2 
13.0264 	 0 
13.3863 	 1 
13.3863 	 2 
13.3979 	 0 
13.4095 	 1 
13.7578 	 0 
13.7694 	 2 
14.1293 	 1 
14.1410 	 2 
14.3035 	 1 
14.5009 	 2 
14.5125 	 0 
14.7447 	 1 
14.8724 	 2 
15.1162 	 1 
15.2323 	 0 
15.2555 	 2 
15.6038 	 2 
15.6154 	 1 
15.9869 	 0 
15.9869 	 2 
16.2191 	 1 
16.3585 	 0 
16.3585 	 2 
16.6139 	 0 
16.6139 	 1 
16.7184 	 0 
16.7184 	 2 
17.1015 	 1 
17.4614 	 2 
17.7052 	 1 
17.8445 	 0 
17.8561 	 2 
18.5760 	 1 
18.5760 	 2 
18.9359 	 0 
18.9359 	 2 
19.3190 	 0 
19.3306 	 2 
19.6789 	 0 
20.0620 	 1 
20.0620 	 2 
20.4220 	 2 
20.8051 	 2 
21.0373 	 1 
21.1650 	 0 
21.5365 	 1 
21.5365 	 2 
21.9080 	 2 
22.2795 	 0 
22.2912 	 2 
22.6395 	 0 
23.0226 	 1 
23.0226 	 2 
23.2200 	 1 
23.6263 	 1 
23.7424 	 1 
23.7656 	 0 
23.7656 	 2 
24.1255 	 0 
24.1371 	 2 
24.4971 	 1 
24.4971 	 2 
24.7525 	 1 
24.8802 	 0 
25.2401 	 2 
25.2401 	 0 
25.6116 	 0 
25.9715 	 1 
25.9831 	 2 
26.3546 	 2 
26.7378 	 2 
26.9816 	 1 
27.0861 	 0 
27.1093 	 2 
27.4460 	 1 
27.4460 	 2 
27.8407 	 0 
28.2006 	 0 
28.2006 	 2 
28.5722 	 0 
28.5722 	 2 
28.9437 	 2 
28.9437 	 1 
29.3384 	 2 
29.6867 	 2 
29.6867 	 0 
30.4181 	 1 
30.4298 	 2 
30.7897 	 0 
30.7897 	 2 
31.1728 	 0 
31.1728 	 2 
31.5327 	 0 
31.7533 	 2 
31.9042 	 1 
31.9042 	 2 
32.2641 	 2 
32.6473 	 2 
32.8911 	 1 
33.0304 	 2 
33.3903 	 2 
33.3903 	 1 
33.7618 	 2 
34.1333 	 2 
34.1333 	 0 
34.4932 	 0 
34.5049 	 2 
34.8648 	 1 
34.8648 	 2 
35.2363 	 2 
35.6078 	 2 
35.6078 	 0 
35.9793 	 0 
35.9909 	 2 
36.3508 	 2 
36.3508 	 1 
36.3508 	 0 
36.5946 	 1 
36.6295 	 2 
36.7224 	 0 
37.0939 	 0 
37.1055 	 2 
37.4654 	 0 
37.4654 	 1 
37.4770 	 2 
37.8369 	 1 
37.8369 	 2 
38.4522 	 1 
38.5800 	 2 
38.8122 	 1 
38.8934 	 1 
38.9399 	 0 
38.9515 	 2 
38.9515 	 1 
39.3114 	 2 
39.3230 	 1 
39.6829 	 2 
40.0544 	 0 
40.0660 	 2 
40.4259 	 0 
40.4259 	 2 
40.4376 	 1 
40.7859 	 2 
40.7975 	 1 
41.1574 	 0 
41.1690 	 2 
41.4128 	 1 
41.5405 	 0 
41.5405 	 2 
41.9004 	 1 
41.9004 	 0 
42.2719 	 2 
42.2835 	 1 
42.6434 	 2 
43.0266 	 0 
43.0266 	 2 
43.0498 	 2 
43.3865 	 0 
43.7580 	 2 
43.7580 	 1 
44.1295 	 2 
44.5010 	 2 
44.7449 	 1 
44.8842 	 2 
45.2441 	 1 
45.2441 	 2 
45.6156 	 2 
45.9755 	 1 
45.9871 	 0 
45.9987 	 2 
46.3470 	 0 
46.3470 	 2 
46.3702 	 2 
46.7185 	 2 
46.7185 	 1 
47.0901 	 0 
47.0901 	 2 
47.4616 	 0 
47.4732 	 2 
47.8331 	 2 
48.2046 	 2 
48.2046 	 1 
48.5761 	 0 
48.5761 	 2 
48.9593 	 1 
48.9593 	 2 
48.9593 	 0 
49.2495 	 1 
49.3076 	 0 
49.3308 	 2 
49.6791 	 1 
49.6791 	 2 
50.0506 	 0 
50.0622 	 2 
50.2944 	 1 
50.4221 	 2 
50.4454 	 0 
50.6776 	 1 
50.7937 	 0 
50.8053 	 2 
51.1652 	 2 
51.1768 	 1 
51.5367 	 2 
51.9082 	 0 
51.9198 	 2 
52.2797 	 0 
52.6396 	 1 
52.6512 	 2 
52.8718 	 1 
53.0228 	 2 
53.0228 	 0 
53.2434 	 2 
53.3943 	 0 
53.4059 	 2 
53.7542 	 0 
54.1257 	 2 
54.1373 	 1 
54.4972 	 0 
54.8688 	 2 
54.8804 	 0 
54.8920 	 1 
55.2403 	 0 
55.6118 	 2 
55.6118 	 1 
55.9833 	 2 
56.2271 	 1 
56.3664 	 2 
56.5870 	 1 
56.7263 	 0 
56.7380 	 2 
57.0979 	 2 
57.0979 	 1 
57.4578 	 2 
57.8293 	 0 
57.8409 	 2 
58.2008 	 0 
58.5723 	 2 
58.5839 	 1 
58.9439 	 2 
59.3154 	 2 
59.3154 	 0 
59.5592 	 1 
59.6869 	 2 
60.0584 	 1 
60.0584 	 2 
60.4415 	 2 
60.7898 	 1 
60.8015 	 0 
60.8015 	 2 
61.1614 	 0 
61.1614 	 2 
61.1846 	 1 
61.5329 	 1 
61.5445 	 2 
61.9044 	 0 
61.9044 	 2 
62.2759 	 2 
62.5197 	 1 
62.6474 	 0 
62.6590 	 2 
63.0190 	 1 
63.0190 	 2 
63.3905 	 2 
63.3905 	 0 
63.7620 	 0 
63.7620 	 2 
64.1219 	 0 
64.4934 	 1 
64.5050 	 2 
64.8766 	 2 
64.8766 	 1 
65.1088 	 1 
65.2481 	 2 
65.2481 	 0 
65.6080 	 0 
65.6312 	 2 
65.9795 	 2 
65.9795 	 1 
66.7225 	 0 
66.7341 	 2 
67.0941 	 0 
67.4656 	 2 
67.4656 	 1 
68.2086 	 2 
68.5917 	 2 
68.9517 	 2 
68.9633 	 1 
69.2767 	 1 
69.6483 	 1 
69.6831 	 0 
69.6947 	 2 
70.0546 	 0 
70.4261 	 2 
70.4377 	 1 
70.7976 	 2 
71.1692 	 0 
71.1692 	 2 
71.4014 	 1 
71.5407 	 2 
71.9122 	 1 
72.2837 	 0 
72.2953 	 2 
72.5275 	 2 
72.5275 	 1 
72.6436 	 0 
72.6552 	 2 
72.9223 	 1 
73.0151 	 0 
73.3867 	 1 
73.3867 	 2 
73.7582 	 2 
74.1297 	 2 
74.1529 	 0 
74.5012 	 0 
74.8611 	 0 
74.8727 	 2 
75.2443 	 0 
75.2559 	 2 
75.6158 	 0 
75.6158 	 2 
75.9873 	 0 
76.3472 	 2 
76.3588 	 1 
76.7303 	 2 
76.9858 	 2 
77.0902 	 2 
77.0902 	 0 
77.4502 	 0 
77.8333 	 2 
77.8333 	 1 
78.5879 	 2 
78.5879 	 0 
78.9478 	 0 
79.3078 	 2 
79.3078 	 1 
79.5400 	 1 
79.6909 	 2 
79.8650 	 0 
80.0624 	 2 
80.0740 	 0 
80.2946 	 1 
80.4107 	 0 
80.7938 	 1 
80.7938 	 2 
81.1654 	 0 
81.5369 	 2 
81.5369 	 0 
81.9084 	 2 
81.9084 	 0 
82.2683 	 2 
82.2799 	 1 
82.6514 	 2 
83.0229 	 0 
83.0229 	 2 
83.3829 	 2 
83.3829 	 0 
83.7544 	 1 
83.7660 	 2 
84.1375 	 2 
84.3697 	 1 
84.4974 	 2 
84.8689 	 0 
84.8805 	 1 
85.2288 	 1 
85.2405 	 2 
85.3682 	 1 
85.6120 	 0 
85.6120 	 2 
85.9719 	 2 
85.9951 	 0 
86.2273 	 1 
86.3434 	 0 
86.3550 	 2 
86.7149 	 1 
86.7265 	 2 
86.9703 	 2 
87.0400 	 1 
87.0864 	 0 
87.4696 	 2 
87.4696 	 0 
87.8295 	 0 
87.8411 	 2 
88.2010 	 2 
88.2126 	 1 
88.5841 	 2 
88.9440 	 1 
88.9440 	 0 
88.9556 	 2 
89.2923 	 0 
89.6755 	 0 
89.6755 	 1 
89.6871 	 2 
90.0470 	 0 
90.0586 	 2 
90.4185 	 0 
90.4417 	 2 
90.7900 	 0 
90.8132 	 1 
91.1615 	 2 
91.5331 	 2 
91.5563 	 0 
91.9162 	 2 
91.9278 	 0 
92.1484 	 1 
92.2761 	 0 
92.2877 	 2 
92.6476 	 2 
92.6476 	 1 
93.0191 	 1 
93.3907 	 2 
93.3907 	 0 
93.7506 	 0 
94.1221 	 2 
94.1337 	 1 
94.4936 	 2 
94.8767 	 2 
94.8767 	 0 
95.1205 	 1 
95.6082 	 0 
95.6082 	 2 
95.6082 	 1 
95.8520 	 1 
95.8636 	 2 
96.0029 	 2 
96.0029 	 0 
96.3280 	 1 
96.3396 	 0 
96.3628 	 2 
96.5718 	 2 
96.7227 	 0 
96.7343 	 2 
96.9085 	 2 
97.0826 	 1 
97.0942 	 2 
97.4541 	 2 
97.8373 	 0 
97.8373 	 2 
98.0811 	 1 
98.1972 	 0 
98.5687 	 1 
98.5687 	 2 
98.9402 	 2 
98.9402 	 0 
99.3117 	 1 
99.3117 	 0 
99.3234 	 2 
99.4859 	 2 
99.5556 	 0 
99.6833 	 0 
100.0548 	 2 
100.0548 	 1 
100.1593 	 1 
100.2986 	 1 
100.4147 	 1 
100.4263 	 0 
100.6701 	 1 
100.8094 	 2 
100.8094 	 1 
100.8094 	 0 
101.1577 	 2 
101.1577 	 0 
101.5293 	 1 
101.5409 	 2 
101.9124 	 0 
101.9124 	 2 
102.1446 	 1 
102.2723 	 0 
102.2723 	 1 
102.6438 	 1 
102.6438 	 0 
102.7483 	 1 
103.0037 	 1 
103.0153 	 0 
104.1299 	 2 
104.1299 	 0 
104.4782 	 0 
104.4782 	 2 
107.1717 	 2 
107.1833 	 1 
107.2762 	 1 
107.3691 	 1 
107.4503 	 2 
108.0773 	 2 
108.1818 	 1 
108.2050 	 2 
108.2166 	 0 
108.5649 	 1 
108.5649 	 2 
108.5765 	 0 
108.9364 	 1 
108.9480 	 2 
109.3195 	 2 
109.3312 	 0 
109.5634 	 1 
109.5634 	 2 
109.6911 	 2 
109.9233 	 1 
110.0510 	 0 
110.0626 	 2 
110.4225 	 2 
110.4225 	 1 
110.7940 	 0 
110.7940 	 2 
111.1655 	 0 
111.1771 	 2 
111.4210 	 1 
111.4326 	 0 
111.5371 	 0 
111.5487 	 2 
111.8970 	 1 
111.9086 	 2 
112.2801 	 2 
112.5123 	 1 
112.6400 	 0 
112.6632 	 2 
113.0231 	 2 
113.3830 	 1 
113.3946 	 2 
113.7546 	 0 
114.0100 	 2 
114.1377 	 0 
114.1493 	 2 
114.4976 	 2 
114.4976 	 0 
114.7298 	 2 
114.8691 	 2 
114.8691 	 1 
115.1013 	 2 
115.2406 	 2 
115.4728 	 1 
115.6238 	 2 
115.8560 	 1 
115.9953 	 2 
116.0998 	 0 
116.0998 	 2 
116.3552 	 1 
116.3552 	 2 
116.7151 	 2 
116.9473 	 1 
117.0518 	 1 
117.0982 	 2 
117.0982 	 0 
117.4581 	 2 
117.4581 	 0 
117.8297 	 2 
117.8413 	 1 
118.2012 	 2 
118.5727 	 0 
118.5843 	 2 
118.8281 	 1 
119.3157 	 1 
119.3157 	 2 
119.6756 	 0 
119.6873 	 2 
119.6989 	 0 
120.0588 	 0 
120.0588 	 2 
120.0936 	 1 
120.4187 	 0 
120.4303 	 2 
120.7902 	 1 
120.8018 	 2 
120.9295 	 1 
121.1617 	 2 
121.4055 	 1 
121.5449 	 2 
121.7887 	 1 
121.9048 	 0 
121.9164 	 2 
122.2763 	 1 
122.2763 	 2 
122.6478 	 0 
122.6594 	 2 
122.8916 	 1 
123.0193 	 2 
123.0193 	 0 
123.2747 	 1 
123.2863 	 0 
123.3792 	 0 
123.3792 	 2 
123.7624 	 1 
123.7740 	 2 
124.1223 	 2 
124.3661 	 1 
124.5054 	 0 
124.5054 	 2 
124.8653 	 0 
125.2368 	 1 
125.2368 	 2 
125.6083 	 2 
125.6083 	 0 
125.9566 	 1 
125.9683 	 2 
125.9799 	 0 
126.3514 	 0 
126.7229 	 2 
126.7229 	 1 
127.0944 	 2 
127.4659 	 2 
127.7098 	 2 
127.7214 	 1 
127.8259 	 0 
127.8491 	 2 
128.2090 	 2 
128.2090 	 1 
128.5689 	 2 
128.9520 	 2 
128.9520 	 0 
129.3119 	 2 
129.3119 	 0 
129.6834 	 2 
129.6951 	 1 
130.0550 	 2 
130.0550 	 0 
130.4265 	 0 
130.4381 	 2 
130.6819 	 2 
130.7864 	 0 
130.7980 	 2 
131.1695 	 2 
131.1695 	 1 
131.4133 	 1 
131.4366 	 2 
131.5410 	 0 
131.9126 	 2 
131.9126 	 1 
131.9126 	 0 
132.0751 	 2 
132.2028 	 1 
132.2725 	 0 
132.6440 	 2 
132.6556 	 1 
132.7833 	 1 
133.0155 	 2 
133.2593 	 1 
133.3986 	 2 
133.6308 	 1 
133.7585 	 0 
133.7702 	 2 
134.0836 	 2 
134.0952 	 1 
134.1068 	 2 
134.5016 	 2 
134.5016 	 0 
134.8731 	 0 
134.8731 	 2 
135.1285 	 1 
135.2330 	 0 
135.2562 	 1 
135.2562 	 2 
135.6045 	 1 
135.6161 	 2 
135.9877 	 2 
136.2199 	 1 
136.3476 	 1 
136.3592 	 0 
136.3592 	 2 
137.0790 	 1 
137.0906 	 2 
137.4505 	 2 
137.4621 	 0 
137.8337 	 0 
137.8453 	 2 
138.2052 	 0 
138.2052 	 2 
138.5651 	 2 
138.5767 	 1 
138.9366 	 2 
138.9366 	 1 
139.1920 	 2 
139.3081 	 0 
139.3313 	 2 
139.5519 	 1 
139.6912 	 2 
140.0512 	 2 
140.0628 	 1 
140.4227 	 2 
140.6665 	 1 
140.8058 	 0 
140.8058 	 2 
141.1657 	 0 
141.5372 	 2 
141.5372 	 1 
141.9088 	 2 
142.2803 	 2 
142.2803 	 0 
142.5125 	 1 
142.6402 	 1 
142.6402 	 0 
143.0117 	 0 
143.0117 	 1 
143.0233 	 2 
143.2555 	 1 
143.3832 	 0 
143.7663 	 2 
143.7663 	 0 
143.7663 	 1 
144.1263 	 0 
144.1379 	 2 
144.4978 	 2 
144.5094 	 1 
144.8693 	 2 
145.1131 	 1 
145.2524 	 2 
145.4846 	 1 
145.6123 	 0 
145.6239 	 2 
145.9606 	 1 
145.9722 	 2 
146.3554 	 2 
146.7269 	 0 
146.7269 	 2 
146.9359 	 2 
147.0868 	 0 
147.1100 	 2 
147.1100 	 1 
147.4583 	 2 
147.4583 	 1 
147.8298 	 0 
147.8415 	 2 
148.0737 	 1 
148.2014 	 0 
148.2130 	 2 
148.5497 	 2 
148.5613 	 1 
148.9444 	 2 
148.9444 	 1 
149.3159 	 2 
149.6874 	 0 
150.0590 	 0 
150.4189 	 2 
150.4305 	 1 
150.8020 	 2 
151.1735 	 2 
151.4057 	 1 
151.5450 	 2 
151.9049 	 2 
151.9166 	 1 
152.2765 	 2 
152.6596 	 2 
152.6596 	 0 
153.0195 	 0 
153.3910 	 2 
153.3910 	 1 
153.7625 	 2 
153.7625 	 0 
154.1341 	 2 
154.1341 	 0 
154.4940 	 2 
154.8655 	 0 
154.8771 	 1 
154.8771 	 2 
155.2370 	 0 
155.2602 	 2 
155.4808 	 1 
155.6085 	 0 
155.6201 	 2 
155.6201 	 1 
155.6666 	 1 
155.7478 	 1 
155.8988 	 1 
155.9800 	 0 
155.9917 	 2 
156.3516 	 1 
156.3632 	 2 
156.5257 	 1 
156.7231 	 0 
156.7231 	 2 
157.0946 	 2 
157.3384 	 1 
157.4661 	 0 
157.4777 	 2 
157.8260 	 1 
157.8376 	 2 
158.1976 	 0 
158.2092 	 2 
158.5807 	 0 
158.5807 	 2 
158.9406 	 0 
158.9406 	 2 
158.9638 	 2 
159.3121 	 1 
159.3121 	 2 
159.6952 	 2 
159.9274 	 1 
160.0668 	 1 
160.0668 	 2 
160.0668 	 0 
160.4267 	 2 
160.7982 	 2 
160.7982 	 1 
161.1581 	 0 
161.1581 	 2 
161.5412 	 0 
161.5412 	 2 
161.9127 	 0 
162.2727 	 1 
162.2843 	 2 
162.6442 	 2 
162.8764 	 1 
163.0273 	 2 
163.2595 	 1 
163.3872 	 0 
163.3988 	 2 
163.7587 	 2 
163.7587 	 1 
164.1302 	 2 
164.5018 	 0 
164.5018 	 2 
164.8617 	 0 
165.2448 	 2 
165.2448 	 1 
165.6163 	 0 
165.6163 	 2 
165.9762 	 0 
165.9878 	 2 
166.2200 	 1 
166.3478 	 2 
166.7193 	 1 
166.7309 	 2 
167.0908 	 2 
167.1024 	 0 
167.4623 	 0 
167.4623 	 2 
167.8338 	 2 
167.8338 	 0 
167.8571 	 1 
168.1937 	 1 
168.2054 	 2 
168.5769 	 0 
168.5769 	 2 
168.9368 	 2 
169.1922 	 1 
169.3083 	 0 
169.3315 	 2 
169.6798 	 1 
169.6914 	 2 
170.0513 	 2 
170.0513 	 0 
170.4345 	 0 
170.4461 	 2 
170.7828 	 0 
170.7944 	 2 
171.1427 	 1 
171.1543 	 2 
171.5374 	 2 
171.5490 	 0 
171.7812 	 1 
171.9089 	 0 
171.9205 	 2 
172.2805 	 0 
172.6404 	 2 
172.6520 	 1 
173.0003 	 0 
173.0119 	 2 
173.3950 	 0 
173.4066 	 2 
173.7549 	 0 
174.1264 	 2 
174.1613 	 2 
174.8811 	 1 
174.8811 	 2 
174.8927 	 0 
175.2410 	 0 
175.6125 	 1 
175.6125 	 2 
176.3556 	 2 
176.3556 	 0 
176.7155 	 0 
177.0986 	 2 
177.0986 	 1 
177.4585 	 2 
177.4585 	 0 
177.8416 	 0 
177.8416 	 2 
178.0622 	 1 
178.2015 	 2 
178.5731 	 1 
178.5731 	 2 
178.9446 	 2 
178.9562 	 0 
179.3045 	 1 
179.3161 	 2 
179.9546 	 2 
180.1636 	 2 
180.3262 	 1 
180.7093 	 2 
180.8370 	 2 
181.8935 	 2 
182.0328 	 2 
