6.5712 	 1 
6.6409 	 1 
6.6873 	 2 
6.7106 	 1 
6.7918 	 1 
6.7918 	 2 
6.7918 	 0 
7.0124 	 2 
7.0124 	 0 
7.0124 	 1 
7.2446 	 0 
7.2446 	 1 
7.2446 	 2 
7.3491 	 1 
7.3607 	 2 
7.4768 	 0 
7.4768 	 1 
7.4768 	 2 
7.7787 	 2 
7.8019 	 1 
7.9180 	 2 
7.9296 	 1 
7.9296 	 0 
8.0457 	 1 
8.1502 	 2 
8.1618 	 1 
8.3708 	 1 
8.3824 	 2 
8.3824 	 0 
8.6146 	 2 
8.6262 	 1 
8.8352 	 0 
8.8352 	 2 
8.8352 	 1 
9.0558 	 2 
9.0558 	 1 
9.2880 	 2 
9.2880 	 1 
9.2880 	 0 
9.7408 	 0 
9.7408 	 1 
9.7408 	 2 
10.1936 	 0 
10.1936 	 1 
10.1936 	 2 
10.4490 	 1 
10.6463 	 1 
10.6463 	 2 
10.6580 	 0 
10.8902 	 2 
11.1107 	 2 
11.1107 	 0 
11.1107 	 1 
11.5635 	 2 
11.5635 	 0 
11.5635 	 1 
11.6216 	 2 
11.6216 	 1 
11.6332 	 0 
11.6680 	 1 
11.7841 	 1 
11.7841 	 2 
12.0163 	 1 
12.0163 	 0 
12.0163 	 2 
12.4691 	 1 
12.4691 	 2 
12.4807 	 0 
12.7013 	 2 
12.9219 	 0 
12.9219 	 2 
12.9219 	 1 
13.3747 	 1 
13.3747 	 0 
13.3747 	 2 
13.6185 	 1 
13.8275 	 1 
13.8391 	 0 
13.8391 	 2 
14.0829 	 1 
14.0945 	 2 
14.2803 	 1 
14.2919 	 0 
14.2919 	 2 
14.5241 	 1 
14.5241 	 2 
14.7447 	 1 
14.7447 	 2 
14.7447 	 0 
15.1975 	 2 
15.1975 	 1 
15.1975 	 0 
15.4297 	 2 
15.6502 	 1 
15.6502 	 2 
15.6502 	 0 
15.8824 	 2 
15.8941 	 1 
16.1030 	 0 
16.1030 	 2 
16.1030 	 1 
16.2191 	 1 
16.3352 	 1 
16.3468 	 2 
16.5674 	 0 
16.5674 	 2 
16.5674 	 1 
17.0086 	 2 
17.0086 	 1 
17.0086 	 0 
17.2408 	 2 
17.2408 	 1 
17.4614 	 1 
17.4730 	 0 
17.4730 	 2 
17.7052 	 1 
17.7052 	 2 
17.9258 	 1 
17.9258 	 0 
17.9258 	 2 
18.1580 	 2 
18.3786 	 1 
18.3786 	 0 
18.3786 	 2 
18.8314 	 1 
18.8314 	 2 
18.8314 	 0 
19.0636 	 1 
19.2842 	 1 
19.2842 	 2 
19.2842 	 0 
19.5164 	 2 
19.5280 	 1 
19.7370 	 2 
19.7370 	 1 
19.7486 	 0 
19.9808 	 2 
20.2014 	 1 
20.2014 	 0 
20.2014 	 2 
20.6425 	 2 
20.6541 	 0 
20.6541 	 1 
20.8747 	 2 
20.8980 	 1 
21.1069 	 0 
21.1069 	 2 
21.1069 	 1 
21.3391 	 1 
21.3391 	 2 
21.4436 	 2 
21.4436 	 1 
21.4436 	 0 
21.5597 	 2 
21.5597 	 1 
21.5597 	 0 
21.6758 	 0 
21.6758 	 1 
21.6758 	 2 
21.7803 	 1 
21.7803 	 0 
21.7919 	 2 
21.8848 	 2 
21.8964 	 1 
22.0125 	 1 
22.0125 	 2 
22.0125 	 0 
22.1286 	 1 
22.2447 	 0 
22.2447 	 1 
22.3260 	 2 
22.4653 	 0 
22.4653 	 2 
22.4653 	 1 
22.6975 	 2 
22.6975 	 1 
22.7091 	 0 
22.9297 	 2 
22.9297 	 0 
22.9297 	 1 
23.1503 	 1 
23.1619 	 2 
23.1619 	 0 
23.2316 	 1 
23.2316 	 2 
23.3709 	 1 
23.3825 	 2 
23.3825 	 0 
23.6031 	 2 
23.6147 	 0 
23.6147 	 1 
23.8353 	 2 
23.8353 	 0 
23.8353 	 1 
24.0559 	 0 
24.0559 	 2 
24.0559 	 1 
24.2881 	 2 
24.2881 	 1 
24.2881 	 0 
24.5087 	 1 
24.5087 	 2 
24.5203 	 0 
24.7409 	 0 
24.7409 	 2 
24.7409 	 1 
24.9731 	 1 
24.9731 	 2 
24.9731 	 0 
25.1937 	 1 
25.1937 	 2 
25.1937 	 0 
25.4259 	 0 
25.4259 	 2 
25.4259 	 1 
25.6464 	 1 
25.6580 	 2 
25.6580 	 0 
25.8786 	 0 
25.8786 	 1 
25.8786 	 2 
26.0992 	 1 
26.1108 	 2 
26.1108 	 0 
26.3314 	 2 
26.3314 	 0 
26.3430 	 1 
26.5636 	 2 
26.5636 	 1 
26.5636 	 0 
26.7842 	 1 
26.7842 	 0 
26.7958 	 2 
27.0164 	 1 
27.0164 	 2 
27.0164 	 0 
27.2486 	 2 
27.2486 	 1 
27.2486 	 0 
27.4692 	 0 
27.4692 	 2 
27.4692 	 1 
27.7014 	 1 
27.7014 	 2 
27.7014 	 0 
27.9220 	 0 
27.9220 	 1 
27.9220 	 2 
28.1542 	 2 
28.1542 	 1 
28.1542 	 0 
28.3748 	 1 
28.3864 	 2 
28.3864 	 0 
28.6070 	 0 
28.6070 	 2 
28.6070 	 1 
28.8276 	 0 
28.8276 	 1 
28.8276 	 2 
29.0598 	 1 
29.0598 	 2 
29.0598 	 0 
29.2920 	 0 
29.2920 	 1 
29.2920 	 2 
29.5126 	 2 
29.5126 	 0 
29.5126 	 1 
29.7332 	 1 
29.7448 	 2 
29.7448 	 0 
29.9654 	 1 
29.9770 	 2 
29.9770 	 0 
30.1976 	 1 
30.1976 	 2 
30.1976 	 0 
30.4181 	 2 
30.4298 	 1 
30.4298 	 0 
30.6503 	 2 
30.6503 	 0 
30.6503 	 1 
30.8825 	 0 
30.8825 	 1 
30.8825 	 2 
31.1031 	 0 
31.1031 	 1 
31.1031 	 2 
31.3237 	 2 
31.3353 	 1 
31.3353 	 0 
31.5559 	 1 
31.5559 	 2 
31.5675 	 0 
31.7881 	 2 
31.7881 	 1 
31.7881 	 0 
32.0087 	 0 
32.0203 	 2 
32.0203 	 1 
32.2409 	 2 
32.2409 	 1 
32.2409 	 0 
32.4615 	 1 
32.4731 	 2 
32.4731 	 0 
32.6937 	 1 
32.7053 	 2 
32.7053 	 0 
32.9259 	 1 
32.9259 	 0 
32.9259 	 2 
33.1465 	 0 
33.1465 	 2 
33.1465 	 1 
33.3787 	 0 
33.3787 	 2 
33.3787 	 1 
33.6109 	 1 
33.6109 	 0 
33.6109 	 2 
33.8315 	 2 
33.8315 	 0 
33.8315 	 1 
34.0637 	 2 
34.0637 	 1 
34.0637 	 0 
34.2843 	 1 
34.2843 	 0 
34.2843 	 2 
34.5165 	 2 
34.5165 	 1 
34.5165 	 0 
34.7371 	 1 
34.7487 	 2 
34.7487 	 0 
34.8415 	 1 
34.9693 	 1 
34.9693 	 0 
34.9693 	 2 
35.1898 	 2 
35.1898 	 1 
35.2015 	 0 
35.4337 	 2 
35.4337 	 1 
35.4453 	 0 
35.6542 	 0 
35.6542 	 2 
35.6542 	 1 
35.8748 	 0 
35.8864 	 1 
35.8864 	 2 
36.1070 	 2 
36.1070 	 1 
36.1070 	 0 
36.3276 	 0 
36.3392 	 2 
36.3392 	 1 
36.5598 	 1 
36.5598 	 0 
36.5598 	 2 
36.6527 	 2 
36.7804 	 0 
36.7920 	 2 
36.7920 	 1 
37.0126 	 1 
37.0126 	 0 
37.0126 	 2 
37.1287 	 1 
37.2448 	 1 
37.2448 	 2 
37.4654 	 0 
37.4654 	 1 
37.4770 	 2 
37.6976 	 0 
37.6976 	 1 
37.6976 	 2 
37.9182 	 0 
37.9182 	 1 
37.9182 	 2 
38.1504 	 0 
38.1504 	 1 
38.1504 	 2 
38.3710 	 1 
38.3710 	 0 
38.3710 	 2 
38.5916 	 2 
38.6032 	 1 
38.6032 	 0 
38.8238 	 1 
38.8238 	 0 
38.8354 	 2 
39.0560 	 0 
39.0676 	 2 
39.0676 	 1 
39.2882 	 2 
39.2882 	 1 
39.2882 	 0 
39.5088 	 1 
39.5204 	 2 
39.5204 	 0 
39.7410 	 1 
39.7410 	 0 
39.7410 	 2 
39.9615 	 0 
39.9732 	 1 
39.9732 	 2 
40.1937 	 0 
40.1937 	 1 
40.1937 	 2 
40.4259 	 0 
40.4259 	 1 
40.4259 	 2 
40.6465 	 0 
40.6465 	 1 
40.6465 	 2 
40.8787 	 0 
40.8787 	 1 
40.8787 	 2 
41.0993 	 2 
41.1109 	 1 
41.1109 	 0 
41.3315 	 2 
41.3315 	 0 
41.3315 	 1 
41.5637 	 2 
41.5637 	 0 
41.5637 	 1 
41.7843 	 2 
41.7843 	 0 
41.7959 	 1 
42.0165 	 0 
42.0165 	 2 
42.0165 	 1 
42.2371 	 0 
42.2371 	 1 
42.2371 	 2 
42.4693 	 2 
42.4693 	 1 
42.4693 	 0 
42.6899 	 0 
42.7015 	 1 
42.7015 	 2 
42.9221 	 0 
42.9221 	 1 
42.9221 	 2 
43.1427 	 0 
43.1543 	 2 
43.1543 	 1 
43.3749 	 1 
43.3749 	 0 
43.3749 	 2 
43.4910 	 2 
43.6071 	 2 
43.6071 	 1 
43.6071 	 0 
43.8277 	 1 
43.8393 	 2 
43.8393 	 0 
44.0599 	 2 
44.0599 	 1 
44.0599 	 0 
44.2805 	 1 
44.2921 	 0 
44.2921 	 2 
44.5127 	 0 
44.5243 	 1 
44.5243 	 2 
44.7449 	 0 
44.7449 	 2 
44.7449 	 1 
44.9654 	 1 
44.9654 	 0 
44.9654 	 2 
45.1860 	 1 
45.1976 	 0 
45.1976 	 2 
45.4182 	 0 
45.4182 	 2 
45.4182 	 1 
45.6388 	 1 
45.6504 	 2 
45.6504 	 0 
45.8710 	 2 
45.8710 	 0 
45.8710 	 1 
46.1032 	 2 
46.1032 	 0 
46.1032 	 1 
46.3354 	 0 
46.3354 	 1 
46.3354 	 2 
46.5560 	 2 
46.5560 	 0 
46.5560 	 1 
46.7882 	 2 
46.7882 	 1 
46.7882 	 0 
47.0088 	 2 
47.0088 	 1 
47.0204 	 0 
47.2410 	 0 
47.2410 	 2 
47.2410 	 1 
47.4616 	 1 
47.4732 	 2 
47.4732 	 0 
47.6938 	 1 
47.6938 	 2 
47.6938 	 0 
47.9144 	 2 
47.9260 	 1 
47.9260 	 0 
48.1466 	 0 
48.1466 	 1 
48.1466 	 2 
48.3788 	 0 
48.3788 	 1 
48.3788 	 2 
48.5994 	 0 
48.6110 	 1 
48.6110 	 2 
48.8316 	 2 
48.8316 	 0 
48.8316 	 1 
48.9361 	 1 
49.0638 	 0 
49.0638 	 1 
49.0638 	 2 
49.2844 	 1 
49.2844 	 2 
49.2844 	 0 
49.5049 	 0 
49.5166 	 1 
49.5166 	 2 
49.7371 	 1 
49.7371 	 0 
49.7371 	 2 
49.9693 	 1 
49.9693 	 0 
49.9693 	 2 
50.2015 	 2 
50.2015 	 1 
50.2015 	 0 
50.4221 	 1 
50.4221 	 2 
50.4337 	 0 
50.5498 	 1 
50.5498 	 0 
50.6543 	 2 
50.6543 	 1 
50.6543 	 0 
50.7704 	 0 
50.7704 	 1 
50.7704 	 2 
50.8865 	 2 
50.8865 	 0 
50.8981 	 1 
50.9446 	 1 
50.9910 	 1 
50.9910 	 0 
50.9910 	 2 
51.1071 	 2 
51.1071 	 0 
51.1071 	 1 
51.3277 	 2 
51.3277 	 1 
51.3393 	 0 
51.5599 	 2 
51.5599 	 1 
51.5599 	 0 
51.7921 	 0 
51.7921 	 2 
51.7921 	 1 
52.0127 	 2 
52.0127 	 1 
52.0243 	 0 
52.2449 	 1 
52.2449 	 0 
52.2449 	 2 
52.4655 	 2 
52.4655 	 1 
52.4655 	 0 
52.6977 	 1 
52.6977 	 2 
52.6977 	 0 
52.9183 	 1 
52.9299 	 2 
52.9299 	 0 
53.1505 	 0 
53.1505 	 1 
53.1505 	 2 
53.3711 	 0 
53.3711 	 1 
53.3711 	 2 
53.6033 	 2 
53.6033 	 0 
53.6149 	 1 
53.8355 	 2 
53.8355 	 1 
53.8355 	 0 
54.0561 	 2 
54.0561 	 0 
54.0561 	 1 
54.2883 	 0 
54.2883 	 2 
54.2883 	 1 
54.5088 	 2 
54.5205 	 0 
54.5205 	 1 
54.7410 	 0 
54.7410 	 2 
54.7410 	 1 
54.9616 	 1 
54.9616 	 0 
54.9616 	 2 
55.1938 	 2 
55.1938 	 1 
55.1938 	 0 
55.4260 	 1 
55.4260 	 0 
55.4260 	 2 
55.6466 	 1 
55.6466 	 2 
55.6466 	 0 
55.8788 	 2 
55.8788 	 0 
55.8788 	 1 
56.0994 	 1 
56.0994 	 2 
56.1110 	 0 
56.3316 	 0 
56.3316 	 1 
56.3316 	 2 
56.5638 	 1 
56.5638 	 2 
56.5638 	 0 
56.7844 	 0 
56.7844 	 1 
56.7844 	 2 
57.0166 	 1 
57.0166 	 2 
57.0166 	 0 
57.2488 	 1 
57.2488 	 0 
57.2488 	 2 
57.4694 	 0 
57.4694 	 1 
57.4694 	 2 
57.6900 	 1 
57.7016 	 0 
57.7016 	 2 
57.9222 	 1 
57.9222 	 2 
57.9338 	 0 
58.1544 	 1 
58.1544 	 0 
58.1544 	 2 
58.3750 	 2 
58.3750 	 1 
58.3866 	 0 
58.6072 	 1 
58.6072 	 0 
58.6072 	 2 
58.8278 	 2 
58.8394 	 0 
58.8394 	 1 
59.0600 	 1 
59.0600 	 0 
59.0600 	 2 
59.2805 	 1 
59.2922 	 0 
59.2922 	 2 
59.5127 	 0 
59.5127 	 2 
59.5244 	 1 
59.6869 	 1 
59.7333 	 2 
59.7333 	 1 
59.7449 	 0 
59.9655 	 2 
59.9655 	 0 
59.9771 	 1 
60.1977 	 2 
60.1977 	 1 
60.1977 	 0 
60.4183 	 2 
60.4183 	 0 
60.4183 	 1 
60.6505 	 0 
60.6505 	 1 
60.6505 	 2 
60.8711 	 1 
60.8827 	 0 
60.8827 	 2 
61.1033 	 0 
61.1033 	 1 
61.1033 	 2 
61.3355 	 0 
61.3355 	 1 
61.3355 	 2 
61.5561 	 0 
61.5561 	 2 
61.5561 	 1 
61.6722 	 1 
61.7883 	 2 
61.7883 	 1 
61.7883 	 0 
62.0205 	 2 
62.0205 	 1 
62.0205 	 0 
62.2295 	 2 
62.2411 	 0 
62.2411 	 1 
62.4617 	 1 
62.4617 	 2 
62.4733 	 0 
62.6939 	 0 
62.6939 	 2 
62.6939 	 1 
62.9261 	 0 
62.9261 	 2 
62.9261 	 1 
63.1467 	 2 
63.1467 	 0 
63.1583 	 1 
63.2744 	 1 
63.3789 	 1 
63.3789 	 0 
63.3789 	 2 
63.5995 	 2 
63.6111 	 0 
63.6111 	 1 
63.8317 	 1 
63.8317 	 2 
63.8433 	 0 
64.0522 	 0 
64.0639 	 1 
64.0639 	 2 
64.2844 	 1 
64.2844 	 0 
64.2844 	 2 
64.5166 	 0 
64.5166 	 1 
64.5166 	 2 
64.7372 	 2 
64.7372 	 0 
64.7372 	 1 
64.9578 	 0 
64.9694 	 2 
64.9694 	 1 
65.1900 	 1 
65.1900 	 2 
65.2016 	 0 
65.4222 	 0 
65.4222 	 2 
65.4222 	 1 
65.6544 	 0 
65.6544 	 2 
65.6544 	 1 
65.7821 	 1 
65.8982 	 1 
67.4772 	 0 
67.4772 	 2 
67.4772 	 1 
67.7907 	 2 
67.7907 	 1 
67.8023 	 0 
67.9300 	 1 
67.9300 	 0 
67.9300 	 2 
68.1506 	 1 
68.1506 	 2 
68.3828 	 1 
68.3828 	 2 
68.3828 	 0 
68.6150 	 1 
68.8356 	 0 
68.8356 	 1 
68.8356 	 2 
69.0794 	 1 
69.2883 	 0 
69.3000 	 2 
69.3000 	 1 
69.6366 	 0 
69.6366 	 2 
69.6366 	 1 
69.7411 	 2 
69.7411 	 1 
69.7527 	 0 
69.8456 	 1 
69.9617 	 1 
69.9617 	 2 
69.9733 	 0 
70.2055 	 1 
70.2055 	 2 
70.2055 	 0 
70.4377 	 1 
70.6467 	 1 
70.6467 	 2 
70.6583 	 0 
71.1111 	 0 
71.1111 	 1 
71.1111 	 2 
71.5059 	 1 
71.5523 	 2 
71.5639 	 1 
71.5639 	 0 
71.7961 	 0 
71.7961 	 1 
72.0167 	 2 
72.0167 	 1 
72.0167 	 0 
72.3882 	 1 
72.4695 	 1 
72.4695 	 2 
72.5740 	 1 
72.9339 	 1 
72.9339 	 2 
72.9339 	 0 
73.2590 	 2 
73.3751 	 2 
73.3751 	 1 
73.3867 	 0 
73.5956 	 2 
73.6073 	 1 
73.7117 	 1 
73.8278 	 2 
73.8395 	 1 
73.8395 	 0 
74.0717 	 1 
74.2922 	 2 
74.2922 	 1 
74.2922 	 0 
74.7450 	 2 
74.7450 	 1 
74.7450 	 0 
75.1978 	 2 
75.1978 	 1 
75.1978 	 0 
75.4184 	 2 
75.4300 	 1 
75.4300 	 0 
75.6506 	 1 
75.6506 	 2 
75.6622 	 0 
76.1034 	 1 
76.1034 	 2 
76.1150 	 0 
76.5678 	 1 
76.5678 	 2 
76.5678 	 0 
76.8464 	 2 
77.0090 	 2 
77.0206 	 0 
77.0206 	 1 
77.2412 	 2 
77.2528 	 1 
77.4734 	 0 
77.4734 	 1 
77.4734 	 2 
77.9262 	 1 
77.9262 	 2 
77.9262 	 0 
78.1700 	 1 
78.3790 	 0 
78.3790 	 2 
78.3906 	 1 
78.6460 	 1 
78.8317 	 0 
78.8317 	 2 
78.8317 	 1 
78.9478 	 1 
78.9595 	 2 
79.0523 	 2 
79.0639 	 1 
79.0639 	 0 
79.2845 	 2 
79.2845 	 1 
79.2961 	 0 
79.4122 	 2 
79.5167 	 2 
79.5400 	 1 
79.7373 	 2 
79.7489 	 1 
79.7489 	 0 
79.8999 	 1 
79.9347 	 2 
80.2017 	 0 
80.2017 	 2 
80.2017 	 1 
80.3410 	 2 
80.5384 	 2 
80.5384 	 1 
80.6545 	 2 
80.6545 	 1 
80.6545 	 0 
80.8751 	 2 
80.8751 	 1 
80.8751 	 0 
81.1073 	 2 
81.1073 	 0 
81.1073 	 1 
81.3279 	 1 
81.3279 	 2 
81.3395 	 0 
81.5601 	 2 
81.5601 	 0 
81.5717 	 1 
81.7807 	 2 
81.7807 	 0 
81.7923 	 1 
82.0129 	 1 
82.0245 	 2 
82.0245 	 0 
82.2335 	 0 
82.2335 	 2 
82.2451 	 1 
82.4657 	 2 
82.4657 	 1 
82.4657 	 0 
82.5702 	 2 
82.5818 	 0 
82.6979 	 2 
82.6979 	 1 
82.6979 	 0 
82.9185 	 0 
82.9185 	 2 
82.9301 	 1 
83.1507 	 2 
83.1507 	 1 
83.1507 	 0 
83.3712 	 2 
83.3712 	 1 
83.3712 	 0 
83.6034 	 1 
83.6034 	 0 
83.6034 	 2 
83.8356 	 0 
83.8356 	 2 
83.8356 	 1 
84.0562 	 0 
84.0562 	 2 
84.0562 	 1 
84.2884 	 1 
84.2884 	 0 
84.2884 	 2 
84.5090 	 0 
84.5090 	 2 
84.5206 	 1 
84.7412 	 2 
84.7412 	 0 
84.7412 	 1 
84.9618 	 0 
84.9734 	 1 
84.9734 	 2 
85.1940 	 1 
85.1940 	 0 
85.1940 	 2 
85.3101 	 1 
85.4146 	 0 
85.4262 	 1 
85.4262 	 2 
85.6584 	 1 
85.6584 	 0 
85.6584 	 2 
85.8674 	 1 
85.8790 	 2 
85.8790 	 0 
86.0996 	 2 
86.0996 	 1 
86.0996 	 0 
86.3318 	 1 
86.3318 	 0 
86.3318 	 2 
86.5640 	 1 
86.5640 	 2 
86.5640 	 0 
86.7846 	 1 
86.7846 	 0 
86.7846 	 2 
87.0168 	 2 
87.0168 	 1 
87.0168 	 0 
87.2374 	 2 
87.2374 	 0 
87.2374 	 1 
87.4696 	 2 
87.4696 	 0 
87.4696 	 1 
87.6902 	 1 
87.6902 	 2 
87.6902 	 0 
87.9224 	 1 
87.9224 	 0 
87.9224 	 2 
88.1546 	 2 
88.1546 	 0 
88.1546 	 1 
88.3751 	 2 
88.3751 	 0 
88.3751 	 1 
88.6073 	 2 
88.6073 	 0 
88.6073 	 1 
88.8279 	 2 
88.8279 	 0 
88.8279 	 1 
89.0601 	 0 
89.0601 	 1 
89.0601 	 2 
89.2923 	 1 
89.2923 	 2 
89.2923 	 0 
89.4317 	 1 
89.5013 	 2 
89.5129 	 0 
89.5245 	 1 
89.7335 	 0 
89.7335 	 1 
89.7335 	 2 
89.9657 	 1 
89.9657 	 0 
89.9657 	 2 
90.1979 	 1 
90.1979 	 2 
90.1979 	 0 
90.4185 	 0 
90.4301 	 1 
90.4301 	 2 
90.6507 	 1 
90.6507 	 0 
90.6507 	 2 
90.8713 	 0 
90.8829 	 1 
90.8829 	 2 
91.1151 	 1 
91.1151 	 2 
91.1151 	 0 
91.3357 	 2 
91.3357 	 1 
91.3357 	 0 
91.5563 	 1 
91.5563 	 2 
91.5563 	 0 
91.7885 	 1 
91.7885 	 2 
91.7885 	 0 
92.0091 	 2 
92.0091 	 0 
92.0091 	 1 
92.2413 	 2 
92.2413 	 0 
92.2413 	 1 
92.4154 	 1 
92.4619 	 2 
92.4619 	 0 
92.4619 	 1 
92.6941 	 0 
92.7057 	 1 
92.7057 	 2 
92.9146 	 2 
92.9263 	 1 
92.9263 	 0 
93.1468 	 0 
93.1468 	 2 
93.1585 	 1 
93.3790 	 1 
93.3790 	 2 
93.3790 	 0 
93.6112 	 1 
93.6112 	 0 
93.6112 	 2 
93.8318 	 1 
93.8318 	 2 
93.8318 	 0 
94.0524 	 0 
94.0640 	 1 
94.0640 	 2 
94.2846 	 2 
94.2846 	 1 
94.2846 	 0 
94.5052 	 0 
94.5168 	 2 
94.5168 	 1 
94.7374 	 0 
94.7490 	 2 
94.7490 	 1 
94.9696 	 2 
94.9696 	 1 
94.9696 	 0 
95.1902 	 2 
95.1902 	 1 
95.1902 	 0 
95.3063 	 2 
95.3063 	 1 
95.3063 	 0 
95.4224 	 0 
95.4224 	 2 
95.4224 	 1 
95.6430 	 2 
95.6430 	 0 
95.6546 	 1 
95.7591 	 2 
95.7707 	 1 
95.8636 	 1 
95.8752 	 0 
95.8752 	 2 
95.9797 	 1 
95.9913 	 2 
96.0958 	 0 
96.0958 	 1 
96.1074 	 2 
96.2119 	 1 
96.2119 	 2 
96.3280 	 1 
96.3280 	 2 
96.4441 	 1 
96.4441 	 2 
96.5602 	 0 
96.5602 	 2 
96.5602 	 1 
96.7808 	 2 
96.8040 	 1 
97.0130 	 1 
97.0130 	 2 
97.0246 	 0 
97.1407 	 1 
97.2336 	 2 
97.4658 	 2 
97.4658 	 0 
97.4658 	 1 
97.7096 	 1 
97.9185 	 2 
97.9185 	 0 
97.9185 	 1 
98.1507 	 2 
98.3829 	 2 
98.3829 	 0 
98.3829 	 1 
98.8241 	 2 
98.8357 	 1 
98.8357 	 0 
99.0563 	 2 
99.2885 	 2 
99.2885 	 1 
99.2885 	 0 
99.5207 	 2 
99.5323 	 1 
99.7413 	 2 
99.7413 	 0 
99.7413 	 1 
100.1941 	 0 
100.2057 	 1 
100.2057 	 2 
100.6469 	 1 
100.6469 	 2 
100.6585 	 0 
101.1113 	 0 
101.1113 	 2 
101.1113 	 1 
101.5525 	 2 
101.5525 	 1 
101.5641 	 0 
101.7847 	 2 
101.7963 	 0 
102.0169 	 0 
102.0169 	 1 
102.0169 	 2 
102.4697 	 0 
102.4697 	 2 
102.4697 	 1 
102.7019 	 1 
102.7019 	 2 
102.9224 	 0 
102.9224 	 1 
102.9224 	 2 
103.1546 	 1 
103.1546 	 2 
103.3752 	 1 
103.3752 	 2 
103.3752 	 0 
103.5958 	 2 
103.6074 	 1 
103.8396 	 2 
103.8396 	 0 
103.8396 	 1 
103.9557 	 2 
104.2808 	 1 
104.2808 	 2 
104.2924 	 0 
104.5014 	 1 
104.5014 	 2 
104.7452 	 2 
104.7452 	 1 
104.7452 	 0 
104.9658 	 2 
104.9890 	 1 
105.1980 	 1 
105.1980 	 0 
105.1980 	 2 
105.3141 	 1 
105.4302 	 1 
105.4302 	 2 
105.6508 	 0 
105.6508 	 2 
105.6508 	 1 
106.1036 	 1 
106.1036 	 2 
106.1152 	 0 
106.3358 	 2 
106.3474 	 1 
106.5564 	 1 
106.5564 	 0 
106.5564 	 2 
106.7886 	 1 
106.7886 	 2 
107.0092 	 2 
107.0092 	 1 
107.0208 	 0 
107.2414 	 2 
107.2530 	 1 
107.4736 	 1 
107.4736 	 0 
107.4736 	 2 
107.9147 	 2 
107.9263 	 0 
107.9263 	 1 
108.3791 	 0 
108.3791 	 1 
108.3791 	 2 
108.8319 	 0 
108.8319 	 1 
108.8319 	 2 
109.0641 	 2 
109.2847 	 2 
109.2847 	 1 
109.2963 	 0 
109.7375 	 1 
109.7375 	 2 
109.7491 	 0 
109.9697 	 1 
109.9697 	 2 
110.1903 	 2 
110.1903 	 1 
110.2019 	 0 
110.4225 	 2 
110.4341 	 1 
110.5386 	 2 
110.5386 	 0 
110.5386 	 1 
110.6431 	 2 
110.6547 	 0 
110.6547 	 1 
110.7592 	 2 
110.7592 	 0 
110.7708 	 1 
110.8637 	 1 
110.8753 	 0 
110.8753 	 2 
110.9914 	 1 
111.1075 	 0 
111.1075 	 2 
111.1075 	 1 
111.3281 	 0 
111.3397 	 2 
111.3397 	 1 
111.5603 	 0 
111.5603 	 2 
111.5603 	 1 
111.7809 	 2 
111.7925 	 1 
111.7925 	 0 
112.0131 	 1 
112.0131 	 0 
112.0131 	 2 
112.2337 	 0 
112.2337 	 2 
112.2453 	 1 
112.4659 	 0 
112.4659 	 2 
112.4659 	 1 
112.6980 	 2 
112.6980 	 0 
112.6980 	 1 
112.9186 	 1 
112.9186 	 0 
112.9186 	 2 
113.1392 	 2 
113.1508 	 0 
113.1508 	 1 
113.3714 	 0 
113.3714 	 1 
113.3714 	 2 
113.6036 	 0 
113.6036 	 2 
113.6036 	 1 
113.8126 	 1 
113.8242 	 2 
113.8242 	 0 
114.0564 	 2 
114.0564 	 0 
114.0564 	 1 
114.2770 	 1 
114.2886 	 2 
114.2886 	 0 
114.5092 	 1 
114.5092 	 0 
114.5092 	 2 
114.7414 	 1 
114.7414 	 0 
114.7414 	 2 
114.9620 	 0 
114.9620 	 2 
114.9736 	 1 
115.1942 	 2 
115.1942 	 0 
115.1942 	 1 
115.4264 	 2 
115.4264 	 0 
115.4264 	 1 
115.6470 	 1 
115.6586 	 0 
115.6586 	 2 
115.8792 	 0 
115.8792 	 1 
115.8792 	 2 
116.1114 	 0 
116.1114 	 1 
116.1114 	 2 
116.3320 	 2 
116.3320 	 1 
116.3320 	 0 
116.5526 	 1 
116.5642 	 0 
116.5642 	 2 
116.7848 	 1 
116.7848 	 2 
116.7848 	 0 
117.0170 	 1 
117.0170 	 2 
117.0170 	 0 
117.2376 	 0 
117.2376 	 2 
117.2492 	 1 
117.4698 	 0 
117.4698 	 1 
117.4698 	 2 
117.6903 	 1 
117.6903 	 0 
117.7020 	 2 
117.9225 	 1 
117.9225 	 0 
117.9225 	 2 
118.1431 	 0 
118.1547 	 1 
118.1547 	 2 
118.3753 	 0 
118.3753 	 2 
118.3753 	 1 
118.6075 	 2 
118.6075 	 0 
118.6075 	 1 
118.8281 	 0 
118.8281 	 1 
118.8281 	 2 
119.0603 	 1 
119.0603 	 2 
119.0603 	 0 
119.2925 	 1 
119.2925 	 0 
119.2925 	 2 
119.5131 	 1 
119.5131 	 0 
119.5131 	 2 
119.7337 	 1 
119.7453 	 0 
119.7453 	 2 
119.9659 	 0 
119.9659 	 2 
119.9659 	 1 
120.1981 	 1 
120.1981 	 0 
120.1981 	 2 
120.4187 	 0 
120.4187 	 1 
120.4187 	 2 
120.6509 	 1 
120.6509 	 0 
120.6509 	 2 
120.8715 	 0 
120.8715 	 2 
120.8831 	 1 
121.1037 	 0 
121.1037 	 2 
121.1037 	 1 
121.3359 	 1 
121.3359 	 0 
121.3359 	 2 
121.5565 	 2 
121.5565 	 0 
121.5565 	 1 
121.7887 	 2 
121.7887 	 0 
121.7887 	 1 
122.0093 	 1 
122.0093 	 0 
122.0093 	 2 
122.2415 	 0 
122.2415 	 2 
122.2415 	 1 
122.4620 	 1 
122.4737 	 2 
122.4737 	 0 
122.6942 	 1 
122.6942 	 2 
122.7059 	 0 
122.9264 	 2 
122.9264 	 0 
122.9264 	 1 
123.1470 	 2 
123.1470 	 0 
123.1470 	 1 
123.3792 	 1 
123.3792 	 0 
123.3792 	 2 
123.5998 	 2 
123.6114 	 1 
123.6114 	 0 
123.8320 	 2 
123.8320 	 1 
123.8320 	 0 
123.9481 	 2 
124.0526 	 0 
124.0526 	 2 
124.0642 	 1 
124.2848 	 0 
124.2848 	 1 
124.2848 	 2 
124.5170 	 2 
124.5170 	 1 
124.5170 	 0 
124.7376 	 1 
124.7492 	 2 
124.7492 	 0 
124.9698 	 0 
124.9698 	 2 
124.9698 	 1 
125.0743 	 2 
125.0859 	 1 
125.0975 	 0 
125.1904 	 1 
125.1904 	 2 
125.2020 	 0 
125.3065 	 2 
125.3065 	 0 
125.3181 	 1 
125.4226 	 2 
125.4342 	 0 
125.4574 	 1 
125.5155 	 1 
125.5387 	 0 
125.5387 	 2 
125.6432 	 0 
125.6548 	 2 
125.6548 	 1 
125.8754 	 1 
125.8754 	 2 
125.8754 	 0 
126.1076 	 1 
126.1076 	 2 
126.1076 	 0 
126.3282 	 1 
126.3282 	 2 
126.3282 	 0 
126.5604 	 2 
126.5604 	 1 
126.5604 	 0 
126.7810 	 0 
126.7810 	 2 
126.7926 	 1 
127.0132 	 2 
127.0132 	 1 
127.0132 	 0 
127.2337 	 2 
127.2337 	 1 
127.2454 	 0 
127.4659 	 1 
127.4776 	 2 
127.4776 	 0 
127.6981 	 0 
127.6981 	 1 
127.6981 	 2 
127.9187 	 0 
127.9187 	 1 
127.9187 	 2 
128.1509 	 0 
128.1509 	 1 
128.1509 	 2 
128.3715 	 1 
128.3831 	 0 
128.3831 	 2 
128.6037 	 2 
128.6037 	 0 
128.6037 	 1 
128.8243 	 1 
128.8243 	 2 
128.8359 	 0 
129.0565 	 0 
129.0565 	 2 
129.0565 	 1 
129.2887 	 0 
129.2887 	 1 
129.2887 	 2 
129.4048 	 2 
129.5093 	 1 
129.5093 	 2 
129.5093 	 0 
129.7415 	 0 
129.7415 	 1 
129.7415 	 2 
129.9737 	 0 
129.9737 	 1 
129.9737 	 2 
130.1943 	 1 
130.1943 	 0 
130.1943 	 2 
130.4265 	 1 
130.4265 	 2 
130.4265 	 0 
130.6471 	 2 
130.6471 	 0 
130.6471 	 1 
130.8793 	 2 
130.8793 	 1 
130.8793 	 0 
131.0999 	 1 
131.0999 	 2 
131.1115 	 0 
131.3321 	 1 
131.3321 	 2 
131.3321 	 0 
131.5527 	 1 
131.5527 	 2 
131.5643 	 0 
131.7849 	 1 
131.7849 	 2 
131.7849 	 0 
132.0171 	 0 
132.0171 	 1 
132.0171 	 2 
132.2376 	 0 
132.2376 	 1 
132.2376 	 2 
132.4698 	 0 
132.4698 	 1 
132.4698 	 2 
132.6904 	 0 
132.7020 	 1 
132.7020 	 2 
132.9226 	 0 
132.9226 	 1 
132.9226 	 2 
133.1432 	 2 
133.1548 	 0 
133.1548 	 1 
133.3754 	 2 
133.3754 	 1 
133.3870 	 0 
133.6076 	 2 
133.6076 	 0 
133.6076 	 1 
133.8282 	 1 
133.8282 	 0 
133.8398 	 2 
134.0604 	 2 
134.0604 	 1 
134.0604 	 0 
134.2810 	 1 
134.2810 	 2 
134.2926 	 0 
134.5132 	 0 
134.5132 	 2 
134.5132 	 1 
134.7338 	 2 
134.7338 	 1 
134.7454 	 0 
134.9660 	 2 
134.9660 	 0 
134.9660 	 1 
135.1866 	 1 
135.1982 	 0 
135.1982 	 2 
135.4188 	 2 
135.4304 	 1 
135.4304 	 0 
135.6510 	 1 
135.6510 	 2 
135.6626 	 0 
135.8832 	 2 
135.8832 	 0 
135.8832 	 1 
135.9993 	 0 
136.1038 	 0 
136.1038 	 1 
136.1038 	 2 
136.2199 	 1 
136.3244 	 2 
136.3360 	 1 
136.3360 	 0 
136.5566 	 2 
136.5566 	 1 
136.5566 	 0 
136.7771 	 2 
136.7888 	 1 
136.7888 	 0 
137.0093 	 1 
137.0093 	 2 
137.0210 	 0 
137.1951 	 1 
137.2415 	 1 
137.2415 	 2 
137.2415 	 0 
137.4621 	 1 
137.4737 	 2 
137.4737 	 0 
137.6943 	 0 
137.6943 	 2 
137.6943 	 1 
137.9265 	 0 
137.9265 	 1 
137.9265 	 2 
138.1471 	 1 
138.1471 	 2 
138.1471 	 0 
138.3793 	 1 
138.3793 	 2 
138.3793 	 0 
138.5999 	 2 
138.5999 	 1 
138.6115 	 0 
138.7044 	 1 
138.8321 	 0 
138.8321 	 1 
138.8321 	 2 
139.0527 	 0 
139.0643 	 1 
139.0643 	 2 
139.2849 	 0 
139.2849 	 1 
139.2849 	 2 
139.3778 	 1 
139.5171 	 0 
139.5171 	 1 
139.5171 	 2 
139.7377 	 1 
139.7377 	 2 
139.7493 	 0 
139.9699 	 2 
139.9699 	 1 
139.9699 	 0 
140.2021 	 2 
140.2021 	 0 
140.2021 	 1 
140.4575 	 1 
142.0132 	 1 
142.0249 	 0 
142.0249 	 2 
142.1410 	 1 
142.3267 	 2 
142.3383 	 1 
142.4660 	 2 
142.4660 	 0 
142.4660 	 1 
142.5937 	 2 
142.5937 	 1 
142.6866 	 2 
142.6982 	 1 
142.6982 	 0 
142.9304 	 2 
142.9304 	 1 
142.9304 	 0 
143.3716 	 2 
143.3716 	 1 
143.3832 	 0 
143.8360 	 2 
143.8360 	 1 
143.8360 	 0 
144.1727 	 0 
144.1727 	 1 
144.1727 	 2 
144.2888 	 0 
144.2888 	 1 
144.2888 	 2 
144.4049 	 1 
144.5094 	 2 
144.5210 	 1 
144.5210 	 0 
144.7416 	 1 
144.7416 	 2 
144.7532 	 0 
145.1944 	 2 
145.1944 	 1 
145.1944 	 0 
145.6588 	 2 
145.6588 	 1 
145.6588 	 0 
145.9142 	 1 
146.1000 	 1 
146.1000 	 2 
146.1116 	 0 
146.3322 	 0 
146.3322 	 2 
146.5644 	 0 
146.5644 	 1 
146.5644 	 2 
147.0171 	 0 
147.0171 	 1 
147.0171 	 2 
147.3306 	 1 
147.4699 	 2 
147.4699 	 0 
147.4699 	 1 
147.6093 	 2 
147.8066 	 2 
147.8182 	 0 
147.8182 	 1 
147.9227 	 2 
147.9227 	 1 
147.9227 	 0 
148.0504 	 1 
148.1433 	 2 
148.1549 	 1 
148.1549 	 0 
148.3871 	 2 
148.3871 	 0 
148.3871 	 1 
148.8283 	 2 
148.8399 	 0 
148.8399 	 1 
149.2927 	 2 
149.2927 	 0 
149.2927 	 1 
149.4204 	 1 
149.6178 	 1 
149.6178 	 2 
149.6178 	 0 
149.7455 	 1 
149.7455 	 2 
149.7455 	 0 
149.8616 	 0 
149.8616 	 1 
149.9661 	 0 
149.9661 	 2 
149.9777 	 1 
150.1983 	 0 
150.1983 	 2 
150.1983 	 1 
150.4305 	 1 
150.6511 	 0 
150.6511 	 1 
150.6511 	 2 
150.9181 	 1 
151.1039 	 2 
151.1155 	 1 
151.1155 	 0 
151.4522 	 0 
151.4522 	 1 
151.4522 	 2 
151.5566 	 0 
151.5566 	 1 
151.5566 	 2 
151.6727 	 1 
151.7772 	 0 
151.7888 	 1 
151.7888 	 2 
152.0210 	 0 
152.0210 	 1 
152.0210 	 2 
152.4622 	 1 
152.4622 	 2 
152.4738 	 0 
152.7060 	 1 
152.9266 	 2 
152.9266 	 0 
152.9382 	 1 
153.3794 	 0 
153.3794 	 1 
153.3794 	 2 
153.6000 	 2 
153.6116 	 1 
153.6116 	 0 
153.8322 	 2 
153.8322 	 1 
153.8438 	 0 
154.2850 	 2 
154.2850 	 0 
154.2850 	 1 
154.4475 	 1 
154.5172 	 2 
154.7494 	 0 
154.7494 	 2 
154.7494 	 1 
155.0861 	 1 
155.0861 	 2 
155.0977 	 0 
155.2022 	 0 
155.2022 	 1 
155.2022 	 2 
155.3067 	 1 
155.4228 	 1 
155.4228 	 2 
155.4228 	 0 
155.6550 	 2 
155.6550 	 1 
155.6550 	 0 
155.8756 	 1 
155.8756 	 0 
155.8756 	 2 
156.1078 	 0 
156.1078 	 1 
156.1078 	 2 
156.2239 	 2 
156.3283 	 0 
156.3400 	 2 
156.3400 	 1 
156.5605 	 0 
156.5605 	 1 
156.5722 	 2 
156.6766 	 1 
156.7695 	 2 
156.7811 	 0 
156.7927 	 1 
157.0017 	 2 
157.0133 	 1 
157.0133 	 0 
157.2339 	 2 
157.2339 	 1 
157.2455 	 0 
157.4661 	 0 
157.4661 	 2 
157.4661 	 1 
157.6867 	 0 
157.6983 	 2 
157.6983 	 1 
157.9189 	 0 
157.9189 	 2 
157.9189 	 1 
158.1511 	 0 
158.1511 	 1 
158.1511 	 2 
158.3717 	 1 
158.3833 	 2 
158.3833 	 0 
158.6039 	 1 
158.6039 	 2 
158.6039 	 0 
158.8245 	 2 
158.8361 	 0 
158.8361 	 1 
159.0567 	 2 
159.0567 	 0 
159.0567 	 1 
159.2773 	 1 
159.2773 	 2 
159.2773 	 0 
159.5095 	 0 
159.5095 	 2 
159.5211 	 1 
159.7417 	 1 
159.7417 	 0 
159.7417 	 2 
159.9623 	 0 
159.9623 	 2 
159.9739 	 1 
160.1945 	 1 
160.1945 	 0 
160.1945 	 2 
160.4151 	 1 
160.4267 	 0 
160.4267 	 2 
160.6473 	 0 
160.6473 	 2 
160.6473 	 1 
160.8795 	 0 
160.8795 	 2 
160.8795 	 1 
161.1000 	 2 
161.1117 	 0 
161.1117 	 1 
161.3322 	 0 
161.3322 	 2 
161.3322 	 1 
161.5528 	 1 
161.5528 	 0 
161.5528 	 2 
161.7850 	 0 
161.7850 	 1 
161.7850 	 2 
162.0172 	 2 
162.0172 	 1 
162.0172 	 0 
162.2378 	 0 
162.2378 	 2 
162.2378 	 1 
162.4700 	 0 
162.4700 	 1 
162.4700 	 2 
162.5513 	 1 
162.5629 	 2 
162.6906 	 0 
162.7022 	 1 
162.7022 	 2 
162.9228 	 0 
162.9228 	 1 
162.9228 	 2 
163.1434 	 0 
163.1434 	 1 
163.1434 	 2 
163.3640 	 2 
163.3640 	 1 
163.3756 	 0 
163.5962 	 0 
163.6078 	 2 
163.6078 	 1 
163.8400 	 2 
163.8400 	 0 
163.8400 	 1 
164.0374 	 2 
164.0606 	 0 
164.0606 	 1 
164.2812 	 1 
164.2812 	 2 
164.2928 	 0 
164.5134 	 1 
164.5134 	 2 
164.5134 	 0 
164.7456 	 1 
164.7456 	 0 
164.7456 	 2 
164.9662 	 0 
164.9662 	 1 
164.9662 	 2 
165.1984 	 0 
165.1984 	 1 
165.1984 	 2 
165.4190 	 2 
165.4190 	 0 
165.4306 	 1 
165.6512 	 2 
165.6512 	 0 
165.6512 	 1 
165.8717 	 1 
165.8717 	 2 
165.8834 	 0 
165.9878 	 2 
165.9995 	 1 
166.0343 	 1 
166.1039 	 0 
166.1039 	 1 
166.1039 	 2 
166.3361 	 1 
166.3361 	 2 
166.3361 	 0 
166.5451 	 1 
166.5567 	 2 
166.5567 	 0 
166.7889 	 1 
166.7889 	 2 
166.7889 	 0 
167.0095 	 0 
167.0095 	 1 
167.0095 	 2 
167.2301 	 0 
167.2417 	 1 
167.2417 	 2 
167.4623 	 0 
167.4623 	 1 
167.4739 	 2 
167.6945 	 2 
167.6945 	 0 
167.6945 	 1 
167.9151 	 2 
167.9267 	 0 
167.9267 	 1 
168.1473 	 2 
168.1473 	 0 
168.1473 	 1 
168.3795 	 0 
168.3795 	 1 
168.3795 	 2 
168.6001 	 1 
168.6001 	 2 
168.6001 	 0 
168.8323 	 1 
168.8323 	 2 
168.8323 	 0 
169.0529 	 0 
169.0645 	 2 
169.0645 	 1 
169.2851 	 0 
169.2851 	 1 
169.2967 	 2 
169.5173 	 0 
169.5173 	 2 
169.5173 	 1 
169.7379 	 2 
169.7379 	 1 
169.7379 	 0 
169.8540 	 1 
169.8540 	 2 
169.9701 	 1 
169.9701 	 2 
169.9701 	 0 
170.1907 	 0 
170.1907 	 1 
170.1907 	 2 
170.3068 	 2 
170.3068 	 1 
170.4112 	 1 
170.4229 	 0 
170.4229 	 2 
170.5273 	 2 
170.6434 	 0 
170.6434 	 1 
170.6434 	 2 
170.7479 	 1 
170.7479 	 2 
170.8640 	 1 
170.8756 	 2 
170.8756 	 0 
170.9801 	 2 
170.9917 	 1 
171.1078 	 2 
171.1078 	 0 
171.1078 	 1 
171.3284 	 2 
171.3400 	 1 
171.3400 	 0 
171.5606 	 0 
171.5606 	 1 
171.5606 	 2 
171.7812 	 2 
171.7812 	 0 
171.7928 	 1 
172.0134 	 1 
172.0134 	 0 
172.0134 	 2 
172.2340 	 2 
172.2340 	 0 
172.2456 	 1 
172.4662 	 0 
172.4662 	 2 
172.4662 	 1 
172.6984 	 0 
172.6984 	 1 
172.6984 	 2 
172.9190 	 1 
172.9190 	 0 
172.9190 	 2 
173.1512 	 2 
173.1512 	 0 
173.1512 	 1 
173.3718 	 1 
173.3718 	 0 
173.3718 	 2 
173.6040 	 2 
173.6040 	 1 
173.6040 	 0 
173.8362 	 1 
173.8362 	 2 
173.8362 	 0 
174.0568 	 0 
174.0568 	 1 
174.0684 	 2 
174.2890 	 1 
174.2890 	 0 
174.2890 	 2 
174.5096 	 1 
174.5096 	 0 
174.5096 	 2 
174.7418 	 1 
174.7418 	 0 
174.7418 	 2 
174.9740 	 2 
174.9740 	 0 
174.9740 	 1 
175.1946 	 0 
175.1946 	 2 
175.1946 	 1 
175.4268 	 2 
175.4268 	 1 
175.4268 	 0 
175.6473 	 2 
175.6473 	 0 
175.6473 	 1 
175.8795 	 0 
175.8795 	 2 
175.8795 	 1 
176.1001 	 2 
176.1001 	 1 
176.1001 	 0 
176.3323 	 2 
176.3323 	 1 
176.3323 	 0 
176.5529 	 2 
176.5645 	 0 
176.5645 	 1 
176.7851 	 2 
176.7851 	 1 
176.7851 	 0 
177.0057 	 2 
177.0173 	 1 
177.0173 	 0 
177.2379 	 1 
177.2379 	 0 
177.2379 	 2 
177.4701 	 1 
177.4701 	 0 
177.4701 	 2 
177.6907 	 1 
177.6907 	 0 
177.7023 	 2 
177.9229 	 0 
177.9229 	 2 
177.9229 	 1 
178.1435 	 2 
178.1551 	 1 
178.1551 	 0 
178.3757 	 1 
178.3757 	 2 
178.3757 	 0 
178.6079 	 2 
178.6079 	 1 
178.6079 	 0 
178.8285 	 2 
178.8285 	 1 
178.8285 	 0 
179.0607 	 2 
179.0607 	 1 
179.0607 	 0 
179.2813 	 0 
179.2813 	 2 
179.2813 	 1 
179.5135 	 2 
179.5135 	 1 
179.5135 	 0 
179.7457 	 1 
179.7457 	 2 
179.7457 	 0 
179.9663 	 1 
179.9663 	 2 
179.9663 	 0 
180.1985 	 1 
180.1985 	 0 
180.1985 	 2 
180.4190 	 2 
180.4190 	 0 
180.4307 	 1 
180.6512 	 0 
180.6512 	 1 
180.6512 	 2 
180.8718 	 2 
180.8834 	 1 
180.8834 	 0 
181.1040 	 1 
181.1040 	 0 
181.1040 	 2 
181.3362 	 1 
181.3362 	 0 
181.3362 	 2 
181.5568 	 0 
181.5568 	 1 
181.5568 	 2 
181.7890 	 0 
181.7890 	 2 
181.7890 	 1 
182.0096 	 0 
182.0096 	 2 
182.0096 	 1 
182.2418 	 0 
182.2418 	 2 
182.2418 	 1 
182.4624 	 2 
182.4624 	 0 
182.4624 	 1 
182.6946 	 1 
182.6946 	 2 
182.6946 	 0 
182.9152 	 1 
182.9268 	 2 
182.9268 	 0 
183.1474 	 0 
183.1474 	 1 
183.1474 	 2 
183.3796 	 2 
183.3796 	 1 
183.3796 	 0 
183.6002 	 2 
183.6002 	 1 
183.6002 	 0 
183.8324 	 2 
183.8324 	 1 
183.8324 	 0 
184.0530 	 2 
184.0530 	 1 
184.0646 	 0 
184.2852 	 0 
184.2852 	 1 
184.2852 	 2 
184.5058 	 1 
184.5174 	 2 
184.5174 	 0 
184.7380 	 2 
184.7380 	 0 
184.7380 	 1 
184.9702 	 2 
184.9702 	 1 
184.9702 	 0 
185.1907 	 0 
185.1907 	 1 
185.1907 	 2 
185.4113 	 1 
185.4229 	 2 
185.4229 	 0 
185.6551 	 1 
185.6551 	 0 
185.6551 	 2 
185.7712 	 2 
185.7712 	 1 
185.8757 	 2 
185.8757 	 1 
185.8873 	 0 
186.1079 	 1 
186.1079 	 0 
186.1079 	 2 
186.3285 	 0 
186.3401 	 1 
186.3401 	 2 
186.5607 	 1 
186.5607 	 0 
186.5607 	 2 
186.7813 	 1 
186.7929 	 0 
186.7929 	 2 
187.0135 	 1 
187.0135 	 0 
187.0135 	 2 
187.2457 	 0 
187.2457 	 1 
187.2457 	 2 
187.4663 	 0 
187.4663 	 2 
187.4779 	 1 
187.6985 	 0 
187.6985 	 2 
187.6985 	 1 
187.9191 	 0 
187.9307 	 1 
187.9307 	 2 
188.1513 	 0 
188.1513 	 1 
188.1513 	 2 
188.3719 	 1 
188.3719 	 0 
188.3719 	 2 
188.6041 	 0 
188.6041 	 1 
188.6041 	 2 
188.8363 	 2 
188.8363 	 0 
188.8363 	 1 
189.0569 	 2 
189.0569 	 1 
189.0569 	 0 
189.2891 	 2 
189.2891 	 0 
189.2891 	 1 
189.5097 	 0 
189.5097 	 1 
189.5213 	 2 
189.7419 	 0 
189.7419 	 1 
189.7419 	 2 
189.9624 	 1 
189.9624 	 2 
189.9741 	 0 
190.1946 	 1 
190.1946 	 2 
190.1946 	 0 
190.4268 	 2 
190.4268 	 0 
190.4268 	 1 
190.6474 	 0 
190.6474 	 2 
190.6474 	 1 
190.8796 	 2 
190.8796 	 1 
190.8796 	 0 
191.1002 	 2 
191.1118 	 0 
191.1118 	 1 
191.3324 	 1 
191.3324 	 0 
191.3324 	 2 
191.5530 	 2 
191.5530 	 1 
191.5646 	 0 
191.7852 	 2 
191.7852 	 1 
191.7852 	 0 
192.0174 	 0 
192.0174 	 1 
192.0174 	 2 
192.2380 	 1 
192.2380 	 2 
192.2380 	 0 
192.4702 	 2 
192.4702 	 0 
192.4702 	 1 
192.7024 	 1 
192.7024 	 2 
192.7024 	 0 
192.9230 	 1 
192.9230 	 0 
192.9230 	 2 
193.1436 	 2 
193.1436 	 0 
193.1552 	 1 
193.3758 	 1 
193.3758 	 0 
193.3758 	 2 
193.6080 	 1 
193.6080 	 2 
193.6080 	 0 
193.8286 	 2 
193.8286 	 1 
193.8286 	 0 
194.0492 	 0 
194.0608 	 1 
194.0608 	 2 
194.2814 	 0 
194.2814 	 2 
194.2814 	 1 
194.5136 	 2 
194.5136 	 1 
194.5136 	 0 
194.7458 	 1 
194.7458 	 2 
194.7458 	 0 
194.9663 	 1 
194.9663 	 0 
194.9663 	 2 
195.1985 	 1 
195.1985 	 0 
195.1985 	 2 
195.4191 	 2 
195.4307 	 0 
195.4307 	 1 
195.6513 	 1 
195.6513 	 2 
195.6513 	 0 
195.8719 	 1 
195.8719 	 2 
195.8719 	 0 
196.1041 	 1 
196.1041 	 2 
196.1041 	 0 
196.3247 	 1 
196.3363 	 0 
196.3363 	 2 
196.5569 	 1 
196.5569 	 2 
196.5685 	 0 
196.7775 	 0 
196.7775 	 2 
196.7891 	 1 
197.0097 	 1 
197.0097 	 0 
197.0097 	 2 
197.2419 	 1 
197.2419 	 0 
197.2419 	 2 
197.4625 	 2 
197.4741 	 1 
197.4741 	 0 
197.6947 	 2 
197.6947 	 1 
197.6947 	 0 
197.9269 	 1 
197.9269 	 0 
197.9269 	 2 
198.1475 	 2 
198.1475 	 1 
198.1475 	 0 
198.3797 	 2 
198.3797 	 1 
198.3797 	 0 
198.6119 	 2 
198.6119 	 1 
198.6119 	 0 
198.8325 	 0 
198.8325 	 2 
198.8325 	 1 
199.0531 	 2 
199.0647 	 0 
199.0647 	 1 
199.1692 	 0 
199.1692 	 2 
199.1808 	 1 
199.2737 	 1 
199.2853 	 0 
199.2853 	 2 
199.5059 	 1 
199.5059 	 2 
199.6103 	 2 
199.6220 	 1 
199.7380 	 0 
199.7380 	 1 
199.7380 	 2 
199.8658 	 1 
199.8658 	 2 
199.9586 	 0 
199.9586 	 1 
199.9702 	 2 
200.0747 	 1 
200.0747 	 2 
200.2024 	 0 
200.2024 	 1 
200.2024 	 2 
202.0252 	 2 
202.0252 	 0 
202.0252 	 1 
202.3271 	 2 
202.3387 	 1 
202.4664 	 0 
202.4664 	 2 
202.4780 	 1 
202.5825 	 1 
202.6870 	 2 
202.6986 	 0 
202.6986 	 1 
202.9308 	 1 
202.9308 	 2 
202.9308 	 0 
203.1398 	 1 
203.2443 	 1 
203.3720 	 2 
203.3836 	 0 
203.3836 	 1 
203.5113 	 2 
203.5113 	 1 
203.8364 	 0 
203.8364 	 1 
203.8364 	 2 
204.1731 	 2 
204.2892 	 1 
204.2892 	 2 
204.2892 	 0 
204.5098 	 1 
204.5098 	 0 
204.5098 	 2 
204.7420 	 0 
204.7420 	 1 
204.7420 	 2 
205.1947 	 1 
205.1947 	 0 
205.1947 	 2 
205.6591 	 2 
205.6591 	 1 
205.6591 	 0 
206.1003 	 2 
206.1119 	 1 
206.1119 	 0 
206.2164 	 1 
206.3325 	 1 
206.3325 	 0 
206.3325 	 2 
206.5647 	 0 
206.5647 	 1 
206.5647 	 2 
207.0175 	 2 
207.0175 	 0 
207.0175 	 1 
207.4703 	 1 
207.4703 	 2 
207.4703 	 0 
207.9231 	 2 
207.9231 	 1 
207.9231 	 0 
208.1553 	 2 
208.1553 	 1 
208.3875 	 0 
208.3875 	 2 
208.3875 	 1 
208.5036 	 1 
208.8287 	 2 
208.8403 	 1 
208.8403 	 0 
208.9912 	 1 
208.9912 	 2 
209.0841 	 1 
209.2815 	 1 
209.2815 	 2 
209.2931 	 0 
209.7342 	 2 
209.7459 	 0 
209.7459 	 1 
209.9664 	 1 
209.9664 	 2 
209.9780 	 0 
210.1986 	 1 
210.1986 	 0 
210.1986 	 2 
210.4424 	 1 
210.6514 	 2 
210.6514 	 0 
210.6514 	 1 
210.7791 	 1 
210.8952 	 1 
211.1042 	 1 
211.1042 	 0 
211.1042 	 2 
211.4177 	 1 
211.4293 	 2 
211.4409 	 0 
211.5570 	 2 
211.5686 	 1 
211.5686 	 0 
211.6731 	 1 
211.7776 	 2 
211.7776 	 1 
211.7892 	 0 
212.0214 	 2 
212.0214 	 0 
212.0214 	 1 
212.3349 	 2 
212.4742 	 2 
212.4742 	 1 
212.4742 	 0 
212.5903 	 1 
212.7064 	 1 
212.8109 	 1 
212.8109 	 2 
212.9270 	 0 
212.9270 	 2 
212.9270 	 1 
213.3798 	 2 
213.3798 	 1 
213.3798 	 0 
213.4959 	 1 
213.6120 	 0 
213.6120 	 2 
213.6120 	 1 
213.8326 	 2 
213.8326 	 1 
213.8442 	 0 
214.0648 	 1 
214.2854 	 2 
214.2854 	 1 
214.2970 	 0 
214.4131 	 1 
214.5176 	 1 
214.7498 	 2 
214.7498 	 0 
214.7498 	 1 
214.9820 	 1 
215.0748 	 2 
215.0864 	 1 
215.1909 	 2 
215.2025 	 1 
215.2025 	 0 
215.3070 	 1 
215.3070 	 2 
215.4231 	 2 
215.4231 	 0 
215.4231 	 1 
215.6553 	 2 
215.6553 	 0 
215.6553 	 1 
215.8759 	 0 
215.8759 	 2 
215.8759 	 1 
216.1081 	 0 
216.1081 	 2 
216.1081 	 1 
216.3287 	 2 
216.3287 	 0 
216.3403 	 1 
216.5609 	 0 
216.5609 	 2 
216.5609 	 1 
216.7815 	 0 
216.7815 	 1 
217.0021 	 2 
217.0137 	 0 
217.0137 	 1 
217.2343 	 1 
217.2459 	 2 
217.2459 	 0 
217.4665 	 2 
217.4665 	 0 
217.4665 	 1 
217.6987 	 2 
217.6987 	 0 
217.6987 	 1 
217.9193 	 0 
217.9193 	 1 
217.9193 	 2 
218.1515 	 1 
218.1515 	 2 
218.1515 	 0 
218.3721 	 2 
218.3837 	 0 
218.3837 	 1 
218.6043 	 2 
218.6043 	 1 
218.6043 	 0 
218.8249 	 1 
218.8249 	 2 
218.8365 	 0 
219.0571 	 1 
219.0571 	 2 
219.0571 	 0 
219.2893 	 0 
219.2893 	 1 
219.2893 	 2 
219.5098 	 1 
219.5098 	 2 
219.5098 	 0 
219.7304 	 2 
219.7420 	 1 
219.7420 	 0 
219.9626 	 0 
219.9626 	 2 
219.9626 	 1 
220.1948 	 1 
220.1948 	 2 
220.2064 	 0 
220.4154 	 1 
220.4270 	 0 
220.4270 	 2 
220.6476 	 0 
220.6476 	 1 
220.6476 	 2 
220.8798 	 2 
220.8798 	 0 
220.8798 	 1 
221.1004 	 2 
221.1004 	 1 
221.1004 	 0 
221.3326 	 2 
221.3326 	 1 
221.3326 	 0 
221.4719 	 1 
221.4719 	 0 
221.5532 	 2 
221.5648 	 0 
221.5648 	 1 
221.7854 	 1 
221.7854 	 2 
221.7854 	 0 
222.0176 	 1 
222.0176 	 2 
222.0176 	 0 
222.2382 	 1 
222.2382 	 2 
222.2382 	 0 
222.4704 	 2 
222.4704 	 0 
222.4704 	 1 
222.7026 	 0 
222.7026 	 1 
222.7026 	 2 
222.9232 	 1 
222.9232 	 2 
222.9232 	 0 
223.1438 	 1 
223.1438 	 0 
223.1554 	 2 
223.3644 	 1 
223.3760 	 2 
223.3760 	 0 
223.5966 	 0 
223.6082 	 1 
223.6082 	 2 
223.8404 	 1 
223.8404 	 0 
223.8404 	 2 
224.0493 	 0 
224.0610 	 1 
224.2815 	 1 
224.2815 	 0 
224.2815 	 2 
224.5137 	 0 
224.5137 	 2 
224.5137 	 1 
224.7343 	 0 
224.7459 	 2 
224.7459 	 1 
224.9665 	 1 
224.9665 	 0 
224.9665 	 2 
225.1987 	 1 
225.1987 	 0 
225.1987 	 2 
225.4193 	 0 
225.4193 	 1 
225.4193 	 2 
225.6515 	 1 
225.6515 	 2 
225.6515 	 0 
225.8721 	 2 
225.8721 	 0 
225.8721 	 1 
226.1043 	 2 
226.1043 	 0 
226.1043 	 1 
226.2204 	 1 
226.3249 	 2 
226.3365 	 0 
226.3365 	 1 
226.5571 	 1 
226.5571 	 0 
226.5571 	 2 
226.7777 	 1 
226.7777 	 0 
226.7893 	 2 
227.0099 	 1 
227.0099 	 0 
227.0099 	 2 
227.1260 	 1 
227.2421 	 1 
227.2421 	 0 
227.2421 	 2 
227.4627 	 1 
227.4627 	 0 
227.4627 	 2 
227.6949 	 2 
227.6949 	 1 
227.6949 	 0 
227.9155 	 1 
227.9271 	 2 
227.9271 	 0 
228.1477 	 2 
228.1477 	 0 
228.1477 	 1 
228.3683 	 0 
228.3799 	 2 
228.3799 	 1 
228.6005 	 2 
228.6005 	 1 
228.6005 	 0 
228.8327 	 2 
228.8327 	 0 
228.8327 	 1 
229.0532 	 0 
229.0649 	 1 
229.0649 	 2 
229.2854 	 0 
229.2854 	 1 
229.2854 	 2 
229.5176 	 2 
229.5176 	 1 
229.5176 	 0 
229.7382 	 1 
229.7382 	 2 
229.7382 	 0 
229.8427 	 2 
229.8543 	 1 
229.9588 	 1 
229.9704 	 2 
229.9704 	 0 
230.1910 	 2 
230.1910 	 1 
230.2955 	 1 
230.3071 	 2 
230.3187 	 0 
230.4116 	 1 
230.4232 	 2 
230.5161 	 1 
230.5277 	 2 
230.6438 	 2 
230.6438 	 1 
230.7367 	 2 
230.7367 	 1 
230.7831 	 2 
230.7831 	 1 
230.8760 	 1 
230.8760 	 2 
230.9805 	 1 
230.9921 	 2 
231.1082 	 1 
231.1082 	 0 
231.1082 	 2 
231.2127 	 1 
