3.9242 	 2 
3.9358 	 1 
3.9358 	 0 
4.3654 	 0 
4.3654 	 2 
4.3654 	 1 
4.5047 	 1 
4.7833 	 1 
4.7833 	 0 
4.7833 	 2 
5.0620 	 1 
5.0620 	 2 
5.0620 	 0 
5.3406 	 2 
5.3406 	 1 
5.3406 	 0 
5.6076 	 1 
5.6076 	 2 
5.6192 	 0 
5.8863 	 1 
5.8979 	 0 
5.8979 	 2 
6.1649 	 1 
6.1765 	 0 
6.1765 	 2 
6.4551 	 0 
6.4551 	 2 
6.4668 	 1 
6.5945 	 2 
6.5945 	 1 
6.5945 	 0 
6.7106 	 2 
7.0008 	 1 
7.0008 	 0 
7.0008 	 2 
7.2795 	 1 
7.2795 	 2 
7.2795 	 0 
7.5581 	 1 
7.5581 	 2 
7.5581 	 0 
7.8367 	 1 
7.8367 	 2 
7.8367 	 0 
8.1154 	 0 
8.1154 	 1 
8.1154 	 2 
8.3940 	 0 
8.3940 	 2 
8.3940 	 1 
8.6727 	 0 
8.6727 	 2 
8.6843 	 1 
8.8120 	 2 
8.8120 	 1 
8.8120 	 0 
8.9281 	 1 
8.9397 	 2 
9.2183 	 1 
9.2299 	 2 
9.2299 	 0 
9.4970 	 2 
9.4970 	 1 
9.5086 	 0 
9.7756 	 2 
9.7756 	 1 
9.7872 	 0 
10.0542 	 2 
10.0542 	 1 
10.0542 	 0 
10.3329 	 2 
10.3329 	 1 
10.3445 	 0 
10.6115 	 1 
10.6115 	 0 
10.6115 	 2 
10.8902 	 0 
10.9018 	 2 
10.9018 	 1 
11.0295 	 1 
11.0411 	 0 
11.0411 	 2 
11.1572 	 1 
11.4474 	 1 
11.4474 	 0 
11.4474 	 2 
11.6100 	 1 
11.7261 	 1 
11.7261 	 0 
11.7261 	 2 
11.8538 	 1 
12.0047 	 0 
12.0047 	 1 
12.0047 	 2 
12.2717 	 1 
12.2717 	 2 
12.2834 	 0 
12.5504 	 1 
12.5504 	 2 
12.5620 	 0 
12.8290 	 1 
12.8290 	 2 
12.8406 	 0 
13.1193 	 2 
13.1193 	 1 
13.2470 	 1 
13.2586 	 2 
13.2586 	 0 
13.3863 	 1 
13.3979 	 2 
13.6533 	 2 
13.6649 	 0 
13.6649 	 1 
13.9436 	 1 
13.9436 	 0 
13.9436 	 2 
14.2222 	 1 
14.2222 	 2 
14.2222 	 0 
14.5009 	 1 
14.5009 	 2 
14.5009 	 0 
14.7679 	 2 
14.7795 	 1 
14.7795 	 0 
15.0465 	 1 
15.0465 	 2 
15.0581 	 0 
15.3368 	 1 
15.3368 	 2 
15.4761 	 1 
15.4761 	 0 
15.4761 	 2 
15.6038 	 2 
15.8824 	 2 
15.8824 	 1 
15.8941 	 0 
16.1611 	 0 
16.1611 	 2 
16.1611 	 1 
16.4281 	 2 
16.4397 	 1 
16.4397 	 0 
16.7184 	 1 
16.7184 	 2 
16.7184 	 0 
16.9970 	 2 
16.9970 	 1 
16.9970 	 0 
17.2756 	 1 
17.2756 	 0 
17.2756 	 2 
17.4382 	 1 
17.5543 	 2 
17.5543 	 0 
17.5543 	 1 
17.6936 	 1 
17.6936 	 0 
17.6936 	 2 
17.8097 	 1 
17.8097 	 2 
18.1000 	 0 
18.1000 	 1 
18.1116 	 2 
18.3786 	 0 
18.3786 	 1 
18.3902 	 2 
18.6572 	 2 
18.6572 	 1 
18.6688 	 0 
18.9359 	 1 
18.9359 	 2 
18.9475 	 0 
19.2145 	 1 
19.2145 	 0 
19.2145 	 2 
19.4815 	 2 
19.4815 	 0 
19.4932 	 1 
19.6209 	 2 
19.6325 	 1 
19.7718 	 1 
19.7718 	 2 
19.9111 	 1 
19.9111 	 0 
19.9227 	 2 
20.0156 	 1 
20.0620 	 1 
20.1085 	 2 
20.3407 	 2 
20.3407 	 1 
20.4684 	 1 
20.4800 	 2 
20.6193 	 1 
20.6193 	 2 
20.8980 	 0 
20.8980 	 2 
20.8980 	 1 
21.1882 	 2 
21.1882 	 0 
21.1882 	 1 
21.4320 	 2 
21.5713 	 2 
21.7339 	 2 
21.7339 	 1 
21.9893 	 2 
22.1402 	 2 
22.1518 	 1 
22.5466 	 1 
22.5466 	 2 
22.5814 	 1 
22.8368 	 2 
22.8484 	 1 
23.1039 	 0 
23.1039 	 2 
23.1039 	 1 
23.2316 	 2 
23.2316 	 1 
23.3825 	 1 
23.4405 	 1 
23.4405 	 2 
23.5218 	 1 
23.5799 	 1 
23.6495 	 1 
23.6495 	 2 
23.9398 	 1 
23.9398 	 2 
23.9398 	 0 
24.3577 	 1 
24.3577 	 0 
24.3577 	 2 
24.5899 	 2 
24.7525 	 2 
24.7641 	 0 
24.7641 	 1 
25.0311 	 1 
25.0311 	 2 
25.0427 	 0 
25.3214 	 0 
25.3214 	 1 
25.3330 	 2 
25.6000 	 1 
25.6000 	 0 
25.6000 	 2 
25.8786 	 1 
25.8786 	 0 
25.8786 	 2 
26.1573 	 2 
26.1573 	 0 
26.1573 	 1 
26.2037 	 2 
26.2850 	 1 
26.2966 	 0 
26.3082 	 2 
26.4359 	 1 
26.4475 	 2 
26.4475 	 0 
26.5752 	 1 
26.5752 	 0 
26.5752 	 2 
26.6913 	 1 
26.7029 	 0 
26.7029 	 2 
26.9932 	 0 
26.9932 	 2 
26.9932 	 1 
27.2718 	 0 
27.2718 	 2 
27.2718 	 1 
27.5505 	 1 
27.5505 	 0 
27.5505 	 2 
27.8291 	 0 
27.8291 	 2 
27.8291 	 1 
28.1078 	 2 
28.1078 	 1 
28.1078 	 0 
28.3748 	 1 
28.3748 	 0 
28.3864 	 2 
28.5373 	 2 
28.6650 	 1 
28.6650 	 2 
28.7927 	 1 
28.8044 	 0 
28.8044 	 2 
28.9321 	 1 
28.9437 	 2 
29.2107 	 1 
29.2107 	 2 
29.2223 	 0 
29.4777 	 1 
29.4893 	 2 
29.4893 	 0 
29.7680 	 1 
29.7680 	 2 
29.7680 	 0 
29.8957 	 1 
29.9073 	 2 
30.0350 	 1 
30.0466 	 2 
30.0466 	 0 
30.2092 	 1 
30.2208 	 2 
30.3253 	 0 
30.3253 	 2 
30.3253 	 1 
30.5923 	 1 
30.5923 	 2 
30.5923 	 0 
30.8825 	 2 
30.8941 	 1 
31.0219 	 2 
31.0219 	 1 
31.0219 	 0 
31.1380 	 2 
31.4282 	 2 
31.4282 	 0 
31.4282 	 1 
31.6720 	 2 
31.7068 	 0 
31.7068 	 1 
31.7185 	 2 
31.8578 	 1 
31.9855 	 0 
31.9855 	 2 
31.9855 	 1 
32.2525 	 1 
32.2641 	 0 
32.2641 	 2 
32.5428 	 1 
32.5428 	 0 
32.5428 	 2 
32.8098 	 1 
32.8214 	 0 
32.8214 	 2 
32.9375 	 1 
33.1000 	 2 
33.1000 	 1 
33.1117 	 0 
33.2394 	 2 
33.2394 	 1 
33.2394 	 0 
33.3671 	 0 
33.3787 	 2 
33.3787 	 1 
33.6573 	 0 
33.6573 	 1 
33.6573 	 2 
33.9244 	 1 
33.9244 	 0 
33.9360 	 2 
34.2146 	 0 
34.2146 	 2 
34.2146 	 1 
34.4816 	 1 
34.4816 	 0 
34.4932 	 2 
34.7603 	 2 
34.7603 	 1 
34.7719 	 0 
35.0389 	 1 
35.0389 	 0 
35.0389 	 2 
35.3176 	 2 
35.3292 	 1 
35.3292 	 0 
35.4569 	 0 
35.4569 	 2 
35.4569 	 1 
35.5962 	 2 
35.8748 	 2 
35.8748 	 1 
35.8748 	 0 
36.1535 	 2 
36.1535 	 1 
36.1535 	 0 
36.4321 	 0 
36.4321 	 1 
36.4321 	 2 
36.6991 	 1 
36.6991 	 0 
36.7107 	 2 
36.9778 	 2 
36.9778 	 1 
36.9894 	 0 
37.2564 	 0 
37.2564 	 1 
37.2680 	 2 
37.3841 	 1 
37.5467 	 1 
37.5467 	 2 
37.6860 	 1 
37.6860 	 2 
37.6860 	 0 
37.8137 	 1 
37.8137 	 0 
37.8253 	 2 
38.0923 	 1 
38.0923 	 0 
38.0923 	 2 
38.3710 	 0 
38.3710 	 2 
38.3710 	 1 
38.6496 	 0 
38.6496 	 2 
38.6496 	 1 
38.9166 	 1 
38.9283 	 2 
38.9283 	 0 
39.2069 	 1 
39.2069 	 0 
39.2069 	 2 
39.4739 	 2 
39.4739 	 1 
39.4855 	 0 
39.7642 	 1 
39.7758 	 0 
39.7758 	 2 
39.9035 	 2 
39.9035 	 0 
39.9035 	 1 
40.0312 	 1 
40.0428 	 2 
40.3098 	 1 
40.3215 	 2 
40.3215 	 0 
40.5885 	 1 
40.5885 	 0 
40.5885 	 2 
40.8671 	 0 
40.8671 	 1 
40.8787 	 2 
41.1458 	 2 
41.1458 	 1 
41.1458 	 0 
41.4244 	 0 
41.4244 	 1 
41.4360 	 2 
41.7146 	 0 
41.7146 	 2 
41.7146 	 1 
41.9933 	 1 
42.1210 	 2 
42.1210 	 0 
42.1210 	 1 
42.5390 	 2 
42.5390 	 1 
42.5390 	 0 
42.8060 	 0 
42.8060 	 1 
42.8176 	 2 
43.0962 	 1 
43.0962 	 2 
43.0962 	 0 
43.3633 	 1 
43.3749 	 0 
43.3749 	 2 
43.6419 	 1 
43.6419 	 2 
43.6535 	 0 
43.9089 	 0 
43.9089 	 2 
43.9205 	 1 
44.0483 	 1 
44.0947 	 1 
44.2108 	 2 
44.2108 	 1 
44.3385 	 0 
44.3385 	 2 
44.3385 	 1 
44.4546 	 2 
44.7565 	 0 
44.7565 	 1 
44.7565 	 2 
45.0235 	 2 
45.0235 	 1 
45.0351 	 0 
45.3137 	 2 
45.3137 	 0 
45.3137 	 1 
45.5808 	 2 
45.5808 	 1 
45.5924 	 0 
45.8594 	 1 
45.8594 	 2 
45.8710 	 0 
46.1380 	 1 
46.1380 	 2 
46.1497 	 0 
46.4283 	 0 
46.4283 	 1 
46.4283 	 2 
46.4515 	 1 
46.5676 	 0 
46.5676 	 1 
46.5676 	 2 
46.6953 	 1 
46.6953 	 2 
46.9740 	 1 
46.9856 	 2 
46.9856 	 0 
47.2526 	 0 
47.2526 	 1 
47.2642 	 2 
47.5312 	 1 
47.5429 	 0 
47.5429 	 2 
47.8099 	 2 
47.8099 	 0 
47.8099 	 1 
47.9260 	 2 
48.0537 	 2 
48.0653 	 1 
48.0769 	 0 
48.1234 	 2 
48.3556 	 1 
48.3672 	 0 
48.3672 	 2 
48.6458 	 0 
48.6458 	 1 
48.6458 	 2 
48.7851 	 0 
48.7851 	 1 
48.7851 	 2 
48.9128 	 2 
49.1915 	 2 
49.2031 	 0 
49.2031 	 1 
49.4701 	 2 
49.4701 	 0 
49.4701 	 1 
49.7488 	 1 
49.7488 	 0 
49.7604 	 2 
50.0158 	 1 
50.0158 	 0 
50.0274 	 2 
50.3060 	 2 
50.3060 	 1 
50.3176 	 0 
50.5847 	 1 
50.5847 	 0 
50.5847 	 2 
50.7472 	 2 
50.8749 	 1 
50.8749 	 0 
50.8749 	 2 
51.0026 	 2 
51.0026 	 1 
51.0026 	 0 
51.1303 	 1 
51.1303 	 0 
51.1420 	 2 
51.4206 	 2 
51.4206 	 1 
51.4206 	 0 
51.6992 	 1 
51.6992 	 0 
51.7108 	 2 
51.9779 	 0 
51.9779 	 1 
51.9779 	 2 
52.2449 	 0 
52.2449 	 1 
52.2565 	 2 
52.5235 	 1 
52.5351 	 0 
52.5351 	 2 
52.8022 	 1 
52.8022 	 2 
52.8022 	 0 
52.8602 	 2 
52.9763 	 2 
53.0924 	 2 
53.2201 	 2 
53.2201 	 1 
53.2317 	 0 
53.3595 	 2 
53.6381 	 1 
53.6381 	 0 
53.6497 	 2 
53.9167 	 1 
53.9167 	 0 
53.9167 	 2 
54.1954 	 2 
54.1954 	 1 
54.1954 	 0 
54.4624 	 1 
54.4740 	 2 
54.4740 	 0 
54.5785 	 1 
54.7527 	 0 
54.7527 	 2 
54.7527 	 1 
55.0197 	 1 
55.0313 	 0 
55.0313 	 2 
55.1822 	 2 
55.3099 	 0 
55.3099 	 1 
55.3099 	 2 
55.4493 	 2 
55.4493 	 1 
55.4493 	 0 
55.5654 	 1 
55.5770 	 2 
55.5770 	 0 
55.8556 	 2 
55.8672 	 0 
55.8672 	 1 
56.0878 	 1 
56.0994 	 2 
56.1342 	 0 
56.1342 	 2 
56.2387 	 2 
56.4129 	 2 
56.4129 	 0 
56.4129 	 1 
56.6915 	 1 
56.6915 	 0 
56.6915 	 2 
56.9702 	 0 
56.9702 	 1 
56.9702 	 2 
57.2488 	 2 
57.2488 	 0 
57.2488 	 1 
57.4113 	 1 
57.5390 	 2 
57.5390 	 1 
57.6668 	 1 
57.6668 	 2 
57.6668 	 0 
58.0267 	 2 
58.0847 	 1 
58.0847 	 2 
58.0847 	 0 
58.3517 	 1 
58.3517 	 2 
58.3634 	 0 
58.6304 	 1 
58.6304 	 0 
58.6420 	 2 
58.9090 	 1 
58.9090 	 2 
58.9206 	 0 
59.1877 	 2 
59.1877 	 1 
59.1993 	 0 
59.4779 	 2 
59.4779 	 1 
59.6056 	 1 
59.6172 	 2 
59.6288 	 0 
59.7449 	 1 
59.7449 	 2 
59.8843 	 0 
59.8843 	 1 
59.8843 	 2 
60.0120 	 2 
60.0236 	 1 
60.1397 	 2 
60.3022 	 1 
60.3022 	 0 
60.3022 	 2 
60.5809 	 1 
60.5809 	 0 
60.5809 	 2 
60.8595 	 1 
60.8595 	 0 
60.8595 	 2 
61.1265 	 1 
61.1265 	 2 
61.1381 	 0 
61.4052 	 2 
61.4168 	 1 
61.4168 	 0 
61.6954 	 0 
61.6954 	 1 
61.6954 	 2 
61.9741 	 1 
61.9741 	 2 
62.1134 	 1 
62.1134 	 2 
62.1134 	 0 
62.2411 	 1 
62.2411 	 0 
62.2411 	 2 
62.5197 	 1 
62.5313 	 0 
62.5313 	 2 
62.7984 	 1 
62.7984 	 0 
62.7984 	 2 
63.0770 	 2 
63.0770 	 0 
63.0770 	 1 
63.3556 	 1 
63.3556 	 2 
63.3556 	 0 
63.6343 	 2 
63.6343 	 1 
63.6343 	 0 
63.9129 	 1 
63.9129 	 2 
64.0406 	 1 
64.3309 	 2 
64.3309 	 1 
64.3309 	 0 
64.4702 	 1 
65.0275 	 2 
65.0391 	 1 
65.5732 	 2 
65.5732 	 0 
65.5732 	 1 
66.1537 	 2 
66.4323 	 2 
66.6877 	 1 
66.6877 	 0 
66.6877 	 2 
67.2566 	 2 
67.2682 	 1 
67.2682 	 0 
67.8023 	 2 
67.8023 	 1 
68.0809 	 1 
68.3479 	 1 
68.3479 	 2 
68.4989 	 1 
68.6266 	 1 
68.6382 	 2 
68.6498 	 0 
68.7659 	 2 
68.7659 	 1 
68.7775 	 0 
68.9052 	 2 
68.9052 	 1 
68.9749 	 2 
69.1839 	 1 
69.1839 	 0 
69.1955 	 2 
69.4625 	 2 
69.4625 	 0 
69.4625 	 1 
69.7411 	 1 
69.7527 	 2 
69.7527 	 0 
70.0198 	 1 
70.0198 	 0 
70.0198 	 2 
70.2984 	 0 
70.2984 	 2 
70.2984 	 1 
70.5654 	 1 
70.5771 	 2 
70.5771 	 0 
70.7048 	 2 
70.7048 	 0 
70.7164 	 1 
70.8557 	 2 
70.8557 	 1 
70.8673 	 0 
70.9950 	 1 
70.9950 	 2 
70.9950 	 0 
71.1111 	 1 
71.1227 	 0 
71.4014 	 1 
71.4014 	 2 
71.4130 	 0 
71.6800 	 0 
71.6800 	 1 
71.6800 	 2 
71.9586 	 1 
71.9586 	 2 
71.9702 	 0 
72.1908 	 2 
72.2373 	 1 
72.2373 	 0 
72.2373 	 2 
72.5043 	 1 
72.5159 	 2 
72.5159 	 0 
72.7829 	 2 
72.7829 	 1 
72.7946 	 0 
73.0732 	 2 
73.0848 	 1 
73.2125 	 2 
73.2125 	 1 
73.2125 	 0 
73.3402 	 2 
73.3518 	 1 
73.6305 	 1 
73.6305 	 0 
73.6305 	 2 
73.8975 	 1 
73.9091 	 0 
73.9091 	 2 
74.1878 	 2 
74.1878 	 0 
74.1878 	 1 
74.4548 	 1 
74.4548 	 2 
74.4548 	 0 
74.7334 	 0 
74.7334 	 2 
74.7334 	 1 
75.0121 	 1 
75.0121 	 2 
75.0121 	 0 
75.1630 	 2 
75.3023 	 1 
75.3023 	 2 
75.3023 	 0 
75.4300 	 0 
75.4300 	 1 
75.4300 	 2 
75.5693 	 2 
75.6274 	 1 
75.7087 	 2 
75.8364 	 2 
75.8364 	 1 
75.8480 	 0 
76.1150 	 1 
76.1266 	 0 
76.1266 	 2 
76.4053 	 0 
76.4053 	 2 
76.4053 	 1 
76.6723 	 1 
76.6723 	 0 
76.6723 	 2 
76.8116 	 1 
77.0090 	 2 
77.1019 	 1 
77.1019 	 2 
77.1251 	 2 
77.2412 	 2 
77.3689 	 1 
77.5082 	 2 
77.6475 	 1 
77.6475 	 2 
77.6591 	 0 
77.7985 	 2 
77.9146 	 2 
77.9262 	 0 
77.9262 	 1 
78.3325 	 1 
78.3441 	 2 
78.3441 	 0 
78.4951 	 1 
78.6112 	 2 
78.6228 	 1 
78.6228 	 0 
78.8782 	 2 
78.8898 	 1 
78.9014 	 0 
79.1684 	 0 
79.1684 	 1 
79.1800 	 2 
79.4355 	 1 
79.4471 	 0 
79.4587 	 2 
79.7373 	 2 
79.7489 	 1 
79.7489 	 0 
79.8766 	 1 
79.8766 	 0 
79.8766 	 2 
80.0160 	 2 
80.0276 	 1 
80.1553 	 0 
80.1553 	 2 
80.1553 	 1 
80.2830 	 0 
80.2830 	 2 
80.2830 	 1 
80.4688 	 2 
80.4920 	 1 
80.5616 	 1 
80.5616 	 0 
80.5732 	 2 
80.8287 	 1 
80.8403 	 2 
80.8403 	 0 
81.1073 	 1 
81.1189 	 2 
81.1305 	 0 
81.3743 	 1 
81.3976 	 2 
81.6181 	 1 
81.6646 	 2 
81.6762 	 0 
81.7342 	 1 
81.8620 	 1 
81.9548 	 2 
81.9664 	 1 
82.0941 	 2 
82.0941 	 1 
82.0941 	 0 
82.2335 	 2 
82.3728 	 2 
82.3728 	 1 
82.3844 	 0 
82.5005 	 1 
82.5121 	 2 
82.5121 	 0 
82.7211 	 2 
82.7211 	 1 
82.7675 	 2 
83.0578 	 2 
83.0578 	 1 
83.0694 	 0 
83.3248 	 2 
83.3248 	 1 
83.3480 	 0 
83.6151 	 1 
83.6151 	 0 
83.6267 	 2 
83.8821 	 1 
83.8937 	 2 
83.8937 	 0 
84.1143 	 1 
84.3117 	 1 
84.3233 	 0 
84.3233 	 2 
84.3697 	 1 
84.6019 	 1 
84.6019 	 2 
84.6019 	 0 
84.7180 	 2 
84.7296 	 1 
84.7412 	 0 
84.7761 	 1 
85.0083 	 1 
85.0083 	 0 
85.0083 	 2 
85.1244 	 1 
85.2172 	 1 
85.2985 	 2 
85.3101 	 1 
85.4262 	 2 
85.4378 	 0 
85.4378 	 1 
85.6932 	 1 
85.6932 	 2 
85.7049 	 0 
85.8210 	 1 
86.1228 	 1 
86.1228 	 0 
86.1344 	 2 
86.3782 	 1 
86.5408 	 0 
86.5408 	 2 
86.5408 	 1 
86.5988 	 2 
86.5988 	 1 
86.7846 	 2 
86.8194 	 1 
86.8194 	 0 
86.9471 	 1 
87.1909 	 1 
87.2025 	 0 
87.2258 	 1 
87.2374 	 2 
87.5044 	 1 
87.5044 	 2 
87.5044 	 0 
87.7714 	 1 
87.7830 	 2 
87.7830 	 0 
88.0152 	 1 
88.0385 	 1 
88.0617 	 2 
88.2939 	 1 
88.3403 	 2 
88.3519 	 0 
88.6190 	 2 
88.6190 	 1 
88.6306 	 0 
88.7583 	 2 
88.7583 	 1 
88.7583 	 0 
88.8976 	 2 
89.0369 	 2 
89.0369 	 0 
89.0369 	 1 
89.1530 	 2 
89.1646 	 0 
89.1878 	 1 
89.3388 	 2 
89.3504 	 1 
89.4549 	 1 
89.4549 	 2 
89.5013 	 1 
89.7219 	 1 
89.7219 	 2 
89.7335 	 0 
89.9541 	 1 
89.9889 	 2 
90.0005 	 1 
90.0122 	 0 
90.2676 	 1 
90.2792 	 2 
90.4998 	 1 
90.5578 	 2 
90.5578 	 1 
90.5694 	 0 
90.6623 	 1 
90.7320 	 1 
90.8481 	 2 
90.8481 	 1 
90.9758 	 0 
90.9758 	 1 
90.9874 	 2 
91.1267 	 2 
91.2544 	 2 
91.2544 	 1 
91.2660 	 0 
91.3937 	 1 
91.3937 	 0 
91.3937 	 2 
91.6492 	 1 
91.6608 	 2 
91.6724 	 0 
91.7885 	 1 
91.7885 	 2 
91.9394 	 1 
91.9510 	 0 
91.9510 	 2 
92.1948 	 2 
92.2064 	 1 
92.2180 	 0 
92.4967 	 1 
92.5083 	 2 
92.6476 	 1 
92.6824 	 1 
92.7521 	 1 
92.7753 	 2 
92.7869 	 1 
92.8566 	 1 
92.8914 	 1 
92.8914 	 2 
92.9030 	 0 
93.0540 	 2 
93.0656 	 1 
93.1817 	 1 
93.1933 	 2 
93.1933 	 0 
93.4603 	 2 
93.4719 	 1 
93.4835 	 0 
93.5996 	 2 
93.5996 	 1 
93.6229 	 0 
93.8783 	 2 
93.8783 	 1 
93.8899 	 0 
94.0060 	 1 
94.0873 	 1 
94.1569 	 2 
94.2962 	 2 
94.3078 	 0 
94.3078 	 1 
94.5865 	 2 
94.5865 	 0 
94.5865 	 1 
94.7142 	 1 
95.0161 	 2 
95.0161 	 0 
95.0161 	 1 
95.2831 	 1 
95.4224 	 1 
95.4224 	 0 
95.4224 	 2 
95.4805 	 1 
95.4805 	 2 
95.5385 	 1 
95.5966 	 2 
95.6082 	 1 
95.6546 	 1 
95.7127 	 1 
95.7127 	 2 
95.8288 	 1 
95.8288 	 2 
96.1074 	 1 
96.1074 	 2 
96.1190 	 0 
96.3860 	 0 
96.3976 	 1 
96.3976 	 2 
96.6531 	 2 
96.6647 	 1 
96.6647 	 0 
96.9317 	 2 
96.9317 	 1 
96.9317 	 0 
97.1987 	 1 
97.2103 	 0 
97.2220 	 2 
97.5122 	 2 
97.5122 	 1 
97.6399 	 1 
97.6399 	 0 
97.6515 	 2 
97.7792 	 2 
98.0579 	 0 
98.0579 	 2 
98.0579 	 1 
98.3249 	 1 
98.3365 	 2 
98.3365 	 0 
98.6151 	 2 
98.6151 	 1 
98.6151 	 0 
98.8822 	 0 
98.8938 	 2 
98.8938 	 1 
99.1724 	 2 
99.1724 	 0 
99.1724 	 1 
99.4395 	 0 
99.4395 	 1 
99.4511 	 2 
99.5788 	 1 
99.6020 	 2 
99.7297 	 1 
99.7297 	 2 
99.8574 	 1 
99.8690 	 2 
99.8690 	 0 
99.9967 	 1 
100.2754 	 1 
100.2870 	 2 
100.2870 	 0 
100.5540 	 1 
100.5540 	 0 
100.5656 	 2 
100.8327 	 2 
100.8327 	 1 
100.8327 	 0 
101.0997 	 1 
101.1113 	 2 
101.1113 	 0 
101.3899 	 1 
101.3899 	 0 
101.3899 	 2 
101.5293 	 2 
101.5293 	 1 
101.6337 	 1 
101.6570 	 0 
101.6570 	 2 
101.6686 	 1 
101.8195 	 1 
101.9472 	 2 
101.9588 	 1 
102.0865 	 2 
102.0865 	 1 
102.0865 	 0 
102.4929 	 2 
102.4929 	 1 
102.5045 	 0 
102.7715 	 0 
102.7715 	 1 
102.7715 	 2 
103.0502 	 1 
103.0502 	 2 
103.0618 	 0 
103.2940 	 0 
103.3056 	 1 
103.3288 	 2 
103.6074 	 1 
103.6074 	 0 
103.6074 	 2 
103.8861 	 1 
103.8861 	 0 
103.8861 	 2 
104.1647 	 0 
104.1763 	 2 
104.1763 	 1 
104.3040 	 1 
104.3040 	 0 
104.3040 	 2 
104.7220 	 0 
104.7220 	 2 
104.7220 	 1 
104.9890 	 0 
104.9890 	 1 
105.0006 	 2 
105.2677 	 1 
105.2677 	 0 
105.2793 	 2 
105.5463 	 1 
105.5463 	 2 
105.5579 	 0 
105.8133 	 1 
105.8133 	 0 
105.8249 	 2 
106.0804 	 1 
106.0920 	 0 
106.1036 	 2 
106.1965 	 1 
106.3938 	 2 
106.5332 	 2 
106.5332 	 1 
106.5332 	 0 
106.6725 	 2 
106.8118 	 2 
106.8118 	 1 
106.9279 	 0 
106.9395 	 2 
106.9395 	 1 
107.2065 	 1 
107.2181 	 0 
107.2181 	 2 
107.3459 	 1 
107.4968 	 1 
107.4968 	 2 
107.4968 	 0 
107.7754 	 0 
107.7754 	 1 
107.7754 	 2 
108.0424 	 1 
108.0541 	 2 
108.0541 	 0 
108.3211 	 1 
108.3211 	 0 
108.3327 	 2 
108.6113 	 1 
108.6113 	 2 
108.7507 	 2 
108.7507 	 1 
108.7507 	 0 
108.8784 	 1 
108.8900 	 2 
109.1570 	 1 
109.1686 	 2 
109.1686 	 0 
109.4356 	 0 
109.4356 	 1 
109.4473 	 2 
109.7143 	 0 
109.7143 	 2 
109.7143 	 1 
109.9813 	 1 
109.9813 	 0 
109.9813 	 2 
110.2251 	 1 
110.2367 	 2 
110.2832 	 1 
110.2832 	 2 
110.5386 	 1 
110.5502 	 0 
110.5502 	 2 
110.8288 	 2 
110.8288 	 0 
110.8288 	 1 
110.9682 	 2 
110.9682 	 1 
110.9682 	 0 
111.3745 	 0 
111.3861 	 2 
111.3861 	 1 
111.6067 	 1 
111.6532 	 0 
111.6648 	 2 
111.9318 	 0 
111.9318 	 2 
111.9318 	 1 
112.1988 	 0 
112.1988 	 1 
112.2104 	 2 
112.4891 	 2 
112.4891 	 1 
112.5007 	 0 
112.7677 	 2 
112.7677 	 1 
112.7909 	 0 
112.8838 	 2 
113.0347 	 1 
113.1857 	 2 
113.1857 	 1 
113.1857 	 0 
113.6036 	 2 
113.6036 	 1 
113.6036 	 0 
113.8707 	 1 
113.8823 	 2 
113.8823 	 0 
114.1609 	 2 
114.1609 	 0 
114.1609 	 1 
114.4279 	 1 
114.4279 	 2 
114.4279 	 0 
114.7066 	 1 
114.7182 	 2 
114.7182 	 0 
114.9620 	 1 
114.9968 	 2 
115.1013 	 1 
115.2755 	 2 
115.4032 	 1 
115.4032 	 0 
115.4148 	 2 
115.5425 	 2 
115.8211 	 1 
115.8211 	 2 
115.8327 	 0 
116.0882 	 1 
116.0882 	 2 
116.1114 	 1 
116.1114 	 2 
116.3784 	 2 
116.3784 	 0 
116.3784 	 1 
116.6454 	 1 
116.6454 	 2 
116.6571 	 0 
116.9241 	 1 
116.9357 	 0 
116.9357 	 2 
117.2027 	 1 
117.2143 	 0 
117.2143 	 2 
117.3653 	 2 
117.4930 	 2 
117.5046 	 1 
117.6323 	 1 
117.6323 	 2 
117.6323 	 0 
117.7600 	 1 
117.7716 	 2 
118.0386 	 1 
118.0502 	 0 
118.0502 	 2 
118.3173 	 1 
118.3173 	 2 
118.3173 	 0 
118.5959 	 1 
118.5959 	 2 
118.5959 	 0 
118.8746 	 2 
118.8746 	 0 
118.8746 	 1 
119.1416 	 0 
119.1416 	 1 
119.1532 	 2 
119.4318 	 2 
119.4318 	 0 
119.4318 	 1 
119.5828 	 2 
119.7105 	 1 
119.7105 	 2 
119.7221 	 0 
119.8498 	 1 
119.8498 	 2 
119.8498 	 0 
119.9775 	 2 
120.2678 	 0 
120.2678 	 2 
120.2678 	 1 
120.5348 	 1 
120.5348 	 0 
120.5464 	 2 
120.8250 	 0 
120.8250 	 1 
120.8250 	 2 
121.0805 	 0 
121.0805 	 2 
121.0805 	 1 
121.3707 	 0 
121.3707 	 1 
121.3707 	 2 
121.6493 	 0 
121.6493 	 2 
121.6493 	 1 
121.9396 	 0 
121.9396 	 1 
121.9396 	 2 
122.0673 	 0 
122.0673 	 1 
122.0673 	 2 
122.2066 	 1 
122.2066 	 2 
122.4853 	 2 
122.4853 	 0 
122.4853 	 1 
122.7639 	 1 
122.7639 	 2 
122.7639 	 0 
123.0425 	 0 
123.0425 	 1 
123.0425 	 2 
123.3096 	 0 
123.3212 	 1 
123.3212 	 2 
123.5998 	 0 
123.5998 	 1 
123.5998 	 2 
123.8320 	 1 
123.8320 	 2 
123.8668 	 0 
123.8785 	 2 
123.9249 	 2 
124.0526 	 1 
124.1571 	 2 
124.1687 	 1 
124.2964 	 1 
124.2964 	 2 
124.2964 	 0 
124.7028 	 2 
124.7028 	 0 
124.7028 	 1 
124.9698 	 2 
124.9814 	 0 
124.9814 	 1 
125.0395 	 2 
125.2600 	 2 
125.2600 	 1 
125.2717 	 0 
125.4922 	 1 
125.5387 	 2 
125.5387 	 0 
125.8173 	 0 
125.8173 	 1 
125.8173 	 2 
126.0960 	 2 
126.0960 	 1 
126.0960 	 0 
126.1424 	 2 
126.2353 	 1 
126.2469 	 2 
126.3862 	 0 
126.3862 	 1 
126.3862 	 2 
126.5139 	 1 
126.5139 	 2 
126.5139 	 0 
126.6184 	 1 
126.8158 	 1 
126.9319 	 2 
126.9319 	 0 
126.9319 	 1 
127.1757 	 2 
127.1989 	 1 
127.1989 	 0 
127.4776 	 0 
127.4776 	 1 
127.4892 	 2 
127.7098 	 1 
127.7098 	 2 
127.7562 	 1 
127.7562 	 0 
127.7678 	 2 
128.0232 	 1 
128.0348 	 2 
128.0348 	 0 
128.3019 	 1 
128.3135 	 0 
128.3135 	 2 
128.5921 	 2 
128.6037 	 0 
128.7314 	 0 
128.7314 	 1 
128.7430 	 2 
129.1494 	 2 
129.1494 	 1 
129.1494 	 0 
129.4164 	 1 
129.4164 	 2 
129.4280 	 0 
129.4629 	 2 
129.6951 	 1 
129.7067 	 2 
129.7067 	 0 
129.9737 	 2 
129.9737 	 1 
129.9853 	 0 
130.2523 	 1 
130.2523 	 2 
130.2639 	 0 
130.6587 	 1 
130.8096 	 2 
130.8212 	 0 
130.9489 	 2 
130.9489 	 0 
130.9489 	 1 
131.0883 	 2 
131.3669 	 0 
131.3669 	 1 
131.3785 	 2 
131.6455 	 0 
131.6455 	 2 
131.6455 	 1 
131.9242 	 0 
131.9242 	 2 
131.9242 	 1 
132.1796 	 1 
132.1912 	 2 
132.2028 	 0 
132.4698 	 1 
132.4698 	 2 
132.4815 	 0 
132.7601 	 0 
132.7601 	 2 
132.7601 	 1 
133.0387 	 1 
133.0387 	 2 
133.0387 	 0 
133.1780 	 2 
133.1780 	 1 
133.1780 	 0 
133.3058 	 2 
133.3174 	 0 
133.3174 	 1 
133.5844 	 1 
133.5960 	 0 
133.5960 	 2 
133.8630 	 2 
133.8630 	 1 
133.8746 	 0 
134.1417 	 1 
134.1417 	 0 
134.1533 	 2 
134.4203 	 2 
134.4203 	 0 
134.4203 	 1 
134.6873 	 1 
134.6990 	 0 
134.6990 	 2 
134.8383 	 1 
134.8615 	 2 
134.9892 	 2 
134.9892 	 1 
134.9892 	 0 
135.3956 	 1 
135.3956 	 0 
135.3956 	 2 
135.6510 	 1 
135.7322 	 2 
135.8600 	 2 
136.0922 	 2 
136.6494 	 2 
136.6494 	 0 
136.6494 	 1 
137.2067 	 1 
137.2183 	 0 
137.2183 	 2 
137.4970 	 1 
137.7524 	 1 
137.7524 	 2 
137.7640 	 0 
137.8917 	 2 
138.3213 	 2 
138.3329 	 1 
138.5651 	 1 
138.8553 	 1 
138.8669 	 2 
139.0875 	 2 
139.3197 	 2 
139.4242 	 0 
139.4242 	 1 
139.4242 	 2 
139.7029 	 1 
139.7029 	 2 
139.8306 	 1 
139.8422 	 0 
139.8422 	 2 
139.9815 	 1 
139.9815 	 2 
140.1092 	 2 
140.2485 	 1 
140.2601 	 0 
140.2601 	 2 
140.5272 	 2 
140.5272 	 0 
140.5272 	 1 
140.8058 	 0 
140.8058 	 1 
140.8058 	 2 
141.0844 	 0 
141.0844 	 2 
141.0844 	 1 
141.3631 	 1 
141.3631 	 0 
141.3631 	 2 
141.6185 	 2 
141.6185 	 1 
141.6301 	 0 
141.7810 	 2 
141.8043 	 1 
141.9204 	 2 
141.9204 	 0 
141.9204 	 1 
142.0597 	 2 
142.0597 	 0 
142.0597 	 1 
142.1874 	 1 
142.4660 	 1 
142.4776 	 2 
142.4776 	 0 
142.7447 	 2 
142.7447 	 1 
142.7563 	 0 
143.0233 	 1 
143.0349 	 0 
143.0349 	 2 
143.3020 	 1 
143.3020 	 0 
143.3020 	 2 
143.5806 	 1 
143.5806 	 0 
143.5806 	 2 
143.8476 	 1 
143.8592 	 2 
143.8592 	 0 
144.0798 	 1 
144.1379 	 2 
144.1379 	 1 
144.1611 	 1 
144.2772 	 1 
144.2772 	 0 
144.2888 	 2 
144.6951 	 2 
144.6951 	 1 
144.6951 	 0 
144.9738 	 2 
144.9738 	 1 
144.9738 	 0 
145.2524 	 2 
145.2524 	 1 
145.2524 	 0 
145.5195 	 2 
145.5195 	 1 
145.5311 	 0 
145.7981 	 0 
145.7981 	 1 
145.8097 	 2 
146.0767 	 1 
146.0767 	 2 
146.0767 	 0 
146.3670 	 2 
146.3670 	 1 
146.4947 	 2 
146.4947 	 1 
146.5063 	 0 
146.6224 	 2 
146.6224 	 1 
146.7153 	 1 
146.9127 	 2 
146.9127 	 1 
146.9127 	 0 
147.1797 	 2 
147.1797 	 1 
147.4583 	 1 
147.4815 	 2 
147.5976 	 2 
147.5976 	 1 
147.6093 	 0 
147.7486 	 0 
147.7602 	 2 
147.7718 	 1 
147.8879 	 1 
148.1665 	 1 
148.3059 	 1 
148.3059 	 2 
148.3175 	 0 
148.4916 	 1 
148.7122 	 1 
148.7238 	 0 
148.7238 	 2 
148.9792 	 2 
148.9908 	 1 
148.9908 	 0 
149.1534 	 1 
149.3856 	 1 
149.4088 	 2 
149.6758 	 1 
149.6874 	 2 
149.6874 	 0 
149.9545 	 1 
149.9545 	 2 
149.9661 	 0 
150.2331 	 1 
150.2447 	 0 
150.2447 	 2 
150.5117 	 1 
150.5117 	 2 
150.5234 	 0 
150.8020 	 2 
150.8136 	 1 
150.8136 	 0 
150.9413 	 1 
150.9413 	 0 
150.9413 	 2 
151.2200 	 1 
151.2200 	 0 
151.2200 	 2 
151.3477 	 1 
151.3593 	 2 
151.5566 	 1 
151.5683 	 2 
151.6031 	 2 
151.6727 	 2 
151.6844 	 1 
151.9049 	 2 
151.9049 	 1 
151.9166 	 0 
152.1720 	 1 
152.1836 	 0 
152.1836 	 2 
152.4622 	 1 
152.4622 	 2 
152.7060 	 1 
152.7409 	 2 
152.9034 	 1 
153.0195 	 2 
153.0311 	 1 
153.1588 	 1 
153.1588 	 2 
153.1704 	 0 
153.2981 	 2 
153.4375 	 1 
153.4375 	 2 
153.4375 	 0 
153.5652 	 2 
153.5768 	 1 
153.8090 	 2 
153.8090 	 1 
153.8090 	 0 
153.8438 	 2 
154.1224 	 1 
154.1224 	 2 
154.1341 	 0 
154.4011 	 1 
154.4011 	 2 
154.4127 	 0 
154.5288 	 1 
154.6681 	 0 
154.6681 	 2 
154.6797 	 1 
154.9584 	 1 
154.9584 	 0 
154.9700 	 2 
155.2370 	 1 
155.2370 	 2 
155.3647 	 1 
155.3879 	 2 
155.3879 	 0 
155.6550 	 2 
155.6666 	 1 
155.6666 	 0 
155.7827 	 2 
155.7943 	 1 
156.0729 	 1 
156.0729 	 2 
156.0729 	 0 
156.2122 	 1 
156.2355 	 2 
156.3632 	 1 
156.3632 	 2 
156.4909 	 2 
156.4909 	 1 
156.5025 	 0 
156.6418 	 2 
156.7695 	 2 
156.7695 	 1 
156.7695 	 0 
156.8856 	 1 
157.0017 	 1 
157.1875 	 1 
157.1991 	 0 
157.1991 	 2 
157.6054 	 1 
157.6054 	 0 
157.6171 	 2 
157.6635 	 1 
157.7564 	 1 
157.8493 	 2 
157.8725 	 0 
157.8725 	 1 
158.0118 	 1 
158.0698 	 2 
158.2904 	 1 
158.2904 	 0 
158.3020 	 2 
158.5691 	 1 
158.5691 	 2 
158.5807 	 0 
158.8245 	 2 
158.8477 	 1 
158.8593 	 0 
159.1031 	 1 
159.1147 	 2 
159.3818 	 1 
159.4050 	 2 
159.4050 	 0 
159.5675 	 1 
159.6836 	 2 
159.6952 	 1 
159.6952 	 0 
159.8229 	 1 
159.8229 	 0 
159.8346 	 2 
159.9739 	 2 
160.1016 	 2 
160.1016 	 1 
160.1016 	 0 
160.2293 	 0 
160.2293 	 2 
160.2525 	 1 
160.4034 	 1 
160.4034 	 2 
160.5195 	 1 
160.5195 	 2 
160.5660 	 1 
160.7866 	 2 
160.7866 	 1 
160.7982 	 0 
161.0536 	 2 
161.0536 	 1 
161.0652 	 0 
161.3322 	 1 
161.3439 	 2 
161.5877 	 1 
161.5993 	 2 
161.6225 	 2 
161.6225 	 0 
161.6922 	 1 
161.8083 	 1 
161.9127 	 2 
162.0405 	 1 
162.0521 	 0 
162.0521 	 2 
162.3191 	 1 
162.3307 	 0 
162.3307 	 2 
162.4584 	 1 
162.7254 	 0 
162.7254 	 2 
162.7254 	 1 
163.0157 	 1 
163.0157 	 2 
163.0157 	 0 
163.2827 	 2 
163.2827 	 1 
163.2827 	 0 
163.5614 	 2 
163.5614 	 1 
163.7123 	 1 
163.8168 	 2 
163.8284 	 1 
163.8516 	 2 
163.8516 	 0 
163.9677 	 1 
164.0025 	 2 
164.1186 	 2 
164.2580 	 1 
164.2696 	 0 
164.2696 	 2 
164.5366 	 2 
164.5482 	 1 
164.5482 	 0 
164.6643 	 2 
164.6643 	 1 
164.9429 	 1 
164.9546 	 2 
164.9662 	 0 
165.1055 	 2 
165.2332 	 2 
165.3725 	 2 
165.3725 	 1 
165.3841 	 0 
165.6512 	 1 
165.6512 	 2 
165.6628 	 0 
165.7905 	 1 
165.9066 	 1 
166.0807 	 2 
166.1039 	 1 
166.3129 	 2 
166.3478 	 1 
166.4755 	 1 
166.4871 	 0 
166.4987 	 2 
166.5451 	 2 
166.6032 	 1 
166.6496 	 2 
166.9050 	 1 
166.9050 	 2 
166.9050 	 0 
167.1721 	 2 
167.1837 	 0 
167.1837 	 1 
167.4507 	 1 
167.4507 	 0 
167.4623 	 2 
167.7293 	 1 
167.7293 	 2 
167.7293 	 0 
168.0080 	 1 
168.0080 	 0 
168.0080 	 2 
168.2750 	 2 
168.2866 	 0 
168.2866 	 1 
168.5653 	 2 
168.5769 	 0 
168.5769 	 1 
168.7046 	 0 
168.7046 	 2 
168.7046 	 1 
168.8323 	 2 
168.8439 	 0 
168.8439 	 1 
169.1225 	 0 
169.1225 	 2 
169.1225 	 1 
169.4012 	 1 
169.4012 	 0 
169.4012 	 2 
169.6798 	 0 
169.6798 	 2 
169.6798 	 1 
169.9585 	 0 
169.9585 	 2 
169.9585 	 1 
170.2255 	 2 
170.2255 	 1 
170.2371 	 0 
170.5041 	 2 
170.5157 	 0 
170.5157 	 1 
170.6551 	 1 
170.7828 	 1 
170.7944 	 2 
170.7944 	 0 
170.9221 	 2 
170.9221 	 1 
170.9337 	 0 
171.0614 	 2 
171.0730 	 0 
171.0730 	 1 
171.3400 	 2 
171.3400 	 1 
171.3400 	 0 
171.6187 	 2 
171.6187 	 0 
171.6187 	 1 
171.8973 	 2 
171.8973 	 1 
171.8973 	 0 
172.1760 	 1 
172.1760 	 0 
172.1760 	 2 
172.4430 	 2 
172.4546 	 1 
172.4546 	 0 
172.5939 	 1 
172.7216 	 2 
172.7332 	 1 
172.7332 	 0 
173.0119 	 0 
173.0119 	 2 
173.0119 	 1 
173.1512 	 0 
173.1512 	 1 
173.2789 	 2 
173.2905 	 0 
173.2905 	 1 
173.5576 	 1 
173.5692 	 0 
173.5692 	 2 
173.8362 	 1 
173.8362 	 2 
173.8478 	 0 
174.1264 	 1 
174.1264 	 0 
174.1264 	 2 
174.1613 	 1 
174.1613 	 2 
174.3935 	 2 
174.3935 	 1 
174.3935 	 0 
174.6721 	 1 
174.6721 	 0 
174.6721 	 2 
174.8114 	 1 
174.9507 	 1 
174.9507 	 0 
174.9507 	 2 
175.1249 	 1 
175.2410 	 0 
175.2410 	 2 
175.2410 	 1 
175.3687 	 0 
175.3687 	 2 
175.3687 	 1 
175.5080 	 2 
175.5080 	 1 
175.7751 	 2 
175.7867 	 1 
175.7867 	 0 
176.0537 	 2 
176.0537 	 1 
176.0653 	 0 
176.3323 	 1 
176.3439 	 2 
176.3439 	 0 
176.6110 	 2 
176.6110 	 1 
176.6226 	 0 
176.8896 	 2 
176.8896 	 1 
176.9012 	 0 
177.0289 	 1 
177.1683 	 2 
177.1683 	 1 
177.1683 	 0 
177.4469 	 1 
177.4585 	 2 
177.4585 	 0 
177.5862 	 0 
177.5862 	 2 
177.5862 	 1 
177.7255 	 2 
177.7255 	 1 
177.7371 	 0 
178.0042 	 0 
178.0042 	 1 
178.0042 	 2 
178.2828 	 1 
178.2828 	 2 
178.2828 	 0 
178.5498 	 1 
178.5615 	 2 
178.5615 	 0 
178.8401 	 1 
178.8401 	 0 
178.8401 	 2 
179.1071 	 0 
179.1071 	 1 
179.1187 	 2 
179.3858 	 2 
179.3858 	 1 
179.3974 	 0 
179.6760 	 2 
179.6760 	 1 
179.6876 	 0 
179.8037 	 1 
179.8037 	 0 
179.8153 	 2 
179.9430 	 1 
179.9546 	 0 
179.9546 	 2 
180.2217 	 2 
180.2217 	 0 
180.2217 	 1 
180.5003 	 1 
180.5119 	 0 
180.5119 	 2 
180.6396 	 0 
180.6512 	 1 
180.7790 	 1 
180.7906 	 0 
180.7906 	 2 
180.9183 	 1 
181.0576 	 1 
181.0576 	 0 
181.0692 	 2 
181.1969 	 1 
181.3362 	 1 
181.3478 	 0 
181.3478 	 2 
181.4756 	 1 
181.4756 	 0 
181.4872 	 2 
181.6265 	 1 
181.6265 	 0 
181.6381 	 2 
181.7542 	 1 
181.7774 	 1 
181.7774 	 2 
181.8935 	 2 
181.8935 	 0 
181.9051 	 1 
182.0212 	 2 
182.0212 	 1 
182.0328 	 0 
182.1489 	 2 
182.1489 	 1 
182.2070 	 2 
182.4392 	 1 
182.4508 	 0 
182.4508 	 2 
182.7178 	 1 
182.7294 	 2 
182.7294 	 0 
182.8571 	 1 
182.9965 	 2 
182.9965 	 0 
182.9965 	 1 
183.1358 	 0 
183.1474 	 2 
183.1474 	 1 
183.2751 	 1 
183.2867 	 0 
183.2867 	 2 
183.4144 	 0 
183.4144 	 1 
183.4376 	 2 
183.5537 	 1 
183.5654 	 2 
183.6931 	 2 
183.6931 	 1 
183.8324 	 1 
183.8324 	 0 
183.8440 	 2 
184.1110 	 2 
184.2387 	 0 
184.2387 	 1 
184.3316 	 2 
184.4245 	 2 
184.4361 	 1 
184.5406 	 2 
184.5522 	 1 
184.6683 	 0 
184.6683 	 2 
184.6683 	 1 
184.9353 	 1 
184.9469 	 0 
184.9469 	 2 
185.2140 	 1 
185.2256 	 0 
185.2256 	 2 
185.4810 	 2 
185.4926 	 1 
185.5042 	 0 
185.7829 	 2 
185.7829 	 0 
185.7829 	 1 
185.9106 	 1 
186.0499 	 2 
186.0615 	 1 
186.0615 	 0 
186.3401 	 1 
186.3401 	 2 
186.3517 	 0 
186.4795 	 0 
186.4795 	 1 
186.4795 	 2 
186.5956 	 0 
186.5956 	 2 
186.5956 	 1 
186.8858 	 0 
186.8858 	 1 
186.8858 	 2 
187.1644 	 1 
187.1644 	 2 
187.1644 	 0 
187.4431 	 1 
187.4431 	 0 
187.4431 	 2 
187.7101 	 2 
187.7217 	 0 
187.7217 	 1 
187.9888 	 2 
187.9888 	 0 
188.0004 	 1 
188.2674 	 2 
188.2674 	 0 
188.2790 	 1 
188.5460 	 2 
188.5576 	 0 
188.5576 	 1 
188.6970 	 1 
188.6970 	 2 
188.6970 	 0 
188.8247 	 1 
189.1149 	 2 
189.1149 	 0 
189.1149 	 1 
189.3820 	 1 
189.3936 	 0 
189.3936 	 2 
189.6606 	 0 
189.6606 	 1 
189.6606 	 2 
189.9276 	 2 
189.9392 	 0 
189.9392 	 1 
190.2179 	 1 
190.2179 	 0 
190.2179 	 2 
190.4849 	 2 
190.4965 	 0 
190.4965 	 1 
190.6474 	 1 
190.7751 	 2 
190.7868 	 1 
190.9145 	 0 
190.9145 	 2 
190.9261 	 1 
191.0306 	 2 
191.0422 	 1 
191.3208 	 1 
191.3324 	 0 
191.3324 	 2 
191.6111 	 2 
191.6111 	 1 
191.6111 	 0 
191.8781 	 2 
191.8897 	 0 
191.8897 	 1 
192.1451 	 2 
192.1451 	 1 
192.1567 	 0 
192.3657 	 1 
192.4470 	 2 
192.7140 	 2 
192.7140 	 0 
192.7140 	 1 
193.1320 	 2 
193.1320 	 0 
193.1320 	 1 
193.1552 	 2 
193.1784 	 2 
193.3177 	 2 
193.5499 	 2 
193.5499 	 1 
193.5499 	 0 
193.8286 	 2 
193.8286 	 1 
193.8286 	 0 
194.1072 	 2 
194.1072 	 1 
194.1072 	 0 
194.3742 	 2 
194.3742 	 1 
194.3859 	 0 
194.6529 	 1 
194.6529 	 2 
194.6645 	 0 
194.9315 	 2 
194.9315 	 1 
194.9431 	 0 
195.1057 	 1 
195.2218 	 1 
195.2218 	 0 
195.2218 	 2 
195.3495 	 2 
195.3611 	 1 
195.3611 	 0 
195.4656 	 2 
195.4772 	 1 
195.4772 	 0 
195.7674 	 1 
195.7674 	 0 
195.7674 	 2 
196.0461 	 0 
196.0461 	 1 
196.0461 	 2 
196.3247 	 0 
196.3247 	 1 
196.3247 	 2 
196.6034 	 2 
196.6034 	 0 
196.6034 	 1 
196.8820 	 2 
196.8820 	 0 
196.8820 	 1 
197.1606 	 2 
197.1606 	 0 
197.1606 	 1 
197.4393 	 1 
197.4509 	 2 
197.4509 	 0 
197.5786 	 1 
197.5786 	 2 
197.5786 	 0 
197.7063 	 1 
197.9849 	 1 
197.9849 	 2 
197.9966 	 0 
198.2636 	 1 
198.2636 	 2 
198.2752 	 0 
198.5422 	 1 
198.5538 	 0 
198.5538 	 2 
198.8209 	 1 
198.8209 	 2 
198.8325 	 0 
199.0995 	 2 
199.0995 	 1 
199.1111 	 0 
199.3781 	 2 
199.3781 	 0 
199.3781 	 1 
199.6568 	 1 
199.6684 	 0 
199.6684 	 2 
199.7845 	 1 
199.7961 	 0 
199.7961 	 2 
199.8890 	 1 
199.9702 	 2 
199.9819 	 1 
200.2141 	 2 
200.2141 	 1 
200.2141 	 0 
200.4927 	 2 
200.4927 	 1 
200.4927 	 0 
200.6320 	 1 
200.7713 	 1 
200.7713 	 2 
200.9107 	 2 
200.9107 	 1 
200.9107 	 0 
200.9687 	 1 
201.1893 	 1 
201.1893 	 2 
201.1893 	 0 
201.3286 	 1 
201.4679 	 0 
201.4679 	 2 
201.4679 	 1 
201.5956 	 0 
201.5956 	 1 
201.6073 	 2 
201.7234 	 1 
201.8975 	 1 
202.0252 	 2 
202.0252 	 1 
202.0252 	 0 
202.1529 	 1 
202.2690 	 1 
202.4316 	 1 
202.4316 	 2 
202.4432 	 0 
202.7102 	 0 
202.7102 	 2 
202.7102 	 1 
202.9888 	 1 
202.9888 	 0 
202.9888 	 2 
203.2559 	 2 
203.2559 	 1 
203.2675 	 0 
203.5461 	 2 
203.5461 	 1 
203.5461 	 0 
203.8248 	 0 
203.8248 	 2 
203.8248 	 1 
204.1034 	 2 
204.1034 	 1 
204.1150 	 0 
204.2427 	 1 
204.2427 	 2 
204.2427 	 0 
204.3588 	 1 
204.3704 	 2 
204.6491 	 1 
204.6607 	 2 
204.6607 	 0 
204.9277 	 0 
204.9277 	 1 
204.9277 	 2 
205.2063 	 1 
205.2063 	 0 
205.2180 	 2 
205.4850 	 1 
205.4850 	 2 
205.4966 	 0 
205.7636 	 1 
205.7752 	 0 
205.7752 	 2 
206.0074 	 0 
206.0190 	 2 
206.0190 	 1 
206.1235 	 1 
206.4602 	 1 
206.4602 	 0 
206.4602 	 2 
206.5995 	 1 
206.6924 	 2 
206.8085 	 2 
207.1684 	 2 
207.7025 	 2 
207.7025 	 1 
207.7141 	 0 
208.2830 	 0 
208.2830 	 2 
208.8054 	 1 
208.8171 	 0 
208.8171 	 2 
208.9912 	 1 
209.1305 	 2 
209.3859 	 2 
209.3859 	 1 
209.7923 	 0 
209.7923 	 2 
209.7923 	 1 
209.9200 	 1 
209.9316 	 2 
209.9316 	 0 
210.1870 	 1 
210.4889 	 2 
210.4889 	 1 
210.7559 	 1 
210.7675 	 2 
210.8952 	 1 
210.9068 	 0 
210.9068 	 2 
211.0462 	 1 
211.0462 	 2 
211.3248 	 2 
211.3248 	 0 
211.3248 	 1 
211.5918 	 2 
211.5918 	 0 
211.5918 	 1 
211.8705 	 1 
211.8705 	 2 
211.8821 	 0 
212.1491 	 0 
212.1491 	 2 
212.1491 	 1 
212.4278 	 0 
212.4278 	 1 
212.4278 	 2 
212.7064 	 2 
212.7064 	 0 
212.7064 	 1 
212.8573 	 2 
212.8922 	 1 
212.9850 	 2 
212.9850 	 1 
212.9850 	 0 
213.1244 	 2 
213.1244 	 0 
213.1244 	 1 
213.2405 	 1 
213.2521 	 2 
213.2521 	 0 
213.5307 	 1 
213.5423 	 0 
213.5423 	 2 
213.8093 	 1 
213.8210 	 2 
213.8210 	 0 
214.0996 	 1 
214.0996 	 0 
214.0996 	 2 
214.3434 	 2 
214.3666 	 1 
214.3782 	 0 
214.6453 	 2 
214.6453 	 1 
214.6569 	 0 
214.9123 	 1 
214.9239 	 0 
214.9239 	 2 
215.2025 	 2 
215.2025 	 1 
215.2141 	 0 
215.3419 	 2 
215.3419 	 1 
215.3419 	 0 
215.7598 	 1 
215.7598 	 0 
215.7598 	 2 
216.0268 	 1 
216.0385 	 0 
216.0385 	 2 
216.3171 	 1 
216.3171 	 0 
216.3171 	 2 
216.5841 	 2 
216.5841 	 1 
216.5841 	 0 
216.8628 	 1 
216.8628 	 2 
216.8628 	 0 
217.1414 	 1 
217.1530 	 2 
217.1530 	 0 
217.4317 	 2 
217.4433 	 1 
217.4433 	 0 
217.5594 	 2 
217.5594 	 1 
217.5710 	 0 
217.6871 	 2 
217.7103 	 1 
217.7567 	 2 
217.9425 	 2 
217.9773 	 2 
217.9773 	 0 
217.9773 	 1 
218.2560 	 0 
218.2676 	 2 
218.2676 	 1 
218.5230 	 1 
218.5346 	 2 
218.5462 	 0 
218.6971 	 1 
218.8132 	 1 
218.8132 	 2 
218.8132 	 0 
218.9526 	 1 
218.9758 	 2 
219.0919 	 1 
219.1151 	 2 
219.2428 	 1 
219.3705 	 2 
219.3705 	 1 
219.3705 	 0 
219.5098 	 1 
219.6492 	 2 
219.6492 	 1 
219.8001 	 1 
219.8001 	 2 
219.8001 	 0 
219.9278 	 2 
220.0787 	 1 
220.0787 	 0 
220.0787 	 2 
220.2064 	 1 
220.4386 	 1 
220.4502 	 2 
220.4851 	 0 
220.4967 	 2 
220.6476 	 1 
220.7753 	 1 
220.7753 	 0 
220.7753 	 2 
220.9146 	 1 
220.9146 	 2 
221.0424 	 0 
221.0424 	 1 
221.0424 	 2 
221.5996 	 0 
221.6112 	 2 
221.6112 	 1 
221.7738 	 1 
221.8899 	 1 
221.8899 	 2 
221.8899 	 0 
222.0176 	 1 
222.0176 	 0 
222.0176 	 2 
222.2962 	 1 
222.2962 	 0 
222.2962 	 2 
222.5865 	 1 
222.6561 	 1 
222.7026 	 2 
222.7026 	 0 
222.7490 	 1 
222.9928 	 2 
222.9928 	 0 
222.9928 	 1 
223.1322 	 1 
223.2599 	 2 
223.2715 	 1 
223.2715 	 0 
223.3760 	 2 
223.8171 	 2 
223.8288 	 0 
223.8404 	 1 
224.0958 	 2 
224.1074 	 0 
224.1074 	 1 
224.2351 	 1 
224.2351 	 2 
224.2351 	 0 
224.5137 	 1 
224.5137 	 2 
224.5137 	 0 
224.8040 	 1 
224.8853 	 1 
224.8969 	 2 
224.9549 	 1 
225.2220 	 1 
225.2220 	 0 
225.2220 	 2 
225.3613 	 1 
225.4774 	 1 
225.4890 	 2 
225.4890 	 0 
225.6399 	 2 
226.0463 	 1 
226.0463 	 2 
226.0463 	 0 
226.3017 	 2 
226.3133 	 0 
226.3365 	 1 
226.4526 	 1 
226.4642 	 0 
226.4642 	 2 
226.5919 	 1 
226.7312 	 1 
226.7312 	 0 
226.7312 	 2 
227.1608 	 0 
227.1608 	 2 
227.1608 	 1 
227.3117 	 1 
227.4278 	 1 
227.4395 	 2 
227.5672 	 2 
227.5672 	 1 
227.5672 	 0 
227.8458 	 2 
227.8458 	 1 
227.8458 	 0 
227.9735 	 0 
227.9851 	 1 
228.2638 	 1 
228.2638 	 0 
228.2638 	 2 
228.4031 	 2 
228.5308 	 1 
228.5308 	 2 
228.6701 	 1 
228.6817 	 2 
228.6817 	 0 
228.7166 	 1 
228.8327 	 1 
228.8327 	 2 
228.8907 	 1 
228.9371 	 2 
228.9488 	 1 
229.3551 	 2 
229.3667 	 1 
229.6221 	 2 
229.6337 	 1 
229.6454 	 0 
229.8892 	 2 
229.9008 	 1 
229.9124 	 0 
230.1678 	 0 
230.1678 	 1 
230.1794 	 2 
230.4348 	 1 
230.4464 	 2 
230.4929 	 0 
230.5858 	 1 
230.7483 	 2 
230.7599 	 1 
230.7599 	 0 
230.8876 	 1 
230.8876 	 0 
230.8992 	 2 
231.1663 	 0 
231.1663 	 2 
231.1663 	 1 
231.2940 	 1 
231.5262 	 1 
231.5726 	 2 
231.8512 	 2 
231.8512 	 1 
231.8629 	 0 
232.1183 	 2 
232.1299 	 1 
232.1415 	 0 
232.2112 	 1 
232.2112 	 2 
232.3737 	 1 
232.3969 	 1 
232.4201 	 2 
232.6407 	 1 
232.6988 	 0 
232.6988 	 2 
232.6988 	 1 
232.7452 	 1 
232.8729 	 1 
232.9774 	 2 
232.9890 	 1 
233.1167 	 2 
233.1167 	 1 
233.1167 	 0 
233.3838 	 1 
233.3954 	 0 
233.3954 	 2 
233.5115 	 1 
233.7901 	 1 
233.7901 	 2 
234.0804 	 1 
234.0804 	 2 
234.0804 	 0 
234.3358 	 2 
234.3358 	 1 
234.3590 	 0 
234.6144 	 1 
234.6260 	 2 
234.7770 	 2 
234.7886 	 1 
234.9047 	 0 
234.9047 	 1 
234.9163 	 2 
235.0092 	 1 
235.1833 	 2 
235.3226 	 1 
235.3226 	 0 
235.3226 	 2 
235.6013 	 2 
235.6129 	 1 
235.6129 	 0 
236.0192 	 1 
236.0192 	 2 
236.0308 	 0 
236.1469 	 1 
236.2979 	 2 
236.4372 	 1 
236.4372 	 0 
236.4488 	 2 
236.7042 	 2 
236.7158 	 0 
236.7158 	 1 
236.8435 	 1 
236.9364 	 1 
236.9480 	 2 
237.1686 	 1 
237.1686 	 2 
237.2499 	 1 
237.4124 	 1 
237.4124 	 2 
237.5517 	 0 
237.5517 	 1 
237.5517 	 2 
237.6214 	 2 
237.6562 	 1 
237.8072 	 2 
237.8304 	 0 
237.8304 	 1 
238.0394 	 2 
238.2367 	 1 
238.2716 	 2 
238.5154 	 0 
238.5154 	 1 
238.5154 	 2 
238.7708 	 2 
238.7824 	 1 
238.7940 	 0 
239.0727 	 1 
239.0843 	 2 
239.3397 	 1 
239.3513 	 2 
239.3513 	 0 
239.5371 	 1 
239.6415 	 0 
239.6415 	 1 
239.6415 	 2 
239.7693 	 1 
239.7809 	 2 
239.7809 	 0 
239.9202 	 2 
240.0479 	 1 
240.0479 	 2 
240.0479 	 0 
240.1756 	 1 
240.1756 	 0 
240.1756 	 2 
240.3846 	 1 
240.4659 	 2 
240.4775 	 1 
240.7329 	 2 
240.7329 	 1 
240.7445 	 0 
240.9883 	 1 
241.0115 	 2 
241.0231 	 0 
241.2902 	 2 
241.2902 	 1 
241.5804 	 2 
241.5804 	 0 
241.5804 	 1 
241.7429 	 1 
241.8474 	 2 
241.8590 	 1 
241.9984 	 2 
241.9984 	 0 
241.9984 	 1 
242.1261 	 2 
242.1261 	 1 
242.2770 	 2 
242.2770 	 0 
242.2770 	 1 
242.3931 	 1 
242.6021 	 1 
242.6717 	 2 
242.6834 	 0 
242.7066 	 1 
242.9620 	 2 
242.9620 	 1 
242.9736 	 0 
243.2174 	 1 
243.2290 	 2 
243.2406 	 0 
243.4844 	 1 
243.5193 	 2 
243.7515 	 1 
243.7863 	 2 
243.7863 	 1 
243.8327 	 0 
243.8327 	 2 
243.8327 	 1 
244.0533 	 2 
244.0882 	 1 
244.2159 	 1 
244.2159 	 0 
244.2159 	 2 
244.4829 	 1 
244.4945 	 0 
244.4945 	 2 
244.6222 	 1 
244.6222 	 2 
244.9009 	 1 
244.9009 	 0 
244.9009 	 2 
245.0982 	 1 
245.1911 	 2 
245.3188 	 2 
245.3304 	 1 
245.3304 	 0 
245.5975 	 0 
245.5975 	 1 
245.6091 	 2 
246.0154 	 0 
246.0154 	 1 
246.0270 	 2 
246.2128 	 1 
246.3173 	 1 
246.4334 	 1 
246.4334 	 2 
246.4450 	 0 
246.4914 	 2 
246.5030 	 1 
246.5379 	 1 
246.5959 	 1 
246.7120 	 0 
246.7120 	 2 
246.7120 	 1 
246.9442 	 2 
247.1300 	 1 
247.1300 	 2 
247.2461 	 1 
247.3970 	 1 
247.4086 	 0 
247.4086 	 2 
247.6640 	 2 
247.6640 	 1 
247.6756 	 0 
247.9427 	 1 
247.9543 	 2 
248.2329 	 2 
248.2329 	 1 
248.2445 	 0 
248.4071 	 1 
248.5232 	 1 
248.5232 	 2 
248.6625 	 0 
248.6625 	 1 
248.6625 	 2 
248.8018 	 2 
248.9411 	 0 
248.9411 	 1 
248.9411 	 2 
249.0688 	 2 
249.0688 	 1 
249.2662 	 1 
249.3243 	 2 
249.6261 	 1 
249.6261 	 0 
249.6261 	 2 
249.8815 	 1 
249.9048 	 0 
249.9048 	 2 
250.1602 	 1 
250.1834 	 2 
250.4388 	 1 
250.4504 	 2 
250.4620 	 0 
250.6130 	 1 
250.7407 	 2 
250.8800 	 1 
250.8800 	 2 
250.8800 	 0 
251.0193 	 2 
251.1586 	 0 
251.1586 	 1 
251.1586 	 2 
251.2863 	 2 
251.2863 	 1 
251.5534 	 2 
251.5534 	 1 
251.5534 	 0 
251.8436 	 1 
251.8552 	 2 
251.8552 	 0 
252.1107 	 2 
252.1107 	 1 
252.1223 	 0 
252.3893 	 1 
252.4009 	 2 
252.5402 	 2 
252.5402 	 1 
252.6679 	 1 
252.6795 	 2 
252.6795 	 0 
252.8421 	 2 
252.9582 	 2 
253.0859 	 1 
253.0975 	 2 
253.0975 	 0 
253.2368 	 2 
253.3645 	 2 
253.3761 	 1 
253.3761 	 0 
253.4922 	 1 
253.5039 	 2 
253.7825 	 1 
253.7941 	 0 
253.7941 	 2 
253.9915 	 1 
254.0611 	 2 
254.2005 	 1 
254.2121 	 0 
254.2121 	 2 
254.4791 	 1 
254.4791 	 2 
254.4907 	 0 
254.7461 	 2 
254.7577 	 1 
254.8971 	 1 
254.9667 	 2 
254.9783 	 1 
255.0364 	 1 
255.1873 	 1 
255.3150 	 0 
255.3150 	 2 
255.3266 	 1 
255.3847 	 1 
255.3847 	 2 
255.4311 	 1 
255.4311 	 2 
255.4776 	 1 
255.5820 	 2 
255.5937 	 0 
255.6053 	 1 
255.7098 	 1 
255.7794 	 1 
255.7910 	 2 
256.0000 	 1 
256.0232 	 2 
256.2786 	 2 
256.2786 	 1 
256.2902 	 0 
256.5573 	 2 
256.5573 	 1 
256.5689 	 0 
256.8243 	 1 
256.8243 	 0 
256.8359 	 2 
257.0913 	 1 
257.1262 	 2 
257.4048 	 2 
257.4048 	 1 
257.5441 	 0 
257.5441 	 2 
257.5441 	 1 
257.6834 	 2 
257.8228 	 0 
257.8228 	 2 
257.8228 	 1 
257.9389 	 1 
257.9505 	 2 
258.1478 	 1 
258.2175 	 0 
258.2291 	 2 
258.2756 	 1 
258.5078 	 1 
258.5078 	 2 
258.5078 	 0 
258.7632 	 1 
258.7632 	 2 
258.7864 	 0 
259.0534 	 1 
259.0650 	 2 
259.3205 	 1 
259.3437 	 0 
259.3437 	 2 
259.5178 	 1 
259.6339 	 2 
259.7616 	 0 
259.7616 	 1 
259.7616 	 2 
260.0403 	 0 
260.0403 	 1 
260.0403 	 2 
260.1680 	 1 
260.1796 	 2 
260.4002 	 1 
260.4350 	 2 
260.4466 	 0 
260.7253 	 1 
260.7369 	 0 
260.7369 	 2 
260.9923 	 2 
261.0039 	 0 
261.0039 	 1 
261.2825 	 1 
261.2825 	 2 
261.5496 	 1 
261.5728 	 0 
261.5728 	 2 
261.8282 	 1 
261.8398 	 2 
261.9791 	 2 
261.9907 	 0 
261.9907 	 1 
262.1185 	 1 
262.2578 	 0 
262.2578 	 1 
262.2578 	 2 
262.3971 	 2 
262.3971 	 1 
262.6757 	 2 
262.6757 	 1 
262.6757 	 0 
262.9660 	 1 
263.0937 	 2 
263.0937 	 1 
263.0937 	 0 
263.3723 	 2 
263.3723 	 0 
263.3723 	 1 
263.7787 	 1 
263.7903 	 2 
264.1966 	 1 
264.1966 	 0 
264.2083 	 2 
264.4753 	 0 
264.4753 	 1 
264.4869 	 2 
264.8816 	 2 
264.8816 	 0 
264.8932 	 1 
265.1719 	 1 
265.1719 	 0 
265.1835 	 2 
265.4389 	 1 
265.4505 	 2 
265.4505 	 0 
265.7176 	 1 
265.9962 	 1 
266.0078 	 0 
266.0194 	 2 
266.2748 	 1 
266.2864 	 0 
266.2980 	 2 
266.4258 	 2 
266.4258 	 0 
266.4258 	 1 
266.5651 	 1 
266.5651 	 2 
266.7044 	 2 
266.7044 	 0 
266.7044 	 1 
266.8321 	 1 
266.8321 	 2 
267.0063 	 1 
267.0179 	 2 
267.0991 	 2 
267.1107 	 1 
267.1107 	 0 
267.4010 	 0 
267.4010 	 2 
267.4010 	 1 
267.6680 	 1 
267.6796 	 0 
267.6796 	 2 
267.9467 	 1 
268.2253 	 0 
268.2253 	 1 
268.2369 	 2 
268.5156 	 1 
268.6433 	 1 
268.6549 	 0 
268.6549 	 2 
268.7826 	 1 
268.9335 	 1 
268.9335 	 2 
268.9335 	 0 
269.3166 	 2 
269.3399 	 1 
269.3515 	 0 
269.6301 	 1 
269.6301 	 0 
269.6301 	 2 
269.8739 	 1 
269.8971 	 2 
270.4544 	 1 
270.4660 	 0 
270.8724 	 1 
270.8724 	 0 
270.8724 	 2 
271.1394 	 1 
271.1510 	 0 
271.2671 	 1 
271.5574 	 2 
271.5690 	 1 
271.5690 	 0 
271.8476 	 0 
271.9753 	 2 
271.9869 	 1 
271.9869 	 0 
272.2540 	 2 
272.2540 	 1 
272.2656 	 0 
272.6951 	 0 
272.6951 	 1 
272.9622 	 1 
272.9738 	 0 
273.0899 	 2 
273.0899 	 1 
273.1015 	 0 
273.3685 	 2 
273.3685 	 1 
273.3801 	 0 
273.7865 	 0 
273.7865 	 1 
274.0651 	 1 
274.0767 	 0 
274.3438 	 1 
274.3438 	 0 
274.6224 	 1 
274.6340 	 0 
274.8430 	 1 
274.9010 	 1 
274.9010 	 0 
275.1797 	 1 
275.1913 	 0 
275.3190 	 2 
275.3190 	 1 
275.3306 	 0 
275.5976 	 2 
275.5976 	 1 
275.6093 	 0 
275.9459 	 1 
276.0156 	 0 
276.0156 	 1 
276.2942 	 1 
276.2942 	 0 
276.5845 	 0 
277.0373 	 1 
277.0373 	 2 
277.1185 	 1 
277.1185 	 2 
277.1185 	 0 
277.5481 	 0 
277.5481 	 1 
277.8151 	 1 
277.8268 	 0 
278.2331 	 1 
278.2331 	 2 
