0.1858 	 0 
0.1858 	 2 
0.1858 	 1 
0.2902 	 1 
0.2902 	 2 
0.4063 	 2 
0.4063 	 0 
0.4063 	 1 
0.5224 	 2 
0.5224 	 1 
0.6269 	 2 
0.6269 	 0 
0.6269 	 1 
0.8475 	 2 
0.8475 	 1 
0.8475 	 0 
0.9636 	 0 
0.9636 	 2 
0.9636 	 1 
1.0681 	 0 
1.0681 	 2 
1.0681 	 1 
1.1958 	 2 
1.1958 	 1 
1.3003 	 2 
1.3003 	 1 
1.5209 	 2 
1.5209 	 0 
1.5209 	 1 
1.6254 	 2 
1.6370 	 1 
1.7415 	 1 
1.7415 	 2 
1.8460 	 1 
1.8460 	 2 
1.9621 	 2 
1.9621 	 0 
1.9621 	 1 
2.1130 	 2 
2.2291 	 2 
2.5078 	 2 
2.5078 	 1 
2.7980 	 2 
3.1927 	 1 
3.2276 	 1 
3.4598 	 1 
3.7384 	 2 
3.7384 	 0 
3.7384 	 1 
3.8545 	 1 
3.9474 	 0 
3.9474 	 2 
3.9590 	 1 
4.0635 	 2 
4.0751 	 1 
4.1796 	 0 
4.1796 	 1 
4.1796 	 2 
4.4002 	 1 
4.4002 	 0 
4.4002 	 2 
4.5047 	 2 
4.6208 	 1 
4.6208 	 2 
4.6208 	 0 
4.8414 	 0 
4.8414 	 2 
4.8530 	 1 
4.9459 	 0 
4.9575 	 1 
4.9575 	 2 
5.0620 	 0 
5.0736 	 1 
5.0736 	 2 
5.2825 	 0 
5.2941 	 1 
5.2941 	 2 
5.5147 	 1 
5.5147 	 0 
5.5147 	 2 
5.7353 	 0 
5.7353 	 2 
5.7353 	 1 
5.8398 	 0 
5.8398 	 1 
5.8514 	 2 
5.9559 	 1 
5.9559 	 0 
5.9559 	 2 
6.1765 	 2 
6.1765 	 1 
6.1765 	 0 
6.3971 	 1 
6.3971 	 2 
6.3971 	 0 
6.6177 	 1 
6.6177 	 0 
6.6177 	 2 
6.7338 	 1 
6.7338 	 2 
6.7338 	 0 
6.8499 	 0 
6.8499 	 2 
6.8499 	 1 
7.0705 	 0 
7.0705 	 2 
7.0705 	 1 
7.2911 	 2 
7.2911 	 0 
7.2911 	 1 
7.4072 	 2 
7.4072 	 1 
7.5117 	 0 
7.5117 	 2 
7.5117 	 1 
7.6278 	 2 
7.6278 	 1 
7.7322 	 2 
7.7322 	 0 
7.7439 	 1 
7.9528 	 2 
7.9528 	 0 
7.9528 	 1 
8.1734 	 1 
8.1734 	 2 
8.1734 	 0 
8.3940 	 2 
8.3940 	 0 
8.4056 	 1 
8.5101 	 0 
8.5101 	 1 
8.5217 	 2 
8.6262 	 2 
8.6262 	 0 
8.6262 	 1 
8.7307 	 2 
8.7423 	 1 
8.8468 	 0 
8.8468 	 1 
8.8468 	 2 
8.9513 	 2 
9.0674 	 0 
9.0674 	 1 
9.0674 	 2 
9.1835 	 1 
9.1835 	 2 
9.2880 	 2 
9.2996 	 1 
9.4041 	 1 
9.4041 	 2 
9.5086 	 2 
9.5086 	 0 
9.5202 	 1 
9.7292 	 0 
9.7408 	 1 
9.7408 	 2 
9.8453 	 0 
9.8569 	 1 
9.8569 	 2 
9.9614 	 1 
9.9614 	 0 
9.9614 	 2 
10.0775 	 1 
10.0775 	 0 
10.0891 	 2 
10.1820 	 1 
10.1820 	 0 
10.1936 	 2 
10.4025 	 2 
10.4025 	 1 
10.4025 	 0 
10.5186 	 1 
10.5186 	 0 
10.5302 	 2 
10.6231 	 1 
10.6231 	 2 
10.6231 	 0 
10.7392 	 1 
10.7392 	 2 
10.8437 	 2 
10.8437 	 0 
10.8437 	 1 
11.0527 	 2 
11.0643 	 0 
11.0643 	 1 
11.1688 	 1 
11.1688 	 2 
11.2849 	 2 
11.2965 	 0 
11.2965 	 1 
11.5055 	 1 
11.5171 	 2 
11.5171 	 0 
11.7377 	 2 
11.7377 	 0 
11.7377 	 1 
11.9583 	 1 
11.9583 	 2 
11.9583 	 0 
12.0628 	 1 
12.0744 	 2 
12.1789 	 1 
12.1789 	 0 
12.1789 	 2 
12.3995 	 1 
12.3995 	 0 
12.3995 	 2 
12.6200 	 0 
12.6200 	 2 
12.6200 	 1 
12.8406 	 2 
12.8406 	 1 
12.8406 	 0 
12.9567 	 2 
12.9567 	 1 
13.0728 	 0 
13.0728 	 1 
13.0728 	 2 
13.2818 	 1 
13.2818 	 0 
13.2934 	 2 
13.3979 	 1 
13.5140 	 2 
13.5140 	 0 
13.5140 	 1 
13.7230 	 2 
13.7346 	 0 
13.7346 	 1 
13.8391 	 2 
13.8391 	 1 
13.9552 	 2 
13.9552 	 1 
13.9552 	 0 
14.1758 	 2 
14.1758 	 1 
14.1874 	 0 
14.3964 	 0 
14.3964 	 1 
14.3964 	 2 
14.6170 	 2 
14.6170 	 0 
14.6170 	 1 
14.7331 	 2 
14.7447 	 1 
14.8492 	 1 
14.8492 	 2 
14.8492 	 0 
15.0698 	 2 
15.0698 	 0 
15.0698 	 1 
15.2903 	 1 
15.2903 	 0 
15.2903 	 2 
15.5109 	 1 
15.5109 	 2 
15.5109 	 0 
15.6154 	 1 
15.6154 	 2 
15.7315 	 0 
15.7315 	 1 
15.7315 	 2 
15.9521 	 2 
15.9521 	 0 
15.9521 	 1 
16.0566 	 2 
16.0566 	 1 
16.1727 	 0 
16.1727 	 1 
16.1727 	 2 
16.3933 	 1 
16.3933 	 2 
16.3933 	 0 
16.5094 	 2 
16.5094 	 1 
16.6255 	 0 
16.6255 	 1 
16.6255 	 2 
16.8461 	 1 
16.8461 	 2 
16.8461 	 0 
17.0667 	 1 
17.0667 	 2 
17.0667 	 0 
17.2756 	 2 
17.2873 	 1 
17.2873 	 0 
17.3917 	 2 
17.3917 	 1 
17.5078 	 0 
17.5078 	 2 
17.5195 	 1 
17.7284 	 1 
17.7284 	 0 
17.7400 	 2 
17.8329 	 1 
17.9490 	 1 
17.9606 	 2 
17.9606 	 0 
18.1696 	 1 
18.1696 	 2 
18.1812 	 0 
18.2741 	 2 
18.4018 	 2 
18.4018 	 1 
18.4018 	 0 
18.6108 	 1 
18.6224 	 0 
18.6224 	 2 
18.8430 	 1 
18.8430 	 0 
18.8430 	 2 
19.0636 	 2 
19.0636 	 0 
19.0636 	 1 
19.1797 	 2 
19.1797 	 1 
19.2842 	 0 
19.2958 	 2 
19.2958 	 1 
19.5048 	 0 
19.5048 	 2 
19.5048 	 1 
19.7254 	 0 
19.7254 	 2 
19.7370 	 1 
19.9576 	 0 
19.9576 	 1 
19.9576 	 2 
20.0620 	 2 
20.0737 	 1 
20.1781 	 1 
20.1781 	 0 
20.1781 	 2 
20.3987 	 0 
20.3987 	 1 
20.3987 	 2 
20.6193 	 0 
20.6193 	 2 
20.6193 	 1 
20.8399 	 0 
20.8399 	 1 
20.8399 	 2 
20.9560 	 2 
21.0721 	 1 
21.0721 	 2 
21.0721 	 0 
21.2811 	 2 
21.2811 	 0 
21.2927 	 1 
21.5133 	 1 
21.5133 	 2 
21.5133 	 0 
21.6294 	 1 
21.6294 	 2 
21.7339 	 1 
21.7339 	 2 
21.7455 	 0 
21.8500 	 2 
21.8500 	 1 
21.9545 	 2 
21.9545 	 0 
21.9661 	 1 
22.1751 	 0 
22.1751 	 1 
22.1867 	 2 
22.2912 	 0 
22.2912 	 1 
22.3028 	 2 
22.4073 	 1 
22.4073 	 2 
22.4073 	 0 
22.5234 	 1 
22.5234 	 0 
22.5234 	 2 
22.6278 	 1 
22.6278 	 0 
22.6395 	 2 
22.8484 	 2 
22.8484 	 0 
22.8484 	 1 
22.9529 	 0 
22.9645 	 1 
23.0690 	 0 
23.0690 	 2 
23.0806 	 1 
23.1851 	 2 
23.1967 	 1 
23.1967 	 0 
23.2896 	 1 
23.2896 	 0 
23.2896 	 2 
23.5102 	 2 
23.5102 	 1 
23.5102 	 0 
23.6263 	 2 
23.7308 	 0 
23.7308 	 2 
23.7424 	 1 
23.9514 	 2 
23.9514 	 0 
23.9514 	 1 
24.1720 	 0 
24.1836 	 1 
24.1836 	 2 
24.3926 	 2 
24.3926 	 0 
24.4042 	 1 
24.5087 	 1 
24.6248 	 2 
24.6248 	 1 
24.6248 	 0 
24.8454 	 0 
24.8454 	 1 
24.8454 	 2 
25.0659 	 2 
25.0659 	 0 
25.0659 	 1 
25.2865 	 2 
25.2865 	 1 
25.2865 	 0 
25.4026 	 2 
25.4026 	 1 
25.5071 	 0 
25.5187 	 2 
25.5187 	 1 
25.7393 	 1 
25.7393 	 2 
25.7393 	 0 
25.9599 	 1 
25.9599 	 0 
25.9599 	 2 
26.1805 	 0 
26.1805 	 1 
26.1805 	 2 
26.2850 	 1 
26.2850 	 2 
26.4011 	 0 
26.4011 	 1 
26.4011 	 2 
26.6217 	 1 
26.6217 	 0 
26.6217 	 2 
26.8423 	 0 
26.8423 	 2 
26.8423 	 1 
27.0629 	 1 
27.0629 	 0 
27.0629 	 2 
27.1790 	 1 
27.1790 	 2 
27.2951 	 0 
27.2951 	 2 
27.2951 	 1 
27.5040 	 1 
27.5156 	 0 
27.5156 	 2 
27.7246 	 1 
27.7246 	 0 
27.7362 	 2 
27.9452 	 0 
27.9452 	 2 
27.9452 	 1 
28.0613 	 1 
28.0613 	 2 
28.1774 	 0 
28.1774 	 2 
28.1890 	 1 
28.3864 	 0 
28.3864 	 1 
28.3980 	 2 
28.6186 	 0 
28.6186 	 1 
28.6186 	 2 
28.8392 	 0 
28.8392 	 2 
28.8508 	 1 
28.9553 	 2 
29.0598 	 1 
29.0598 	 0 
29.0598 	 2 
29.2804 	 1 
29.2804 	 0 
29.2804 	 2 
29.5010 	 1 
29.5126 	 2 
29.5126 	 0 
29.7332 	 2 
29.7332 	 0 
29.7332 	 1 
29.9537 	 0 
29.9537 	 2 
29.9654 	 1 
30.1743 	 0 
30.1859 	 2 
30.1859 	 1 
30.3949 	 2 
30.3949 	 1 
30.3949 	 0 
30.6155 	 1 
30.6155 	 0 
30.6155 	 2 
30.7316 	 2 
30.8477 	 0 
30.8477 	 2 
30.8477 	 1 
31.0683 	 2 
31.0683 	 1 
31.0683 	 0 
31.2889 	 1 
31.2889 	 0 
31.2889 	 2 
31.5095 	 1 
31.5095 	 0 
31.5095 	 2 
31.6256 	 2 
31.7301 	 1 
31.7301 	 2 
31.7301 	 0 
31.9507 	 0 
31.9507 	 1 
31.9507 	 2 
32.0668 	 2 
32.1829 	 1 
32.1829 	 0 
32.1829 	 2 
32.4034 	 0 
32.4034 	 2 
32.4034 	 1 
32.5079 	 1 
32.5195 	 2 
32.6240 	 2 
32.6240 	 0 
32.6240 	 1 
32.7750 	 1 
32.8330 	 2 
32.8330 	 1 
32.8446 	 0 
32.8678 	 2 
33.0652 	 0 
33.0652 	 1 
33.0652 	 2 
33.2858 	 0 
33.2858 	 1 
33.2858 	 2 
33.4019 	 1 
33.4019 	 2 
33.5180 	 1 
33.5180 	 2 
33.5180 	 0 
33.7270 	 0 
33.7386 	 2 
33.7386 	 1 
33.9476 	 2 
33.9592 	 0 
33.9592 	 1 
34.1682 	 0 
34.1682 	 2 
34.1798 	 1 
34.2959 	 2 
34.4004 	 0 
34.4004 	 1 
34.4004 	 2 
34.6210 	 1 
34.6210 	 0 
34.6210 	 2 
34.8415 	 2 
34.8415 	 0 
34.8532 	 1 
35.0505 	 1 
35.0505 	 0 
35.0621 	 2 
35.1782 	 2 
35.2943 	 1 
35.2943 	 0 
35.2943 	 2 
35.5033 	 0 
35.5149 	 1 
35.5149 	 2 
35.7239 	 0 
35.7239 	 2 
35.7239 	 1 
35.9445 	 2 
35.9561 	 1 
35.9561 	 0 
36.0606 	 2 
36.1767 	 2 
36.1767 	 0 
36.1883 	 1 
36.3044 	 1 
36.3973 	 0 
36.3973 	 1 
36.4089 	 2 
36.6179 	 2 
36.6295 	 0 
36.6295 	 1 
36.7456 	 2 
36.7456 	 1 
36.8501 	 2 
36.8617 	 1 
36.9546 	 2 
37.0707 	 1 
37.0707 	 2 
37.0707 	 0 
37.1868 	 2 
37.1868 	 1 
37.2796 	 2 
37.2912 	 1 
37.2912 	 0 
37.5118 	 2 
37.5118 	 1 
37.5118 	 0 
37.7324 	 1 
37.7324 	 0 
37.7324 	 2 
37.9298 	 1 
37.9414 	 2 
37.9414 	 0 
38.1736 	 0 
38.1736 	 2 
38.1736 	 1 
38.2781 	 2 
38.3942 	 1 
38.3942 	 0 
38.3942 	 2 
38.6148 	 1 
38.6148 	 0 
38.6148 	 2 
38.7309 	 2 
38.8354 	 1 
38.8470 	 0 
38.8470 	 2 
39.0676 	 0 
39.0676 	 2 
39.0676 	 1 
39.2882 	 2 
39.2882 	 1 
39.2882 	 0 
39.5088 	 2 
39.5088 	 1 
39.5088 	 0 
39.7293 	 2 
39.7293 	 1 
39.7293 	 0 
39.9499 	 1 
39.9499 	 0 
39.9499 	 2 
40.1705 	 1 
40.1705 	 2 
40.1705 	 0 
40.4027 	 0 
40.4027 	 1 
40.4027 	 2 
40.5188 	 1 
40.5188 	 2 
40.6233 	 0 
40.6233 	 1 
40.6233 	 2 
40.8439 	 1 
40.8439 	 2 
40.8439 	 0 
41.0645 	 2 
41.0645 	 1 
41.0645 	 0 
41.2735 	 0 
41.2851 	 2 
41.2851 	 1 
41.4941 	 0 
41.4941 	 2 
41.4941 	 1 
41.7263 	 2 
41.7263 	 1 
41.7263 	 0 
41.8307 	 2 
41.9468 	 0 
41.9468 	 2 
41.9585 	 1 
42.1790 	 2 
42.1790 	 1 
42.1790 	 0 
42.2835 	 2 
42.3996 	 2 
42.3996 	 0 
42.3996 	 1 
42.6086 	 1 
42.6086 	 0 
42.6086 	 2 
42.8292 	 1 
42.8408 	 2 
42.8408 	 0 
43.0498 	 0 
43.0614 	 1 
43.0614 	 2 
43.1775 	 1 
43.1775 	 2 
43.2820 	 2 
43.2820 	 0 
43.2936 	 1 
43.5026 	 2 
43.5142 	 0 
43.5142 	 1 
43.7232 	 0 
43.7348 	 2 
43.7348 	 1 
43.9554 	 0 
43.9554 	 1 
43.9554 	 2 
44.1760 	 0 
44.1760 	 1 
44.1760 	 2 
44.3849 	 2 
44.4082 	 1 
44.4082 	 0 
44.5010 	 2 
44.6171 	 2 
44.6171 	 1 
44.6288 	 0 
44.7332 	 1 
44.8377 	 2 
44.8377 	 0 
44.8377 	 1 
44.9422 	 2 
44.9422 	 1 
45.0699 	 2 
45.0699 	 1 
45.0699 	 0 
45.2789 	 1 
45.2789 	 0 
45.2905 	 2 
45.5111 	 2 
45.5111 	 1 
45.5227 	 0 
45.7317 	 1 
45.7317 	 0 
45.7317 	 2 
45.8362 	 2 
45.9523 	 0 
45.9523 	 2 
45.9523 	 1 
46.1729 	 1 
46.1729 	 2 
46.1729 	 0 
46.3935 	 2 
46.3935 	 1 
46.4051 	 0 
46.4515 	 2 
46.4515 	 1 
46.6141 	 2 
46.6141 	 0 
46.6141 	 1 
46.7185 	 1 
46.7302 	 2 
46.8463 	 0 
46.8463 	 1 
46.8463 	 2 
47.0552 	 0 
47.0668 	 2 
47.0668 	 1 
47.2758 	 2 
47.2874 	 1 
47.2874 	 0 
47.5080 	 2 
47.5080 	 1 
47.5080 	 0 
47.6125 	 2 
47.6241 	 1 
47.7286 	 0 
47.7286 	 2 
47.7286 	 1 
47.9492 	 1 
47.9492 	 2 
47.9492 	 0 
48.1698 	 2 
48.1814 	 1 
48.1814 	 0 
48.3904 	 2 
48.3904 	 0 
48.4020 	 1 
48.4949 	 2 
48.6226 	 0 
48.6226 	 2 
48.6226 	 1 
48.8432 	 0 
48.8432 	 2 
48.8432 	 1 
49.0289 	 2 
49.0522 	 1 
49.0522 	 2 
49.0638 	 0 
49.2727 	 1 
49.2727 	 2 
49.2844 	 0 
49.3888 	 1 
49.5049 	 2 
49.5049 	 0 
49.5166 	 1 
49.6327 	 1 
49.7255 	 2 
49.7371 	 0 
49.7371 	 1 
49.9577 	 0 
49.9577 	 1 
49.9577 	 2 
50.0738 	 1 
50.0738 	 2 
50.1899 	 1 
50.1899 	 2 
50.3060 	 2 
50.3060 	 1 
50.3989 	 0 
50.3989 	 1 
50.3989 	 2 
50.6195 	 1 
50.6195 	 2 
50.6195 	 0 
50.7356 	 2 
50.7356 	 1 
50.8517 	 1 
50.8517 	 2 
50.8517 	 0 
50.9562 	 2 
50.9678 	 1 
51.0607 	 2 
51.0723 	 1 
51.0723 	 0 
51.2813 	 0 
51.2929 	 1 
51.2929 	 2 
51.4090 	 1 
51.4090 	 2 
51.5135 	 1 
51.5135 	 2 
51.5251 	 0 
51.6296 	 2 
51.6296 	 1 
51.7341 	 2 
51.7341 	 0 
51.7341 	 1 
51.9430 	 2 
51.9546 	 1 
52.0591 	 1 
52.0591 	 2 
52.1752 	 1 
52.1752 	 2 
52.1752 	 0 
52.3842 	 2 
52.3958 	 1 
52.3958 	 0 
52.6164 	 2 
52.6164 	 0 
52.6164 	 1 
52.8370 	 2 
52.8370 	 0 
52.8486 	 1 
53.0576 	 2 
53.0692 	 1 
53.0692 	 0 
53.2898 	 1 
53.2898 	 2 
53.2898 	 0 
53.4988 	 2 
53.4988 	 1 
53.5104 	 0 
53.7310 	 1 
53.7310 	 2 
53.7310 	 0 
53.8355 	 1 
53.8355 	 2 
53.9516 	 0 
53.9516 	 2 
53.9516 	 1 
54.1722 	 1 
54.1722 	 0 
54.1838 	 2 
54.2766 	 1 
54.3927 	 1 
54.3927 	 0 
54.3927 	 2 
54.6133 	 0 
54.6133 	 2 
54.6133 	 1 
54.7294 	 2 
54.7294 	 1 
54.8455 	 2 
54.8455 	 0 
54.8455 	 1 
55.0545 	 2 
55.0661 	 0 
55.0661 	 1 
55.2867 	 2 
55.2867 	 1 
55.2867 	 0 
55.4957 	 2 
55.5073 	 1 
55.5073 	 0 
55.6118 	 2 
55.7279 	 1 
55.7279 	 0 
55.7279 	 2 
55.9485 	 2 
55.9485 	 1 
55.9601 	 0 
56.1691 	 2 
56.1691 	 1 
56.1807 	 0 
56.3897 	 1 
56.3897 	 0 
56.3897 	 2 
56.5058 	 2 
56.6219 	 1 
56.6219 	 0 
56.6219 	 2 
56.8424 	 1 
56.8424 	 0 
56.8424 	 2 
57.0514 	 2 
57.0630 	 1 
57.0630 	 0 
57.2488 	 1 
57.2836 	 1 
57.2836 	 2 
57.2836 	 0 
57.3881 	 2 
57.5042 	 2 
57.5042 	 0 
57.5158 	 1 
57.7248 	 1 
57.7364 	 2 
57.7364 	 0 
57.9570 	 2 
57.9570 	 0 
57.9570 	 1 
58.0615 	 2 
58.1660 	 0 
58.1660 	 1 
58.1660 	 2 
58.2821 	 2 
58.3982 	 1 
58.3982 	 2 
58.3982 	 0 
58.6188 	 1 
58.6188 	 2 
58.6188 	 0 
58.8394 	 1 
58.8394 	 0 
58.8394 	 2 
59.0483 	 1 
59.0600 	 0 
59.0600 	 2 
59.2805 	 2 
59.2922 	 1 
59.2922 	 0 
59.4779 	 2 
59.5011 	 1 
59.7217 	 1 
59.7217 	 0 
59.7333 	 2 
59.9539 	 2 
59.9539 	 1 
59.9539 	 0 
60.0584 	 2 
60.0700 	 1 
60.1745 	 0 
60.1745 	 2 
60.1745 	 1 
60.3951 	 0 
60.3951 	 2 
60.3951 	 1 
60.6041 	 2 
60.6157 	 1 
60.6157 	 0 
60.8363 	 2 
60.8363 	 1 
60.8363 	 0 
60.9408 	 2 
61.0685 	 0 
61.0685 	 1 
61.0685 	 2 
61.2775 	 1 
61.2775 	 2 
61.2775 	 0 
61.5097 	 2 
61.5097 	 0 
61.5097 	 1 
61.7186 	 1 
61.7302 	 2 
61.9276 	 2 
61.9392 	 1 
61.9392 	 0 
62.1714 	 1 
62.1714 	 2 
62.1714 	 0 
62.3920 	 1 
62.3920 	 0 
62.3920 	 2 
62.6126 	 2 
62.6126 	 0 
62.6126 	 1 
62.7171 	 2 
62.8448 	 0 
62.8448 	 1 
62.8448 	 2 
63.0654 	 1 
63.0654 	 0 
63.0654 	 2 
63.2860 	 1 
63.2860 	 0 
63.2860 	 2 
63.5066 	 0 
63.5066 	 2 
63.5066 	 1 
63.6227 	 2 
63.6227 	 1 
63.7272 	 0 
63.7272 	 2 
63.7388 	 1 
63.9478 	 2 
63.9478 	 1 
63.9478 	 0 
64.1683 	 2 
64.1683 	 1 
64.1800 	 0 
64.3889 	 2 
64.4005 	 0 
64.4005 	 1 
64.5050 	 2 
64.6211 	 0 
64.6211 	 1 
64.6211 	 2 
64.8301 	 0 
64.8301 	 2 
64.8301 	 1 
65.0623 	 2 
65.0623 	 0 
65.0623 	 1 
65.2713 	 2 
65.2829 	 0 
65.2829 	 1 
65.3874 	 2 
65.3990 	 1 
65.5035 	 2 
65.5151 	 1 
65.5151 	 0 
65.7241 	 2 
65.7241 	 0 
65.7357 	 1 
65.9447 	 1 
65.9447 	 2 
65.9447 	 0 
66.1653 	 1 
66.1769 	 0 
66.1769 	 2 
66.2814 	 2 
66.2814 	 1 
66.3975 	 2 
66.3975 	 1 
66.4091 	 0 
66.6064 	 2 
66.6180 	 1 
66.8270 	 2 
66.8386 	 0 
66.8386 	 1 
67.0476 	 2 
67.0592 	 0 
67.0708 	 1 
67.2798 	 1 
67.2798 	 0 
67.2798 	 2 
67.5004 	 2 
67.5120 	 0 
67.5120 	 1 
67.7210 	 1 
67.7326 	 0 
67.7326 	 2 
67.9532 	 1 
67.9532 	 0 
67.9532 	 2 
68.0577 	 1 
68.0577 	 2 
68.1738 	 2 
68.1738 	 1 
68.1738 	 0 
68.3944 	 1 
68.3944 	 0 
68.3944 	 2 
68.6150 	 0 
68.6150 	 2 
68.6150 	 1 
68.8356 	 2 
68.8356 	 1 
68.8356 	 0 
68.9400 	 2 
68.9517 	 1 
69.0561 	 2 
69.0561 	 1 
69.0678 	 0 
69.2767 	 0 
69.2767 	 2 
69.2883 	 1 
69.3928 	 1 
69.5089 	 1 
69.5089 	 2 
69.5089 	 0 
69.7179 	 1 
69.7179 	 2 
69.7295 	 0 
69.8224 	 2 
69.9501 	 1 
69.9501 	 2 
69.9617 	 0 
70.1707 	 1 
70.1707 	 2 
70.1823 	 0 
70.3913 	 2 
70.4029 	 1 
70.4029 	 0 
70.6003 	 1 
70.6119 	 0 
70.6119 	 2 
70.7280 	 2 
70.8441 	 1 
70.8441 	 0 
70.8441 	 2 
71.0647 	 0 
71.0647 	 1 
71.0647 	 2 
71.2853 	 1 
71.2853 	 0 
71.2853 	 2 
71.5059 	 1 
71.5059 	 0 
71.5059 	 2 
71.6103 	 2 
71.7264 	 0 
71.7264 	 2 
71.7380 	 1 
71.9470 	 0 
71.9470 	 2 
71.9470 	 1 
72.1676 	 2 
72.1792 	 1 
72.1792 	 0 
72.3882 	 1 
72.3882 	 2 
72.5043 	 2 
72.5624 	 1 
72.6204 	 2 
72.6204 	 1 
72.6204 	 0 
72.8410 	 2 
72.8410 	 1 
73.0616 	 0 
73.0616 	 2 
73.0616 	 1 
73.2822 	 1 
73.2822 	 2 
73.2938 	 0 
73.3867 	 2 
73.3983 	 1 
73.5028 	 2 
73.5144 	 0 
73.5144 	 1 
73.7117 	 2 
73.7234 	 1 
73.9556 	 2 
73.9556 	 0 
73.9556 	 1 
74.1761 	 2 
74.1761 	 0 
74.1761 	 1 
74.2690 	 2 
74.2806 	 1 
74.3851 	 0 
74.3851 	 2 
74.3967 	 1 
74.6057 	 0 
74.6173 	 1 
74.6173 	 2 
74.8379 	 1 
74.8379 	 2 
74.8379 	 0 
74.9656 	 1 
75.0121 	 2 
75.0121 	 1 
75.0469 	 0 
75.0585 	 2 
75.0585 	 1 
75.1746 	 2 
75.2907 	 1 
75.2907 	 0 
75.2907 	 2 
75.4881 	 1 
75.4997 	 0 
75.4997 	 2 
75.7319 	 2 
75.7319 	 1 
75.7319 	 0 
75.9525 	 2 
75.9525 	 0 
75.9641 	 1 
76.0686 	 2 
76.0686 	 1 
76.1731 	 2 
76.1847 	 1 
76.1847 	 0 
76.2892 	 2 
76.3008 	 1 
76.4053 	 0 
76.4053 	 2 
76.4053 	 1 
76.5214 	 1 
76.5214 	 2 
76.6142 	 1 
76.6259 	 0 
76.6259 	 2 
76.8348 	 1 
77.0554 	 1 
77.0670 	 2 
77.2760 	 1 
77.5082 	 2 
77.5082 	 0 
77.5082 	 1 
77.7288 	 1 
77.9494 	 1 
77.9610 	 0 
78.0074 	 2 
78.1468 	 2 
78.1584 	 0 
78.1700 	 1 
78.4022 	 0 
78.4022 	 1 
78.4022 	 2 
78.6112 	 1 
78.6112 	 2 
78.8317 	 1 
78.8434 	 0 
78.8434 	 2 
79.0756 	 1 
79.2845 	 1 
79.2961 	 2 
79.7257 	 1 
79.7257 	 2 
79.8418 	 1 
79.8418 	 2 
79.8534 	 0 
80.1669 	 2 
80.1785 	 1 
80.1785 	 0 
80.3991 	 1 
80.6197 	 2 
80.6197 	 1 
80.8403 	 1 
80.8403 	 2 
80.8403 	 0 
81.0609 	 1 
81.0609 	 2 
81.0725 	 0 
81.2698 	 1 
81.5020 	 1 
81.5020 	 2 
81.5137 	 0 
81.7459 	 2 
81.8155 	 1 
81.8736 	 2 
81.9432 	 1 
82.0013 	 2 
82.1638 	 1 
82.3960 	 1 
82.3960 	 2 
82.3960 	 0 
82.5121 	 1 
82.5121 	 2 
82.8256 	 1 
82.8372 	 2 
82.8372 	 0 
83.1739 	 1 
83.2784 	 1 
83.2784 	 0 
83.2784 	 2 
83.4990 	 1 
83.5106 	 0 
83.5106 	 2 
83.6151 	 1 
83.7312 	 1 
83.7312 	 2 
83.7428 	 0 
83.8473 	 1 
83.9517 	 0 
83.9517 	 1 
83.9517 	 2 
84.0562 	 2 
84.0562 	 1 
84.1723 	 2 
84.1723 	 0 
84.1723 	 1 
84.3929 	 2 
84.3929 	 0 
84.3929 	 1 
84.6135 	 0 
84.6135 	 2 
84.6135 	 1 
84.8341 	 2 
84.8341 	 0 
84.8341 	 1 
84.9502 	 1 
84.9502 	 2 
84.9502 	 0 
85.0663 	 1 
85.0663 	 2 
85.0663 	 0 
85.2869 	 2 
85.2869 	 1 
85.2869 	 0 
85.5075 	 2 
85.5075 	 0 
85.5075 	 1 
85.7281 	 1 
85.7281 	 2 
85.7281 	 0 
85.8442 	 2 
85.8442 	 1 
85.9487 	 2 
85.9487 	 0 
85.9603 	 1 
86.1693 	 0 
86.1693 	 2 
86.1693 	 1 
86.3898 	 0 
86.4015 	 2 
86.4015 	 1 
86.6104 	 0 
86.6220 	 2 
86.6220 	 1 
86.7265 	 1 
86.7265 	 2 
86.8426 	 0 
86.8426 	 2 
86.8426 	 1 
87.0632 	 0 
87.0632 	 2 
87.0632 	 1 
87.2838 	 2 
87.2838 	 1 
87.2838 	 0 
87.3999 	 2 
87.3999 	 1 
87.5044 	 2 
87.5044 	 1 
87.5044 	 0 
87.6205 	 2 
87.6205 	 1 
87.7366 	 1 
87.7366 	 0 
87.7366 	 2 
87.9456 	 0 
87.9456 	 1 
87.9456 	 2 
88.1778 	 2 
88.1778 	 1 
88.1778 	 0 
88.3868 	 0 
88.3984 	 2 
88.3984 	 1 
88.5029 	 1 
88.5029 	 0 
88.5145 	 2 
88.6190 	 0 
88.6190 	 2 
88.6190 	 1 
88.7351 	 1 
88.7351 	 2 
88.8395 	 2 
88.8395 	 0 
88.8512 	 1 
88.9556 	 2 
89.0601 	 2 
89.0601 	 0 
89.0717 	 1 
89.1762 	 1 
89.1762 	 2 
89.1762 	 0 
89.2923 	 1 
89.2923 	 2 
89.2923 	 0 
89.3968 	 1 
89.4084 	 2 
89.5129 	 1 
89.5129 	 0 
89.5129 	 2 
89.7335 	 0 
89.7335 	 1 
89.7335 	 2 
89.8380 	 2 
89.8496 	 1 
89.9541 	 2 
89.9541 	 1 
89.9541 	 0 
90.0702 	 1 
90.0702 	 0 
90.0702 	 2 
90.1747 	 0 
90.1747 	 1 
90.1863 	 2 
90.3953 	 2 
90.3953 	 1 
90.3953 	 0 
90.5114 	 1 
90.5230 	 2 
90.6159 	 2 
90.6275 	 0 
90.6275 	 1 
90.7320 	 2 
90.7320 	 1 
90.8365 	 2 
90.8481 	 1 
90.8713 	 0 
91.0571 	 1 
91.0571 	 2 
91.1732 	 2 
91.2893 	 1 
91.2893 	 0 
91.2893 	 2 
91.5098 	 0 
91.5098 	 2 
91.5098 	 1 
91.7304 	 2 
91.7304 	 0 
91.7304 	 1 
91.9510 	 1 
91.9510 	 2 
91.9510 	 0 
92.0671 	 2 
92.1716 	 2 
92.1716 	 0 
92.1832 	 1 
92.3922 	 0 
92.3922 	 2 
92.4038 	 1 
92.6244 	 2 
92.6244 	 1 
92.6244 	 0 
92.8450 	 0 
92.8450 	 2 
92.8450 	 1 
92.8914 	 2 
92.9495 	 1 
92.9495 	 2 
93.0656 	 2 
93.0656 	 0 
93.0656 	 1 
93.2862 	 2 
93.2862 	 1 
93.2862 	 0 
93.5068 	 2 
93.5068 	 1 
93.5068 	 0 
93.6112 	 1 
93.7157 	 0 
93.7273 	 1 
93.7273 	 2 
93.8434 	 2 
93.9479 	 0 
93.9595 	 1 
93.9595 	 2 
94.1685 	 0 
94.1685 	 2 
94.1801 	 1 
94.4007 	 1 
94.4007 	 0 
94.4007 	 2 
94.6097 	 0 
94.6213 	 1 
94.6213 	 2 
94.7258 	 1 
94.7258 	 0 
94.7258 	 2 
94.8419 	 1 
94.8419 	 0 
94.8419 	 2 
95.0625 	 1 
95.0625 	 0 
95.0625 	 2 
95.2831 	 2 
95.2831 	 1 
95.2831 	 0 
95.5037 	 0 
95.5037 	 2 
95.5037 	 1 
95.7127 	 1 
95.7243 	 0 
95.7243 	 2 
95.9449 	 1 
95.9449 	 0 
95.9565 	 2 
96.1654 	 2 
96.1654 	 1 
96.1771 	 0 
96.3976 	 2 
96.3976 	 1 
96.3976 	 0 
96.5021 	 2 
96.5021 	 1 
96.5021 	 0 
96.6182 	 1 
96.6182 	 0 
96.6182 	 2 
96.8388 	 1 
96.8388 	 0 
96.8388 	 2 
97.0594 	 1 
97.0594 	 0 
97.0594 	 2 
97.2800 	 2 
97.2800 	 0 
97.2800 	 1 
97.3961 	 1 
97.5122 	 1 
97.5122 	 0 
97.5122 	 2 
97.7328 	 0 
97.7328 	 2 
97.7328 	 1 
97.9534 	 1 
97.9534 	 2 
97.9534 	 0 
98.1624 	 0 
98.1740 	 1 
98.1740 	 2 
98.2901 	 2 
98.3946 	 0 
98.3946 	 2 
98.3946 	 1 
98.6151 	 2 
98.6151 	 0 
98.6151 	 1 
98.8357 	 0 
98.8357 	 2 
98.8357 	 1 
99.0563 	 0 
99.0679 	 1 
99.0679 	 2 
99.1608 	 2 
99.2769 	 0 
99.2885 	 1 
99.2885 	 2 
99.5091 	 1 
99.5091 	 0 
99.5091 	 2 
99.7297 	 2 
99.7297 	 0 
99.7297 	 1 
99.9503 	 0 
99.9503 	 2 
99.9503 	 1 
100.0548 	 2 
100.1709 	 0 
100.1709 	 2 
100.1825 	 1 
100.3102 	 1 
100.3915 	 2 
100.3915 	 0 
100.6121 	 2 
100.6121 	 0 
100.6237 	 1 
100.8327 	 2 
100.8443 	 0 
100.8443 	 1 
100.9488 	 2 
101.0649 	 2 
101.0649 	 0 
101.0649 	 1 
101.1810 	 1 
101.2738 	 1 
101.2738 	 2 
101.2738 	 0 
101.5060 	 1 
101.5060 	 2 
101.5060 	 0 
101.7266 	 0 
101.7266 	 1 
101.7266 	 2 
101.8427 	 2 
101.9588 	 0 
101.9588 	 2 
101.9588 	 1 
102.1678 	 0 
102.1678 	 1 
102.1794 	 2 
102.3884 	 2 
102.3884 	 1 
102.3884 	 0 
102.6090 	 0 
102.6206 	 2 
102.6206 	 1 
102.8412 	 1 
102.8412 	 0 
102.8412 	 2 
103.0618 	 2 
103.0618 	 1 
103.0618 	 0 
103.2707 	 1 
103.2824 	 2 
103.2824 	 0 
103.4913 	 2 
103.5029 	 1 
103.5029 	 0 
103.6074 	 1 
103.6074 	 2 
103.7235 	 2 
103.7351 	 1 
103.7351 	 0 
103.9325 	 2 
103.9441 	 1 
103.9441 	 0 
104.1763 	 1 
104.1763 	 2 
104.1763 	 0 
104.2924 	 1 
104.3853 	 1 
104.4085 	 2 
104.5014 	 2 
104.5014 	 1 
104.6175 	 2 
104.6175 	 0 
104.6175 	 1 
104.7336 	 1 
104.7336 	 2 
104.8497 	 0 
104.8497 	 1 
104.8497 	 2 
105.0587 	 1 
105.0587 	 2 
105.0703 	 0 
105.2793 	 1 
105.2793 	 2 
105.2793 	 0 
105.3838 	 2 
105.3954 	 1 
105.4999 	 0 
105.5115 	 2 
105.5115 	 1 
105.7321 	 0 
105.7321 	 2 
105.7321 	 1 
105.9410 	 2 
105.9527 	 0 
105.9527 	 1 
106.1732 	 2 
106.1732 	 1 
106.1732 	 0 
106.2893 	 2 
106.3938 	 0 
106.3938 	 2 
106.3938 	 1 
106.6144 	 2 
106.6144 	 1 
106.6144 	 0 
106.8350 	 1 
106.8350 	 0 
106.8350 	 2 
107.0556 	 1 
107.0556 	 2 
107.0556 	 0 
107.2878 	 2 
107.2878 	 1 
107.2878 	 0 
107.5084 	 2 
107.5084 	 1 
107.5084 	 0 
107.7290 	 2 
107.7290 	 1 
107.7290 	 0 
107.9380 	 0 
107.9496 	 2 
107.9496 	 1 
108.0657 	 2 
108.1702 	 0 
108.1702 	 2 
108.1702 	 1 
108.3907 	 0 
108.3907 	 2 
108.3907 	 1 
108.6229 	 2 
108.6229 	 1 
108.6229 	 0 
108.8319 	 1 
108.8319 	 0 
108.8319 	 2 
108.9480 	 2 
109.0525 	 2 
109.0525 	 0 
109.0641 	 1 
109.2847 	 2 
109.2847 	 1 
109.2847 	 0 
109.3892 	 2 
109.5053 	 2 
109.5053 	 1 
109.5053 	 0 
109.7259 	 0 
109.7259 	 2 
109.7259 	 1 
109.8420 	 2 
109.8420 	 1 
109.9465 	 1 
109.9465 	 2 
109.9465 	 0 
110.1671 	 0 
110.1671 	 1 
110.1671 	 2 
110.3877 	 0 
110.3877 	 1 
110.3993 	 2 
110.6083 	 0 
110.6199 	 1 
110.6199 	 2 
110.7360 	 2 
110.8405 	 0 
110.8405 	 1 
110.8405 	 2 
111.0610 	 0 
111.0610 	 2 
111.0610 	 1 
111.2816 	 1 
111.2816 	 0 
111.2816 	 2 
111.5022 	 1 
111.5022 	 2 
111.5022 	 0 
111.7228 	 0 
111.7344 	 1 
111.7344 	 2 
111.8505 	 1 
111.8505 	 2 
111.9434 	 2 
111.9434 	 0 
111.9550 	 1 
112.0479 	 2 
112.1640 	 2 
112.1640 	 0 
112.1756 	 1 
112.2801 	 1 
112.3846 	 2 
112.3846 	 1 
112.3846 	 0 
112.5007 	 2 
112.5007 	 1 
112.6168 	 1 
112.6168 	 0 
112.6168 	 2 
112.8374 	 1 
112.8374 	 2 
112.8374 	 0 
113.0580 	 2 
113.0580 	 1 
113.0696 	 0 
113.1741 	 2 
113.2785 	 2 
113.2785 	 1 
113.2785 	 0 
113.3946 	 2 
113.3946 	 1 
113.5107 	 2 
113.5107 	 0 
113.5107 	 1 
113.7197 	 1 
113.7197 	 0 
113.7197 	 2 
113.9519 	 1 
113.9519 	 2 
113.9519 	 0 
114.1725 	 2 
114.1725 	 1 
114.1725 	 0 
114.2770 	 2 
114.3931 	 1 
114.3931 	 0 
114.3931 	 2 
114.6137 	 2 
114.6137 	 1 
114.6137 	 0 
114.8343 	 2 
114.8343 	 0 
114.8343 	 1 
114.9504 	 2 
115.0549 	 1 
115.0549 	 0 
115.0665 	 2 
115.1826 	 1 
115.1826 	 2 
115.2871 	 2 
115.2871 	 0 
115.2871 	 1 
115.4961 	 1 
115.4961 	 2 
115.5077 	 0 
115.7283 	 1 
115.7283 	 0 
115.7283 	 2 
115.8327 	 1 
115.9488 	 1 
115.9488 	 2 
116.0649 	 2 
116.1694 	 0 
116.1694 	 2 
116.1694 	 1 
116.3784 	 0 
116.3900 	 2 
116.3900 	 1 
116.5990 	 2 
116.5990 	 1 
116.6106 	 0 
116.8312 	 1 
116.8312 	 0 
116.8312 	 2 
116.9473 	 1 
117.0634 	 2 
117.0634 	 1 
117.0634 	 0 
117.1795 	 1 
117.2840 	 2 
117.2840 	 0 
117.2956 	 1 
117.5046 	 2 
117.5162 	 0 
117.5162 	 1 
117.6323 	 1 
117.6323 	 2 
117.7368 	 1 
117.7368 	 0 
117.7368 	 2 
117.8413 	 1 
117.8413 	 0 
117.8529 	 2 
117.9458 	 1 
117.9574 	 2 
117.9574 	 0 
118.1780 	 1 
118.1780 	 2 
118.1780 	 0 
118.2824 	 0 
118.2941 	 2 
118.2941 	 1 
118.3985 	 1 
118.3985 	 2 
118.3985 	 0 
118.5146 	 2 
118.5263 	 1 
118.6191 	 2 
118.6191 	 1 
118.6191 	 0 
118.8397 	 2 
118.8397 	 1 
118.8397 	 0 
118.9558 	 1 
119.0719 	 2 
119.0835 	 1 
119.1764 	 2 
119.1880 	 1 
119.2809 	 2 
119.3041 	 1 
119.4202 	 1 
119.5015 	 1 
119.5015 	 2 
119.6176 	 1 
119.6176 	 2 
119.7337 	 0 
119.7337 	 2 
119.7337 	 1 
119.8846 	 1 
119.9427 	 1 
119.9543 	 2 
120.1284 	 1 
120.1749 	 1 
120.1749 	 2 
120.1749 	 0 
120.3955 	 2 
120.3955 	 1 
120.5000 	 2 
120.5116 	 1 
120.6161 	 0 
120.6161 	 1 
120.6161 	 2 
120.7554 	 1 
120.8250 	 2 
120.8366 	 1 
120.8599 	 2 
121.0572 	 1 
121.0572 	 0 
121.0572 	 2 
121.2778 	 2 
121.2778 	 0 
121.2778 	 1 
121.3823 	 1 
121.3939 	 2 
121.4984 	 2 
121.4984 	 0 
121.4984 	 1 
121.7190 	 1 
121.7306 	 2 
121.8351 	 1 
121.9396 	 1 
121.9512 	 0 
121.9512 	 2 
122.1718 	 1 
122.1718 	 0 
122.1718 	 2 
122.2763 	 2 
122.3924 	 1 
122.3924 	 2 
122.3924 	 0 
122.6130 	 2 
122.6130 	 1 
122.6246 	 0 
122.8336 	 0 
122.8336 	 2 
122.8336 	 1 
123.0541 	 2 
123.0541 	 0 
123.0541 	 1 
123.1586 	 2 
123.2747 	 1 
123.2863 	 0 
123.2863 	 2 
123.4953 	 0 
123.5069 	 1 
123.5069 	 2 
123.7275 	 2 
123.7275 	 1 
123.7275 	 0 
123.9365 	 1 
123.9481 	 0 
123.9597 	 2 
124.1687 	 2 
124.1687 	 1 
124.1687 	 0 
124.3893 	 1 
124.3893 	 0 
124.3893 	 2 
124.6099 	 2 
124.6099 	 0 
124.6215 	 1 
124.8305 	 2 
124.8305 	 1 
124.8421 	 0 
124.9350 	 2 
125.0627 	 0 
125.0627 	 1 
125.0627 	 2 
125.2833 	 1 
125.2833 	 2 
125.2833 	 0 
125.5039 	 2 
125.5039 	 1 
125.5039 	 0 
125.7244 	 2 
125.7244 	 0 
125.7244 	 1 
125.8289 	 2 
125.9450 	 0 
125.9450 	 2 
125.9566 	 1 
126.1656 	 0 
126.1656 	 2 
126.1656 	 1 
126.3630 	 1 
126.3746 	 2 
126.3978 	 0 
126.6068 	 1 
126.6068 	 2 
126.6068 	 0 
126.7229 	 1 
126.7229 	 2 
126.8390 	 0 
126.8390 	 1 
126.8390 	 2 
127.0480 	 0 
127.0480 	 1 
127.0480 	 2 
127.2802 	 0 
127.2802 	 2 
127.2802 	 1 
127.5124 	 1 
127.5124 	 2 
127.7214 	 1 
127.7330 	 0 
127.7330 	 2 
127.9420 	 0 
127.9536 	 2 
127.9536 	 1 
128.1625 	 2 
128.1625 	 0 
128.1741 	 1 
128.3831 	 2 
128.3947 	 1 
128.3947 	 0 
128.4876 	 2 
128.6153 	 2 
128.6269 	 0 
128.6269 	 1 
128.8359 	 0 
128.8359 	 1 
128.8359 	 2 
128.9404 	 1 
129.0565 	 1 
129.0565 	 2 
129.0565 	 0 
129.2771 	 0 
129.2771 	 1 
129.2771 	 2 
129.3932 	 2 
129.5093 	 2 
129.5093 	 0 
129.5093 	 1 
129.7299 	 2 
129.7299 	 1 
129.7299 	 0 
129.9505 	 0 
129.9505 	 1 
129.9505 	 2 
130.1595 	 1 
130.1711 	 0 
130.1711 	 2 
130.3917 	 1 
130.3917 	 2 
130.3917 	 0 
130.6006 	 1 
130.6122 	 0 
130.6122 	 2 
130.8328 	 1 
130.8328 	 2 
130.8328 	 0 
131.0534 	 0 
131.0534 	 2 
131.0534 	 1 
131.1695 	 1 
131.1695 	 2 
131.2856 	 1 
131.2856 	 2 
131.2856 	 0 
131.5062 	 1 
131.5062 	 2 
131.5062 	 0 
131.7268 	 1 
131.7268 	 2 
131.7268 	 0 
131.9474 	 0 
131.9474 	 2 
131.9474 	 1 
132.1680 	 2 
132.1680 	 0 
132.1680 	 1 
132.3886 	 0 
132.3886 	 2 
132.3886 	 1 
132.6092 	 2 
132.6092 	 0 
132.6092 	 1 
132.8298 	 2 
132.8414 	 1 
132.9459 	 2 
132.9459 	 1 
133.0620 	 1 
133.0620 	 2 
133.0620 	 0 
133.2825 	 0 
133.2825 	 1 
133.2825 	 2 
133.4915 	 2 
133.5031 	 0 
133.5031 	 1 
133.7237 	 0 
133.7237 	 2 
133.7237 	 1 
133.8398 	 2 
133.8398 	 1 
133.9443 	 2 
133.9559 	 1 
134.1649 	 1 
134.1765 	 2 
134.3739 	 0 
134.3971 	 2 
134.3971 	 1 
134.6061 	 2 
134.6177 	 1 
134.7222 	 2 
134.7222 	 1 
134.8383 	 2 
134.8383 	 1 
134.8383 	 0 
135.0589 	 2 
135.0589 	 1 
135.1169 	 1 
135.1169 	 2 
135.2795 	 0 
135.2795 	 1 
135.2795 	 2 
135.5000 	 0 
135.5000 	 1 
135.5000 	 2 
135.6045 	 2 
135.7322 	 0 
135.7322 	 1 
135.7322 	 2 
135.9528 	 2 
135.9528 	 0 
135.9528 	 1 
136.1734 	 1 
136.1734 	 2 
136.1734 	 0 
136.3824 	 2 
136.3940 	 0 
136.3940 	 1 
136.6146 	 2 
136.6146 	 0 
136.6146 	 1 
136.8352 	 1 
136.8352 	 2 
136.8352 	 0 
137.0558 	 0 
137.0558 	 1 
137.0558 	 2 
137.2764 	 0 
137.2764 	 1 
137.2764 	 2 
137.3809 	 2 
137.3809 	 1 
137.5086 	 0 
137.5086 	 2 
137.5086 	 1 
137.7292 	 0 
137.7292 	 2 
137.7292 	 1 
137.9498 	 1 
137.9498 	 2 
137.9498 	 0 
138.0659 	 1 
138.1703 	 0 
138.1703 	 2 
138.1703 	 1 
138.2864 	 2 
138.3909 	 2 
138.3909 	 1 
138.4025 	 0 
138.6115 	 1 
138.6115 	 2 
138.6115 	 0 
138.8321 	 2 
138.8321 	 0 
138.8437 	 1 
139.0527 	 2 
139.0527 	 0 
139.0643 	 1 
139.1688 	 1 
139.1688 	 2 
139.2849 	 2 
139.2849 	 0 
139.2849 	 1 
139.3313 	 2 
139.3313 	 1 
139.5055 	 0 
139.5055 	 2 
139.5055 	 1 
139.7261 	 0 
139.7261 	 1 
139.7261 	 2 
139.9351 	 2 
139.9467 	 1 
140.0512 	 2 
140.1673 	 2 
140.1789 	 0 
140.1789 	 1 
140.3878 	 2 
140.3878 	 1 
140.6084 	 1 
140.6084 	 2 
140.6200 	 0 
140.8290 	 1 
140.8290 	 2 
140.8406 	 0 
140.9451 	 2 
141.0612 	 2 
141.0612 	 0 
141.0612 	 1 
141.2702 	 1 
141.2702 	 2 
141.2818 	 0 
141.5024 	 2 
141.5024 	 1 
141.5024 	 0 
141.7230 	 2 
141.7462 	 1 
141.8275 	 2 
141.9436 	 0 
141.9436 	 2 
141.9436 	 1 
142.0597 	 1 
142.1642 	 1 
142.1642 	 0 
142.1758 	 2 
142.3848 	 2 
142.3848 	 0 
142.3848 	 1 
142.6054 	 1 
142.6054 	 2 
142.6170 	 0 
142.7098 	 2 
142.8376 	 0 
142.8376 	 1 
142.8376 	 2 
143.0581 	 1 
143.0581 	 2 
143.0698 	 0 
143.1742 	 1 
143.2787 	 2 
143.2903 	 0 
143.2903 	 1 
143.5109 	 1 
143.5109 	 2 
143.6270 	 1 
143.6270 	 2 
143.6270 	 0 
143.7315 	 2 
143.7315 	 0 
143.7431 	 1 
143.9521 	 2 
143.9521 	 0 
143.9637 	 1 
144.0682 	 2 
144.0798 	 1 
144.1727 	 1 
144.1843 	 2 
144.3933 	 1 
144.4397 	 2 
144.4397 	 1 
144.6139 	 1 
144.6139 	 2 
144.8345 	 2 
144.8345 	 1 
144.9390 	 1 
145.0551 	 1 
145.0667 	 0 
145.0667 	 2 
145.4846 	 1 
145.4962 	 2 
145.4962 	 0 
145.6123 	 1 
145.7168 	 2 
145.9490 	 0 
145.9490 	 1 
145.9490 	 2 
146.1812 	 2 
146.1928 	 1 
146.3902 	 1 
146.4018 	 2 
146.4018 	 0 
146.5992 	 1 
146.8314 	 1 
146.8430 	 2 
147.2726 	 2 
147.2726 	 1 
147.2726 	 0 
147.4003 	 1 
147.4003 	 0 
147.4003 	 2 
147.7254 	 1 
147.7370 	 0 
147.7370 	 2 
147.9343 	 1 
148.1665 	 0 
148.1665 	 1 
148.1665 	 2 
148.3871 	 1 
148.3871 	 2 
148.6193 	 2 
148.6193 	 1 
148.6193 	 0 
148.9560 	 1 
149.0605 	 0 
149.0605 	 1 
149.0721 	 2 
149.3856 	 1 
149.3972 	 2 
149.5017 	 0 
149.5249 	 1 
149.5365 	 2 
149.9429 	 1 
149.9545 	 0 
149.9545 	 2 
150.1518 	 1 
150.3840 	 1 
150.3840 	 0 
150.3956 	 2 
150.7091 	 1 
150.8252 	 2 
150.8368 	 1 
151.0574 	 2 
151.0690 	 1 
151.0690 	 0 
153.0543 	 0 
153.0659 	 2 
153.0659 	 1 
153.2749 	 2 
153.2749 	 0 
153.2865 	 1 
153.3910 	 1 
153.3910 	 2 
153.5071 	 0 
153.5071 	 1 
153.5071 	 2 
153.7277 	 1 
153.7277 	 2 
153.7277 	 0 
153.9367 	 2 
153.9483 	 1 
153.9483 	 0 
154.0528 	 2 
154.1689 	 2 
154.1689 	 1 
154.1689 	 0 
154.2734 	 1 
154.2850 	 0 
154.2850 	 2 
154.3895 	 2 
154.4011 	 1 
154.4011 	 0 
154.6101 	 0 
154.6101 	 2 
154.6101 	 1 
154.8307 	 1 
154.8307 	 0 
154.8307 	 2 
155.0512 	 2 
155.0512 	 1 
155.0629 	 0 
155.1673 	 1 
155.1673 	 2 
155.2718 	 2 
155.2834 	 1 
155.2834 	 0 
155.4924 	 2 
155.5040 	 1 
155.7246 	 0 
155.7246 	 1 
155.7246 	 2 
155.9336 	 1 
155.9452 	 2 
156.0497 	 2 
156.1658 	 0 
156.1658 	 2 
156.1774 	 1 
156.3864 	 0 
156.3864 	 2 
156.3980 	 1 
156.6186 	 1 
156.6186 	 2 
156.6186 	 0 
156.7231 	 1 
156.7347 	 2 
156.8276 	 2 
156.8276 	 0 
156.8276 	 1 
156.9437 	 2 
156.9437 	 1 
157.0598 	 2 
157.0598 	 1 
157.0598 	 0 
157.2804 	 2 
157.2804 	 1 
157.2920 	 0 
157.5010 	 0 
157.5010 	 2 
157.5010 	 1 
157.7099 	 0 
157.7215 	 2 
157.7215 	 1 
157.8376 	 2 
157.8376 	 1 
157.9537 	 1 
157.9537 	 2 
157.9537 	 0 
158.1627 	 2 
158.1743 	 1 
158.3833 	 2 
158.3833 	 1 
158.3949 	 0 
158.6155 	 1 
158.6155 	 0 
158.6155 	 2 
158.7200 	 1 
158.7200 	 2 
158.8361 	 0 
158.8361 	 2 
158.8361 	 1 
159.0451 	 1 
159.0567 	 0 
159.0567 	 2 
159.2773 	 2 
159.2773 	 1 
159.2889 	 0 
159.4979 	 2 
159.5095 	 1 
159.6140 	 2 
159.6140 	 1 
159.7185 	 2 
159.7301 	 1 
159.7301 	 0 
159.9274 	 2 
159.9390 	 1 
160.1712 	 0 
160.1712 	 2 
160.1712 	 1 
160.2757 	 1 
160.2873 	 2 
160.3918 	 1 
160.3918 	 0 
160.3918 	 2 
160.4963 	 2 
160.5079 	 1 
160.6124 	 0 
160.6124 	 1 
160.6124 	 2 
160.8330 	 0 
160.8330 	 1 
160.8330 	 2 
161.0536 	 2 
161.0536 	 0 
161.0536 	 1 
161.2742 	 2 
161.2742 	 1 
161.2742 	 0 
161.4948 	 2 
161.5064 	 1 
161.5064 	 0 
161.7154 	 2 
161.7270 	 0 
161.7270 	 1 
161.9360 	 2 
161.9476 	 0 
161.9476 	 1 
162.1682 	 1 
162.1682 	 2 
162.1682 	 0 
162.2843 	 2 
162.4004 	 0 
162.4004 	 2 
162.4004 	 1 
162.6093 	 1 
162.6093 	 0 
162.6093 	 2 
162.8299 	 1 
162.8299 	 2 
162.8299 	 0 
163.0505 	 1 
163.0505 	 2 
163.0505 	 0 
163.1666 	 2 
163.1666 	 1 
163.2827 	 0 
163.2827 	 1 
163.2827 	 2 
163.5033 	 2 
163.5033 	 0 
163.5033 	 1 
163.7239 	 0 
163.7239 	 2 
163.7239 	 1 
163.9445 	 1 
163.9445 	 0 
163.9445 	 2 
164.0490 	 1 
164.0490 	 2 
164.1651 	 0 
164.1651 	 2 
164.1767 	 1 
164.3857 	 1 
164.3857 	 2 
164.3973 	 0 
164.6063 	 1 
164.6063 	 2 
164.6063 	 0 
164.8268 	 1 
164.8268 	 2 
164.8268 	 0 
164.9429 	 2 
164.9429 	 1 
165.0590 	 1 
165.0590 	 0 
165.0590 	 2 
165.2796 	 1 
165.2796 	 2 
165.2796 	 0 
165.5002 	 1 
165.5002 	 2 
165.5002 	 0 
165.7208 	 1 
165.7208 	 0 
165.7208 	 2 
165.8253 	 1 
165.8253 	 2 
165.9414 	 2 
165.9530 	 1 
165.9530 	 0 
166.1620 	 2 
166.1620 	 1 
166.1620 	 0 
166.3826 	 2 
166.3942 	 1 
166.3942 	 0 
166.4987 	 2 
166.4987 	 1 
166.6148 	 2 
166.6148 	 0 
166.6148 	 1 
166.8238 	 2 
166.8354 	 1 
166.9399 	 2 
166.9631 	 1 
167.0560 	 2 
167.2766 	 1 
167.2882 	 2 
167.2882 	 0 
167.4971 	 1 
167.4971 	 0 
167.7293 	 2 
167.7293 	 1 
167.7293 	 0 
167.9383 	 0 
167.9499 	 1 
167.9499 	 2 
168.1705 	 1 
168.1705 	 2 
168.1705 	 0 
168.3795 	 2 
168.3911 	 1 
168.3911 	 0 
168.4956 	 1 
168.6117 	 1 
168.6117 	 2 
168.6117 	 0 
168.8323 	 0 
168.8323 	 1 
168.8439 	 2 
169.0645 	 0 
169.0645 	 2 
169.0645 	 1 
169.2851 	 0 
169.2967 	 2 
169.2967 	 1 
169.5057 	 0 
169.5173 	 1 
169.5173 	 2 
169.7263 	 0 
169.7379 	 1 
169.7379 	 2 
169.9585 	 1 
169.9585 	 2 
169.9585 	 0 
170.1674 	 2 
170.1790 	 1 
170.1790 	 0 
170.3880 	 2 
170.3996 	 0 
170.3996 	 1 
170.6202 	 0 
170.6202 	 1 
170.6202 	 2 
171.0498 	 2 
171.1659 	 0 
171.1659 	 2 
171.1775 	 1 
171.4213 	 0 
171.4329 	 1 
171.4329 	 2 
171.6535 	 0 
171.6651 	 2 
171.6651 	 1 
171.9438 	 2 
171.9554 	 1 
172.0599 	 2 
172.1760 	 2 
172.1760 	 1 
172.3037 	 1 
172.3966 	 2 
172.4082 	 1 
172.6171 	 2 
172.8493 	 2 
172.8493 	 0 
172.8493 	 1 
173.5111 	 1 
174.4167 	 2 
174.4283 	 1 
174.6141 	 1 
174.6141 	 2 
174.7302 	 2 
175.0668 	 2 
175.4035 	 2 
175.6125 	 2 
175.9608 	 2 
176.4136 	 1 
176.4136 	 2 
176.4600 	 2 
176.6458 	 1 
176.9477 	 1 
177.5398 	 2 
177.9461 	 2 
177.9577 	 1 
178.1783 	 2 
178.1783 	 1 
178.2828 	 2 
178.2828 	 1 
178.6776 	 2 
178.6892 	 1 
179.0491 	 2 
179.0607 	 1 
179.1652 	 1 
179.1652 	 2 
179.2813 	 2 
179.2929 	 1 
179.5367 	 1 
179.5367 	 2 
179.8153 	 1 
179.9430 	 2 
179.9430 	 1 
180.0591 	 2 
180.2797 	 2 
180.6280 	 1 
180.8254 	 2 
180.9531 	 1 
180.9531 	 2 
181.0692 	 2 
181.0808 	 1 
181.0808 	 0 
181.3827 	 2 
181.5220 	 2 
181.6149 	 2 
181.6265 	 1 
181.7310 	 2 
181.7426 	 1 
181.8471 	 0 
181.8471 	 1 
181.8471 	 2 
181.9516 	 2 
181.9516 	 1 
181.9516 	 0 
182.0677 	 2 
182.0677 	 1 
182.0677 	 0 
182.1722 	 2 
182.1722 	 1 
182.1722 	 0 
182.2883 	 1 
182.2883 	 2 
182.3927 	 0 
182.4044 	 2 
182.4044 	 1 
182.5088 	 0 
182.5088 	 2 
182.5205 	 1 
182.6133 	 2 
182.6133 	 0 
182.6249 	 1 
182.7294 	 2 
182.7294 	 0 
182.8455 	 2 
182.9500 	 1 
182.9500 	 2 
183.0545 	 2 
183.0545 	 1 
183.1706 	 2 
183.2751 	 1 
183.2867 	 2 
183.4957 	 2 
183.4957 	 1 
183.6002 	 2 
183.6118 	 1 
183.7279 	 2 
183.7279 	 0 
183.7279 	 1 
183.9369 	 1 
183.9485 	 2 
184.1691 	 0 
184.1691 	 2 
184.1691 	 1 
184.3780 	 2 
184.3897 	 1 
184.4941 	 2 
184.6102 	 0 
184.6102 	 2 
184.6102 	 1 
184.8424 	 1 
184.8424 	 2 
185.0514 	 0 
185.0514 	 1 
185.0514 	 2 
185.2720 	 2 
185.2720 	 0 
185.2836 	 1 
185.3765 	 2 
185.3881 	 1 
185.5042 	 1 
185.5042 	 0 
185.5042 	 2 
185.7248 	 1 
185.7248 	 2 
185.8409 	 1 
185.9454 	 0 
185.9454 	 2 
185.9454 	 1 
186.1660 	 2 
186.1660 	 1 
186.1660 	 0 
186.2705 	 2 
186.2705 	 1 
186.3982 	 1 
186.3982 	 0 
186.3982 	 2 
186.6188 	 1 
186.6188 	 2 
186.6188 	 0 
186.8278 	 1 
186.8278 	 2 
186.8278 	 0 
187.0483 	 2 
187.0483 	 0 
187.0600 	 1 
187.1644 	 2 
187.2805 	 0 
187.2805 	 1 
187.2805 	 2 
187.5011 	 0 
187.5011 	 1 
187.5011 	 2 
187.7217 	 0 
187.7217 	 1 
187.7217 	 2 
187.9307 	 1 
187.9423 	 0 
187.9423 	 2 
188.0584 	 2 
188.1629 	 2 
188.1745 	 0 
188.1745 	 1 
188.3835 	 0 
188.3951 	 1 
188.3951 	 2 
188.6041 	 0 
188.6041 	 2 
188.6157 	 1 
188.8131 	 1 
188.8247 	 0 
188.8247 	 2 
188.9408 	 2 
189.0569 	 0 
189.0569 	 2 
189.0569 	 1 
189.2775 	 2 
189.2775 	 0 
189.2775 	 1 
189.4980 	 1 
189.4980 	 2 
189.5097 	 0 
189.7186 	 1 
189.7186 	 2 
189.8347 	 2 
189.8347 	 1 
189.9508 	 1 
189.9508 	 2 
189.9508 	 0 
190.1598 	 2 
190.1714 	 1 
190.3804 	 2 
190.3804 	 0 
190.3920 	 1 
190.6010 	 2 
190.6126 	 0 
190.6126 	 1 
190.7171 	 1 
190.7171 	 2 
190.8332 	 2 
190.8448 	 1 
190.8448 	 0 
191.0306 	 2 
191.0422 	 1 
191.2744 	 1 
191.2744 	 0 
191.2744 	 2 
191.4950 	 0 
191.5066 	 2 
191.5066 	 1 
191.6111 	 1 
191.7272 	 2 
191.7272 	 1 
191.7272 	 0 
191.9478 	 2 
191.9478 	 0 
191.9478 	 1 
192.1567 	 2 
192.1567 	 0 
192.1683 	 1 
192.3773 	 2 
192.3889 	 1 
192.3889 	 0 
192.4934 	 2 
192.6095 	 2 
192.6095 	 1 
192.6095 	 0 
192.8185 	 2 
192.8301 	 1 
192.8301 	 0 
193.0507 	 2 
193.0623 	 1 
193.0623 	 0 
193.2713 	 2 
193.2713 	 1 
193.4803 	 2 
193.4919 	 0 
193.5035 	 1 
193.7241 	 1 
193.7241 	 2 
193.7241 	 0 
193.9447 	 1 
193.9447 	 0 
193.9447 	 2 
194.1653 	 1 
194.1653 	 2 
194.1653 	 0 
194.3859 	 0 
194.3859 	 2 
194.3975 	 1 
194.6064 	 2 
194.6064 	 0 
194.6180 	 1 
194.8270 	 0 
194.8386 	 2 
194.8386 	 1 
195.0476 	 0 
195.0476 	 2 
195.0592 	 1 
195.1637 	 1 
195.1637 	 2 
195.2798 	 1 
195.2798 	 2 
195.2798 	 0 
195.5004 	 1 
195.5004 	 2 
195.5004 	 0 
195.7210 	 1 
195.7210 	 2 
195.7210 	 0 
195.9416 	 2 
195.9416 	 0 
195.9416 	 1 
196.1738 	 2 
196.1738 	 0 
196.1738 	 1 
196.3828 	 0 
196.3828 	 1 
196.3944 	 2 
196.6034 	 2 
196.6150 	 1 
196.6150 	 0 
196.8239 	 2 
196.8356 	 0 
196.8356 	 1 
196.9400 	 1 
196.9400 	 2 
197.0561 	 0 
197.0561 	 2 
197.0561 	 1 
197.2767 	 0 
197.2767 	 1 
197.2767 	 2 
197.4973 	 1 
197.4973 	 2 
197.4973 	 0 
197.7179 	 1 
197.7179 	 2 
197.8224 	 2 
197.8224 	 1 
197.9501 	 1 
197.9501 	 2 
197.9501 	 0 
198.1591 	 2 
198.1707 	 1 
198.3797 	 1 
198.3797 	 2 
198.3797 	 0 
198.6003 	 0 
198.6003 	 2 
198.6119 	 1 
198.7048 	 2 
198.7164 	 1 
198.8209 	 2 
198.8325 	 0 
198.8325 	 1 
199.0531 	 0 
199.0531 	 2 
199.0647 	 1 
199.2737 	 0 
199.2737 	 2 
199.2737 	 1 
199.4942 	 2 
199.5059 	 1 
199.5059 	 0 
199.6103 	 1 
199.6103 	 2 
199.7148 	 2 
199.7264 	 1 
199.7264 	 0 
199.9470 	 1 
199.9470 	 2 
199.9470 	 0 
200.1676 	 2 
200.1676 	 1 
200.1676 	 0 
200.3766 	 2 
200.3882 	 0 
200.3882 	 1 
200.4927 	 1 
200.4927 	 2 
200.6088 	 0 
200.6088 	 2 
200.6088 	 1 
200.8294 	 2 
200.8410 	 0 
200.8410 	 1 
201.0500 	 2 
201.0500 	 1 
201.0616 	 0 
201.2706 	 1 
201.2822 	 2 
201.2822 	 0 
201.3867 	 2 
201.5028 	 1 
201.5028 	 0 
201.5028 	 2 
201.7234 	 2 
201.7234 	 0 
201.7234 	 1 
201.9439 	 2 
201.9439 	 1 
201.9439 	 0 
202.1529 	 1 
202.1645 	 2 
202.1645 	 0 
202.2806 	 2 
202.3967 	 2 
202.3967 	 0 
202.3967 	 1 
202.6173 	 2 
202.6173 	 0 
202.6173 	 1 
202.8263 	 2 
202.8263 	 1 
202.8379 	 0 
203.0585 	 2 
203.0585 	 1 
203.0585 	 0 
203.1630 	 2 
203.2791 	 1 
203.2791 	 2 
203.2791 	 0 
203.4997 	 0 
203.4997 	 1 
203.4997 	 2 
203.7203 	 0 
203.7203 	 1 
203.7203 	 2 
203.9409 	 2 
203.9525 	 1 
204.1150 	 1 
204.1615 	 2 
204.1731 	 1 
204.1731 	 0 
204.3820 	 1 
204.3820 	 2 
204.6026 	 1 
204.6026 	 2 
204.6142 	 0 
204.8232 	 2 
204.8348 	 1 
204.9393 	 2 
205.0554 	 2 
205.0670 	 1 
205.0670 	 0 
205.2644 	 2 
205.2760 	 1 
205.4966 	 0 
205.4966 	 2 
205.4966 	 1 
205.7172 	 2 
205.7172 	 1 
205.9378 	 2 
205.9378 	 1 
205.9378 	 0 
206.1584 	 2 
206.1584 	 1 
206.1584 	 0 
206.3790 	 0 
206.3906 	 1 
206.3906 	 2 
206.5067 	 1 
206.5995 	 0 
206.6112 	 2 
206.6112 	 1 
206.8317 	 1 
206.8317 	 0 
206.8317 	 2 
207.0407 	 1 
207.0523 	 0 
207.0523 	 2 
207.2729 	 2 
207.2845 	 0 
207.2845 	 1 
207.5051 	 0 
207.5051 	 1 
207.5051 	 2 
207.6212 	 2 
207.6212 	 1 
207.7257 	 1 
207.7257 	 0 
207.7257 	 2 
207.8418 	 2 
207.8418 	 1 
207.9463 	 2 
207.9579 	 1 
207.9579 	 0 
208.0624 	 2 
208.0624 	 1 
208.1669 	 0 
208.1669 	 1 
208.1785 	 2 
208.3759 	 1 
208.5965 	 1 
208.6081 	 2 
208.8287 	 1 
209.0493 	 1 
209.0609 	 0 
209.0609 	 2 
209.2815 	 1 
209.5020 	 0 
209.5020 	 1 
209.5601 	 2 
209.6994 	 2 
209.9432 	 2 
209.9432 	 0 
209.9432 	 1 
210.1522 	 1 
210.3844 	 1 
210.3844 	 0 
210.3844 	 2 
210.6282 	 1 
210.8372 	 1 
210.8488 	 2 
211.2668 	 2 
211.2784 	 1 
211.3945 	 1 
211.3945 	 0 
211.3945 	 2 
211.4757 	 2 
211.7079 	 2 
211.7312 	 1 
211.7428 	 0 
211.9401 	 1 
212.1607 	 2 
212.1607 	 1 
212.3929 	 1 
212.3929 	 2 
212.6135 	 0 
212.6135 	 1 
212.6135 	 2 
213.0547 	 2 
213.0547 	 1 
213.0663 	 0 
213.2869 	 2 
213.3566 	 1 
213.4146 	 2 
213.4959 	 0 
213.4959 	 1 
213.5075 	 2 
213.5423 	 2 
213.7165 	 1 
213.9371 	 1 
213.9603 	 2 
214.0183 	 2 
214.0648 	 1 
214.3782 	 1 
214.3782 	 2 
214.3782 	 0 
214.6104 	 2 
214.7265 	 1 
214.8194 	 0 
214.8310 	 2 
214.8310 	 1 
215.0516 	 1 
215.0632 	 2 
215.0632 	 0 
215.1677 	 1 
215.2838 	 2 
215.2838 	 0 
215.2838 	 1 
215.3883 	 2 
215.3883 	 1 
215.5044 	 1 
215.5044 	 2 
215.5044 	 0 
215.6205 	 1 
215.6205 	 2 
215.7250 	 0 
215.7250 	 1 
215.7250 	 2 
215.9456 	 0 
215.9456 	 1 
215.9456 	 2 
216.0617 	 1 
216.0617 	 2 
216.0617 	 0 
216.1662 	 0 
216.1662 	 2 
216.1778 	 1 
216.2823 	 0 
216.2823 	 1 
216.2939 	 2 
216.3984 	 2 
216.3984 	 0 
216.3984 	 1 
216.6190 	 2 
216.6190 	 0 
216.6190 	 1 
216.7234 	 0 
216.7234 	 1 
216.7351 	 2 
216.8395 	 2 
216.8395 	 1 
216.8395 	 0 
216.9440 	 2 
216.9440 	 1 
217.0601 	 0 
217.0601 	 1 
217.0601 	 2 
217.2807 	 0 
217.2807 	 2 
217.2807 	 1 
217.3852 	 0 
217.3968 	 2 
217.3968 	 1 
217.5013 	 0 
217.5013 	 1 
217.5013 	 2 
217.6290 	 2 
217.7219 	 1 
217.7335 	 2 
217.9425 	 1 
217.9541 	 2 
217.9541 	 0 
218.0586 	 1 
218.1747 	 0 
218.1747 	 2 
218.1747 	 1 
218.2792 	 1 
218.2792 	 2 
218.2908 	 0 
218.3953 	 2 
218.3953 	 1 
218.4998 	 2 
218.6159 	 2 
218.6275 	 0 
218.6275 	 1 
218.8365 	 2 
219.0687 	 2 
220.5896 	 2 
