0.0813 	 0 
0.3019 	 1 
0.7663 	 2 
0.8011 	 0 
1.2539 	 1 
1.4745 	 0 
1.4861 	 2 
1.9389 	 0 
2.1711 	 2 
2.1827 	 0 
3.5991 	 1 
3.7384 	 1 
4.5395 	 2 
4.5627 	 0 
5.0387 	 1 
5.2361 	 2 
5.2593 	 0 
5.3406 	 1 
5.9559 	 2 
5.9675 	 0 
6.2578 	 0 
6.9195 	 2 
7.1285 	 2 
7.3956 	 1 
7.4420 	 2 
8.3127 	 2 
8.3360 	 0 
8.7888 	 1 
9.0093 	 0 
9.0326 	 2 
9.0442 	 1 
9.5202 	 0 
9.7408 	 2 
11.1688 	 1 
11.4126 	 1 
11.5984 	 0 
11.6680 	 0 
11.9002 	 0 
12.1208 	 2 
12.1208 	 0 
12.6084 	 1 
12.8058 	 2 
12.8174 	 0 
13.3283 	 0 
13.5372 	 0 
14.9769 	 1 
15.1742 	 2 
15.4297 	 1 
15.4297 	 2 
15.6735 	 1 
15.8941 	 2 
15.9173 	 0 
15.9869 	 1 
16.1379 	 2 
16.3933 	 1 
16.4049 	 2 
16.8461 	 0 
16.8577 	 2 
17.0899 	 2 
17.3337 	 2 
17.3337 	 1 
17.5659 	 2 
17.7865 	 0 
17.7981 	 2 
18.0419 	 2 
18.2741 	 1 
18.2973 	 2 
18.5063 	 2 
18.7385 	 0 
18.7385 	 2 
18.9591 	 2 
19.2029 	 1 
19.2145 	 2 
19.6789 	 0 
19.6789 	 2 
19.9227 	 2 
20.1549 	 1 
20.1665 	 2 
20.3871 	 2 
20.6309 	 2 
20.6309 	 0 
20.8515 	 2 
21.0953 	 1 
21.3159 	 2 
21.5481 	 2 
21.5597 	 0 
22.0357 	 1 
22.0590 	 2 
22.2563 	 2 
22.5117 	 2 
22.5117 	 0 
22.7439 	 0 
22.7556 	 2 
22.9761 	 2 
22.9878 	 1 
23.2083 	 2 
23.2083 	 0 
23.4289 	 2 
23.4405 	 0 
23.9398 	 1 
23.9514 	 2 
24.1604 	 2 
24.4158 	 2 
24.4158 	 0 
24.6480 	 2 
24.8802 	 2 
24.8918 	 1 
25.1240 	 2 
25.3562 	 0 
25.6000 	 2 
25.8206 	 2 
25.8206 	 1 
26.0412 	 2 
26.2966 	 0 
26.2966 	 2 
26.5288 	 2 
26.7610 	 2 
26.7610 	 1 
26.9932 	 2 
27.2254 	 2 
27.2486 	 0 
27.4808 	 2 
27.7130 	 1 
27.7246 	 2 
27.9336 	 2 
28.1658 	 0 
28.1774 	 2 
28.4212 	 2 
28.6650 	 2 
28.6650 	 1 
29.1294 	 2 
29.1294 	 0 
29.3732 	 2 
29.6054 	 1 
29.6287 	 2 
29.8144 	 2 
30.0698 	 0 
30.0698 	 2 
30.5459 	 1 
30.7664 	 0 
31.0219 	 0 
31.4979 	 1 
31.4979 	 2 
31.6952 	 2 
31.9390 	 2 
31.9623 	 0 
32.1829 	 2 
32.4034 	 2 
32.4383 	 1 
32.6473 	 0 
32.9027 	 0 
32.9143 	 2 
33.1465 	 2 
33.3903 	 2 
33.3903 	 1 
33.8547 	 2 
33.8547 	 0 
34.0869 	 2 
34.3307 	 1 
34.3539 	 2 
34.7951 	 2 
34.7951 	 0 
35.0505 	 2 
35.2827 	 1 
35.2943 	 2 
35.5149 	 2 
35.7471 	 0 
35.7471 	 2 
35.9909 	 2 
36.2115 	 1 
36.2231 	 2 
36.6643 	 2 
36.6759 	 0 
36.9197 	 2 
37.1519 	 1 
37.1635 	 2 
37.6047 	 0 
37.6279 	 2 
37.8717 	 2 
38.1039 	 2 
38.1039 	 1 
38.3478 	 0 
38.3478 	 2 
38.5800 	 2 
38.5916 	 0 
38.8122 	 2 
39.0560 	 2 
39.0560 	 1 
39.2766 	 1 
39.2766 	 2 
39.4855 	 2 
39.5088 	 2 
39.5204 	 0 
39.5552 	 2 
39.7177 	 2 
40.0080 	 1 
40.0196 	 2 
40.4724 	 0 
40.4724 	 2 
40.7162 	 2 
40.9484 	 1 
40.9716 	 2 
41.4128 	 0 
41.4128 	 2 
41.8772 	 1 
42.3532 	 2 
42.3532 	 0 
42.5970 	 2 
42.8292 	 1 
42.8524 	 2 
43.0614 	 2 
43.2936 	 2 
43.2936 	 0 
43.5374 	 2 
43.7812 	 1 
43.7928 	 2 
44.0018 	 2 
44.2340 	 2 
44.2456 	 0 
44.7216 	 1 
44.7332 	 2 
45.1628 	 2 
45.1744 	 0 
45.6620 	 2 
45.6620 	 1 
45.8942 	 0 
46.1032 	 2 
46.1380 	 0 
46.3122 	 2 
46.4515 	 0 
46.6141 	 1 
46.6257 	 0 
46.6373 	 2 
46.7766 	 2 
46.8579 	 1 
47.0785 	 2 
47.0901 	 0 
47.2526 	 1 
47.3223 	 2 
47.5661 	 2 
47.5661 	 1 
47.7751 	 2 
48.0305 	 0 
48.0421 	 2 
48.2627 	 2 
48.5065 	 1 
48.5181 	 2 
48.7271 	 2 
48.9709 	 0 
48.9825 	 2 
49.2031 	 2 
49.4469 	 1 
49.4469 	 2 
49.6675 	 2 
49.9113 	 2 
49.9229 	 0 
50.2132 	 2 
50.3989 	 1 
50.6079 	 2 
50.8285 	 2 
50.8517 	 0 
51.1187 	 0 
51.3277 	 1 
51.3393 	 2 
51.7921 	 0 
51.7921 	 2 
52.0475 	 2 
52.2797 	 1 
52.2913 	 2 
52.5235 	 2 
52.7325 	 0 
52.7325 	 2 
52.9879 	 0 
52.9995 	 2 
53.2085 	 2 
53.2317 	 1 
53.2434 	 2 
53.4639 	 2 
53.4639 	 0 
53.6845 	 2 
53.7078 	 0 
53.9516 	 2 
54.1838 	 1 
54.1954 	 2 
54.6366 	 0 
54.6482 	 2 
54.8804 	 2 
55.1242 	 1 
55.1358 	 2 
55.5886 	 2 
55.5886 	 0 
55.8324 	 2 
56.0646 	 1 
56.0762 	 2 
56.2968 	 2 
56.5290 	 2 
56.5290 	 0 
56.7612 	 2 
57.0050 	 1 
57.0166 	 2 
57.2372 	 2 
57.4462 	 2 
57.4578 	 0 
57.7016 	 2 
57.9454 	 1 
58.1776 	 2 
58.3982 	 0 
58.4098 	 2 
58.6420 	 2 
58.8858 	 1 
58.8858 	 2 
59.1064 	 2 
59.3502 	 0 
59.3502 	 2 
59.5940 	 2 
59.8378 	 1 
59.8378 	 2 
60.0584 	 2 
60.2906 	 0 
60.3022 	 2 
60.5460 	 1 
60.7666 	 2 
60.7666 	 1 
61.0104 	 0 
61.2542 	 0 
61.5445 	 1 
61.7186 	 1 
61.7419 	 2 
61.9508 	 2 
62.1946 	 2 
62.1946 	 0 
62.4385 	 2 
62.6707 	 1 
62.6707 	 2 
62.8912 	 2 
63.1351 	 0 
63.1351 	 2 
63.3789 	 2 
63.6227 	 1 
63.6227 	 2 
63.8433 	 2 
64.0755 	 0 
64.0871 	 2 
64.2961 	 2 
64.5515 	 1 
64.5515 	 2 
65.0159 	 0 
65.0275 	 2 
65.2713 	 2 
65.5035 	 1 
65.5267 	 2 
65.7125 	 2 
65.9679 	 0 
65.9679 	 2 
66.4439 	 1 
66.4671 	 2 
66.6761 	 2 
66.8967 	 2 
67.1521 	 2 
67.3843 	 2 
67.6049 	 2 
67.8603 	 0 
67.8603 	 2 
68.1041 	 0 
68.1041 	 2 
68.3363 	 1 
68.3479 	 2 
68.5685 	 2 
68.5801 	 0 
68.8123 	 0 
69.0213 	 2 
69.2883 	 1 
69.2883 	 0 
69.3000 	 2 
69.5205 	 2 
69.7644 	 0 
69.7644 	 2 
69.9617 	 0 
70.2404 	 1 
70.4493 	 2 
70.6815 	 0 
70.6815 	 2 
70.9370 	 2 
71.1692 	 0 
71.1692 	 1 
71.1808 	 2 
71.3898 	 2 
71.6336 	 0 
71.6336 	 2 
71.8774 	 2 
72.1212 	 2 
72.1212 	 1 
72.3418 	 0 
72.5624 	 2 
72.8062 	 2 
72.8294 	 0 
73.0732 	 1 
73.0732 	 2 
73.1661 	 1 
73.2938 	 0 
73.4447 	 1 
73.5260 	 2 
73.7582 	 0 
73.7582 	 2 
74.0020 	 1 
74.0020 	 2 
74.2110 	 1 
74.2226 	 0 
74.2226 	 2 
74.4548 	 2 
74.6870 	 0 
74.6986 	 2 
74.9424 	 2 
74.9424 	 1 
75.1630 	 0 
75.4068 	 2 
75.6506 	 2 
75.6622 	 0 
75.8596 	 1 
75.8944 	 1 
75.9060 	 2 
76.1266 	 1 
76.3356 	 0 
76.4053 	 1 
76.5214 	 1 
76.6026 	 2 
76.8116 	 2 
76.8697 	 1 
76.8697 	 2 
77.2992 	 0 
77.2992 	 2 
77.5430 	 0 
77.7868 	 1 
77.7868 	 2 
78.0074 	 2 
78.2396 	 2 
78.2512 	 0 
78.4370 	 1 
78.4834 	 2 
78.7156 	 1 
78.7273 	 2 
78.8201 	 1 
78.9595 	 2 
79.1917 	 1 
79.3890 	 2 
79.4355 	 1 
79.6444 	 2 
79.6561 	 1 
79.7838 	 1 
79.9115 	 1 
79.9811 	 0 
79.9811 	 2 
80.0160 	 1 
80.1321 	 1 
80.2482 	 1 
80.3527 	 1 
80.3875 	 0 
80.6081 	 2 
80.6081 	 1 
80.8403 	 2 
80.8519 	 1 
80.8867 	 0 
81.0841 	 0 
81.0957 	 2 
81.3395 	 2 
81.3511 	 0 
81.5485 	 2 
81.5833 	 2 
81.5833 	 1 
81.8155 	 2 
82.0129 	 2 
82.0245 	 0 
82.5237 	 1 
82.5353 	 2 
82.7327 	 1 
82.9881 	 0 
82.9881 	 2 
83.2203 	 0 
83.4525 	 1 
83.4641 	 2 
83.6151 	 1 
83.7079 	 1 
83.9285 	 0 
83.9285 	 2 
83.9517 	 1 
84.3929 	 1 
84.3929 	 2 
84.5090 	 1 
84.6251 	 2 
84.8457 	 2 
84.8573 	 0 
85.1011 	 2 
85.1127 	 0 
85.3217 	 2 
85.3217 	 1 
85.8093 	 2 
85.8093 	 0 
86.0648 	 2 
86.2621 	 2 
86.2854 	 1 
86.5059 	 2 
86.7498 	 2 
86.7614 	 0 
87.0052 	 2 
87.0052 	 0 
87.2258 	 1 
87.2722 	 2 
87.4463 	 0 
87.4580 	 2 
87.7134 	 2 
87.7134 	 0 
87.9572 	 2 
88.1778 	 2 
88.1778 	 1 
88.4216 	 2 
88.6422 	 2 
88.6422 	 0 
88.8860 	 0 
88.9324 	 1 
89.1182 	 1 
89.5478 	 2 
89.5710 	 0 
89.8264 	 2 
90.0586 	 1 
90.0702 	 2 
90.5346 	 2 
90.5346 	 0 
90.7784 	 2 
90.9990 	 2 
91.0106 	 1 
91.1964 	 0 
91.2776 	 2 
91.4286 	 0 
91.5215 	 2 
91.7304 	 2 
91.8698 	 2 
91.9510 	 1 
91.9742 	 2 
92.0091 	 2 
92.0323 	 2 
92.1948 	 1 
92.4270 	 0 
92.4386 	 2 
92.6708 	 0 
92.6708 	 2 
92.9030 	 1 
92.9146 	 2 
93.3790 	 0 
93.3790 	 2 
93.6112 	 2 
93.6112 	 0 
93.8551 	 1 
93.8667 	 2 
94.2730 	 0 
94.3195 	 2 
94.3311 	 0 
94.4356 	 1 
94.5284 	 2 
94.7722 	 1 
95.0277 	 0 
95.0393 	 1 
95.1438 	 1 
95.2599 	 0 
95.3063 	 1 
95.4108 	 1 
95.4921 	 2 
95.5849 	 1 
95.7243 	 1 
95.7243 	 2 
95.9681 	 2 
95.9797 	 1 
96.2119 	 2 
96.2119 	 0 
96.4557 	 2 
96.4673 	 0 
96.6995 	 2 
96.6995 	 1 
96.9433 	 2 
97.1523 	 0 
97.1639 	 2 
97.3961 	 2 
97.6283 	 1 
97.6515 	 2 
98.0927 	 2 
98.0927 	 0 
98.3365 	 2 
98.3365 	 0 
98.5803 	 2 
98.5803 	 1 
98.8125 	 2 
99.0331 	 0 
99.0447 	 2 
99.3001 	 2 
99.5323 	 2 
99.5323 	 1 
99.6833 	 0 
99.7529 	 2 
99.9735 	 0 
99.9851 	 2 
100.2173 	 2 
100.2289 	 0 
100.4495 	 1 
100.4611 	 2 
100.6933 	 2 
100.9255 	 0 
100.9371 	 2 
101.1693 	 2 
101.4015 	 1 
101.4132 	 2 
101.6221 	 2 
101.8659 	 2 
101.8892 	 0 
102.1214 	 2 
102.1214 	 0 
102.2607 	 2 
102.3420 	 1 
102.3884 	 2 
102.5858 	 0 
102.5858 	 2 
102.8063 	 2 
102.8180 	 0 
103.0502 	 2 
103.3056 	 1 
103.3172 	 2 
103.4913 	 1 
103.7700 	 2 
103.7700 	 0 
104.0022 	 2 
104.0138 	 0 
104.2228 	 1 
104.2576 	 2 
104.4782 	 2 
104.7104 	 2 
104.7104 	 0 
104.9542 	 2 
105.1980 	 2 
105.1980 	 1 
105.4186 	 2 
105.6508 	 2 
105.6508 	 0 
105.8946 	 0 
106.0339 	 0 
106.0571 	 2 
106.0571 	 1 
106.1152 	 2 
106.1384 	 1 
106.5912 	 0 
106.5912 	 2 
106.8234 	 2 
107.0672 	 1 
107.0788 	 2 
107.3110 	 0 
107.3110 	 2 
107.9728 	 2 
108.4604 	 2 
108.4952 	 0 
109.2615 	 2 
109.3544 	 1 
109.4124 	 1 
109.6911 	 0 
109.9000 	 2 
109.9117 	 1 
110.1439 	 2 
110.3761 	 0 
110.8521 	 1 
110.8869 	 2 
111.0959 	 2 
111.1191 	 1 
111.3281 	 2 
111.3281 	 0 
111.5719 	 2 
111.5719 	 0 
111.7925 	 2 
111.8157 	 1 
112.0479 	 2 
112.2569 	 2 
112.2685 	 0 
112.5123 	 2 
112.7445 	 0 
112.7561 	 1 
112.7677 	 2 
112.9767 	 2 
113.2089 	 2 
113.2205 	 0 
113.4527 	 0 
113.4643 	 2 
113.6733 	 2 
113.6849 	 1 
113.7081 	 2 
114.1493 	 0 
114.1609 	 2 
114.6369 	 1 
114.6601 	 2 
115.1013 	 0 
115.1013 	 2 
115.3567 	 2 
115.3567 	 0 
115.5889 	 1 
115.6005 	 2 
115.8327 	 2 
116.0417 	 0 
116.0417 	 2 
116.2971 	 2 
116.5293 	 2 
116.5293 	 1 
116.7383 	 2 
116.9821 	 2 
117.0054 	 0 
117.1215 	 1 
117.2259 	 1 
117.4349 	 1 
117.6787 	 0 
117.9109 	 2 
117.9225 	 0 
117.9690 	 1 
118.2708 	 2 
118.4218 	 2 
118.6424 	 2 
118.8862 	 2 
118.8862 	 0 
119.1300 	 2 
119.3854 	 2 
119.3854 	 1 
119.8266 	 2 
119.8382 	 0 
120.0704 	 2 
120.3142 	 1 
120.3142 	 2 
120.5116 	 2 
120.7902 	 2 
120.7902 	 0 
121.0108 	 2 
121.2430 	 2 
121.2546 	 1 
121.4868 	 2 
121.7190 	 2 
121.7306 	 0 
121.9744 	 2 
122.2066 	 1 
122.2298 	 2 
122.4156 	 2 
122.4272 	 1 
122.5433 	 2 
122.6710 	 0 
122.6826 	 2 
122.8916 	 2 
123.1354 	 2 
123.1470 	 1 
123.3792 	 2 
123.5998 	 2 
123.6114 	 0 
123.6230 	 2 
123.8668 	 2 
124.0874 	 2 
124.0874 	 1 
124.3196 	 2 
124.5402 	 2 
124.5518 	 0 
124.8073 	 2 
125.0162 	 1 
125.0278 	 2 
125.2600 	 2 
125.2717 	 0 
125.5039 	 2 
125.5155 	 0 
125.7477 	 2 
125.9799 	 2 
125.9799 	 1 
126.1888 	 2 
126.4327 	 2 
126.4443 	 0 
126.4559 	 2 
126.6881 	 2 
126.9203 	 1 
126.9319 	 2 
127.1641 	 2 
127.3963 	 2 
127.3963 	 0 
127.6401 	 2 
127.8607 	 1 
127.8723 	 2 
128.0813 	 2 
128.3367 	 2 
128.3367 	 0 
128.5805 	 2 
128.8127 	 2 
128.8127 	 1 
128.8359 	 2 
129.0449 	 2 
129.2887 	 0 
129.2887 	 2 
129.5325 	 2 
129.7531 	 1 
129.7763 	 2 
129.9853 	 2 
130.2175 	 2 
130.2175 	 0 
130.4497 	 2 
130.6819 	 2 
130.6935 	 1 
130.9257 	 2 
131.1579 	 0 
131.1695 	 2 
131.4133 	 2 
131.6571 	 2 
131.8661 	 2 
132.0983 	 1 
132.0983 	 2 
132.3537 	 2 
132.3537 	 1 
132.4350 	 2 
133.0387 	 0 
133.0852 	 1 
133.1432 	 2 
133.2013 	 1 
133.5380 	 1 
133.5496 	 2 
133.5612 	 0 
134.0024 	 0 
134.0140 	 2 
134.2229 	 2 
134.4668 	 2 
134.4784 	 1 
134.7106 	 2 
134.9312 	 0 
134.9428 	 2 
135.1750 	 2 
135.4188 	 2 
135.4188 	 1 
135.6626 	 2 
135.8832 	 0 
135.8948 	 2 
136.1270 	 2 
136.3708 	 1 
136.3824 	 2 
136.6030 	 2 
136.6030 	 0 
136.8352 	 2 
136.8352 	 0 
137.0790 	 2 
137.3112 	 1 
137.3344 	 2 
137.7756 	 0 
137.7872 	 2 
138.0194 	 2 
138.2400 	 1 
138.2632 	 2 
138.4838 	 2 
138.7160 	 2 
138.7160 	 0 
138.9714 	 2 
139.2036 	 1 
139.2036 	 2 
139.4126 	 2 
139.6796 	 0 
139.7029 	 2 
139.9118 	 0 
139.9118 	 2 
140.1440 	 2 
140.1556 	 1 
140.3878 	 0 
140.3878 	 2 
140.8522 	 2 
141.0844 	 0 
141.0961 	 2 
141.1077 	 1 
141.3283 	 2 
141.5488 	 2 
141.5605 	 0 
141.8043 	 2 
142.0249 	 1 
142.0365 	 2 
142.2571 	 2 
142.4893 	 0 
142.4893 	 2 
142.7331 	 2 
142.9769 	 1 
143.0001 	 2 
143.3948 	 2 
143.4413 	 0 
143.6735 	 0 
143.6735 	 2 
143.9173 	 1 
143.9173 	 2 
144.1263 	 2 
144.1263 	 1 
144.1495 	 0 
144.3817 	 2 
144.6371 	 2 
144.6371 	 0 
144.8809 	 2 
144.8809 	 1 
145.0899 	 2 
145.0899 	 1 
145.1131 	 0 
145.5195 	 2 
145.5775 	 0 
145.5891 	 2 
145.8213 	 1 
145.8329 	 2 
146.0419 	 0 
146.0535 	 2 
146.2857 	 2 
146.5063 	 2 
146.5179 	 0 
146.7617 	 2 
146.9591 	 2 
146.9823 	 0 
147.2029 	 0 
147.2145 	 2 
147.4583 	 2 
147.4699 	 0 
147.7021 	 2 
147.7021 	 1 
147.7254 	 2 
147.9343 	 1 
148.1665 	 0 
148.3755 	 2 
148.5845 	 2 
148.6425 	 1 
148.6658 	 2 
148.8863 	 2 
149.1185 	 0 
149.1185 	 2 
149.3507 	 0 
149.3624 	 2 
149.4785 	 1 
149.5946 	 2 
149.5946 	 1 
149.8151 	 2 
150.0590 	 0 
150.2795 	 2 
150.3144 	 1 
150.4305 	 1 
150.6975 	 0 
150.7207 	 2 
150.7788 	 1 
151.0110 	 0 
151.0110 	 1 
151.4870 	 0 
151.6844 	 0 
151.7192 	 1 
151.8469 	 1 
151.8701 	 2 
152.0791 	 1 
152.1023 	 1 
152.1952 	 2 
152.4506 	 1 
152.4622 	 2 
152.6712 	 2 
152.8918 	 0 
152.9150 	 2 
153.1356 	 0 
153.3910 	 1 
153.3910 	 2 
153.6116 	 2 
153.8322 	 2 
153.8438 	 0 
154.0876 	 2 
154.3198 	 1 
154.3314 	 2 
154.5636 	 2 
154.7262 	 0 
154.7378 	 2 
154.8190 	 2 
155.0280 	 0 
155.0396 	 2 
155.2718 	 1 
155.2718 	 2 
155.5040 	 2 
155.7362 	 0 
155.7362 	 2 
155.7711 	 1 
155.9800 	 1 
155.9917 	 2 
156.2122 	 1 
156.2239 	 2 
156.4444 	 1 
156.4444 	 2 
156.7115 	 2 
156.9205 	 0 
156.9205 	 2 
157.1410 	 1 
157.1527 	 2 
157.3849 	 2 
157.3965 	 1 
157.6287 	 2 
157.6403 	 0 
157.8609 	 2 
158.0931 	 1 
158.0931 	 2 
158.3137 	 2 
158.5459 	 2 
158.5691 	 0 
158.8013 	 2 
158.8013 	 0 
159.0451 	 1 
159.0451 	 2 
159.2657 	 2 
159.2773 	 0 
159.5095 	 2 
159.5095 	 0 
159.7649 	 2 
159.9855 	 1 
159.9971 	 2 
160.2061 	 1 
160.2177 	 2 
160.4615 	 2 
160.4731 	 0 
160.7053 	 0 
160.7169 	 2 
160.9375 	 1 
160.9607 	 2 
161.1813 	 2 
161.4019 	 2 
161.4135 	 0 
161.6225 	 2 
161.8895 	 2 
161.8895 	 1 
162.1101 	 2 
162.3539 	 0 
162.3539 	 2 
162.5861 	 2 
162.5861 	 0 
162.8183 	 1 
162.8183 	 2 
163.0389 	 2 
163.2479 	 2 
163.2479 	 0 
163.3176 	 2 
163.5265 	 2 
163.7703 	 1 
163.7703 	 2 
163.9909 	 2 
164.2347 	 2 
164.2347 	 0 
164.4785 	 2 
164.4785 	 0 
164.6991 	 1 
164.7340 	 2 
164.9546 	 2 
165.1868 	 0 
165.1984 	 2 
165.4306 	 2 
165.6628 	 1 
165.6628 	 0 
165.6744 	 2 
166.0923 	 2 
166.0923 	 0 
166.1272 	 1 
166.1852 	 1 
166.2433 	 1 
166.5916 	 2 
166.7193 	 1 
166.8702 	 1 
166.9050 	 0 
167.0792 	 0 
167.1140 	 1 
167.2882 	 2 
167.3114 	 1 
167.5552 	 2 
167.5552 	 1 
167.7758 	 2 
167.7990 	 1 
168.0196 	 2 
168.0312 	 0 
168.2518 	 0 
168.2634 	 2 
168.4840 	 2 
168.4956 	 1 
168.7278 	 2 
168.9484 	 2 
168.9600 	 0 
169.2038 	 2 
169.4476 	 1 
169.4592 	 2 
169.6566 	 1 
169.6682 	 2 
169.8540 	 2 
169.9236 	 0 
169.9585 	 2 
170.1674 	 0 
170.1674 	 2 
170.3764 	 2 
170.3880 	 1 
170.3880 	 0 
170.6202 	 2 
170.8524 	 0 
170.8640 	 2 
171.0962 	 2 
171.3284 	 2 
171.3284 	 1 
171.5606 	 2 
171.7928 	 2 
171.8044 	 0 
172.0366 	 2 
172.0366 	 0 
172.2572 	 1 
172.2805 	 2 
172.5010 	 2 
172.7216 	 0 
172.7216 	 2 
172.9771 	 2 
173.2093 	 2 
173.4415 	 2 
173.6853 	 2 
173.6969 	 0 
173.9291 	 2 
173.9291 	 0 
174.0452 	 1 
174.1497 	 2 
174.1729 	 1 
174.3935 	 0 
174.5560 	 1 
174.6373 	 0 
175.1133 	 2 
175.3223 	 2 
175.5777 	 2 
175.5777 	 0 
175.8099 	 2 
175.8331 	 0 
176.0421 	 2 
176.0653 	 1 
176.2859 	 2 
176.5181 	 0 
176.5181 	 2 
176.5529 	 2 
176.9709 	 0 
176.9941 	 1 
177.0057 	 2 
177.2147 	 2 
177.4701 	 2 
177.4701 	 0 
177.7023 	 0 
177.7139 	 2 
177.8765 	 0 
177.9345 	 2 
177.9345 	 1 
178.1783 	 2 
178.4105 	 0 
178.4454 	 2 
178.6427 	 2 
178.8865 	 1 
178.8981 	 2 
179.3509 	 2 
179.3625 	 0 
179.5947 	 2 
179.7108 	 1 
179.8269 	 1 
180.1752 	 1 
180.3029 	 0 
181.1389 	 2 
181.4059 	 1 
181.4872 	 0 
181.7078 	 1 
181.9400 	 2 
181.9516 	 0 
182.1722 	 0 
182.4044 	 2 
182.6598 	 2 
182.6714 	 1 
182.8804 	 2 
183.1358 	 2 
183.3680 	 0 
183.3796 	 2 
183.6002 	 1 
183.6118 	 2 
183.8324 	 2 
184.0530 	 2 
184.0646 	 0 
184.3084 	 2 
184.5406 	 1 
184.5522 	 2 
184.7728 	 2 
185.0050 	 2 
185.0050 	 0 
185.1327 	 1 
185.2488 	 1 
185.7132 	 1 
185.7364 	 0 
185.9106 	 2 
185.9338 	 0 
186.1660 	 2 
186.4214 	 1 
186.4214 	 2 
186.6536 	 0 
186.8858 	 2 
187.1296 	 0 
187.1296 	 2 
187.3734 	 1 
187.3850 	 2 
187.6172 	 0 
187.6172 	 2 
187.8494 	 1 
187.8610 	 2 
188.0932 	 1 
188.2093 	 1 
188.3022 	 1 
188.5344 	 0 
188.5460 	 2 
188.6737 	 1 
188.8015 	 1 
188.9292 	 2 
189.2310 	 2 
189.4980 	 1 
189.6490 	 1 
189.7070 	 2 
189.7186 	 0 
189.8231 	 1 
189.9624 	 2 
190.2295 	 1 
190.2411 	 2 
190.4617 	 2 
190.6939 	 2 
190.7055 	 0 
190.9377 	 0 
190.9377 	 2 
191.1815 	 1 
191.1931 	 2 
191.4021 	 2 
191.6459 	 0 
191.6459 	 2 
191.8897 	 2 
192.1103 	 1 
192.1335 	 2 
192.3309 	 2 
192.5863 	 2 
192.5863 	 0 
192.8185 	 2 
192.8301 	 0 
193.0623 	 1 
193.0623 	 2 
193.2713 	 2 
193.5035 	 2 
193.5151 	 0 
193.9911 	 2 
193.9911 	 1 
193.9911 	 0 
194.4671 	 2 
194.4671 	 0 
194.7109 	 2 
194.7109 	 0 
194.9315 	 2 
194.9431 	 1 
194.9431 	 0 
195.1753 	 2 
195.4075 	 0 
195.4191 	 2 
195.6629 	 2 
195.8951 	 1 
195.9068 	 2 
196.3712 	 2 
196.3712 	 0 
196.6150 	 2 
196.6150 	 0 
196.8123 	 2 
196.8356 	 1 
197.0678 	 1 
197.2883 	 0 
197.5089 	 2 
197.7644 	 1 
197.8108 	 2 
198.0082 	 1 
198.0662 	 2 
198.2404 	 0 
198.2520 	 2 
198.4842 	 2 
198.7164 	 2 
198.7280 	 1 
199.1924 	 0 
199.1924 	 2 
199.4246 	 2 
199.6684 	 1 
199.6800 	 2 
199.9238 	 2 
200.1328 	 2 
200.1444 	 0 
200.3766 	 0 
200.3882 	 2 
200.6088 	 2 
200.6204 	 1 
200.8642 	 2 
201.0848 	 2 
201.0848 	 0 
201.5724 	 1 
201.5840 	 2 
201.7930 	 2 
202.0368 	 2 
202.0368 	 0 
202.2574 	 0 
202.5128 	 1 
202.7334 	 2 
202.9888 	 0 
202.9888 	 2 
203.4416 	 1 
203.4649 	 2 
203.7667 	 2 
203.9176 	 1 
204.1266 	 2 
204.3240 	 1 
204.3472 	 2 
204.8697 	 0 
205.1251 	 2 
205.3689 	 2 
205.5779 	 0 
205.5895 	 2 
205.8217 	 2 
206.0423 	 2 
206.2745 	 1 
206.2861 	 2 
206.5067 	 2 
206.7389 	 2 
206.7505 	 0 
206.9943 	 2 
207.2149 	 2 
207.4471 	 0 
207.4587 	 2 
207.7025 	 2 
207.9463 	 2 
208.1901 	 2 
208.1901 	 1 
208.4339 	 2 
208.6661 	 0 
208.6661 	 2 
208.8867 	 2 
209.1073 	 2 
209.3627 	 2 
209.3743 	 0 
209.6181 	 2 
209.8155 	 2 
210.0593 	 1 
210.0709 	 2 
210.2799 	 2 
210.5469 	 2 
210.5469 	 0 
210.7675 	 2 
211.0113 	 2 
211.2435 	 2 
211.2551 	 0 
211.4641 	 0 
211.4873 	 2 
211.7079 	 2 
211.7195 	 0 
211.9401 	 2 
211.9401 	 1 
212.1723 	 0 
212.1956 	 2 
212.3929 	 1 
212.4045 	 2 
212.4278 	 0 
212.5090 	 1 
212.6483 	 2 
212.9038 	 2 
212.9038 	 1 
213.1244 	 2 
213.3566 	 0 
213.3682 	 2 
213.6120 	 0 
213.6236 	 2 
213.8442 	 1 
213.8674 	 2 
214.0880 	 2 
214.2970 	 0 
214.3202 	 2 
214.5756 	 2 
214.7846 	 1 
214.7962 	 2 
215.2490 	 0 
215.2490 	 2 
215.4812 	 0 
215.4928 	 2 
215.7250 	 2 
215.7250 	 1 
215.9688 	 2 
216.1081 	 0 
216.1894 	 0 
216.2126 	 2 
216.4332 	 2 
216.6770 	 1 
216.6886 	 2 
216.9556 	 2 
217.1414 	 0 
217.1414 	 2 
217.3736 	 0 
217.3968 	 2 
217.6174 	 2 
217.6174 	 1 
218.0818 	 0 
218.0934 	 2 
218.3605 	 1 
218.5694 	 1 
218.5694 	 2 
219.0338 	 0 
219.2660 	 1 
219.4750 	 1 
219.7072 	 2 
219.7188 	 0 
219.8349 	 1 
219.9626 	 2 
219.9742 	 0 
220.5896 	 0 
220.6128 	 2 
220.6360 	 2 
221.1817 	 0 
221.4023 	 1 
221.6577 	 0 
221.7273 	 1 
221.8783 	 2 
221.8783 	 0 
221.9712 	 1 
222.1105 	 2 
222.3195 	 0 
222.3775 	 2 
222.4239 	 1 
222.5284 	 1 
222.5517 	 2 
222.5517 	 0 
222.8187 	 2 
222.8303 	 1 
222.9000 	 1 
222.9696 	 1 
223.0393 	 1 
223.1554 	 1 
223.2947 	 1 
223.5153 	 1 
223.6082 	 1 
223.7475 	 0 
223.8984 	 1 
224.2351 	 1 
224.2467 	 2 
224.4673 	 1 
224.5486 	 1 
224.6182 	 1 
224.7111 	 0 
224.7111 	 2 
224.9433 	 2 
224.9433 	 0 
225.1755 	 1 
225.1987 	 2 
225.6515 	 0 
225.6980 	 2 
226.1275 	 2 
226.1275 	 1 
226.3365 	 1 
226.3713 	 2 
226.6035 	 0 
226.6151 	 2 
226.8357 	 0 
226.8473 	 2 
227.0679 	 1 
227.0795 	 2 
227.3350 	 2 
227.5439 	 2 
227.5439 	 0 
227.7761 	 2 
228.0083 	 2 
228.0083 	 1 
228.2522 	 2 
228.2522 	 0 
228.4844 	 0 
228.4960 	 2 
228.7049 	 0 
228.7398 	 2 
228.9371 	 2 
228.9488 	 1 
228.9604 	 0 
229.2274 	 1 
229.4248 	 0 
229.4364 	 2 
229.6570 	 2 
229.8892 	 2 
229.9008 	 1 
230.3768 	 2 
230.3768 	 0 
230.6090 	 0 
230.8528 	 1 
230.8644 	 2 
231.0850 	 2 
231.3288 	 2 
231.3288 	 0 
231.5610 	 2 
231.7932 	 1 
231.8164 	 2 
232.1995 	 0 
232.2576 	 2 
232.2692 	 0 
232.4898 	 2 
232.5014 	 0 
232.7336 	 1 
232.7452 	 2 
233.1980 	 0 
233.2096 	 2 
233.5115 	 2 
233.6856 	 1 
233.6856 	 2 
233.8366 	 2 
234.1616 	 2 
234.1732 	 0 
234.3822 	 2 
234.3822 	 0 
234.4287 	 1 
234.6144 	 1 
234.8931 	 2 
235.0788 	 0 
235.1717 	 2 
235.2298 	 0 
235.3342 	 2 
235.5200 	 0 
235.5316 	 2 
235.5664 	 1 
235.6941 	 1 
235.7754 	 2 
236.0424 	 0 
236.0541 	 2 
236.2746 	 0 
236.3095 	 2 
236.4952 	 1 
236.5185 	 2 
236.9829 	 2 
236.9829 	 0 
237.2151 	 0 
237.2267 	 2 
237.4589 	 1 
237.4705 	 2 
237.7027 	 2 
237.9349 	 0 
237.9581 	 2 
238.0510 	 1 
238.3877 	 0 
238.3993 	 2 
238.3993 	 1 
238.6199 	 0 
238.6315 	 1 
238.6315 	 2 
238.7592 	 1 
238.8521 	 0 
238.8637 	 2 
238.8869 	 1 
238.9449 	 1 
238.9914 	 1 
239.3629 	 1 
239.3745 	 2 
239.5951 	 1 
239.8389 	 2 
239.8505 	 0 
240.0827 	 0 
240.0943 	 2 
240.3149 	 1 
240.3265 	 2 
240.7677 	 2 
240.7677 	 0 
240.9999 	 2 
241.2321 	 1 
241.2321 	 2 
241.4643 	 2 
241.6965 	 0 
241.7081 	 2 
241.9403 	 0 
241.9751 	 2 
242.1725 	 1 
242.1725 	 2 
242.2886 	 1 
242.4279 	 2 
242.6485 	 0 
242.6485 	 2 
242.6834 	 1 
242.8111 	 1 
242.8923 	 2 
243.1245 	 1 
243.1245 	 2 
243.3916 	 2 
243.5889 	 0 
243.6122 	 2 
243.8327 	 0 
243.8444 	 2 
244.0649 	 1 
244.0882 	 2 
244.1578 	 1 
244.3204 	 2 
244.5410 	 0 
244.5642 	 2 
244.7848 	 2 
245.0170 	 1 
245.0402 	 2 
245.4814 	 0 
245.4814 	 2 
245.7252 	 0 
245.7252 	 2 
245.8877 	 1 
245.9690 	 2 
245.9922 	 1 
246.2012 	 0 
246.2128 	 2 
246.3869 	 2 
246.4102 	 2 
246.4334 	 0 
246.6772 	 2 
246.8978 	 1 
246.9210 	 2 
247.1300 	 2 
247.3738 	 0 
247.3854 	 2 
247.5944 	 2 
247.5944 	 0 
247.8614 	 1 
247.8730 	 2 
248.0936 	 2 
248.3258 	 2 
248.3258 	 0 
248.5696 	 2 
248.7902 	 1 
248.8134 	 2 
249.0224 	 2 
249.2662 	 0 
249.2778 	 2 
249.4868 	 0 
249.5332 	 2 
249.6610 	 2 
249.7538 	 2 
249.9744 	 1 
249.9744 	 2 
250.2182 	 0 
250.2298 	 2 
250.6826 	 1 
250.7059 	 2 
250.8336 	 1 
250.9264 	 2 
250.9380 	 1 
251.0658 	 0 
251.0658 	 1 
251.1586 	 1 
251.2051 	 0 
251.2051 	 1 
251.3560 	 1 
251.3560 	 0 
252.0758 	 0 
252.0874 	 2 
252.5634 	 1 
252.6563 	 1 
253.2717 	 0 
253.4922 	 1 
253.5155 	 2 
253.7361 	 2 
253.7593 	 0 
253.9566 	 1 
253.9566 	 2 
253.9915 	 0 
254.0727 	 1 
254.1540 	 2 
254.4443 	 1 
254.4791 	 2 
254.9319 	 0 
254.9319 	 2 
255.1641 	 0 
255.1641 	 2 
255.4079 	 1 
255.4079 	 2 
255.4311 	 1 
255.6401 	 2 
255.8607 	 2 
255.8723 	 0 
256.1045 	 2 
256.3483 	 1 
256.3599 	 2 
256.8243 	 2 
256.8359 	 0 
256.9404 	 1 
257.0565 	 0 
257.0565 	 2 
257.2771 	 2 
257.3003 	 1 
257.5209 	 1 
257.5441 	 2 
257.7763 	 0 
257.7879 	 2 
258.2523 	 1 
258.2756 	 2 
258.4845 	 2 
258.7167 	 0 
258.7167 	 2 
258.9605 	 0 
258.9605 	 2 
259.1927 	 1 
259.2044 	 2 
259.4133 	 2 
259.6571 	 0 
259.6571 	 2 
259.9126 	 2 
260.1215 	 1 
260.1332 	 2 
260.3886 	 2 
260.6092 	 0 
260.6092 	 2 
260.6788 	 1 
260.8414 	 2 
260.8530 	 0 
261.0620 	 1 
261.0620 	 2 
261.3058 	 0 
261.5263 	 2 
261.5380 	 0 
261.7818 	 2 
262.0256 	 1 
262.0256 	 2 
262.2346 	 1 
262.5016 	 2 
262.5016 	 0 
262.7338 	 0 
262.7338 	 1 
262.7570 	 2 
262.9660 	 1 
262.9892 	 2 
263.2562 	 1 
263.4188 	 2 
263.4420 	 0 
263.4768 	 2 
263.6742 	 2 
263.8948 	 1 
263.9412 	 2 
264.1270 	 2 
264.3824 	 2 
264.3824 	 0 
264.6262 	 2 
264.8468 	 2 
264.8584 	 1 
264.8816 	 2 
265.1022 	 2 
265.3228 	 0 
265.3460 	 2 
265.5666 	 2 
265.8104 	 1 
265.8104 	 2 
266.0310 	 2 
266.2632 	 2 
266.2748 	 0 
266.5070 	 2 
266.5186 	 0 
266.7392 	 1 
266.7392 	 2 
266.9946 	 2 
267.0411 	 2 
267.1804 	 1 
267.6448 	 2 
267.8770 	 2 
268.1092 	 2 
268.3646 	 2 
268.6084 	 1 
268.8871 	 0 
269.1193 	 2 
269.1309 	 0 
269.2470 	 1 
270.5357 	 0 
