0.0580 	 1 
0.0697 	 2 
0.3483 	 2 
0.3483 	 0 
0.3599 	 1 
0.9404 	 0 
0.9404 	 1 
0.9404 	 2 
1.2190 	 1 
1.4861 	 1 
1.4977 	 0 
1.4977 	 2 
1.7531 	 1 
1.7647 	 0 
1.7647 	 2 
2.0317 	 1 
2.0317 	 2 
2.0317 	 0 
2.3220 	 1 
2.3220 	 2 
2.6355 	 0 
2.6355 	 1 
2.6355 	 2 
2.9373 	 0 
2.9373 	 1 
2.9373 	 2 
3.2160 	 1 
3.2160 	 0 
3.2160 	 2 
3.5062 	 2 
3.5178 	 1 
3.7965 	 1 
3.7965 	 0 
3.7965 	 2 
4.0635 	 2 
4.0635 	 1 
4.0751 	 0 
4.3537 	 2 
4.3537 	 1 
4.3654 	 0 
4.6556 	 0 
4.6556 	 2 
4.6556 	 1 
4.9459 	 1 
4.9575 	 0 
4.9575 	 2 
5.2245 	 1 
5.2245 	 0 
5.2361 	 2 
5.5147 	 2 
5.5147 	 1 
5.5263 	 0 
5.8166 	 1 
5.8166 	 2 
5.8166 	 0 
6.0952 	 1 
6.0952 	 0 
6.1185 	 2 
6.3739 	 1 
6.3739 	 2 
6.3739 	 0 
6.6641 	 1 
6.6757 	 2 
6.6757 	 0 
6.9660 	 1 
6.9660 	 2 
6.9776 	 0 
7.2562 	 2 
7.2562 	 1 
7.2562 	 0 
7.5465 	 1 
7.5465 	 0 
7.5581 	 2 
7.8251 	 2 
7.8251 	 0 
7.8251 	 1 
8.1154 	 0 
8.1270 	 1 
8.1270 	 2 
8.3940 	 1 
8.4056 	 2 
8.4056 	 0 
8.4405 	 2 
8.6843 	 1 
8.6959 	 0 
8.6959 	 2 
8.9629 	 1 
8.9745 	 0 
8.9745 	 2 
9.2648 	 0 
9.2648 	 1 
9.2764 	 2 
9.5550 	 2 
9.5550 	 0 
9.5550 	 1 
9.8453 	 2 
9.8453 	 1 
9.8569 	 0 
10.1239 	 1 
10.1355 	 0 
10.1355 	 2 
10.4374 	 2 
10.4374 	 0 
10.4374 	 1 
10.7160 	 0 
10.7160 	 1 
10.7276 	 2 
10.9946 	 2 
10.9946 	 1 
11.0063 	 0 
11.1804 	 2 
11.2849 	 2 
11.2965 	 1 
11.2965 	 0 
11.5868 	 2 
11.5868 	 1 
11.5984 	 0 
11.7493 	 1 
11.7493 	 2 
11.8770 	 0 
11.8770 	 2 
11.8770 	 1 
12.1673 	 0 
12.1673 	 2 
12.1789 	 1 
12.4343 	 2 
12.4343 	 1 
12.4343 	 0 
12.7245 	 0 
12.7245 	 2 
12.7245 	 1 
13.0148 	 1 
13.0148 	 0 
13.0264 	 2 
13.2934 	 2 
13.3050 	 1 
13.3050 	 0 
13.5953 	 1 
13.5953 	 0 
13.5953 	 2 
13.8855 	 1 
13.8855 	 0 
13.8971 	 2 
14.1758 	 2 
14.1758 	 0 
14.1758 	 1 
14.4660 	 2 
14.4776 	 1 
14.4776 	 0 
14.7447 	 2 
14.7563 	 1 
14.7563 	 0 
15.0349 	 1 
15.0465 	 2 
15.3368 	 2 
15.3368 	 0 
15.3368 	 1 
15.6038 	 2 
15.6038 	 0 
15.6038 	 1 
15.8941 	 0 
15.8941 	 1 
15.9057 	 2 
16.1843 	 1 
16.1843 	 2 
16.4862 	 1 
16.4862 	 2 
16.4978 	 0 
16.7648 	 0 
16.7648 	 2 
16.7764 	 1 
17.0551 	 2 
17.0551 	 1 
17.3453 	 2 
17.3569 	 0 
17.3569 	 1 
17.6472 	 2 
17.6472 	 1 
17.6588 	 0 
17.8910 	 2 
17.9026 	 1 
18.2161 	 0 
18.2161 	 1 
18.2277 	 2 
18.4947 	 1 
18.4947 	 2 
18.4947 	 0 
18.7617 	 1 
18.7733 	 0 
18.7733 	 2 
19.0520 	 1 
19.0636 	 0 
19.0636 	 2 
19.3306 	 2 
19.3306 	 1 
19.3422 	 0 
19.6209 	 2 
19.6325 	 1 
19.9343 	 0 
19.9459 	 1 
19.9459 	 2 
20.2130 	 2 
20.2130 	 1 
20.2246 	 0 
20.5032 	 1 
20.5032 	 2 
20.5264 	 0 
20.8051 	 2 
20.8051 	 1 
21.0953 	 0 
21.0953 	 1 
21.0953 	 2 
21.3972 	 1 
21.3972 	 0 
21.4088 	 2 
21.6758 	 1 
21.6758 	 2 
21.6758 	 0 
21.9661 	 2 
21.9661 	 1 
22.2563 	 1 
22.2679 	 0 
22.2795 	 2 
22.5466 	 1 
22.5466 	 2 
22.5466 	 0 
22.8368 	 2 
22.8368 	 1 
22.8484 	 0 
23.1271 	 1 
23.1271 	 2 
23.4057 	 1 
23.4173 	 0 
23.4289 	 2 
23.6960 	 1 
23.7076 	 0 
23.7192 	 2 
23.9862 	 1 
23.9862 	 2 
23.9978 	 0 
24.2765 	 2 
24.2881 	 1 
24.5551 	 2 
24.5551 	 1 
24.5667 	 0 
24.8454 	 1 
24.8454 	 2 
24.8570 	 0 
25.1356 	 2 
25.1356 	 1 
25.1472 	 0 
25.4259 	 0 
25.4259 	 2 
25.4259 	 1 
25.7161 	 0 
25.7161 	 2 
25.7161 	 1 
26.0063 	 1 
26.0180 	 0 
26.0296 	 2 
26.2966 	 1 
26.2966 	 2 
26.3082 	 0 
26.5868 	 2 
26.5868 	 1 
26.8655 	 1 
26.8771 	 0 
26.9003 	 2 
27.1673 	 1 
27.1673 	 0 
27.1790 	 2 
27.4576 	 0 
27.4576 	 2 
27.4576 	 1 
27.7362 	 2 
27.7362 	 0 
27.7362 	 1 
27.9336 	 2 
27.9336 	 1 
28.0381 	 1 
28.0381 	 0 
28.0497 	 2 
28.3167 	 2 
28.3167 	 0 
28.3283 	 1 
28.6070 	 1 
28.6070 	 2 
28.6186 	 0 
28.8972 	 0 
28.9088 	 2 
28.9088 	 1 
29.1643 	 0 
29.1643 	 1 
29.1759 	 2 
29.4661 	 2 
29.4661 	 1 
29.4777 	 0 
29.7564 	 1 
29.7680 	 0 
29.7680 	 2 
30.0350 	 2 
30.0582 	 1 
30.0582 	 0 
30.3137 	 2 
30.3253 	 1 
30.3485 	 0 
30.6271 	 1 
30.6387 	 0 
30.6503 	 2 
30.9058 	 2 
30.9058 	 1 
30.9174 	 0 
31.1960 	 2 
31.1960 	 1 
31.4746 	 2 
31.4863 	 1 
31.5095 	 2 
31.5095 	 0 
31.7765 	 1 
31.7881 	 2 
31.7881 	 0 
32.0784 	 0 
32.0784 	 1 
32.0784 	 2 
32.3570 	 0 
32.3570 	 1 
32.3570 	 2 
32.6356 	 1 
32.6473 	 0 
32.6473 	 2 
32.9375 	 2 
32.9375 	 0 
32.9375 	 1 
33.2278 	 2 
33.2278 	 1 
33.2278 	 0 
33.5180 	 2 
33.5180 	 1 
33.7966 	 2 
33.8083 	 0 
33.8083 	 1 
34.0869 	 2 
34.0869 	 1 
34.0985 	 0 
34.3771 	 2 
34.3771 	 0 
34.3771 	 1 
34.6558 	 2 
34.6674 	 1 
34.6674 	 0 
34.9576 	 1 
34.9693 	 2 
34.9693 	 0 
35.2479 	 1 
35.2479 	 0 
35.2595 	 2 
35.5265 	 2 
35.5265 	 1 
35.5381 	 0 
35.8052 	 2 
35.8052 	 1 
35.8168 	 0 
36.1070 	 0 
36.1070 	 1 
36.1070 	 2 
36.3857 	 2 
36.3857 	 1 
36.3857 	 0 
36.6643 	 2 
36.6759 	 0 
36.6759 	 1 
36.9662 	 1 
36.9662 	 2 
36.9778 	 0 
37.2564 	 0 
37.2564 	 2 
37.2564 	 1 
37.5351 	 1 
37.5351 	 2 
37.8021 	 2 
37.8137 	 1 
37.8137 	 0 
38.1272 	 1 
38.1272 	 2 
38.4290 	 1 
38.4406 	 0 
38.4406 	 2 
38.6961 	 1 
38.7077 	 0 
38.7077 	 2 
39.0095 	 1 
39.0095 	 0 
39.0095 	 2 
39.2766 	 0 
39.2882 	 1 
39.2882 	 2 
39.5552 	 2 
39.5668 	 0 
39.5668 	 1 
39.8571 	 1 
39.8571 	 0 
39.8687 	 2 
40.1473 	 2 
40.1473 	 1 
40.1473 	 0 
40.4376 	 1 
40.4376 	 0 
40.4492 	 2 
40.7278 	 1 
40.7278 	 0 
40.7394 	 2 
41.0064 	 1 
41.0064 	 0 
41.0064 	 2 
41.2967 	 0 
41.2967 	 1 
41.3083 	 2 
41.5869 	 0 
41.5869 	 1 
41.5869 	 2 
41.8656 	 1 
41.8772 	 2 
41.8772 	 0 
42.1674 	 1 
42.1790 	 0 
42.1790 	 2 
42.4461 	 2 
42.4461 	 1 
42.4577 	 0 
42.7247 	 1 
42.7363 	 0 
42.7363 	 2 
43.0266 	 0 
43.0382 	 2 
43.0382 	 1 
43.3052 	 1 
43.3168 	 0 
43.3168 	 2 
43.5955 	 0 
43.5955 	 2 
43.5955 	 1 
43.7928 	 2 
43.8161 	 0 
43.8857 	 2 
43.8857 	 1 
44.1760 	 2 
44.1760 	 1 
44.1876 	 0 
44.4662 	 1 
44.4662 	 0 
44.4778 	 2 
44.7565 	 0 
44.7565 	 1 
44.7565 	 2 
45.0467 	 1 
45.0467 	 0 
45.0467 	 2 
45.3137 	 1 
45.3137 	 2 
45.3370 	 0 
45.3486 	 1 
45.3602 	 2 
45.6272 	 1 
45.6272 	 2 
45.6272 	 0 
45.9175 	 0 
45.9175 	 1 
45.9175 	 2 
46.1961 	 1 
46.1961 	 2 
46.1961 	 0 
46.3702 	 1 
46.3935 	 2 
46.4515 	 1 
46.4980 	 0 
46.4980 	 2 
46.7766 	 1 
46.7882 	 2 
46.7882 	 0 
47.0668 	 2 
47.0668 	 1 
47.0785 	 0 
47.3455 	 1 
47.3571 	 2 
47.3571 	 0 
47.6357 	 0 
47.6357 	 1 
47.6590 	 2 
47.9260 	 0 
47.9260 	 2 
47.9260 	 1 
48.2046 	 2 
48.2046 	 1 
48.2162 	 0 
48.4833 	 2 
48.4833 	 1 
48.5065 	 0 
48.7967 	 1 
48.7967 	 0 
48.7967 	 2 
49.0870 	 0 
49.0870 	 1 
49.0986 	 2 
49.3772 	 0 
49.3772 	 2 
49.3772 	 1 
49.6675 	 1 
49.6675 	 0 
49.6675 	 2 
49.9461 	 1 
49.9577 	 0 
49.9693 	 2 
50.2248 	 1 
50.2364 	 0 
50.2364 	 2 
50.5266 	 2 
50.5266 	 1 
50.5266 	 0 
50.8053 	 1 
50.8169 	 2 
50.8169 	 0 
51.0955 	 2 
51.1071 	 1 
51.1071 	 0 
51.3858 	 1 
51.3974 	 0 
51.3974 	 2 
51.6760 	 1 
51.6760 	 2 
51.6876 	 0 
51.9779 	 1 
51.9779 	 2 
52.2681 	 1 
52.2681 	 2 
52.2797 	 0 
52.5584 	 0 
52.5584 	 2 
52.5584 	 1 
52.8370 	 1 
52.8370 	 2 
52.8370 	 0 
53.1040 	 2 
53.1156 	 0 
53.1156 	 1 
53.4059 	 0 
53.4059 	 2 
53.4059 	 1 
53.6961 	 1 
53.6961 	 2 
53.7078 	 0 
53.9748 	 1 
53.9748 	 0 
53.9864 	 2 
54.2650 	 2 
54.2650 	 1 
54.2650 	 0 
54.5321 	 1 
54.5437 	 0 
54.5553 	 1 
54.5669 	 2 
54.8455 	 1 
54.8455 	 2 
54.8455 	 0 
55.1242 	 1 
55.1358 	 0 
55.1358 	 2 
55.4260 	 2 
55.4260 	 1 
55.4260 	 0 
55.6815 	 1 
55.6931 	 2 
55.7163 	 0 
56.0065 	 2 
56.0065 	 1 
56.2736 	 2 
56.2852 	 1 
56.2968 	 0 
56.5754 	 0 
56.5754 	 2 
56.5754 	 1 
56.8541 	 0 
56.8657 	 1 
56.8657 	 2 
57.1443 	 0 
57.1443 	 1 
57.1443 	 2 
57.3185 	 2 
57.3185 	 1 
57.4346 	 2 
57.4462 	 0 
57.4462 	 1 
57.7132 	 2 
57.7248 	 1 
57.7364 	 0 
58.0151 	 2 
58.0151 	 1 
58.0267 	 0 
58.0615 	 1 
58.0731 	 2 
58.3053 	 1 
58.3169 	 0 
58.3169 	 2 
58.5839 	 1 
58.5839 	 2 
58.5956 	 0 
58.8742 	 1 
58.8742 	 2 
58.8858 	 0 
59.1528 	 2 
59.1644 	 0 
59.1644 	 1 
59.4431 	 1 
59.4431 	 2 
59.4547 	 0 
59.7101 	 1 
59.7217 	 2 
59.7333 	 0 
60.0004 	 2 
60.0120 	 0 
60.0120 	 1 
60.3022 	 2 
60.3138 	 0 
60.3138 	 1 
60.4648 	 1 
60.4648 	 2 
60.6041 	 1 
60.6041 	 2 
60.8827 	 1 
60.8827 	 2 
60.9059 	 0 
61.1962 	 2 
61.2078 	 0 
61.2078 	 1 
61.4980 	 1 
61.5097 	 0 
61.5097 	 2 
61.7651 	 1 
61.7767 	 2 
61.7999 	 0 
62.0669 	 1 
62.0902 	 2 
62.0902 	 0 
62.3572 	 2 
62.3572 	 1 
62.3688 	 0 
62.6358 	 0 
62.6358 	 2 
62.6358 	 1 
62.9145 	 0 
62.9145 	 1 
62.9145 	 2 
62.9841 	 2 
63.2047 	 1 
63.2163 	 0 
63.2163 	 2 
63.5066 	 1 
63.5182 	 2 
63.5182 	 0 
63.7968 	 2 
63.7968 	 1 
63.7968 	 0 
64.0755 	 1 
64.0755 	 2 
64.0871 	 0 
64.3657 	 1 
64.3657 	 0 
64.3657 	 2 
64.6560 	 2 
64.6560 	 1 
64.6560 	 0 
64.9346 	 1 
64.9462 	 0 
64.9462 	 2 
65.2249 	 2 
65.2249 	 1 
65.2365 	 0 
65.5151 	 1 
65.5151 	 0 
65.5151 	 2 
65.8054 	 2 
65.8054 	 1 
65.8054 	 0 
66.0956 	 0 
66.1072 	 2 
66.1072 	 1 
66.3975 	 1 
66.3975 	 2 
66.3975 	 0 
66.6761 	 0 
66.6761 	 2 
66.6761 	 1 
66.9547 	 1 
66.9663 	 0 
66.9663 	 2 
67.2450 	 1 
67.2450 	 2 
67.2566 	 0 
67.5352 	 2 
67.5352 	 0 
67.5352 	 1 
67.8255 	 2 
67.8255 	 1 
67.8255 	 0 
68.1157 	 2 
68.1273 	 0 
68.1273 	 1 
68.4060 	 2 
68.4060 	 0 
68.4060 	 1 
68.6962 	 2 
68.6962 	 0 
68.6962 	 1 
68.9517 	 1 
68.9633 	 2 
68.9749 	 0 
69.2651 	 2 
69.2651 	 1 
69.2767 	 0 
69.5438 	 1 
69.5554 	 0 
69.5554 	 2 
69.6715 	 1 
69.6715 	 2 
69.7876 	 1 
70.1127 	 1 
70.1127 	 2 
70.1939 	 2 
70.3913 	 1 
70.4029 	 2 
70.7396 	 0 
70.7396 	 1 
70.7512 	 2 
71.0182 	 0 
71.0182 	 2 
71.0182 	 1 
71.2737 	 2 
71.2853 	 1 
71.5639 	 1 
71.5755 	 2 
71.5987 	 0 
71.8658 	 2 
71.8774 	 0 
71.8774 	 1 
72.1560 	 1 
72.4230 	 1 
72.4346 	 2 
72.4579 	 0 
72.7249 	 2 
72.7249 	 1 
73.0268 	 1 
73.0268 	 0 
73.0384 	 2 
73.3054 	 1 
73.3054 	 0 
73.3170 	 2 
73.5608 	 1 
73.6073 	 2 
73.8975 	 2 
73.8975 	 0 
73.9091 	 1 
74.1529 	 1 
74.1645 	 2 
74.1761 	 0 
74.2922 	 2 
74.3967 	 2 
74.4083 	 1 
74.7334 	 1 
74.7450 	 0 
75.0353 	 1 
75.0353 	 2 
75.0353 	 0 
75.3255 	 1 
75.3371 	 0 
75.3371 	 2 
75.6158 	 2 
75.6274 	 0 
75.6274 	 1 
75.9060 	 1 
75.9060 	 2 
75.9176 	 0 
76.1963 	 1 
76.2079 	 0 
76.2079 	 2 
76.4981 	 2 
76.4981 	 0 
76.4981 	 1 
76.7768 	 1 
76.7768 	 2 
76.7884 	 0 
77.0554 	 1 
77.0670 	 2 
77.0670 	 0 
77.3689 	 1 
77.3689 	 2 
77.3689 	 0 
77.6243 	 1 
77.6475 	 2 
77.6591 	 0 
77.9146 	 1 
77.9262 	 0 
77.9262 	 2 
78.2164 	 0 
78.2164 	 1 
78.2280 	 2 
78.4951 	 1 
78.4951 	 2 
78.5067 	 0 
78.6228 	 1 
78.7621 	 1 
78.7969 	 2 
78.7969 	 1 
78.7969 	 0 
79.0872 	 2 
79.0872 	 1 
79.0872 	 0 
79.3426 	 2 
79.3658 	 1 
79.3774 	 0 
79.6561 	 2 
79.6561 	 0 
79.6677 	 1 
79.9463 	 1 
79.9463 	 0 
79.9463 	 2 
80.2366 	 1 
80.2366 	 2 
80.2366 	 0 
80.5268 	 0 
80.5268 	 1 
80.5268 	 2 
80.8054 	 2 
80.8171 	 1 
80.8171 	 0 
81.1073 	 0 
81.1073 	 1 
81.1073 	 2 
81.3859 	 1 
81.3859 	 2 
81.3976 	 0 
81.6646 	 2 
81.6646 	 1 
81.6762 	 0 
81.9548 	 1 
81.9664 	 2 
81.9664 	 0 
82.2451 	 2 
82.2567 	 1 
82.2567 	 0 
82.5469 	 1 
82.5585 	 0 
82.5702 	 2 
82.7095 	 1 
82.7095 	 2 
82.8256 	 2 
82.8256 	 0 
82.8256 	 1 
83.1042 	 2 
83.1042 	 1 
83.1158 	 0 
83.2551 	 1 
83.2551 	 0 
83.4061 	 0 
83.4061 	 2 
83.4061 	 1 
83.5686 	 2 
83.6615 	 2 
83.6963 	 0 
83.6963 	 1 
83.8821 	 2 
83.9053 	 1 
83.9634 	 1 
83.9866 	 0 
84.2884 	 1 
84.5671 	 0 
84.5787 	 1 
84.5903 	 2 
84.8573 	 0 
84.8573 	 1 
84.8573 	 2 
85.1476 	 0 
85.1476 	 1 
85.1476 	 2 
85.4378 	 1 
85.4494 	 2 
85.5888 	 2 
85.6120 	 1 
85.7281 	 2 
85.7397 	 0 
85.7397 	 1 
86.0067 	 0 
86.0183 	 1 
86.0415 	 2 
86.2970 	 0 
86.2970 	 1 
86.2970 	 2 
86.5756 	 0 
86.5756 	 1 
86.5872 	 2 
86.8659 	 0 
86.8659 	 1 
86.8775 	 2 
87.1445 	 2 
87.1445 	 1 
87.1561 	 0 
87.4463 	 2 
87.4463 	 0 
87.4463 	 1 
87.7250 	 2 
87.7250 	 0 
87.7250 	 1 
88.0152 	 2 
88.0268 	 0 
88.0268 	 1 
88.3171 	 1 
88.3171 	 2 
88.3171 	 0 
88.6073 	 2 
88.6073 	 0 
88.6073 	 1 
88.8976 	 2 
88.8976 	 0 
88.9092 	 1 
89.1762 	 0 
89.1762 	 1 
89.1878 	 2 
89.4665 	 1 
89.4665 	 2 
89.4665 	 0 
89.7567 	 1 
89.7683 	 0 
89.7683 	 2 
90.0470 	 2 
90.0470 	 0 
90.0470 	 1 
90.3256 	 2 
90.3372 	 0 
90.3372 	 1 
90.6043 	 2 
90.6159 	 1 
90.6275 	 0 
90.8132 	 1 
90.8249 	 2 
90.9061 	 1 
90.9177 	 0 
91.1964 	 2 
91.1964 	 0 
91.2080 	 1 
91.4750 	 1 
91.4750 	 0 
91.4750 	 2 
91.7769 	 1 
91.7769 	 0 
91.7769 	 2 
92.0555 	 1 
92.0555 	 0 
92.0555 	 2 
92.3458 	 1 
92.3458 	 0 
92.3458 	 2 
92.6360 	 2 
92.6360 	 1 
92.6476 	 0 
92.8798 	 1 
92.9495 	 2 
92.9495 	 0 
92.9495 	 1 
93.0772 	 2 
93.2049 	 2 
93.2049 	 1 
93.2165 	 0 
93.5068 	 2 
93.5068 	 0 
93.5068 	 1 
93.7854 	 2 
93.8086 	 0 
93.8086 	 2 
93.8086 	 1 
94.0873 	 1 
94.0873 	 2 
94.0989 	 0 
94.3775 	 1 
94.3891 	 2 
94.3891 	 0 
94.6329 	 1 
94.6445 	 0 
94.6678 	 2 
94.9464 	 2 
94.9580 	 1 
94.9696 	 0 
95.2483 	 2 
95.2599 	 1 
95.2831 	 0 
95.5269 	 1 
95.5269 	 2 
95.5385 	 0 
95.8171 	 2 
95.8171 	 1 
95.8171 	 0 
96.0958 	 0 
96.0958 	 1 
96.1074 	 2 
96.3860 	 2 
96.3860 	 1 
96.3860 	 0 
96.6647 	 1 
96.6763 	 2 
96.6763 	 0 
96.9665 	 1 
96.9665 	 2 
96.9665 	 0 
97.2684 	 1 
97.2684 	 0 
97.2684 	 2 
97.5586 	 0 
97.5586 	 1 
97.5819 	 2 
97.8373 	 1 
97.8373 	 2 
97.8489 	 0 
98.1391 	 1 
98.1391 	 2 
98.4178 	 0 
98.4178 	 1 
98.4294 	 2 
98.6964 	 0 
98.6964 	 1 
98.7080 	 2 
98.9867 	 0 
98.9867 	 2 
98.9867 	 1 
99.2653 	 1 
99.2653 	 2 
99.2769 	 0 
99.4743 	 1 
99.5556 	 2 
99.5788 	 0 
99.5788 	 1 
99.8574 	 2 
99.8690 	 0 
99.8690 	 1 
100.1128 	 2 
100.1244 	 1 
100.1244 	 0 
100.3915 	 1 
100.4031 	 2 
100.7282 	 1 
100.7282 	 2 
100.7282 	 0 
100.9836 	 2 
100.9836 	 1 
100.9952 	 0 
101.2622 	 1 
101.2738 	 0 
101.2738 	 2 
101.5641 	 2 
101.5757 	 1 
101.5757 	 0 
101.8543 	 2 
101.8659 	 1 
101.8776 	 0 
102.1214 	 2 
102.1330 	 1 
102.1446 	 0 
102.3071 	 1 
102.3071 	 2 
102.4232 	 2 
102.4348 	 1 
102.4348 	 0 
102.7251 	 1 
103.0385 	 2 
103.0385 	 1 
103.0385 	 0 
103.3056 	 2 
103.3056 	 0 
103.3056 	 1 
103.5958 	 2 
103.5958 	 1 
103.6074 	 0 
103.8861 	 1 
103.8861 	 2 
103.8977 	 0 
104.0602 	 1 
104.1763 	 0 
104.1763 	 1 
104.1879 	 2 
104.4666 	 0 
104.4782 	 2 
104.4782 	 1 
104.5014 	 1 
104.7452 	 2 
104.7452 	 1 
104.7568 	 0 
105.0239 	 2 
105.0239 	 1 
105.0239 	 0 
105.3141 	 0 
105.3257 	 2 
105.3257 	 1 
105.6044 	 1 
105.6160 	 2 
105.6160 	 0 
105.8946 	 1 
105.9062 	 2 
105.9062 	 0 
106.2081 	 0 
106.2081 	 2 
106.2081 	 1 
106.4867 	 2 
106.4867 	 1 
106.4983 	 0 
106.7770 	 1 
106.7770 	 0 
106.7886 	 2 
107.0556 	 1 
107.0672 	 0 
107.0672 	 2 
107.3459 	 2 
107.3459 	 1 
107.3459 	 0 
107.6361 	 0 
107.6361 	 1 
107.6361 	 2 
107.9263 	 0 
107.9263 	 1 
107.9380 	 2 
108.1934 	 1 
108.2050 	 2 
108.2050 	 0 
108.4836 	 1 
108.4836 	 2 
108.4952 	 0 
108.7623 	 1 
108.7971 	 2 
108.8087 	 0 
108.8087 	 1 
109.0873 	 2 
109.0990 	 1 
109.3660 	 2 
109.3776 	 1 
109.3776 	 0 
109.6678 	 2 
109.6678 	 1 
109.9465 	 0 
109.9465 	 2 
109.9465 	 1 
110.2251 	 1 
110.2251 	 2 
110.2367 	 0 
110.5154 	 1 
110.5154 	 2 
110.5270 	 0 
110.8172 	 2 
110.8172 	 0 
110.8172 	 1 
111.1075 	 1 
111.1075 	 0 
111.1075 	 2 
111.3977 	 1 
111.3977 	 0 
111.3977 	 2 
111.6648 	 2 
111.6880 	 1 
111.6880 	 0 
111.9782 	 0 
111.9898 	 2 
111.9898 	 1 
112.2569 	 1 
112.2685 	 0 
112.2685 	 2 
112.5471 	 2 
112.5471 	 1 
112.5587 	 0 
112.8374 	 2 
112.8374 	 0 
112.8374 	 1 
113.1276 	 2 
113.1276 	 0 
113.1276 	 1 
113.4179 	 2 
113.4179 	 1 
113.4179 	 0 
113.7197 	 2 
113.7197 	 1 
113.7197 	 0 
113.9868 	 1 
113.9868 	 2 
113.9868 	 0 
114.2886 	 1 
114.2886 	 0 
114.2886 	 2 
114.5673 	 1 
114.5673 	 2 
114.5673 	 0 
114.8343 	 1 
114.8459 	 0 
114.8575 	 2 
115.1129 	 1 
115.1245 	 0 
115.1245 	 2 
115.4032 	 2 
115.4032 	 1 
115.4148 	 0 
115.7050 	 2 
115.7050 	 1 
115.7050 	 0 
115.9953 	 1 
116.0069 	 2 
116.2739 	 0 
116.2739 	 2 
116.2855 	 1 
116.5758 	 0 
116.5874 	 1 
116.5874 	 2 
116.8660 	 1 
116.8660 	 0 
116.8660 	 2 
117.1563 	 2 
117.1563 	 1 
117.1563 	 0 
117.4349 	 0 
117.4349 	 2 
117.4349 	 1 
117.7020 	 0 
117.7136 	 1 
117.7252 	 2 
118.0154 	 0 
118.0270 	 2 
118.0386 	 1 
118.2941 	 0 
118.3173 	 2 
118.3289 	 1 
118.5959 	 1 
118.5959 	 2 
118.5959 	 0 
118.8978 	 2 
118.8978 	 1 
119.1764 	 2 
119.1764 	 0 
119.1880 	 1 
119.4667 	 0 
119.4783 	 1 
119.4899 	 2 
119.7453 	 2 
119.7453 	 0 
119.7569 	 1 
120.0356 	 0 
120.0356 	 2 
120.0356 	 1 
120.3142 	 0 
120.3142 	 2 
120.3258 	 1 
120.5464 	 2 
120.6044 	 1 
120.6741 	 1 
120.6741 	 2 
120.7786 	 1 
120.7902 	 2 
120.8947 	 1 
120.9179 	 0 
121.1966 	 2 
121.1966 	 1 
121.4868 	 0 
121.4868 	 1 
121.4984 	 2 
121.7654 	 0 
121.7654 	 2 
121.7654 	 1 
122.0557 	 1 
122.0557 	 0 
122.0557 	 2 
122.3343 	 1 
122.3343 	 2 
122.3459 	 0 
122.6246 	 1 
122.6362 	 2 
122.6362 	 0 
122.9148 	 1 
122.9148 	 2 
122.9264 	 0 
123.2051 	 2 
123.2051 	 1 
123.2167 	 0 
123.4837 	 1 
123.4837 	 2 
123.4953 	 0 
123.7856 	 1 
123.7856 	 0 
123.7972 	 2 
124.0642 	 1 
124.0642 	 2 
124.0758 	 0 
124.3545 	 1 
124.3661 	 2 
124.3661 	 0 
124.6563 	 0 
124.6563 	 1 
124.6679 	 2 
124.9350 	 1 
124.9466 	 2 
124.9466 	 0 
125.2252 	 1 
125.2368 	 0 
125.2368 	 2 
125.5039 	 1 
125.5155 	 0 
125.5155 	 2 
125.8057 	 1 
125.8057 	 0 
125.8057 	 2 
126.0844 	 1 
126.0960 	 0 
126.0960 	 2 
126.3746 	 1 
126.3746 	 2 
126.3862 	 0 
126.6649 	 2 
126.6649 	 1 
126.6765 	 0 
126.9551 	 1 
126.9667 	 0 
126.9667 	 2 
127.2454 	 1 
127.2454 	 2 
127.2570 	 0 
127.5472 	 1 
127.5472 	 2 
127.5588 	 0 
127.8142 	 2 
127.8259 	 0 
127.8259 	 1 
128.1161 	 0 
128.1161 	 1 
128.1161 	 2 
128.3947 	 1 
128.3947 	 0 
128.4063 	 2 
128.6966 	 1 
128.6966 	 0 
128.6966 	 2 
128.9752 	 1 
128.9752 	 2 
128.9752 	 0 
129.2655 	 0 
129.2655 	 1 
129.2771 	 2 
129.5673 	 1 
129.5673 	 2 
129.5673 	 0 
129.8344 	 0 
129.8344 	 1 
129.8460 	 2 
130.1246 	 1 
130.1246 	 2 
130.1246 	 0 
130.4149 	 1 
130.4265 	 2 
130.7167 	 1 
130.7167 	 0 
130.7167 	 2 
130.9954 	 1 
130.9954 	 2 
130.9954 	 0 
131.2856 	 1 
131.2856 	 0 
131.2856 	 2 
131.5759 	 1 
131.5759 	 0 
131.5875 	 2 
131.7500 	 2 
131.8661 	 0 
131.8777 	 2 
131.8777 	 1 
132.1564 	 2 
132.1680 	 0 
132.1680 	 1 
132.4466 	 2 
132.4466 	 0 
132.4466 	 1 
132.7369 	 2 
132.7369 	 1 
132.7369 	 0 
133.0271 	 2 
133.0271 	 0 
133.0271 	 1 
133.3058 	 1 
133.3058 	 2 
133.3174 	 0 
133.5844 	 1 
133.5844 	 2 
133.5960 	 0 
133.8863 	 1 
133.8863 	 0 
133.8979 	 2 
134.1765 	 2 
134.1881 	 1 
134.1881 	 0 
134.4668 	 1 
134.4784 	 2 
134.4784 	 0 
134.7454 	 2 
134.7454 	 1 
134.7570 	 0 
135.0473 	 1 
135.0473 	 2 
135.3491 	 0 
135.3491 	 2 
135.3607 	 1 
135.6045 	 1 
135.6161 	 0 
135.6161 	 2 
135.8948 	 2 
135.8948 	 0 
135.8948 	 1 
136.1850 	 1 
136.4869 	 0 
136.4985 	 2 
136.4985 	 1 
136.7539 	 0 
136.7539 	 1 
136.7655 	 2 
137.0442 	 2 
137.0442 	 1 
137.3228 	 1 
137.3344 	 2 
137.3460 	 0 
137.6363 	 1 
137.6479 	 2 
137.6479 	 0 
137.8801 	 0 
137.8801 	 2 
137.8917 	 1 
138.2052 	 2 
138.2052 	 1 
138.2052 	 0 
138.4954 	 1 
138.4954 	 2 
138.4954 	 0 
138.7624 	 0 
138.7741 	 2 
138.7741 	 1 
138.9250 	 2 
139.0643 	 1 
139.3546 	 2 
139.3546 	 0 
139.3662 	 1 
139.6448 	 1 
139.6448 	 2 
139.9467 	 0 
139.9583 	 1 
139.9699 	 2 
140.2253 	 1 
140.2253 	 2 
140.2369 	 0 
140.5272 	 1 
140.5272 	 2 
140.5388 	 0 
140.8174 	 1 
140.8174 	 2 
141.1077 	 2 
141.1077 	 1 
141.1077 	 0 
141.3863 	 1 
141.4095 	 2 
141.4095 	 0 
141.6766 	 2 
141.6766 	 1 
141.6882 	 0 
141.9668 	 0 
141.9668 	 1 
141.9668 	 2 
142.2571 	 0 
142.2571 	 1 
142.2687 	 2 
142.5357 	 1 
142.5473 	 0 
142.5473 	 2 
142.8259 	 1 
142.8259 	 2 
142.8376 	 0 
143.1278 	 0 
143.1278 	 2 
143.1278 	 1 
143.3832 	 1 
143.4180 	 2 
143.6967 	 1 
143.6967 	 0 
143.7083 	 2 
143.9869 	 1 
143.9869 	 2 
143.9985 	 0 
144.2772 	 1 
144.2888 	 2 
144.5790 	 2 
144.5907 	 0 
144.6023 	 1 
144.8577 	 1 
144.8577 	 2 
144.8693 	 0 
145.1479 	 1 
145.1595 	 2 
145.1595 	 0 
145.4498 	 1 
145.4498 	 2 
145.4498 	 0 
145.7400 	 0 
145.7400 	 2 
145.7400 	 1 
146.0071 	 1 
146.0187 	 0 
146.0303 	 2 
146.3089 	 0 
146.3089 	 1 
146.3089 	 2 
146.5876 	 2 
146.5876 	 1 
146.8778 	 1 
146.8778 	 0 
146.8894 	 2 
147.1565 	 2 
147.1565 	 1 
147.1681 	 0 
147.4467 	 1 
147.4583 	 2 
147.4583 	 0 
147.7370 	 0 
147.7370 	 1 
147.7486 	 2 
148.0156 	 1 
148.0272 	 2 
148.0272 	 0 
148.3175 	 1 
148.3291 	 2 
148.3291 	 0 
148.6077 	 1 
148.6193 	 2 
148.6193 	 0 
148.9096 	 1 
148.9096 	 2 
148.9096 	 0 
149.1998 	 0 
149.2114 	 2 
149.2114 	 1 
149.4785 	 0 
149.4785 	 1 
149.4785 	 2 
149.7687 	 1 
149.7687 	 0 
149.7687 	 2 
150.0473 	 2 
150.0473 	 1 
150.0590 	 0 
150.3260 	 2 
150.3376 	 0 
150.3376 	 1 
150.6278 	 1 
150.6278 	 2 
150.6511 	 0 
150.9065 	 1 
150.9065 	 0 
150.9181 	 2 
151.1967 	 0 
151.1967 	 2 
151.1967 	 1 
151.4870 	 2 
151.4870 	 1 
151.4986 	 0 
151.7656 	 1 
151.7656 	 0 
151.7772 	 2 
152.0559 	 1 
152.0675 	 0 
152.0675 	 2 
152.3461 	 1 
152.3461 	 0 
152.3461 	 2 
152.6364 	 2 
152.6364 	 0 
152.6364 	 1 
152.9150 	 1 
152.9266 	 0 
152.9266 	 2 
153.2169 	 2 
153.2169 	 1 
153.2169 	 0 
153.4955 	 1 
153.5071 	 2 
153.7974 	 1 
153.8090 	 2 
153.8090 	 0 
154.0760 	 1 
154.0876 	 2 
154.0876 	 0 
154.3663 	 1 
154.3779 	 2 
154.3779 	 0 
154.6565 	 1 
154.6565 	 0 
154.6565 	 2 
154.9468 	 1 
154.9468 	 2 
154.9584 	 0 
155.2370 	 1 
155.2370 	 2 
155.2486 	 0 
155.5156 	 1 
155.5156 	 2 
155.5273 	 0 
155.8059 	 2 
155.8059 	 1 
155.8175 	 0 
156.0961 	 1 
156.1078 	 0 
156.1078 	 2 
156.3864 	 0 
156.3864 	 2 
156.3864 	 1 
156.6650 	 0 
156.6650 	 2 
156.6650 	 1 
156.9553 	 2 
156.9669 	 0 
156.9669 	 1 
157.2571 	 2 
157.2571 	 1 
157.2571 	 0 
157.5242 	 2 
157.5358 	 1 
157.5358 	 0 
157.8260 	 1 
157.8376 	 0 
157.8376 	 2 
158.1279 	 1 
158.1395 	 2 
158.4181 	 1 
158.4298 	 0 
158.4298 	 2 
158.6968 	 1 
158.6968 	 0 
158.7200 	 2 
158.9870 	 2 
158.9870 	 1 
158.9870 	 0 
159.1844 	 1 
159.1960 	 2 
159.2541 	 0 
159.2657 	 1 
159.2657 	 2 
159.5675 	 2 
159.5675 	 0 
159.5791 	 1 
159.8578 	 0 
159.8578 	 1 
159.8694 	 2 
160.1480 	 1 
160.1480 	 2 
160.1480 	 0 
160.4267 	 1 
160.4383 	 0 
160.4383 	 2 
160.7169 	 1 
160.7285 	 0 
160.7285 	 2 
160.9956 	 1 
160.9956 	 2 
160.9956 	 0 
161.2858 	 0 
161.2858 	 1 
161.2974 	 2 
161.5761 	 2 
161.5761 	 1 
161.5761 	 0 
161.8663 	 1 
161.8779 	 0 
161.8779 	 2 
162.1566 	 1 
162.1682 	 0 
162.1682 	 2 
162.4352 	 0 
162.4352 	 2 
162.4352 	 1 
162.7254 	 2 
162.7254 	 1 
162.7254 	 0 
163.0157 	 2 
163.0273 	 1 
163.0273 	 0 
163.3059 	 0 
163.3176 	 2 
163.3176 	 1 
163.5962 	 2 
163.5962 	 1 
163.6078 	 0 
163.8864 	 2 
163.8864 	 0 
163.8864 	 1 
164.1767 	 2 
164.1883 	 0 
164.1883 	 1 
164.4785 	 1 
164.4902 	 2 
164.4902 	 0 
164.7456 	 2 
164.7456 	 0 
164.7456 	 1 
165.0358 	 2 
165.0358 	 0 
165.0358 	 1 
165.3145 	 1 
165.3261 	 2 
165.3261 	 0 
165.6163 	 1 
165.6163 	 0 
165.6163 	 2 
165.9066 	 1 
165.9066 	 0 
165.9066 	 2 
166.1852 	 1 
166.1852 	 0 
166.1852 	 2 
166.4755 	 1 
166.4755 	 0 
166.4755 	 2 
166.7657 	 1 
166.7773 	 0 
166.7773 	 2 
167.0560 	 2 
167.0560 	 1 
167.0676 	 0 
167.3462 	 1 
167.3578 	 2 
167.3578 	 0 
167.6365 	 0 
167.6365 	 1 
167.6481 	 2 
167.9267 	 2 
167.9267 	 0 
167.9267 	 1 
168.2170 	 0 
168.2170 	 2 
168.2170 	 1 
168.4956 	 2 
168.4956 	 1 
168.5072 	 0 
168.7859 	 2 
168.7859 	 1 
168.7975 	 0 
169.0993 	 0 
169.0993 	 2 
169.0993 	 1 
169.3663 	 1 
169.3780 	 0 
169.3780 	 2 
169.6566 	 0 
169.6566 	 1 
169.6682 	 2 
169.9352 	 1 
169.9352 	 2 
169.9468 	 0 
170.2139 	 2 
170.2255 	 0 
170.2255 	 1 
170.5041 	 1 
170.5157 	 2 
170.5157 	 0 
170.7944 	 1 
170.8060 	 0 
170.8060 	 2 
171.0962 	 2 
171.0962 	 1 
171.1078 	 0 
171.3865 	 1 
171.3981 	 2 
171.4097 	 0 
171.6651 	 2 
171.6651 	 1 
171.6767 	 0 
171.9554 	 1 
171.9670 	 2 
172.2572 	 1 
172.2572 	 2 
172.2572 	 0 
172.5359 	 2 
172.5359 	 1 
172.5475 	 0 
172.8261 	 0 
172.8261 	 1 
172.8261 	 2 
173.1048 	 2 
173.1164 	 1 
173.1164 	 0 
173.3950 	 2 
173.4066 	 0 
173.4066 	 1 
173.6969 	 2 
173.6969 	 0 
173.6969 	 1 
173.9523 	 0 
173.9523 	 1 
173.9523 	 2 
174.2541 	 1 
174.2658 	 2 
174.5212 	 2 
174.5444 	 1 
174.5444 	 0 
174.5560 	 2 
174.8230 	 1 
174.8346 	 0 
174.8579 	 2 
175.1133 	 1 
175.1133 	 2 
175.1249 	 0 
175.4151 	 0 
175.4151 	 1 
175.4151 	 2 
175.6938 	 2 
175.6938 	 1 
175.7170 	 0 
176.0073 	 1 
176.0189 	 2 
176.2046 	 2 
176.2046 	 1 
176.2859 	 0 
176.2859 	 1 
176.2975 	 2 
176.5645 	 2 
176.5761 	 0 
176.5761 	 1 
176.8548 	 0 
176.8664 	 1 
176.8664 	 2 
177.1334 	 0 
177.1334 	 1 
177.1334 	 2 
177.4121 	 1 
177.4237 	 2 
177.4237 	 0 
177.7255 	 2 
177.7255 	 0 
177.7255 	 1 
177.9926 	 1 
177.9926 	 2 
178.0042 	 0 
178.2828 	 2 
178.2828 	 1 
178.2944 	 0 
178.5963 	 2 
178.5963 	 0 
178.5963 	 1 
178.8865 	 2 
178.8865 	 0 
178.8865 	 1 
179.1652 	 1 
179.1768 	 2 
179.1768 	 0 
179.4670 	 1 
179.4786 	 2 
179.4786 	 0 
179.6180 	 2 
179.7341 	 1 
179.7457 	 0 
179.7573 	 2 
180.0243 	 2 
180.0243 	 1 
180.0359 	 0 
180.3146 	 2 
180.3146 	 1 
180.3262 	 0 
180.4655 	 1 
180.4771 	 2 
180.5932 	 2 
180.6048 	 1 
180.6048 	 0 
180.8602 	 2 
180.8834 	 1 
180.8834 	 0 
181.1853 	 1 
181.1969 	 2 
181.2085 	 0 
181.4639 	 1 
181.4756 	 2 
181.5104 	 0 
181.5104 	 2 
181.5336 	 1 
181.7774 	 1 
181.7774 	 0 
181.7774 	 2 
182.0677 	 2 
182.0793 	 1 
182.0793 	 0 
182.3579 	 1 
182.3579 	 2 
182.3695 	 0 
182.6249 	 1 
182.6366 	 2 
182.6366 	 0 
182.9268 	 2 
182.9268 	 1 
182.9384 	 0 
183.2054 	 2 
183.2054 	 1 
183.2171 	 0 
183.4957 	 2 
183.5073 	 0 
183.5073 	 1 
183.7976 	 1 
183.7976 	 0 
183.7976 	 2 
184.0762 	 1 
184.0762 	 2 
184.0878 	 0 
184.3664 	 1 
184.3664 	 0 
184.3664 	 2 
184.6567 	 1 
184.6567 	 2 
184.6683 	 0 
184.9353 	 1 
184.9469 	 0 
184.9469 	 2 
185.2372 	 2 
185.2372 	 0 
185.2372 	 1 
185.5158 	 2 
185.5274 	 0 
185.5274 	 1 
185.7596 	 1 
185.8177 	 1 
186.1195 	 0 
186.1312 	 1 
186.1312 	 2 
186.3982 	 2 
186.3982 	 1 
186.3982 	 0 
186.6768 	 2 
186.6884 	 1 
186.6884 	 0 
186.9787 	 2 
186.9903 	 0 
186.9903 	 1 
187.2573 	 1 
187.2689 	 2 
187.2689 	 0 
187.5476 	 2 
187.5476 	 1 
187.5592 	 0 
187.8494 	 1 
187.8494 	 0 
187.8494 	 2 
188.1281 	 1 
188.1281 	 2 
188.1397 	 0 
188.4183 	 1 
188.4183 	 0 
188.4299 	 2 
188.6970 	 0 
188.6970 	 1 
188.6970 	 2 
188.8363 	 2 
188.9756 	 0 
188.9756 	 2 
188.9756 	 1 
189.2542 	 1 
189.2659 	 0 
189.2659 	 2 
189.5445 	 1 
189.5561 	 0 
189.5561 	 2 
189.8347 	 2 
189.8347 	 0 
189.8347 	 1 
190.1250 	 2 
190.1250 	 1 
190.1250 	 0 
190.4036 	 1 
190.4385 	 2 
190.7171 	 0 
190.7171 	 1 
190.7287 	 2 
190.8912 	 1 
190.9957 	 2 
190.9957 	 0 
190.9957 	 1 
191.2744 	 2 
191.2744 	 1 
191.2744 	 0 
191.5762 	 2 
191.5762 	 1 
191.5878 	 0 
191.8549 	 1 
191.8549 	 2 
191.8665 	 0 
192.0871 	 1 
192.4238 	 2 
192.4238 	 1 
192.4238 	 0 
192.7256 	 2 
192.7256 	 1 
193.0275 	 1 
193.0391 	 0 
193.0507 	 1 
193.0507 	 2 
193.3177 	 1 
193.3177 	 2 
193.3177 	 0 
193.5848 	 1 
193.5964 	 2 
193.8866 	 2 
193.8866 	 1 
193.8982 	 0 
194.1653 	 2 
194.1653 	 1 
194.1769 	 0 
194.4671 	 1 
194.4787 	 0 
194.4787 	 2 
194.7225 	 2 
194.7341 	 1 
194.7574 	 0 
195.0244 	 2 
195.0476 	 1 
195.3495 	 2 
195.3495 	 1 
195.3611 	 0 
195.6049 	 2 
195.6049 	 1 
195.6165 	 0 
195.9068 	 1 
195.9068 	 0 
195.9068 	 2 
196.1738 	 2 
196.1854 	 0 
196.1854 	 1 
196.4524 	 2 
196.4640 	 1 
196.4640 	 0 
196.7543 	 1 
196.7659 	 2 
196.7659 	 0 
197.0329 	 1 
197.0445 	 0 
197.0445 	 2 
197.3348 	 2 
197.3348 	 1 
197.3812 	 2 
197.6018 	 1 
197.6134 	 2 
197.6134 	 0 
197.9153 	 2 
197.9153 	 0 
197.9153 	 1 
198.1939 	 2 
198.1939 	 1 
198.2055 	 0 
198.4958 	 2 
198.4958 	 1 
198.6583 	 2 
198.6699 	 1 
198.7396 	 2 
198.7976 	 1 
198.7976 	 0 
198.7976 	 2 
199.0879 	 0 
199.0879 	 2 
199.0879 	 1 
199.3549 	 1 
199.3549 	 0 
199.3549 	 2 
199.6452 	 1 
199.6452 	 2 
199.6568 	 0 
199.9238 	 2 
199.9354 	 1 
199.9470 	 0 
200.2257 	 2 
200.2373 	 1 
200.2373 	 0 
200.5159 	 2 
200.5159 	 1 
200.5275 	 0 
200.8062 	 2 
200.8062 	 0 
200.8062 	 1 
201.0732 	 2 
201.0848 	 0 
201.0964 	 1 
201.3634 	 1 
201.3751 	 2 
201.3751 	 0 
201.6537 	 2 
201.6537 	 0 
201.6537 	 1 
201.9439 	 1 
201.9439 	 2 
201.9556 	 0 
202.2226 	 2 
202.2226 	 1 
202.2342 	 0 
202.5128 	 1 
202.5128 	 2 
202.5128 	 0 
202.8031 	 1 
202.8031 	 2 
202.8031 	 0 
203.0701 	 2 
203.0817 	 1 
203.0933 	 0 
203.3604 	 2 
203.3836 	 1 
203.3952 	 0 
203.5229 	 1 
203.9525 	 2 
203.9525 	 1 
203.9641 	 0 
204.2543 	 1 
204.5446 	 0 
204.5446 	 1 
204.5562 	 2 
204.8232 	 2 
204.8348 	 0 
204.8348 	 1 
205.1251 	 2 
205.1251 	 1 
205.1367 	 0 
205.4153 	 1 
205.4269 	 0 
205.4269 	 2 
205.5895 	 2 
205.6011 	 1 
205.6243 	 1 
205.7172 	 2 
205.7288 	 0 
205.7288 	 1 
205.9958 	 0 
205.9958 	 2 
205.9958 	 1 
206.2861 	 1 
206.2861 	 2 
206.2861 	 0 
206.5647 	 2 
206.5763 	 1 
206.5763 	 0 
206.8550 	 1 
206.8666 	 0 
206.8666 	 2 
207.1568 	 2 
207.1568 	 1 
207.1684 	 0 
207.4471 	 2 
207.4471 	 1 
207.4587 	 0 
207.7489 	 2 
207.7489 	 0 
207.7489 	 1 
208.0276 	 1 
208.0276 	 2 
208.0276 	 0 
208.3178 	 0 
208.3178 	 1 
208.3178 	 2 
208.6081 	 1 
208.6081 	 2 
208.6197 	 0 
208.9099 	 0 
208.9099 	 2 
208.9099 	 1 
209.1770 	 0 
209.1770 	 2 
209.1770 	 1 
209.4672 	 2 
209.4672 	 0 
209.4672 	 1 
209.7459 	 1 
209.7575 	 0 
209.7575 	 2 
210.0245 	 1 
210.0361 	 0 
210.0361 	 2 
210.3147 	 2 
210.3263 	 1 
210.3263 	 0 
210.6050 	 1 
210.6166 	 0 
210.6166 	 2 
210.8256 	 1 
210.8256 	 2 
210.8836 	 1 
210.8952 	 0 
211.1855 	 0 
211.1855 	 2 
211.1971 	 1 
211.4757 	 1 
211.4757 	 2 
211.4757 	 0 
211.7544 	 1 
211.7660 	 0 
211.7776 	 2 
212.0562 	 2 
212.0562 	 1 
212.0678 	 0 
212.3581 	 2 
212.3581 	 0 
212.3581 	 1 
212.6483 	 2 
212.6483 	 0 
212.6483 	 1 
212.9270 	 0 
212.9386 	 1 
212.9386 	 2 
213.0779 	 2 
213.2056 	 1 
213.2056 	 2 
213.2172 	 0 
213.5075 	 1 
213.5075 	 2 
213.5191 	 0 
213.7977 	 1 
213.8093 	 0 
213.8093 	 2 
214.0764 	 2 
214.0764 	 1 
214.0764 	 0 
214.3666 	 2 
214.3666 	 1 
214.3782 	 0 
214.6337 	 1 
214.6337 	 0 
214.6453 	 2 
214.9471 	 2 
214.9471 	 0 
214.9471 	 1 
215.2374 	 2 
215.2490 	 1 
215.5160 	 1 
215.5160 	 2 
215.5276 	 0 
215.8063 	 1 
215.8179 	 2 
216.1081 	 2 
216.1081 	 0 
216.1081 	 1 
216.3751 	 0 
216.3751 	 2 
216.3751 	 1 
216.6654 	 2 
216.6654 	 1 
216.6654 	 0 
216.9556 	 2 
216.9556 	 1 
216.9673 	 0 
217.2459 	 1 
217.2459 	 2 
217.2575 	 0 
217.5478 	 1 
217.5478 	 2 
217.5594 	 0 
217.8264 	 1 
217.8264 	 2 
217.8380 	 0 
218.1166 	 1 
218.1283 	 0 
218.1283 	 2 
218.4069 	 1 
218.4069 	 0 
218.4069 	 2 
218.6855 	 0 
218.6855 	 1 
218.6971 	 2 
218.9758 	 2 
218.9758 	 1 
218.9874 	 0 
219.2544 	 2 
219.2660 	 0 
219.2660 	 1 
219.4634 	 1 
219.5563 	 2 
219.5679 	 1 
219.5679 	 0 
219.8465 	 1 
219.8465 	 2 
219.8465 	 0 
220.1252 	 0 
220.1252 	 2 
220.1252 	 1 
220.4154 	 2 
220.4154 	 1 
220.7057 	 1 
220.7057 	 0 
220.7173 	 2 
220.9727 	 1 
220.9843 	 2 
220.9843 	 0 
221.2629 	 2 
221.2629 	 1 
221.2746 	 0 
221.5416 	 2 
221.5416 	 1 
221.5532 	 0 
221.8318 	 1 
221.8434 	 2 
221.8434 	 0 
222.1337 	 1 
222.1453 	 2 
222.1453 	 0 
222.4356 	 2 
222.4356 	 1 
222.4588 	 0 
222.7374 	 1 
222.7374 	 2 
223.0393 	 0 
223.0393 	 1 
223.0393 	 2 
223.2947 	 1 
223.2947 	 2 
223.3063 	 0 
223.5966 	 2 
223.5966 	 1 
223.6082 	 0 
223.8868 	 1 
223.8868 	 2 
223.8984 	 0 
224.1654 	 1 
224.1771 	 0 
224.1771 	 2 
224.4557 	 0 
224.4673 	 1 
224.4673 	 2 
224.7459 	 1 
224.7459 	 2 
224.7576 	 0 
225.0362 	 1 
225.0478 	 2 
225.0478 	 0 
225.3264 	 1 
225.3264 	 0 
225.3264 	 2 
225.6051 	 1 
225.6167 	 2 
225.6167 	 0 
225.8953 	 1 
225.8953 	 2 
225.9069 	 0 
226.1856 	 1 
226.1856 	 2 
226.1972 	 0 
226.4758 	 1 
226.4758 	 2 
226.4874 	 0 
226.7777 	 2 
226.7893 	 1 
226.7893 	 0 
227.0447 	 2 
227.0563 	 0 
227.0563 	 1 
227.3466 	 2 
227.3466 	 1 
227.3582 	 0 
227.6252 	 1 
227.6252 	 2 
227.6368 	 0 
227.9039 	 1 
227.9155 	 2 
227.9155 	 0 
228.1941 	 0 
228.1941 	 1 
228.1941 	 2 
228.4844 	 1 
228.4844 	 2 
228.4844 	 0 
228.7398 	 2 
228.7398 	 1 
228.7862 	 0 
229.0649 	 0 
229.0649 	 1 
229.0649 	 2 
229.3551 	 1 
229.3551 	 2 
229.3667 	 0 
229.6454 	 2 
229.6570 	 0 
229.6570 	 1 
229.9356 	 0 
229.9356 	 1 
229.9472 	 2 
230.2142 	 1 
230.2259 	 2 
230.2259 	 0 
230.5045 	 2 
230.5161 	 0 
230.5161 	 1 
230.8063 	 1 
230.8180 	 0 
230.8180 	 2 
231.0966 	 2 
231.0966 	 1 
231.1082 	 0 
231.3868 	 2 
231.3868 	 0 
231.3985 	 1 
231.6655 	 2 
231.6655 	 1 
231.6887 	 0 
231.9790 	 2 
231.9790 	 1 
232.2576 	 1 
232.2692 	 0 
232.2808 	 2 
232.5362 	 1 
232.5362 	 2 
232.5362 	 0 
232.8265 	 1 
232.8265 	 2 
232.8381 	 0 
233.1167 	 0 
233.1167 	 1 
233.1167 	 2 
233.4070 	 0 
233.4070 	 1 
233.4070 	 2 
233.7205 	 0 
233.7205 	 1 
233.7205 	 2 
233.9759 	 2 
233.9875 	 0 
233.9875 	 1 
234.2661 	 2 
234.2777 	 1 
234.2777 	 0 
234.5680 	 1 
234.5680 	 0 
234.5680 	 2 
234.8466 	 0 
234.8466 	 2 
234.8466 	 1 
235.1369 	 1 
235.1369 	 2 
235.1369 	 0 
235.4271 	 0 
235.4271 	 2 
235.4271 	 1 
235.7174 	 2 
235.7174 	 1 
235.7174 	 0 
236.0076 	 1 
236.0076 	 0 
236.0076 	 2 
236.2979 	 2 
236.2979 	 0 
236.2979 	 1 
236.5765 	 2 
236.5881 	 1 
236.5881 	 0 
236.8668 	 1 
236.8668 	 2 
236.8668 	 0 
237.1454 	 1 
237.1454 	 0 
237.1802 	 2 
237.4356 	 2 
237.4356 	 1 
237.4356 	 0 
237.7027 	 1 
237.7143 	 2 
238.0161 	 1 
238.0278 	 0 
238.0278 	 2 
238.2948 	 0 
238.3180 	 2 
238.3180 	 1 
238.5966 	 0 
238.5966 	 1 
238.5966 	 2 
238.8869 	 1 
238.8985 	 2 
239.1771 	 2 
239.1771 	 1 
239.1771 	 0 
239.4906 	 2 
239.4906 	 1 
239.6299 	 2 
239.7809 	 0 
239.7809 	 1 
239.7809 	 2 
240.0479 	 1 
240.0479 	 2 
240.3265 	 0 
240.3265 	 2 
240.3265 	 1 
240.6052 	 1 
240.6284 	 2 
240.8722 	 1 
240.8722 	 2 
240.9070 	 0 
241.1973 	 1 
241.1973 	 2 
241.1973 	 0 
241.4759 	 1 
241.4759 	 2 
241.4875 	 0 
241.7546 	 2 
241.7662 	 0 
241.7662 	 1 
242.0448 	 2 
242.0448 	 1 
242.0564 	 0 
242.3351 	 1 
242.3351 	 2 
242.3467 	 0 
242.6253 	 1 
242.6253 	 0 
242.6253 	 2 
242.9156 	 2 
242.9272 	 1 
242.9272 	 0 
243.2058 	 1 
243.2058 	 2 
243.2174 	 0 
243.5077 	 2 
243.5193 	 1 
243.7863 	 2 
243.7863 	 0 
243.7979 	 1 
243.8211 	 1 
243.8327 	 2 
244.0766 	 2 
244.0766 	 0 
244.0766 	 1 
244.3668 	 1 
244.3668 	 2 
244.3668 	 0 
244.6454 	 1 
244.6454 	 2 
244.6571 	 0 
244.9357 	 0 
244.9357 	 2 
244.9357 	 1 
245.2143 	 2 
245.2143 	 1 
245.2143 	 0 
245.4814 	 2 
245.4814 	 1 
245.4930 	 0 
245.7948 	 1 
245.7948 	 0 
246.0851 	 0 
246.1083 	 2 
246.1199 	 1 
246.3637 	 1 
246.3637 	 0 
246.3637 	 2 
246.6540 	 2 
246.6656 	 1 
246.6772 	 0 
246.9442 	 0 
246.9442 	 2 
246.9442 	 1 
247.2345 	 2 
247.2345 	 1 
247.2461 	 0 
247.5363 	 0 
247.5363 	 1 
247.5363 	 2 
247.8034 	 2 
247.8150 	 0 
247.8150 	 1 
248.1052 	 1 
248.1052 	 0 
248.1168 	 2 
248.4071 	 1 
248.4071 	 2 
248.4071 	 0 
248.6857 	 0 
248.6857 	 1 
248.6857 	 2 
248.9760 	 0 
248.9760 	 1 
248.9760 	 2 
249.2662 	 1 
249.2662 	 0 
249.2778 	 2 
249.5565 	 1 
249.5565 	 2 
249.5565 	 0 
249.7887 	 1 
249.8003 	 2 
249.8235 	 0 
250.1137 	 2 
250.1254 	 1 
250.1370 	 0 
250.4040 	 1 
250.4272 	 2 
250.7175 	 1 
250.7175 	 2 
250.7175 	 0 
250.9845 	 0 
250.9845 	 1 
250.9845 	 2 
251.2863 	 0 
251.2863 	 1 
251.2863 	 2 
251.5650 	 1 
251.5766 	 2 
251.5766 	 0 
251.8436 	 2 
251.8436 	 1 
251.8668 	 0 
252.1339 	 0 
252.1339 	 1 
252.1455 	 2 
252.4357 	 2 
252.4357 	 1 
252.4357 	 0 
252.7260 	 1 
252.7376 	 2 
252.7376 	 0 
253.0162 	 1 
253.0162 	 0 
253.0278 	 2 
253.2949 	 1 
253.2949 	 0 
253.2949 	 2 
253.5851 	 1 
253.5967 	 2 
253.5967 	 0 
253.8754 	 1 
253.8754 	 2 
253.8754 	 0 
254.1656 	 1 
254.1656 	 2 
254.1772 	 0 
254.4559 	 1 
254.4675 	 2 
254.4675 	 0 
254.7345 	 0 
254.7345 	 2 
254.7461 	 1 
255.0364 	 2 
255.0364 	 1 
255.0480 	 0 
255.3382 	 0 
255.3382 	 2 
255.3382 	 1 
255.4311 	 1 
255.6169 	 2 
255.6169 	 0 
255.6285 	 1 
255.9071 	 2 
255.9071 	 1 
255.9187 	 0 
256.1858 	 1 
256.1974 	 2 
256.1974 	 0 
256.4876 	 2 
256.4876 	 1 
256.4876 	 0 
256.7663 	 1 
256.7663 	 2 
256.7663 	 0 
257.0565 	 0 
257.0565 	 2 
257.0565 	 1 
257.3351 	 1 
257.3351 	 2 
257.3468 	 0 
257.6254 	 1 
257.6370 	 2 
257.6370 	 0 
257.9156 	 0 
257.9156 	 1 
257.9156 	 2 
258.1827 	 2 
258.1943 	 0 
258.1943 	 1 
258.4729 	 2 
258.4845 	 1 
258.4961 	 0 
258.7632 	 2 
258.7632 	 1 
258.7748 	 0 
259.0534 	 1 
259.3205 	 0 
259.3205 	 1 
259.3205 	 2 
259.6107 	 0 
259.6107 	 2 
259.6107 	 1 
259.8893 	 1 
259.9010 	 0 
259.9010 	 2 
260.2028 	 2 
260.2144 	 1 
260.2144 	 0 
260.4815 	 1 
260.4815 	 0 
260.4931 	 2 
260.7717 	 2 
260.7717 	 1 
260.7717 	 0 
261.0736 	 1 
261.0736 	 2 
261.0852 	 0 
261.3290 	 2 
261.3290 	 0 
261.3290 	 1 
261.6424 	 1 
261.6424 	 2 
261.6657 	 0 
261.9327 	 0 
261.9327 	 1 
261.9327 	 2 
262.2113 	 2 
262.2229 	 1 
262.2229 	 0 
262.4784 	 2 
262.5248 	 2 
262.5364 	 1 
262.5480 	 0 
262.5596 	 2 
262.6873 	 2 
262.7918 	 2 
262.7918 	 1 
263.0937 	 1 
263.0937 	 2 
263.0937 	 0 
263.3607 	 2 
263.3839 	 0 
263.3839 	 1 
263.6626 	 2 
263.6626 	 0 
263.6626 	 1 
263.9528 	 2 
263.9644 	 0 
263.9644 	 1 
264.5566 	 2 
264.5682 	 1 
264.5682 	 0 
264.8236 	 2 
264.8352 	 0 
264.8352 	 1 
265.1254 	 1 
265.1254 	 2 
265.1371 	 0 
265.4157 	 1 
265.4157 	 2 
265.6943 	 2 
265.6943 	 1 
265.7059 	 0 
265.9962 	 1 
266.0078 	 0 
266.0078 	 2 
266.2748 	 1 
266.2748 	 2 
266.2864 	 0 
266.5767 	 2 
266.5767 	 0 
266.5767 	 1 
266.8553 	 1 
266.8669 	 2 
266.8669 	 0 
267.1340 	 0 
267.1340 	 1 
267.1456 	 2 
267.4242 	 2 
267.4242 	 0 
267.4242 	 1 
267.7145 	 1 
267.7145 	 2 
267.7261 	 0 
268.0163 	 2 
268.0163 	 1 
268.0163 	 0 
268.3066 	 1 
268.3066 	 0 
268.3182 	 2 
268.4691 	 1 
268.5852 	 2 
268.5852 	 1 
268.5852 	 0 
268.8755 	 1 
268.8755 	 0 
268.8755 	 2 
269.1657 	 1 
269.1773 	 0 
269.1773 	 2 
269.4211 	 2 
269.4444 	 0 
269.4444 	 1 
269.4676 	 2 
269.4908 	 2 
269.7462 	 2 
269.7462 	 1 
269.7462 	 0 
270.0365 	 1 
270.0481 	 0 
270.0597 	 2 
270.3267 	 1 
270.3267 	 0 
270.3383 	 2 
270.6054 	 1 
270.6170 	 0 
270.6170 	 2 
270.8956 	 1 
270.8956 	 0 
270.9072 	 2 
271.1859 	 1 
271.1975 	 0 
271.1975 	 2 
271.4761 	 0 
271.4761 	 1 
271.4877 	 2 
271.7547 	 0 
271.7547 	 1 
271.7547 	 2 
272.0334 	 1 
272.0334 	 2 
272.0450 	 0 
272.3236 	 1 
272.3352 	 0 
272.3352 	 2 
272.6139 	 1 
272.6139 	 0 
272.6255 	 2 
272.8809 	 2 
272.8925 	 1 
272.8925 	 0 
273.1712 	 2 
273.1712 	 1 
273.1828 	 0 
273.4846 	 1 
273.7981 	 0 
273.7981 	 1 
273.8097 	 2 
274.0767 	 0 
274.0767 	 1 
274.0767 	 2 
274.3438 	 1 
274.6456 	 2 
274.6572 	 0 
274.6572 	 1 
274.9010 	 1 
274.9010 	 2 
274.9127 	 0 
275.1913 	 2 
275.1913 	 1 
275.2029 	 0 
275.2261 	 2 
275.4932 	 0 
275.4932 	 1 
275.4932 	 2 
275.7834 	 2 
275.7950 	 1 
275.9808 	 2 
276.0040 	 2 
276.0156 	 1 
276.1201 	 2 
276.1317 	 0 
276.1433 	 1 
276.2478 	 1 
276.3639 	 1 
276.3639 	 2 
276.3755 	 0 
276.6541 	 2 
276.6541 	 1 
276.9560 	 2 
276.9676 	 1 
276.9676 	 0 
277.2463 	 1 
277.2463 	 2 
277.2579 	 0 
277.5249 	 1 
277.8035 	 1 
277.8035 	 2 
277.8151 	 0 
278.0822 	 2 
278.0938 	 1 
278.3956 	 2 
278.4073 	 1 
278.4073 	 0 
278.6627 	 0 
278.6743 	 1 
278.6975 	 2 
278.9645 	 1 
278.9645 	 0 
278.9761 	 2 
279.2432 	 1 
279.2432 	 2 
279.2548 	 0 
279.5450 	 1 
279.5450 	 2 
279.5566 	 0 
279.8353 	 1 
279.8469 	 0 
279.8469 	 2 
280.1255 	 0 
280.1255 	 2 
280.1255 	 1 
280.4158 	 0 
280.4158 	 2 
280.4158 	 1 
280.6944 	 2 
280.7060 	 0 
280.7060 	 1 
280.9731 	 0 
280.9847 	 1 
280.9847 	 2 
281.2633 	 1 
281.2749 	 0 
281.2749 	 2 
281.5652 	 0 
281.5652 	 2 
281.5768 	 1 
281.8438 	 2 
281.8670 	 0 
281.8670 	 1 
282.1573 	 2 
282.1573 	 1 
282.1689 	 0 
282.4359 	 2 
282.4359 	 1 
282.4475 	 0 
282.7262 	 1 
282.7378 	 2 
283.0164 	 2 
283.0280 	 0 
283.0280 	 1 
283.2951 	 1 
283.3067 	 0 
283.3067 	 2 
283.5969 	 1 
283.5969 	 2 
283.5969 	 0 
283.8872 	 2 
283.8872 	 1 
283.8988 	 0 
284.1426 	 1 
284.1542 	 2 
284.1658 	 0 
284.4561 	 1 
284.4677 	 2 
284.5025 	 0 
284.7347 	 1 
284.7347 	 0 
284.7463 	 2 
285.0249 	 1 
285.0249 	 0 
285.0366 	 2 
285.2107 	 1 
285.3152 	 1 
285.3268 	 2 
285.3268 	 0 
285.4545 	 2 
285.4777 	 1 
285.5822 	 0 
285.5938 	 2 
285.5938 	 1 
285.8493 	 1 
285.8841 	 2 
285.8957 	 1 
285.8957 	 0 
286.0118 	 1 
286.1279 	 2 
286.1279 	 1 
286.3601 	 2 
286.4530 	 1 
286.4646 	 0 
286.4762 	 2 
286.7548 	 1 
287.0219 	 2 
287.0219 	 1 
287.0335 	 0 
287.3121 	 1 
287.3469 	 1 
287.6256 	 1 
287.6372 	 2 
287.6372 	 0 
287.8926 	 2 
287.9042 	 1 
287.9042 	 0 
288.1132 	 2 
288.2177 	 1 
288.2177 	 0 
288.2177 	 2 
288.4963 	 1 
288.4963 	 0 
288.5079 	 2 
288.6705 	 2 
288.6937 	 1 
288.7982 	 2 
288.8098 	 1 
289.0768 	 0 
289.0884 	 1 
289.0884 	 2 
289.3671 	 1 
289.3671 	 2 
289.3787 	 0 
289.6573 	 1 
289.6573 	 2 
289.6573 	 0 
289.9476 	 1 
289.9476 	 2 
289.9476 	 0 
290.2262 	 0 
290.2262 	 1 
290.2610 	 1 
290.2727 	 2 
290.5165 	 1 
290.5281 	 2 
290.5281 	 0 
290.8067 	 1 
290.8067 	 2 
290.8183 	 0 
291.0970 	 1 
291.0970 	 2 
291.1086 	 0 
291.3872 	 0 
291.3872 	 1 
291.3872 	 2 
291.6775 	 0 
291.6775 	 2 
291.6891 	 1 
291.9677 	 2 
291.9677 	 1 
291.9677 	 0 
292.2580 	 0 
292.2580 	 2 
292.2580 	 1 
292.5366 	 1 
292.5366 	 2 
292.5366 	 0 
292.8152 	 1 
292.8268 	 2 
292.8268 	 0 
293.0939 	 1 
293.1055 	 2 
293.1171 	 0 
293.3957 	 1 
293.3957 	 2 
293.4073 	 0 
293.6860 	 1 
293.6976 	 0 
293.6976 	 2 
293.9066 	 2 
293.9182 	 1 
293.9646 	 1 
293.9762 	 0 
293.9762 	 2 
294.2665 	 1 
294.2665 	 0 
294.2665 	 2 
294.5451 	 0 
294.5451 	 1 
294.5567 	 2 
294.8238 	 0 
294.8238 	 1 
294.8238 	 2 
295.1256 	 1 
295.1256 	 2 
295.1256 	 0 
295.4159 	 1 
295.4275 	 0 
295.4275 	 2 
295.7061 	 1 
295.7061 	 0 
295.7061 	 2 
295.9964 	 1 
295.9964 	 2 
295.9964 	 0 
296.2982 	 0 
296.2982 	 2 
296.2982 	 1 
296.5769 	 0 
296.5769 	 2 
296.5769 	 1 
296.8671 	 0 
296.8671 	 2 
296.8671 	 1 
297.1458 	 0 
297.1458 	 1 
297.1458 	 2 
297.4360 	 1 
297.4360 	 0 
297.4360 	 2 
297.7030 	 1 
297.7146 	 2 
297.7146 	 0 
298.0049 	 2 
298.0165 	 1 
298.0165 	 0 
298.3184 	 2 
298.3184 	 0 
298.3184 	 1 
298.5970 	 0 
298.5970 	 1 
298.5970 	 2 
298.8873 	 1 
298.8873 	 2 
299.1775 	 0 
299.1775 	 2 
299.1775 	 1 
299.4561 	 1 
299.4561 	 2 
299.4561 	 0 
299.7464 	 1 
299.7464 	 0 
299.7464 	 2 
300.0366 	 0 
300.0366 	 2 
300.0366 	 1 
300.3269 	 2 
300.3385 	 0 
300.3501 	 1 
300.6404 	 0 
300.6404 	 2 
300.6404 	 1 
300.8958 	 2 
300.9074 	 1 
300.9190 	 0 
301.0583 	 2 
301.1976 	 1 
301.1976 	 0 
301.1976 	 2 
301.4879 	 1 
301.4879 	 0 
301.4995 	 2 
301.7549 	 1 
301.7549 	 0 
301.7549 	 2 
302.0568 	 2 
302.0568 	 0 
302.0568 	 1 
302.3470 	 2 
302.3470 	 1 
302.5444 	 1 
302.6373 	 2 
302.6489 	 0 
302.6489 	 1 
302.9275 	 1 
302.9391 	 0 
302.9391 	 2 
303.2062 	 2 
303.2062 	 1 
303.2178 	 0 
303.4964 	 2 
303.5080 	 0 
303.5080 	 1 
303.7983 	 1 
303.7983 	 0 
303.8099 	 2 
304.0769 	 1 
304.0769 	 2 
304.0769 	 0 
304.3556 	 2 
304.3672 	 1 
304.3672 	 0 
304.6458 	 2 
304.6458 	 1 
304.6574 	 0 
304.9361 	 2 
304.9361 	 1 
304.9477 	 0 
305.2147 	 1 
305.2263 	 2 
305.2263 	 0 
305.4817 	 2 
305.5049 	 1 
305.5166 	 0 
305.7836 	 2 
305.7836 	 1 
305.7952 	 0 
306.0971 	 0 
306.0971 	 1 
306.1087 	 2 
306.3525 	 2 
306.3641 	 1 
306.3641 	 0 
306.6659 	 1 
306.6659 	 2 
306.6776 	 0 
306.9562 	 1 
306.9562 	 2 
306.9678 	 0 
307.2464 	 1 
307.2580 	 2 
307.2580 	 0 
307.5367 	 0 
307.5483 	 1 
307.5599 	 2 
307.8269 	 2 
307.8269 	 0 
307.8269 	 1 
308.1172 	 2 
308.1172 	 1 
308.1288 	 0 
308.4190 	 1 
308.4190 	 2 
308.4190 	 0 
308.6861 	 1 
308.6861 	 2 
308.6977 	 0 
308.9763 	 2 
308.9763 	 1 
308.9879 	 0 
309.2666 	 1 
309.2782 	 2 
309.2782 	 0 
309.5684 	 1 
309.5684 	 2 
309.5800 	 0 
309.8587 	 0 
309.8587 	 2 
309.8587 	 1 
310.1373 	 0 
310.1373 	 2 
310.1373 	 1 
310.4276 	 2 
310.4276 	 1 
310.4276 	 0 
310.7062 	 1 
310.7062 	 2 
310.7062 	 0 
310.9849 	 1 
310.9849 	 2 
310.9849 	 0 
311.2635 	 1 
311.2635 	 2 
311.2635 	 0 
311.5537 	 2 
311.5654 	 1 
311.5654 	 0 
311.7976 	 1 
311.8556 	 2 
311.8672 	 1 
311.8672 	 0 
312.1459 	 0 
312.1459 	 2 
312.1459 	 1 
312.4361 	 2 
312.4361 	 1 
312.4477 	 0 
312.7263 	 0 
312.7263 	 2 
312.7263 	 1 
313.0050 	 1 
313.0166 	 0 
313.0166 	 2 
313.2952 	 2 
313.2952 	 1 
313.3068 	 0 
313.5855 	 1 
313.5971 	 0 
313.5971 	 2 
313.8757 	 0 
313.8757 	 1 
313.8757 	 2 
314.1660 	 1 
314.1660 	 2 
314.1776 	 0 
314.4562 	 2 
314.4678 	 0 
314.4678 	 1 
314.6072 	 2 
314.7233 	 2 
314.7349 	 0 
314.7349 	 1 
315.0367 	 0 
315.0367 	 1 
315.0367 	 2 
315.3270 	 1 
315.3270 	 0 
315.3386 	 2 
315.6172 	 0 
315.6172 	 1 
315.6288 	 2 
315.9075 	 2 
315.9075 	 0 
315.9075 	 1 
316.1861 	 0 
316.1861 	 1 
316.1977 	 2 
316.4764 	 2 
316.4880 	 1 
316.4880 	 0 
316.7782 	 1 
316.7898 	 2 
317.0453 	 1 
317.0453 	 2 
317.0569 	 0 
317.3355 	 1 
317.3471 	 2 
317.6258 	 1 
317.6258 	 2 
317.6258 	 0 
317.9160 	 2 
317.9160 	 0 
317.9160 	 1 
318.1946 	 1 
318.1946 	 2 
318.2063 	 0 
318.4965 	 1 
318.4965 	 0 
318.4965 	 2 
318.7868 	 2 
318.7868 	 1 
318.7868 	 0 
319.0770 	 1 
319.0886 	 2 
319.3556 	 0 
319.3673 	 2 
319.3673 	 1 
319.6575 	 0 
319.6575 	 1 
319.6575 	 2 
319.9478 	 2 
319.9478 	 1 
319.9478 	 0 
320.2264 	 0 
320.2264 	 2 
320.2264 	 1 
320.5050 	 2 
320.5050 	 1 
320.5166 	 0 
320.7837 	 2 
320.7953 	 1 
320.8069 	 0 
321.0971 	 0 
321.0971 	 1 
321.1088 	 2 
321.3874 	 0 
321.3990 	 1 
321.3990 	 2 
321.6776 	 2 
321.6776 	 1 
321.6776 	 0 
321.9563 	 2 
321.9563 	 1 
321.9563 	 0 
322.2465 	 0 
322.2581 	 1 
322.2698 	 2 
322.5368 	 1 
322.8270 	 1 
322.8270 	 0 
322.8270 	 2 
323.0941 	 2 
323.1057 	 0 
323.1057 	 1 
323.3843 	 2 
323.3843 	 1 
323.3959 	 0 
323.6629 	 1 
323.6629 	 2 
323.9416 	 2 
323.9532 	 1 
323.9764 	 0 
324.2202 	 1 
324.5685 	 1 
324.5801 	 2 
324.5801 	 0 
324.8472 	 1 
324.8472 	 2 
324.8588 	 0 
325.0794 	 1 
325.0794 	 2 
325.1374 	 1 
325.1490 	 2 
325.1490 	 0 
325.4161 	 1 
325.4161 	 2 
325.4393 	 0 
325.7179 	 1 
325.7179 	 2 
325.7179 	 0 
326.0082 	 1 
326.0082 	 2 
326.2752 	 1 
326.2752 	 2 
326.2868 	 0 
326.5887 	 1 
326.5887 	 2 
326.8557 	 1 
326.8673 	 2 
326.8673 	 0 
327.1343 	 1 
327.1459 	 2 
327.1459 	 0 
327.4246 	 1 
327.4362 	 0 
327.4362 	 2 
327.7264 	 0 
327.7264 	 1 
327.7264 	 2 
328.0167 	 1 
328.0283 	 2 
328.0283 	 0 
328.3185 	 1 
328.3302 	 0 
328.3302 	 2 
328.5856 	 1 
328.5856 	 2 
328.5972 	 0 
328.8758 	 0 
328.8874 	 2 
328.8990 	 1 
329.1661 	 0 
329.1661 	 2 
329.1661 	 1 
329.4447 	 1 
329.4447 	 2 
329.4563 	 0 
329.7350 	 0 
329.7350 	 1 
329.7350 	 2 
330.0368 	 2 
330.0368 	 0 
330.0368 	 1 
330.3271 	 0 
330.3271 	 2 
330.3271 	 1 
330.6173 	 0 
330.6289 	 1 
330.6289 	 2 
330.8960 	 2 
330.8960 	 1 
330.9076 	 0 
331.1978 	 0 
331.2094 	 1 
331.2094 	 2 
331.4649 	 1 
331.4765 	 0 
331.4997 	 2 
331.7667 	 2 
331.7667 	 1 
331.7667 	 0 
332.0454 	 2 
332.0570 	 0 
332.0570 	 1 
332.3472 	 0 
332.3472 	 1 
332.3588 	 2 
332.6375 	 0 
332.6375 	 1 
332.6491 	 2 
332.9161 	 0 
332.9161 	 1 
332.9161 	 2 
333.1947 	 0 
333.1947 	 1 
333.1947 	 2 
333.4966 	 1 
333.4966 	 2 
333.4966 	 0 
333.7868 	 2 
333.7868 	 0 
333.7868 	 1 
334.0655 	 2 
334.0655 	 1 
334.0771 	 0 
334.3557 	 1 
334.3557 	 2 
334.3673 	 0 
334.6576 	 0 
334.6576 	 2 
334.6576 	 1 
334.8201 	 1 
334.8317 	 2 
334.9478 	 1 
334.9478 	 2 
334.9478 	 0 
335.2265 	 1 
335.2265 	 2 
335.2381 	 0 
335.5167 	 0 
335.5167 	 1 
335.5167 	 2 
335.7954 	 0 
335.8070 	 2 
335.8070 	 1 
336.0856 	 2 
336.0856 	 0 
336.0856 	 1 
336.3759 	 2 
336.3759 	 0 
336.3759 	 1 
336.6661 	 2 
336.6661 	 1 
336.6661 	 0 
336.7010 	 2 
336.7010 	 1 
336.9564 	 1 
336.9564 	 2 
336.9680 	 0 
337.2466 	 2 
337.2466 	 1 
337.2466 	 0 
337.5369 	 1 
337.5369 	 2 
337.5485 	 0 
337.8155 	 2 
337.8271 	 0 
337.8271 	 1 
338.1174 	 2 
338.1174 	 1 
338.4192 	 2 
338.4192 	 0 
338.4192 	 1 
338.6746 	 1 
338.6863 	 0 
338.6863 	 2 
338.9649 	 1 
338.9765 	 2 
338.9765 	 0 
339.2435 	 2 
339.2551 	 1 
339.5570 	 0 
339.5570 	 1 
339.5802 	 2 
339.8473 	 1 
339.8473 	 0 
339.8473 	 2 
340.1027 	 2 
340.1143 	 1 
340.3929 	 2 
340.3929 	 1 
340.4045 	 0 
340.6832 	 2 
340.6948 	 1 
340.7064 	 0 
340.9618 	 2 
340.9734 	 1 
341.2521 	 2 
341.2521 	 0 
341.2521 	 1 
341.5423 	 1 
341.5539 	 2 
341.5539 	 0 
341.8093 	 2 
341.8210 	 1 
341.8210 	 0 
342.0996 	 2 
342.0996 	 1 
342.1112 	 0 
342.3898 	 1 
342.3898 	 2 
342.4015 	 0 
342.7033 	 1 
342.7033 	 2 
342.9936 	 1 
343.0052 	 2 
343.0052 	 0 
343.2838 	 1 
343.2838 	 2 
343.2838 	 0 
343.5741 	 1 
343.5857 	 2 
343.5857 	 0 
343.8643 	 2 
343.8759 	 0 
343.8759 	 1 
344.1546 	 1 
344.1662 	 0 
344.1662 	 2 
344.4448 	 0 
344.4448 	 2 
344.4448 	 1 
344.7234 	 1 
344.7351 	 0 
344.7351 	 2 
345.0137 	 1 
345.0253 	 0 
345.0253 	 2 
345.3156 	 2 
345.3156 	 0 
345.3156 	 1 
345.5942 	 1 
345.6058 	 2 
345.8728 	 0 
345.8728 	 1 
345.8844 	 2 
346.1631 	 2 
346.1631 	 1 
346.1747 	 0 
346.4417 	 2 
346.4417 	 1 
346.4533 	 0 
346.7320 	 0 
346.7436 	 1 
346.7436 	 2 
347.0338 	 1 
347.0338 	 2 
347.0338 	 0 
347.3125 	 2 
347.3241 	 1 
347.6143 	 1 
347.6143 	 0 
347.6259 	 2 
347.9046 	 0 
347.9046 	 1 
347.9046 	 2 
348.2064 	 0 
348.2064 	 1 
348.2064 	 2 
348.4851 	 1 
348.4851 	 2 
348.7869 	 0 
348.7869 	 2 
348.7985 	 1 
349.0656 	 0 
349.0656 	 2 
349.0656 	 1 
349.3558 	 1 
349.3558 	 2 
349.3674 	 0 
349.6461 	 2 
349.6461 	 1 
349.6461 	 0 
349.9247 	 0 
349.9247 	 2 
349.9247 	 1 
350.2034 	 0 
350.2034 	 1 
350.2266 	 2 
350.5052 	 2 
350.5052 	 1 
350.5052 	 0 
350.7955 	 1 
351.0857 	 1 
351.0857 	 0 
351.0973 	 2 
351.4108 	 1 
351.4108 	 2 
351.7243 	 2 
351.7359 	 1 
351.7359 	 0 
351.9913 	 1 
352.3048 	 1 
352.3048 	 0 
352.3164 	 2 
352.6647 	 2 
352.9085 	 0 
352.9085 	 1 
352.9201 	 2 
353.2800 	 1 
353.6631 	 1 
353.6747 	 2 
353.6863 	 0 
353.9185 	 2 
353.9185 	 1 
353.9185 	 0 
354.9170 	 1 
354.9402 	 1 
355.1376 	 2 
355.1492 	 1 
355.1492 	 0 
356.4844 	 1 
356.6469 	 2 
356.6585 	 1 
356.7862 	 2 
356.7978 	 1 
356.9023 	 2 
356.9720 	 1 
357.2042 	 2 
357.3551 	 2 
357.3667 	 1 
357.5989 	 2 
357.6105 	 1 
357.7266 	 2 
