5.3406 	 2 
8.4172 	 0 
10.3793 	 0 
12.0976 	 2 
12.3414 	 2 
13.2122 	 0 
13.5837 	 2 
13.8507 	 0 
14.3035 	 1 
14.3151 	 0 
14.8027 	 0 
17.7400 	 1 
17.8678 	 1 
17.9839 	 1 
18.0071 	 0 
18.1116 	 1 
18.2393 	 1 
18.2393 	 0 
18.3670 	 1 
18.4831 	 1 
18.5063 	 0 
18.7385 	 1 
18.7385 	 0 
18.8546 	 1 
18.9823 	 1 
19.0984 	 1 
19.2145 	 1 
19.2610 	 0 
19.3306 	 1 
19.4699 	 1 
19.4932 	 0 
19.5860 	 1 
19.7137 	 1 
19.7254 	 0 
19.8298 	 1 
19.8763 	 0 
19.9692 	 1 
20.0156 	 1 
20.2014 	 1 
20.2710 	 1 
20.2826 	 0 
20.3291 	 1 
20.3871 	 1 
20.4103 	 0 
20.4568 	 1 
20.5845 	 1 
20.7122 	 1 
20.7819 	 1 
20.8167 	 1 
20.8399 	 1 
20.8515 	 0 
20.8747 	 1 
20.9096 	 1 
20.9560 	 1 
21.1534 	 1 
21.2230 	 0 
21.2811 	 1 
21.3856 	 2 
21.3972 	 1 
21.4436 	 1 
21.4785 	 0 
21.5133 	 1 
21.6410 	 1 
21.6642 	 1 
23.6379 	 0 
24.1139 	 1 
24.4854 	 0 
24.8454 	 0 
25.0776 	 1 
25.3330 	 0 
25.4375 	 1 
25.5652 	 2 
25.5768 	 0 
26.0412 	 1 
26.4243 	 0 
26.7842 	 0 
27.0164 	 1 
27.2602 	 0 
27.3879 	 0 
27.5156 	 0 
27.9800 	 1 
28.3516 	 0 
28.7231 	 0 
28.9437 	 1 
29.1991 	 0 
29.3268 	 1 
29.4313 	 2 
29.4429 	 0 
29.9189 	 1 
30.2904 	 0 
30.6503 	 0 
30.8825 	 1 
31.3818 	 0 
31.8462 	 1 
32.2293 	 0 
32.5892 	 0 
32.8214 	 1 
33.0768 	 0 
33.1813 	 1 
33.3090 	 2 
33.3090 	 0 
33.7966 	 1 
34.1682 	 0 
34.5281 	 0 
34.7487 	 1 
35.0041 	 0 
35.1202 	 1 
35.1318 	 0 
35.2479 	 0 
35.4685 	 2 
35.7239 	 2 
35.7355 	 1 
35.9677 	 2 
36.0838 	 0 
36.1999 	 2 
36.2115 	 0 
36.4437 	 0 
36.4437 	 2 
36.6875 	 1 
36.6875 	 2 
36.9313 	 2 
36.9429 	 0 
37.1751 	 2 
37.1868 	 0 
37.4190 	 2 
37.4190 	 0 
37.6512 	 2 
37.6512 	 1 
37.9066 	 2 
38.0227 	 0 
38.1388 	 2 
38.1388 	 0 
38.3826 	 2 
38.3942 	 0 
38.6148 	 1 
38.6264 	 2 
38.7077 	 1 
38.8702 	 2 
39.1024 	 1 
39.1140 	 2 
39.1140 	 0 
39.3462 	 2 
39.3578 	 0 
39.5784 	 1 
39.5900 	 2 
39.8338 	 2 
39.9615 	 0 
40.0776 	 0 
40.0776 	 2 
40.3215 	 0 
40.3215 	 2 
40.5537 	 1 
40.5537 	 2 
40.7975 	 0 
40.7975 	 2 
40.9252 	 1 
41.0064 	 1 
41.0413 	 2 
41.0529 	 0 
41.2735 	 1 
41.2851 	 0 
41.2851 	 2 
41.5289 	 1 
41.5289 	 2 
41.7611 	 2 
41.9120 	 0 
42.0049 	 2 
42.2603 	 2 
42.2603 	 0 
42.3880 	 0 
42.4925 	 1 
42.4925 	 2 
42.7363 	 2 
42.7363 	 0 
42.8640 	 0 
42.9801 	 2 
42.9917 	 0 
43.2123 	 2 
43.4678 	 1 
43.4678 	 2 
43.7116 	 2 
43.8161 	 0 
43.9438 	 2 
43.9786 	 0 
44.0715 	 2 
44.1876 	 0 
44.1992 	 2 
44.4314 	 1 
44.4314 	 2 
44.6752 	 2 
44.6752 	 0 
44.9190 	 0 
44.9190 	 2 
45.1628 	 2 
45.3950 	 1 
45.3950 	 2 
45.6388 	 2 
45.7781 	 0 
45.8826 	 0 
46.1264 	 2 
46.1264 	 0 
46.3586 	 1 
46.3702 	 2 
46.5908 	 1 
46.6024 	 2 
46.8579 	 0 
47.0901 	 2 
47.0901 	 0 
47.2178 	 2 
47.3339 	 1 
47.3339 	 2 
47.5777 	 2 
47.7054 	 0 
47.8215 	 0 
48.0537 	 0 
48.0537 	 2 
48.2975 	 2 
48.2975 	 1 
48.5413 	 2 
48.5529 	 0 
48.6690 	 1 
48.7851 	 2 
48.7967 	 0 
49.0289 	 2 
49.0289 	 0 
49.2727 	 1 
49.2727 	 2 
49.5166 	 2 
49.6443 	 0 
49.7604 	 2 
50.0042 	 0 
50.0042 	 2 
50.1203 	 0 
50.2364 	 2 
50.2364 	 1 
50.4918 	 0 
50.5847 	 1 
50.5963 	 0 
50.7124 	 1 
50.7240 	 2 
50.7356 	 0 
50.9446 	 2 
51.2000 	 2 
51.2116 	 1 
51.4438 	 2 
51.5715 	 0 
51.6760 	 2 
51.6992 	 0 
51.9314 	 2 
51.9314 	 0 
52.1752 	 1 
52.1752 	 2 
52.4190 	 2 
52.4190 	 0 
52.5235 	 1 
52.6280 	 2 
52.6629 	 2 
52.6629 	 0 
52.8951 	 2 
52.8951 	 0 
53.1389 	 2 
53.1389 	 1 
53.3827 	 2 
53.5104 	 0 
53.6149 	 0 
53.6149 	 2 
53.7194 	 1 
53.8703 	 0 
53.8703 	 2 
54.1025 	 1 
54.1025 	 2 
54.3347 	 1 
54.3463 	 2 
54.5785 	 2 
54.6017 	 0 
54.8339 	 0 
54.8339 	 2 
55.0777 	 2 
55.0777 	 1 
55.3215 	 2 
55.4376 	 0 
55.5537 	 2 
55.5654 	 0 
55.7976 	 0 
55.8092 	 2 
56.0414 	 1 
56.0414 	 2 
56.2852 	 2 
56.2968 	 0 
56.4013 	 1 
56.5290 	 0 
56.5290 	 2 
56.7728 	 0 
56.7728 	 2 
57.0166 	 1 
57.0166 	 2 
57.2488 	 2 
57.3881 	 0 
57.4926 	 2 
57.7364 	 2 
57.7364 	 0 
57.8641 	 0 
57.9802 	 1 
57.9802 	 2 
58.2240 	 0 
58.2240 	 2 
58.3401 	 0 
58.4562 	 1 
58.4678 	 2 
58.4678 	 0 
58.7000 	 2 
58.9439 	 2 
58.9439 	 1 
59.1877 	 2 
59.3154 	 0 
59.4199 	 2 
59.6753 	 2 
59.6753 	 0 
59.9075 	 1 
59.9075 	 2 
60.1513 	 2 
60.1629 	 0 
60.2674 	 1 
60.3719 	 2 
60.3951 	 2 
60.4067 	 0 
60.6273 	 1 
60.6273 	 2 
60.6389 	 0 
60.8711 	 1 
60.8827 	 2 
61.1265 	 2 
61.2542 	 0 
61.3703 	 0 
61.3703 	 2 
61.6141 	 0 
61.6141 	 2 
61.8463 	 1 
61.8463 	 2 
62.0902 	 2 
62.3340 	 0 
62.3340 	 2 
62.5662 	 2 
62.5778 	 0 
62.8216 	 1 
62.8216 	 2 
63.0538 	 2 
63.1815 	 0 
63.2976 	 2 
63.3092 	 0 
63.5414 	 2 
63.5414 	 0 
63.7852 	 1 
63.7852 	 2 
64.0058 	 1 
64.0290 	 2 
64.0406 	 0 
64.1451 	 1 
64.2728 	 2 
64.2728 	 0 
64.4934 	 2 
64.5166 	 0 
64.7488 	 2 
64.7488 	 1 
64.9927 	 2 
65.1320 	 0 
65.2365 	 2 
65.3642 	 2 
65.3758 	 1 
65.4803 	 2 
65.4803 	 0 
65.4919 	 1 
65.6080 	 2 
65.6080 	 0 
65.7241 	 2 
65.7241 	 1 
65.8402 	 2 
65.8634 	 1 
65.9679 	 0 
65.9679 	 2 
66.0840 	 1 
66.0956 	 0 
66.2117 	 2 
66.4323 	 2 
66.4439 	 1 
66.6877 	 1 
66.6877 	 2 
66.9315 	 2 
67.0592 	 0 
67.1753 	 2 
67.1753 	 0 
67.4075 	 2 
67.4075 	 0 
67.6513 	 1 
67.6513 	 2 
67.9068 	 0 
67.9068 	 2 
68.0112 	 1 
68.1390 	 2 
68.1506 	 0 
68.3828 	 2 
68.3828 	 0 
68.6266 	 1 
68.6266 	 2 
68.8704 	 1 
68.8704 	 2 
68.9865 	 0 
69.1026 	 2 
69.1142 	 0 
69.3464 	 1 
69.3464 	 2 
69.3580 	 0 
69.5902 	 1 
69.5902 	 2 
69.6715 	 1 
69.8340 	 2 
70.0778 	 2 
70.0894 	 0 
70.3100 	 2 
70.3216 	 0 
70.5654 	 2 
70.5654 	 1 
70.7976 	 2 
70.9370 	 0 
71.0415 	 2 
71.0415 	 0 
71.2853 	 2 
71.2853 	 0 
71.5291 	 1 
71.5291 	 2 
71.7729 	 0 
71.7729 	 2 
71.8890 	 1 
72.0051 	 2 
72.0167 	 0 
72.2605 	 0 
72.2605 	 2 
72.4927 	 1 
72.5043 	 2 
72.7365 	 2 
72.8758 	 0 
72.9803 	 2 
73.2241 	 0 
73.2241 	 2 
73.3518 	 0 
73.4563 	 2 
73.4679 	 1 
73.7001 	 2 
73.7117 	 0 
73.8395 	 0 
73.9556 	 2 
73.9556 	 0 
74.1878 	 2 
74.4316 	 1 
74.4316 	 2 
74.6754 	 2 
74.8031 	 0 
74.9076 	 1 
74.9192 	 2 
75.1514 	 2 
75.1746 	 0 
75.3952 	 1 
75.4068 	 2 
75.6390 	 2 
75.6506 	 0 
75.7667 	 1 
75.8828 	 0 
75.8828 	 2 
76.1150 	 1 
76.1266 	 0 
76.1266 	 2 
76.3588 	 2 
76.3704 	 1 
76.6142 	 2 
76.7420 	 0 
76.8580 	 2 
76.8580 	 0 
77.0902 	 2 
77.0902 	 0 
77.0902 	 1 
77.3224 	 1 
77.3341 	 2 
77.5779 	 2 
77.8101 	 1 
77.8217 	 2 
77.8217 	 0 
78.0655 	 0 
78.0655 	 2 
78.3093 	 2 
78.3093 	 1 
78.5415 	 2 
78.6692 	 0 
78.7853 	 0 
78.7853 	 2 
78.7969 	 1 
79.0291 	 2 
79.0291 	 0 
79.2729 	 1 
79.2729 	 2 
79.5167 	 0 
79.5167 	 2 
79.6328 	 1 
79.7489 	 1 
79.7605 	 2 
79.7605 	 0 
79.9927 	 2 
79.9927 	 0 
80.2366 	 2 
80.2366 	 1 
80.4804 	 2 
80.6197 	 0 
80.7242 	 2 
80.9680 	 2 
80.9680 	 0 
81.0841 	 2 
81.0957 	 0 
81.2002 	 2 
81.2002 	 1 
81.4440 	 2 
81.4556 	 0 
81.4556 	 1 
81.5717 	 0 
81.6994 	 0 
81.9200 	 2 
82.1754 	 1 
82.1754 	 2 
82.4076 	 2 
82.5353 	 0 
82.6630 	 0 
82.8952 	 0 
82.8952 	 2 
83.1390 	 2 
83.1390 	 1 
83.3829 	 0 
83.3829 	 2 
83.4990 	 1 
83.6267 	 2 
83.6383 	 0 
83.8589 	 2 
83.8705 	 0 
84.1027 	 1 
84.1027 	 2 
84.3465 	 2 
84.4742 	 0 
84.5903 	 2 
84.5903 	 0 
84.8341 	 2 
84.8457 	 0 
85.0779 	 2 
85.0779 	 1 
85.3217 	 2 
85.5539 	 2 
85.5655 	 0 
85.7977 	 2 
85.8093 	 0 
86.0415 	 2 
86.0415 	 1 
86.2854 	 2 
86.4131 	 0 
86.5292 	 0 
86.5292 	 2 
86.7730 	 2 
86.7730 	 0 
87.0052 	 1 
87.0168 	 2 
87.2490 	 0 
87.2606 	 2 
87.3651 	 1 
87.5044 	 2 
87.5044 	 0 
87.7366 	 0 
87.7366 	 2 
87.9804 	 2 
87.9804 	 1 
88.2242 	 2 
88.3519 	 0 
88.4680 	 2 
88.7118 	 2 
88.7118 	 0 
88.8279 	 2 
88.8395 	 0 
88.9440 	 1 
88.9440 	 2 
89.1762 	 2 
89.1878 	 0 
89.2691 	 0 
89.4317 	 2 
89.4433 	 0 
89.6639 	 2 
89.9193 	 1 
89.9193 	 2 
90.1515 	 2 
90.2792 	 0 
90.3953 	 2 
90.6391 	 1 
90.6391 	 2 
90.6507 	 0 
90.8829 	 2 
90.8829 	 1 
91.1267 	 0 
91.1383 	 2 
91.2428 	 1 
91.3705 	 2 
91.3821 	 0 
91.6027 	 2 
91.6143 	 0 
91.8465 	 1 
91.8465 	 2 
91.9278 	 1 
92.0903 	 2 
92.2064 	 0 
92.3341 	 2 
92.3341 	 0 
92.5663 	 2 
92.5780 	 0 
92.8102 	 2 
92.8102 	 1 
93.0656 	 2 
93.2978 	 2 
93.3094 	 0 
93.5416 	 2 
93.5532 	 0 
93.7738 	 1 
93.7854 	 2 
94.0292 	 2 
94.1569 	 0 
94.2730 	 2 
94.2730 	 0 
94.5168 	 2 
94.5168 	 0 
94.7490 	 2 
94.7490 	 1 
94.9928 	 2 
95.0044 	 0 
95.1205 	 1 
95.2366 	 2 
95.2483 	 0 
95.4805 	 0 
95.4805 	 2 
95.7243 	 1 
95.7243 	 2 
95.9681 	 2 
96.0958 	 0 
96.2119 	 2 
96.4441 	 0 
96.4441 	 2 
96.5718 	 0 
96.6879 	 1 
96.6879 	 2 
96.9317 	 2 
96.9317 	 0 
97.0594 	 0 
97.1755 	 0 
97.1755 	 2 
97.4077 	 2 
97.6515 	 1 
97.6631 	 2 
97.8837 	 2 
98.0230 	 0 
98.1275 	 1 
98.1391 	 2 
98.1507 	 0 
98.3829 	 0 
98.3829 	 2 
98.6151 	 1 
98.6151 	 2 
98.8706 	 0 
98.8706 	 2 
99.1028 	 1 
99.1144 	 0 
99.1144 	 2 
99.3234 	 1 
99.3466 	 0 
99.3466 	 2 
99.5904 	 2 
99.8342 	 2 
99.9619 	 0 
100.0664 	 2 
100.0780 	 0 
100.3102 	 1 
100.3218 	 0 
100.3218 	 2 
100.5656 	 1 
100.5656 	 2 
100.7978 	 2 
101.0300 	 1 
101.0532 	 0 
101.0532 	 2 
101.2854 	 0 
101.2854 	 2 
101.5176 	 1 
101.5293 	 2 
101.7615 	 2 
101.9008 	 0 
102.0053 	 2 
102.2375 	 2 
102.2607 	 0 
102.4929 	 2 
102.4929 	 1 
102.7367 	 2 
102.7483 	 0 
102.9805 	 2 
102.9921 	 0 
103.2243 	 2 
103.2243 	 0 
103.4681 	 2 
103.4681 	 1 
103.7003 	 2 
103.8396 	 0 
103.9441 	 2 
104.1879 	 2 
104.1879 	 0 
104.3040 	 2 
104.3156 	 0 
104.4317 	 1 
104.4317 	 2 
104.6639 	 2 
104.6756 	 0 
104.9194 	 2 
104.9194 	 0 
105.1516 	 2 
105.3954 	 2 
105.3954 	 1 
105.6392 	 2 
105.7669 	 0 
105.8830 	 2 
106.1268 	 0 
106.1268 	 1 
106.1268 	 2 
106.3590 	 1 
106.3706 	 2 
106.6144 	 2 
106.6144 	 0 
106.7189 	 1 
106.8582 	 0 
106.8582 	 2 
107.0904 	 2 
107.1020 	 0 
107.3226 	 1 
107.3342 	 2 
107.5780 	 2 
107.7058 	 0 
107.8102 	 2 
107.8219 	 0 
108.0541 	 0 
108.0541 	 2 
108.2979 	 2 
108.2979 	 1 
108.5417 	 2 
108.7971 	 2 
108.7971 	 0 
109.0293 	 0 
109.0293 	 2 
109.2615 	 1 
109.2731 	 2 
109.5169 	 2 
109.6330 	 0 
109.7375 	 2 
109.7607 	 0 
109.9929 	 2 
109.9929 	 0 
110.2251 	 1 
110.2367 	 2 
110.4805 	 2 
110.4805 	 0 
110.6083 	 1 
110.7244 	 0 
110.7244 	 2 
110.9566 	 1 
110.9566 	 0 
110.9566 	 2 
111.2004 	 2 
111.2120 	 1 
111.4442 	 2 
111.5835 	 0 
111.6880 	 2 
111.6880 	 1 
111.9318 	 2 
111.9434 	 0 
112.1640 	 2 
112.1756 	 1 
112.4194 	 2 
112.4194 	 1 
112.4194 	 0 
112.6632 	 0 
112.8954 	 2 
113.1392 	 2 
113.1392 	 1 
113.3830 	 2 
113.8590 	 2 
113.8707 	 0 
114.1029 	 1 
114.1029 	 2 
114.3467 	 2 
114.3583 	 0 
114.4512 	 2 
114.4860 	 1 
114.6021 	 0 
114.6021 	 2 
114.8343 	 2 
115.0781 	 2 
115.0781 	 1 
115.3103 	 2 
115.3219 	 1 
115.4612 	 0 
115.5657 	 2 
115.8095 	 0 
115.8095 	 2 
116.0301 	 1 
116.0417 	 2 
116.2391 	 1 
116.2739 	 2 
116.5293 	 2 
116.5410 	 0 
116.7732 	 0 
116.7732 	 2 
117.0054 	 1 
117.0054 	 2 
117.2608 	 2 
117.4930 	 2 
117.4930 	 0 
117.7252 	 1 
117.7368 	 0 
117.9690 	 1 
117.9806 	 2 
118.2244 	 2 
118.2244 	 0 
118.4682 	 2 
118.4682 	 0 
118.7004 	 2 
118.7004 	 0 
118.9326 	 2 
118.9442 	 1 
119.1764 	 2 
119.3157 	 0 
119.4202 	 2 
119.6640 	 0 
119.6756 	 2 
119.9078 	 1 
119.9078 	 2 
120.1517 	 0 
120.1633 	 2 
120.3955 	 2 
120.4071 	 0 
120.6393 	 2 
120.8715 	 2 
120.8831 	 1 
121.1153 	 1 
121.1269 	 2 
121.2430 	 0 
121.3707 	 2 
121.6145 	 0 
121.6145 	 2 
121.8467 	 1 
121.8467 	 2 
122.0905 	 2 
122.1021 	 0 
122.3459 	 2 
122.3459 	 0 
122.5781 	 2 
122.5781 	 0 
122.8103 	 1 
122.8220 	 2 
123.0658 	 2 
123.0774 	 1 
123.2980 	 2 
123.2980 	 0 
123.5418 	 2 
123.5418 	 1 
123.5534 	 0 
123.7740 	 1 
123.7856 	 2 
124.0294 	 2 
124.2732 	 0 
124.2732 	 2 
124.5054 	 2 
124.5170 	 0 
124.7492 	 2 
124.7492 	 1 
124.9930 	 2 
125.1207 	 0 
125.2252 	 0 
125.2368 	 2 
125.4806 	 0 
125.7128 	 2 
125.7128 	 1 
125.9566 	 0 
125.9683 	 2 
126.2121 	 2 
126.2121 	 0 
126.4443 	 2 
126.4559 	 0 
126.6881 	 1 
126.6881 	 2 
126.9203 	 2 
127.0596 	 0 
127.1757 	 2 
127.4195 	 0 
127.4195 	 2 
127.6517 	 2 
127.8955 	 2 
127.8955 	 0 
128.0000 	 1 
128.0348 	 0 
128.1509 	 0 
128.3715 	 2 
128.6269 	 2 
128.6269 	 1 
128.8707 	 2 
129.1029 	 2 
129.1146 	 0 
129.3468 	 0 
129.3468 	 2 
129.5906 	 2 
129.5906 	 1 
129.8344 	 0 
129.8344 	 2 
130.0782 	 2 
130.0782 	 0 
130.3104 	 2 
130.3220 	 0 
130.5542 	 2 
130.5658 	 1 
130.7980 	 2 
130.9257 	 0 
131.0418 	 2 
131.2740 	 2 
131.2856 	 0 
131.4133 	 0 
131.5294 	 2 
131.5294 	 1 
131.7616 	 2 
132.0171 	 2 
132.0171 	 0 
132.2493 	 2 
132.4931 	 2 
132.4931 	 1 
132.7253 	 2 
132.8646 	 0 
132.9807 	 0 
133.2129 	 2 
133.2245 	 0 
133.4683 	 2 
133.4683 	 1 
133.7005 	 2 
133.7121 	 0 
133.8166 	 1 
133.9443 	 2 
133.9443 	 0 
134.1881 	 2 
134.1881 	 0 
134.4319 	 1 
134.4319 	 2 
134.6757 	 2 
134.8034 	 0 
134.9079 	 2 
135.1517 	 2 
135.1517 	 0 
135.2795 	 0 
135.3956 	 1 
135.3956 	 2 
135.6161 	 0 
135.6510 	 2 
135.8832 	 2 
135.8948 	 1 
136.0457 	 1 
136.1154 	 2 
136.3708 	 1 
136.3708 	 2 
136.6030 	 2 
136.7423 	 0 
136.8468 	 0 
136.8468 	 2 
137.0906 	 2 
137.0906 	 0 
137.3344 	 1 
137.3344 	 2 
137.5782 	 2 
137.5782 	 0 
137.8220 	 0 
137.8220 	 2 
138.0542 	 2 
138.0659 	 0 
138.2980 	 2 
138.2980 	 1 
138.5419 	 2 
138.6696 	 0 
138.7857 	 2 
138.7973 	 0 
139.0295 	 2 
139.0295 	 0 
139.2501 	 2 
139.2617 	 1 
139.3313 	 1 
139.5171 	 2 
139.7493 	 2 
139.7609 	 0 
139.9931 	 2 
140.0047 	 0 
140.2369 	 1 
140.2369 	 2 
140.4807 	 2 
140.6084 	 0 
140.7129 	 2 
140.7245 	 0 
140.9567 	 2 
140.9683 	 0 
141.2005 	 2 
141.2005 	 1 
141.4444 	 0 
141.4444 	 2 
141.5721 	 1 
141.6649 	 2 
141.6882 	 0 
141.9320 	 2 
141.9320 	 0 
142.1758 	 2 
142.1758 	 1 
142.4196 	 2 
142.5473 	 0 
142.6634 	 2 
142.8956 	 2 
142.9072 	 0 
143.0233 	 2 
143.0349 	 0 
143.1394 	 1 
143.1394 	 2 
143.3832 	 0 
143.3948 	 2 
143.4993 	 1 
143.5109 	 0 
143.6154 	 1 
143.6270 	 0 
143.6270 	 2 
143.8592 	 2 
144.1030 	 1 
144.1146 	 2 
144.3585 	 2 
144.4746 	 0 
144.5907 	 2 
144.8345 	 2 
144.8461 	 0 
145.0667 	 1 
145.0783 	 2 
145.3221 	 2 
145.3221 	 0 
145.4382 	 1 
145.5659 	 2 
145.5775 	 0 
145.7981 	 2 
145.8097 	 0 
146.0419 	 1 
146.0419 	 2 
146.2857 	 2 
146.4134 	 0 
146.5295 	 0 
146.5295 	 2 
146.7733 	 0 
146.7733 	 2 
147.0055 	 1 
147.0055 	 2 
147.2610 	 2 
147.4932 	 2 
147.5048 	 0 
147.7370 	 2 
147.7370 	 0 
147.9808 	 2 
147.9924 	 1 
148.2246 	 2 
148.3407 	 0 
148.4568 	 2 
148.4684 	 0 
148.7006 	 2 
148.7006 	 0 
148.9444 	 2 
148.9444 	 1 
149.1882 	 0 
149.1882 	 2 
149.3043 	 1 
149.4320 	 2 
149.4436 	 0 
149.6758 	 2 
149.6758 	 0 
149.9196 	 1 
149.9196 	 2 
150.1634 	 2 
150.2912 	 0 
150.3956 	 2 
150.6395 	 0 
150.6395 	 2 
150.7672 	 0 
150.7672 	 2 
150.8833 	 2 
150.8833 	 1 
150.9413 	 1 
151.1271 	 2 
151.1271 	 0 
151.2548 	 0 
151.3709 	 2 
151.3825 	 0 
151.6031 	 2 
151.8469 	 2 
151.8469 	 1 
152.0907 	 2 
152.2184 	 0 
152.3345 	 2 
152.3461 	 0 
152.5667 	 2 
152.5783 	 0 
152.8221 	 1 
152.8221 	 2 
153.0659 	 2 
153.0659 	 0 
153.3098 	 0 
153.3098 	 2 
153.5303 	 2 
153.5536 	 0 
153.7858 	 2 
153.7858 	 1 
154.0296 	 2 
154.1457 	 0 
154.2502 	 2 
154.2734 	 0 
154.5056 	 2 
154.5172 	 0 
154.7494 	 2 
154.7494 	 1 
154.9932 	 2 
155.2370 	 2 
155.2486 	 0 
155.4692 	 2 
155.4808 	 0 
155.7246 	 2 
155.7246 	 1 
155.9568 	 2 
156.0845 	 0 
156.2006 	 2 
156.2122 	 0 
156.4444 	 0 
156.4444 	 2 
156.6883 	 1 
156.6883 	 2 
156.9321 	 0 
156.9437 	 2 
157.0482 	 1 
157.1759 	 2 
157.1759 	 0 
157.4081 	 2 
157.4197 	 0 
157.6519 	 1 
157.6635 	 2 
157.8957 	 2 
158.0350 	 0 
158.1395 	 2 
158.3833 	 0 
158.3833 	 2 
158.5110 	 0 
158.5110 	 2 
158.6271 	 1 
158.6271 	 2 
158.8593 	 2 
158.8709 	 0 
158.9986 	 0 
159.1031 	 2 
159.1147 	 0 
159.3237 	 2 
159.5907 	 2 
159.5907 	 1 
159.8346 	 2 
159.9623 	 0 
160.0668 	 2 
160.3106 	 2 
160.3222 	 0 
160.5544 	 2 
160.5660 	 1 
160.7982 	 0 
160.8098 	 2 
160.8678 	 0 
161.0536 	 2 
161.0536 	 0 
161.2742 	 2 
161.2858 	 0 
161.5296 	 2 
161.5296 	 1 
161.7734 	 2 
161.9011 	 0 
161.9940 	 2 
162.0056 	 0 
162.2494 	 1 
162.2494 	 2 
162.2494 	 0 
162.4932 	 1 
162.4932 	 2 
162.7371 	 2 
162.9693 	 2 
162.9809 	 0 
163.2131 	 2 
163.2247 	 0 
163.4569 	 1 
163.4685 	 2 
163.7007 	 2 
163.8284 	 0 
163.9445 	 2 
163.9445 	 0 
164.1883 	 2 
164.1883 	 0 
164.4321 	 2 
164.4321 	 1 
164.6759 	 0 
164.6759 	 2 
164.7920 	 1 
164.9081 	 0 
164.9197 	 2 
165.1519 	 2 
165.1635 	 0 
165.3957 	 2 
165.3957 	 1 
165.6395 	 2 
165.7673 	 0 
165.8834 	 2 
166.1272 	 2 
166.1272 	 0 
166.2549 	 0 
166.3710 	 2 
166.3710 	 1 
166.6032 	 2 
166.6148 	 0 
166.7309 	 0 
166.8470 	 2 
166.8586 	 0 
167.0908 	 2 
167.3346 	 1 
167.3346 	 2 
167.5784 	 2 
167.6945 	 0 
167.6945 	 1 
167.8106 	 2 
167.8338 	 0 
168.0544 	 0 
168.0544 	 2 
168.2982 	 1 
168.2982 	 2 
168.5420 	 0 
168.5420 	 2 
168.7859 	 2 
168.7975 	 0 
169.0180 	 2 
169.0297 	 0 
169.2619 	 1 
169.2735 	 2 
169.5057 	 2 
169.6334 	 0 
169.7495 	 2 
169.7611 	 0 
169.9933 	 2 
170.0049 	 0 
170.2371 	 2 
170.2371 	 1 
170.4809 	 2 
170.7247 	 2 
170.7247 	 0 
170.9685 	 2 
170.9685 	 0 
171.2007 	 2 
171.2123 	 1 
171.4445 	 2 
171.5722 	 0 
171.6883 	 2 
171.7000 	 0 
171.9438 	 0 
172.1644 	 1 
172.1760 	 2 
172.4082 	 2 
172.4198 	 0 
172.6520 	 2 
172.6636 	 0 
172.8958 	 0 
172.8958 	 2 
173.1396 	 2 
173.1396 	 1 
173.3834 	 2 
173.5111 	 0 
173.6156 	 2 
173.8710 	 2 
173.8710 	 0 
173.9871 	 2 
173.9987 	 0 
174.1032 	 1 
174.1148 	 2 
174.1613 	 1 
174.3470 	 2 
174.3470 	 0 
174.4747 	 0 
174.5908 	 2 
174.6024 	 0 
174.8230 	 2 
175.0668 	 2 
175.0785 	 1 
175.3107 	 2 
175.4384 	 0 
175.5545 	 2 
175.7983 	 2 
175.8099 	 0 
176.0421 	 2 
176.0421 	 1 
176.2859 	 2 
176.2859 	 0 
176.5413 	 0 
176.7735 	 2 
176.7735 	 0 
177.0057 	 1 
177.0173 	 2 
177.2495 	 2 
177.3888 	 0 
177.4933 	 2 
177.5049 	 0 
177.7371 	 2 
177.7371 	 0 
177.9693 	 1 
177.9810 	 2 
178.2248 	 2 
178.4686 	 0 
178.4686 	 2 
178.7124 	 2 
178.9446 	 1 
178.9562 	 2 
179.1884 	 2 
179.3161 	 0 
179.4206 	 2 
179.4206 	 0 
179.6644 	 2 
179.6760 	 0 
179.9198 	 2 
180.1520 	 2 
180.1636 	 0 
180.3958 	 2 
180.4074 	 0 
180.6280 	 1 
180.6280 	 2 
180.6396 	 0 
180.8834 	 2 
180.8834 	 1 
181.1156 	 2 
181.2550 	 0 
181.3711 	 2 
181.3711 	 1 
181.6149 	 2 
181.6149 	 0 
181.7310 	 2 
181.7310 	 0 
181.8471 	 2 
181.8587 	 1 
182.0793 	 1 
182.0909 	 0 
182.1025 	 2 
182.3463 	 2 
182.3463 	 0 
182.5669 	 2 
182.8107 	 1 
182.8223 	 2 
183.0545 	 2 
183.2983 	 2 
183.3099 	 0 
183.5421 	 2 
183.5421 	 0 
183.7743 	 1 
183.7743 	 2 
184.0298 	 2 
184.0298 	 0 
184.1459 	 1 
184.2736 	 0 
184.5058 	 0 
184.5058 	 2 
184.7496 	 1 
184.7496 	 2 
184.9934 	 2 
185.1211 	 0 
185.2372 	 0 
185.2372 	 2 
185.4694 	 1 
185.4810 	 2 
185.4810 	 0 
185.7132 	 2 
185.7132 	 1 
185.9222 	 1 
185.9570 	 2 
186.2008 	 2 
186.2124 	 0 
186.4446 	 0 
186.4562 	 2 
186.6768 	 1 
186.6884 	 2 
186.9322 	 2 
187.0600 	 0 
187.1528 	 2 
187.1761 	 0 
187.4199 	 2 
187.4315 	 0 
187.6521 	 2 
187.6521 	 1 
187.8959 	 2 
187.9075 	 0 
188.1397 	 2 
188.1513 	 0 
188.3835 	 0 
188.3835 	 2 
188.6273 	 2 
188.6273 	 1 
188.8711 	 2 
188.9872 	 1 
188.9988 	 0 
189.1033 	 2 
189.3471 	 2 
189.3587 	 0 
189.4748 	 0 
189.5909 	 1 
189.5909 	 2 
189.8347 	 0 
190.0785 	 2 
190.0785 	 0 
190.5546 	 1 
190.5546 	 2 
190.7984 	 1 
190.7984 	 2 
190.9261 	 0 
191.0422 	 2 
191.2860 	 2 
191.2860 	 0 
191.5298 	 2 
191.5298 	 1 
191.7852 	 2 
191.8897 	 2 
192.0174 	 2 
192.0290 	 0 
192.2496 	 2 
192.2612 	 0 
192.4934 	 2 
192.4934 	 1 
192.7372 	 2 
192.8649 	 0 
192.9810 	 0 
192.9810 	 2 
193.2249 	 2 
193.2249 	 0 
193.4687 	 2 
193.4687 	 1 
193.7125 	 2 
193.9563 	 2 
193.9563 	 0 
194.1885 	 2 
194.1885 	 0 
194.4207 	 2 
194.4323 	 1 
194.6761 	 2 
194.7922 	 0 
194.9199 	 2 
194.9199 	 0 
195.1637 	 0 
195.1637 	 2 
195.3843 	 1 
195.3959 	 2 
195.6397 	 0 
195.6397 	 2 
195.7558 	 1 
195.8835 	 2 
195.8951 	 0 
196.1157 	 2 
196.1273 	 0 
196.3595 	 1 
196.3595 	 2 
196.6034 	 2 
196.7427 	 0 
196.8472 	 2 
197.0910 	 0 
197.1026 	 2 
197.3348 	 2 
197.5670 	 2 
197.5670 	 0 
197.7179 	 0 
197.8224 	 1 
197.8340 	 0 
198.0546 	 2 
198.2984 	 1 
198.2984 	 2 
198.5422 	 2 
198.7976 	 0 
199.0298 	 2 
199.2620 	 2 
199.2737 	 1 
199.5059 	 0 
199.5059 	 2 
199.6336 	 1 
199.7613 	 2 
199.7613 	 0 
199.9935 	 0 
199.9935 	 2 
200.2373 	 2 
200.2373 	 1 
200.4811 	 2 
200.6088 	 0 
200.7133 	 2 
200.9571 	 2 
200.9687 	 0 
201.2009 	 2 
201.2009 	 1 
201.4447 	 0 
201.4447 	 2 
201.6885 	 2 
201.6885 	 1 
201.7001 	 0 
201.9323 	 2 
202.1761 	 1 
202.1761 	 2 
202.4200 	 2 
202.5477 	 0 
202.6522 	 2 
202.6638 	 0 
202.8960 	 2 
202.8960 	 0 
203.1398 	 2 
203.1398 	 1 
203.3836 	 2 
203.3952 	 0 
203.5113 	 1 
203.6042 	 1 
203.6274 	 0 
203.6274 	 2 
203.8596 	 0 
203.8596 	 2 
204.1150 	 2 
204.1150 	 1 
204.3472 	 2 
204.4865 	 0 
204.5910 	 2 
204.5910 	 0 
204.8232 	 2 
204.8348 	 0 
204.9625 	 0 
205.0786 	 2 
205.0786 	 1 
205.3224 	 0 
205.3224 	 2 
205.5663 	 0 
205.5663 	 1 
205.5663 	 2 
