0.480	0
13.720	2
22.600	0
25.160	1
26.740	0
26.740	1
26.960	2
27.540	2
27.730	1
27.730	2
28.320	0
28.320	1
28.530	2
28.720	2
29.310	1
29.850	2
30.890	1
31.480	0
31.480	1
33.060	1
33.270	2
33.860	2
34.050	1
34.840	2
35.040	2
36.210	1
37.200	1
38.780	1
39.050	2
39.370	1
39.590	2
39.770	0
40.170	2
40.360	1
40.360	2
40.640	2
40.950	1
41.160	2
41.350	2
41.760	2
41.940	1
42.220	2
42.530	1
42.750	2
43.340	2
43.520	1
43.520	2
44.110	1
44.320	2
44.510	0
44.700	0
45.100	2
45.890	1
45.890	2
46.670	2
47.460	2
47.860	1
48.250	2
49.040	2
49.830	2
50.620	2
51.410	2
52.200	2
52.990	2
53.780	2
54.180	0
54.570	2
55.360	2
56.150	2
56.940	2
57.730	2
58.520	2
58.920	0
59.310	2
60.100	2
60.490	0
60.890	2
61.080	0
61.670	2
62.460	2
63.250	2
63.450	0
64.040	2
64.830	2
65.030	0
65.620	2
66.410	2
66.810	0
67.200	2
67.990	2
68.780	2
69.570	2
73.600	2
82.610	1
84.570	2
85.760	0
86.350	1
86.940	2
87.730	2
88.520	2
89.310	2
90.100	2
92.070	2
93.250	2
94.040	2
94.830	2
95.620	2
96.410	2
97.200	2
97.990	2
98.780	2
99.570	2
100.360	2
101.150	2
101.940	2
102.730	2
103.520	2
104.310	2
105.100	2
105.890	2
106.680	2
107.460	2
107.870	0
109.830	2
110.620	0
110.620	2
111.410	2
112.200	2
112.990	2
113.780	2
114.180	0
114.570	2
115.170	0
115.360	2
116.150	2
116.750	0
116.940	2
117.730	2
118.520	2
119.310	2
120.890	2
121.680	2
122.460	2
123.250	2
124.040	2
124.240	0
124.830	2
125.620	2
125.820	0
126.410	2
127.200	2
127.400	0
127.990	2
128.780	2
129.570	2
131.150	2
131.940	2
133.130	0
133.520	2
134.310	2
135.100	2
136.280	0
137.460	2
138.250	2
139.040	2
140.620	2
141.020	1
141.810	1
142.600	0
143.000	2
143.390	1
144.580	2
144.960	1
145.760	0
146.540	1
146.540	2
147.340	0
147.740	0
148.120	1
148.520	1
149.700	1
150.500	0
151.280	1
152.080	0
152.860	1
153.650	1
156.020	1
156.020	2
157.210	0
157.600	1
158.390	0
159.170	1
160.750	1
161.550	0
162.330	1
162.330	2
163.910	1
164.700	1
166.280	1
168.650	1
169.450	0
169.840	0
170.230	1
171.810	1
171.810	2
172.600	0
173.000	0
173.390	1
174.180	0
174.960	1
175.760	0
176.160	0
176.540	1
177.340	0
178.120	1
178.910	1
178.910	2
181.280	1
181.280	2
182.860	1
183.650	0
184.440	1
185.630	0
186.020	1
187.590	1
189.170	1
189.960	1
