8.040	0
8.520	0
9.490	0
10.940	1
11.420	1
12.390	0
12.390	1
13.360	1
14.330	0
14.810	1
15.290	0
15.780	0
17.230	2
19.170	2
19.650	0
19.650	2
19.890	0
19.890	2
20.130	0
20.130	2
20.620	2
21.580	1
21.580	2
22.310	2
22.550	2
23.040	2
23.520	0
23.520	2
23.760	0
24.000	0
24.490	2
25.450	1
25.450	2
26.180	1
26.180	2
26.420	2
26.910	2
27.390	0
27.390	2
27.630	0
27.870	0
28.360	2
29.320	1
29.320	2
30.050	1
30.050	2
30.290	2
30.780	2
31.260	0
31.260	2
31.500	0
31.740	0
32.230	2
33.200	2
34.160	1
34.160	2
34.280	1
34.280	2
34.410	0
34.650	2
34.890	2
35.010	1
35.010	2
35.130	0
35.130	2
35.370	0
35.610	0
35.620	2
35.740	2
36.100	2
37.070	2
38.040	2
39.000	0
39.000	2
39.240	0
39.490	0
39.490	2
39.970	1
39.970	2
40.690	1
40.690	2
40.940	2
41.420	2
41.910	2
42.870	0
42.870	2
43.110	0
43.350	0
43.840	2
44.570	1
44.570	2
44.810	2
45.290	2
45.780	2
46.740	2
46.750	0
46.980	0
47.230	0
47.710	2
48.680	2
49.650	0
49.650	2
50.010	0
50.370	0
50.610	0
50.610	2
51.100	0
51.580	0
51.580	2
52.070	0
52.550	0
52.550	2
53.030	0
53.520	0
53.520	2
54.000	0
54.490	0
54.490	2
54.970	0
55.450	0
55.450	2
55.940	0
56.420	0
56.420	2
56.900	0
57.390	0
57.390	2
57.870	0
58.360	0
58.360	2
58.840	0
59.330	0
59.330	2
59.810	0
59.810	2
60.290	0
60.290	2
60.780	0
61.260	0
61.260	2
61.740	0
62.230	0
62.230	2
62.710	0
63.200	0
63.200	2
63.680	0
64.040	1
64.160	0
64.160	2
64.650	0
65.130	0
65.130	2
65.250	1
65.250	2
65.370	0
65.490	0
65.860	0
65.860	2
65.980	1
65.980	2
66.100	0
66.100	2
66.580	0
66.700	2
67.070	0
67.070	2
67.550	0
68.030	0
68.030	2
68.520	0
69.000	0
69.000	2
69.480	0
69.970	0
69.970	2
70.450	0
70.940	0
70.940	2
71.420	0
71.910	0
71.910	2
72.390	0
72.870	0
72.870	2
73.360	0
73.840	0
74.080	0
74.320	0
74.810	0
75.050	0
75.290	0
75.530	0
75.780	0
76.020	0
76.260	0
76.500	0
76.750	0
76.990	0
77.230	0
77.470	0
77.710	2
77.960	2
78.080	2
78.200	2
78.320	2
78.440	2
78.560	2
78.680	2
78.800	2
78.920	2
79.040	2
79.160	2
79.290	2
79.410	2
79.530	2
79.650	2
79.770	2
79.890	2
80.010	2
80.130	2
80.380	2
80.500	2
80.620	2
80.740	2
80.860	2
80.980	2
81.100	2
81.220	2
81.340	2
81.580	0
81.580	2
81.700	2
81.830	2
81.950	2
82.070	2
82.190	2
82.310	2
82.430	2
82.550	2
82.670	2
82.790	2
82.920	2
83.040	2
83.160	2
83.280	2
83.400	2
83.520	0
83.520	2
83.640	2
83.760	2
83.880	2
84.010	2
84.130	2
84.250	2
84.370	2
84.490	2
84.610	2
84.730	2
84.850	2
84.970	2
85.090	2
85.210	2
85.460	2
85.580	2
85.700	2
85.820	2
85.940	2
86.060	2
86.180	2
86.300	2
86.420	2
86.550	2
86.670	2
86.790	2
86.910	2
87.030	2
87.150	2
87.270	2
87.390	2
87.510	2
87.630	2
87.870	1
87.870	2
88.000	2
88.120	2
88.240	2
88.360	2
88.480	2
88.600	2
88.720	2
88.840	2
88.960	2
89.080	2
89.210	2
89.330	2
89.450	2
89.570	2
89.690	2
89.810	2
89.930	2
90.050	2
90.170	2
90.300	2
90.420	2
90.540	2
90.660	2
90.780	2
90.900	2
91.020	2
91.140	2
91.260	2
91.380	2
91.500	2
91.630	2
91.750	2
91.870	2
91.990	2
92.110	2
92.230	2
92.350	2
92.470	2
92.590	2
92.710	2
92.830	2
92.960	2
93.080	2
93.200	2
93.320	2
93.440	2
93.560	2
93.680	2
93.800	2
93.920	2
94.170	2
94.290	2
94.410	2
94.530	2
94.650	2
94.770	2
94.890	2
95.010	2
95.140	2
95.250	2
95.370	2
95.620	2
95.740	2
95.860	2
95.980	2
96.100	2
96.220	2
96.340	0
96.340	2
96.470	2
96.590	2
96.710	2
96.830	2
96.950	2
97.070	2
97.190	2
97.310	2
97.430	2
97.550	2
97.670	2
97.790	2
97.920	2
98.040	2
98.160	2
98.280	2
98.400	2
98.520	2
98.640	2
98.760	2
98.880	2
99.000	2
99.120	2
99.250	2
99.370	2
99.490	2
99.610	2
99.730	2
99.850	2
99.970	2
100.090	2
100.210	2
100.330	2
100.450	2
100.580	2
100.700	2
100.820	2
100.940	2
101.060	2
101.180	2
101.300	2
101.420	2
101.540	2
101.660	2
101.790	2
101.910	2
102.030	2
102.150	2
102.270	2
102.390	2
102.510	2
102.630	2
102.760	2
102.870	2
103.000	2
103.120	2
103.240	2
103.360	2
103.480	2
103.580	1
103.840	2
103.960	2
104.080	2
104.330	2
104.450	2
104.570	2
104.690	2
104.810	0
104.810	2
104.930	2
105.050	2
105.170	2
105.290	0
105.300	2
105.410	2
105.530	2
105.780	0
105.780	2
105.900	2
106.020	2
106.140	2
106.260	0
106.260	2
106.380	2
106.510	2
106.630	2
106.740	0
106.740	2
106.870	2
106.990	2
107.110	2
107.230	0
107.230	2
107.350	2
107.470	2
107.590	2
107.710	0
107.710	2
107.840	2
107.960	2
108.080	2
108.200	0
108.200	2
108.320	2
108.440	2
108.560	2
108.680	0
108.680	2
108.800	2
108.920	2
109.160	0
109.170	2
109.290	2
109.410	2
109.530	2
109.650	0
109.650	2
109.770	2
109.890	2
110.010	2
110.130	0
110.130	2
110.380	2
110.610	0
110.620	2
110.740	2
110.860	2
110.980	2
111.100	0
111.100	2
111.220	2
111.340	2
111.460	2
111.580	0
111.580	2
111.820	1
111.830	2
111.950	2
112.070	0
112.070	2
112.190	2
112.310	2
112.430	2
112.550	0
112.550	2
112.670	2
112.790	2
113.040	0
113.040	2
113.160	2
113.280	2
113.520	0
113.520	2
113.640	2
113.760	2
114.000	0
114.000	2
114.120	2
114.250	2
114.370	2
114.490	0
114.490	2
114.610	2
114.730	2
114.850	2
114.970	0
114.970	2
115.090	2
115.220	2
115.340	2
115.450	0
115.450	2
115.580	2
115.700	2
115.820	2
115.940	0
115.940	2
116.060	2
116.180	2
116.300	2
116.420	0
116.420	2
116.660	2
116.790	2
116.910	0
116.910	2
117.030	2
117.150	2
117.270	2
117.390	0
117.390	2
117.510	2
117.630	2
117.870	0
117.870	2
118.120	2
118.240	2
118.360	0
118.360	2
118.480	2
118.600	2
118.720	2
118.840	0
118.840	2
118.960	2
119.080	2
119.320	0
119.330	2
119.450	2
119.570	2
119.690	2
119.810	2
119.930	2
120.050	2
120.170	2
120.290	0
120.290	2
120.410	2
120.470	2
120.530	2
120.770	2
121.020	0
121.020	2
121.260	2
121.380	2
121.500	2
121.740	2
121.980	2
122.230	2
122.350	2
122.410	2
122.470	2
122.530	2
122.590	2
122.710	0
122.710	2
122.950	1
122.950	2
123.190	1
123.190	2
123.440	0
123.440	2
123.680	2
123.800	2
123.920	1
123.920	2
124.040	2
124.160	0
124.160	2
124.220	2
124.280	2
124.340	2
124.400	2
124.460	2
124.520	2
124.640	2
124.800	2
124.890	0
124.970	2
125.130	1
125.130	2
125.290	2
125.450	2
125.610	0
125.610	2
125.770	2
125.850	1
125.860	2
125.980	1
125.980	2
126.100	1
126.100	2
126.220	2
126.280	2
126.340	0
126.340	2
126.400	2
126.460	0
126.460	2
126.580	0
126.580	2
126.740	2
126.820	2
127.070	1
127.070	2
127.310	0
127.310	2
127.430	1
127.430	2
127.550	1
127.550	2
127.670	2
127.730	2
127.790	0
127.790	2
127.850	2
127.910	2
127.970	2
128.030	0
128.030	2
128.150	2
128.210	2
128.270	2
128.520	2
128.760	0
128.760	2
129.000	1
129.000	2
129.120	2
129.240	2
129.480	2
129.730	2
129.970	2
130.030	2
130.090	2
130.150	2
130.210	1
130.210	2
130.270	2
130.330	1
130.330	2
130.450	0
130.450	2
130.690	2
130.940	0
130.940	2
131.060	2
131.180	1
131.180	2
131.300	0
131.300	2
131.420	1
131.420	2
131.540	2
131.660	0
131.660	2
131.780	2
131.900	0
131.900	2
132.020	2
132.080	2
132.150	2
132.270	1
132.270	2
132.390	2
132.510	1
132.510	2
132.630	0
132.630	2
132.710	2
132.870	2
132.990	2
133.110	2
133.350	0
133.350	2
133.480	2
133.600	2
133.720	2
133.840	0
133.840	2
134.000	2
134.160	2
134.320	1
134.320	2
134.440	2
134.560	2
134.810	0
134.810	2
134.930	2
135.050	2
135.290	2
135.410	2
135.530	2
135.650	2
135.770	0
135.770	2
135.890	2
135.960	2
136.020	2
136.260	2
136.500	0
136.500	2
136.740	1
136.740	2
136.860	2
136.980	2
137.230	2
137.470	2
137.710	2
137.830	2
137.890	2
137.950	1
137.950	2
138.010	2
138.070	2
138.190	2
138.200	0
138.440	1
138.440	2
138.680	2
138.800	2
138.920	0
138.920	2
139.160	2
139.280	2
139.400	2
139.520	2
139.650	0
139.650	2
139.770	2
139.830	2
139.890	2
139.950	2
140.010	2
140.070	2
140.130	2
140.290	2
140.370	0
140.450	2
140.610	1
140.610	2
140.770	2
140.930	2
141.100	0
141.100	2
141.260	2
141.420	2
141.580	2
141.640	2
141.700	2
141.760	2
141.820	0
141.820	2
141.950	0
142.060	2
142.070	0
142.230	2
142.310	1
142.310	2
142.550	1
142.550	2
142.670	2
142.730	2
142.790	0
142.790	2
142.910	2
142.970	2
143.030	2
143.090	2
143.150	2
143.210	2
143.280	0
143.280	2
143.520	0
143.520	2
143.640	2
143.700	2
143.760	2
144.000	2
144.240	0
144.240	2
144.480	1
144.480	2
144.610	2
144.720	2
144.970	2
145.210	2
145.450	2
145.570	2
145.630	2
145.690	2
145.760	2
145.940	0
145.940	2
146.180	2
146.420	0
146.420	2
146.540	2
146.660	1
146.660	2
146.780	0
146.900	2
147.020	2
147.150	0
147.150	2
147.270	2
147.390	0
147.390	2
148.110	0
148.360	1
148.360	2
149.320	2
149.560	2
149.810	0
149.810	2
150.050	2
150.290	1
150.290	2
150.530	0
150.530	1
150.530	2
151.020	2
151.260	0
151.260	2
151.980	0
152.230	2
152.710	0
153.190	2
153.440	0
153.560	0
153.680	0
154.160	2
154.400	0
154.890	0
155.130	0
155.130	2
155.850	0
156.100	2
157.070	2
157.550	0
158.030	0
158.030	2
158.400	0
158.760	0
159.000	0
159.000	2
159.730	0
159.970	2
160.450	0
160.940	0
160.940	2
161.900	0
161.900	2
162.870	0
162.870	2
163.600	0
163.840	2
164.810	2
165.290	0
165.780	2
166.020	0
166.740	0
167.220	0
167.710	0
168.190	0
168.680	0
169.160	0
169.640	0
170.130	0
170.610	0
170.610	2
171.100	0
171.580	0
171.580	2
172.060	0
172.550	0
172.550	2
173.030	0
173.520	0
173.520	2
174.000	0
174.480	0
174.490	2
174.970	0
175.450	0
175.450	2
175.940	0
176.420	0
176.420	2
176.900	0
177.390	0
177.390	2
177.870	0
178.360	0
178.360	2
178.840	0
179.320	0
179.320	2
179.810	0
180.290	0
180.290	2
180.770	0
181.260	0
181.260	2
181.740	0
182.230	0
182.230	2
182.710	0
183.190	0
183.200	2
183.680	0
184.160	0
184.160	2
184.640	0
185.130	0
185.130	2
185.610	0
186.100	0
186.100	2
186.340	0
186.580	0
187.070	2
188.040	2
189.000	2
189.970	0
189.970	2
190.210	0
190.450	0
190.940	2
191.900	2
192.870	2
193.840	0
193.840	2
194.080	0
194.320	0
194.810	2
195.780	2
196.750	2
197.710	0
197.710	2
197.950	0
198.200	0
198.680	2
199.650	2
200.130	1
200.620	2
201.580	0
201.580	2
201.700	2
201.760	2
201.820	0
201.820	2
202.060	2
202.070	0
202.310	2
202.550	0
202.550	2
202.670	2
202.790	2
203.030	2
203.280	2
203.520	2
203.580	2
203.640	2
203.700	2
203.760	2
203.820	2
203.880	2
203.940	2
204.000	2
204.240	2
204.480	0
204.480	2
204.600	2
204.720	2
204.970	2
205.090	2
205.210	2
205.330	2
205.450	0
205.450	2
205.570	2
205.630	2
205.690	0
205.690	2
205.750	2
205.810	2
205.870	2
205.940	0
205.940	2
206.100	2
206.260	2
206.420	0
206.420	2
206.580	2
206.740	2
206.900	2
207.060	2
207.150	2
207.390	2
207.510	2
207.570	2
207.630	2
207.690	2
207.750	2
207.810	2
207.870	2
208.030	2
208.190	2
208.350	2
208.360	0
208.480	2
208.540	2
208.600	2
208.660	2
208.720	2
208.780	2
208.840	2
208.900	2
208.960	2
209.020	2
209.080	2
209.140	2
209.200	2
209.260	2
209.320	0
209.320	2
209.380	2
209.440	2
209.500	2
209.560	0
209.560	2
209.810	0
209.810	2
210.050	2
210.290	1
210.290	2
210.410	2
210.530	2
210.770	2
211.020	1
211.020	2
211.260	2
211.320	2
211.380	2
211.440	2
211.500	2
211.560	2
211.620	2
211.680	2
211.740	2
211.980	2
212.230	2
212.350	2
212.470	2
212.710	2
212.830	2
212.950	2
213.070	2
213.190	0
213.190	2
213.310	2
213.370	2
213.440	0
213.440	2
213.500	2
213.560	2
213.620	2
213.680	0
213.680	2
213.840	2
214.000	2
214.160	0
214.160	2
214.280	2
214.400	2
214.650	2
214.890	2
214.950	2
215.010	2
215.130	2
215.370	2
215.610	2
215.730	2
215.850	2
216.100	0
216.100	2
216.220	2
216.340	2
216.460	0
216.580	2
216.640	2
216.700	2
216.760	2
216.820	0
216.820	2
216.880	2
216.940	2
217.000	2
217.070	2
218.030	2
219.000	2
219.970	2
220.940	2
221.900	2
222.870	2
223.840	2
224.810	2
225.780	2
226.740	2
227.710	2
228.680	2
230.620	2
244.170	2
245.130	2
246.100	2
247.070	2
248.040	2
249.000	2
249.970	2
250.940	2
251.910	2
