0.320	1
0.380	1
0.490	0
0.900	0
0.900	1
0.900	2
1.480	1
1.480	2
1.750	0
2.030	2
2.190	2
2.590	1
3.040	2
3.150	2
3.730	1
4.010	0
4.010	2
4.170	2
4.290	2
4.440	0
4.840	1
5.140	2
5.300	0
5.440	0
5.440	2
5.590	0
5.720	2
6.010	1
6.280	0
6.570	2
6.730	2
7.140	1
7.270	0
7.410	2
7.560	2
7.960	2
8.120	2
8.250	1
8.530	0
8.530	2
8.810	2
8.980	2
9.230	0
9.390	0
9.390	2
9.530	0
9.670	2
9.960	0
9.960	2
10.540	1
10.830	0
11.100	2
11.260	2
11.660	1
11.930	2
12.010	2
12.230	2
12.350	2
12.770	1
13.060	0
13.060	2
13.340	2
13.480	0
13.900	1
14.330	2
14.370	0
14.480	2
14.500	0
14.640	2
14.770	2
14.930	0
14.930	2
15.060	1
15.210	2
15.330	0
15.480	2
15.610	2
15.760	2
16.170	1
16.460	2
16.590	2
16.730	2
16.870	0
16.870	2
17.300	1
17.600	0
17.870	0
17.870	2
18.020	2
18.150	2
18.430	1
18.580	0
19.000	0
19.590	1
19.590	2
19.880	0
20.150	2
20.290	2
20.710	1
21.120	2
21.270	2
21.540	2
21.690	2
21.830	1
22.120	0
22.120	2
22.390	2
22.540	0
22.840	2
22.960	1
23.530	0
23.530	2
23.680	2
23.970	0
24.100	1
24.260	2
24.390	0
24.540	2
24.670	2
24.820	2
25.230	1
25.520	2
25.670	0
25.670	2
26.090	2
26.240	2
26.380	1
26.530	2
26.660	0
26.810	2
26.940	0
26.940	2
27.090	0
27.370	0
27.520	0
27.520	2
27.660	0
27.800	2
28.080	0
28.080	2
28.520	0
28.690	1
28.950	0
29.240	2
29.390	2
29.790	1
30.220	0
30.220	2
30.640	2
30.800	2
30.930	1
31.220	0
31.220	2
31.360	2
31.500	0
31.500	2
31.650	0
31.790	2
31.940	2
32.070	1
32.350	2
32.650	0
32.650	2
33.080	0
33.230	1
33.370	2
33.500	0
33.780	2
33.930	2
34.340	1
34.490	0
34.490	2
34.620	2
34.760	0
34.760	2
35.190	2
35.330	2
35.470	1
35.760	2
35.910	2
36.170	1
36.270	1
36.560	2
36.730	1
36.840	1
37.160	0
37.750	1
38.030	0
38.300	2
38.460	2
38.850	1
39.280	0
39.280	2
39.690	2
39.840	2
39.980	1
40.130	2
40.270	2
40.280	0
40.410	2
40.560	0
40.560	2
40.700	0
40.850	2
41.120	1
41.120	2
41.400	2
41.550	2
41.690	0
41.690	2
41.960	1
42.110	1
42.380	1
42.530	2
42.820	2
43.100	0
43.110	2
43.400	1
43.400	2
43.670	2
43.820	0
43.820	2
44.250	2
44.530	1
44.530	2
44.810	2
45.090	1
45.270	1
45.480	1
45.670	1
46.240	0
46.240	2
46.830	1
47.110	0
47.390	2
47.540	2
47.950	1
48.360	2
48.770	2
48.930	2
49.060	1
49.360	0
49.360	2
49.640	0
49.640	2
49.780	0
50.190	1
50.350	2
50.480	2
50.630	2
50.760	0
50.760	2
50.920	2
51.050	2
51.210	2
51.340	1
51.490	2
51.640	0
51.790	2
51.910	2
52.060	0
52.480	1
52.640	2
52.760	2
52.910	2
53.330	2
53.470	2
53.610	1
53.760	2
53.890	0
53.890	2
54.180	1
54.310	0
54.470	0
54.740	1
54.900	0
55.040	0
55.320	0
55.910	1
56.190	0
56.190	2
56.470	2
56.620	2
57.030	1
57.190	2
57.310	2
57.450	2
57.880	2
58.030	2
58.160	1
58.320	2
58.450	0
58.450	2
58.600	2
58.730	0
58.730	2
58.870	0
59.020	2
59.170	2
59.300	1
59.450	2
59.570	2
59.740	2
59.870	0
59.870	2
60.030	2
60.150	1
60.300	1
60.580	1
60.720	2
60.840	1
61.000	2
61.290	0
61.570	1
61.570	2
61.850	2
62.020	0
62.020	2
62.300	1
62.360	1
62.570	1
62.850	1
62.980	1
63.140	1
63.380	1
63.800	1
63.950	1
64.090	1
64.290	1
64.360	0
64.360	2
64.810	0
65.240	0
65.250	2
66.070	1
66.350	2
66.510	2
66.650	2
66.930	2
67.070	2
67.210	1
67.490	2
67.500	0
67.770	0
67.770	2
68.060	2
68.340	1
68.490	0
68.920	0
68.920	2
69.220	1
69.370	1
69.650	1
69.790	0
69.790	2
70.380	0
70.380	2
70.520	0
70.660	1
70.660	2
70.940	1
71.070	1
71.210	1
71.350	1
71.470	1
71.870	1
72.020	1
72.290	1
72.850	1
73.000	0
73.440	0
73.440	1
73.440	2
74.030	1
74.330	0
74.600	2
74.750	2
75.160	1
75.310	0
75.310	1
75.310	2
75.590	2
75.730	2
75.990	2
76.140	2
76.280	1
76.570	0
76.570	2
76.850	0
76.850	2
77.000	0
77.000	2
77.290	2
77.420	1
77.690	2
77.860	2
77.990	0
78.590	1
78.880	0
78.880	2
79.150	2
79.300	2
79.700	1
80.130	2
80.530	2
80.690	2
80.820	1
80.970	2
81.100	0
81.100	2
81.250	2
81.390	0
81.390	2
81.540	0
81.680	2
81.830	2
81.970	0
81.970	2
82.130	0
82.250	2
82.410	2
82.540	0
82.990	0
83.130	1
83.410	0
83.410	2
83.680	2
83.840	2
84.130	2
84.240	1
84.660	2
85.070	2
85.220	2
85.360	1
85.510	2
85.640	2
85.650	0
85.920	0
85.920	2
86.060	0
86.060	2
86.210	2
86.480	1
86.540	1
86.650	0
87.080	0
87.080	1
87.080	2
87.660	1
87.950	0
87.950	2
88.100	2
88.220	2
88.340	2
88.790	1
88.930	2
89.070	0
89.070	2
89.210	1
89.210	2
89.470	2
89.480	0
89.760	1
90.030	1
90.170	1
90.320	1
90.450	1
90.590	1
90.740	1
90.890	1
91.030	1
91.180	0
91.180	2
91.610	0
92.200	1
92.490	0
92.770	2
92.920	2
93.330	1
93.490	2
93.610	2
93.750	2
94.160	2
94.320	2
94.460	1
94.610	2
94.750	0
94.750	2
94.910	2
95.030	0
95.030	2
95.180	0
95.180	2
95.330	2
95.480	2
95.610	1
95.770	2
95.900	2
96.180	2
96.190	0
96.340	2
96.470	2
96.630	0
96.630	2
96.750	1
97.050	0
97.050	2
97.210	2
97.330	2
97.490	2
97.890	1
98.170	2
98.310	2
98.730	2
98.890	2
99.020	1
99.170	2
99.310	0
99.310	2
99.460	2
99.590	0
99.590	2
99.730	0
99.730	2
99.870	2
100.020	2
100.160	1
100.320	0
100.760	0
101.360	1
101.640	0
101.640	2
101.920	2
102.070	2
102.480	1
102.630	2
102.900	2
103.310	2
103.470	2
103.610	1
103.750	2
103.890	2
103.900	0
104.180	0
104.180	2
104.330	0
104.460	2
104.610	2
104.740	1
104.890	2
105.030	2
105.170	2
105.310	0
105.310	2
105.470	2
105.750	2
105.900	1
106.180	0
106.180	2
106.330	2
106.460	2
106.610	2
107.030	1
107.200	2
107.310	2
107.460	1
107.460	2
107.880	2
108.030	2
108.160	1
108.310	2
108.440	2
108.450	0
108.720	1
108.870	0
109.020	0
109.290	1
109.600	0
109.890	0
110.470	1
110.750	0
110.750	2
111.030	2
111.170	2
111.580	1
111.720	2
111.850	2
112.000	1
112.010	2
112.410	2
112.550	2
112.690	1
112.850	2
112.990	0
112.990	2
113.150	2
113.260	0
113.260	2
113.410	0
113.410	2
113.710	2
113.820	1
113.990	2
114.110	2
114.280	2
114.400	0
114.400	2
114.680	2
114.850	0
114.850	2
114.990	1
115.130	2
115.260	0
115.260	2
115.540	2
115.690	2
116.090	1
116.250	0
116.510	2
116.910	2
117.070	2
117.200	1
117.350	2
117.470	0
117.470	2
117.750	1
117.890	0
118.040	0
118.310	1
118.480	0
118.620	0
118.910	0
118.910	1
118.910	2
119.360	1
119.780	0
120.350	2
120.650	1
120.800	1
121.090	0
121.850	1
122.150	1
122.430	1
122.570	0
122.880	0
123.020	1
123.160	0
123.600	0
123.600	2
123.890	2
124.040	2
124.180	1
124.470	0
124.470	2
124.760	2
124.910	2
125.200	2
125.310	1
125.450	2
125.570	2
125.710	2
125.980	1
126.200	1
126.370	1
127.390	0
127.510	1
127.670	0
128.090	0
128.090	2
128.670	1
128.950	0
129.230	2
129.380	2
129.790	1
129.950	2
130.060	2
130.220	2
130.630	2
130.790	2
130.920	1
131.210	0
131.210	2
131.490	0
131.500	2
131.640	0
131.640	2
131.780	2
131.920	2
132.050	1
132.130	1
132.210	0
132.330	1
132.480	1
132.630	0
132.630	2
132.780	2
132.920	2
133.070	0
133.070	2
133.210	1
133.490	0
133.490	2
133.780	2
133.930	2
134.080	2
134.210	2
134.340	1
134.490	0
134.490	2
134.620	2
134.780	2
135.180	2
135.320	2
135.460	1
135.610	2
135.740	0
135.740	2
135.930	1
136.000	0
136.000	2
136.190	1
136.370	1
136.580	1
137.150	0
137.150	1
137.740	1
138.010	0
138.010	2
138.300	2
138.450	2
138.740	2
138.860	1
139.280	1
139.280	2
139.680	2
139.830	2
139.960	1
140.260	0
140.260	2
140.420	2
140.550	0
140.550	2
140.700	0
140.820	2
140.980	2
141.100	1
141.260	2
141.390	2
141.550	2
141.670	0
141.670	2
141.820	2
141.950	1
142.100	1
142.240	2
142.390	1
142.530	0
142.530	2
142.820	2
142.970	2
143.100	2
143.260	2
143.400	1
143.550	2
143.680	2
143.820	1
143.820	2
144.260	2
144.390	2
144.540	1
144.680	2
144.820	0
144.820	2
145.110	1
145.240	0
145.390	0
145.660	1
145.810	0
146.210	0
146.210	1
146.210	2
146.800	1
147.080	0
147.080	2
147.370	2
147.530	2
147.670	2
147.930	1
148.090	2
148.220	2
148.370	1
148.370	2
148.760	2
149.060	1
149.340	0
149.340	2
149.630	2
149.640	0
149.780	2
149.790	0
150.190	1
150.480	2
150.640	2
150.760	0
150.760	2
151.350	2
151.360	1
151.640	0
151.640	2
151.920	2
152.090	2
152.280	2
152.500	1
152.780	2
152.930	2
153.320	2
153.480	2
153.620	1
153.770	2
153.900	0
153.900	2
154.190	1
154.350	0
154.500	0
154.760	1
154.820	1
154.930	0
155.350	0
155.940	1
156.220	2
156.230	0
156.490	2
156.640	2
157.060	1
157.330	2
157.480	1
157.480	2
157.890	2
158.030	2
158.180	1
158.470	0
158.470	2
158.750	0
158.750	2
158.900	0
158.900	2
159.040	2
159.320	1
159.600	2
159.760	2
159.890	0
159.890	2
160.320	0
160.320	2
160.470	1
160.750	0
160.750	2
160.900	2
161.030	2
161.170	2
161.580	1
161.730	2
162.020	2
162.420	2
162.560	2
162.700	1
162.840	2
162.980	0
162.980	2
163.260	1
163.550	0
163.820	1
164.110	0
164.400	0
165.000	1
165.270	0
165.270	2
165.560	2
165.710	2
166.110	1
166.380	2
166.530	1
166.530	2
166.940	2
167.100	2
167.230	1
167.520	0
167.520	2
167.810	0
167.810	2
167.960	0
168.080	2
168.370	1
168.660	2
168.940	0
168.940	2
169.230	2
169.380	0
169.380	2
169.510	1
169.790	0
170.060	2
170.230	2
170.640	1
170.780	0
170.910	2
171.060	2
171.480	2
171.630	2
171.760	1
172.050	0
172.050	2
172.340	0
172.340	2
172.490	0
172.610	2
172.890	1
173.050	2
173.180	1
173.320	1
173.470	0
173.940	0
174.060	1
174.330	0
174.330	2
174.620	2
174.760	2
175.060	2
175.170	1
175.310	2
175.590	1
175.590	2
176.000	0
176.290	2
176.580	2
176.720	2
177.020	1
177.290	2
177.570	1
177.850	1
177.980	2
178.120	2
178.260	1
178.400	1
178.660	1
178.810	2
178.950	2
179.250	1
179.390	1
179.530	2
179.810	1
179.950	1
180.100	1
180.500	1
180.920	1
181.050	1
181.740	0
181.870	1
182.030	0
182.470	0
183.070	1
183.360	0
183.630	2
183.790	2
184.180	1
184.330	2
184.460	2
184.590	2
185.010	2
185.150	2
185.290	1
185.430	2
185.580	0
185.580	2
185.730	2
185.850	0
185.850	2
186.010	0
186.130	2
186.280	2
186.420	1
186.570	1
186.700	1
186.840	1
186.990	0
186.990	2
187.270	1
187.420	1
187.560	2
187.700	1
187.840	0
187.840	2
188.010	0
188.140	2
188.290	0
188.420	2
188.580	0
188.700	1
188.700	2
189.130	1
189.130	2
189.440	1
189.690	1
189.970	1
190.250	1
190.500	1
190.830	1
190.970	1
191.570	0
191.570	2
192.150	1
192.440	0
192.440	2
192.710	2
192.850	2
193.270	1
193.540	2
193.690	1
193.690	2
194.110	2
194.250	2
194.380	1
194.530	2
194.680	0
194.680	2
194.950	0
194.950	2
195.100	0
195.250	2
195.380	2
195.520	0
195.520	2
195.680	0
195.800	2
196.090	0
196.090	2
196.550	2
196.700	1
196.980	0
196.980	2
197.120	2
197.240	2
197.390	1
197.670	1
197.800	1
197.940	1
198.230	1
198.500	1
198.760	1
199.150	1
199.280	1
199.570	0
199.970	1
200.140	0
200.570	0
200.570	2
201.160	1
201.430	0
201.430	2
201.710	2
201.860	2
202.270	1
202.400	0
202.410	2
202.540	2
202.690	1
202.690	2
203.100	2
203.250	2
203.390	1
203.540	2
203.670	2
203.680	0
203.960	0
203.960	2
204.110	0
204.230	2
204.380	2
204.510	1
204.660	2
204.790	2
204.930	2
205.060	0
205.060	2
205.340	1
205.490	1
205.750	1
205.890	1
206.040	2
206.320	1
206.390	1
206.460	1
206.620	1
206.870	1
207.020	1
207.170	2
207.460	1
207.520	1
207.590	1
207.740	1
207.990	1
208.050	1
208.130	1
208.250	2
208.530	1
208.680	1
208.810	1
209.070	1
209.200	1
209.490	0
210.070	0
210.370	0
210.650	0
211.260	0
211.540	0
211.840	0
213.030	0
213.320	0
213.610	0
213.910	0
221.780	2
221.890	2
222.010	2
222.830	2
224.310	2
224.430	2
224.920	2
