20.380	0
20.380	2
20.860	0
21.330	0
21.330	2
21.650	2
21.960	0
21.960	2
22.120	2
22.280	2
22.750	2
22.910	0
22.910	2
23.230	2
23.380	0
23.380	2
23.540	2
23.860	0
23.860	2
24.020	2
24.490	0
24.490	2
25.440	0
25.440	2
25.910	0
25.910	2
26.380	0
26.380	2
27.020	0
27.020	2
27.490	0
27.490	2
27.650	2
27.810	2
27.960	0
27.960	2
28.280	2
28.440	0
28.440	2
28.600	2
28.910	0
28.910	2
29.070	2
29.230	2
29.540	0
29.540	2
29.700	2
29.860	2
30.230	2
30.490	0
30.490	2
30.960	0
30.960	2
31.440	0
31.440	2
32.070	0
32.070	2
32.390	2
32.700	2
33.020	0
33.020	2
33.330	2
33.490	0
33.490	2
33.650	2
33.960	0
34.120	2
34.280	2
34.600	0
35.540	0
35.540	2
35.860	2
36.020	0
36.020	2
36.490	0
36.490	2
36.650	2
37.120	0
37.120	2
37.590	0
38.070	0
38.070	2
38.390	2
38.540	0
38.540	2
39.010	0
39.010	2
40.590	0
40.590	2
41.070	0
41.070	2
41.540	0
41.540	2
41.700	2
42.170	0
43.120	0
43.120	2
43.440	2
43.590	0
43.590	2
44.070	0
44.070	2
44.700	0
44.700	2
45.650	0
46.120	0
46.120	2
46.280	2
46.590	0
46.590	2
46.750	2
46.910	2
47.230	0
47.230	2
47.700	0
48.170	0
48.650	0
48.650	2
49.120	0
49.120	2
49.750	0
49.750	2
49.910	2
50.700	0
50.700	2
51.170	0
51.170	2
51.330	2
51.650	0
51.650	2
52.280	0
52.280	2
52.440	2
53.230	0
53.700	0
53.700	2
54.170	0
54.810	0
54.810	2
55.750	0
55.750	2
56.070	2
56.230	0
56.230	2
56.700	0
56.700	2
56.860	2
57.020	2
57.330	0
57.330	2
57.490	2
57.650	2
57.800	0
57.960	2
58.120	2
58.280	0
58.280	2
58.750	0
58.750	2
58.910	2
59.230	0
59.230	2
60.800	0
61.280	0
61.750	0
62.380	0
63.330	0
63.800	0
64.280	0
64.280	2
64.910	0
64.910	2
65.860	0
65.860	2
66.330	0
66.810	0
67.440	0
67.440	2
67.910	0
67.910	2
68.380	0
68.380	2
68.860	0
68.860	2
69.330	0
69.330	2
69.960	0
69.960	2
70.910	0
70.910	2
71.230	2
71.380	0
71.380	2
71.550	2
71.860	0
71.860	2
72.490	0
72.490	2
73.440	0
73.910	0
74.380	0
74.710	2
75.020	0
75.020	2
75.960	0
75.960	2
76.440	0
76.440	2
76.910	0
76.910	2
77.540	0
77.540	2
78.010	0
78.180	2
78.490	0
78.490	2
78.810	2
78.960	0
78.960	2
79.440	0
79.440	2
79.600	2
81.020	0
81.020	2
81.330	2
81.490	0
81.490	2
81.660	2
81.960	0
81.960	2
82.590	0
83.540	0
83.540	2
84.020	0
84.490	0
84.490	2
85.120	0
85.120	2
85.440	2
85.910	2
86.070	0
86.070	2
86.540	0
87.020	0
87.650	0
87.650	2
88.120	0
88.590	0
88.600	2
88.910	2
89.070	0
89.070	2
89.230	2
89.540	0
89.540	2
89.860	2
90.180	0
90.970	2
91.120	0
91.120	2
91.590	0
91.590	2
91.760	2
92.070	0
92.070	2
92.390	2
92.700	0
92.700	2
93.650	0
93.650	2
93.960	2
94.120	0
94.120	2
94.290	2
94.600	0
94.600	2
95.230	0
95.230	2
95.550	2
95.860	2
96.180	0
96.180	2
96.490	2
96.650	0
96.650	2
96.820	2
97.120	0
97.120	2
97.440	2
97.750	0
97.750	2
98.230	0
98.390	2
98.550	2
98.700	0
98.700	2
99.020	2
99.170	0
99.170	2
99.650	0
99.650	2
101.230	0
101.230	2
101.700	0
102.170	0
102.490	0
102.490	2
102.800	0
103.750	0
103.750	2
104.070	0
104.230	0
104.700	0
105.330	0
106.280	0
106.280	2
106.750	0
107.230	0
107.540	0
107.860	0
108.330	0
108.800	0
109.120	0
109.280	0
109.750	0
111.330	0
111.330	2
111.800	0
112.280	0
112.910	0
113.860	0
113.860	2
114.330	0
114.800	0
115.440	0
121.440	0
121.440	2
121.910	0
121.910	2
122.390	0
123.020	0
123.020	2
123.960	0
124.440	0
124.440	2
124.910	0
124.910	2
125.200	2
125.540	0
126.150	2
126.490	0
126.490	2
126.960	0
126.960	2
127.440	0
127.440	2
127.800	2
128.070	0
128.070	2
128.230	2
128.390	2
128.540	0
128.700	2
128.860	2
129.020	0
129.020	2
129.330	2
129.490	0
129.490	2
129.960	0
129.960	2
130.600	0
130.600	2
130.740	2
131.540	0
131.540	2
132.010	0
132.490	0
132.490	2
133.120	0
133.120	2
134.070	0
134.070	2
134.540	0
134.540	2
135.020	0
135.650	0
136.600	0
137.070	0
137.070	2
137.540	0
137.540	2
137.860	2
138.170	0
138.170	2
138.650	0
139.120	0
139.120	2
139.590	0
139.590	2
140.070	0
140.070	2
140.230	2
141.330	2
141.650	0
141.650	2
142.120	0
142.120	2
142.280	2
142.590	0
142.590	2
142.750	2
142.910	2
143.230	0
143.230	2
144.170	0
144.420	2
144.650	0
145.120	0
145.120	2
145.750	0
146.700	0
146.700	2
147.170	0
147.170	2
147.650	0
147.650	2
148.280	0
148.280	2
148.440	2
148.750	0
149.220	0
149.700	0
149.700	2
150.170	0
150.170	2
150.810	0
150.810	2
151.750	0
151.750	2
152.070	2
152.230	0
152.230	2
152.410	2
152.700	0
152.700	2
152.860	2
153.020	2
153.330	0
153.330	2
153.650	2
154.280	0
154.280	2
154.600	2
154.750	0
154.750	2
154.910	2
155.230	0
155.860	0
155.860	2
156.800	0
156.800	2
157.280	0
157.280	2
157.440	2
157.750	0
157.750	2
157.910	2
158.070	2
158.380	0
158.380	2
158.540	2
158.700	2
158.860	0
159.020	2
159.170	2
159.330	0
159.330	2
159.650	2
159.800	0
159.800	2
159.960	2
160.280	0
161.860	0
161.860	2
162.330	0
162.810	0
163.440	0
164.390	0
164.390	2
164.860	0
165.330	0
165.330	2
165.960	0
165.960	2
166.910	0
166.910	2
167.380	0
167.860	0
167.860	2
168.490	0
168.490	2
168.960	0
169.440	0
169.440	2
169.910	0
169.910	2
170.380	0
170.380	2
171.020	0
171.020	2
171.350	2
171.960	0
171.960	2
172.280	2
172.440	0
172.440	2
172.910	0
173.540	0
174.490	0
174.960	0
175.440	0
175.440	2
176.070	0
176.070	2
176.860	2
177.020	0
177.020	2
177.490	0
177.490	2
177.960	0
178.590	2
178.600	0
179.070	0
179.540	0
179.540	2
179.860	2
180.020	0
180.020	2
180.180	2
180.490	0
180.490	2
180.650	2
180.830	2
181.130	2
181.280	2
181.450	2
181.760	2
181.910	2
182.070	0
182.070	2
182.390	2
182.540	0
182.540	2
182.710	2
183.020	0
183.020	2
183.340	2
183.650	0
184.600	0
184.600	2
185.070	0
185.230	2
185.540	0
185.540	2
186.170	0
186.170	2
186.810	2
187.120	0
187.120	2
187.600	0
188.070	0
188.700	0
189.170	0
189.650	0
189.650	2
189.970	2
190.120	0
190.120	2
190.600	0
190.600	2
191.230	0
191.230	2
192.180	0
192.180	2
192.650	0
192.650	2
193.120	0
193.760	0
