0.380	0
1.620	0
2.840	0
4.100	0
5.350	0
6.620	0
7.840	0
7.880	0
9.110	0
10.920	2
13.420	2
17.900	2
20.190	2
24.670	2
25.090	2
27.590	2
28.110	2
28.940	2
29.360	2
29.670	2
29.770	2
29.980	2
30.190	2
30.300	2
30.610	2
30.660	0
30.920	2
31.230	2
31.280	0
31.440	2
31.860	2
32.480	2
32.690	2
32.840	0
33.110	2
33.160	0
33.320	2
33.780	0
34.570	2
35.340	0
35.610	2
35.670	0
36.290	0
36.860	2
37.480	2
37.690	2
37.840	0
38.170	0
38.790	0
39.360	2
39.570	2
39.780	2
40.340	0
40.670	0
41.290	0
41.440	2
41.650	2
42.480	2
42.690	2
42.840	0
43.110	2
43.170	0
43.320	2
43.790	0
43.940	2
44.150	2
44.360	2
44.570	2
45.340	0
45.670	0
45.820	2
46.030	2
46.290	0
46.440	2
46.650	2
46.860	2
47.480	2
47.690	2
47.840	0
48.110	2
48.170	0
48.790	0
49.150	2
49.360	2
50.190	2
50.340	0
50.670	0
51.290	0
52.840	0
53.170	0
53.790	0
55.340	0
55.670	0
56.290	0
57.220	1
57.840	0
58.170	0
58.470	0
58.790	0
60.340	0
60.670	0
61.290	0
61.590	0
62.060	0
62.220	1
62.370	0
62.840	0
63.170	0
63.620	0
63.790	0
65.340	0
65.670	0
66.290	0
67.840	0
68.170	0
68.470	0
68.790	0
69.720	1
70.030	1
70.500	1
70.650	2
70.810	2
70.950	1
71.440	2
71.590	2
71.750	1
71.750	2
72.060	0
72.060	1
72.210	1
72.370	1
72.530	1
73.150	2
73.310	1
73.310	2
73.940	2
74.090	1
74.090	2
74.250	2
74.410	2
74.560	2
74.720	2
75.030	2
75.500	1
75.650	2
75.810	1
75.810	2
75.970	1
76.440	2
76.590	2
76.750	2
77.220	2
77.530	2
78.150	2
78.310	2
78.470	1
78.940	2
79.090	2
79.250	2
79.410	2
79.870	2
80.030	2
80.360	0
80.500	1
80.650	1
80.650	2
80.810	1
80.970	2
81.130	2
81.280	2
81.860	2
81.910	2
82.200	1
82.520	2
83.150	2
83.310	2
83.620	1
83.620	2
83.790	2
83.940	1
84.250	1
84.390	2
84.560	1
84.720	1
85.660	2
85.810	2
86.130	2
86.440	2
87.060	2
87.370	2
87.690	2
88.150	2
88.310	2
88.620	2
88.940	2
89.400	2
89.560	2
89.720	2
89.870	2
90.040	2
90.330	0
90.330	2
90.620	2
90.810	2
91.120	2
91.260	2
91.590	2
91.740	2
91.900	2
92.060	2
92.220	2
92.370	2
92.530	2
92.840	0
92.990	2
93.160	2
93.310	2
93.620	2
93.780	2
93.940	2
94.090	2
94.250	2
94.410	2
94.560	2
94.870	2
95.030	2
95.340	0
95.500	2
95.660	2
95.810	0
95.970	2
96.280	0
96.280	2
96.430	2
96.740	2
96.880	2
97.060	0
97.210	2
97.520	2
97.690	2
97.840	0
98.160	2
98.470	2
98.620	2
98.750	2
98.790	0
98.930	2
99.090	2
99.250	2
99.390	2
99.560	2
99.720	2
99.860	2
100.030	0
100.030	2
100.190	2
100.340	0
100.340	2
100.500	2
100.660	0
100.660	2
100.810	2
100.970	2
101.130	2
101.280	0
101.280	2
101.330	2
101.440	2
101.750	0
101.750	2
101.900	2
102.060	0
102.060	2
102.220	2
102.370	2
102.530	2
102.690	0
102.690	2
102.840	0
102.840	2
103.160	2
103.470	2
103.620	2
103.780	0
103.780	2
103.930	2
104.090	2
104.250	2
104.400	2
104.560	2
104.870	2
105.030	2
105.180	2
105.340	0
105.500	2
105.640	2
105.800	2
105.970	2
106.120	2
106.280	0
106.280	2
106.440	2
106.580	2
106.750	2
106.890	2
107.060	2
107.220	2
107.370	2
107.570	2
107.690	0
107.690	2
107.840	0
108.000	2
108.160	0
108.160	2
108.460	2
108.790	0
108.830	2
109.090	2
109.400	2
109.560	2
109.710	2
109.870	2
109.990	2
110.030	2
110.330	0
110.330	2
110.490	2
110.660	2
110.670	0
110.810	2
110.960	2
111.120	2
111.290	0
111.440	2
111.590	2
111.900	2
112.060	2
112.280	2
112.380	2
112.520	2
112.680	2
112.840	0
112.840	2
112.990	2
113.160	0
113.160	2
113.310	2
113.460	2
113.620	2
113.790	0
113.940	2
114.090	2
114.410	2
114.560	2
114.880	2
115.020	2
115.180	0
115.180	2
115.340	0
115.340	2
115.490	2
115.660	2
115.810	2
115.960	2
116.120	2
116.290	0
116.440	0
116.440	2
116.740	2
116.900	2
117.060	2
117.370	2
117.520	2
117.680	2
117.840	0
117.840	2
117.990	2
118.160	2
118.310	2
118.460	2
118.620	2
118.790	0
118.940	2
119.240	2
119.400	2
119.560	2
119.870	2
120.020	2
120.180	2
120.340	2
120.490	2
120.660	2
120.810	2
120.960	2
121.120	2
121.440	2
121.740	2
121.910	2
122.060	2
122.210	2
122.370	2
122.690	2
122.840	2
122.990	2
123.160	2
123.310	2
123.460	2
123.620	2
123.940	2
124.240	2
124.400	2
124.560	2
124.870	2
125.020	2
125.180	0
125.180	2
125.340	2
125.490	2
125.660	2
125.800	2
125.960	2
126.120	2
126.440	2
126.900	2
127.060	2
127.370	2
127.520	2
127.680	2
127.840	2
127.990	2
128.160	2
128.310	2
128.460	2
128.620	2
128.940	2
129.400	2
129.560	2
129.870	2
130.020	2
130.180	2
130.340	2
130.490	2
130.650	2
130.810	2
130.960	2
131.120	2
131.320	2
131.440	2
131.900	2
132.060	2
132.370	2
132.520	2
132.680	2
132.840	2
132.990	2
133.160	2
133.310	2
133.460	1
133.460	2
133.620	2
133.780	2
133.940	2
134.400	2
134.560	2
134.870	2
135.020	2
135.180	2
135.340	2
135.490	2
135.650	2
135.800	2
135.960	1
135.960	2
136.120	2
136.280	2
136.440	2
136.740	2
136.910	2
137.060	2
137.370	2
137.520	2
137.680	2
137.990	2
138.300	2
138.460	2
138.610	2
138.780	2
138.930	2
139.090	2
139.240	2
139.400	2
139.550	2
139.710	2
139.860	2
140.040	0
140.040	2
140.170	2
140.490	2
140.650	2
140.800	2
140.960	1
140.960	2
141.110	2
141.290	0
141.290	2
141.420	2
141.740	2
141.910	2
142.050	2
142.210	2
142.360	2
142.520	2
142.670	2
142.840	0
142.840	2
142.990	2
143.170	2
143.300	2
143.460	2
143.610	2
143.780	2
143.790	0
143.920	2
144.240	2
144.400	2
144.550	2
144.710	2
144.860	2
145.040	0
145.040	2
145.170	2
145.340	0
145.490	2
145.690	2
145.800	2
145.960	2
146.110	2
146.290	0
146.290	2
146.420	2
146.740	2
146.910	2
147.050	2
147.210	2
147.360	2
147.520	2
147.670	2
147.840	0
147.990	2
148.300	2
148.460	2
148.620	2
148.770	2
148.940	2
149.400	2
149.560	2
149.870	2
150.020	2
150.180	2
150.340	0
150.340	2
150.490	2
150.650	2
150.690	2
150.810	2
150.960	2
151.120	2
151.290	0
151.290	2
151.440	2
151.910	2
152.060	2
152.370	2
152.520	2
152.680	2
152.840	0
152.840	2
152.990	2
153.300	2
153.460	1
153.460	2
153.620	2
153.780	0
153.780	2
153.940	2
154.400	2
154.560	2
154.870	2
155.020	2
155.180	2
155.340	0
155.340	2
155.490	2
155.650	2
155.690	2
155.810	2
155.960	2
156.120	2
156.290	0
156.290	2
156.440	2
156.910	2
157.060	2
157.370	2
157.520	2
157.680	2
157.840	0
157.840	2
157.990	2
158.300	2
158.460	1
158.460	2
158.620	2
158.780	2
158.790	0
158.940	2
159.400	2
159.560	2
159.870	2
160.020	2
160.040	0
160.180	2
160.340	0
160.340	2
160.490	2
160.650	2
160.810	2
160.970	2
161.130	2
161.290	0
161.290	2
161.430	2
161.590	2
161.750	2
161.900	2
162.060	2
162.220	2
162.370	2
162.540	2
162.690	0
162.690	2
162.840	0
162.840	2
162.990	2
163.160	2
163.320	2
163.470	2
163.620	2
163.790	0
163.790	2
163.940	2
164.100	2
164.410	2
164.560	2
164.720	1
164.720	2
164.870	2
165.030	2
165.190	0
165.190	2
165.340	0
165.340	2
165.500	2
165.650	2
165.810	2
165.970	2
166.000	0
166.120	2
166.290	0
166.290	2
166.440	2
166.590	2
166.750	2
166.910	2
167.060	2
167.220	2
167.380	2
167.540	2
167.690	0
167.690	2
167.840	0
167.840	2
168.030	0
168.150	2
168.310	2
168.350	0
168.470	2
168.500	0
168.630	2
168.790	0
168.790	2
168.940	2
169.120	2
169.240	2
169.400	2
169.560	2
169.870	2
170.020	2
170.190	0
170.190	2
170.340	0
170.340	2
170.650	2
170.810	2
170.970	2
171.290	0
171.440	2
171.600	2
171.750	2
171.900	2
172.060	2
172.220	2
172.380	2
172.680	2
172.840	0
172.840	2
173.000	2
173.030	0
173.160	2
173.320	2
173.470	2
173.620	2
173.780	2
173.790	0
174.090	2
174.250	2
174.400	2
174.560	2
174.720	2
174.870	2
175.030	2
175.190	0
175.190	2
175.340	0
175.340	2
175.640	2
175.960	2
176.120	2
176.590	2
176.750	2
176.920	2
177.370	2
177.530	2
177.680	0
177.680	2
177.840	0
177.840	2
178.150	2
178.180	2
178.460	2
178.620	2
178.780	0
178.780	2
179.090	2
179.250	2
179.400	2
179.560	2
179.720	1
179.870	2
180.030	2
180.190	2
180.340	2
180.640	2
180.960	2
181.120	2
181.290	0
181.290	2
181.590	2
181.900	2
182.210	2
182.370	2
182.530	2
182.840	0
182.840	2
183.460	2
183.620	2
183.790	0
184.090	2
184.250	2
184.420	2
184.870	2
185.020	2
185.180	2
185.330	0
185.340	2
185.640	2
186.280	2
186.910	2
187.520	2
188.120	2
188.740	2
189.360	2
189.970	2
190.310	0
195.340	0
195.670	0
196.290	0
197.840	0
198.170	0
198.790	0
200.340	0
200.670	0
201.290	0
202.840	0
203.170	0
203.790	0
205.340	0
205.670	0
206.290	0
207.220	1
207.840	0
208.170	0
210.340	0
210.670	0
211.290	0
212.220	1
212.840	0
213.030	0
213.170	0
215.340	0
215.620	2
216.290	0
217.550	2
218.180	2
218.770	2
219.360	2
220.330	2
223.030	0
225.360	0
227.830	0
230.360	0
231.900	0
232.840	0
234.400	0
235.330	0
236.900	0
237.690	0
237.850	0
239.400	0
239.720	1
240.350	0
240.970	1
241.900	0
242.220	1
242.850	0
243.470	1
244.400	0
244.720	1
245.350	0
246.900	0
247.850	0
249.400	0
250.350	0
251.900	0
252.850	0
254.400	0
255.350	0
255.350	2
255.500	2
255.980	2
256.130	2
256.440	2
256.750	2
256.910	0
256.910	2
257.070	2
257.220	2
257.690	2
257.850	0
257.850	2
258.010	2
258.630	2
259.100	2
259.250	2
259.410	0
259.410	2
259.570	2
259.880	2
260.040	2
260.190	2
260.350	0
260.350	2
260.500	2
260.660	2
260.820	2
261.020	2
261.600	2
261.750	2
261.910	0
261.910	2
262.070	2
262.380	2
262.690	0
262.850	0
262.850	2
263.010	2
263.160	2
263.320	2
263.470	2
263.630	2
263.790	0
263.790	2
264.410	2
264.570	2
264.720	2
264.880	2
265.040	2
265.190	0
265.190	2
265.350	0
265.350	2
265.660	2
265.820	2
266.440	2
266.600	2
266.900	0
267.070	2
267.220	1
267.380	2
267.690	2
267.850	0
267.850	2
268.010	2
268.320	2
268.940	2
269.140	2
269.250	2
269.460	2
269.570	2
269.720	1
269.880	2
270.350	0
270.350	2
270.660	2
270.820	2
270.970	2
271.600	2
271.910	0
271.910	2
272.220	1
272.380	2
272.690	2
272.850	0
272.850	2
274.720	1
275.350	0
276.910	0
277.850	0
278.120	2
280.350	0
281.900	0
282.850	0
285.350	0
286.900	0
291.900	0
292.850	0
307.220	1
317.690	2
319.750	1
319.860	1
335.640	2
