0.480	1
0.600	1
0.710	1
0.830	1
0.940	1
1.050	1
1.170	0
1.170	2
1.690	1
1.690	2
1.940	0
1.940	1
1.940	2
2.190	2
2.420	0
2.420	2
2.660	2
2.670	1
2.910	0
2.910	2
3.160	0
3.160	2
3.650	2
3.660	1
3.900	0
3.900	2
4.140	2
4.390	0
4.630	1
4.630	2
5.110	0
5.110	2
5.620	1
5.620	2
5.850	0
5.850	2
6.120	2
6.350	0
6.350	2
6.600	1
6.600	2
6.840	0
6.850	2
7.090	0
7.090	2
7.350	2
7.580	2
7.590	1
7.840	0
7.840	2
8.320	0
8.320	1
8.320	2
8.560	1
8.560	2
8.810	0
8.810	2
9.040	0
9.550	2
9.560	1
9.800	0
9.800	2
10.050	2
10.280	0
10.280	2
10.530	1
10.530	2
10.780	0
10.780	2
11.020	0
11.020	2
11.290	2
11.520	1
11.520	2
11.760	0
11.760	2
11.980	2
12.250	0
12.250	2
12.490	1
12.490	2
12.740	0
12.740	2
12.980	0
12.980	2
13.490	1
13.490	2
13.730	2
13.740	0
13.980	2
14.230	0
14.230	2
14.470	2
14.480	1
14.720	0
14.720	2
14.960	0
14.960	2
15.460	1
15.460	2
15.700	0
15.700	2
15.950	2
16.180	0
16.180	2
16.420	1
16.420	2
16.670	0
16.910	0
17.330	2
17.410	1
17.410	2
17.670	0
17.670	2
17.920	2
18.160	0
18.160	2
18.400	1
18.400	2
18.640	0
18.640	2
18.890	0
18.890	2
19.140	2
19.380	1
19.380	2
19.600	2
19.630	0
19.630	2
19.880	2
20.110	2
20.370	1
20.370	2
20.610	0
20.610	2
20.860	0
20.860	2
21.360	1
21.360	2
21.610	0
21.860	2
22.090	0
22.090	2
22.330	1
22.330	2
22.570	0
22.570	2
22.820	0
22.820	2
23.080	2
23.320	1
23.320	2
23.560	0
23.570	2
24.060	0
24.060	2
24.310	2
24.320	1
24.550	0
24.550	2
24.800	0
24.800	2
25.310	1
25.310	2
25.560	0
25.810	2
26.040	0
26.290	1
26.290	2
26.760	2
27.270	2
27.280	1
27.770	2
28.010	0
28.230	1
28.230	2
28.490	0
28.490	2
28.730	0
28.730	2
29.230	1
29.230	2
29.480	0
29.480	2
29.970	0
