0.010	0
0.010	2
0.370	2
0.740	0
0.740	1
0.740	2
0.920	2
1.110	2
1.470	2
1.740	2
1.840	2
2.200	0
2.200	2
2.390	2
2.580	2
2.940	2
3.300	2
3.660	0
3.660	2
4.030	2
4.390	2
4.760	2
5.110	0
5.110	2
5.300	2
5.480	2
5.850	2
6.210	2
6.560	0
6.560	2
6.760	2
6.940	2
7.320	2
7.550	2
7.680	2
8.050	0
8.050	2
8.250	2
8.430	2
8.800	2
9.160	2
9.540	0
9.540	2
9.730	2
9.910	2
10.290	0
10.290	2
10.460	1
10.470	2
10.640	0
10.640	2
10.820	2
11.010	0
11.010	2
11.200	1
11.200	2
11.370	0
11.370	2
11.550	1
11.750	0
11.750	2
12.100	2
12.470	0
12.470	1
12.470	2
12.660	2
12.840	2
13.220	2
13.580	2
13.930	0
13.930	1
13.930	2
14.120	2
14.310	2
14.690	2
15.060	2
15.420	0
15.420	1
15.420	2
15.620	2
15.800	2
16.160	2
16.510	2
16.890	0
16.890	1
16.890	2
17.070	2
17.260	2
17.620	2
17.990	2
18.350	0
18.350	2
18.550	2
18.720	2
19.110	2
19.470	2
19.840	0
19.840	2
20.040	2
20.200	2
20.570	2
20.940	2
21.320	0
21.320	2
21.500	1
21.500	2
21.680	0
21.680	2
22.040	0
22.040	1
22.040	2
22.400	1
22.400	2
22.810	0
22.810	1
22.810	2
23.160	2
23.530	0
23.900	2
24.270	0
24.270	2
24.470	2
24.660	2
25.010	2
25.380	2
25.740	0
25.740	2
26.120	2
26.480	2
26.840	1
26.840	2
27.210	0
27.210	2
27.400	2
27.580	2
27.940	2
28.310	2
28.680	0
28.680	2
29.020	2
29.070	2
29.270	2
29.420	2
29.550	2
29.780	2
