0.050	2
0.290	1
0.290	2
0.660	1
0.660	2
0.790	0
1.150	2
1.160	1
1.250	1
1.340	1
1.340	2
1.430	1
1.530	0
1.530	2
1.900	0
1.900	2
2.260	1
2.260	2
2.640	0
2.640	2
2.880	1
2.880	2
3.000	0
3.010	2
3.250	2
3.380	0
3.380	2
3.740	1
3.740	2
4.120	0
4.120	2
4.360	2
4.490	0
4.490	2
4.860	0
4.860	2
5.220	1
5.220	2
5.600	0
5.600	2
5.970	0
5.970	2
6.340	0
6.340	2
6.710	1
6.710	2
7.080	0
7.080	2
7.330	2
7.450	0
7.450	2
7.820	0
7.820	2
8.050	2
8.190	1
8.190	2
8.560	0
8.560	2
8.810	2
8.930	0
8.930	2
9.180	2
9.300	0
9.300	2
9.670	1
9.670	2
10.040	0
10.040	2
10.290	2
10.410	0
10.410	2
10.780	0
10.780	2
11.150	1
11.150	2
11.520	0
11.520	2
11.770	2
11.890	0
11.900	2
12.140	2
12.260	0
12.270	2
12.630	1
12.630	2
13.000	0
13.010	2
13.250	2
13.380	0
13.380	2
13.750	0
13.750	2
14.110	1
14.110	2
14.490	0
14.490	2
14.860	0
14.860	2
15.110	2
15.230	0
15.230	2
15.600	1
15.600	2
15.970	0
15.970	2
16.220	2
16.340	0
16.340	2
16.710	0
16.710	2
17.070	2
17.080	1
17.450	0
17.450	2
17.820	0
17.820	2
18.070	2
18.190	0
18.190	2
18.560	1
18.560	2
18.930	0
18.930	2
19.300	0
19.300	2
19.670	0
19.670	2
20.040	1
20.040	2
20.410	0
20.410	2
20.660	2
20.780	0
20.790	2
21.030	2
21.150	0
21.160	2
21.520	1
21.520	2
21.750	2
21.890	0
21.890	2
22.140	2
22.270	0
22.270	2
22.640	0
22.640	2
23.000	1
23.000	2
23.380	0
23.380	2
23.620	2
23.740	0
23.740	2
24.120	0
24.120	2
24.490	1
24.490	2
24.730	1
24.730	2
24.860	0
24.860	2
25.230	0
25.230	2
25.600	0
25.600	2
25.970	1
25.970	2
26.340	0
26.340	2
26.710	0
26.710	2
26.960	2
27.080	0
27.080	2
27.440	1
27.440	2
27.820	0
27.820	2
28.070	2
28.190	0
28.190	2
28.560	0
28.560	2
28.930	1
28.930	2
29.300	0
29.300	2
29.670	0
29.670	2
29.920	2
30.040	0
30.050	2
30.410	1
30.410	2
30.780	0
30.780	2
31.030	2
31.160	0
31.160	2
31.520	0
31.520	2
31.740	2
31.890	1
31.890	2
32.260	0
32.260	2
32.510	2
32.640	0
32.640	2
32.880	1
32.880	2
33.000	0
33.010	2
33.370	1
33.370	2
33.740	0
33.750	2
34.120	0
34.120	2
34.490	0
34.490	2
34.850	1
34.850	2
35.230	0
35.230	2
35.600	0
35.600	2
35.850	2
35.970	0
35.970	2
36.340	1
36.340	2
36.580	1
36.580	2
36.710	0
36.710	2
36.960	2
37.080	0
37.080	2
37.450	0
37.450	2
37.810	1
37.820	2
38.190	0
38.190	2
38.560	0
38.560	2
38.810	2
38.930	0
38.930	2
39.300	1
39.300	2
39.670	0
39.670	2
39.920	2
40.040	0
40.040	2
40.410	0
40.410	2
40.780	1
40.780	2
41.150	0
41.150	2
41.400	2
41.520	0
41.530	2
41.770	2
41.890	0
41.890	2
42.260	1
42.260	2
42.630	0
42.640	2
42.880	2
43.000	0
43.000	2
43.380	0
43.380	2
43.740	1
43.740	2
44.120	0
44.120	2
44.360	2
44.490	0
44.490	2
44.740	2
44.850	0
44.860	2
45.220	1
45.220	2
45.590	0
45.600	2
45.970	0
45.970	2
46.340	0
46.340	2
46.710	1
46.710	2
47.080	0
47.080	2
47.330	2
47.450	0
47.450	2
47.700	2
47.820	0
47.820	2
48.190	1
48.190	2
48.440	2
48.560	0
48.560	2
48.810	2
48.930	0
48.930	2
49.300	0
49.300	2
49.670	1
49.670	2
50.040	0
50.040	2
50.290	1
50.290	2
50.410	0
50.410	2
50.660	1
50.660	2
50.780	0
50.780	2
51.150	1
51.150	2
51.520	0
51.520	2
51.770	2
51.890	0
51.890	2
52.260	0
52.260	2
52.630	1
52.630	2
53.000	0
53.010	2
53.380	0
53.380	2
53.740	0
53.750	2
54.110	1
54.110	2
54.480	0
54.490	2
54.860	0
54.860	2
55.230	0
55.230	2
55.590	1
55.590	2
55.970	0
55.970	2
56.340	0
56.340	2
56.590	2
56.710	0
56.710	2
57.080	1
57.080	2
57.450	0
57.450	2
57.700	2
57.820	0
57.820	2
58.190	0
58.190	2
58.560	1
58.560	2
58.930	0
58.930	2
59.180	2
59.300	0
59.300	2
59.550	2
59.670	0
59.670	2
60.040	1
60.040	2
60.410	0
60.410	2
60.660	2
60.780	0
60.780	2
61.150	0
61.150	2
61.520	1
61.520	2
61.890	0
61.890	2
62.140	1
62.140	2
62.270	0
62.270	2
62.510	2
62.640	0
62.640	2
63.000	1
63.000	2
63.370	0
63.380	2
63.750	0
63.750	2
64.120	0
64.120	2
64.480	1
64.480	2
64.860	0
64.860	2
65.230	0
65.230	2
65.600	0
65.600	2
65.820	2
65.970	1
65.970	2
66.330	0
66.340	2
66.710	0
66.710	2
67.080	0
67.080	2
67.450	1
67.450	2
67.820	0
67.820	2
68.070	2
68.190	0
68.190	2
68.440	2
68.560	0
68.560	2
68.930	1
68.930	2
69.550	2
69.670	0
69.670	2
70.040	0
70.040	2
70.410	1
70.410	2
70.780	0
70.780	2
71.030	1
71.030	2
71.150	0
71.150	2
71.400	2
71.530	0
71.530	2
71.890	1
71.890	2
72.140	2
72.270	0
72.270	2
72.510	1
72.510	2
72.640	0
72.640	2
73.010	0
73.010	2
73.370	1
73.370	2
73.750	0
73.750	2
74.120	2
74.490	0
74.490	2
74.850	1
74.850	2
75.230	0
75.230	2
75.600	0
75.600	2
75.970	0
75.970	2
76.190	2
76.330	1
76.340	2
76.710	0
76.710	2
76.960	2
77.080	0
77.080	2
77.450	0
77.820	1
77.820	2
78.190	0
78.190	2
78.440	2
78.560	0
78.560	2
78.930	0
78.930	2
79.300	1
79.300	2
79.670	0
79.670	2
79.860	2
80.050	0
80.050	2
80.290	1
80.290	2
80.410	0
80.410	2
80.780	1
80.780	2
81.150	0
81.160	2
81.400	2
81.530	0
81.530	2
81.900	0
81.900	2
82.260	1
82.260	2
82.640	0
82.880	1
82.880	2
83.010	0
83.010	2
83.250	2
83.380	0
83.380	2
83.740	1
83.740	2
84.120	0
84.120	2
84.490	0
84.490	2
84.860	0
84.860	2
85.230	1
85.230	2
85.600	0
85.600	2
85.970	2
86.220	2
86.340	0
86.340	2
86.710	1
86.710	2
86.960	2
87.080	0
87.080	2
87.330	2
87.450	0
87.450	2
87.820	0
87.820	2
88.190	1
88.190	2
88.560	0
88.560	2
88.810	2
88.930	0
88.930	2
89.300	0
89.670	1
89.670	2
90.040	0
90.040	2
90.290	1
90.290	2
90.410	0
90.410	2
90.420	1
90.790	0
90.790	2
91.150	1
91.150	2
91.520	0
91.770	1
91.770	2
91.890	0
91.900	2
92.140	1
92.140	2
92.270	0
92.270	2
92.630	1
92.630	2
93.010	2
93.380	0
93.380	2
93.750	0
93.750	2
94.110	1
94.110	2
94.480	0
94.490	2
94.860	0
94.860	2
95.230	0
95.230	2
95.600	1
95.600	2
95.840	1
95.840	2
95.970	0
95.970	2
96.220	2
96.320	0
96.320	2
96.710	0
96.710	2
96.900	2
97.070	1
97.080	2
97.450	0
97.450	2
97.700	1
97.700	2
97.820	2
98.070	2
98.190	0
98.190	2
98.560	1
98.560	2
98.930	0
98.930	2
99.180	2
99.300	0
99.300	2
99.550	1
99.680	0
99.680	2
100.040	1
100.040	2
100.290	1
100.410	0
100.410	2
100.660	1
100.660	2
100.780	0
100.780	2
101.030	1
101.030	2
101.150	0
101.160	2
101.520	0
101.520	1
101.520	2
101.900	0
101.900	2
102.140	1
102.140	2
102.260	0
102.270	2
102.450	1
102.450	2
102.640	0
102.640	1
102.640	2
102.760	2
103.010	0
103.010	2
104.120	0
104.120	1
104.120	2
107.170	1
107.170	2
107.270	1
107.360	1
107.450	0
107.450	2
108.070	1
108.070	2
108.190	0
108.190	2
108.560	0
108.560	2
108.930	1
108.930	2
109.300	0
109.300	2
109.670	0
109.670	2
109.920	1
109.920	2
110.040	0
110.040	2
110.410	1
110.410	2
110.780	0
110.780	2
111.030	2
111.150	0
111.150	2
111.520	0
111.520	2
111.890	1
111.890	2
112.260	0
112.270	2
112.630	0
112.630	2
112.880	2
113.000	0
113.010	2
113.370	1
113.370	2
113.740	0
113.750	2
114.120	0
114.120	2
114.490	0
114.490	2
114.720	2
114.850	1
114.850	2
115.230	0
115.230	2
115.600	0
115.600	2
115.850	2
115.970	0
115.970	2
116.340	1
116.340	2
116.700	0
116.710	2
117.080	0
117.080	2
117.450	0
117.450	2
117.820	1
117.820	2
118.190	0
118.190	2
118.440	2
118.560	0
118.560	2
118.810	2
118.930	0
118.930	2
119.300	1
119.300	2
119.670	0
119.670	2
119.920	2
120.040	0
120.040	2
120.410	0
120.410	2
120.670	2
120.780	1
120.780	2
121.150	0
121.150	2
121.400	1
121.400	2
121.520	0
121.530	2
121.770	2
121.900	0
121.900	2
122.260	1
122.260	2
122.640	0
122.640	2
122.880	2
123.010	0
123.010	2
123.380	0
123.380	2
123.740	1
123.740	2
124.120	0
124.120	2
124.490	0
124.490	2
124.860	0
124.860	2
125.220	1
125.230	2
125.590	0
125.600	2
125.960	0
125.970	2
126.340	0
126.340	2
126.710	1
126.710	2
127.080	0
127.080	2
127.330	2
127.450	0
127.450	2
127.700	2
127.820	0
127.820	2
128.190	1
128.190	2
128.560	0
128.560	2
128.810	2
128.930	0
128.930	2
129.300	0
129.300	2
129.670	1
129.670	2
130.040	0
130.040	2
130.290	2
130.410	0
130.410	2
130.660	2
130.780	0
130.780	2
131.150	1
131.150	2
131.400	1
131.400	2
131.530	0
131.530	2
131.770	2
131.900	0
131.900	2
132.270	0
132.270	2
132.630	1
132.630	2
133.010	0
133.010	2
133.380	0
133.380	2
133.620	2
133.750	0
133.750	2
134.080	1
134.080	2
134.110	1
134.110	2
134.490	0
134.490	2
134.740	2
134.860	0
134.860	2
135.230	0
135.230	2
135.590	1
135.590	2
135.970	0
135.970	2
136.220	2
136.340	0
136.340	2
136.710	0
136.710	2
137.080	1
137.080	2
137.450	0
137.450	2
137.700	2
137.820	0
137.820	2
138.190	0
138.190	2
138.560	1
138.560	2
138.930	0
138.930	2
139.180	2
139.300	0
139.300	2
139.550	2
139.670	0
139.670	2
140.040	1
140.040	2
140.410	0
140.410	2
140.660	2
140.790	0
140.790	2
141.150	0
141.150	2
141.520	1
141.520	2
141.890	0
141.890	2
142.140	2
142.260	0
142.270	2
142.510	2
142.630	0
142.640	2
143.000	1
143.000	2
143.250	1
143.250	2
143.380	0
143.380	2
143.750	0
143.750	2
144.120	0
144.120	2
144.480	1
144.480	2
144.860	0
144.860	2
145.230	0
145.230	2
145.480	2
145.600	0
145.600	2
145.950	1
145.950	2
146.340	0
146.340	2
146.590	2
146.710	0
146.710	2
147.080	0
147.080	2
147.440	1
147.450	2
147.820	0
147.820	2
148.190	0
148.190	2
148.440	2
148.930	1
148.930	2
149.300	0
149.300	2
149.550	2
149.670	0
149.670	2
150.040	0
150.040	2
150.410	1
150.410	2
150.780	0
150.780	2
151.030	2
151.150	0
151.160	2
151.400	2
151.520	0
151.520	2
151.890	1
151.890	2
152.260	0
152.270	2
152.510	2
152.640	0
152.640	2
153.000	2
153.010	0
153.370	1
153.370	2
153.750	0
153.750	2
154.120	0
154.120	2
154.490	0
154.490	2
154.860	1
154.860	2
155.100	2
155.230	0
155.230	2
155.480	2
155.600	0
155.600	1
155.600	2
155.970	0
155.970	2
156.340	1
156.340	2
156.710	0
156.710	2
156.960	2
157.080	0
157.080	2
157.330	2
157.450	0
157.450	2
157.820	1
157.820	2
158.190	0
158.190	2
158.440	2
158.560	0
158.560	2
158.930	0
158.930	2
159.290	1
159.290	2
159.670	0
159.670	2
159.920	2
160.040	0
160.040	2
160.290	2
160.410	0
160.410	2
160.620	2
160.780	1
160.780	2
161.140	0
161.140	2
161.400	2
161.520	0
161.520	2
161.890	0
161.890	2
162.260	1
162.260	2
162.630	0
162.640	2
163.000	0
163.010	2
163.250	1
163.250	2
163.370	0
163.380	2
163.740	1
163.740	2
164.120	2
164.490	0
164.490	2
164.860	0
164.860	2
165.220	1
165.220	2
165.600	0
165.600	2
165.970	0
165.970	2
166.220	2
166.340	0
166.340	2
166.710	1
166.710	2
167.080	0
167.080	2
167.330	2
167.450	0
167.450	1
167.450	2
167.810	0
167.810	2
168.190	1
168.190	2
168.560	0
168.560	2
168.810	1
168.810	2
168.930	0
168.930	2
169.180	1
169.180	2
169.300	0
169.300	2
169.670	1
169.670	2
170.040	0
170.040	2
170.290	2
170.410	0
170.410	2
170.780	0
170.780	2
171.120	2
171.150	1
171.150	2
171.520	0
171.520	2
171.770	1
171.890	0
171.900	2
172.270	0
172.270	2
172.630	1
172.630	2
173.000	0
173.010	2
173.250	2
173.380	0
173.380	2
173.750	0
173.750	2
174.110	1
174.110	2
174.490	0
174.490	2
174.860	0
174.860	2
175.110	2
175.220	0
175.230	2
175.600	1
175.600	2
175.960	0
175.970	2
176.220	2
176.340	0
176.340	2
176.710	0
176.710	2
177.080	1
177.080	2
177.450	0
177.450	2
177.700	2
177.820	0
177.820	2
178.070	2
178.190	0
178.190	2
178.560	1
178.560	2
178.930	0
178.930	2
179.180	2
179.300	0
179.300	2
