0.230	2
0.610	2
0.990	2
1.370	2
1.750	2
1.760	0
2.130	0
2.130	1
2.130	2
2.510	0
2.510	2
2.700	0
2.890	1
2.890	2
3.080	0
3.270	0
3.270	2
3.650	0
3.650	1
3.650	2
4.030	0
4.030	2
4.220	0
4.410	0
4.410	1
4.410	2
4.600	0
4.790	0
4.790	2
5.170	0
5.170	1
5.170	2
5.550	0
5.550	2
5.930	0
5.930	1
5.930	2
6.120	0
6.310	0
6.310	2
6.690	0
6.690	1
6.690	2
7.070	0
7.070	2
7.260	0
7.450	0
7.450	1
7.450	2
7.640	0
7.830	0
8.210	0
8.210	1
8.210	2
8.590	0
8.590	2
8.960	0
8.960	1
8.960	2
9.150	0
9.340	2
9.350	0
9.720	2
9.730	0
9.730	1
10.100	2
10.110	0
10.290	0
10.480	1
10.480	2
10.670	0
10.860	0
10.860	2
11.240	0
11.240	1
11.240	2
11.620	0
11.620	2
12.000	0
12.000	1
12.000	2
12.190	0
12.380	0
12.760	1
13.140	0
13.330	0
13.530	1
13.710	0
13.810	1
13.900	0
13.900	2
14.280	1
14.280	2
14.660	0
14.660	2
14.850	0
15.040	1
15.040	2
15.230	0
15.420	0
15.420	2
15.800	0
15.800	1
15.800	2
16.180	0
16.180	2
16.560	0
16.560	1
16.560	2
16.750	0
16.940	0
16.940	2
17.320	0
17.320	1
17.320	2
17.700	0
17.700	2
18.080	0
18.080	1
18.080	2
18.460	0
18.460	2
18.840	0
18.840	1
18.840	2
19.220	0
19.220	2
19.410	0
19.600	1
19.600	2
19.790	0
19.980	0
19.980	1
19.980	2
20.360	0
20.360	1
20.360	2
20.740	0
20.740	2
21.120	0
21.120	1
21.120	2
21.500	0
21.500	2
21.880	0
21.880	1
21.880	2
22.260	0
22.260	2
22.450	0
22.640	0
22.640	1
22.640	2
22.830	0
23.020	0
23.020	2
23.400	0
23.400	1
23.400	2
23.780	0
23.780	2
24.160	0
24.160	1
24.160	2
24.540	0
24.540	2
24.920	0
24.920	1
24.920	2
25.300	0
25.300	2
25.480	1
25.670	1
25.680	2
25.870	0
25.870	1
26.060	0
26.060	2
26.430	0
26.430	1
26.440	2
26.810	2
26.820	0
27.000	0
27.190	1
27.190	2
27.380	0
27.570	0
27.570	2
27.950	0
27.950	1
27.950	2
28.330	0
28.330	2
28.710	0
28.720	1
28.720	2
28.900	0
29.090	0
29.090	2
29.470	0
29.470	1
29.470	2
29.850	0
29.850	2
30.230	0
30.230	1
30.230	2
30.610	0
30.610	2
30.990	0
30.990	1
30.990	2
31.370	0
31.370	2
31.560	0
31.750	1
31.750	2
31.940	0
32.130	0
32.130	2
32.510	0
32.510	1
32.510	2
32.890	0
32.890	2
33.270	0
33.270	1
33.270	2
33.650	0
33.650	2
34.030	0
34.030	1
34.030	2
34.410	0
34.410	2
34.600	0
34.600	2
34.790	0
34.790	1
34.790	2
34.980	0
35.170	0
35.170	2
35.550	0
35.550	1
35.550	2
35.930	0
35.930	2
36.310	0
36.310	1
36.310	2
36.690	0
36.690	2
36.880	2
37.070	0
37.070	1
37.070	2
37.450	0
37.450	2
37.640	1
37.820	1
37.830	2
38.020	0
38.020	1
38.020	2
38.210	0
38.210	2
38.590	1
38.590	2
38.960	0
38.960	2
39.150	0
39.350	1
39.350	2
39.530	0
39.730	0
39.730	2
40.100	0
40.110	1
40.110	2
40.480	0
40.490	2
40.860	0
40.870	1
40.870	2
41.060	0
41.250	0
41.250	2
41.620	0
41.620	1
41.630	2
42.010	0
42.010	2
42.380	0
42.380	1
42.380	2
42.760	0
42.760	2
43.140	0
43.140	1
43.140	2
43.520	0
43.520	2
43.710	0
43.900	1
43.900	2
44.090	0
44.280	0
44.280	2
44.660	0
44.660	1
44.660	2
45.040	0
45.040	2
45.420	0
45.420	1
45.430	2
45.600	2
45.800	0
45.800	2
46.180	0
46.180	1
46.180	2
46.560	0
46.560	2
46.750	0
46.750	2
46.940	0
46.940	1
46.940	2
47.130	0
47.320	0
47.320	2
47.700	0
47.700	1
47.700	2
48.080	0
48.080	2
48.460	0
48.460	1
48.460	2
48.840	0
48.840	2
49.220	0
49.220	1
49.220	2
49.600	0
49.600	2
49.780	1
49.980	1
49.980	2
50.170	0
50.170	1
50.170	2
50.360	0
50.360	2
50.550	2
50.740	1
50.740	2
51.120	0
51.120	2
51.310	0
51.310	2
51.500	1
51.500	2
51.690	0
51.880	0
51.880	2
52.080	2
52.260	0
52.260	1
52.260	2
52.640	0
52.640	2
53.020	0
53.020	1
53.020	2
53.210	0
53.210	2
53.400	0
53.400	2
53.590	2
53.780	0
53.780	1
53.780	2
54.160	0
54.160	2
54.350	2
54.540	0
54.540	1
54.540	2
54.730	2
54.920	0
54.920	2
55.110	2
55.300	0
55.300	1
55.300	2
55.490	2
55.680	0
55.680	2
55.860	0
55.870	1
55.870	2
56.050	1
56.250	0
56.250	1
56.250	2
56.440	0
56.440	2
56.620	2
56.810	0
56.820	1
56.820	2
57.200	0
57.200	2
57.390	2
57.570	0
57.570	1
57.570	2
57.770	2
57.950	0
57.950	2
58.150	2
58.340	0
58.340	1
58.340	2
58.530	2
58.710	0
58.710	2
58.900	0
58.900	2
59.090	0
59.090	1
59.090	2
59.290	0
59.290	2
59.440	2
59.470	2
59.480	0
59.670	2
59.850	0
59.850	1
59.850	2
60.050	2
60.230	0
60.230	2
60.430	2
60.610	0
60.610	1
60.610	2
60.800	2
60.990	0
60.990	1
60.990	2
61.180	0
61.180	2
61.370	0
61.370	1
61.370	2
61.560	1
61.660	0
61.750	0
61.750	1
61.840	0
61.940	0
62.030	0
62.030	1
62.130	0
62.130	1
62.130	2
62.320	0
62.320	1
62.510	0
62.510	2
62.890	1
62.890	2
63.270	0
63.270	2
63.460	0
63.650	1
63.650	2
63.840	0
64.030	0
64.030	2
64.410	0
64.410	1
64.410	2
64.600	1
64.790	0
64.790	2
65.170	0
65.170	1
65.170	2
65.360	0
65.550	0
65.550	2
65.930	0
65.930	1
65.930	2
66.310	0
66.310	2
66.690	0
66.690	1
66.690	2
67.070	0
67.070	2
67.450	0
67.450	1
67.450	2
67.830	0
67.830	2
68.020	0
68.020	2
68.200	1
68.210	2
68.400	0
68.580	2
68.590	0
68.970	0
68.970	1
68.970	2
69.340	2
69.350	0
69.730	0
69.730	1
69.730	2
70.110	0
70.110	2
70.490	0
70.490	1
70.490	2
70.860	0
70.860	2
71.050	2
71.060	0
71.240	0
71.240	1
71.240	2
71.430	0
71.620	2
71.630	0
72.020	0
72.020	1
72.020	2
72.390	0
72.390	2
72.760	0
72.760	1
72.770	2
73.140	0
73.140	2
73.520	0
73.520	1
73.530	2
73.900	2
73.910	0
74.090	1
74.280	1
74.280	2
74.470	0
74.470	1
74.470	2
74.660	0
74.660	2
74.850	2
75.040	1
75.040	2
75.420	0
75.420	2
75.610	0
75.610	2
75.800	1
75.800	2
75.990	2
76.000	0
76.180	0
76.180	2
76.370	2
76.560	0
76.560	1
76.560	2
76.940	0
76.940	2
77.130	2
77.320	0
77.320	1
77.320	2
77.510	0
77.510	2
77.700	0
77.700	2
77.900	2
78.080	0
78.080	1
78.080	2
78.460	0
78.460	2
78.650	2
78.840	0
78.840	1
78.840	2
79.220	0
79.220	2
79.410	2
79.600	0
79.600	1
79.600	2
79.980	0
79.980	2
80.170	0
80.170	2
80.360	1
80.550	0
80.550	2
80.740	0
81.120	0
81.120	1
81.120	2
81.500	0
81.500	2
81.690	2
81.880	0
81.880	1
81.880	2
82.260	0
82.260	2
82.450	2
82.640	0
82.640	1
82.640	2
82.840	2
83.020	0
83.020	2
83.210	0
83.210	2
83.400	0
83.400	1
83.400	2
83.590	0
83.590	2
83.780	0
83.780	2
83.970	2
84.160	0
84.160	1
84.160	2
84.350	2
84.540	0
84.540	2
84.730	2
84.920	0
84.920	1
84.920	2
85.300	0
85.300	2
85.490	2
85.670	0
85.670	1
85.680	2
85.870	2
86.060	0
86.060	2
86.240	1
86.430	1
86.430	2
86.620	0
86.620	1
86.820	0
86.820	2
87.190	1
87.190	2
87.570	0
87.570	2
87.760	0
87.950	1
87.950	2
88.140	0
88.340	0
88.340	2
88.490	2
88.710	0
88.710	1
88.710	2
89.090	0
89.090	2
89.470	0
89.470	1
89.480	2
89.660	0
89.850	0
89.850	2
90.230	0
90.230	1
90.230	2
90.610	0
90.610	2
90.990	0
90.990	1
91.000	2
91.370	0
91.370	2
91.750	0
91.750	1
91.750	2
92.130	0
92.130	2
92.320	0
92.510	1
92.510	2
92.700	0
92.890	0
92.890	2
93.270	1
93.270	2
93.650	0
93.650	2
93.840	0
94.030	1
94.030	2
94.220	0
94.410	0
94.410	2
94.790	0
94.790	1
94.790	2
95.170	0
95.170	2
95.550	0
95.550	1
95.550	2
95.740	0
95.930	0
95.930	2
96.310	0
96.310	1
96.310	2
96.690	0
96.690	2
97.070	0
97.070	1
97.070	2
97.450	0
97.450	2
97.830	0
97.830	1
97.830	2
98.210	0
98.210	2
98.390	0
98.590	1
98.590	2
98.770	0
98.970	0
98.970	2
99.330	1
99.330	2
99.730	0
99.730	2
99.910	0
100.100	1
100.100	2
100.300	0
100.490	0
100.490	2
100.870	0
100.870	1
100.870	2
101.240	0
101.240	2
101.430	2
101.630	0
101.630	1
101.630	2
101.810	0
102.000	0
102.000	2
102.390	0
102.390	1
102.390	2
102.760	0
102.760	2
103.140	0
103.140	1
103.140	2
103.320	2
103.530	0
103.530	2
103.900	0
103.900	1
103.900	2
104.280	0
104.280	2
104.480	0
104.660	1
104.670	2
104.850	0
105.040	0
105.040	2
105.420	1
105.420	2
105.800	0
105.800	2
105.990	0
106.180	1
106.180	2
106.370	0
106.560	0
106.560	2
106.940	0
106.940	1
106.940	2
107.320	0
107.320	2
107.700	0
107.700	1
107.700	2
107.890	0
108.080	0
108.080	2
108.460	0
108.460	1
108.460	2
108.840	0
108.840	2
109.220	0
109.220	1
109.220	2
109.590	0
109.590	1
109.590	2
109.770	1
110.540	0
110.740	1
110.740	2
110.920	0
111.120	0
111.120	2
111.490	1
111.500	2
111.880	0
111.880	2
112.070	0
112.260	1
112.260	2
112.440	0
112.640	2
112.650	0
113.020	0
113.020	1
113.020	2
113.400	0
113.400	2
113.780	0
113.780	1
113.780	2
113.970	0
114.160	0
114.160	2
114.540	0
114.540	1
114.540	2
114.920	0
114.920	2
115.290	0
115.300	1
115.300	2
115.670	2
115.680	0
116.060	0
116.060	1
116.060	2
116.440	0
116.440	2
116.630	0
116.810	1
116.810	2
117.010	0
117.190	0
117.190	2
117.570	0
117.570	1
117.580	2
117.960	0
117.960	2
118.330	0
118.330	1
118.330	2
118.710	0
118.710	2
119.090	0
119.090	1
119.090	2
119.470	0
119.470	2
119.660	0
119.850	0
119.850	1
119.850	2
120.040	0
120.230	0
120.230	2
120.610	0
120.610	1
120.610	2
120.990	0
120.990	2
121.370	0
121.370	1
121.370	2
121.750	0
121.750	2
122.130	0
122.130	1
122.130	2
122.510	0
122.510	2
122.700	1
122.700	2
122.890	1
122.890	2
123.080	0
123.080	1
123.080	2
123.270	0
123.270	2
123.650	1
123.650	2
124.030	0
124.030	2
124.220	0
124.410	1
124.410	2
124.600	0
124.790	0
124.790	2
125.170	0
125.170	1
125.170	2
125.550	0
125.550	2
125.930	0
125.930	1
125.930	2
126.120	0
126.310	0
126.310	2
126.690	0
126.690	1
126.690	2
127.070	0
127.070	2
127.450	0
127.450	1
127.450	2
127.830	0
127.830	2
128.210	0
128.210	1
128.210	2
128.590	0
128.590	2
128.770	0
128.860	2
128.960	1
128.970	2
129.160	0
129.340	0
129.340	2
129.710	0
129.710	1
130.290	0
130.290	2
130.480	1
130.480	2
130.670	0
130.860	0
130.860	2
131.240	0
131.240	1
131.250	2
131.620	0
131.620	2
131.820	0
132.000	0
132.000	1
132.000	2
132.190	0
132.380	0
132.380	2
132.760	0
132.760	1
132.760	2
133.140	0
133.140	2
133.520	0
133.520	1
133.520	2
133.900	0
133.900	2
134.280	0
134.280	1
134.280	2
134.660	0
134.660	2
134.850	1
135.040	1
135.050	2
135.230	0
135.230	1
135.230	2
135.420	0
135.420	2
135.800	1
135.800	2
136.080	2
136.180	0
136.180	2
136.370	0
136.560	1
136.560	2
136.750	0
136.940	0
136.940	2
137.320	0
137.320	1
137.320	2
137.700	0
137.700	2
138.080	0
138.080	1
138.080	2
138.270	0
138.460	0
138.460	2
138.840	0
138.840	1
138.840	2
139.220	0
139.220	2
139.600	0
139.600	1
139.600	2
139.980	0
139.980	2
140.360	0
140.360	1
140.360	2
140.740	0
140.740	2
140.930	0
141.120	1
141.120	2
141.310	0
141.310	2
141.500	0
141.500	2
141.880	0
141.880	1
141.880	2
142.260	0
142.260	2
142.640	0
142.640	1
142.640	2
143.020	0
143.020	2
143.400	0
143.400	1
143.400	2
143.770	0
143.780	2
143.960	0
144.150	0
144.160	1
144.160	2
144.350	0
144.540	0
144.540	2
144.920	0
144.920	1
144.920	2
145.290	2
145.300	0
145.680	0
145.680	1
145.680	2
146.060	0
146.060	1
146.060	2
146.430	0
146.430	1
146.430	2
146.720	0
146.720	1
146.820	0
146.820	2
147.000	1
147.190	1
147.190	2
147.380	0
147.380	1
147.380	2
147.570	0
147.570	2
147.950	1
147.960	2
148.340	0
148.340	2
148.520	0
148.520	2
148.710	1
148.710	2
148.910	0
148.910	2
149.090	0
149.090	2
149.280	2
149.470	0
149.470	1
149.470	2
149.670	2
149.850	0
149.850	2
150.040	2
150.230	0
150.230	1
150.230	2
150.420	0
150.420	2
150.610	0
150.610	2
150.810	2
150.990	0
150.990	1
150.990	2
151.370	0
151.370	2
151.560	2
151.750	0
151.750	1
151.750	2
152.130	0
152.130	2
152.320	2
152.510	0
152.510	1
152.510	2
152.700	2
152.890	0
152.890	2
153.080	0
153.080	2
153.270	1
153.460	0
153.460	2
153.650	0
153.840	2
154.030	0
154.030	1
154.030	2
154.410	0
154.410	2
154.600	2
154.790	0
154.790	1
154.790	2
155.170	0
155.170	2
155.360	1
155.360	2
155.550	0
155.550	1
155.550	2
155.930	0
155.930	2
156.120	0
156.120	2
156.310	0
156.310	1
156.310	2
156.500	0
156.500	2
156.690	0
156.690	2
156.880	2
157.070	0
157.070	1
157.070	2
157.260	2
157.450	0
157.450	2
157.640	2
157.830	0
157.830	1
157.830	2
158.210	0
158.210	2
158.400	2
158.580	0
158.590	1
158.590	2
158.780	2
158.970	0
158.970	2
159.150	1
159.350	1
159.350	2
159.540	0
159.540	1
159.540	2
159.730	0
159.730	2
160.100	1
160.110	2
160.480	0
160.480	2
160.670	0
160.860	1
160.870	2
161.060	0
161.250	0
161.250	2
161.420	2
161.620	0
161.630	1
161.630	2
161.820	2
162.010	0
162.010	2
162.380	0
162.380	1
162.570	0
162.760	0
162.760	2
163.140	0
163.140	1
163.140	2
163.530	0
163.530	2
163.900	0
163.910	1
163.910	2
164.280	0
164.280	2
164.660	0
164.670	1
164.670	2
165.040	0
165.040	2
165.230	0
165.420	1
165.430	2
165.610	0
165.800	0
165.800	2
166.180	1
166.180	2
166.560	0
166.560	2
166.750	0
166.940	1
166.940	2
167.130	0
167.320	0
167.320	2
167.700	0
167.700	1
167.700	2
168.080	0
168.080	2
168.460	0
168.460	1
168.460	2
168.650	0
168.840	0
168.840	2
169.220	0
169.220	1
169.220	2
169.600	0
169.600	2
169.980	0
169.980	1
169.980	2
170.360	0
170.360	2
170.740	0
170.740	1
170.740	2
171.120	0
171.120	2
171.310	0
171.500	1
171.500	2
171.700	0
171.880	0
171.880	2
172.250	1
172.250	2
172.640	0
172.640	2
172.830	0
173.010	2
173.020	1
173.210	0
173.210	2
173.400	0
173.400	2
173.780	0
173.780	1
173.780	2
174.160	0
174.160	2
174.540	0
174.540	1
174.540	2
174.730	0
174.910	2
174.920	0
175.300	0
175.300	1
175.300	2
175.680	0
175.680	2
176.060	0
176.060	1
176.060	2
176.440	0
176.440	2
176.820	0
176.820	1
176.820	2
177.190	0
177.200	2
177.380	0
177.570	1
177.580	2
177.760	0
177.950	0
177.950	2
178.330	1
178.330	2
178.720	0
178.720	2
178.900	0
179.090	1
179.090	2
179.280	0
179.470	0
179.470	2
179.850	0
179.860	1
179.860	2
180.230	0
180.230	2
180.610	0
180.610	1
180.610	2
180.800	0
180.990	0
180.990	2
181.370	0
181.370	1
181.370	2
181.750	0
181.750	2
182.130	0
182.130	1
182.130	2
182.510	0
182.510	1
182.510	2
182.680	1
183.430	2
183.460	0
183.650	1
183.840	0
184.030	0
184.030	2
184.400	1
184.410	2
184.790	0
184.790	2
184.980	0
185.170	1
185.170	2
185.360	0
185.550	0
185.550	2
185.930	0
185.930	1
185.930	2
186.310	0
186.310	2
186.690	0
186.690	1
186.690	2
186.880	0
187.070	0
187.070	2
187.450	0
187.450	1
187.450	2
187.820	2
187.840	0
188.210	0
188.210	1
188.210	2
188.590	0
188.590	2
188.970	0
188.970	1
188.970	2
189.350	0
189.350	2
189.540	0
189.720	1
189.730	2
189.920	0
190.100	0
190.100	2
190.480	0
190.480	1
190.490	2
190.870	0
190.870	2
191.240	0
191.250	1
191.250	2
191.630	0
191.630	2
192.000	0
192.010	1
192.010	2
192.390	0
192.390	2
192.580	0
192.760	0
192.760	1
192.760	2
192.950	0
193.140	0
193.140	2
193.520	0
193.520	1
193.520	2
193.910	0
193.910	2
194.280	0
194.280	1
194.280	2
194.660	0
194.660	2
195.040	0
195.040	1
195.040	2
195.420	0
195.420	2
195.610	1
195.800	1
195.800	2
195.990	0
195.990	1
196.180	0
196.180	1
196.180	2
