0.070	2
0.690	2
1.190	1
1.300	2
1.910	2
2.420	0
2.510	0
2.510	2
3.130	2
3.630	0
3.740	1
3.740	2
3.940	0
4.040	2
4.050	1
4.240	0
4.350	0
4.350	2
4.550	0
4.550	1
4.650	1
4.660	2
4.860	1
4.960	0
5.270	0
5.570	0
6.190	0
6.190	2
6.390	0
6.500	2
6.690	0
6.800	0
7.110	1
7.410	0
7.720	0
8.030	0
8.640	2
8.840	0
8.950	2
9.150	0
9.250	0
9.250	1
9.560	1
9.860	0
10.170	0
10.470	0
10.980	0
11.090	2
11.290	0
11.400	2
11.590	0
11.700	0
12.000	1
12.310	0
12.620	0
12.920	0
13.430	0
13.430	1
13.430	2
13.740	1
13.840	1
13.840	2
14.950	0
15.060	1
15.060	2
15.260	0
15.260	2
15.360	2
15.370	0
15.670	2
15.680	1
15.980	0
15.980	1
15.980	2
16.290	1
16.290	2
16.900	1
16.900	2
17.110	0
17.220	2
17.410	0
17.510	1
17.510	2
17.720	0
17.810	2
17.820	0
18.120	1
18.120	2
18.430	0
18.430	2
18.730	1
18.730	2
19.350	1
19.350	2
19.550	0
19.660	1
19.660	2
19.860	0
19.960	1
19.960	2
20.170	0
20.270	0
20.270	2
20.580	1
20.580	2
20.880	0
20.880	2
21.180	2
21.190	1
21.520	2
21.800	1
21.800	2
22.000	0
22.100	2
22.310	0
22.400	2
22.410	1
22.620	0
22.710	0
22.710	2
23.020	1
23.020	2
23.330	0
23.330	1
23.330	2
23.630	1
23.630	2
24.240	1
24.240	2
24.450	0
24.550	2
24.760	0
24.860	1
24.860	2
25.060	0
25.170	0
25.170	2
25.460	2
25.470	1
25.780	0
25.780	1
25.780	2
26.080	1
26.080	2
26.690	1
26.690	2
26.900	0
27.200	0
27.300	2
27.310	1
27.510	0
27.610	0
27.610	2
27.920	1
27.920	2
28.160	2
28.220	0
28.220	2
28.230	1
28.530	1
28.530	2
28.860	2
29.140	2
29.150	1
29.350	0
29.350	2
29.460	2
29.650	0
29.750	2
29.760	1
29.960	0
30.060	0
30.060	2
30.360	1
30.360	2
30.670	0
30.680	1
30.680	2
30.980	1
30.980	2
31.300	2
31.590	1
31.590	2
31.800	0
31.910	2
32.110	0
32.200	1
32.200	2
32.410	0
32.510	0
32.510	2
32.810	2
32.820	1
33.130	0
33.130	2
33.430	1
33.430	2
33.740	0
33.740	2
33.940	1
34.040	1
34.350	0
34.660	1
34.660	2
34.960	0
35.270	1
35.570	0
35.570	2
35.880	1
35.880	2
36.080	0
36.390	0
36.490	1
36.490	2
36.800	0
36.800	2
37.100	1
37.100	2
37.410	0
37.710	1
37.710	2
38.030	0
38.030	2
38.320	2
38.330	1
38.530	0
38.640	2
38.840	0
38.940	1
38.940	2
39.230	0
39.550	1
39.550	2
39.860	0
39.860	2
40.170	1
40.480	0
40.480	2
40.770	2
40.780	1
40.980	0
41.290	0
41.390	1
41.700	0
41.700	2
42.000	1
42.000	2
42.310	0
42.610	1
42.610	2
42.820	0
43.220	1
44.140	0
44.450	1
44.450	2
44.740	2
44.750	0
45.060	1
45.060	2
45.370	0
45.370	2
45.570	0
45.680	1
45.680	2
45.880	0
45.990	2
46.190	0
46.190	2
46.280	2
46.290	1
46.590	0
46.600	2
46.900	1
46.900	2
47.210	0
47.420	2
47.510	1
47.510	2
47.820	0
47.820	2
48.120	1
48.120	2
48.330	0
48.640	0
48.730	1
48.730	2
49.040	0
49.050	2
49.350	1
49.650	0
49.650	2
49.960	1
49.960	2
50.270	0
50.270	2
50.570	1
50.570	2
50.780	0
51.080	0
51.080	2
51.180	2
51.190	1
51.490	0
51.490	2
51.790	2
51.800	1
52.100	0
52.410	1
52.410	2
52.720	0
52.720	2
53.020	1
53.020	2
53.220	0
53.530	0
53.530	1
53.640	1
53.940	0
53.940	2
54.240	1
54.240	2
54.550	0
54.860	1
54.860	2
55.170	0
55.170	2
55.360	0
55.480	1
55.480	2
55.670	0
55.790	2
55.980	0
56.080	1
56.080	2
56.390	0
56.390	2
56.690	1
56.690	2
57.000	0
57.310	1
57.620	0
57.620	2
57.920	1
58.120	0
58.430	0
58.530	1
58.530	2
58.840	0
58.840	2
59.140	1
59.140	2
59.450	0
59.750	1
59.750	2
60.070	0
60.070	2
60.260	2
60.370	1
60.570	0
60.880	0
60.980	1
60.980	2
61.290	0
61.290	2
61.590	1
61.590	2
61.900	0
61.900	2
62.490	2
62.510	0
62.820	1
63.020	0
63.330	0
63.330	1
63.430	1
63.730	0
64.040	0
64.350	0
64.860	0
64.960	1
64.960	2
65.170	0
65.270	1
65.270	2
65.580	0
65.880	1
65.880	2
66.190	0
66.490	0
66.800	0
67.310	0
67.410	1
67.410	2
67.620	0
67.710	2
67.720	1
67.930	0
68.330	1
68.640	0
68.640	1
68.940	0
69.250	0
69.760	0
69.860	1
69.860	2
70.070	0
70.170	1
70.170	2
70.380	0
70.780	1
70.780	2
71.090	0
71.390	0
71.700	0
72.200	0
72.310	0
72.310	1
72.310	2
72.610	0
72.610	2
72.930	0
73.230	1
73.740	0
73.740	2
73.830	2
73.840	1
74.040	0
74.150	0
74.440	1
74.440	2
74.760	0
74.760	2
75.060	1
75.060	2
75.290	2
75.680	1
75.680	2
75.880	0
75.990	2
76.190	0
76.280	2
76.290	1
76.490	0
76.600	0
76.600	2
76.900	1
76.900	2
77.210	0
77.210	1
77.210	2
77.510	0
77.510	1
77.510	2
78.120	2
78.130	1
78.330	0
78.430	2
78.640	0
78.720	1
78.720	2
78.940	0
79.050	0
79.350	1
79.350	2
79.660	0
79.660	1
79.660	2
79.960	1
79.960	2
80.570	2
80.580	1
80.780	0
80.890	2
81.090	0
81.180	2
81.190	1
81.390	0
81.490	0
81.490	2
81.800	1
81.800	2
82.100	0
82.100	2
82.110	1
82.410	1
82.410	2
83.020	1
83.020	2
83.230	0
83.340	2
83.530	0
83.630	1
83.630	2
83.840	0
83.940	0
83.940	2
84.250	1
84.250	2
84.550	0
84.550	2
84.860	1
84.860	2
85.470	1
85.470	2
85.680	0
85.790	2
85.980	0
86.080	1
86.080	2
86.290	0
86.390	0
86.390	2
86.690	2
86.700	1
87.000	0
87.000	1
87.000	2
87.310	1
87.310	2
87.920	1
87.920	2
88.120	0
88.120	2
88.430	0
88.530	1
88.530	2
88.740	0
88.840	0
88.840	2
89.140	2
89.150	1
89.450	0
89.450	1
89.450	2
89.750	1
89.750	2
90.360	1
90.360	2
90.570	0
90.680	2
90.880	0
90.980	1
90.980	2
91.180	0
91.290	0
91.290	2
91.590	1
91.590	2
91.900	0
91.900	2
92.200	2
92.210	1
92.520	0
92.520	2
92.720	1
92.820	1
93.130	0
93.410	1
93.740	0
93.740	2
94.030	2
94.350	0
94.350	2
94.650	1
94.650	2
94.860	0
94.970	2
95.170	0
95.260	2
95.270	1
95.570	0
95.580	2
95.880	1
95.880	2
96.190	0
96.190	2
96.470	2
96.490	1
96.690	0
96.800	0
97.100	1
97.100	2
97.310	0
97.420	2
97.620	0
97.710	2
97.720	1
98.010	0
98.320	2
98.330	1
98.640	0
98.640	2
98.940	1
98.940	2
99.250	0
99.250	2
99.550	1
99.550	2
99.740	0
99.740	2
99.870	2
100.070	0
100.160	2
100.170	1
100.470	0
100.470	2
100.770	2
100.780	1
101.080	0
101.390	1
101.390	2
101.590	0
101.900	1
102.000	1
102.920	0
102.920	1
102.920	2
103.220	1
103.220	2
103.530	0
103.530	2
103.830	2
103.840	1
104.150	0
104.150	2
104.650	0
104.960	0
105.060	1
105.060	2
105.370	0
105.670	1
105.670	2
105.980	0
106.280	1
106.280	2
106.590	0
106.600	2
106.900	1
107.100	0
107.410	0
107.510	1
107.510	2
107.820	0
107.820	2
108.120	1
108.120	2
108.430	0
108.730	2
108.740	1
109.050	0
109.050	2
109.240	0
109.350	1
109.550	0
109.860	0
109.960	1
109.960	2
110.270	0
110.270	2
110.570	1
110.570	2
110.880	0
110.880	2
111.190	1
111.190	2
111.490	0
111.490	2
111.690	0
111.790	2
111.800	1
111.990	0
112.110	2
112.310	0
112.310	1
112.410	1
112.710	0
112.710	2
113.020	1
113.020	2
113.320	0
113.320	2
113.630	1
113.630	2
113.940	0
113.940	2
114.140	0
114.260	2
114.450	0
114.560	2
114.760	0
114.760	2
114.860	1
114.860	2
115.170	0
115.170	2
115.470	1
115.470	2
115.780	0
115.780	2
116.080	1
116.080	2
116.390	0
116.390	2
116.690	1
116.690	2
116.900	0
116.900	2
117.210	0
117.300	1
117.300	2
117.610	0
117.620	2
117.920	1
118.230	0
118.530	1
118.530	2
118.840	0
118.840	2
119.030	0
119.140	1
119.140	2
119.350	0
119.660	0
119.750	2
119.760	1
120.060	0
120.060	2
120.360	2
120.370	1
120.670	0
120.670	2
120.970	1
120.970	2
121.260	2
121.280	0
121.590	1
121.590	2
121.790	0
122.110	0
122.110	1
122.210	1
122.510	0
122.810	0
123.130	0
123.740	2
123.940	0
124.050	2
124.240	0
124.350	0
124.660	1
124.960	0
125.260	0
125.590	0
126.080	0
126.190	2
126.390	0
126.500	2
126.800	0
127.110	1
127.410	0
127.710	0
128.030	0
128.640	2
128.840	0
128.950	2
129.150	0
129.250	0
129.560	1
129.860	0
130.170	0
130.470	0
130.980	0
130.980	1
130.980	2
131.290	0
131.290	1
131.390	1
132.510	0
132.610	1
132.610	2
132.820	0
132.820	2
132.920	0
132.920	2
133.230	1
133.230	2
133.530	0
133.530	2
133.840	0
133.840	1
133.840	2
134.450	1
134.450	2
134.660	0
134.760	2
134.960	0
135.060	1
135.060	2
135.270	0
135.370	0
135.370	2
135.670	1
135.670	2
135.980	0
135.980	2
136.290	1
136.290	2
136.900	1
136.900	2
137.110	0
137.410	0
137.510	1
137.510	2
137.720	0
137.820	0
137.820	2
138.120	1
138.120	2
138.430	0
138.430	1
138.430	2
138.740	1
138.740	2
139.350	1
139.350	2
139.560	0
139.620	2
139.860	0
139.910	2
139.960	1
139.960	2
140.160	0
140.270	0
140.270	2
140.570	1
140.570	2
140.870	0
140.870	2
140.880	1
141.180	1
141.180	2
141.800	1
141.800	2
142.000	0
142.110	2
142.310	0
142.410	1
142.410	2
142.610	0
142.720	0
142.720	2
143.020	1
143.020	2
143.330	0
143.330	2
143.630	1
143.630	2
144.250	1
144.250	2
144.450	0
144.560	2
144.760	0
144.860	1
144.860	2
145.060	0
145.060	2
145.170	0
145.470	1
145.470	2
145.780	0
145.780	2
146.080	1
146.080	2
146.700	1
146.700	2
146.900	0
146.990	1
146.990	2
147.210	0
147.260	2
147.300	2
147.310	1
147.510	0
147.510	2
147.610	0
147.610	2
147.920	1
147.920	2
148.230	0
148.230	2
148.530	1
148.530	2
149.130	2
149.140	1
149.350	0
149.460	2
149.660	0
149.760	1
149.760	2
149.960	0
150.070	0
150.070	2
150.370	1
150.370	2
150.680	0
150.680	2
150.980	1
150.980	2
151.290	0
151.290	2
151.490	1
151.600	1
151.900	0
152.210	1
152.210	2
152.510	0
152.510	2
152.820	1
153.130	0
153.130	2
153.430	1
153.430	2
153.640	0
153.750	2
153.940	0
154.040	1
154.040	2
154.350	0
154.350	2
154.650	1
154.650	2
154.960	0
154.960	2
155.260	1
155.260	2
155.460	2
155.580	0
155.580	2
155.880	1
155.880	2
156.090	0
156.190	2
156.390	0
156.390	2
156.490	1
156.490	2
156.790	0
156.790	2
157.100	1
157.100	2
157.410	0
157.710	2
157.720	1
158.020	0
158.030	2
158.220	0
158.330	1
158.530	0
158.840	0
158.940	1
158.940	2
159.250	0
159.250	2
159.550	1
159.550	2
159.860	0
160.160	2
160.170	1
160.360	0
160.670	0
160.780	1
161.700	0
161.700	2
162.000	1
162.000	2
162.310	0
162.310	2
162.610	1
162.610	2
162.920	0
162.930	2
163.240	1
163.430	0
163.740	0
163.840	1
163.840	2
164.150	0
164.150	2
164.450	1
164.450	2
164.750	0
165.060	1
165.060	2
165.370	0
165.370	2
165.680	1
165.880	0
165.880	2
166.190	0
166.190	2
166.280	2
166.290	1
166.600	0
166.600	2
166.900	1
166.900	2
167.210	0
167.510	1
167.510	2
167.820	0
167.820	2
168.120	1
168.330	0
168.630	0
168.730	2
168.740	1
169.040	0
169.040	2
169.350	1
169.350	2
169.650	0
169.650	2
169.940	1
169.940	2
170.260	0
170.260	2
170.460	0
170.570	1
170.570	2
170.780	0
171.090	0
171.090	1
171.190	1
171.490	0
171.790	2
171.800	1
172.090	0
172.090	2
172.410	1
172.410	2
172.720	0
172.720	2
173.030	1
173.220	0
173.340	2
173.540	0
173.540	2
173.630	2
173.640	1
173.940	0
173.940	2
174.240	1
174.240	2
174.550	0
174.850	2
174.860	1
175.170	0
175.170	2
175.360	0
175.470	1
175.470	2
175.680	0
175.680	2
175.780	2
175.980	0
175.990	2
176.080	1
176.080	2
176.390	0
176.390	2
176.660	1
176.690	1
177.000	0
177.300	2
177.310	1
177.620	0
177.620	2
177.810	2
177.910	1
178.130	0
178.430	0
178.530	1
178.530	2
178.840	0
178.840	2
179.140	2
179.150	1
179.450	0
179.450	2
179.740	2
179.750	1
180.040	2
180.070	0
180.370	1
180.570	0
180.680	2
180.880	0
180.880	1
180.980	1
181.290	0
181.590	0
181.900	0
182.400	0
182.510	0
182.510	1
182.510	2
182.720	0
182.820	1
182.820	2
183.020	0
183.130	0
183.430	1
183.430	2
183.740	0
184.050	0
184.360	0
184.850	0
184.960	0
184.960	1
184.960	2
185.170	0
185.270	1
185.270	2
185.580	0
185.880	1
185.880	2
186.190	0
186.490	0
186.800	0
187.310	0
187.410	1
187.410	2
187.620	0
187.720	1
187.720	2
187.930	0
188.330	1
188.640	0
188.940	0
189.250	0
189.860	0
189.860	1
189.860	2
190.070	0
190.160	2
190.170	1
190.370	0
190.470	0
190.780	1
191.080	0
191.080	2
191.390	1
191.390	2
191.700	0
191.700	2
192.000	1
192.000	2
192.310	0
192.310	1
192.310	2
192.610	1
192.610	2
192.820	0
192.920	2
193.130	0
193.230	1
193.530	0
193.530	2
193.840	1
193.840	2
194.150	0
194.450	1
194.450	2
194.760	0
194.760	1
194.760	2
195.060	1
195.060	2
195.270	0
195.370	2
195.580	0
195.680	1
195.980	0
196.280	1
196.280	2
196.590	0
196.900	1
197.210	0
197.210	2
197.510	1
197.510	2
197.720	0
198.030	0
198.130	1
198.430	0
198.730	1
199.040	0
199.350	1
199.650	1
199.660	0
199.660	2
199.960	0
199.960	1
199.960	2
200.270	0
200.270	1
200.580	0
200.580	1
200.880	0
