0.4992 	 0 
0.4992 	 1 
0.5108 	 2 
0.8475 	 2 
1.4861 	 2 
1.6138 	 0 
1.6254 	 2 
1.9040 	 2 
2.0201 	 2 
2.5426 	 2 
3.4017 	 2 
3.5294 	 2 
3.6571 	 2 
3.7152 	 2 
4.2493 	 0 
4.2493 	 1 
4.2493 	 2 
6.8383 	 2 
7.7671 	 2 
7.7671 	 0 
7.9064 	 2 
8.2083 	 2 
8.2083 	 1 
8.7307 	 2 
8.9861 	 2 
9.4273 	 2 
9.7640 	 2 
9.7640 	 1 
9.8801 	 2 
10.0194 	 2 
10.6812 	 2 
12.9451 	 2 
13.7578 	 2 
14.0481 	 1 
14.0481 	 0 
14.0713 	 2 
14.3267 	 2 
14.4544 	 2 
14.7215 	 2 
15.6735 	 1 
15.6851 	 2 
15.8941 	 2 
16.5326 	 2 
16.8809 	 2 
18.8778 	 2 
22.2679 	 1 
22.6162 	 0 
22.6162 	 1 
22.6278 	 2 
23.0110 	 2 
23.2083 	 2 
23.6031 	 2 
23.6147 	 0 
23.7424 	 2 
23.9978 	 1 
24.0094 	 0 
24.0210 	 2 
24.3577 	 2 
24.3577 	 0 
24.5551 	 1 
24.5783 	 0 
24.5899 	 2 
24.7873 	 0 
24.7989 	 2 
24.7989 	 1 
25.1704 	 2 
25.3794 	 2 
25.6000 	 2 
25.6116 	 1 
26.1573 	 2 
26.1573 	 0 
26.1573 	 1 
26.3895 	 1 
26.3895 	 2 
26.3895 	 0 
26.7610 	 2 
26.9700 	 2 
27.1673 	 0 
27.1790 	 2 
27.1906 	 1 
27.3647 	 2 
27.3763 	 0 
27.3879 	 1 
27.5505 	 2 
27.7362 	 1 
27.7362 	 0 
27.7478 	 2 
28.0149 	 2 
28.0265 	 0 
28.3400 	 2 
28.3400 	 0 
28.3400 	 1 
28.5373 	 2 
28.7347 	 0 
28.7347 	 1 
28.7347 	 2 
28.9437 	 1 
29.3268 	 0 
29.3384 	 2 
29.4893 	 2 
29.5358 	 0 
29.6054 	 2 
29.7332 	 2 
29.7448 	 1 
29.9305 	 2 
29.9305 	 0 
30.0234 	 2 
30.3369 	 2 
30.4994 	 2 
30.7200 	 2 
30.8825 	 0 
30.9058 	 2 
31.1147 	 2 
31.1263 	 0 
31.4979 	 0 
31.4979 	 2 
31.4979 	 1 
31.7068 	 2 
31.7765 	 2 
31.8926 	 1 
31.8926 	 0 
31.8926 	 2 
31.9855 	 2 
32.0900 	 2 
32.1016 	 0 
32.1945 	 2 
32.4615 	 0 
32.4847 	 2 
32.6821 	 2 
32.6937 	 0 
33.0884 	 2 
33.1233 	 2 
33.2974 	 2 
33.4832 	 2 
33.5064 	 1 
33.6805 	 2 
33.6922 	 0 
33.8663 	 2 
33.8779 	 0 
33.8895 	 2 
34.0637 	 1 
34.0637 	 0 
34.0637 	 2 
34.2610 	 2 
34.6442 	 2 
34.6442 	 0 
34.6558 	 1 
35.0389 	 2 
35.0389 	 0 
35.0505 	 1 
35.2595 	 1 
35.2595 	 2 
35.4685 	 2 
35.5846 	 2 
35.6310 	 0 
35.6426 	 2 
35.8400 	 2 
35.8632 	 0 
36.0838 	 2 
36.2347 	 2 
36.3973 	 2 
36.5018 	 2 
36.8036 	 2 
37.1984 	 1 
37.2100 	 2 
37.4422 	 2 
37.6860 	 2 
37.8137 	 2 
37.9414 	 2 
38.0459 	 2 
38.3245 	 1 
38.3942 	 2 
38.7889 	 0 
38.8005 	 2 
38.9979 	 2 
39.0676 	 1 
39.3927 	 2 
39.3927 	 0 
39.6132 	 2 
39.7990 	 1 
39.7990 	 0 
39.7990 	 2 
39.9964 	 0 
39.9964 	 2 
40.1821 	 2 
40.3679 	 0 
40.3795 	 2 
40.5885 	 2 
40.9600 	 1 
40.9716 	 2 
40.9716 	 0 
41.1690 	 2 
41.1690 	 1 
41.1690 	 0 
41.3547 	 1 
41.3547 	 2 
41.3547 	 0 
41.5753 	 1 
41.6334 	 2 
41.9585 	 0 
41.9585 	 2 
42.2371 	 2 
42.2487 	 0 
42.5506 	 1 
42.5506 	 0 
42.5506 	 2 
42.7595 	 2 
42.7595 	 0 
42.9569 	 2 
43.1543 	 2 
43.5258 	 2 
43.5258 	 0 
43.7348 	 2 
44.1295 	 2 
44.3269 	 2 
44.3385 	 1 
44.5243 	 2 
44.5243 	 0 
44.5243 	 1 
44.7216 	 2 
44.7216 	 1 
44.7216 	 0 
45.1164 	 2 
45.1164 	 0 
45.1164 	 1 
45.3370 	 2 
45.8942 	 0 
45.8942 	 2 
46.1148 	 2 
46.3122 	 2 
46.3122 	 0 
46.6837 	 2 
46.6837 	 1 
46.6837 	 0 
47.4732 	 2 
47.4732 	 1 
47.8679 	 0 
47.8795 	 2 
48.2627 	 0 
48.2627 	 1 
48.2627 	 2 
48.4833 	 1 
48.4833 	 2 
48.8664 	 2 
49.0522 	 1 
49.0522 	 2 
49.0638 	 0 
49.2727 	 2 
49.8416 	 1 
49.8416 	 2 
50.0738 	 2 
50.0738 	 0 
50.6311 	 2 
50.6311 	 1 
50.6311 	 0 
50.8401 	 2 
51.0375 	 2 
51.0491 	 1 
51.4090 	 1 
51.4322 	 0 
51.4322 	 2 
52.2101 	 2 
52.2101 	 0 
52.2101 	 1 
52.9183 	 2 
52.9995 	 1 
53.0112 	 2 
53.5336 	 0 
53.5452 	 1 
53.6033 	 2 
53.8006 	 1 
53.8006 	 0 
53.8006 	 2 
54.1954 	 0 
54.1954 	 1 
54.1954 	 2 
54.5785 	 2 
54.7991 	 2 
55.1822 	 0 
55.3680 	 1 
55.3680 	 0 
55.3796 	 2 
56.0878 	 2 
56.1575 	 1 
56.1691 	 0 
56.1691 	 2 
56.3780 	 2 
56.3897 	 1 
56.3897 	 0 
56.9469 	 1 
56.9469 	 2 
56.9585 	 0 
57.3533 	 2 
57.3533 	 0 
57.3533 	 1 
57.6784 	 0 
57.7364 	 1 
57.7480 	 2 
57.9686 	 2 
57.9686 	 1 
58.1544 	 2 
58.2705 	 2 
58.2821 	 0 
58.5259 	 1 
58.5259 	 2 
58.5375 	 0 
58.8278 	 2 
58.9439 	 0 
58.9439 	 2 
58.9439 	 1 
59.3270 	 0 
59.3270 	 2 
59.3270 	 1 
59.5360 	 2 
59.7333 	 2 
59.7449 	 1 
59.7449 	 0 
59.8494 	 2 
60.1049 	 1 
60.1049 	 0 
60.1049 	 2 
60.3371 	 2 
60.5112 	 2 
60.8943 	 2 
60.8943 	 1 
61.1033 	 2 
61.1033 	 1 
61.3007 	 2 
61.4168 	 2 
61.4284 	 0 
61.6838 	 0 
61.6838 	 2 
61.6838 	 1 
61.9044 	 1 
61.9044 	 2 
62.0089 	 2 
62.2875 	 2 
62.4733 	 1 
62.4849 	 2 
62.6939 	 2 
62.9029 	 2 
62.9029 	 0 
63.1815 	 2 
63.2628 	 2 
63.2628 	 1 
63.2628 	 0 
63.4717 	 2 
63.4717 	 0 
63.6691 	 0 
63.6691 	 2 
64.0522 	 2 
64.0522 	 0 
64.0522 	 1 
64.2612 	 2 
64.4702 	 2 
64.4818 	 0 
64.5979 	 2 
64.8417 	 1 
64.8417 	 0 
64.8417 	 2 
65.0507 	 2 
65.1668 	 2 
65.4338 	 2 
65.5499 	 2 
65.6312 	 1 
65.6428 	 2 
65.8402 	 0 
65.8518 	 2 
65.8518 	 1 
66.1653 	 2 
66.1653 	 0 
66.1653 	 1 
66.4207 	 2 
66.4207 	 0 
66.4323 	 1 
66.6413 	 2 
66.8270 	 2 
66.8270 	 0 
66.8386 	 1 
67.1289 	 2 
67.2102 	 1 
67.2218 	 2 
67.9996 	 2 
67.9996 	 1 
68.2318 	 1 
68.2434 	 2 
68.3595 	 2 
68.7078 	 2 
68.7891 	 1 
68.8007 	 0 
68.8007 	 2 
68.9284 	 2 
68.9981 	 0 
69.1955 	 2 
69.3116 	 2 
69.5786 	 1 
69.5786 	 2 
69.5902 	 0 
69.7992 	 2 
70.0082 	 2 
70.4493 	 2 
71.0763 	 1 
71.0995 	 2 
71.1343 	 2 
71.3898 	 2 
71.7264 	 2 
72.2837 	 2 
72.4230 	 2 
72.5740 	 2 
72.6901 	 2 
72.9339 	 2 
73.1545 	 2 
73.6073 	 2 
73.6073 	 1 
73.7466 	 2 
76.3704 	 2 
77.4153 	 2 
77.7520 	 2 
78.4834 	 2 
78.8782 	 2 
79.0988 	 2 
79.4703 	 2 
79.8650 	 2 
83.3364 	 2 
83.7428 	 2 
83.8124 	 2 
83.9982 	 2 
84.2072 	 2 
84.5671 	 0 
84.5787 	 1 
84.5787 	 2 
84.8805 	 2 
84.9850 	 0 
85.3798 	 2 
85.5075 	 2 
85.7629 	 2 
86.1576 	 2 
86.3666 	 2 
86.6337 	 0 
86.9587 	 2 
87.3651 	 2 
87.6553 	 2 
87.7482 	 1 
87.7482 	 2 
87.7482 	 0 
87.9456 	 2 
88.5261 	 1 
88.5261 	 2 
88.5377 	 0 
88.7118 	 2 
88.9208 	 0 
88.9324 	 1 
88.9324 	 2 
89.3156 	 1 
89.3156 	 2 
89.3156 	 0 
89.5245 	 2 
89.7335 	 2 
89.8728 	 2 
90.1050 	 0 
90.1166 	 2 
90.1166 	 1 
90.5230 	 2 
90.5230 	 1 
90.5230 	 0 
90.8132 	 2 
90.9061 	 2 
90.9061 	 1 
90.9061 	 0 
91.3241 	 2 
91.6956 	 1 
91.6956 	 0 
91.6956 	 2 
91.8814 	 2 
92.0787 	 2 
92.0787 	 1 
92.0787 	 0 
92.4851 	 2 
92.4851 	 0 
92.6824 	 2 
92.6941 	 0 
92.6941 	 1 
92.8798 	 2 
93.0656 	 2 
93.2629 	 1 
93.2746 	 2 
93.2746 	 0 
94.0524 	 2 
94.0524 	 0 
94.0640 	 1 
94.4820 	 2 
94.8419 	 1 
94.8419 	 2 
94.8419 	 0 
95.0741 	 2 
95.2483 	 2 
95.2483 	 0 
95.2599 	 1 
95.5501 	 2 
95.6314 	 1 
95.6430 	 0 
95.6430 	 2 
95.8288 	 2 
96.2003 	 0 
96.4325 	 0 
96.4325 	 1 
96.4325 	 2 
97.2220 	 2 
97.2220 	 0 
97.2220 	 1 
97.7908 	 2 
97.9998 	 2 
98.2204 	 2 
98.3946 	 2 
98.4062 	 0 
98.7893 	 1 
98.8009 	 2 
98.8009 	 0 
99.0099 	 2 
99.5788 	 1 
99.5904 	 2 
100.2870 	 2 
100.3683 	 1 
100.3799 	 2 
101.1577 	 2 
101.1577 	 1 
101.5641 	 2 
101.8659 	 2 
101.9472 	 1 
101.9588 	 2 
102.1562 	 2 
102.7483 	 1 
102.7483 	 0 
102.7483 	 2 
103.1430 	 2 
103.3288 	 2 
103.4565 	 2 
103.5378 	 0 
103.5494 	 2 
104.1299 	 2 
104.3156 	 2 
104.7220 	 2 
104.7220 	 1 
105.1167 	 2 
105.1167 	 0 
105.3257 	 2 
105.9062 	 2 
105.9062 	 1 
105.9178 	 0 
106.3126 	 2 
106.7073 	 2 
107.4736 	 2 
107.4852 	 0 
107.7058 	 2 
107.8799 	 1 
107.8915 	 0 
107.8915 	 2 
108.2746 	 0 
108.2863 	 2 
108.4604 	 2 
108.4836 	 1 
108.8900 	 2 
109.0641 	 0 
109.0641 	 2 
109.0641 	 1 
109.2847 	 2 
109.8536 	 0 
109.8536 	 2 
109.8536 	 1 
110.0626 	 2 
110.2600 	 2 
110.4341 	 2 
110.6431 	 2 
111.0378 	 2 
111.4326 	 2 
112.2104 	 1 
112.2104 	 2 
112.9186 	 2 
113.0115 	 1 
113.0115 	 2 
113.4295 	 2 
113.7894 	 2 
114.1957 	 2 
114.2073 	 0 
114.2073 	 1 
114.5789 	 1 
114.5905 	 2 
114.5905 	 0 
114.7878 	 2 
115.3683 	 2 
115.3800 	 1 
115.3800 	 0 
116.0882 	 2 
116.0998 	 0 
116.1578 	 0 
116.1694 	 2 
116.5874 	 2 
116.9473 	 1 
116.9589 	 0 
116.9589 	 2 
117.3537 	 0 
117.3537 	 2 
117.3537 	 1 
117.6555 	 2 
117.7484 	 0 
117.9458 	 2 
117.9574 	 1 
118.5379 	 0 
118.5379 	 2 
118.5379 	 1 
119.2345 	 2 
119.3273 	 1 
119.3273 	 2 
119.3273 	 0 
119.5363 	 2 
119.7337 	 2 
120.1052 	 1 
120.1052 	 2 
120.5116 	 2 
120.5116 	 1 
120.5116 	 0 
120.8134 	 2 
120.8947 	 2 
120.8947 	 1 
121.1153 	 2 
121.1153 	 1 
121.6958 	 0 
121.6958 	 1 
121.6958 	 2 
122.3924 	 2 
122.4737 	 1 
122.4853 	 2 
122.6942 	 2 
122.7059 	 1 
122.8800 	 2 
123.0658 	 2 
123.2631 	 2 
123.2631 	 1 
123.2631 	 0 
123.6695 	 2 
124.0642 	 2 
124.2616 	 2 
124.8421 	 0 
124.8537 	 1 
124.8537 	 2 
125.5503 	 2 
125.5735 	 2 
125.6316 	 1 
125.6432 	 2 
126.0611 	 2 
126.4210 	 2 
126.4210 	 0 
126.8274 	 2 
127.2221 	 2 
127.2221 	 0 
127.4195 	 2 
127.4195 	 0 
128.0116 	 0 
128.0116 	 2 
128.0116 	 1 
128.8011 	 0 
128.8127 	 2 
129.5790 	 2 
129.9853 	 2 
129.9853 	 0 
130.2988 	 2 
130.5658 	 2 
131.1695 	 1 
131.1695 	 2 
131.1695 	 0 
131.8777 	 2 
131.9590 	 2 
131.9590 	 0 
132.1680 	 2 
132.3654 	 2 
132.7369 	 2 
133.1432 	 1 
133.1432 	 2 
133.1432 	 0 
133.4451 	 2 
133.5263 	 1 
133.5263 	 2 
133.5380 	 0 
133.7237 	 2 
133.7353 	 1 
134.3274 	 2 
134.3274 	 0 
134.3390 	 1 
135.0356 	 2 
135.0937 	 2 
135.3143 	 2 
135.5233 	 2 
135.8948 	 2 
136.3011 	 2 
136.6959 	 2 
136.8932 	 2 
137.4737 	 0 
137.4854 	 2 
138.6812 	 2 
139.0527 	 2 
139.2849 	 2 
139.4707 	 2 
140.6433 	 2 
140.6433 	 0 
140.6897 	 2 
141.0380 	 2 
141.0380 	 0 
141.4908 	 2 
141.8159 	 0 
141.8275 	 1 
141.8275 	 2 
141.8855 	 2 
142.0132 	 2 
142.2803 	 2 
142.4080 	 2 
142.6170 	 1 
142.6170 	 2 
143.0117 	 2 
143.1626 	 2 
143.3948 	 1 
143.3948 	 0 
143.4064 	 2 
143.8012 	 1 
143.8128 	 2 
144.1959 	 1 
144.1959 	 0 
144.2075 	 2 
144.5790 	 1 
144.5907 	 2 
144.9738 	 0 
144.9738 	 2 
144.9738 	 1 
145.0551 	 2 
145.1712 	 2 
145.3801 	 2 
145.5427 	 2 
145.7633 	 0 
145.7749 	 2 
145.7749 	 1 
146.1696 	 1 
146.1812 	 2 
146.5411 	 0 
146.5527 	 1 
146.5644 	 2 
146.8778 	 2 
146.9939 	 2 
147.1565 	 1 
147.1565 	 2 
147.3538 	 0 
147.3538 	 1 
147.3654 	 2 
147.5164 	 1 
147.5164 	 0 
147.7486 	 0 
147.7602 	 2 
147.9111 	 2 
148.1317 	 0 
148.1317 	 1 
148.1433 	 2 
148.3175 	 2 
148.5264 	 0 
148.5380 	 2 
148.5380 	 1 
148.7354 	 2 
148.9328 	 2 
148.9444 	 1 
149.0953 	 2 
149.2230 	 2 
149.7107 	 0 
149.7223 	 2 
150.1518 	 2 
150.2912 	 2 
150.5117 	 2 
150.9065 	 2 
150.9065 	 1 
151.2780 	 1 
151.2780 	 0 
151.3012 	 2 
151.4870 	 2 
151.6960 	 1 
151.7076 	 2 
152.0791 	 0 
152.0791 	 2 
152.0791 	 1 
152.3693 	 2 
152.4971 	 2 
152.8686 	 1 
152.8686 	 0 
152.8686 	 2 
153.1356 	 2 
153.2865 	 2 
153.6580 	 2 
153.6580 	 0 
153.6580 	 1 
153.8670 	 2 
154.0760 	 2 
154.2269 	 2 
154.4591 	 0 
154.4591 	 2 
154.6565 	 2 
154.8539 	 2 
154.9003 	 2 
155.0280 	 2 
155.2486 	 2 
155.6434 	 2 
156.0149 	 0 
156.0265 	 1 
156.0381 	 2 
156.2122 	 2 
156.6186 	 2 
156.8392 	 2 
157.2223 	 2 
157.2223 	 1 
157.6054 	 2 
157.6054 	 0 
157.8144 	 2 
158.0118 	 1 
158.0118 	 0 
158.0234 	 2 
158.4065 	 2 
158.4065 	 1 
158.5807 	 2 
158.8129 	 2 
159.1844 	 0 
159.1844 	 1 
159.1844 	 2 
159.4398 	 2 
159.7765 	 1 
159.9855 	 2 
160.3686 	 2 
160.5428 	 2 
160.5660 	 2 
160.7634 	 0 
160.7634 	 1 
160.7750 	 2 
160.9607 	 2 
160.9723 	 1 
161.1813 	 1 
161.1813 	 0 
161.1929 	 2 
161.3439 	 2 
161.5644 	 2 
161.7270 	 2 
162.1217 	 2 
162.3423 	 1 
162.3423 	 0 
162.3539 	 2 
162.7719 	 2 
162.9344 	 2 
163.1666 	 2 
163.5265 	 1 
163.5381 	 2 
163.9213 	 0 
163.9213 	 2 
163.9213 	 1 
164.1302 	 2 
164.3508 	 2 
164.7107 	 1 
164.7224 	 2 
164.9081 	 2 
165.1171 	 2 
165.3029 	 2 
165.5002 	 0 
165.5118 	 2 
166.3013 	 2 
166.6496 	 2 
167.0908 	 2 
167.2882 	 2 
167.4739 	 2 
167.8803 	 2 
168.3098 	 2 
168.6581 	 0 
168.6581 	 2 
169.0993 	 2 
169.4592 	 2 
169.4592 	 1 
169.8424 	 1 
169.8424 	 2 
170.1210 	 2 
170.2255 	 0 
170.2371 	 2 
170.2371 	 1 
170.4345 	 2 
170.6667 	 2 
170.7944 	 2 
171.0382 	 2 
171.0382 	 1 
171.4561 	 2 
171.6071 	 2 
171.8044 	 0 
171.8161 	 1 
171.8161 	 2 
171.9902 	 2 
172.1063 	 2 
172.2224 	 2 
172.4198 	 2 
172.6171 	 2 
172.6171 	 1 
173.0119 	 2 
173.0119 	 0 
173.0119 	 1 
173.3950 	 1 
173.3950 	 0 
173.4066 	 2 
173.5924 	 2 
173.7781 	 0 
173.7898 	 1 
173.8014 	 2 
174.1497 	 2 
174.1961 	 2 
174.1961 	 1 
174.3586 	 2 
174.6024 	 2 
174.9624 	 1 
174.9740 	 0 
174.9740 	 2 
175.2526 	 2 
175.3687 	 0 
175.3803 	 2 
175.5429 	 2 
175.7634 	 0 
175.7751 	 2 
175.7751 	 1 
175.9376 	 2 
176.1698 	 0 
176.1698 	 1 
176.1698 	 2 
176.5413 	 0 
176.5413 	 1 
176.5529 	 2 
176.6806 	 2 
176.9361 	 2 
177.0522 	 2 
177.3424 	 0 
177.3540 	 1 
177.3540 	 2 
177.6210 	 2 
177.7488 	 2 
178.1319 	 2 
178.1319 	 0 
178.1319 	 1 
178.3641 	 2 
178.5498 	 2 
178.6427 	 2 
178.9098 	 0 
178.9214 	 2 
178.9214 	 1 
179.1303 	 2 
179.4090 	 2 
179.6644 	 2 
179.7573 	 2 
179.9314 	 2 
180.1288 	 2 
180.9299 	 2 
181.2782 	 0 
181.2898 	 2 
181.2898 	 1 
182.0793 	 0 
182.0909 	 2 
182.0909 	 1 
182.4856 	 2 
182.8571 	 0 
182.8688 	 1 
182.8688 	 2 
183.0777 	 2 
183.2751 	 2 
183.6698 	 1 
183.6698 	 2 
184.0646 	 2 
184.4361 	 0 
184.4477 	 2 
184.4477 	 1 
184.6567 	 2 
184.9005 	 2 
185.0514 	 0 
185.0514 	 2 
185.2488 	 2 
185.2488 	 1 
185.4229 	 2 
185.6435 	 0 
185.6435 	 2 
185.6435 	 1 
185.8641 	 2 
186.0267 	 1 
186.0267 	 0 
186.0383 	 2 
186.2240 	 2 
186.2356 	 1 
186.4562 	 2 
186.8045 	 2 
187.2341 	 2 
187.5824 	 0 
187.5940 	 1 
187.5940 	 2 
188.2093 	 2 
188.4183 	 2 
188.6157 	 2 
188.7898 	 2 
189.1846 	 1 
189.1846 	 0 
189.1846 	 2 
189.3820 	 2 
189.5677 	 2 
189.6490 	 2 
189.9624 	 1 
189.9741 	 0 
189.9741 	 2 
190.0321 	 2 
190.1598 	 2 
190.3572 	 2 
190.5778 	 2 
190.7635 	 2 
190.9957 	 2 
191.2744 	 2 
191.5298 	 2 
191.6459 	 2 
191.7620 	 2 
191.9942 	 2 
192.3425 	 0 
192.3425 	 2 
192.7372 	 2 
192.9578 	 2 
193.1784 	 2 
197.3696 	 2 
202.2226 	 2 
204.1847 	 2 
204.9741 	 2 
210.5353 	 2 
214.4711 	 2 
216.8163 	 2 
217.0253 	 2 
217.6174 	 2 
229.8659 	 2 
230.6322 	 2 
232.1995 	 2 
234.9976 	 1 
238.9217 	 2 
