13.1773 	 0 
13.1773 	 2 
13.1889 	 1 
13.5721 	 2 
13.5837 	 1 
13.7810 	 2 
13.9784 	 1 
13.9784 	 2 
14.1874 	 2 
14.3848 	 1 
14.3848 	 2 
14.5821 	 2 
14.7795 	 1 
14.7795 	 2 
14.9885 	 2 
15.1859 	 2 
15.1859 	 1 
15.3832 	 2 
15.5806 	 2 
15.5806 	 1 
15.7896 	 2 
15.9753 	 1 
15.9869 	 2 
16.1843 	 2 
16.3817 	 1 
16.3817 	 2 
16.5790 	 2 
16.7880 	 2 
16.7880 	 1 
16.9854 	 2 
17.1828 	 1 
17.1828 	 2 
17.3801 	 2 
17.5775 	 2 
17.5891 	 1 
17.7865 	 2 
17.9839 	 2 
17.9839 	 1 
18.1812 	 2 
18.3786 	 2 
18.3902 	 1 
18.5876 	 2 
18.7849 	 2 
18.7849 	 1 
18.9823 	 2 
19.1797 	 1 
19.1797 	 2 
19.3887 	 2 
19.5860 	 1 
19.5860 	 2 
19.7834 	 2 
19.9576 	 0 
19.9808 	 1 
19.9808 	 2 
20.1898 	 2 
20.3755 	 2 
20.3871 	 1 
20.3871 	 0 
20.5845 	 2 
20.7819 	 1 
20.7819 	 2 
20.9792 	 2 
21.1766 	 0 
21.1882 	 2 
21.1882 	 1 
21.3856 	 2 
21.5597 	 0 
21.5829 	 2 
21.5829 	 1 
21.7803 	 2 
21.9777 	 2 
21.9777 	 0 
21.9893 	 1 
22.1867 	 2 
22.3840 	 1 
22.3840 	 2 
22.5814 	 2 
22.7788 	 2 
22.7788 	 1 
22.9878 	 2 
23.1619 	 0 
23.1735 	 2 
23.1851 	 1 
23.3825 	 2 
23.5799 	 0 
23.5799 	 1 
23.5799 	 2 
23.7888 	 2 
23.9630 	 0 
23.9746 	 2 
23.9862 	 1 
24.1836 	 2 
24.3810 	 2 
24.3810 	 0 
24.3810 	 1 
24.5783 	 1 
24.5783 	 2 
24.7641 	 0 
24.7757 	 1 
24.7757 	 2 
24.9731 	 1 
24.9731 	 2 
25.1820 	 0 
25.1820 	 1 
25.3910 	 1 
25.5768 	 1 
25.9715 	 2 
25.9831 	 1 
25.9947 	 0 
26.1805 	 2 
26.3779 	 2 
26.3779 	 1 
26.5868 	 2 
26.7726 	 1 
26.7726 	 2 
26.9816 	 2 
27.1790 	 1 
27.1790 	 2 
27.2022 	 0 
27.3763 	 2 
27.5737 	 2 
27.5853 	 1 
27.7827 	 2 
27.9800 	 1 
27.9800 	 2 
27.9917 	 0 
28.1774 	 2 
28.3748 	 2 
28.3864 	 1 
28.5838 	 2 
28.7811 	 2 
28.7811 	 1 
28.9901 	 2 
29.1759 	 1 
29.1759 	 2 
29.1875 	 0 
29.3849 	 2 
29.5706 	 2 
29.5822 	 1 
29.7796 	 2 
29.8028 	 0 
29.9770 	 1 
29.9770 	 2 
30.1859 	 2 
30.3833 	 2 
30.3833 	 1 
30.3949 	 0 
30.5807 	 2 
30.7780 	 2 
30.7780 	 1 
30.9754 	 2 
31.1844 	 1 
31.1844 	 2 
31.1960 	 0 
31.3818 	 2 
31.5791 	 1 
31.5791 	 2 
31.7881 	 2 
31.9739 	 1 
31.9739 	 2 
32.1712 	 2 
32.1829 	 1 
32.3802 	 1 
32.3802 	 2 
32.3918 	 0 
32.5892 	 2 
32.7750 	 2 
32.7866 	 1 
32.9839 	 2 
33.1813 	 2 
33.1813 	 0 
33.1813 	 1 
33.3903 	 2 
33.5761 	 2 
33.5877 	 1 
33.5993 	 0 
33.7850 	 2 
33.9708 	 0 
33.9824 	 2 
33.9824 	 1 
34.1798 	 2 
34.3771 	 2 
34.3771 	 1 
34.3888 	 0 
34.5745 	 2 
34.7719 	 2 
34.7719 	 0 
34.7719 	 1 
34.9809 	 2 
35.1782 	 1 
35.1782 	 2 
35.3872 	 2 
35.5730 	 2 
35.5846 	 0 
35.5846 	 1 
35.7820 	 2 
35.9677 	 2 
35.9793 	 1 
36.1767 	 2 
36.1999 	 0 
36.3741 	 2 
36.3857 	 1 
36.5830 	 2 
36.7804 	 1 
36.7804 	 2 
36.7920 	 0 
36.9778 	 2 
37.1751 	 2 
37.1751 	 0 
37.1751 	 1 
37.3725 	 2 
37.3841 	 1 
37.5699 	 2 
37.5815 	 1 
37.5931 	 0 
37.7673 	 2 
37.7789 	 1 
37.9762 	 1 
38.1968 	 1 
38.3710 	 1 
38.3710 	 2 
38.5683 	 2 
38.5800 	 1 
38.7889 	 1 
38.8005 	 2 
39.3810 	 1 
39.9848 	 1 
40.5885 	 1 
40.7859 	 1 
40.9716 	 2 
41.9817 	 1 
41.9817 	 0 
42.5854 	 1 
43.1775 	 1 
43.7812 	 1 
43.9786 	 1 
45.1744 	 1 
45.7781 	 1 
46.2890 	 0 
46.3819 	 1 
46.9856 	 1 
47.1017 	 0 
47.1829 	 1 
48.3788 	 1 
48.9825 	 1 
49.5862 	 1 
49.9926 	 0 
50.1783 	 1 
50.3757 	 1 
50.7820 	 1 
51.0491 	 1 
51.1884 	 1 
51.5831 	 0 
51.5947 	 2 
52.3726 	 1 
52.7790 	 0 
53.3827 	 0 
53.5800 	 0 
53.9864 	 1 
54.3811 	 1 
54.7875 	 0 
55.5770 	 1 
55.9833 	 0 
56.5870 	 0 
56.7844 	 0 
57.1791 	 1 
57.5855 	 1 
57.7712 	 2 
57.7829 	 1 
57.9802 	 0 
58.7813 	 1 
59.1877 	 0 
59.7914 	 0 
59.9888 	 0 
60.3835 	 1 
60.7782 	 1 
61.1846 	 0 
61.9857 	 1 
62.3804 	 0 
62.9841 	 0 
63.1931 	 0 
63.5878 	 1 
63.7968 	 2 
63.9710 	 1 
64.1683 	 2 
64.1800 	 1 
64.3773 	 2 
64.3889 	 0 
64.5863 	 2 
64.7721 	 2 
64.9810 	 2 
65.1784 	 2 
65.1784 	 1 
65.3874 	 2 
65.5732 	 2 
65.5848 	 0 
65.7821 	 2 
65.9795 	 2 
66.1769 	 0 
66.1769 	 2 
66.3859 	 0 
66.3859 	 2 
66.5832 	 2 
66.7806 	 1 
66.7806 	 2 
66.9896 	 2 
67.1753 	 1 
67.1869 	 2 
67.3843 	 2 
67.5817 	 0 
67.5817 	 2 
67.7790 	 2 
67.9880 	 2 
68.1854 	 2 
68.3828 	 1 
68.3828 	 2 
68.5801 	 2 
68.7775 	 2 
68.7775 	 0 
68.9865 	 2 
69.1839 	 2 
69.3812 	 0 
69.3812 	 2 
69.5786 	 2 
69.5786 	 0 
69.7760 	 2 
69.9849 	 2 
69.9849 	 1 
70.1823 	 2 
70.3681 	 2 
70.3797 	 1 
70.5771 	 2 
70.5771 	 1 
70.7744 	 2 
70.7860 	 0 
70.9834 	 2 
71.1808 	 2 
71.3898 	 2 
71.5755 	 1 
71.5755 	 0 
71.5871 	 2 
71.7845 	 2 
71.9819 	 2 
71.9819 	 0 
72.1792 	 2 
72.3882 	 2 
72.5856 	 0 
72.5856 	 2 
72.7829 	 0 
72.9803 	 2 
73.1777 	 2 
73.1893 	 1 
73.5724 	 0 
73.5840 	 1 
73.7814 	 2 
73.7814 	 1 
73.9788 	 0 
74.5825 	 2 
74.7799 	 1 
74.9888 	 2 
75.1862 	 2 
75.1862 	 0 
75.5810 	 2 
75.7899 	 0 
75.9873 	 0 
76.1847 	 2 
76.3820 	 1 
77.1831 	 1 
77.1831 	 0 
77.3805 	 2 
77.5779 	 1 
77.7868 	 2 
77.9842 	 1 
78.3790 	 1 
78.3906 	 0 
78.5879 	 2 
78.7853 	 1 
78.9827 	 2 
79.1800 	 1 
79.1800 	 0 
79.5748 	 1 
79.7838 	 2 
79.9695 	 2 
79.9811 	 1 
80.3759 	 2 
80.3875 	 1 
80.3875 	 0 
80.7822 	 1 
80.9912 	 0 
81.1770 	 2 
81.1886 	 1 
81.5833 	 2 
81.5833 	 1 
81.5949 	 0 
81.9780 	 2 
81.9897 	 1 
82.1754 	 1 
82.3728 	 2 
82.3844 	 1 
82.3960 	 0 
82.5818 	 2 
82.7791 	 1 
82.9881 	 2 
83.1739 	 1 
83.1855 	 2 
83.3712 	 1 
83.3712 	 2 
83.5802 	 1 
83.5802 	 2 
83.5918 	 0 
83.7776 	 2 
83.9750 	 2 
83.9750 	 1 
84.1839 	 2 
84.3813 	 1 
84.3813 	 2 
84.5787 	 2 
84.7761 	 1 
84.7761 	 2 
84.7877 	 0 
84.9850 	 2 
85.1708 	 2 
85.1708 	 1 
85.3798 	 2 
85.5771 	 2 
85.5771 	 1 
85.6004 	 0 
85.7745 	 2 
85.9835 	 2 
85.9835 	 1 
86.1809 	 2 
86.3782 	 2 
86.3782 	 1 
86.5756 	 2 
86.7730 	 1 
86.7846 	 0 
86.7846 	 2 
86.9820 	 2 
87.0632 	 0 
87.1793 	 1 
87.1793 	 2 
87.3767 	 2 
87.3883 	 0 
87.5741 	 2 
87.5741 	 1 
87.7598 	 0 
87.7714 	 2 
87.9804 	 1 
87.9804 	 2 
87.9920 	 0 
88.1778 	 2 
88.3751 	 1 
88.3751 	 2 
88.5725 	 1 
88.5725 	 2 
88.7699 	 2 
88.7815 	 0 
88.7815 	 1 
88.9789 	 1 
88.9789 	 2 
89.1878 	 1 
89.5826 	 1 
89.9889 	 2 
89.9889 	 0 
91.1848 	 0 
91.7885 	 0 
91.9859 	 0 
93.1817 	 0 
94.3891 	 0 
94.9928 	 0 
95.1786 	 0 
96.3860 	 0 
97.5935 	 0 
98.1856 	 0 
98.3946 	 0 
99.5904 	 0 
100.7862 	 0 
101.3899 	 0 
101.5873 	 0 
102.7831 	 0 
102.7947 	 2 
102.9689 	 2 
103.5842 	 1 
103.9790 	 0 
104.5827 	 0 
104.7800 	 0 
104.7800 	 2 
105.1748 	 2 
105.1864 	 1 
105.3722 	 2 
105.5811 	 1 
105.5811 	 2 
105.9875 	 0 
106.1732 	 2 
106.3706 	 2 
106.7770 	 1 
106.7770 	 2 
106.9743 	 2 
107.1833 	 0 
107.7754 	 2 
107.7870 	 0 
107.9728 	 2 
107.9844 	 0 
108.1702 	 2 
108.3791 	 2 
108.3791 	 1 
108.5649 	 2 
108.7739 	 2 
108.7739 	 1 
108.9712 	 2 
108.9829 	 1 
109.1802 	 2 
109.1802 	 1 
109.1918 	 0 
109.5750 	 2 
109.7839 	 2 
109.7839 	 1 
109.9813 	 1 
110.1787 	 2 
110.3761 	 2 
110.3877 	 0 
110.3877 	 1 
110.7708 	 2 
110.9798 	 2 
110.9798 	 1 
110.9914 	 0 
111.1771 	 2 
111.1888 	 0 
111.1888 	 1 
111.3745 	 2 
111.5719 	 2 
111.5835 	 1 
111.7693 	 2 
111.9782 	 2 
111.9782 	 1 
112.1756 	 2 
112.3730 	 2 
112.3846 	 0 
112.3846 	 1 
112.5703 	 2 
112.7677 	 2 
112.9883 	 2 
112.9883 	 1 
113.1741 	 1 
113.3830 	 2 
113.5804 	 0 
113.5804 	 1 
113.5804 	 2 
114.1841 	 2 
114.1841 	 0 
114.1841 	 1 
114.3815 	 1 
114.3815 	 2 
114.3815 	 0 
114.7762 	 2 
114.7878 	 1 
115.1710 	 2 
115.1826 	 1 
115.3800 	 1 
115.3800 	 2 
115.5889 	 0 
115.6005 	 2 
116.1927 	 1 
116.2043 	 0 
116.7964 	 0 
118.3985 	 0 
119.3970 	 0 
120.0007 	 0 
121.1966 	 1 
121.5913 	 0 
121.6029 	 1 
121.8583 	 0 
122.5898 	 0 
122.8336 	 1 
123.2051 	 0 
123.3792 	 2 
124.7956 	 0 
124.9698 	 2 
125.7941 	 0 
126.0379 	 1 
126.3978 	 0 
126.5720 	 2 
126.7693 	 2 
128.3831 	 1 
128.3831 	 2 
128.5805 	 2 
128.7779 	 1 
128.7779 	 2 
128.9752 	 2 
129.1726 	 2 
129.1842 	 1 
129.3816 	 2 
129.5673 	 1 
129.5790 	 2 
129.7879 	 2 
129.9853 	 2 
129.9853 	 1 
130.1827 	 2 
130.3800 	 1 
130.3800 	 2 
130.5890 	 2 
130.7864 	 1 
130.7864 	 2 
130.9838 	 2 
131.1811 	 2 
131.1811 	 1 
131.3785 	 2 
131.5759 	 2 
131.5875 	 1 
131.7849 	 2 
131.9822 	 2 
131.9822 	 1 
132.1912 	 2 
132.3770 	 2 
132.3770 	 1 
132.5859 	 2 
132.7833 	 2 
132.7833 	 1 
132.9807 	 2 
133.1780 	 1 
133.1780 	 2 
133.3870 	 2 
133.5728 	 1 
133.5844 	 2 
133.7818 	 2 
133.9791 	 2 
133.9907 	 1 
134.1881 	 2 
134.3739 	 2 
134.3855 	 1 
134.5829 	 2 
134.7802 	 1 
134.7802 	 0 
134.7802 	 2 
134.9892 	 2 
135.1866 	 1 
135.1866 	 2 
135.3839 	 2 
135.5697 	 2 
135.5813 	 1 
135.5813 	 0 
135.7787 	 2 
135.9761 	 2 
135.9877 	 1 
136.1850 	 2 
136.3824 	 2 
136.3824 	 1 
136.3824 	 0 
136.5798 	 2 
136.7655 	 0 
136.7771 	 2 
136.7771 	 1 
136.9861 	 2 
137.1835 	 0 
137.1835 	 2 
137.1835 	 1 
137.3809 	 2 
137.5782 	 2 
137.5782 	 1 
137.7872 	 2 
137.9846 	 2 
137.9846 	 1 
138.1820 	 2 
138.3793 	 2 
138.3793 	 1 
138.5883 	 2 
138.7741 	 2 
138.7741 	 0 
138.7857 	 1 
138.9830 	 2 
139.1804 	 2 
139.1804 	 1 
139.3894 	 2 
139.5751 	 0 
139.5751 	 1 
139.5751 	 2 
139.7725 	 2 
139.7841 	 1 
139.9699 	 2 
139.9815 	 1 
140.1789 	 1 
140.1789 	 2 
140.3762 	 0 
140.3878 	 1 
140.5852 	 1 
140.7826 	 1 
140.7942 	 0 
141.1773 	 2 
141.1889 	 1 
141.3747 	 1 
141.3747 	 2 
141.5721 	 2 
141.5837 	 1 
141.7810 	 2 
141.9784 	 1 
141.9784 	 2 
142.1874 	 2 
142.3848 	 2 
142.3848 	 1 
142.5821 	 2 
142.7795 	 1 
142.7795 	 2 
142.9769 	 2 
143.1742 	 2 
143.1859 	 1 
143.3832 	 2 
143.5806 	 1 
143.5806 	 2 
143.7780 	 2 
143.9753 	 1 
143.9869 	 2 
144.1843 	 2 
144.3817 	 2 
144.3817 	 1 
144.5790 	 2 
144.7764 	 2 
144.7880 	 1 
144.9854 	 2 
145.1828 	 1 
145.1828 	 2 
145.3801 	 2 
145.5775 	 1 
145.5775 	 2 
145.7865 	 2 
145.9722 	 2 
145.9839 	 1 
146.1812 	 2 
146.3786 	 2 
146.3786 	 1 
146.5760 	 2 
146.7733 	 2 
146.7849 	 1 
146.9823 	 2 
147.1797 	 2 
147.1797 	 1 
147.3887 	 2 
147.5860 	 1 
147.5860 	 2 
147.7834 	 2 
147.9343 	 0 
147.9808 	 2 
147.9808 	 1 
148.1898 	 2 
148.3871 	 1 
148.3871 	 2 
148.5845 	 2 
148.7586 	 0 
148.7819 	 1 
148.7819 	 2 
148.9792 	 2 
148.9792 	 1 
149.1766 	 0 
149.1766 	 1 
149.1766 	 2 
149.3856 	 2 
149.5597 	 0 
149.5713 	 2 
149.5829 	 1 
149.7803 	 2 
149.9777 	 2 
149.9777 	 1 
149.9777 	 0 
150.1867 	 2 
150.3724 	 2 
150.3840 	 1 
150.5814 	 2 
150.7788 	 1 
150.7788 	 2 
150.9878 	 2 
151.1735 	 1 
151.1851 	 2 
151.3825 	 2 
151.5799 	 1 
151.5799 	 2 
151.7888 	 2 
151.9862 	 1 
151.9862 	 2 
152.1836 	 2 
152.3693 	 0 
152.3810 	 2 
152.3810 	 1 
152.5667 	 2 
152.5783 	 1 
152.7641 	 0 
152.7757 	 1 
152.7757 	 2 
152.9731 	 2 
152.9847 	 1 
153.1820 	 1 
153.1820 	 0 
153.3910 	 1 
153.5768 	 1 
153.9831 	 2 
153.9831 	 1 
154.1805 	 2 
154.3779 	 2 
154.3779 	 1 
154.5752 	 1 
154.5752 	 2 
154.7726 	 2 
154.7842 	 1 
154.9816 	 2 
155.1790 	 2 
155.1790 	 1 
155.3879 	 2 
155.5737 	 1 
155.5853 	 2 
155.7711 	 2 
155.7711 	 1 
155.9684 	 2 
155.9800 	 1 
156.1774 	 2 
156.3748 	 2 
156.3748 	 1 
156.5838 	 2 
156.7811 	 1 
156.7811 	 2 
156.9785 	 2 
157.1759 	 0 
157.1759 	 2 
157.1759 	 1 
157.3849 	 2 
157.5822 	 2 
157.5822 	 1 
157.7796 	 1 
157.7796 	 2 
157.9770 	 1 
157.9770 	 2 
158.1859 	 2 
158.3717 	 1 
158.3833 	 2 
158.5807 	 2 
158.7780 	 2 
158.7780 	 1 
158.9754 	 2 
158.9754 	 1 
159.1728 	 1 
159.1728 	 2 
159.3818 	 2 
159.5791 	 1 
159.5791 	 2 
159.7881 	 2 
159.9739 	 1 
159.9855 	 2 
160.1829 	 2 
160.3686 	 2 
160.3802 	 1 
160.3802 	 0 
160.5776 	 2 
160.5776 	 1 
160.7750 	 2 
160.7750 	 1 
160.9723 	 1 
160.9723 	 2 
161.1813 	 1 
161.1813 	 0 
161.1813 	 2 
161.3787 	 2 
161.5761 	 1 
161.5761 	 2 
161.7850 	 2 
161.9708 	 2 
161.9824 	 1 
161.9824 	 0 
162.1682 	 2 
162.1798 	 1 
162.3771 	 1 
162.3771 	 2 
162.5861 	 2 
162.7835 	 2 
162.7835 	 0 
162.7835 	 1 
162.9809 	 2 
163.1782 	 1 
163.1782 	 2 
163.3756 	 2 
163.5730 	 1 
163.5730 	 2 
163.7703 	 2 
163.8284 	 0 
163.9561 	 0 
163.9793 	 2 
163.9793 	 1 
164.1767 	 1 
164.1767 	 2 
164.3741 	 2 
164.3741 	 0 
164.3857 	 1 
164.5714 	 2 
164.7804 	 2 
164.7804 	 1 
164.9778 	 2 
165.1751 	 2 
165.1751 	 0 
165.1751 	 1 
165.3725 	 1 
165.3725 	 2 
165.5699 	 2 
165.5815 	 1 
165.7789 	 2 
165.7789 	 1 
165.9878 	 1 
166.7773 	 2 
166.7773 	 0 
167.3810 	 2 
167.5784 	 1 
167.5784 	 2 
167.7874 	 2 
167.9732 	 2 
167.9848 	 0 
168.0660 	 2 
168.1821 	 2 
168.3795 	 2 
168.5769 	 2 
168.5885 	 0 
168.7742 	 2 
168.7859 	 0 
168.9832 	 2 
169.1806 	 1 
169.1806 	 2 
169.2270 	 2 
169.2851 	 2 
169.3315 	 2 
169.3896 	 2 
169.5753 	 1 
169.5869 	 2 
169.7146 	 2 
169.8424 	 2 
169.9817 	 0 
170.1790 	 2 
170.3880 	 2 
170.5854 	 2 
170.7828 	 1 
170.7828 	 2 
170.9917 	 2 
171.1775 	 2 
171.1891 	 0 
171.3865 	 2 
171.5839 	 2 
171.7812 	 0 
171.7812 	 2 
171.9786 	 2 
171.9902 	 0 
172.1876 	 2 
172.3849 	 1 
172.3849 	 2 
172.5823 	 2 
172.7797 	 2 
172.7797 	 1 
172.8261 	 2 
172.8842 	 2 
172.9306 	 2 
172.9771 	 1 
172.9887 	 2 
173.0467 	 2 
173.0932 	 2 
173.1164 	 2 
173.1744 	 2 
173.1860 	 0 
173.3834 	 2 
173.5808 	 2 
173.7781 	 2 
173.9755 	 1 
173.9871 	 2 
174.1148 	 2 
174.2541 	 2 
174.3702 	 2 
174.3819 	 0 
174.5792 	 2 
174.7882 	 2 
174.9740 	 2 
174.9856 	 0 
175.1829 	 2 
175.1829 	 0 
175.3107 	 2 
175.4384 	 2 
175.5777 	 1 
175.5777 	 2 
175.6241 	 2 
175.6822 	 2 
175.7402 	 2 
175.7867 	 2 
175.9840 	 1 
175.9840 	 2 
176.0305 	 2 
176.0885 	 2 
176.1350 	 2 
176.1814 	 2 
176.3904 	 0 
176.5761 	 2 
176.7851 	 2 
176.9825 	 2 
177.1799 	 2 
177.1799 	 1 
177.3888 	 2 
177.5746 	 2 
177.5862 	 0 
177.6907 	 2 
177.7488 	 2 
177.7836 	 2 
177.9810 	 2 
178.1783 	 0 
178.1899 	 2 
178.3757 	 2 
178.3873 	 0 
178.5847 	 2 
178.7820 	 2 
178.7820 	 1 
178.9910 	 2 
179.1768 	 2 
179.1768 	 1 
179.2348 	 2 
179.2929 	 2 
179.3393 	 2 
179.3741 	 1 
179.3858 	 2 
179.4438 	 2 
179.4902 	 2 
179.5367 	 2 
179.5831 	 0 
179.5947 	 2 
179.6528 	 2 
179.7224 	 2 
179.7805 	 2 
179.9895 	 2 
180.1868 	 2 
180.3842 	 1 
180.3842 	 2 
180.5700 	 1 
180.5816 	 2 
180.7790 	 2 
180.7790 	 0 
180.8834 	 2 
180.9763 	 2 
181.1853 	 2 
181.3827 	 0 
181.3827 	 2 
181.5800 	 0 
181.5800 	 2 
181.7774 	 2 
181.9864 	 1 
181.9864 	 2 
182.0328 	 2 
182.0793 	 2 
182.1373 	 2 
182.1954 	 2 
182.3811 	 2 
182.3811 	 1 
182.5205 	 2 
182.6482 	 2 
182.7875 	 2 
182.7875 	 0 
182.9849 	 2 
183.1822 	 2 
183.3796 	 2 
183.5770 	 1 
183.5886 	 2 
183.7859 	 1 
183.7859 	 2 
183.9717 	 2 
183.9833 	 0 
184.0878 	 2 
184.1459 	 2 
184.1923 	 2 
184.3780 	 2 
184.5870 	 0 
184.5870 	 2 
184.7728 	 2 
184.7844 	 0 
184.9818 	 2 
185.1791 	 1 
185.1791 	 2 
185.3881 	 2 
185.5855 	 1 
185.5855 	 2 
185.6319 	 2 
185.6900 	 2 
185.7364 	 2 
185.7712 	 1 
185.7829 	 2 
185.8409 	 2 
185.8873 	 2 
185.9338 	 2 
185.9802 	 1 
185.9918 	 0 
186.1776 	 2 
186.3866 	 2 
186.5839 	 2 
186.5839 	 1 
186.7813 	 1 
186.7813 	 2 
186.9206 	 2 
187.0483 	 2 
187.1761 	 1 
187.1761 	 2 
187.1877 	 0 
187.3850 	 2 
187.5824 	 2 
187.7798 	 1 
187.7798 	 0 
187.7798 	 2 
187.9771 	 0 
187.9771 	 2 
187.9888 	 1 
188.1049 	 2 
188.2442 	 2 
188.3835 	 1 
188.3835 	 2 
188.4415 	 2 
188.4880 	 2 
188.5344 	 2 
188.5925 	 2 
188.7782 	 1 
188.7782 	 2 
188.8247 	 2 
188.8827 	 2 
188.9292 	 2 
188.9872 	 2 
189.1730 	 2 
189.1846 	 1 
189.1846 	 0 
189.3820 	 2 
189.5793 	 2 
189.7883 	 2 
189.7883 	 1 
189.9741 	 1 
189.9857 	 2 
190.1830 	 2 
190.3804 	 2 
190.3804 	 1 
190.3804 	 0 
190.4849 	 2 
190.5429 	 2 
190.5894 	 2 
190.7868 	 2 
190.9841 	 1 
190.9841 	 0 
190.9841 	 2 
191.1815 	 1 
191.1815 	 0 
191.1815 	 2 
191.3789 	 2 
191.5762 	 2 
191.5762 	 1 
191.7852 	 2 
191.9710 	 1 
191.9826 	 2 
192.0290 	 2 
192.0871 	 2 
192.1335 	 2 
192.1800 	 1 
192.1916 	 2 
192.2496 	 2 
192.2961 	 2 
192.3425 	 2 
192.3889 	 0 
192.4238 	 2 
192.5050 	 2 
192.7721 	 2 
192.9810 	 2 
193.1784 	 1 
193.1784 	 2 
193.3874 	 2 
193.5848 	 2 
193.6080 	 0 
193.6776 	 2 
193.7821 	 2 
193.9795 	 2 
194.1885 	 2 
194.3859 	 2 
194.4091 	 0 
194.5832 	 2 
194.7806 	 2 
194.7806 	 1 
194.8270 	 2 
194.8851 	 2 
194.9315 	 2 
194.9896 	 2 
195.1869 	 1 
195.1869 	 2 
195.3146 	 2 
195.3959 	 2 
195.4540 	 2 
195.5933 	 0 
195.7790 	 2 
195.9880 	 2 
196.1854 	 2 
196.1970 	 0 
196.3828 	 2 
196.3828 	 1 
196.5801 	 2 
196.7775 	 2 
196.8007 	 0 
196.8936 	 2 
196.9400 	 2 
196.9981 	 2 
197.1839 	 2 
197.3812 	 2 
197.5786 	 2 
197.6018 	 0 
197.7876 	 2 
197.8340 	 2 
197.8921 	 2 
197.9501 	 2 
197.9733 	 1 
198.0778 	 1 
198.0894 	 2 
198.1823 	 1 
198.1823 	 2 
198.2752 	 1 
198.2868 	 2 
198.3797 	 1 
198.3797 	 2 
198.4261 	 2 
198.4842 	 2 
198.5422 	 2 
198.5771 	 1 
198.5887 	 2 
198.6467 	 2 
198.6932 	 2 
198.7396 	 2 
198.7860 	 2 
198.7976 	 0 
198.9834 	 2 
199.1808 	 2 
199.3898 	 2 
199.5755 	 1 
199.5871 	 2 
199.7148 	 2 
199.8425 	 2 
199.9819 	 2 
199.9935 	 0 
200.1792 	 2 
200.3882 	 2 
200.5856 	 2 
200.7829 	 2 
200.7946 	 0 
200.9107 	 2 
201.0500 	 2 
201.1777 	 1 
201.1777 	 2 
201.2357 	 2 
201.2822 	 2 
201.3402 	 2 
201.3867 	 2 
201.5840 	 2 
201.5840 	 1 
201.6305 	 2 
201.6769 	 2 
201.7350 	 2 
201.7814 	 2 
201.8743 	 2 
201.8859 	 1 
201.9904 	 0 
202.0020 	 2 
202.1761 	 2 
202.3851 	 2 
202.5825 	 2 
202.6057 	 0 
202.7799 	 2 
202.7799 	 1 
202.9888 	 2 
203.1746 	 2 
203.1978 	 0 
203.2907 	 2 
203.3488 	 2 
203.3952 	 2 
203.5810 	 2 
203.6738 	 2 
203.7783 	 2 
203.9757 	 2 
203.9989 	 0 
204.0802 	 2 
204.1731 	 2 
204.2892 	 2 
204.3820 	 2 
204.3820 	 1 
204.5794 	 1 
204.5794 	 2 
204.6955 	 2 
204.7768 	 2 
204.8232 	 2 
204.8813 	 2 
204.9277 	 2 
204.9741 	 1 
204.9858 	 2 
205.0438 	 2 
205.0902 	 2 
205.1367 	 2 
205.1831 	 1 
205.1947 	 0 
205.2528 	 2 
205.3224 	 2 
205.3805 	 2 
205.5779 	 2 
205.7868 	 2 
205.9842 	 2 
205.9842 	 1 
206.1816 	 2 
206.3790 	 2 
206.3790 	 0 
206.4718 	 2 
206.5763 	 2 
206.7853 	 2 
206.9827 	 2 
207.1800 	 2 
207.1917 	 0 
207.3774 	 2 
207.5748 	 2 
207.5864 	 1 
207.6328 	 2 
207.6909 	 2 
207.7373 	 2 
207.7838 	 2 
207.9811 	 1 
207.9811 	 2 
208.1088 	 2 
208.1785 	 2 
208.2482 	 2 
208.3875 	 0 
208.5732 	 2 
208.7822 	 2 
208.9796 	 2 
208.9912 	 0 
209.1770 	 2 
209.1770 	 1 
209.3859 	 2 
209.5833 	 0 
209.5833 	 2 
209.6298 	 2 
209.6994 	 1 
209.7923 	 2 
209.9780 	 2 
210.1754 	 2 
210.3844 	 0 
210.3844 	 2 
210.4889 	 2 
210.5818 	 2 
210.6398 	 2 
210.6979 	 2 
210.7559 	 2 
210.7791 	 1 
210.8720 	 2 
210.9765 	 2 
211.0810 	 2 
211.1855 	 2 
211.1855 	 1 
211.2900 	 2 
211.3364 	 2 
211.3829 	 1 
211.4525 	 2 
211.5570 	 2 
211.5918 	 0 
211.6847 	 2 
211.6847 	 1 
211.7892 	 2 
211.9866 	 2 
212.1839 	 2 
212.3697 	 0 
212.3813 	 1 
212.3813 	 2 
212.5206 	 2 
212.6483 	 2 
212.7761 	 2 
212.7877 	 0 
212.9850 	 2 
213.1824 	 2 
213.3798 	 2 
213.5771 	 2 
213.5888 	 0 
213.6932 	 1 
213.8442 	 2 
213.9719 	 2 
213.9835 	 1 
214.0299 	 2 
214.0880 	 2 
214.1344 	 2 
214.1925 	 2 
214.3782 	 2 
214.3782 	 1 
214.4247 	 2 
214.4827 	 2 
214.5292 	 2 
214.5756 	 2 
214.6685 	 2 
214.6801 	 1 
214.7846 	 2 
214.7962 	 0 
214.8891 	 1 
214.9820 	 2 
215.1793 	 2 
215.2722 	 1 
215.3767 	 2 
215.3883 	 0 
215.4696 	 1 
215.5741 	 2 
215.5857 	 1 
215.7830 	 2 
215.9688 	 2 
215.9804 	 1 
215.9920 	 0 
216.1778 	 2 
216.1778 	 1 
216.3751 	 2 
216.5841 	 1 
216.5841 	 2 
216.7815 	 2 
216.7815 	 1 
216.8047 	 0 
216.9789 	 2 
217.0717 	 1 
217.0834 	 2 
217.1762 	 2 
217.1762 	 1 
217.3852 	 2 
217.5710 	 2 
217.5710 	 1 
217.6058 	 0 
217.6871 	 2 
217.7800 	 1 
217.7916 	 2 
217.8961 	 2 
218.0122 	 2 
218.0238 	 1 
218.1631 	 2 
234.0107 	 0 
