42.2719 	 0 
42.6086 	 0 
42.7131 	 2 
42.7131 	 1 
42.9337 	 0 
43.2588 	 0 
43.5955 	 0 
43.5955 	 1 
44.0366 	 0 
44.0366 	 2 
44.4778 	 1 
44.6984 	 0 
45.3602 	 0 
45.3602 	 1 
45.8014 	 2 
45.8014 	 0 
46.0220 	 2 
46.1380 	 0 
46.2425 	 2 
46.2425 	 1 
46.4515 	 0 
46.7998 	 0 
47.1249 	 0 
47.1365 	 1 
47.5661 	 0 
48.0073 	 2 
48.0189 	 1 
48.2278 	 0 
48.4484 	 2 
48.5529 	 2 
48.6690 	 0 
48.8896 	 1 
48.8896 	 2 
48.9941 	 1 
48.9941 	 0 
49.3308 	 0 
49.6675 	 0 
49.7720 	 1 
49.7720 	 2 
49.9926 	 0 
50.2132 	 2 
50.3176 	 0 
50.6543 	 0 
50.6543 	 2 
50.6543 	 1 
51.0955 	 2 
51.0955 	 0 
51.3161 	 2 
51.4206 	 2 
51.5367 	 2 
51.5367 	 1 
51.7573 	 0 
52.4190 	 0 
52.4190 	 1 
52.8602 	 2 
52.8602 	 0 
53.1853 	 2 
53.1969 	 0 
53.3014 	 1 
53.3014 	 2 
53.5220 	 0 
53.8587 	 0 
54.1838 	 0 
54.1954 	 1 
54.6249 	 0 
54.8455 	 1 
54.9500 	 1 
54.9500 	 0 
55.1706 	 1 
55.1822 	 2 
55.2867 	 1 
55.2867 	 0 
55.5073 	 1 
55.5073 	 0 
55.7279 	 0 
55.8324 	 1 
55.8440 	 2 
56.0530 	 2 
56.0646 	 0 
56.1691 	 1 
56.1691 	 2 
56.3897 	 0 
56.7263 	 0 
57.0630 	 0 
57.3881 	 0 
58.1544 	 0 
58.1544 	 2 
58.2589 	 2 
58.3634 	 2 
58.4795 	 2 
58.4911 	 0 
58.5956 	 2 
58.5956 	 1 
58.7000 	 2 
58.8161 	 0 
58.8161 	 2 
58.9322 	 2 
59.0367 	 0 
59.0367 	 2 
59.1528 	 2 
59.2573 	 2 
59.3734 	 2 
59.4779 	 0 
59.4779 	 1 
59.4895 	 2 
59.5940 	 2 
59.6985 	 2 
59.8146 	 2 
59.9191 	 2 
59.9191 	 0 
60.0352 	 2 
60.1281 	 1 
60.1397 	 2 
60.2442 	 2 
60.2558 	 0 
60.3603 	 1 
60.3603 	 2 
60.4648 	 2 
60.5809 	 0 
60.5809 	 2 
60.6854 	 2 
60.8015 	 0 
60.8015 	 2 
60.9176 	 2 
61.0220 	 2 
61.1381 	 2 
61.2426 	 0 
61.2426 	 2 
61.2542 	 1 
61.3587 	 2 
61.4748 	 2 
61.5793 	 2 
61.6838 	 2 
61.6838 	 0 
61.7883 	 2 
61.9044 	 2 
62.0089 	 2 
62.1250 	 1 
62.1250 	 2 
62.2295 	 2 
62.3456 	 2 
62.3456 	 0 
62.4617 	 2 
62.5662 	 0 
62.5778 	 2 
62.6823 	 2 
62.7868 	 2 
62.9029 	 2 
63.0073 	 2 
63.0073 	 1 
63.1118 	 0 
63.1118 	 1 
63.1234 	 2 
63.2395 	 2 
63.3440 	 2 
63.4369 	 2 
63.4485 	 0 
63.5646 	 2 
63.6575 	 2 
63.6691 	 1 
63.7736 	 2 
63.7852 	 0 
63.8897 	 2 
63.8897 	 1 
63.9942 	 2 
64.1103 	 0 
64.1103 	 2 
64.2264 	 2 
64.3309 	 2 
64.3425 	 0 
64.4470 	 2 
64.5631 	 2 
64.6676 	 2 
64.7721 	 0 
64.7721 	 1 
64.7721 	 2 
64.8882 	 2 
64.9927 	 2 
65.1088 	 2 
65.2132 	 0 
65.2132 	 2 
65.3177 	 2 
65.4338 	 2 
65.5383 	 2 
65.5499 	 0 
65.6544 	 1 
65.6544 	 2 
65.7589 	 2 
65.8750 	 0 
65.8750 	 2 
65.9911 	 2 
66.0956 	 0 
66.0956 	 2 
66.2117 	 2 
66.3162 	 2 
66.4323 	 2 
66.5368 	 1 
66.5368 	 0 
66.5368 	 2 
66.6529 	 2 
66.7574 	 2 
66.8735 	 2 
66.9780 	 2 
66.9780 	 0 
67.0941 	 2 
67.1869 	 1 
67.1985 	 2 
67.3030 	 1 
67.3146 	 2 
67.3146 	 0 
67.4191 	 2 
67.4191 	 1 
67.5236 	 2 
67.6397 	 0 
67.6397 	 2 
67.7442 	 2 
67.8603 	 0 
67.8603 	 2 
67.9764 	 2 
68.0809 	 2 
68.1970 	 2 
68.3131 	 0 
68.3131 	 1 
68.3131 	 2 
68.4176 	 2 
68.5337 	 2 
68.6382 	 2 
68.7543 	 2 
68.8588 	 2 
68.9517 	 1 
68.9633 	 2 
69.0678 	 2 
69.0678 	 1 
69.0794 	 0 
69.1839 	 2 
69.2883 	 2 
69.2883 	 1 
69.4044 	 2 
69.5089 	 1 
69.5205 	 2 
69.6250 	 1 
69.6250 	 0 
69.6715 	 1 
69.6715 	 0 
69.7411 	 2 
69.8456 	 1 
69.8456 	 2 
69.9617 	 2 
69.9617 	 1 
70.0778 	 2 
70.1707 	 2 
70.1823 	 0 
70.2868 	 1 
70.2868 	 2 
70.5074 	 0 
70.8441 	 0 
71.1808 	 0 
71.5059 	 0 
72.2721 	 2 
72.2721 	 0 
72.3766 	 2 
72.4927 	 2 
72.5972 	 2 
72.6088 	 0 
72.7133 	 1 
72.7133 	 2 
72.8178 	 2 
72.8178 	 1 
72.9339 	 2 
73.0500 	 2 
73.1545 	 0 
73.1545 	 2 
73.2706 	 2 
73.3751 	 2 
73.4912 	 2 
73.5956 	 1 
73.5956 	 0 
73.6073 	 2 
73.7117 	 2 
73.8162 	 2 
73.9323 	 2 
74.0368 	 0 
74.0368 	 2 
74.1529 	 2 
74.2458 	 2 
74.2458 	 1 
74.3619 	 2 
74.3735 	 0 
74.4780 	 1 
74.4780 	 2 
74.5825 	 2 
74.6986 	 2 
74.6986 	 0 
74.8031 	 2 
74.9192 	 0 
74.9192 	 2 
75.0353 	 2 
75.1398 	 2 
75.2559 	 2 
75.3604 	 0 
75.3604 	 2 
75.3720 	 1 
75.4765 	 2 
75.5926 	 2 
75.6971 	 2 
75.8015 	 2 
75.8015 	 0 
75.9060 	 2 
76.0221 	 2 
76.1266 	 2 
76.2427 	 2 
76.2427 	 1 
76.3472 	 2 
76.4633 	 2 
76.4633 	 0 
76.5794 	 2 
76.6839 	 0 
76.6955 	 2 
76.8000 	 2 
76.9045 	 2 
77.0206 	 2 
77.1251 	 2 
77.1251 	 1 
77.2296 	 1 
77.2296 	 2 
77.2296 	 0 
77.3573 	 2 
77.4618 	 2 
77.5546 	 2 
77.5663 	 0 
77.6824 	 2 
77.7752 	 2 
77.7752 	 1 
77.8913 	 2 
77.9029 	 0 
78.0074 	 2 
78.0074 	 1 
78.1003 	 2 
78.2280 	 2 
78.2280 	 0 
78.3441 	 2 
78.4486 	 2 
78.4602 	 0 
78.5647 	 2 
78.6808 	 2 
78.7853 	 2 
78.8898 	 2 
78.8898 	 1 
78.8898 	 0 
78.9943 	 2 
79.1104 	 2 
79.2265 	 2 
79.3310 	 2 
79.3310 	 0 
79.4355 	 2 
79.5400 	 1 
79.5516 	 2 
79.6561 	 2 
79.7722 	 2 
79.7722 	 1 
79.8766 	 2 
79.9927 	 0 
79.9927 	 2 
80.1088 	 2 
80.2133 	 2 
80.2133 	 0 
80.3294 	 2 
80.4339 	 2 
80.5500 	 2 
80.6545 	 1 
80.6545 	 2 
80.6545 	 0 
80.7706 	 2 
80.8867 	 2 
80.9912 	 2 
81.0957 	 0 
81.0957 	 2 
81.2118 	 2 
81.3047 	 2 
81.4208 	 1 
81.4208 	 2 
81.4324 	 0 
81.5369 	 1 
81.5369 	 2 
81.6414 	 2 
81.7575 	 2 
81.7575 	 0 
81.8620 	 2 
81.9780 	 0 
81.9780 	 2 
82.0941 	 2 
82.1986 	 2 
82.3147 	 2 
82.4192 	 2 
82.4192 	 0 
82.4308 	 1 
82.5353 	 2 
82.6514 	 2 
82.7559 	 2 
82.8604 	 0 
82.8604 	 2 
82.9765 	 2 
83.0694 	 1 
83.0694 	 2 
83.1855 	 2 
83.1855 	 1 
83.1971 	 0 
83.3016 	 2 
83.4061 	 1 
83.4061 	 2 
83.5222 	 2 
83.5338 	 0 
83.6383 	 2 
83.7428 	 2 
83.7428 	 0 
83.8589 	 2 
83.9634 	 2 
84.0678 	 1 
84.0795 	 2 
84.1839 	 2 
84.2884 	 2 
84.2884 	 1 
84.3000 	 0 
84.4045 	 1 
84.4045 	 2 
84.5206 	 2 
92.2180 	 2 
112.8490 	 2 
112.8606 	 0 
113.0696 	 1 
113.0812 	 2 
113.1857 	 2 
113.1973 	 0 
113.3018 	 2 
113.3018 	 1 
113.3946 	 2 
113.5224 	 2 
113.5224 	 0 
113.6385 	 2 
113.7429 	 2 
113.7546 	 0 
113.8707 	 2 
113.9751 	 2 
114.0796 	 2 
114.1841 	 0 
114.1841 	 2 
114.1841 	 1 
114.3002 	 2 
114.4163 	 2 
114.5208 	 2 
114.6253 	 0 
114.6253 	 2 
114.7414 	 2 
114.8343 	 2 
114.9504 	 0 
114.9504 	 2 
115.0665 	 2 
115.0665 	 1 
115.1710 	 2 
115.2871 	 2 
115.2871 	 0 
115.4032 	 2 
115.5077 	 2 
115.5077 	 0 
115.6238 	 2 
115.7283 	 2 
115.8444 	 2 
115.9488 	 0 
115.9605 	 1 
115.9605 	 2 
116.0766 	 2 
116.1810 	 2 
116.2855 	 2 
116.3900 	 2 
116.3900 	 0 
116.4945 	 2 
116.5990 	 2 
116.5990 	 1 
116.7151 	 0 
116.7267 	 2 
116.8312 	 2 
116.8312 	 1 
116.9241 	 2 
117.0402 	 2 
117.0518 	 0 
117.1679 	 2 
117.2724 	 0 
117.2724 	 2 
117.3885 	 2 
117.5046 	 2 
117.6091 	 2 
117.7136 	 0 
117.7136 	 2 
117.7252 	 1 
117.8413 	 2 
117.9458 	 2 
118.0502 	 2 
118.1547 	 0 
118.1547 	 2 
118.2592 	 2 
118.3637 	 2 
118.4798 	 2 
118.4914 	 0 
118.5959 	 1 
118.5959 	 2 
118.7120 	 2 
118.8165 	 2 
118.8165 	 0 
118.9326 	 2 
119.0371 	 0 
119.0487 	 2 
119.1532 	 2 
119.2577 	 2 
119.3738 	 2 
119.4783 	 2 
119.4899 	 1 
119.5828 	 2 
119.5828 	 0 
119.5944 	 1 
119.6989 	 2 
119.8150 	 2 
119.9078 	 2 
119.9195 	 0 
120.0239 	 2 
120.1284 	 2 
120.2445 	 2 
120.2561 	 0 
120.3606 	 1 
120.3606 	 2 
120.4651 	 2 
120.5812 	 0 
120.5812 	 2 
120.6973 	 2 
120.8018 	 2 
120.8018 	 0 
120.9179 	 2 
121.0224 	 2 
121.1385 	 2 
121.2430 	 2 
121.2430 	 0 
121.2430 	 1 
121.3591 	 2 
121.4752 	 2 
121.5913 	 2 
121.6842 	 2 
121.6842 	 0 
121.8003 	 2 
121.8932 	 2 
122.0093 	 2 
122.0209 	 0 
122.1254 	 2 
122.1254 	 1 
122.2298 	 2 
122.3459 	 0 
122.3576 	 2 
122.4620 	 2 
122.5665 	 0 
122.5781 	 2 
122.6826 	 2 
122.7871 	 2 
122.9032 	 2 
123.0077 	 2 
123.0077 	 0 
123.0193 	 1 
123.1354 	 2 
123.2399 	 2 
123.3560 	 2 
123.4373 	 2 
123.4489 	 0 
123.5650 	 2 
123.6579 	 2 
123.6579 	 1 
123.7740 	 2 
123.7856 	 0 
123.8901 	 2 
123.8901 	 1 
123.9946 	 2 
124.1107 	 0 
124.1107 	 2 
124.2151 	 2 
124.3312 	 2 
124.3312 	 0 
124.4473 	 2 
124.5518 	 2 
124.6679 	 2 
124.7724 	 0 
124.7724 	 2 
124.7840 	 1 
124.9001 	 2 
125.0046 	 2 
125.1207 	 2 
125.2136 	 2 
125.2136 	 0 
125.3181 	 2 
125.4226 	 2 
125.4342 	 1 
125.5387 	 1 
125.5387 	 2 
125.5503 	 0 
125.6548 	 2 
125.7593 	 2 
125.7709 	 1 
125.8754 	 2 
125.9799 	 2 
126.0960 	 0 
126.1076 	 1 
126.1076 	 2 
126.2121 	 2 
126.3166 	 2 
126.4327 	 2 
126.4327 	 1 
126.5371 	 2 
126.6416 	 2 
126.6416 	 0 
126.7577 	 2 
126.7693 	 1 
126.8738 	 2 
126.9667 	 2 
126.9783 	 0 
127.0944 	 2 
127.1989 	 1 
127.1989 	 2 
127.3034 	 2 
127.3150 	 0 
127.4195 	 1 
127.4195 	 2 
127.5240 	 2 
127.6401 	 2 
127.6401 	 0 
127.7562 	 2 
127.8607 	 2 
127.8607 	 0 
127.9768 	 2 
128.0929 	 2 
128.1974 	 2 
128.3019 	 1 
128.3019 	 2 
128.3019 	 0 
128.4296 	 2 
128.5341 	 2 
128.6385 	 2 
128.7430 	 2 
128.7430 	 0 
128.8591 	 2 
128.9404 	 2 
128.9520 	 1 
129.0681 	 0 
129.0681 	 2 
129.1842 	 1 
129.1842 	 2 
129.2887 	 2 
129.4048 	 2 
129.4048 	 0 
129.5209 	 2 
129.6254 	 2 
129.6254 	 0 
129.7415 	 2 
129.8460 	 2 
129.9621 	 2 
130.0666 	 0 
130.0782 	 2 
130.0782 	 1 
130.1943 	 2 
130.2988 	 2 
130.4149 	 2 
130.5078 	 2 
130.5078 	 0 
130.6122 	 2 
130.7283 	 2 
130.8328 	 0 
130.8444 	 2 
130.9489 	 2 
130.9489 	 1 
131.0650 	 2 
131.1695 	 2 
131.1695 	 0 
131.2856 	 2 
131.3901 	 2 
131.3901 	 0 
131.5062 	 2 
131.6107 	 2 
131.7268 	 2 
131.8313 	 2 
131.8313 	 0 
131.8429 	 1 
131.9474 	 2 
132.0635 	 2 
132.1796 	 2 
132.2725 	 2 
132.2725 	 0 
132.3770 	 2 
132.4815 	 2 
132.5976 	 2 
132.6092 	 0 
132.7137 	 1 
132.7137 	 0 
132.7253 	 2 
132.8181 	 2 
132.9342 	 0 
132.9342 	 2 
133.0503 	 2 
133.1548 	 0 
133.1664 	 2 
133.2709 	 2 
133.3638 	 2 
133.3870 	 2 
133.4683 	 2 
133.5960 	 2 
133.5960 	 1 
133.7005 	 1 
133.7005 	 2 
133.7121 	 0 
133.8166 	 2 
133.9327 	 2 
134.0256 	 2 
134.0372 	 0 
134.1417 	 2 
134.2462 	 2 
134.3623 	 2 
134.3739 	 0 
134.4784 	 2 
134.4784 	 1 
134.5712 	 2 
134.6990 	 2 
134.6990 	 0 
134.8151 	 2 
134.9195 	 2 
134.9312 	 0 
135.0356 	 2 
135.1517 	 2 
135.2562 	 2 
135.3607 	 0 
135.3607 	 2 
135.3607 	 1 
135.4768 	 2 
135.5929 	 2 
135.6974 	 2 
135.8019 	 2 
135.8019 	 0 
135.9064 	 2 
136.0225 	 2 
136.1270 	 2 
136.2431 	 2 
136.2431 	 1 
136.3476 	 2 
136.4637 	 0 
136.4637 	 2 
136.5798 	 2 
136.6843 	 0 
136.6959 	 2 
136.8004 	 2 
136.9049 	 2 
137.0210 	 2 
137.1254 	 0 
137.1254 	 1 
137.1371 	 2 
137.2415 	 2 
137.3576 	 2 
137.4621 	 2 
137.5550 	 2 
137.6711 	 2 
137.7872 	 2 
137.9033 	 2 
138.0194 	 2 
138.1239 	 2 
138.2400 	 2 
138.3445 	 2 
138.4606 	 2 
138.5651 	 2 
138.6812 	 2 
138.7973 	 2 
138.9018 	 2 
139.0063 	 2 
139.1224 	 2 
139.2385 	 2 
141.0728 	 2 
141.0961 	 0 
141.2005 	 2 
141.3166 	 2 
141.3166 	 1 
141.4327 	 0 
141.4327 	 1 
141.5372 	 2 
141.5488 	 1 
141.6417 	 2 
141.7578 	 2 
141.7578 	 0 
141.8739 	 2 
141.9784 	 0 
141.9784 	 2 
142.0945 	 2 
142.2106 	 2 
142.3151 	 2 
142.4080 	 2 
142.4196 	 0 
142.4196 	 1 
142.5473 	 2 
142.6518 	 2 
142.7563 	 2 
142.8608 	 2 
142.8608 	 0 
142.9769 	 2 
143.0698 	 2 
143.1859 	 2 
143.3020 	 2 
143.3020 	 1 
143.4064 	 2 
143.5225 	 2 
143.6386 	 2 
143.7431 	 2 
143.7431 	 0 
143.8592 	 2 
143.8592 	 0 
143.9637 	 2 
144.0914 	 2 
144.1843 	 1 
144.1843 	 0 
144.1843 	 2 
144.3120 	 2 
144.4165 	 2 
144.5326 	 2 
144.6255 	 2 
144.6255 	 0 
144.7300 	 2 
144.8345 	 2 
144.9506 	 0 
144.9622 	 2 
145.0667 	 2 
145.0667 	 1 
145.1712 	 2 
145.2756 	 2 
145.2873 	 1 
145.2873 	 0 
145.4150 	 2 
145.5078 	 2 
145.5078 	 0 
145.6239 	 2 
145.7400 	 2 
145.8445 	 2 
145.9490 	 0 
145.9490 	 2 
145.9490 	 1 
146.0767 	 2 
146.1812 	 2 
146.2857 	 2 
146.3786 	 2 
146.3902 	 0 
146.5063 	 2 
146.5992 	 2 
146.7153 	 2 
146.8314 	 2 
146.8314 	 1 
146.9359 	 2 
147.0404 	 2 
147.0404 	 0 
147.0520 	 1 
147.1565 	 2 
147.2726 	 2 
147.2726 	 0 
147.3887 	 2 
147.4932 	 2 
147.6093 	 2 
147.7021 	 2 
147.7137 	 1 
147.8182 	 0 
147.8298 	 2 
147.9459 	 2 
148.0504 	 2 
148.1433 	 0 
148.1433 	 2 
148.2594 	 2 
148.3755 	 2 
148.4800 	 2 
148.4800 	 0 
148.5961 	 2 
148.5961 	 1 
148.7006 	 2 
148.8167 	 0 
148.8167 	 2 
148.9328 	 2 
149.0373 	 0 
149.0373 	 2 
149.1534 	 2 
149.2579 	 2 
149.3740 	 2 
149.4785 	 0 
149.4785 	 2 
149.4785 	 1 
149.5946 	 2 
149.7107 	 2 
149.8268 	 2 
149.9196 	 2 
149.9196 	 0 
150.0357 	 2 
150.1286 	 2 
150.2447 	 2 
150.3608 	 2 
150.3724 	 1 
150.4653 	 2 
150.5814 	 2 
150.5814 	 0 
150.6975 	 2 
150.8020 	 0 
150.8136 	 2 
151.0226 	 2 
151.1387 	 2 
151.2432 	 0 
151.2548 	 1 
151.2548 	 2 
151.3709 	 2 
151.4754 	 2 
151.5799 	 2 
151.6727 	 2 
151.6844 	 0 
151.7888 	 2 
151.8933 	 2 
152.0094 	 1 
152.0210 	 0 
152.0210 	 2 
152.1139 	 2 
152.1255 	 1 
152.2184 	 2 
152.3461 	 0 
152.3461 	 2 
152.4622 	 2 
152.5667 	 0 
152.5667 	 2 
152.6712 	 2 
152.7873 	 2 
152.9034 	 2 
153.0079 	 2 
153.0079 	 0 
153.0195 	 1 
153.1356 	 2 
153.2401 	 2 
153.3562 	 2 
153.4491 	 2 
153.4491 	 0 
153.5536 	 2 
153.6697 	 1 
153.6697 	 2 
153.7741 	 2 
153.7741 	 1 
153.7858 	 0 
153.8902 	 2 
153.9947 	 2 
154.0063 	 1 
154.1108 	 2 
154.2269 	 2 
154.3314 	 2 
154.3314 	 0 
154.3314 	 1 
154.4475 	 2 
154.5520 	 2 
154.6681 	 2 
154.6681 	 0 
154.6681 	 1 
154.7842 	 2 
154.8771 	 0 
154.8771 	 2 
154.9932 	 2 
154.9932 	 0 
155.0048 	 1 
155.1093 	 2 
155.2022 	 2 
155.2138 	 0 
155.3183 	 2 
155.4228 	 1 
155.4344 	 2 
155.5389 	 2 
155.5389 	 0 
155.6550 	 2 
155.6550 	 1 
155.7595 	 2 
155.8756 	 2 
155.8756 	 0 
155.9917 	 2 
156.0961 	 2 
156.0961 	 0 
156.2122 	 2 
156.3167 	 2 
156.4328 	 2 
156.5257 	 2 
156.5373 	 0 
156.5373 	 1 
156.6534 	 2 
156.7695 	 2 
156.8740 	 2 
156.9785 	 2 
156.9785 	 0 
157.0946 	 2 
157.1875 	 1 
157.1991 	 2 
157.3036 	 2 
157.4197 	 2 
157.4313 	 1 
157.5126 	 2 
157.6403 	 2 
157.7564 	 2 
157.8609 	 2 
157.8609 	 0 
157.9770 	 2 
158.0815 	 2 
158.1976 	 2 
158.3020 	 0 
158.3020 	 1 
158.3020 	 2 
158.4298 	 2 
158.5342 	 2 
158.6503 	 2 
158.7432 	 2 
158.7432 	 0 
158.8477 	 2 
158.9522 	 2 
159.0683 	 0 
159.0799 	 2 
159.1844 	 2 
159.1844 	 1 
159.3005 	 2 
159.3934 	 2 
159.4050 	 0 
159.4050 	 1 
159.5211 	 2 
159.6256 	 2 
159.7417 	 2 
159.7417 	 0 
159.8462 	 2 
159.9623 	 2 
160.0551 	 0 
160.0668 	 2 
160.0668 	 1 
160.1829 	 2 
160.2873 	 2 
160.4034 	 2 
160.4963 	 2 
160.5079 	 0 
160.6124 	 2 
160.7169 	 2 
160.8330 	 2 
160.9491 	 0 
160.9607 	 2 
160.9607 	 1 
161.0536 	 2 
161.1581 	 2 
161.1697 	 1 
161.2858 	 2 
161.3903 	 2 
161.3903 	 0 
161.5064 	 2 
161.6109 	 2 
161.7270 	 2 
161.8199 	 2 
161.8315 	 1 
161.9360 	 0 
161.9360 	 2 
162.0637 	 2 
162.1798 	 2 
162.2610 	 2 
162.2727 	 0 
162.3771 	 2 
162.4932 	 2 
162.5977 	 2 
162.6093 	 0 
162.7138 	 2 
162.7138 	 1 
162.8183 	 2 
162.9344 	 2 
162.9344 	 0 
163.0389 	 1 
163.0505 	 2 
163.1550 	 2 
163.1666 	 0 
163.2711 	 2 
163.3756 	 2 
163.4917 	 2 
163.5962 	 0 
163.6078 	 1 
163.6078 	 2 
163.7123 	 2 
163.8284 	 2 
163.9445 	 2 
164.0258 	 2 
164.0374 	 0 
164.1535 	 2 
164.2463 	 1 
164.2580 	 2 
164.3624 	 2 
164.4785 	 1 
164.4785 	 2 
164.5830 	 2 
164.6991 	 0 
164.7107 	 2 
164.8152 	 2 
164.9197 	 2 
164.9197 	 0 
165.0358 	 2 
165.1403 	 2 
165.2564 	 2 
165.3609 	 0 
165.3725 	 2 
165.3725 	 1 
165.4886 	 2 
165.5931 	 2 
165.7092 	 2 
165.8021 	 2 
165.8021 	 0 
165.9066 	 2 
166.0111 	 2 
166.1272 	 2 
166.1388 	 0 
166.2433 	 2 
166.2433 	 1 
166.3361 	 2 
166.4639 	 0 
166.4639 	 2 
166.5800 	 2 
166.6844 	 0 
166.6961 	 2 
166.8005 	 2 
166.9050 	 2 
167.0211 	 2 
167.1256 	 0 
167.1372 	 1 
167.1372 	 2 
167.2533 	 2 
167.3578 	 2 
167.4739 	 2 
167.5668 	 0 
167.5668 	 2 
167.6713 	 2 
167.7758 	 2 
167.8919 	 2 
167.8919 	 1 
168.0080 	 2 
168.1125 	 2 
168.1125 	 1 
168.1241 	 0 
168.2286 	 2 
168.3447 	 2 
168.4376 	 1 
168.4492 	 0 
168.4492 	 2 
168.5653 	 2 
168.6698 	 2 
168.7859 	 2 
168.7859 	 1 
168.9020 	 2 
168.9832 	 0 
168.9948 	 2 
169.1109 	 1 
169.1109 	 2 
169.2154 	 2 
169.3315 	 0 
169.6682 	 1 
169.6682 	 0 
169.9236 	 0 
170.1907 	 2 
170.2139 	 0 
170.5970 	 0 
170.6551 	 1 
171.0846 	 0 
171.9786 	 0 
172.4198 	 1 
172.4662 	 0 
172.8610 	 0 
173.1976 	 0 
173.5227 	 1 
173.5227 	 0 
174.1845 	 0 
174.6141 	 0 
174.9624 	 0 
175.2874 	 1 
175.5080 	 0 
175.9492 	 1 
176.3904 	 0 
176.7155 	 1 
176.7735 	 0 
177.0522 	 0 
177.2263 	 1 
177.2727 	 0 
177.7139 	 1 
178.1435 	 0 
178.5382 	 0 
179.0375 	 0 
179.4786 	 1 
179.5251 	 0 
179.9198 	 0 
180.3029 	 0 
180.5816 	 1 
180.6396 	 0 
180.8022 	 0 
181.2898 	 0 
181.6845 	 0 
182.3463 	 1 
182.5669 	 0 
183.0081 	 1 
183.0081 	 0 
183.4493 	 0 
183.7859 	 1 
183.7859 	 0 
184.2852 	 0 
184.2968 	 2 
184.7728 	 1 
185.2024 	 0 
185.5507 	 1 
185.5507 	 0 
186.0963 	 0 
186.5375 	 1 
186.5839 	 0 
186.9787 	 0 
187.6405 	 1 
187.6405 	 0 
187.8727 	 0 
188.3022 	 0 
188.7318 	 0 
189.0801 	 0 
189.4052 	 1 
189.6258 	 0 
190.0669 	 1 
190.8912 	 0 
191.1583 	 0 
191.3556 	 1 
191.3673 	 2 
191.5530 	 0 
191.8317 	 0 
192.2728 	 0 
192.6560 	 0 
193.3177 	 0 
193.6428 	 0 
194.0956 	 0 
194.4323 	 0 
194.7574 	 0 
195.0941 	 0 
195.4191 	 0 
195.8719 	 0 
196.2202 	 1 
196.6614 	 1 
196.6614 	 2 
197.0910 	 2 
197.1026 	 1 
197.5438 	 2 
197.5670 	 0 
197.6715 	 2 
197.7760 	 1 
197.7876 	 2 
197.8921 	 1 
197.8921 	 0 
198.0082 	 1 
198.0082 	 2 
198.1010 	 2 
198.2288 	 2 
198.2288 	 0 
198.3332 	 2 
198.4377 	 2 
198.4493 	 0 
198.5654 	 2 
198.6699 	 2 
198.7860 	 2 
198.8905 	 1 
198.8905 	 2 
198.8905 	 0 
199.0066 	 2 
199.1227 	 2 
199.2272 	 2 
199.3317 	 2 
199.3317 	 0 
199.4478 	 2 
199.5523 	 2 
199.6568 	 2 
199.6568 	 0 
199.7729 	 2 
199.7729 	 1 
199.8774 	 2 
199.9935 	 0 
199.9935 	 2 
200.1096 	 2 
200.2141 	 0 
200.2141 	 2 
200.3302 	 0 
200.3302 	 2 
200.4346 	 2 
200.5507 	 2 
200.6552 	 0 
200.6552 	 1 
200.6552 	 2 
200.7829 	 2 
200.8874 	 2 
200.9919 	 2 
201.0964 	 2 
201.0964 	 0 
201.2009 	 2 
201.3170 	 2 
201.4331 	 0 
201.4331 	 2 
201.5376 	 2 
201.5376 	 1 
201.6421 	 2 
201.7582 	 0 
201.7582 	 1 
201.7582 	 2 
201.8743 	 2 
201.9788 	 2 
202.0949 	 2 
202.1994 	 2 
202.3155 	 2 
202.4200 	 0 
202.4200 	 1 
202.4316 	 2 
202.5477 	 2 
202.6522 	 2 
202.7566 	 2 
202.8611 	 2 
202.8611 	 0 
202.9656 	 2 
203.0817 	 2 
203.1862 	 2 
203.3023 	 2 
203.3023 	 1 
203.4068 	 2 
203.5113 	 2 
203.5113 	 0 
203.5229 	 1 
203.6274 	 2 
203.7435 	 2 
203.7435 	 0 
203.8596 	 2 
203.9641 	 2 
204.0802 	 2 
204.1847 	 1 
204.1847 	 2 
204.2892 	 0 
204.3008 	 2 
204.3008 	 1 
204.4169 	 2 
204.5214 	 2 
204.6142 	 2 
204.6259 	 0 
204.7303 	 2 
204.8348 	 2 
204.9509 	 1 
204.9509 	 2 
204.9509 	 0 
205.0670 	 1 
205.0670 	 2 
205.1599 	 2 
205.2760 	 2 
205.2876 	 0 
205.4850 	 2 
205.5082 	 0 
205.6243 	 2 
205.7288 	 2 
205.8449 	 2 
205.9494 	 0 
205.9494 	 1 
205.9494 	 2 
206.0655 	 2 
206.1816 	 2 
206.2977 	 2 
206.3790 	 0 
206.3906 	 2 
206.5067 	 2 
206.5995 	 1 
206.6112 	 2 
206.7156 	 0 
206.7156 	 2 
206.8317 	 2 
206.8434 	 1 
206.9362 	 2 
207.0523 	 2 
207.1684 	 2 
207.2729 	 0 
207.2845 	 2 
207.3890 	 2 
207.4935 	 2 
207.6096 	 2 
207.7141 	 2 
207.7141 	 0 
207.7141 	 1 
207.8418 	 2 
207.9463 	 2 
208.0508 	 2 
208.1553 	 0 
208.1553 	 2 
208.2598 	 2 
208.3643 	 2 
208.4804 	 0 
208.4804 	 1 
208.4920 	 2 
208.5965 	 1 
208.5965 	 2 
208.6893 	 2 
208.8171 	 1 
208.8171 	 2 
208.8171 	 0 
208.9332 	 2 
209.0376 	 0 
209.0376 	 2 
209.1421 	 2 
209.2582 	 2 
209.3743 	 2 
209.4788 	 0 
209.4788 	 2 
209.4904 	 1 
209.5949 	 2 
209.6994 	 2 
209.8271 	 2 
209.9200 	 2 
209.9200 	 0 
210.0361 	 2 
210.1290 	 2 
210.1290 	 1 
210.2451 	 1 
210.2451 	 2 
210.3612 	 2 
210.4657 	 1 
210.4657 	 2 
210.5702 	 2 
210.5818 	 1 
210.6863 	 2 
210.8024 	 1 
210.8024 	 0 
210.8024 	 2 
210.9185 	 2 
211.0229 	 2 
211.1274 	 1 
211.1390 	 2 
211.2319 	 2 
211.2435 	 1 
211.3480 	 0 
211.3480 	 2 
211.4641 	 2 
211.4641 	 1 
211.5802 	 2 
211.6847 	 2 
211.6847 	 0 
211.7892 	 2 
211.8937 	 2 
212.0098 	 0 
212.0214 	 1 
212.1259 	 2 
212.1259 	 1 
212.2188 	 2 
212.3349 	 0 
212.3581 	 2 
212.5555 	 2 
212.5671 	 0 
212.6832 	 2 
212.7877 	 2 
212.9038 	 2 
212.9966 	 2 
213.0083 	 0 
213.0083 	 1 
213.1244 	 2 
213.2288 	 2 
213.3449 	 2 
213.4494 	 0 
213.4494 	 2 
213.5539 	 2 
213.6700 	 2 
213.7745 	 2 
213.7861 	 0 
213.8906 	 2 
213.8906 	 1 
213.9951 	 2 
214.1112 	 2 
214.1112 	 0 
214.2273 	 2 
214.3318 	 2 
214.3318 	 0 
214.4479 	 2 
214.5524 	 2 
214.6685 	 2 
214.7730 	 0 
214.7730 	 2 
214.7730 	 1 
214.9007 	 2 
215.0052 	 2 
215.1097 	 2 
215.2141 	 2 
215.2141 	 0 
215.3186 	 2 
215.4231 	 2 
215.5392 	 2 
215.6553 	 2 
215.6553 	 1 
215.7482 	 2 
215.8643 	 2 
215.8759 	 0 
215.8759 	 1 
215.9920 	 1 
216.0617 	 2 
216.1894 	 0 
216.2126 	 2 
216.3171 	 2 
216.4332 	 2 
216.5261 	 0 
216.5377 	 2 
216.5377 	 1 
216.6654 	 2 
216.7583 	 2 
216.8744 	 2 
216.9789 	 2 
216.9789 	 0 
217.0950 	 2 
217.1878 	 2 
217.3039 	 2 
217.4200 	 2 
217.4200 	 1 
217.5245 	 2 
217.6290 	 0 
217.6290 	 2 
217.6406 	 1 
217.7451 	 2 
217.8612 	 2 
217.8612 	 0 
217.9773 	 2 
218.0818 	 2 
218.1979 	 2 
218.2908 	 2 
218.3024 	 1 
218.4069 	 0 
218.4185 	 1 
218.4185 	 2 
218.5346 	 2 
218.6391 	 2 
218.7436 	 2 
218.7436 	 0 
218.8597 	 2 
218.9642 	 2 
219.0687 	 1 
219.0687 	 0 
219.0803 	 2 
219.1848 	 2 
219.1848 	 1 
219.2776 	 2 
219.3937 	 2 
219.4054 	 0 
219.5098 	 2 
219.6143 	 2 
219.6259 	 0 
219.7420 	 2 
219.8465 	 2 
219.9626 	 2 
220.0555 	 0 
220.0555 	 2 
220.0671 	 1 
220.1716 	 2 
220.2993 	 2 
220.4154 	 2 
220.5083 	 0 
220.5083 	 2 
220.6128 	 2 
220.7289 	 2 
220.8334 	 1 
220.9495 	 1 
220.9495 	 2 
221.0540 	 2 
221.1585 	 2 
221.1701 	 0 
221.2862 	 2 
221.3907 	 2 
221.3907 	 0 
221.5068 	 2 
221.6112 	 2 
221.7273 	 2 
221.8202 	 2 
221.8318 	 0 
221.8318 	 1 
221.9479 	 2 
222.0640 	 2 
222.1801 	 2 
222.2730 	 0 
222.2730 	 2 
222.3775 	 2 
222.4820 	 1 
222.4936 	 2 
222.5981 	 2 
222.7142 	 1 
222.7142 	 2 
222.8187 	 2 
222.9232 	 2 
222.9348 	 1 
223.0393 	 2 
223.1438 	 0 
223.1554 	 2 
223.2599 	 2 
223.3760 	 2 
223.4921 	 2 
223.5966 	 2 
223.6082 	 1 
223.7127 	 2 
223.8288 	 2 
223.9449 	 2 
224.0377 	 0 
224.0377 	 2 
224.1422 	 2 
224.2467 	 2 
224.2583 	 1 
224.3628 	 2 
224.3628 	 1 
224.4789 	 2 
224.5834 	 0 
224.5834 	 2 
224.5834 	 1 
224.6995 	 2 
224.6995 	 1 
224.8040 	 2 
224.9201 	 1 
224.9201 	 2 
224.9201 	 0 
225.0362 	 2 
225.1407 	 2 
225.2452 	 1 
225.2568 	 2 
225.3613 	 2 
225.3613 	 1 
225.4658 	 0 
225.4658 	 2 
225.5819 	 1 
225.5819 	 0 
225.5819 	 2 
225.6863 	 2 
225.7908 	 2 
225.9185 	 2 
226.0230 	 2 
226.1391 	 2 
226.2436 	 2 
226.3597 	 2 
226.4642 	 2 
226.6616 	 1 
226.6732 	 2 
226.8009 	 2 
226.9054 	 2 
227.0215 	 2 
227.1376 	 2 
227.2537 	 2 
227.3582 	 2 
227.4743 	 2 
227.5672 	 2 
227.6833 	 2 
227.7878 	 2 
227.8922 	 2 
228.0200 	 2 
228.1244 	 2 
228.2289 	 2 
228.3450 	 2 
228.4611 	 2 
228.5772 	 2 
228.6817 	 2 
228.7978 	 2 
228.9139 	 2 
230.1794 	 1 
230.1910 	 2 
