0.4760 	 0 
0.4760 	 1 
0.4760 	 2 
1.0565 	 2 
1.0565 	 0 
1.0681 	 1 
1.6254 	 1 
1.6254 	 0 
1.6254 	 2 
2.2059 	 1 
2.2059 	 2 
2.2059 	 0 
2.7632 	 0 
2.7748 	 1 
2.7748 	 2 
3.3437 	 1 
3.3437 	 0 
3.3437 	 2 
3.9126 	 2 
3.9126 	 0 
3.9126 	 1 
4.1912 	 0 
4.2028 	 2 
4.2028 	 1 
4.4931 	 0 
4.4931 	 2 
4.4931 	 1 
4.6324 	 2 
4.6324 	 1 
4.6324 	 0 
5.0503 	 0 
5.0620 	 1 
5.0620 	 2 
5.6308 	 2 
5.6308 	 0 
5.6308 	 1 
6.1997 	 2 
6.1997 	 0 
6.1997 	 1 
6.7802 	 0 
6.7802 	 2 
6.7802 	 1 
7.3375 	 1 
7.3375 	 0 
7.3375 	 2 
7.9180 	 1 
7.9180 	 2 
7.9180 	 0 
8.4753 	 0 
8.4869 	 1 
8.4869 	 2 
9.0558 	 1 
9.0558 	 2 
9.0558 	 0 
9.6247 	 1 
9.6247 	 0 
9.6247 	 2 
10.2052 	 1 
10.2052 	 0 
10.2052 	 2 
10.7624 	 0 
10.7741 	 2 
10.7741 	 1 
11.3429 	 0 
11.3429 	 1 
11.3429 	 2 
11.9118 	 0 
11.9118 	 1 
11.9234 	 2 
12.4807 	 1 
12.4923 	 0 
12.4923 	 2 
13.0496 	 1 
13.0496 	 0 
13.0496 	 2 
13.3399 	 2 
13.3399 	 1 
13.3399 	 0 
13.6185 	 2 
13.6301 	 1 
13.6301 	 0 
13.7694 	 1 
13.7694 	 0 
13.7810 	 2 
14.1990 	 1 
14.1990 	 2 
14.1990 	 0 
14.7679 	 0 
14.7679 	 2 
14.7795 	 1 
15.3368 	 0 
15.3368 	 1 
15.3484 	 2 
15.9173 	 0 
15.9173 	 1 
15.9173 	 2 
16.4862 	 0 
16.4862 	 1 
16.4862 	 2 
17.0551 	 0 
17.0551 	 2 
17.0551 	 1 
17.6239 	 0 
17.6239 	 1 
17.6356 	 2 
18.1928 	 1 
18.2044 	 0 
18.2044 	 2 
18.7733 	 1 
18.7733 	 0 
18.7733 	 2 
19.3422 	 1 
19.3422 	 2 
19.3422 	 0 
19.9111 	 0 
19.9111 	 1 
19.9227 	 2 
20.4916 	 0 
20.4916 	 2 
20.4916 	 1 
21.0605 	 0 
21.0605 	 1 
21.0605 	 2 
21.6178 	 1 
21.6294 	 0 
21.6294 	 2 
22.1983 	 1 
22.1983 	 2 
22.1983 	 0 
22.4885 	 0 
22.4885 	 1 
22.4885 	 2 
22.7672 	 0 
22.7788 	 2 
22.7788 	 1 
22.9181 	 2 
22.9181 	 1 
22.9181 	 0 
23.3477 	 2 
23.3477 	 0 
23.3477 	 1 
23.9166 	 1 
23.9166 	 2 
23.9166 	 0 
24.4854 	 1 
24.4854 	 2 
24.4854 	 0 
25.0543 	 1 
25.0659 	 0 
25.0659 	 2 
25.6232 	 1 
25.6232 	 0 
25.6348 	 2 
26.1921 	 1 
26.2037 	 0 
26.2037 	 2 
26.7726 	 0 
26.7726 	 1 
26.7726 	 2 
27.3415 	 1 
27.3415 	 2 
27.3415 	 0 
27.9104 	 2 
27.9104 	 1 
27.9104 	 0 
28.4793 	 0 
28.4909 	 1 
28.4909 	 2 
29.0598 	 1 
29.0598 	 2 
29.0598 	 0 
29.6287 	 0 
29.6287 	 1 
29.6287 	 2 
30.1976 	 2 
30.1976 	 1 
30.1976 	 0 
30.7664 	 0 
30.7664 	 1 
30.7780 	 2 
31.3469 	 0 
31.3469 	 1 
31.3469 	 2 
31.6256 	 0 
31.6256 	 1 
31.6256 	 2 
31.9158 	 0 
31.9158 	 1 
31.9158 	 2 
32.0551 	 0 
32.0551 	 2 
32.0551 	 1 
32.4847 	 1 
32.4847 	 2 
32.4847 	 0 
33.0536 	 2 
33.0536 	 1 
33.0652 	 0 
33.6225 	 0 
33.6341 	 2 
33.6341 	 1 
34.2030 	 0 
34.2030 	 2 
34.2030 	 1 
34.7603 	 0 
34.7719 	 2 
34.7719 	 1 
35.3408 	 0 
35.3408 	 2 
35.3408 	 1 
35.9097 	 0 
35.9213 	 2 
35.9213 	 1 
36.4785 	 1 
36.4902 	 2 
36.4902 	 0 
37.0590 	 1 
37.0590 	 2 
37.0590 	 0 
37.6279 	 1 
37.6279 	 2 
37.6279 	 0 
38.1968 	 1 
38.1968 	 0 
38.2084 	 2 
38.7657 	 0 
38.7773 	 2 
38.7773 	 1 
39.3346 	 0 
39.3462 	 2 
39.3462 	 1 
39.9151 	 2 
39.9151 	 0 
39.9151 	 1 
40.4840 	 2 
40.4840 	 0 
40.4840 	 1 
40.7742 	 1 
40.7742 	 2 
40.7742 	 0 
41.0529 	 0 
41.0645 	 2 
41.0645 	 1 
41.2038 	 2 
41.2038 	 0 
41.2038 	 1 
41.6334 	 0 
41.6334 	 1 
41.6334 	 2 
42.2023 	 1 
42.2023 	 0 
42.2023 	 2 
42.7712 	 1 
42.7712 	 0 
42.7712 	 2 
43.3400 	 2 
43.3400 	 1 
43.3400 	 0 
43.9089 	 2 
43.9089 	 0 
43.9205 	 1 
44.4778 	 0 
44.4778 	 1 
44.4894 	 2 
45.0583 	 0 
45.0583 	 1 
45.0583 	 2 
45.6272 	 0 
45.6272 	 1 
45.6272 	 2 
46.1961 	 2 
46.1961 	 0 
46.2077 	 1 
46.7650 	 1 
46.7766 	 0 
46.7766 	 2 
47.3339 	 0 
47.3455 	 2 
47.3455 	 1 
47.9144 	 2 
47.9144 	 0 
47.9144 	 1 
48.4833 	 0 
48.4833 	 1 
48.4833 	 2 
49.0522 	 0 
49.0522 	 1 
49.0522 	 2 
49.6327 	 2 
49.6327 	 1 
49.6327 	 0 
49.9113 	 2 
49.9113 	 1 
49.9113 	 0 
50.2015 	 2 
50.2015 	 0 
50.2132 	 1 
50.3409 	 1 
50.3409 	 0 
50.3409 	 2 
50.7704 	 0 
50.7704 	 1 
50.7704 	 2 
51.3393 	 1 
51.3393 	 2 
51.3393 	 0 
51.9082 	 1 
51.9082 	 2 
51.9082 	 0 
52.4887 	 0 
52.4887 	 1 
52.4887 	 2 
53.0576 	 2 
53.0576 	 0 
53.0576 	 1 
53.6265 	 0 
53.6265 	 2 
53.6265 	 1 
54.1954 	 0 
54.2070 	 2 
54.2070 	 1 
54.7643 	 1 
54.7643 	 0 
54.7759 	 2 
55.3448 	 1 
55.3448 	 0 
55.3448 	 2 
55.9137 	 1 
55.9137 	 0 
55.9137 	 2 
56.4825 	 0 
56.4825 	 2 
56.4941 	 1 
57.0630 	 2 
57.0630 	 0 
57.0630 	 1 
57.6203 	 0 
57.6203 	 1 
57.6319 	 2 
58.0499 	 2 
58.2008 	 2 
58.2008 	 0 
58.2008 	 1 
58.7697 	 0 
58.7697 	 1 
58.7697 	 2 
59.0600 	 2 
59.0600 	 1 
59.0600 	 0 
59.3386 	 1 
59.3386 	 0 
59.3502 	 2 
59.4895 	 2 
59.4895 	 1 
59.4895 	 0 
59.9191 	 0 
59.9191 	 2 
59.9191 	 1 
60.4880 	 0 
60.4880 	 1 
60.4880 	 2 
61.0569 	 2 
61.0569 	 0 
61.0569 	 1 
61.6258 	 1 
61.6258 	 0 
61.6374 	 2 
62.1946 	 0 
62.1946 	 2 
62.2063 	 1 
62.7751 	 2 
62.7751 	 1 
62.7751 	 0 
63.3440 	 2 
63.3440 	 1 
63.3440 	 0 
63.9129 	 2 
63.9129 	 1 
63.9129 	 0 
64.4818 	 0 
64.4934 	 1 
64.4934 	 2 
65.0623 	 1 
65.0623 	 0 
65.0623 	 2 
65.6312 	 1 
65.6312 	 0 
65.6312 	 2 
66.2001 	 1 
66.2001 	 0 
66.2117 	 2 
66.7690 	 0 
66.7690 	 1 
66.7806 	 2 
67.3379 	 0 
67.3379 	 1 
67.3379 	 2 
67.9068 	 2 
67.9068 	 0 
67.9184 	 1 
68.1970 	 2 
68.1970 	 0 
68.1970 	 1 
68.4873 	 2 
68.4873 	 0 
68.4873 	 1 
68.6266 	 2 
68.6266 	 1 
68.6266 	 0 
69.0561 	 2 
69.0561 	 0 
69.0561 	 1 
69.6250 	 2 
69.6250 	 0 
69.6250 	 1 
69.6715 	 1 
69.6715 	 0 
69.6715 	 2 
70.1939 	 0 
70.2055 	 1 
70.2055 	 2 
70.7744 	 0 
70.7744 	 2 
70.7744 	 1 
71.3433 	 2 
71.3433 	 1 
71.3433 	 0 
71.9122 	 1 
71.9122 	 0 
71.9122 	 2 
72.4811 	 1 
72.4811 	 0 
72.4927 	 2 
73.0500 	 1 
73.0500 	 0 
73.0500 	 2 
73.6305 	 1 
73.6305 	 2 
73.6305 	 0 
74.1994 	 2 
74.1994 	 0 
74.1994 	 1 
74.7683 	 0 
74.7683 	 1 
74.7799 	 2 
75.3371 	 0 
75.3488 	 2 
75.3488 	 1 
75.9176 	 2 
75.9176 	 0 
75.9176 	 1 
76.4865 	 0 
76.4865 	 1 
76.4865 	 2 
77.0554 	 2 
77.0554 	 0 
77.0554 	 1 
77.3341 	 2 
77.3341 	 1 
77.3457 	 0 
77.6243 	 2 
77.6243 	 0 
77.6243 	 1 
77.7752 	 2 
77.7752 	 0 
77.7752 	 1 
78.1932 	 0 
78.1932 	 1 
78.2048 	 2 
78.7621 	 0 
78.7621 	 1 
78.7737 	 2 
79.3426 	 1 
79.3426 	 0 
79.3426 	 2 
79.9115 	 2 
79.9115 	 1 
79.9115 	 0 
80.4804 	 0 
80.4920 	 1 
80.4920 	 2 
81.0493 	 0 
81.0493 	 1 
81.0493 	 2 
81.6298 	 0 
81.6298 	 2 
81.6298 	 1 
82.1986 	 2 
82.1986 	 1 
82.1986 	 0 
82.7675 	 0 
82.7791 	 2 
82.7791 	 1 
83.3364 	 0 
83.3480 	 2 
83.3480 	 1 
83.9169 	 2 
83.9169 	 0 
83.9169 	 1 
84.4858 	 0 
84.4858 	 1 
84.4858 	 2 
85.0547 	 0 
85.0663 	 1 
85.0663 	 2 
85.6236 	 0 
85.6236 	 1 
85.6236 	 2 
86.1925 	 1 
86.1925 	 0 
86.2041 	 2 
86.4827 	 0 
86.4827 	 1 
86.4827 	 2 
86.7614 	 1 
86.7614 	 0 
86.7614 	 2 
86.8426 	 2 
86.9123 	 2 
86.9123 	 1 
86.9123 	 0 
87.3419 	 2 
87.3419 	 0 
87.3419 	 1 
87.9107 	 2 
87.9107 	 1 
87.9107 	 0 
88.4796 	 2 
88.4796 	 1 
88.4912 	 0 
89.0485 	 1 
89.0601 	 2 
89.0601 	 0 
89.6290 	 0 
89.6290 	 2 
89.6290 	 1 
90.1979 	 2 
90.1979 	 1 
90.1979 	 0 
90.7668 	 0 
90.7668 	 2 
90.7668 	 1 
91.3357 	 1 
91.3357 	 0 
91.3357 	 2 
91.9162 	 1 
91.9162 	 0 
91.9162 	 2 
92.4851 	 1 
92.4851 	 0 
92.4851 	 2 
93.0540 	 0 
93.0540 	 2 
93.0540 	 1 
93.6229 	 0 
93.6345 	 1 
93.6345 	 2 
94.2034 	 2 
94.2034 	 0 
94.2034 	 1 
94.7722 	 0 
94.7722 	 1 
94.7722 	 2 
95.3411 	 2 
95.3411 	 1 
95.3411 	 0 
95.6314 	 2 
95.6314 	 1 
95.6314 	 0 
95.9100 	 1 
95.9100 	 0 
95.9216 	 2 
96.0493 	 1 
96.0610 	 2 
96.0610 	 0 
96.4905 	 1 
96.4905 	 2 
96.4905 	 0 
97.0478 	 1 
97.0594 	 0 
97.0594 	 2 
97.6283 	 2 
97.6283 	 1 
97.6283 	 0 
98.1972 	 0 
98.1972 	 1 
98.1972 	 2 
98.7777 	 1 
98.7777 	 2 
98.7777 	 0 
99.3466 	 1 
99.3466 	 2 
99.3466 	 0 
99.9155 	 2 
99.9155 	 0 
99.9155 	 1 
100.4727 	 1 
100.4844 	 0 
100.4844 	 2 
101.0649 	 2 
101.0649 	 0 
101.0649 	 1 
101.6337 	 1 
101.6337 	 0 
101.6337 	 2 
102.2026 	 2 
102.2026 	 1 
102.2026 	 0 
102.7715 	 0 
102.7715 	 1 
102.7831 	 2 
103.3404 	 1 
103.3404 	 0 
103.3520 	 2 
103.9093 	 1 
103.9093 	 2 
103.9209 	 0 
104.4782 	 0 
104.4782 	 2 
104.5014 	 2 
104.7684 	 2 
104.7684 	 1 
104.7684 	 0 
105.0471 	 1 
105.0471 	 0 
105.0471 	 2 
105.1980 	 1 
105.1980 	 0 
105.1980 	 2 
105.6276 	 0 
105.6276 	 2 
105.6276 	 1 
106.1965 	 2 
106.1965 	 1 
106.1965 	 0 
106.7654 	 1 
106.7654 	 2 
106.7770 	 0 
107.3342 	 1 
107.3342 	 0 
107.3459 	 2 
107.9147 	 0 
107.9147 	 1 
107.9147 	 2 
109.0525 	 0 
109.0641 	 1 
109.0641 	 2 
110.2019 	 2 
110.2019 	 0 
110.2019 	 1 
111.3397 	 0 
111.3397 	 1 
111.3397 	 2 
112.4891 	 2 
112.4891 	 0 
112.4891 	 1 
113.6268 	 1 
113.6268 	 0 
113.6268 	 2 
114.7762 	 0 
114.7762 	 1 
114.7762 	 2 
115.9140 	 1 
115.9140 	 2 
115.9140 	 0 
117.0634 	 2 
117.0634 	 0 
117.0634 	 1 
118.2012 	 0 
118.2012 	 2 
118.2012 	 1 
119.3390 	 0 
119.3506 	 2 
119.3506 	 1 
120.4883 	 1 
120.4883 	 2 
120.4883 	 0 
121.6261 	 0 
121.6261 	 1 
121.6261 	 2 
122.7755 	 0 
122.7755 	 1 
122.7755 	 2 
123.9133 	 0 
123.9133 	 2 
123.9133 	 1 
125.0511 	 2 
125.0627 	 0 
125.0627 	 1 
126.2005 	 1 
126.2005 	 0 
126.2005 	 2 
127.3382 	 1 
127.3382 	 0 
127.3498 	 2 
128.4760 	 1 
128.4876 	 0 
128.4876 	 2 
129.6254 	 0 
129.6254 	 1 
129.6254 	 2 
130.2059 	 2 
130.7748 	 0 
130.7748 	 1 
130.7748 	 2 
131.9126 	 2 
131.9126 	 0 
131.9126 	 1 
132.4931 	 2 
132.6324 	 2 
132.7833 	 2 
133.0503 	 2 
133.0503 	 1 
133.0503 	 0 
133.2013 	 2 
134.1997 	 2 
134.1997 	 1 
134.1997 	 0 
135.3491 	 1 
135.3491 	 2 
135.3491 	 0 
135.9180 	 1 
135.9180 	 2 
135.9180 	 0 
136.4869 	 1 
136.4869 	 0 
136.4869 	 2 
137.0558 	 2 
137.0558 	 1 
137.0558 	 0 
137.6247 	 0 
137.6363 	 2 
137.6363 	 1 
138.2052 	 2 
138.2052 	 1 
138.2052 	 0 
138.7741 	 0 
138.7741 	 1 
138.7741 	 2 
139.3429 	 2 
139.3429 	 1 
139.3429 	 0 
139.9118 	 1 
139.9118 	 2 
139.9118 	 0 
140.4807 	 2 
140.4807 	 1 
140.4923 	 0 
141.0496 	 0 
141.0612 	 2 
141.0612 	 1 
141.3399 	 2 
141.3399 	 0 
141.3399 	 1 
141.6301 	 1 
141.6301 	 2 
141.6301 	 0 
141.7694 	 2 
141.7694 	 0 
141.7694 	 1 
142.1990 	 0 
142.1990 	 1 
142.2106 	 2 
142.7679 	 2 
142.7679 	 0 
142.7679 	 1 
143.3368 	 0 
143.3484 	 2 
143.3484 	 1 
143.9173 	 2 
143.9173 	 0 
143.9173 	 1 
144.4862 	 1 
144.4862 	 0 
144.4862 	 2 
145.0551 	 2 
145.0551 	 1 
145.0551 	 0 
145.6239 	 1 
145.6239 	 0 
145.6239 	 2 
146.2044 	 2 
146.2044 	 0 
146.2044 	 1 
146.7733 	 1 
146.7733 	 2 
146.7733 	 0 
147.3422 	 0 
147.3422 	 1 
147.3422 	 2 
147.9111 	 1 
147.9111 	 2 
147.9111 	 0 
148.4916 	 2 
148.4916 	 0 
148.4916 	 1 
149.0605 	 0 
149.0605 	 2 
149.0605 	 1 
149.6294 	 2 
149.6294 	 1 
149.6294 	 0 
150.1983 	 1 
150.1983 	 0 
150.1983 	 2 
150.4885 	 1 
150.4885 	 0 
150.4885 	 2 
150.7788 	 2 
150.7788 	 1 
150.7788 	 0 
150.8368 	 2 
150.9065 	 2 
150.9065 	 0 
150.9065 	 1 
151.3477 	 1 
151.3477 	 2 
151.3477 	 0 
151.9166 	 0 
151.9166 	 2 
151.9166 	 1 
152.4854 	 2 
152.4854 	 0 
152.4854 	 1 
153.0659 	 2 
153.0659 	 0 
153.0659 	 1 
153.6232 	 0 
153.6232 	 1 
153.6348 	 2 
154.2037 	 1 
154.2037 	 2 
154.2037 	 0 
154.7610 	 0 
154.7726 	 1 
154.7726 	 2 
155.3415 	 1 
155.3415 	 2 
155.3415 	 0 
155.9104 	 0 
155.9220 	 1 
155.9220 	 2 
156.4909 	 1 
156.4909 	 2 
156.4909 	 0 
157.0482 	 0 
157.0598 	 1 
157.0598 	 2 
157.6287 	 1 
157.6287 	 0 
157.6403 	 2 
158.1976 	 0 
158.1976 	 1 
158.2092 	 2 
158.7664 	 0 
158.7780 	 2 
158.7780 	 1 
159.3353 	 0 
159.3469 	 1 
159.3469 	 2 
159.6256 	 1 
159.6256 	 0 
159.6256 	 2 
159.9158 	 2 
159.9158 	 0 
159.9158 	 1 
160.0551 	 1 
160.0551 	 0 
160.0551 	 2 
160.4847 	 0 
160.4847 	 1 
160.4847 	 2 
161.0536 	 0 
161.0536 	 1 
161.0652 	 2 
161.6225 	 0 
161.6341 	 2 
161.6341 	 1 
162.2030 	 0 
162.2030 	 1 
162.2030 	 2 
162.7719 	 1 
162.7719 	 0 
162.7719 	 2 
163.3408 	 0 
163.3524 	 2 
163.3524 	 1 
163.9097 	 1 
163.9097 	 0 
163.9097 	 2 
164.4902 	 1 
164.4902 	 0 
164.4902 	 2 
165.0474 	 0 
165.0590 	 2 
165.0590 	 1 
165.6279 	 2 
165.6279 	 0 
165.6279 	 1 
166.1968 	 1 
166.1968 	 2 
166.1968 	 0 
166.7657 	 2 
166.7657 	 0 
166.7773 	 1 
167.3346 	 0 
167.3462 	 1 
167.3462 	 2 
167.9151 	 0 
167.9151 	 1 
167.9151 	 2 
168.4840 	 1 
168.4840 	 0 
168.4840 	 2 
168.7742 	 0 
168.7742 	 1 
168.7742 	 2 
169.0645 	 0 
169.0645 	 1 
169.0645 	 2 
169.2038 	 1 
169.2038 	 0 
169.2038 	 2 
169.6218 	 0 
169.6334 	 2 
169.6334 	 1 
170.2023 	 2 
170.2023 	 1 
170.2023 	 0 
170.7712 	 0 
170.7712 	 1 
170.7712 	 2 
171.3517 	 2 
171.3517 	 0 
171.3517 	 1 
171.9089 	 0 
171.9205 	 1 
171.9205 	 2 
172.4894 	 2 
172.4894 	 0 
172.4894 	 1 
173.0467 	 0 
173.0583 	 1 
173.0583 	 2 
173.6272 	 1 
173.6272 	 2 
173.6272 	 0 
174.1497 	 2 
174.1961 	 1 
174.1961 	 0 
174.2077 	 2 
174.7766 	 2 
174.7766 	 0 
174.7766 	 1 
175.3339 	 0 
175.3455 	 1 
175.3455 	 2 
175.9144 	 1 
175.9260 	 2 
175.9260 	 0 
176.4833 	 1 
176.4833 	 0 
176.4949 	 2 
177.0638 	 1 
177.0638 	 0 
177.0638 	 2 
177.6210 	 1 
177.6210 	 0 
177.6327 	 2 
177.9113 	 1 
177.9113 	 2 
177.9113 	 0 
178.1899 	 2 
178.2015 	 0 
178.2132 	 1 
178.3409 	 2 
178.3409 	 1 
178.3409 	 0 
178.7704 	 2 
178.7704 	 1 
178.7704 	 0 
179.3393 	 1 
179.3393 	 2 
179.3393 	 0 
179.9082 	 0 
179.9198 	 2 
179.9198 	 1 
180.4887 	 2 
180.4887 	 0 
180.4887 	 1 
181.0576 	 1 
181.0576 	 2 
181.0576 	 0 
181.6265 	 2 
181.6265 	 0 
181.6381 	 1 
182.1954 	 1 
182.1954 	 2 
182.1954 	 0 
182.7759 	 1 
182.7759 	 2 
182.7759 	 0 
183.3448 	 2 
183.3448 	 0 
183.3448 	 1 
183.9137 	 1 
183.9137 	 2 
183.9137 	 0 
184.4825 	 0 
184.4825 	 1 
184.4825 	 2 
185.0630 	 0 
185.0630 	 1 
185.0630 	 2 
185.6203 	 0 
185.6203 	 2 
185.6319 	 1 
186.2008 	 0 
186.2008 	 1 
186.2008 	 2 
