0.2670 	 0 
0.6734 	 1 
0.8011 	 2 
0.8127 	 0 
1.0681 	 1 
1.0797 	 2 
1.3468 	 2 
1.3584 	 0 
1.7531 	 2 
1.7647 	 1 
1.8924 	 2 
1.9040 	 0 
2.1595 	 2 
2.1711 	 1 
2.4381 	 2 
2.4497 	 0 
2.8561 	 1 
2.8561 	 2 
2.9838 	 2 
2.9954 	 0 
3.2508 	 2 
3.5294 	 2 
3.5410 	 0 
3.6688 	 2 
3.6804 	 0 
3.9358 	 2 
4.0751 	 0 
4.0751 	 2 
4.3421 	 2 
4.3537 	 0 
4.6208 	 2 
4.6208 	 1 
4.6324 	 0 
5.0271 	 1 
5.0387 	 2 
5.1780 	 2 
5.1780 	 0 
5.4335 	 1 
5.4335 	 2 
5.7121 	 2 
5.7237 	 0 
6.1185 	 2 
6.1301 	 1 
6.2578 	 2 
6.2694 	 0 
6.5248 	 2 
6.7918 	 2 
6.8034 	 0 
7.2098 	 2 
7.2098 	 1 
7.3491 	 0 
7.6161 	 2 
7.8832 	 2 
7.8948 	 0 
8.4405 	 0 
8.9861 	 0 
9.2648 	 2 
9.4041 	 1 
9.4157 	 2 
9.5318 	 2 
9.5318 	 0 
9.7988 	 2 
9.9381 	 1 
9.9614 	 2 
9.9614 	 1 
10.0775 	 0 
10.0775 	 2 
10.3445 	 2 
10.4838 	 2 
10.6231 	 0 
10.6231 	 2 
10.8902 	 2 
10.9018 	 1 
11.0411 	 2 
11.0527 	 1 
11.1572 	 2 
11.1688 	 0 
11.4474 	 2 
11.5868 	 0 
11.5984 	 1 
11.7145 	 0 
11.9815 	 2 
11.9931 	 1 
12.1208 	 1 
12.1324 	 2 
12.2485 	 2 
12.2601 	 0 
12.3995 	 2 
12.3995 	 0 
12.5388 	 1 
12.5388 	 2 
12.6781 	 2 
12.7942 	 2 
12.8058 	 0 
13.0728 	 2 
13.0728 	 1 
13.0844 	 0 
13.2238 	 1 
13.2354 	 2 
13.3399 	 2 
13.3515 	 0 
13.6301 	 2 
13.7694 	 2 
13.7694 	 1 
13.8971 	 2 
13.9088 	 0 
14.1642 	 2 
14.3151 	 2 
14.4428 	 0 
14.4428 	 2 
14.5937 	 2 
14.7215 	 2 
14.8608 	 2 
14.8608 	 1 
14.9769 	 2 
15.0001 	 0 
15.2555 	 2 
15.2555 	 1 
15.4064 	 1 
15.4180 	 2 
15.5225 	 2 
15.5341 	 1 
15.5341 	 0 
15.8128 	 2 
15.9405 	 1 
15.9521 	 2 
16.0798 	 2 
16.0914 	 0 
16.4978 	 2 
16.6139 	 2 
16.6255 	 0 
16.6255 	 1 
16.7648 	 2 
16.8925 	 1 
16.9041 	 2 
16.9157 	 0 
16.9157 	 1 
17.0318 	 2 
17.1595 	 2 
17.1712 	 1 
17.1712 	 0 
17.3105 	 1 
17.4382 	 1 
17.4382 	 2 
17.4498 	 0 
17.7052 	 2 
17.7168 	 0 
17.7168 	 1 
17.9955 	 2 
18.0071 	 1 
18.1348 	 2 
18.1348 	 1 
18.2509 	 2 
18.2625 	 0 
18.5295 	 2 
18.5295 	 1 
18.6805 	 2 
18.7966 	 2 
18.8082 	 0 
19.0752 	 2 
19.0984 	 1 
19.2145 	 2 
19.2145 	 1 
19.3422 	 2 
19.3538 	 0 
19.6209 	 1 
19.6209 	 2 
19.6325 	 0 
19.7718 	 2 
19.7718 	 1 
19.8995 	 1 
19.8995 	 0 
20.1781 	 1 
20.1781 	 2 
20.3175 	 2 
20.3175 	 1 
20.4336 	 2 
20.4452 	 0 
20.7122 	 2 
20.7122 	 1 
20.8515 	 1 
20.9792 	 2 
20.9908 	 0 
21.1302 	 2 
21.1302 	 0 
21.2579 	 2 
21.2695 	 1 
21.4088 	 1 
21.4088 	 2 
21.5249 	 2 
21.5365 	 0 
21.8035 	 2 
21.8035 	 1 
21.8035 	 0 
21.9545 	 1 
21.9545 	 2 
22.0706 	 2 
22.0822 	 0 
22.3608 	 2 
22.3608 	 1 
22.5001 	 2 
22.6162 	 2 
22.6395 	 0 
22.8949 	 2 
23.0458 	 2 
23.1619 	 2 
23.1735 	 0 
23.4405 	 1 
23.4405 	 2 
23.5799 	 1 
23.5915 	 2 
23.7076 	 2 
23.7192 	 0 
23.9862 	 0 
23.9862 	 2 
24.1255 	 1 
24.1371 	 2 
24.2649 	 1 
24.2649 	 2 
24.2649 	 0 
24.5203 	 1 
24.5435 	 2 
24.6828 	 1 
24.6828 	 2 
24.8105 	 0 
24.8105 	 2 
24.9266 	 1 
25.0776 	 2 
25.2053 	 1 
25.2285 	 2 
25.3446 	 2 
25.3562 	 0 
25.4955 	 0 
25.4955 	 2 
25.4955 	 1 
25.6232 	 1 
25.6348 	 2 
25.7625 	 2 
25.8902 	 1 
25.8902 	 2 
25.9019 	 0 
26.0528 	 2 
26.1689 	 0 
26.1689 	 2 
26.4359 	 2 
26.4475 	 0 
26.7262 	 1 
26.8539 	 1 
26.9816 	 2 
26.9932 	 0 
27.2602 	 2 
27.2602 	 1 
27.3995 	 2 
27.4112 	 1 
27.5273 	 2 
27.5389 	 0 
27.8059 	 1 
27.8059 	 2 
27.9452 	 2 
27.9452 	 1 
28.0729 	 2 
28.0845 	 0 
28.3400 	 2 
28.3516 	 0 
28.3516 	 1 
28.5025 	 2 
28.6186 	 1 
28.6302 	 0 
29.0482 	 2 
29.0482 	 1 
29.1643 	 2 
29.1759 	 0 
29.4429 	 2 
29.5938 	 2 
29.7099 	 2 
29.7215 	 0 
29.8609 	 0 
29.8609 	 2 
30.0002 	 1 
30.0002 	 2 
30.1279 	 2 
30.1395 	 1 
30.2556 	 2 
30.2556 	 0 
30.5226 	 2 
30.5342 	 1 
30.5342 	 0 
30.6852 	 2 
30.8129 	 0 
30.8129 	 1 
30.8129 	 2 
31.2192 	 1 
31.2192 	 2 
31.3469 	 2 
31.3585 	 0 
31.6256 	 2 
31.7765 	 2 
31.9042 	 0 
31.9042 	 2 
32.1712 	 2 
32.1712 	 1 
32.2990 	 2 
32.3106 	 1 
32.4499 	 0 
32.4499 	 2 
32.7169 	 2 
32.7169 	 0 
32.7169 	 1 
32.8562 	 1 
32.8678 	 2 
32.9839 	 1 
32.9839 	 2 
32.9956 	 0 
33.2510 	 1 
33.5296 	 1 
33.5296 	 2 
33.5412 	 0 
33.6689 	 1 
33.8083 	 2 
33.9476 	 2 
34.0753 	 0 
34.0753 	 2 
34.2146 	 0 
34.2262 	 2 
34.3423 	 1 
34.4932 	 2 
34.6210 	 2 
34.6210 	 0 
34.6210 	 1 
34.8880 	 2 
34.8996 	 0 
35.1782 	 0 
35.2247 	 2 
35.6310 	 0 
35.7355 	 0 
35.9909 	 1 
36.8268 	 0 
37.0823 	 0 
37.3261 	 0 
37.3377 	 2 
37.6395 	 2 
37.7324 	 2 
37.8834 	 2 
37.9182 	 0 
39.1024 	 2 
39.2417 	 0 
39.2533 	 2 
40.1009 	 0 
41.4360 	 0 
42.2835 	 0 
43.3633 	 0 
43.6303 	 0 
44.2572 	 1 
44.2688 	 2 
44.3733 	 2 
44.4662 	 0 
44.5475 	 2 
44.6868 	 1 
44.8145 	 1 
45.5459 	 0 
45.8014 	 2 
45.8130 	 0 
46.5444 	 0 
47.7286 	 0 
47.9840 	 0 
48.8200 	 0 
49.9113 	 0 
50.1667 	 0 
51.0142 	 0 
52.0824 	 0 
52.6280 	 0 
52.6977 	 1 
53.1737 	 0 
53.4407 	 1 
53.5800 	 1 
53.5800 	 2 
53.7194 	 0 
53.7194 	 2 
53.9864 	 2 
53.9864 	 1 
54.1257 	 1 
54.2534 	 2 
54.2650 	 0 
54.5205 	 1 
54.5321 	 2 
54.5321 	 0 
54.6830 	 1 
54.6830 	 2 
54.8107 	 2 
54.8107 	 0 
55.2171 	 1 
55.3564 	 0 
55.4260 	 2 
55.6002 	 1 
55.6234 	 2 
55.8904 	 2 
55.9020 	 0 
56.0414 	 1 
56.1691 	 1 
56.1691 	 2 
56.3084 	 2 
56.4361 	 1 
56.4477 	 0 
56.5058 	 2 
56.6915 	 1 
56.7147 	 0 
56.7263 	 2 
56.9934 	 0 
57.3997 	 2 
57.3997 	 1 
57.5274 	 2 
57.5390 	 0 
57.6319 	 2 
57.9454 	 2 
58.0731 	 2 
58.0847 	 0 
58.3517 	 2 
58.3634 	 1 
58.4795 	 1 
58.4795 	 2 
58.6304 	 2 
58.6304 	 0 
58.8858 	 2 
58.8974 	 0 
59.0483 	 2 
59.1761 	 0 
59.1761 	 2 
59.4431 	 2 
59.4431 	 1 
59.5940 	 2 
59.7217 	 0 
59.7217 	 2 
59.9888 	 2 
60.1397 	 2 
60.2558 	 2 
60.2674 	 0 
60.3951 	 2 
60.6621 	 2 
60.8015 	 2 
60.8131 	 0 
60.9408 	 2 
61.0685 	 2 
61.0801 	 0 
61.3007 	 2 
61.6374 	 2 
61.7651 	 1 
61.8928 	 2 
61.9044 	 0 
62.1598 	 1 
62.1714 	 2 
62.3107 	 2 
62.4385 	 2 
62.4501 	 0 
62.7055 	 2 
62.7055 	 1 
62.8448 	 2 
62.8564 	 1 
62.9841 	 2 
62.9957 	 0 
63.2512 	 2 
63.2628 	 0 
63.2628 	 1 
63.4137 	 2 
63.5414 	 2 
63.5414 	 0 
63.8200 	 2 
63.9478 	 2 
64.0755 	 2 
64.0987 	 0 
64.3425 	 2 
64.3425 	 1 
64.4354 	 1 
64.4470 	 2 
64.5747 	 2 
64.6327 	 0 
64.7488 	 1 
64.8882 	 1 
65.1088 	 2 
65.1668 	 0 
65.2132 	 2 
65.4338 	 2 
65.7241 	 0 
66.0027 	 2 
66.1420 	 1 
66.2581 	 2 
66.2698 	 0 
66.5252 	 2 
66.6877 	 2 
66.7922 	 2 
66.8154 	 2 
66.8154 	 0 
67.0824 	 2 
67.2218 	 2 
67.3495 	 2 
67.3611 	 0 
67.6281 	 2 
67.6281 	 0 
67.7674 	 2 
67.7674 	 1 
67.9068 	 0 
67.9068 	 2 
68.1738 	 2 
68.3247 	 2 
68.4408 	 2 
68.4524 	 0 
68.7078 	 1 
68.7195 	 2 
68.9749 	 2 
68.9865 	 0 
69.1258 	 2 
69.3928 	 2 
69.5205 	 2 
69.5322 	 0 
69.6715 	 0 
69.7992 	 1 
69.7992 	 2 
69.7992 	 0 
70.1010 	 0 
70.3565 	 2 
70.5190 	 2 
70.8905 	 1 
70.8905 	 2 
71.0415 	 1 
71.0415 	 2 
71.4478 	 2 
71.4594 	 1 
71.5871 	 2 
72.0051 	 2 
72.1328 	 2 
72.1444 	 1 
72.5391 	 2 
72.5391 	 1 
72.6901 	 2 
73.0848 	 2 
73.0848 	 1 
73.2357 	 2 
73.6305 	 2 
73.6421 	 1 
73.7698 	 2 
74.1878 	 2 
74.3271 	 1 
74.3271 	 2 
74.7218 	 2 
74.8727 	 2 
75.2675 	 2 
75.4068 	 2 
75.8132 	 2 
75.9525 	 2 
76.3588 	 2 
76.5098 	 2 
76.9161 	 2 
77.0554 	 2 
77.4502 	 2 
77.5895 	 2 
77.7288 	 2 
77.9958 	 1 
77.9958 	 2 
78.7156 	 1 
78.7505 	 2 
78.8085 	 0 
79.0291 	 2 
79.0872 	 1 
79.2265 	 1 
79.3194 	 2 
79.3542 	 0 
79.5167 	 2 
79.6212 	 1 
79.7605 	 1 
79.7722 	 2 
79.8883 	 2 
79.8999 	 0 
80.1669 	 1 
80.1669 	 2 
80.3062 	 1 
80.4339 	 2 
80.4571 	 0 
80.7126 	 2 
80.7126 	 0 
80.7126 	 1 
80.8635 	 1 
80.9912 	 0 
81.0957 	 2 
81.2582 	 2 
81.3976 	 2 
81.3976 	 1 
81.5253 	 2 
81.5485 	 0 
81.6065 	 2 
81.7226 	 2 
81.9548 	 2 
82.0825 	 2 
82.0825 	 0 
82.2219 	 2 
82.3612 	 2 
82.4889 	 2 
82.4889 	 0 
82.6166 	 2 
82.6398 	 0 
82.7327 	 2 
82.8720 	 1 
82.8952 	 0 
83.0346 	 2 
83.1739 	 0 
83.3248 	 2 
83.5802 	 2 
83.5918 	 1 
83.7079 	 2 
83.7195 	 0 
84.1259 	 1 
84.2536 	 2 
84.2652 	 0 
84.5322 	 2 
84.6716 	 1 
84.6832 	 2 
84.7993 	 2 
84.8109 	 0 
85.0779 	 2 
85.0779 	 0 
85.2288 	 2 
85.3449 	 2 
85.3566 	 0 
85.5075 	 2 
85.7629 	 0 
85.7629 	 2 
85.9138 	 0 
85.9138 	 2 
86.0415 	 2 
86.1693 	 2 
86.1693 	 0 
86.2970 	 2 
86.4479 	 0 
86.5756 	 1 
86.7265 	 1 
86.8426 	 2 
86.9936 	 0 
87.1329 	 2 
87.2490 	 2 
87.2606 	 0 
87.5276 	 2 
87.5392 	 0 
87.6902 	 2 
87.7946 	 1 
87.8063 	 2 
87.9456 	 1 
88.0733 	 2 
88.0965 	 0 
88.3403 	 1 
88.3519 	 2 
88.4912 	 2 
88.6306 	 2 
88.6306 	 0 
88.8860 	 1 
88.8976 	 2 
89.0253 	 2 
89.0369 	 1 
89.1762 	 0 
89.1762 	 2 
89.4433 	 1 
89.4433 	 0 
89.4549 	 2 
89.5594 	 1 
89.5710 	 2 
89.7103 	 2 
89.7219 	 0 
90.0005 	 2 
90.2560 	 2 
90.2792 	 0 
90.5230 	 2 
90.8016 	 2 
90.8132 	 0 
91.0803 	 2 
91.2196 	 2 
91.3357 	 1 
91.3473 	 2 
91.3589 	 0 
91.6259 	 0 
91.6259 	 2 
91.7653 	 1 
91.7769 	 2 
91.9046 	 2 
91.9046 	 0 
92.0555 	 2 
92.1948 	 2 
92.3109 	 2 
92.4386 	 2 
92.4502 	 0 
92.5547 	 0 
92.7173 	 2 
92.8450 	 1 
92.9843 	 2 
92.9959 	 0 
93.2629 	 2 
93.4023 	 2 
93.5300 	 2 
93.5416 	 0 
93.8086 	 0 
93.8086 	 2 
93.9479 	 2 
93.9479 	 1 
94.0756 	 2 
94.0873 	 0 
94.3659 	 2 
94.4820 	 1 
94.4936 	 2 
94.6213 	 2 
94.6329 	 0 
94.8883 	 1 
94.8883 	 2 
95.0509 	 2 
95.1670 	 2 
95.1786 	 0 
95.3063 	 2 
95.5733 	 1 
95.5849 	 2 
95.7127 	 2 
95.7243 	 0 
95.8520 	 2 
95.9797 	 0 
95.9797 	 2 
95.9797 	 1 
96.2467 	 2 
96.2583 	 1 
96.2699 	 0 
96.3164 	 2 
96.4325 	 2 
96.5254 	 1 
96.5486 	 2 
96.6763 	 0 
96.6763 	 2 
96.6879 	 1 
96.8040 	 2 
96.8156 	 0 
96.9317 	 2 
97.0710 	 1 
97.0710 	 2 
97.2220 	 1 
97.2220 	 2 
97.3497 	 0 
97.3497 	 2 
97.5122 	 2 
97.6283 	 2 
97.6283 	 1 
97.7560 	 1 
97.8953 	 2 
97.9069 	 0 
98.0579 	 2 
98.1740 	 0 
98.2901 	 1 
98.3133 	 2 
98.4410 	 0 
98.4410 	 2 
98.7196 	 2 
98.8473 	 2 
98.8473 	 1 
98.9634 	 2 
99.0099 	 0 
99.1492 	 2 
99.2305 	 1 
99.5323 	 2 
99.5439 	 0 
99.6368 	 2 
99.6600 	 1 
99.7994 	 2 
99.9503 	 2 
100.0780 	 1 
100.1012 	 0 
100.1709 	 2 
100.3334 	 1 
100.3450 	 0 
100.3450 	 2 
100.5076 	 1 
100.5192 	 2 
100.6353 	 0 
100.6585 	 2 
100.7630 	 2 
100.9023 	 1 
101.0416 	 1 
101.1577 	 2 
101.1693 	 0 
101.2971 	 2 
101.5757 	 2 
101.7034 	 2 
101.7266 	 0 
101.9820 	 2 
102.1330 	 2 
102.2607 	 2 
102.2607 	 0 
102.5277 	 2 
102.5393 	 0 
102.6786 	 2 
102.7947 	 2 
102.8063 	 0 
102.9341 	 2 
103.0850 	 2 
103.2243 	 2 
103.3520 	 2 
103.3636 	 0 
103.6307 	 2 
103.7584 	 2 
103.8861 	 2 
103.9093 	 0 
104.0254 	 2 
104.1647 	 1 
104.3040 	 2 
104.4317 	 2 
104.4434 	 0 
104.5827 	 2 
104.7104 	 2 
104.8961 	 2 
104.9890 	 0 
105.0355 	 2 
105.2677 	 1 
105.3373 	 2 
105.4070 	 0 
105.4070 	 1 
105.5347 	 2 
105.5463 	 0 
105.7901 	 1 
105.8017 	 2 
105.9410 	 1 
106.0920 	 2 
106.0920 	 0 
106.3358 	 1 
106.3474 	 2 
106.4867 	 2 
106.4983 	 1 
106.6260 	 2 
106.6260 	 0 
106.8931 	 1 
106.8931 	 2 
106.9047 	 0 
107.0324 	 1 
107.0440 	 2 
107.1601 	 2 
107.1833 	 0 
107.4620 	 2 
107.5897 	 0 
107.5897 	 2 
107.7174 	 2 
107.7290 	 0 
107.9844 	 2 
108.2514 	 2 
108.2746 	 0 
108.4024 	 2 
108.5301 	 2 
108.6694 	 2 
108.7971 	 2 
108.8087 	 0 
109.0757 	 2 
109.0757 	 0 
109.2267 	 2 
109.3428 	 2 
109.3544 	 0 
109.6330 	 2 
109.7723 	 2 
109.7723 	 1 
109.8884 	 2 
109.9000 	 0 
110.1671 	 2 
110.3180 	 2 
110.4457 	 2 
110.4457 	 0 
110.7127 	 2 
110.8521 	 2 
110.9914 	 0 
110.9914 	 2 
111.2584 	 0 
111.2584 	 2 
111.3977 	 1 
111.4093 	 2 
111.5254 	 2 
111.5371 	 0 
111.6648 	 2 
111.8157 	 2 
111.9434 	 2 
111.9434 	 0 
112.0711 	 2 
112.0943 	 0 
112.3498 	 1 
112.3498 	 2 
112.6168 	 2 
112.6284 	 0 
112.7677 	 2 
113.0347 	 2 
113.1624 	 2 
113.1741 	 0 
113.3134 	 2 
113.4295 	 1 
113.4411 	 2 
113.8474 	 1 
114.0564 	 2 
114.2770 	 0 
115.3683 	 0 
115.6238 	 0 
115.6238 	 2 
115.8908 	 2 
116.1114 	 2 
116.2971 	 2 
116.4597 	 0 
116.5526 	 2 
116.9357 	 2 
117.4001 	 1 
117.5510 	 0 
117.8180 	 0 
117.8993 	 2 
118.4914 	 2 
118.6424 	 0 
119.7337 	 0 
119.9775 	 1 
119.9775 	 2 
119.9891 	 0 
120.1517 	 2 
120.8018 	 2 
120.8250 	 0 
121.9048 	 0 
122.1718 	 0 
123.0077 	 0 
123.2980 	 2 
123.4373 	 2 
123.5302 	 2 
123.9481 	 1 
124.0990 	 0 
124.3429 	 2 
124.3545 	 0 
124.6099 	 2 
125.0395 	 2 
125.1788 	 0 
125.4342 	 2 
126.2469 	 2 
126.5255 	 0 
126.9319 	 2 
127.3731 	 0 
127.6285 	 1 
127.7214 	 2 
128.3135 	 1 
128.3715 	 2 
128.4528 	 0 
128.7198 	 0 
128.7895 	 2 
128.9868 	 2 
129.2539 	 2 
129.2655 	 1 
129.5557 	 0 
129.8112 	 1 
130.4381 	 2 
130.6239 	 0 
130.9025 	 2 
130.9025 	 0 
131.1695 	 0 
131.3437 	 2 
131.4598 	 1 
131.5875 	 2 
131.5875 	 1 
131.7152 	 0 
131.8197 	 2 
131.8313 	 1 
131.9938 	 1 
132.1332 	 1 
132.2609 	 0 
132.5279 	 2 
132.5511 	 1 
132.6788 	 1 
132.8065 	 0 
133.0155 	 2 
133.0852 	 0 
133.0852 	 1 
133.2245 	 2 
133.3406 	 2 
133.3522 	 0 
133.6308 	 1 
133.7702 	 1 
133.8979 	 0 
134.1649 	 2 
134.3042 	 1 
134.4319 	 2 
134.4435 	 0 
134.5712 	 1 
134.7106 	 2 
134.7222 	 1 
134.8615 	 1 
134.9776 	 2 
134.9892 	 0 
135.2562 	 0 
135.2562 	 1 
135.2562 	 2 
135.4072 	 2 
135.4188 	 1 
135.5349 	 0 
135.8019 	 1 
135.9412 	 1 
136.0805 	 0 
136.1850 	 2 
136.3011 	 2 
136.4869 	 1 
136.4985 	 2 
136.6262 	 0 
136.8932 	 2 
136.8932 	 1 
137.0442 	 1 
137.1603 	 2 
137.1719 	 0 
137.4505 	 0 
137.4505 	 2 
137.5898 	 1 
137.6015 	 2 
137.7059 	 2 
137.7176 	 0 
137.9962 	 1 
138.1355 	 1 
138.2632 	 0 
138.5302 	 1 
138.6812 	 1 
138.8089 	 0 
139.0759 	 2 
139.2268 	 0 
139.3546 	 0 
139.4358 	 2 
139.6216 	 0 
139.6912 	 2 
139.7957 	 2 
139.9002 	 0 
140.1673 	 2 
140.1789 	 1 
140.3066 	 2 
140.3182 	 1 
140.4459 	 0 
140.7129 	 2 
140.7245 	 1 
140.8522 	 1 
140.8522 	 2 
140.9916 	 0 
141.1541 	 1 
141.1657 	 2 
141.3979 	 2 
141.3979 	 1 
141.5372 	 0 
141.7927 	 2 
141.7927 	 1 
141.8043 	 0 
141.9552 	 2 
142.0829 	 2 
142.0829 	 0 
142.3499 	 2 
142.3615 	 1 
142.4893 	 1 
142.6286 	 0 
142.6286 	 2 
142.8956 	 2 
142.9072 	 1 
143.0349 	 2 
143.0349 	 1 
143.1742 	 0 
143.3020 	 2 
143.4413 	 2 
143.4529 	 1 
143.5690 	 2 
143.5922 	 1 
143.6967 	 2 
143.7199 	 0 
143.9869 	 2 
143.9869 	 0 
143.9869 	 1 
144.1379 	 2 
144.1379 	 1 
144.2656 	 2 
144.2656 	 0 
144.3933 	 2 
144.5442 	 1 
144.6719 	 1 
144.6835 	 2 
144.8112 	 0 
145.0783 	 2 
145.0899 	 1 
145.2176 	 2 
145.2292 	 1 
145.3453 	 2 
145.3569 	 0 
145.6239 	 2 
145.6356 	 1 
145.7749 	 1 
145.8910 	 2 
145.9026 	 0 
146.1696 	 0 
146.1696 	 2 
146.1696 	 1 
146.3089 	 1 
146.3205 	 2 
146.4483 	 0 
146.4483 	 2 
146.7269 	 1 
146.8546 	 1 
146.9939 	 0 
147.2610 	 1 
147.2610 	 2 
147.4003 	 2 
147.4003 	 1 
147.5280 	 2 
147.5396 	 0 
147.6673 	 1 
147.8066 	 1 
147.8182 	 2 
147.9459 	 2 
148.0737 	 2 
148.0737 	 0 
148.2130 	 2 
148.2246 	 1 
148.3523 	 2 
148.3523 	 0 
148.6193 	 2 
148.6309 	 0 
148.7122 	 2 
148.8863 	 1 
148.8980 	 2 
149.0373 	 1 
149.0373 	 2 
149.1650 	 0 
149.4436 	 1 
149.4436 	 2 
149.5713 	 1 
149.6990 	 2 
149.7107 	 0 
149.9893 	 1 
149.9893 	 2 
150.1170 	 2 
150.1286 	 1 
150.2679 	 0 
150.3840 	 2 
150.5350 	 0 
150.5350 	 2 
150.6859 	 2 
150.6859 	 1 
150.8020 	 2 
150.8020 	 0 
151.0806 	 2 
151.0922 	 1 
151.2200 	 1 
151.3593 	 0 
151.6147 	 2 
151.6379 	 1 
151.7656 	 1 
151.8933 	 0 
152.0210 	 1 
152.1488 	 1 
152.1604 	 2 
152.4390 	 0 
152.5551 	 2 
152.7060 	 1 
152.7060 	 0 
152.8570 	 2 
152.9847 	 0 
153.2633 	 2 
153.2749 	 1 
153.4026 	 1 
153.5420 	 0 
153.7974 	 2 
153.8206 	 1 
153.9483 	 1 
153.9483 	 2 
154.0644 	 2 
154.0760 	 0 
154.3082 	 2 
154.4940 	 1 
154.5404 	 2 
154.6217 	 0 
154.9003 	 1 
154.9003 	 0 
154.9003 	 2 
155.0396 	 1 
155.0396 	 2 
155.1673 	 0 
155.1673 	 2 
155.5853 	 1 
155.7130 	 0 
155.9917 	 0 
156.1194 	 1 
156.2587 	 0 
156.3980 	 1 
156.7927 	 1 
156.7927 	 2 
156.8044 	 0 
156.9437 	 1 
156.9437 	 2 
157.0714 	 2 
157.0830 	 0 
157.3384 	 2 
157.3500 	 0 
157.7680 	 1 
157.8957 	 0 
158.1743 	 1 
158.1859 	 2 
158.3020 	 1 
158.4414 	 0 
158.7084 	 2 
158.7200 	 1 
158.8477 	 2 
158.8593 	 1 
158.8593 	 0 
158.9870 	 0 
159.1263 	 2 
159.2541 	 2 
159.2657 	 0 
159.4050 	 2 
159.4166 	 1 
159.5327 	 0 
159.5327 	 2 
159.8113 	 1 
159.8113 	 2 
159.9507 	 2 
159.9507 	 1 
160.0668 	 2 
160.0784 	 0 
160.3454 	 2 
160.3570 	 1 
160.4847 	 2 
160.4963 	 1 
160.6240 	 0 
160.8795 	 2 
160.8911 	 1 
161.1581 	 2 
161.1697 	 0 
161.2858 	 2 
161.4251 	 2 
161.4367 	 1 
161.4367 	 0 
161.5877 	 2 
161.5877 	 1 
161.7154 	 0 
161.9940 	 1 
162.1333 	 1 
162.2610 	 0 
162.5397 	 0 
162.5397 	 1 
162.6790 	 1 
162.6790 	 2 
162.8067 	 0 
163.0621 	 2 
163.2247 	 1 
163.2247 	 0 
163.3059 	 2 
163.3524 	 0 
163.6194 	 2 
163.6194 	 1 
163.6310 	 0 
163.7703 	 1 
163.7703 	 2 
163.8980 	 0 
163.8980 	 2 
164.1883 	 1 
164.3160 	 1 
164.4437 	 0 
164.7107 	 2 
164.8501 	 1 
164.9778 	 2 
164.9894 	 0 
165.2680 	 1 
165.2680 	 2 
165.5234 	 2 
165.5351 	 0 
165.6744 	 1 
165.6744 	 2 
165.8021 	 0 
165.8021 	 2 
165.8137 	 1 
165.9530 	 2 
166.0807 	 0 
166.1388 	 1 
166.3361 	 1 
166.3478 	 2 
166.6148 	 0 
166.6264 	 1 
166.8934 	 2 
167.0444 	 1 
167.1605 	 2 
167.1721 	 0 
167.2998 	 1 
167.4391 	 1 
167.4507 	 2 
167.5784 	 1 
167.7177 	 0 
167.9848 	 1 
167.9848 	 2 
167.9848 	 0 
168.2518 	 2 
168.2634 	 0 
168.5188 	 2 
168.6698 	 1 
168.8091 	 0 
169.2154 	 1 
169.2270 	 2 
169.3431 	 2 
169.3547 	 0 
169.5521 	 2 
169.7495 	 2 
169.8888 	 2 
169.8888 	 0 
170.1674 	 2 
170.3184 	 2 
170.4345 	 2 
170.4461 	 0 
170.7131 	 2 
170.8408 	 2 
170.8524 	 0 
170.8640 	 2 
170.9801 	 2 
170.9917 	 0 
171.2472 	 2 
171.4097 	 2 
171.5142 	 2 
171.5258 	 0 
171.7928 	 2 
171.9322 	 2 
172.0715 	 2 
172.0831 	 0 
172.3385 	 2 
172.3501 	 0 
172.4894 	 2 
172.6171 	 2 
172.6288 	 0 
173.0351 	 1 
173.1744 	 0 
173.4415 	 2 
173.7085 	 0 
173.7085 	 2 
174.1380 	 1 
174.2425 	 2 
174.2541 	 0 
174.5328 	 2 
174.8114 	 0 
174.8463 	 1 
175.0552 	 2 
175.2062 	 1 
175.2178 	 2 
175.3223 	 1 
175.3455 	 0 
175.8912 	 2 
175.8912 	 0 
176.4368 	 0 
176.5994 	 1 
176.7039 	 2 
176.7155 	 0 
176.8664 	 1 
176.9709 	 1 
176.9825 	 0 
177.2495 	 2 
177.2495 	 1 
177.5398 	 0 
177.8068 	 1 
178.0622 	 2 
178.0854 	 0 
178.4686 	 1 
178.4802 	 2 
178.6195 	 2 
178.6195 	 0 
178.8865 	 1 
179.0375 	 2 
179.1652 	 0 
179.4438 	 2 
179.5831 	 2 
179.7108 	 0 
179.9779 	 2 
179.9779 	 1 
180.2449 	 2 
180.2565 	 0 
180.5119 	 1 
180.5235 	 2 
180.7906 	 2 
180.8138 	 0 
181.0692 	 2 
181.3478 	 0 
181.6265 	 2 
181.7658 	 2 
181.8935 	 0 
182.3115 	 2 
182.4392 	 0 
182.5901 	 2 
182.7294 	 2 
182.8455 	 1 
182.9849 	 0 
182.9849 	 2 
183.2519 	 2 
184.0762 	 1 
184.3432 	 1 
185.4346 	 1 
186.2705 	 1 
186.5375 	 1 
186.9322 	 1 
187.2225 	 1 
187.6288 	 1 
188.5809 	 2 
188.7202 	 1 
189.5329 	 2 
192.2612 	 0 
192.5399 	 1 
192.5399 	 2 
192.6792 	 1 
192.8069 	 0 
193.0739 	 1 
193.3526 	 0 
193.6196 	 2 
193.6312 	 1 
193.8866 	 2 
193.8982 	 0 
194.1653 	 2 
194.1653 	 1 
194.3278 	 2 
194.3278 	 1 
194.4439 	 0 
194.7341 	 1 
194.8502 	 2 
194.8619 	 1 
194.9896 	 0 
195.2682 	 1 
195.4075 	 1 
195.5352 	 0 
195.6629 	 2 
195.6746 	 0 
195.8023 	 2 
195.8139 	 1 
195.9416 	 1 
196.0693 	 2 
196.0809 	 0 
196.3363 	 2 
196.3595 	 0 
196.4873 	 1 
196.4989 	 2 
196.6150 	 2 
196.6266 	 0 
196.9052 	 2 
197.1606 	 2 
197.1722 	 1 
197.1722 	 0 
197.4509 	 1 
197.5902 	 2 
197.5902 	 1 
197.7179 	 0 
197.9849 	 2 
197.9966 	 1 
198.1359 	 1 
198.2520 	 2 
198.2636 	 0 
198.5190 	 1 
198.5422 	 2 
198.6815 	 2 
198.8093 	 0 
199.0879 	 2 
199.2272 	 2 
199.3433 	 0 
199.6220 	 2 
199.8890 	 2 
199.9006 	 0 
200.0399 	 2 
200.0399 	 0 
200.1676 	 1 
200.3069 	 2 
200.4346 	 1 
200.4346 	 2 
200.4463 	 0 
200.5740 	 1 
200.7017 	 2 
200.7249 	 0 
200.8526 	 1 
200.9919 	 0 
201.2357 	 1 
201.4099 	 1 
201.5376 	 0 
201.5376 	 2 
201.8046 	 2 
201.8162 	 1 
201.9323 	 1 
202.0833 	 0 
202.3503 	 2 
202.3503 	 1 
202.4896 	 1 
202.4896 	 2 
202.6289 	 0 
202.6986 	 2 
202.8960 	 2 
202.9076 	 0 
203.0469 	 1 
203.1049 	 2 
203.1746 	 0 
203.4532 	 1 
203.4532 	 2 
203.7203 	 0 
204.1266 	 2 
204.1382 	 1 
204.2311 	 2 
204.2659 	 0 
204.5214 	 1 
204.5330 	 2 
204.7884 	 2 
204.8000 	 0 
204.9509 	 2 
205.0786 	 0 
205.0786 	 1 
205.1019 	 2 
205.2180 	 1 
205.2296 	 2 
205.3457 	 2 
205.3573 	 0 
205.6243 	 2 
205.7636 	 1 
205.9029 	 0 
206.1584 	 2 
206.3093 	 2 
206.3209 	 1 
206.4370 	 0 
206.4486 	 2 
206.6692 	 2 
206.8898 	 2 
206.9943 	 0 
207.2613 	 0 
207.2613 	 2 
207.4006 	 1 
207.4122 	 2 
207.5283 	 2 
207.5283 	 0 
207.8186 	 2 
207.8302 	 1 
207.9579 	 2 
208.0856 	 2 
208.0856 	 0 
208.3410 	 2 
208.4920 	 2 
208.5036 	 1 
208.6197 	 2 
208.6313 	 0 
208.7590 	 2 
208.7706 	 0 
208.8983 	 2 
209.0376 	 2 
209.1537 	 2 
209.1654 	 0 
209.3047 	 2 
209.4440 	 0 
209.4440 	 2 
209.7110 	 2 
209.7110 	 0 
209.8503 	 2 
210.0013 	 2 
210.1290 	 2 
210.1290 	 1 
210.2567 	 0 
210.5353 	 1 
210.5469 	 2 
210.6746 	 1 
210.8024 	 2 
210.8024 	 0 
211.0694 	 2 
211.0810 	 1 
211.2203 	 1 
211.2319 	 2 
211.3480 	 0 
211.4409 	 2 
211.6267 	 0 
211.6267 	 1 
211.7776 	 2 
211.7776 	 1 
211.8937 	 0 
212.1723 	 2 
212.3117 	 1 
212.4394 	 0 
212.7064 	 1 
212.8573 	 1 
212.9850 	 0 
212.9850 	 2 
213.2288 	 2 
213.2405 	 1 
213.5191 	 2 
213.5307 	 0 
213.6816 	 2 
213.8093 	 1 
213.8093 	 0 
213.9487 	 2 
214.0764 	 0 
214.3666 	 1 
214.4943 	 1 
214.6220 	 2 
214.6337 	 0 
214.8891 	 2 
215.0284 	 1 
215.0400 	 2 
215.1561 	 2 
215.1677 	 0 
215.4231 	 2 
215.5857 	 1 
215.6205 	 2 
215.7250 	 0 
215.9804 	 2 
215.9920 	 0 
216.1313 	 2 
216.1429 	 1 
216.2474 	 2 
216.2590 	 0 
216.5493 	 1 
216.6654 	 2 
216.8047 	 2 
216.8163 	 0 
217.0717 	 2 
217.3504 	 0 
217.3504 	 2 
217.4897 	 2 
217.6290 	 1 
217.7567 	 2 
217.8844 	 2 
217.8961 	 0 
218.0354 	 2 
218.1631 	 0 
218.1747 	 2 
218.4301 	 2 
218.4417 	 0 
218.5810 	 2 
218.7088 	 2 
218.7204 	 1 
218.8597 	 2 
218.8597 	 1 
218.9874 	 0 
218.9874 	 2 
219.2660 	 1 
219.2660 	 2 
219.4054 	 1 
219.5215 	 2 
219.5331 	 0 
219.8001 	 2 
219.8117 	 1 
219.9394 	 2 
219.9510 	 1 
220.0787 	 0 
220.1600 	 2 
220.3574 	 2 
220.3574 	 0 
220.5083 	 1 
220.5663 	 2 
220.6244 	 0 
220.9146 	 2 
220.9146 	 1 
221.1585 	 2 
221.1701 	 0 
221.4487 	 2 
221.5880 	 2 
221.5880 	 1 
221.6925 	 2 
221.7157 	 0 
221.8551 	 1 
221.9828 	 2 
221.9944 	 1 
222.2498 	 2 
222.2614 	 0 
222.4007 	 2 
222.5284 	 1 
222.5400 	 0 
222.5517 	 2 
222.6794 	 2 
222.8071 	 0 
222.8071 	 2 
223.0857 	 2 
223.2250 	 1 
223.2366 	 2 
223.3527 	 0 
223.6198 	 2 
223.7591 	 1 
223.7707 	 2 
223.8868 	 2 
223.8984 	 0 
224.1306 	 2 
224.3396 	 2 
224.4441 	 0 
224.7111 	 2 
224.7227 	 0 
224.8620 	 1 
224.8620 	 2 
224.9781 	 2 
224.9898 	 0 
225.2684 	 2 
225.2684 	 1 
225.4077 	 2 
225.5238 	 2 
225.5354 	 0 
225.8024 	 2 
225.9534 	 2 
225.9534 	 1 
226.0695 	 2 
226.0811 	 0 
226.2088 	 2 
226.2320 	 0 
226.3713 	 2 
226.4990 	 2 
226.6151 	 2 
226.6268 	 0 
226.7661 	 2 
226.8938 	 0 
226.9054 	 1 
226.9054 	 2 
227.1608 	 2 
227.1724 	 0 
227.3001 	 2 
227.4511 	 2 
227.5904 	 1 
227.7181 	 0 
227.9851 	 1 
227.9967 	 2 
228.1361 	 1 
228.2522 	 2 
228.2638 	 0 
228.5308 	 2 
228.5424 	 1 
228.6701 	 1 
228.6817 	 2 
228.8094 	 0 
228.8907 	 2 
229.0184 	 2 
229.0881 	 0 
229.2274 	 1 
229.2274 	 2 
229.3551 	 0 
229.6337 	 1 
229.6337 	 2 
229.7615 	 1 
229.9008 	 0 
230.0285 	 2 
230.3187 	 1 
230.4348 	 2 
230.4464 	 0 
230.6902 	 2 
230.6902 	 1 
230.9689 	 2 
230.9921 	 0 
231.1198 	 2 
231.2591 	 1 
231.2591 	 0 
231.2707 	 2 
231.4101 	 2 
231.4101 	 1 
231.5378 	 0 
231.8164 	 1 
231.9557 	 1 
232.0718 	 2 
232.0834 	 0 
232.3505 	 2 
232.4898 	 2 
232.4898 	 1 
232.6291 	 0 
232.8729 	 2 
233.0355 	 1 
233.0703 	 2 
233.1283 	 2 
233.1748 	 0 
233.4302 	 2 
233.4418 	 0 
233.5811 	 1 
233.5927 	 2 
233.7088 	 2 
233.7205 	 0 
233.9991 	 1 
233.9991 	 2 
234.2661 	 0 
234.2661 	 2 
234.5215 	 2 
234.6725 	 1 
234.6841 	 2 
234.8118 	 0 
235.0788 	 2 
235.2065 	 2 
235.3342 	 2 
235.3459 	 0 
235.4968 	 2 
235.6245 	 2 
235.6245 	 0 
236.0424 	 1 
236.4720 	 0 
236.7158 	 2 
237.3892 	 2 
237.5401 	 0 
237.6098 	 2 
237.8072 	 0 
238.0161 	 2 
238.6431 	 0 
239.4442 	 2 
239.7228 	 0 
239.8389 	 2 
240.0015 	 0 
240.6748 	 2 
240.8258 	 0 
241.3482 	 2 
241.5920 	 2 
241.8939 	 0 
242.1725 	 0 
243.0084 	 0 
244.0766 	 0 
244.3436 	 2 
244.3552 	 0 
245.0402 	 2 
245.1795 	 0 
245.4581 	 2 
246.1315 	 2 
246.2824 	 0 
246.3521 	 2 
246.5379 	 0 
246.6191 	 2 
246.8746 	 1 
247.3622 	 0 
248.1400 	 2 
248.4535 	 0 
248.5580 	 2 
248.5696 	 1 
248.7205 	 0 
249.2894 	 1 
249.5565 	 0 
250.0673 	 2 
250.3343 	 2 
250.5898 	 2 
250.9032 	 0 
251.7391 	 0 
252.8073 	 0 
253.0859 	 0 
253.4922 	 2 
253.9218 	 0 
254.1772 	 2 
254.8506 	 2 
255.0712 	 2 
255.2105 	 2 
255.2686 	 0 
255.4659 	 2 
255.7330 	 2 
256.1045 	 0 
256.5921 	 2 
256.8940 	 2 
257.2887 	 2 
257.4512 	 0 
258.2872 	 0 
258.7980 	 2 
259.0418 	 2 
259.6339 	 0 
262.5016 	 2 
262.9079 	 2 
263.0124 	 2 
263.5813 	 2 
263.8135 	 2 
265.2532 	 1 
265.3925 	 2 
265.6015 	 2 
265.6015 	 1 
266.0310 	 2 
266.7392 	 1 
267.7725 	 2 
