0.0116 	 1 
11.6100 	 1 
18.3089 	 1 
18.4366 	 1 
18.5644 	 1 
18.6688 	 1 
18.7733 	 1 
18.9010 	 1 
19.0055 	 1 
19.1449 	 1 
19.2261 	 1 
19.4815 	 1 
20.4103 	 0 
20.8747 	 0 
21.0257 	 2 
21.3507 	 2 
21.3507 	 0 
21.5133 	 2 
21.6642 	 2 
21.9777 	 2 
21.9777 	 0 
22.1402 	 2 
22.2912 	 2 
22.6046 	 2 
22.7672 	 2 
22.9297 	 2 
22.9297 	 0 
23.2200 	 1 
23.3941 	 2 
23.4057 	 0 
23.5566 	 2 
23.8701 	 0 
23.8701 	 2 
24.0327 	 2 
24.1952 	 2 
24.5087 	 2 
24.5087 	 0 
24.7757 	 2 
25.2169 	 1 
25.4491 	 2 
25.4491 	 0 
25.5884 	 2 
25.7741 	 2 
25.9251 	 0 
25.9251 	 2 
26.0760 	 2 
26.2037 	 2 
26.4011 	 2 
26.4011 	 0 
26.5404 	 2 
26.6565 	 2 
26.7610 	 2 
27.0280 	 0 
27.0280 	 2 
27.1906 	 2 
27.3531 	 2 
27.5040 	 2 
27.5040 	 0 
27.6666 	 2 
27.8291 	 2 
27.9800 	 2 
27.9800 	 0 
28.2935 	 2 
28.4561 	 2 
28.4561 	 0 
28.6070 	 2 
28.9205 	 2 
28.9321 	 0 
29.0830 	 2 
29.2455 	 2 
29.5590 	 2 
29.5590 	 0 
29.7215 	 2 
29.8725 	 2 
30.1163 	 2 
30.2556 	 2 
30.5110 	 0 
30.5110 	 2 
30.8245 	 2 
30.9870 	 2 
30.9870 	 0 
31.1380 	 2 
31.3005 	 2 
31.4514 	 0 
31.4630 	 2 
31.6140 	 2 
31.7649 	 2 
32.0900 	 2 
32.0900 	 0 
32.2409 	 2 
32.4034 	 2 
32.7169 	 2 
32.8795 	 2 
33.0304 	 0 
33.0304 	 2 
33.3439 	 2 
33.5064 	 2 
33.5064 	 0 
33.6573 	 2 
33.9824 	 0 
33.9824 	 2 
34.1333 	 2 
34.2959 	 2 
34.6093 	 2 
34.6093 	 0 
34.7719 	 2 
34.8415 	 1 
34.9228 	 1 
34.9344 	 2 
35.2363 	 2 
35.2943 	 1 
35.3988 	 2 
35.4337 	 1 
35.5614 	 0 
35.8748 	 2 
36.0374 	 0 
36.0374 	 2 
36.1883 	 2 
36.5018 	 2 
36.5018 	 0 
36.6527 	 2 
36.8268 	 2 
37.1287 	 2 
37.1403 	 0 
37.4422 	 2 
37.6163 	 0 
37.6163 	 2 
37.8485 	 2 
37.9646 	 2 
38.0807 	 2 
38.0923 	 0 
38.4058 	 2 
38.5683 	 0 
38.5683 	 2 
38.7193 	 2 
38.8586 	 2 
39.0327 	 2 
39.0327 	 0 
39.1837 	 2 
39.3462 	 2 
39.6597 	 2 
39.7642 	 1 
39.8222 	 2 
39.9848 	 2 
40.2982 	 2 
40.4608 	 2 
40.6117 	 0 
40.6117 	 2 
40.9252 	 2 
41.0877 	 2 
41.0877 	 0 
41.2502 	 2 
41.5521 	 2 
41.5637 	 0 
41.7146 	 2 
41.8772 	 2 
41.9352 	 1 
41.9933 	 2 
42.1907 	 0 
42.1907 	 2 
42.3532 	 2 
42.4461 	 0 
42.5041 	 2 
42.7131 	 2 
42.8292 	 2 
42.9801 	 2 
43.1311 	 2 
43.1427 	 0 
43.4561 	 2 
43.6071 	 2 
43.6071 	 0 
43.7696 	 2 
43.8973 	 2 
44.0134 	 2 
44.0831 	 0 
44.0947 	 2 
44.1876 	 2 
44.2572 	 2 
44.3966 	 2 
44.7216 	 2 
44.7216 	 0 
44.8610 	 2 
45.0351 	 1 
45.4182 	 1 
45.4879 	 2 
45.5459 	 1 
45.6620 	 0 
45.6620 	 2 
45.9871 	 2 
46.1380 	 2 
46.1380 	 0 
46.2890 	 2 
46.4399 	 1 
46.6024 	 2 
46.6141 	 0 
46.7650 	 2 
47.2410 	 0 
47.2410 	 2 
47.4035 	 2 
47.5545 	 2 
47.7170 	 0 
47.7170 	 2 
47.8447 	 2 
48.0305 	 2 
48.1930 	 0 
48.1930 	 2 
48.5065 	 2 
48.6690 	 2 
48.6690 	 0 
48.8200 	 2 
49.1334 	 2 
49.1450 	 0 
49.2960 	 2 
49.4585 	 2 
49.7720 	 0 
49.7720 	 2 
49.9229 	 2 
50.0854 	 2 
50.3989 	 2 
50.5615 	 2 
50.7124 	 2 
50.7240 	 0 
51.0375 	 2 
51.1884 	 0 
51.1884 	 2 
51.3509 	 2 
51.6644 	 2 
51.6644 	 0 
51.8269 	 2 
51.9779 	 2 
52.0591 	 2 
52.2913 	 2 
52.3029 	 0 
52.4539 	 2 
52.6164 	 2 
52.9299 	 2 
53.0808 	 1 
53.1040 	 2 
53.2434 	 0 
53.2434 	 2 
53.5568 	 2 
53.7194 	 2 
53.7194 	 0 
53.8703 	 2 
54.1838 	 2 
54.1954 	 0 
54.5088 	 2 
54.8223 	 0 
54.8223 	 2 
54.9849 	 2 
55.1242 	 1 
55.1474 	 2 
55.4493 	 2 
55.6234 	 2 
55.7743 	 2 
55.7743 	 0 
56.0878 	 2 
56.2387 	 0 
56.2387 	 2 
56.4013 	 2 
56.7147 	 2 
56.7147 	 0 
56.8657 	 2 
57.0282 	 2 
57.3417 	 2 
57.3533 	 0 
57.5042 	 2 
57.6668 	 2 
57.8177 	 0 
57.8293 	 2 
57.9802 	 2 
58.0499 	 1 
58.1428 	 2 
58.2937 	 0 
58.2937 	 2 
58.6072 	 2 
58.7697 	 0 
58.7697 	 2 
58.9206 	 2 
59.2457 	 2 
59.2457 	 0 
59.3966 	 2 
59.5708 	 2 
60.8247 	 2 
60.8363 	 0 
61.2078 	 1 
61.3007 	 0 
61.3007 	 2 
61.4632 	 2 
61.7651 	 0 
62.4036 	 2 
62.4036 	 0 
62.7287 	 2 
63.3440 	 2 
63.3556 	 0 
63.6691 	 2 
63.8200 	 0 
63.8200 	 2 
63.9942 	 2 
64.0058 	 1 
64.2961 	 2 
64.2961 	 0 
64.4586 	 2 
64.6211 	 2 
64.9230 	 0 
64.9230 	 2 
65.0855 	 2 
65.2481 	 1 
65.2597 	 2 
65.5499 	 2 
65.6196 	 1 
65.7473 	 1 
65.8750 	 0 
65.8750 	 2 
66.1885 	 2 
66.3510 	 2 
66.3510 	 0 
66.5020 	 2 
66.7458 	 1 
66.7690 	 1 
66.8270 	 2 
66.8270 	 0 
67.0476 	 1 
67.1521 	 1 
67.4540 	 0 
67.4540 	 2 
67.6165 	 2 
67.7790 	 2 
67.9300 	 2 
67.9300 	 0 
68.0925 	 2 
68.2434 	 2 
68.4060 	 2 
68.4060 	 0 
68.7195 	 2 
68.8704 	 0 
68.8704 	 2 
69.0329 	 2 
69.3464 	 2 
69.3464 	 0 
69.5089 	 2 
69.6715 	 1 
69.6715 	 2 
69.9733 	 2 
69.9733 	 0 
70.1359 	 2 
70.2636 	 1 
70.3216 	 2 
70.6119 	 2 
70.7628 	 2 
70.9254 	 0 
70.9254 	 2 
71.2388 	 2 
71.4014 	 2 
71.4014 	 0 
71.5755 	 2 
71.8774 	 2 
71.8774 	 0 
72.0283 	 2 
72.5043 	 2 
72.5043 	 0 
72.6668 	 2 
72.8294 	 2 
73.4563 	 2 
73.4679 	 0 
73.7930 	 2 
73.9323 	 0 
73.9323 	 2 
74.0949 	 2 
74.3967 	 0 
74.4083 	 2 
74.7218 	 2 
75.0353 	 2 
75.0353 	 0 
75.1978 	 2 
75.3604 	 1 
75.3720 	 2 
75.6622 	 2 
75.8248 	 2 
75.9873 	 0 
75.9873 	 2 
76.2892 	 2 
76.4517 	 0 
76.4633 	 2 
76.6259 	 2 
76.9277 	 2 
76.9277 	 0 
77.0902 	 2 
77.2412 	 2 
77.4153 	 2 
77.5663 	 0 
77.5663 	 2 
77.7172 	 2 
77.8913 	 2 
78.0307 	 0 
78.0423 	 2 
78.1932 	 2 
78.3557 	 2 
78.5067 	 0 
78.5067 	 2 
78.8201 	 2 
78.9827 	 2 
78.9827 	 0 
79.1452 	 2 
79.4471 	 2 
79.4587 	 0 
79.6096 	 2 
79.7838 	 2 
80.0856 	 2 
80.2482 	 2 
80.3991 	 1 
80.4223 	 0 
80.4223 	 2 
80.7126 	 2 
80.8751 	 2 
80.8983 	 1 
81.0376 	 2 
81.0376 	 0 
81.2698 	 1 
81.3511 	 2 
81.5020 	 2 
81.5137 	 0 
81.6762 	 2 
81.9780 	 0 
81.9780 	 2 
82.1406 	 2 
82.2915 	 1 
82.2915 	 2 
82.6166 	 0 
82.6166 	 2 
82.9417 	 2 
83.5570 	 2 
83.5686 	 0 
83.8705 	 2 
84.0330 	 2 
84.0330 	 0 
84.1956 	 2 
84.5090 	 0 
84.5206 	 2 
84.6600 	 2 
84.8225 	 2 
85.1360 	 2 
85.1476 	 0 
85.3101 	 2 
85.4494 	 1 
85.4727 	 2 
85.7745 	 2 
85.7977 	 1 
85.9371 	 0 
85.9951 	 1 
86.0880 	 0 
86.0880 	 2 
86.4015 	 1 
86.5524 	 2 
86.5640 	 0 
86.7149 	 2 
87.0400 	 0 
87.6553 	 2 
87.6553 	 0 
87.8179 	 2 
87.9804 	 2 
88.1429 	 0 
88.3055 	 2 
88.4564 	 2 
88.6073 	 2 
88.6190 	 0 
88.9324 	 2 
89.0834 	 2 
89.0834 	 0 
89.2575 	 2 
89.5594 	 2 
89.5594 	 0 
89.7219 	 2 
89.8844 	 2 
90.1863 	 2 
90.1979 	 0 
90.3488 	 2 
90.5230 	 2 
90.5346 	 1 
90.7204 	 2 
90.8249 	 2 
90.9758 	 2 
90.9990 	 1 
91.0222 	 1 
91.1383 	 2 
91.1383 	 0 
91.4518 	 2 
91.6143 	 0 
91.6143 	 2 
91.7653 	 2 
92.0903 	 2 
92.0903 	 0 
92.2413 	 2 
92.4154 	 2 
92.5547 	 2 
92.7173 	 0 
92.7173 	 2 
92.8798 	 1 
93.0307 	 2 
93.3558 	 2 
93.5184 	 2 
93.6693 	 0 
93.6693 	 2 
93.8086 	 2 
93.9828 	 2 
94.1453 	 2 
94.1453 	 0 
94.3078 	 2 
94.6097 	 2 
94.6097 	 0 
94.7839 	 2 
94.9348 	 2 
95.0741 	 2 
95.2483 	 2 
95.2483 	 0 
95.4108 	 2 
95.5617 	 1 
95.5849 	 2 
95.8752 	 2 
95.8984 	 1 
96.0377 	 2 
96.0493 	 1 
96.2003 	 2 
96.2003 	 0 
96.5021 	 1 
96.5021 	 2 
96.6647 	 0 
96.6647 	 2 
96.8272 	 2 
97.1407 	 0 
97.1407 	 2 
97.2916 	 2 
97.4658 	 2 
97.7676 	 0 
97.7676 	 2 
97.9302 	 2 
98.0927 	 2 
98.2436 	 2 
98.2436 	 0 
98.4062 	 2 
98.5571 	 2 
98.7196 	 0 
98.7196 	 2 
99.0331 	 2 
99.1956 	 0 
99.1956 	 2 
99.3466 	 2 
99.5323 	 2 
99.6717 	 0 
99.6717 	 2 
99.8226 	 2 
99.9967 	 2 
100.2986 	 2 
100.4611 	 2 
100.6121 	 2 
100.6121 	 1 
100.8559 	 1 
100.9139 	 2 
100.9836 	 1 
101.0997 	 1 
101.2390 	 0 
101.2390 	 2 
101.3667 	 2 
101.7150 	 0 
102.1910 	 0 
102.5161 	 0 
102.8296 	 0 
103.7700 	 0 
103.7700 	 2 
104.0951 	 0 
104.2460 	 0 
104.7220 	 0 
105.3489 	 0 
105.8946 	 1 
106.2893 	 2 
106.3010 	 0 
106.7654 	 0 
107.2414 	 0 
107.5664 	 0 
107.8799 	 0 
107.8799 	 2 
108.3559 	 0 
108.8203 	 2 
108.8319 	 0 
109.1454 	 0 
109.2963 	 0 
109.7723 	 0 
111.3513 	 2 
111.3513 	 0 
111.8273 	 0 
112.2917 	 0 
112.9302 	 0 
113.8707 	 2 
113.8823 	 0 
114.3467 	 0 
114.8227 	 0 
115.4496 	 0 
115.4496 	 2 
116.0998 	 1 
117.7484 	 1 
119.5131 	 1 
119.6408 	 1 
119.8614 	 1 
119.9543 	 1 
120.1865 	 1 
120.2678 	 1 
120.2910 	 1 
120.6741 	 2 
120.6857 	 1 
120.8134 	 1 
120.9295 	 2 
121.4520 	 0 
121.4636 	 2 
121.7771 	 2 
121.9280 	 2 
121.9280 	 0 
122.0905 	 2 
122.2066 	 2 
122.4040 	 1 
122.4040 	 0 
122.4156 	 2 
122.5898 	 2 
122.8336 	 2 
123.0309 	 2 
123.0309 	 0 
123.4489 	 2 
123.6695 	 2 
123.7043 	 1 
123.8320 	 1 
123.9829 	 0 
123.9829 	 2 
124.2964 	 2 
124.4473 	 2 
124.4590 	 0 
124.5867 	 1 
124.6912 	 2 
124.9234 	 0 
124.9350 	 2 
125.0859 	 2 
125.2252 	 2 
125.5619 	 0 
125.5619 	 2 
125.7477 	 2 
125.8638 	 2 
126.1656 	 2 
126.4559 	 2 
126.5023 	 0 
126.8158 	 2 
126.9783 	 2 
126.9783 	 0 
127.1293 	 2 
127.4543 	 2 
127.4543 	 0 
127.5820 	 2 
127.7098 	 1 
127.7678 	 2 
127.8142 	 2 
128.0813 	 2 
128.0813 	 0 
128.2438 	 2 
128.4063 	 2 
128.5573 	 2 
128.5573 	 0 
128.7198 	 2 
128.8824 	 2 
129.0333 	 0 
129.0449 	 2 
129.3468 	 2 
129.5093 	 2 
129.5093 	 0 
129.6602 	 2 
129.9737 	 0 
129.9853 	 2 
130.1362 	 2 
130.2988 	 2 
130.6122 	 2 
130.6122 	 0 
130.7632 	 2 
130.9257 	 2 
131.2508 	 2 
131.4017 	 2 
131.5527 	 2 
131.5643 	 0 
131.7616 	 2 
131.8777 	 2 
132.0287 	 2 
132.0287 	 0 
132.1796 	 2 
132.5047 	 0 
132.5163 	 2 
132.6672 	 2 
132.8065 	 2 
133.1316 	 2 
133.1432 	 0 
133.7818 	 2 
133.9327 	 2 
134.0836 	 2 
134.0952 	 0 
134.3971 	 2 
134.5596 	 0 
134.5596 	 2 
134.7106 	 2 
134.8615 	 2 
135.0356 	 2 
135.0356 	 0 
135.1982 	 2 
135.3491 	 2 
135.5465 	 2 
135.6626 	 0 
135.6626 	 2 
135.8251 	 2 
135.9877 	 2 
136.0109 	 1 
136.3011 	 2 
136.4521 	 2 
136.4637 	 1 
136.6146 	 2 
136.6146 	 0 
136.9281 	 2 
137.0906 	 0 
137.0906 	 2 
137.2415 	 2 
137.5550 	 0 
137.5550 	 2 
137.7176 	 2 
137.8801 	 2 
138.1936 	 2 
138.1936 	 0 
138.3561 	 2 
138.5070 	 2 
138.6696 	 2 
138.6696 	 0 
138.8205 	 2 
138.9830 	 2 
139.1340 	 2 
139.1456 	 0 
139.3197 	 1 
139.4590 	 2 
139.6100 	 0 
139.6216 	 2 
139.7725 	 2 
140.0860 	 0 
140.0860 	 2 
140.2369 	 2 
140.3995 	 2 
140.7129 	 2 
140.8755 	 2 
141.0380 	 2 
141.3399 	 2 
141.6649 	 2 
141.6649 	 0 
141.9784 	 2 
142.1410 	 0 
142.1410 	 2 
142.2919 	 2 
142.6054 	 2 
142.6170 	 0 
142.7679 	 2 
142.9304 	 2 
143.2439 	 2 
143.2439 	 0 
143.4064 	 2 
143.5574 	 2 
143.6967 	 2 
143.8012 	 1 
143.8244 	 2 
143.9289 	 2 
143.9405 	 1 
144.0914 	 1 
144.1959 	 2 
144.1959 	 0 
144.2540 	 2 
144.3120 	 1 
144.3236 	 2 
144.4513 	 2 
144.5210 	 2 
144.6603 	 0 
144.6603 	 2 
144.8345 	 2 
144.9738 	 2 
145.1131 	 1 
145.1131 	 2 
145.1363 	 0 
145.2873 	 2 
145.4614 	 2 
145.6588 	 1 
145.7633 	 2 
145.7749 	 0 
145.9374 	 2 
146.4018 	 2 
146.5644 	 2 
146.7153 	 2 
146.7153 	 0 
147.0404 	 2 
147.1913 	 0 
147.1913 	 2 
147.3422 	 2 
147.6557 	 2 
147.6673 	 0 
147.8182 	 2 
147.9808 	 2 
148.2942 	 0 
148.2942 	 2 
148.4568 	 2 
148.6077 	 2 
148.7702 	 2 
148.7702 	 0 
148.9328 	 2 
149.0837 	 2 
149.2463 	 0 
149.2463 	 2 
149.5481 	 2 
149.7223 	 0 
149.8732 	 2 
150.1867 	 2 
150.1983 	 0 
150.3376 	 2 
150.4885 	 2 
150.6395 	 2 
150.8252 	 0 
150.8252 	 2 
150.9297 	 1 
150.9878 	 2 
151.1387 	 2 
151.4522 	 2 
151.6147 	 2 
151.7656 	 0 
151.7656 	 2 
152.0907 	 2 
152.2416 	 0 
152.2416 	 2 
152.3577 	 2 
152.4274 	 2 
152.7176 	 0 
152.7176 	 2 
152.8686 	 2 
153.0311 	 2 
153.3446 	 2 
153.3446 	 0 
153.5071 	 2 
153.6697 	 2 
153.9831 	 2 
154.1341 	 2 
154.2966 	 2 
154.2966 	 0 
154.6101 	 2 
154.7726 	 2 
154.7726 	 0 
154.9235 	 2 
155.2370 	 2 
155.2486 	 0 
155.3995 	 2 
155.5621 	 2 
155.8756 	 0 
155.8756 	 2 
156.0265 	 2 
156.0729 	 1 
156.1890 	 1 
156.1890 	 2 
156.5025 	 2 
156.6650 	 2 
156.8276 	 2 
156.8276 	 0 
157.1410 	 2 
157.2920 	 0 
157.2920 	 2 
157.4545 	 2 
157.7680 	 0 
157.7680 	 2 
157.9189 	 2 
158.0815 	 2 
158.3949 	 2 
158.4065 	 0 
158.5575 	 2 
158.7200 	 2 
158.8825 	 2 
158.8825 	 0 
159.0335 	 2 
159.1960 	 2 
159.3469 	 2 
159.3585 	 0 
159.6604 	 2 
159.8229 	 2 
159.8346 	 0 
159.9739 	 2 
160.2873 	 0 
160.2990 	 2 
161.8779 	 2 
161.8779 	 0 
162.0056 	 1 
162.3423 	 0 
162.3539 	 2 
162.5397 	 1 
162.8299 	 0 
162.8299 	 2 
163.4569 	 0 
163.7820 	 2 
164.3973 	 0 
164.3973 	 2 
164.7107 	 2 
164.8733 	 2 
164.8733 	 0 
165.0474 	 2 
165.3493 	 0 
165.3493 	 2 
165.5234 	 2 
165.6744 	 2 
165.9762 	 2 
165.9878 	 0 
166.1388 	 2 
166.3129 	 2 
166.6032 	 1 
166.6728 	 1 
166.6961 	 1 
166.9283 	 0 
166.9283 	 2 
167.2417 	 2 
167.4043 	 0 
167.4043 	 2 
167.5668 	 2 
167.5784 	 1 
167.8803 	 0 
167.8803 	 1 
168.0893 	 1 
168.2054 	 2 
168.5072 	 0 
168.5072 	 2 
168.6698 	 2 
168.8439 	 1 
168.8439 	 2 
168.9832 	 0 
168.9832 	 2 
169.1458 	 2 
169.2967 	 2 
169.4592 	 2 
169.4592 	 0 
169.7727 	 2 
169.9352 	 2 
169.9352 	 0 
170.0862 	 2 
170.2719 	 2 
170.3996 	 2 
170.3996 	 0 
170.5622 	 2 
170.7247 	 2 
171.0266 	 0 
171.0382 	 2 
171.2007 	 2 
171.3633 	 2 
171.6651 	 2 
171.8277 	 2 
171.9786 	 2 
171.9786 	 0 
172.2921 	 2 
172.4546 	 2 
172.4546 	 0 
172.6171 	 2 
172.9306 	 2 
172.9306 	 0 
173.0815 	 2 
173.2209 	 2 
173.5576 	 2 
173.5576 	 0 
173.7201 	 2 
173.8826 	 2 
174.1613 	 1 
174.1961 	 2 
174.3470 	 2 
174.4980 	 0 
174.5096 	 2 
174.8346 	 2 
174.9740 	 2 
174.9856 	 0 
174.9856 	 1 
175.1481 	 2 
175.4500 	 0 
175.4500 	 2 
176.0885 	 0 
176.0885 	 2 
176.2162 	 2 
176.4252 	 2 
176.8780 	 2 
177.0405 	 2 
177.0405 	 0 
177.3540 	 2 
177.5049 	 0 
177.5049 	 2 
177.6675 	 2 
177.9810 	 0 
177.9810 	 2 
178.1435 	 2 
178.3060 	 2 
178.6079 	 2 
178.6195 	 0 
178.7704 	 2 
178.9446 	 2 
178.9446 	 1 
179.0839 	 2 
179.0839 	 0 
179.2580 	 2 
179.4090 	 2 
179.5599 	 0 
179.5599 	 2 
179.8734 	 2 
180.0359 	 2 
180.0359 	 0 
180.1985 	 2 
180.5003 	 2 
180.5119 	 0 
180.6629 	 2 
180.8370 	 2 
180.9531 	 2 
181.1389 	 2 
181.3014 	 2 
181.4639 	 1 
181.4756 	 2 
181.7774 	 2 
181.9283 	 2 
182.0909 	 2 
182.0909 	 0 
182.3927 	 2 
182.5553 	 2 
182.5669 	 0 
182.7294 	 2 
183.0313 	 2 
183.0313 	 0 
183.1938 	 2 
183.3564 	 2 
183.4144 	 1 
183.6582 	 0 
183.6698 	 2 
183.8208 	 1 
183.8556 	 1 
183.9253 	 1 
184.0065 	 1 
184.1226 	 2 
184.1575 	 1 
184.2852 	 1 
184.4013 	 1 
184.4825 	 1 
184.6102 	 2 
184.6219 	 0 
184.7496 	 1 
184.9353 	 2 
185.0863 	 0 
185.0863 	 2 
185.2488 	 2 
185.5623 	 2 
185.5623 	 0 
185.7596 	 1 
185.8873 	 2 
186.0267 	 2 
186.1892 	 2 
186.2008 	 0 
186.5143 	 2 
186.8278 	 2 
186.8510 	 1 
186.9787 	 2 
187.1412 	 2 
187.1412 	 0 
187.4547 	 2 
187.6172 	 0 
187.6172 	 2 
187.7798 	 2 
187.9191 	 2 
188.0932 	 0 
188.2442 	 2 
188.4067 	 2 
188.7202 	 2 
188.7202 	 0 
189.0569 	 2 
189.1962 	 0 
189.3471 	 2 
189.4980 	 2 
189.6722 	 2 
189.6722 	 0 
189.9857 	 2 
190.1482 	 2 
190.1482 	 0 
190.3107 	 2 
190.6126 	 2 
190.6242 	 0 
190.7635 	 2 
190.9261 	 2 
191.2395 	 2 
191.2512 	 0 
191.4021 	 2 
191.5646 	 2 
191.8084 	 1 
191.8781 	 2 
191.9129 	 1 
192.0290 	 2 
192.1916 	 0 
192.1916 	 2 
192.5050 	 2 
192.6676 	 0 
192.8301 	 2 
193.1552 	 0 
193.4571 	 2 
193.7821 	 0 
194.0956 	 2 
194.4091 	 2 
194.5600 	 2 
195.3611 	 2 
195.9880 	 2 
196.6266 	 2 
197.3696 	 1 
