7.7903 	 2 
11.9351 	 2 
14.3848 	 2 
15.1394 	 2 
15.5806 	 2 
15.8244 	 2 
15.9173 	 2 
16.1959 	 2 
16.3701 	 2 
16.4862 	 2 
16.6139 	 2 
16.8925 	 2 
22.5930 	 2 
25.5536 	 1 
25.5536 	 2 
26.0876 	 2 
26.0876 	 0 
30.9986 	 2 
30.9986 	 0 
31.1147 	 2 
31.2657 	 2 
31.2773 	 0 
31.5095 	 2 
31.5095 	 1 
31.5095 	 0 
31.7881 	 2 
31.7997 	 0 
31.9158 	 2 
58.3285 	 0 
58.3285 	 2 
58.3285 	 1 
58.8278 	 0 
58.8394 	 1 
58.8394 	 2 
59.3154 	 1 
59.3154 	 2 
59.8262 	 0 
59.8378 	 2 
62.0553 	 2 
62.3224 	 1 
62.3224 	 2 
62.3224 	 0 
63.3208 	 2 
63.3208 	 1 
63.3208 	 0 
64.3193 	 1 
64.3193 	 2 
64.3309 	 0 
65.3177 	 2 
65.3177 	 1 
65.3293 	 0 
66.4323 	 0 
67.3146 	 2 
67.3263 	 0 
68.3131 	 2 
68.4408 	 2 
68.6614 	 2 
69.0910 	 0 
69.3116 	 2 
69.3116 	 0 
70.3216 	 2 
70.3216 	 1 
70.3216 	 0 
71.3201 	 1 
71.3201 	 2 
71.3201 	 0 
72.3185 	 2 
72.3302 	 1 
72.3302 	 0 
73.3170 	 2 
73.3170 	 0 
73.3286 	 1 
74.3271 	 2 
74.3271 	 1 
74.3271 	 0 
75.3139 	 2 
75.3255 	 1 
75.3255 	 0 
76.3240 	 2 
76.3240 	 0 
76.3240 	 1 
77.3108 	 2 
77.3224 	 0 
77.3224 	 1 
78.0655 	 0 
78.3209 	 0 
78.3209 	 1 
78.3209 	 2 
79.3194 	 1 
79.3194 	 2 
79.3194 	 0 
80.3294 	 2 
80.3294 	 1 
80.3294 	 0 
81.3163 	 1 
81.3163 	 2 
81.3163 	 0 
81.4092 	 2 
82.3147 	 2 
82.4424 	 2 
82.7095 	 0 
82.7095 	 1 
82.7211 	 2 
83.3132 	 2 
83.3248 	 1 
83.3248 	 0 
84.3117 	 2 
84.4510 	 2 
84.6600 	 2 
85.0895 	 0 
85.3101 	 2 
85.3101 	 0 
85.3333 	 2 
86.1460 	 2 
86.3202 	 2 
86.3202 	 0 
86.3318 	 1 
87.3186 	 1 
87.3186 	 0 
87.3186 	 2 
88.3171 	 2 
88.3287 	 0 
88.3287 	 1 
89.3156 	 2 
89.3272 	 0 
90.3256 	 1 
90.3256 	 0 
90.3256 	 2 
90.9526 	 0 
91.3241 	 0 
91.3241 	 2 
91.3357 	 1 
92.3225 	 0 
92.3225 	 2 
92.3225 	 1 
93.3210 	 0 
93.3326 	 2 
93.3326 	 1 
94.3195 	 0 
94.3311 	 1 
94.3311 	 2 
95.3179 	 0 
95.3179 	 1 
95.3179 	 2 
96.3280 	 0 
96.3280 	 1 
96.3280 	 2 
97.3148 	 1 
97.3148 	 2 
97.3264 	 0 
98.2088 	 1 
98.2204 	 2 
98.2204 	 0 
98.3133 	 2 
99.3234 	 1 
99.3234 	 2 
99.3234 	 0 
100.3102 	 2 
100.4495 	 2 
100.6585 	 0 
100.6585 	 2 
100.8210 	 2 
101.0881 	 0 
101.3087 	 2 
101.3319 	 2 
102.3187 	 0 
102.3303 	 1 
102.3303 	 2 
103.3172 	 0 
103.3172 	 1 
103.3172 	 2 
104.3156 	 2 
104.3273 	 0 
104.3273 	 1 
104.4201 	 2 
105.3141 	 2 
105.3257 	 0 
105.3257 	 1 
106.3242 	 0 
106.3242 	 1 
106.3242 	 2 
107.3110 	 2 
107.3226 	 1 
107.3226 	 0 
108.3211 	 2 
108.3211 	 1 
108.3211 	 0 
109.3079 	 2 
109.3312 	 2 
110.0626 	 0 
110.3180 	 0 
110.3296 	 1 
110.3296 	 2 
111.3165 	 1 
111.3165 	 2 
111.3281 	 0 
112.3265 	 0 
112.3265 	 1 
112.3265 	 2 
113.3134 	 2 
113.3250 	 0 
113.3250 	 1 
114.3234 	 0 
114.3234 	 1 
114.3234 	 2 
115.3219 	 1 
115.3219 	 2 
115.3219 	 0 
116.3088 	 2 
116.4481 	 2 
116.6571 	 2 
116.6571 	 0 
117.0866 	 0 
117.3188 	 2 
117.3188 	 0 
117.3304 	 1 
118.3289 	 2 
118.3289 	 0 
118.3289 	 1 
119.3157 	 2 
119.3157 	 1 
119.3157 	 0 
120.3258 	 2 
120.3258 	 0 
120.3258 	 1 
120.8366 	 2 
121.3243 	 2 
121.3243 	 0 
121.3359 	 1 
122.3227 	 0 
122.3227 	 1 
122.3227 	 2 
123.3212 	 2 
123.3212 	 0 
123.3328 	 1 
149.6642 	 0 
151.3825 	 2 
151.9166 	 2 
152.1371 	 2 
152.3810 	 2 
152.3810 	 0 
154.3198 	 2 
154.8307 	 1 
154.8307 	 0 
154.8423 	 2 
155.3183 	 0 
155.3299 	 2 
155.8291 	 1 
155.8291 	 0 
155.8407 	 2 
158.3253 	 1 
158.3253 	 0 
158.3253 	 2 
159.3121 	 2 
159.3237 	 0 
159.3353 	 1 
159.4282 	 2 
160.3222 	 0 
160.3222 	 1 
160.3222 	 2 
161.3206 	 2 
161.3206 	 0 
161.3322 	 1 
161.4251 	 2 
161.7386 	 0 
161.7386 	 1 
161.7386 	 2 
162.0288 	 0 
162.0405 	 2 
162.0405 	 1 
162.4584 	 2 
162.4584 	 0 
163.3176 	 2 
163.3292 	 1 
163.3292 	 0 
163.4337 	 2 
164.4669 	 0 
164.6643 	 2 
164.6643 	 1 
164.6643 	 0 
164.8268 	 0 
165.3145 	 2 
165.4073 	 2 
165.4190 	 0 
165.6744 	 2 
165.6860 	 0 
165.9182 	 0 
165.9182 	 2 
166.0575 	 2 
166.1736 	 2 
166.1736 	 0 
166.3245 	 1 
166.3245 	 0 
166.3245 	 2 
167.3114 	 2 
167.3230 	 0 
167.3346 	 1 
167.4391 	 2 
168.3215 	 1 
168.3215 	 2 
168.3215 	 0 
169.3199 	 0 
169.3315 	 2 
169.3315 	 1 
169.4244 	 2 
169.7379 	 2 
169.7379 	 0 
169.7379 	 1 
170.0281 	 1 
170.0281 	 0 
170.0397 	 2 
170.4461 	 2 
170.4577 	 0 
170.4577 	 1 
171.3168 	 2 
171.3284 	 0 
171.3284 	 1 
171.4213 	 2 
172.4662 	 0 
172.6636 	 2 
172.6636 	 0 
172.6636 	 1 
172.8377 	 0 
172.9422 	 1 
172.9422 	 0 
172.9422 	 2 
173.3137 	 2 
174.0568 	 0 
174.0568 	 2 
174.3238 	 1 
174.3238 	 2 
174.3238 	 0 
175.3107 	 2 
175.3223 	 0 
175.3339 	 1 
175.4384 	 2 
176.3207 	 0 
176.3207 	 2 
176.3323 	 1 
177.3192 	 0 
177.3308 	 1 
177.3308 	 2 
177.4237 	 2 
177.7371 	 1 
177.7371 	 2 
177.7371 	 0 
178.0274 	 0 
178.0390 	 2 
178.0390 	 1 
178.3060 	 2 
178.4570 	 2 
178.4570 	 0 
178.4570 	 1 
179.3161 	 2 
179.3277 	 1 
179.3277 	 0 
179.4206 	 2 
180.4655 	 0 
180.6629 	 2 
180.6629 	 1 
180.6629 	 0 
180.8370 	 0 
181.3130 	 2 
181.3362 	 2 
181.4059 	 2 
181.4175 	 0 
181.6845 	 0 
181.6845 	 2 
181.9167 	 2 
181.9283 	 0 
182.0561 	 2 
182.1722 	 0 
182.1838 	 2 
182.3231 	 0 
182.3231 	 1 
182.3231 	 2 
183.3215 	 0 
183.3215 	 2 
183.3332 	 1 
183.4376 	 2 
184.3200 	 0 
184.3200 	 2 
184.3316 	 1 
185.3185 	 0 
185.3301 	 2 
185.3301 	 1 
185.4229 	 2 
185.7364 	 2 
186.0267 	 0 
186.0383 	 2 
186.4562 	 2 
186.4562 	 1 
186.4562 	 0 
187.3154 	 2 
187.3270 	 0 
187.3270 	 1 
188.8131 	 2 
188.9408 	 2 
188.9408 	 0 
189.1962 	 2 
190.0553 	 0 
190.3224 	 1 
190.3224 	 0 
190.3224 	 2 
191.3208 	 0 
191.3208 	 2 
191.3324 	 1 
191.4369 	 2 
192.3193 	 2 
192.3193 	 0 
192.3309 	 1 
192.4818 	 2 
192.6908 	 1 
193.3177 	 0 
193.3177 	 2 
193.3293 	 1 
193.4222 	 2 
193.7357 	 2 
193.7473 	 0 
194.0376 	 2 
194.0376 	 0 
194.4555 	 2 
194.4671 	 0 
195.3146 	 2 
195.3263 	 0 
195.3263 	 1 
195.4307 	 2 
195.8255 	 2 
196.3247 	 2 
196.4640 	 0 
196.6614 	 0 
196.6614 	 2 
196.6614 	 1 
196.8356 	 2 
196.8356 	 0 
197.3348 	 2 
197.4044 	 2 
197.6831 	 2 
197.6831 	 0 
197.8224 	 1 
197.8224 	 2 
197.9269 	 0 
197.9269 	 2 
198.0662 	 2 
198.1707 	 0 
198.1823 	 2 
198.3216 	 2 
198.3216 	 1 
198.3216 	 0 
198.8325 	 2 
199.3201 	 2 
199.3201 	 0 
199.3317 	 1 
199.4362 	 2 
199.8193 	 2 
200.3185 	 2 
200.3185 	 0 
200.3302 	 1 
200.4811 	 2 
201.3286 	 1 
201.3286 	 2 
201.3286 	 0 
201.4215 	 2 
201.7234 	 0 
201.7350 	 2 
202.0368 	 0 
202.0368 	 2 
202.4548 	 0 
202.4548 	 2 
202.8147 	 2 
202.8263 	 1 
202.8263 	 0 
203.3255 	 2 
203.3255 	 0 
203.3371 	 1 
203.4300 	 2 
203.8248 	 2 
203.8364 	 1 
203.8364 	 0 
204.3240 	 2 
204.4633 	 0 
204.6607 	 1 
204.6607 	 0 
204.6607 	 2 
204.7071 	 2 
204.8348 	 2 
204.8348 	 1 
204.9393 	 2 
204.9393 	 0 
205.3108 	 2 
205.3341 	 2 
205.8217 	 2 
205.8217 	 0 
205.8217 	 1 
206.0539 	 2 
206.0655 	 0 
206.3209 	 2 
206.3209 	 1 
206.3209 	 0 
206.8317 	 1 
206.8317 	 2 
207.3194 	 0 
207.3194 	 2 
207.3310 	 1 
207.4355 	 2 
208.3178 	 0 
208.3178 	 2 
208.3294 	 1 
208.4804 	 2 
209.3163 	 2 
209.3279 	 1 
209.3279 	 0 
209.4208 	 2 
209.7459 	 2 
209.7459 	 0 
210.0361 	 2 
210.0361 	 0 
210.4541 	 2 
210.4657 	 0 
211.3132 	 2 
211.3248 	 0 
211.3364 	 1 
211.4293 	 2 
211.8240 	 2 
212.3117 	 2 
212.4626 	 0 
212.6483 	 2 
212.6600 	 0 
212.6600 	 1 
212.8341 	 0 
212.8341 	 2 
213.3333 	 2 
213.4030 	 2 
213.6816 	 2 
213.6816 	 0 
213.8210 	 2 
213.8210 	 1 
213.9254 	 2 
213.9254 	 0 
214.0648 	 2 
214.1693 	 2 
214.1693 	 0 
214.3202 	 2 
214.3202 	 0 
214.3202 	 1 
215.3186 	 0 
215.3186 	 2 
215.3302 	 1 
215.4347 	 2 
215.8179 	 2 
216.3171 	 0 
216.3287 	 2 
216.3287 	 1 
216.8395 	 1 
217.3272 	 0 
217.3272 	 1 
217.3272 	 2 
217.4200 	 2 
217.7219 	 0 
217.7335 	 2 
218.0354 	 2 
218.0354 	 0 
218.4533 	 2 
218.4533 	 0 
218.8249 	 2 
218.8249 	 1 
218.8249 	 0 
219.3241 	 0 
219.3241 	 2 
219.3357 	 1 
219.4286 	 2 
219.8349 	 1 
219.8349 	 0 
219.8349 	 2 
220.3109 	 2 
220.5896 	 2 
220.8218 	 2 
220.8218 	 1 
220.9379 	 2 
220.9379 	 1 
220.9379 	 0 
221.1933 	 2 
221.8202 	 0 
221.8202 	 2 
221.8202 	 1 
222.0524 	 2 
