8.6727 	 2 
9.2183 	 2 
9.5550 	 2 
10.8553 	 2 
10.9946 	 2 
11.2152 	 2 
11.3197 	 2 
12.6317 	 2 
12.7710 	 2 
12.9916 	 2 
13.1077 	 2 
14.4196 	 2 
14.5473 	 2 
14.7795 	 2 
14.8027 	 0 
15.0117 	 2 
15.1162 	 2 
15.1278 	 0 
15.3368 	 2 
15.4529 	 2 
15.4645 	 0 
15.5690 	 2 
15.6735 	 2 
15.7896 	 2 
16.0334 	 2 
16.3468 	 2 
16.4629 	 2 
16.5674 	 2 
16.5790 	 0 
16.6719 	 2 
16.7880 	 2 
16.8925 	 2 
16.9157 	 0 
17.0086 	 2 
17.1131 	 2 
17.2292 	 2 
17.2408 	 0 
17.3569 	 2 
17.4614 	 2 
17.5659 	 2 
17.6936 	 2 
17.7865 	 0 
17.8097 	 2 
17.9142 	 0 
17.9142 	 2 
17.9955 	 2 
18.1232 	 0 
18.1232 	 2 
18.2393 	 2 
18.3438 	 2 
18.4483 	 2 
18.5644 	 2 
18.6688 	 2 
18.6921 	 0 
18.7849 	 2 
18.9010 	 2 
19.0055 	 2 
19.0171 	 0 
19.1332 	 2 
19.2377 	 2 
19.3422 	 2 
19.4699 	 2 
19.5628 	 0 
19.5860 	 2 
19.6789 	 2 
19.7834 	 2 
19.8995 	 2 
19.9111 	 0 
20.0156 	 2 
20.1201 	 2 
20.1317 	 0 
20.2246 	 2 
20.3291 	 2 
20.4452 	 2 
20.4684 	 0 
20.5729 	 2 
20.6774 	 2 
20.7819 	 2 
20.9096 	 2 
21.0141 	 2 
21.1185 	 2 
21.3507 	 0 
21.3624 	 2 
21.4552 	 2 
21.4668 	 0 
21.5597 	 2 
21.6758 	 0 
21.6758 	 2 
21.7919 	 2 
21.9080 	 0 
21.9080 	 2 
22.0009 	 2 
22.1170 	 2 
22.2331 	 2 
22.2447 	 0 
22.4537 	 2 
22.5582 	 2 
22.5698 	 0 
22.8949 	 2 
23.1271 	 0 
23.2316 	 2 
23.3477 	 2 
23.4638 	 2 
23.5683 	 2 
23.6844 	 2 
23.6844 	 0 
23.7888 	 2 
23.9049 	 2 
24.0094 	 0 
24.0094 	 2 
24.1255 	 2 
24.2416 	 2 
24.3461 	 2 
24.3577 	 0 
24.6712 	 2 
24.6828 	 0 
24.9150 	 2 
25.1124 	 2 
25.2401 	 2 
25.2401 	 0 
25.3446 	 2 
25.4607 	 2 
25.4723 	 0 
25.5652 	 2 
25.6813 	 2 
25.7858 	 2 
25.7974 	 0 
26.0063 	 2 
26.1224 	 2 
26.3314 	 2 
26.4475 	 2 
26.4707 	 0 
26.5752 	 2 
26.6913 	 2 
27.0164 	 0 
27.0164 	 2 
27.1325 	 2 
27.2370 	 2 
27.2486 	 0 
27.3415 	 2 
27.4576 	 2 
27.5621 	 2 
27.5737 	 0 
27.7827 	 2 
27.8988 	 2 
27.9104 	 0 
28.0961 	 2 
28.2239 	 2 
28.2355 	 0 
28.3516 	 2 
28.4793 	 2 
28.5838 	 0 
28.7927 	 2 
28.7927 	 0 
28.9088 	 2 
29.2339 	 2 
29.3384 	 2 
29.3500 	 0 
29.5706 	 2 
29.6867 	 2 
29.6867 	 0 
30.0118 	 2 
30.0118 	 0 
30.2556 	 2 
30.3601 	 0 
30.5691 	 0 
30.6736 	 2 
30.8013 	 0 
30.8941 	 2 
31.0102 	 2 
31.1147 	 2 
31.1263 	 0 
31.3353 	 2 
31.4514 	 2 
31.4630 	 0 
31.7881 	 2 
31.7881 	 0 
32.0319 	 2 
32.1364 	 0 
32.3454 	 2 
32.3570 	 0 
32.4615 	 2 
32.5776 	 0 
32.9143 	 0 
33.2394 	 0 
33.5877 	 2 
33.7850 	 0 
33.8083 	 2 
34.0405 	 2 
34.1449 	 2 
34.3539 	 0 
34.6906 	 0 
34.7719 	 2 
34.9228 	 2 
35.3524 	 2 
35.5730 	 0 
35.5846 	 2 
35.6891 	 2 
35.6891 	 0 
35.8168 	 2 
35.9213 	 2 
36.1186 	 2 
36.1302 	 0 
36.2231 	 2 
36.3392 	 2 
36.4437 	 2 
36.4669 	 0 
36.5598 	 2 
36.6759 	 2 
36.7804 	 2 
36.7920 	 0 
36.9081 	 2 
37.1287 	 2 
37.1287 	 0 
37.3609 	 2 
37.3609 	 0 
37.4654 	 0 
37.5699 	 2 
37.6744 	 0 
37.6860 	 2 
37.9066 	 2 
37.9066 	 0 
38.1156 	 2 
38.2317 	 0 
38.3478 	 2 
38.4522 	 2 
38.5683 	 0 
38.5683 	 2 
38.6844 	 2 
38.7889 	 2 
38.8934 	 2 
38.9050 	 0 
39.0095 	 2 
39.1372 	 2 
39.2301 	 0 
39.3346 	 2 
39.4623 	 0 
39.4623 	 2 
39.5668 	 2 
39.6829 	 2 
39.6829 	 0 
39.8222 	 2 
40.0196 	 0 
40.1125 	 2 
40.2634 	 2 
40.6698 	 2 
40.6814 	 0 
40.9136 	 2 
41.1109 	 2 
41.2386 	 0 
41.2386 	 2 
41.3431 	 2 
41.4592 	 2 
41.4708 	 0 
41.5869 	 2 
41.7959 	 0 
42.0281 	 2 
42.3300 	 2 
42.4577 	 0 
42.4809 	 2 
42.7015 	 2 
42.7944 	 0 
42.7944 	 2 
43.0150 	 0 
43.0382 	 2 
43.2239 	 2 
43.2356 	 0 
43.3400 	 2 
43.4561 	 2 
43.5722 	 0 
43.5839 	 2 
43.8973 	 1 
43.9089 	 2 
44.0947 	 2 
44.2340 	 2 
44.2340 	 0 
44.3617 	 2 
44.4894 	 2 
44.5591 	 0 
44.5707 	 1 
44.7913 	 1 
44.8029 	 2 
45.0119 	 0 
45.1164 	 2 
45.2325 	 2 
45.3486 	 0 
45.3602 	 2 
45.5692 	 2 
45.6853 	 2 
45.6853 	 0 
46.0103 	 2 
46.0103 	 0 
46.1380 	 2 
46.2658 	 2 
46.3470 	 1 
46.3470 	 0 
46.5676 	 2 
46.5676 	 1 
46.7998 	 0 
46.8927 	 2 
47.0088 	 2 
47.1249 	 0 
47.1365 	 2 
47.3339 	 2 
47.4616 	 1 
47.4616 	 0 
47.4732 	 2 
47.7867 	 2 
47.7867 	 0 
47.9144 	 2 
48.0073 	 0 
48.0421 	 2 
48.1117 	 0 
48.1234 	 1 
48.3439 	 1 
48.3439 	 0 
48.3556 	 2 
48.5761 	 0 
48.6690 	 2 
48.7851 	 2 
48.8896 	 1 
48.9012 	 0 
48.9128 	 2 
49.2379 	 1 
49.2379 	 0 
49.2379 	 2 
49.5630 	 0 
49.5630 	 2 
49.6907 	 2 
49.7952 	 0 
49.8184 	 2 
49.8997 	 0 
49.8997 	 1 
50.1203 	 1 
50.1203 	 0 
50.1319 	 2 
50.2364 	 1 
50.3525 	 0 
50.4454 	 2 
50.5615 	 2 
50.6659 	 1 
50.6892 	 0 
50.8981 	 2 
51.0142 	 2 
51.3393 	 0 
51.3393 	 2 
51.4670 	 2 
51.5715 	 0 
51.5947 	 2 
51.6760 	 1 
51.6760 	 0 
51.8966 	 1 
51.8966 	 0 
51.9082 	 2 
52.1288 	 0 
52.2217 	 2 
52.3378 	 2 
52.4655 	 0 
52.4655 	 2 
52.5816 	 2 
52.6745 	 2 
52.7906 	 2 
53.1273 	 2 
53.2317 	 2 
53.3595 	 0 
53.3711 	 2 
53.4523 	 0 
53.4639 	 1 
53.6729 	 0 
53.6845 	 1 
53.6845 	 2 
53.8935 	 1 
53.8935 	 2 
53.9051 	 0 
53.9980 	 2 
54.1257 	 2 
54.2302 	 1 
54.2418 	 0 
54.2534 	 2 
54.3463 	 2 
54.4508 	 2 
54.5785 	 2 
54.8920 	 0 
54.8920 	 2 
55.0081 	 2 
55.1242 	 0 
55.1474 	 2 
55.2287 	 0 
55.2287 	 1 
55.3564 	 1 
55.4493 	 0 
55.4725 	 2 
55.6815 	 0 
55.7976 	 1 
56.0181 	 0 
56.3432 	 1 
56.3432 	 0 
56.4593 	 1 
56.6799 	 1 
56.6915 	 0 
56.9121 	 1 
57.1443 	 2 
57.2372 	 0 
57.2372 	 1 
58.4678 	 2 
58.8510 	 1 
71.6684 	 2 
71.7845 	 2 
71.9006 	 2 
72.0051 	 2 
72.1212 	 2 
72.2257 	 2 
72.3418 	 2 
72.4463 	 2 
72.5624 	 2 
72.6785 	 2 
72.7946 	 2 
72.9107 	 0 
73.0035 	 2 
73.0964 	 1 
73.1080 	 2 
73.2357 	 1 
73.2357 	 2 
73.3402 	 2 
73.4099 	 1 
73.4447 	 2 
73.5492 	 2 
73.6769 	 2 
73.7814 	 2 
73.8975 	 2 
74.0020 	 2 
74.1181 	 2 
74.2342 	 2 
74.3387 	 2 
74.4432 	 2 
74.5593 	 1 
74.5709 	 2 
74.6754 	 0 
74.7799 	 2 
74.8960 	 2 
75.0005 	 2 
75.0121 	 0 
75.1166 	 2 
75.1862 	 2 
75.2210 	 2 
75.3371 	 2 
75.3371 	 1 
75.4532 	 2 
75.5577 	 2 
75.6738 	 2 
75.7899 	 2 
75.8944 	 2 
76.0105 	 2 
76.1150 	 2 
76.2311 	 2 
76.3472 	 2 
76.4517 	 0 
76.5562 	 2 
76.6723 	 2 
76.7884 	 0 
76.7884 	 2 
76.8929 	 2 
77.0090 	 2 
77.1251 	 2 
77.2296 	 2 
77.3457 	 2 
77.4502 	 2 
77.5663 	 2 
77.6824 	 2 
77.7868 	 2 
77.8913 	 2 
78.0074 	 2 
78.1235 	 2 
78.2396 	 0 
78.3325 	 2 
78.4486 	 2 
78.5647 	 2 
78.5763 	 0 
78.6692 	 2 
78.7853 	 2 
78.8898 	 2 
78.8898 	 1 
79.0059 	 2 
79.1104 	 2 
79.2265 	 2 
79.3426 	 2 
79.4471 	 2 
79.5632 	 2 
79.6793 	 2 
79.7838 	 2 
79.8999 	 2 
80.0160 	 0 
80.0276 	 2 
80.1205 	 2 
80.2249 	 2 
80.3410 	 2 
80.4571 	 2 
80.5732 	 2 
80.6777 	 2 
80.7938 	 2 
80.8983 	 2 
81.0144 	 2 
81.1189 	 2 
81.2234 	 2 
81.2350 	 0 
81.3395 	 2 
81.5601 	 2 
81.8039 	 2 
82.0013 	 2 
82.1174 	 0 
82.1174 	 2 
82.1174 	 1 
82.2335 	 2 
85.9022 	 0 
86.2389 	 0 
86.5756 	 0 
86.9007 	 0 
87.1213 	 0 
87.2374 	 1 
87.2374 	 0 
87.4580 	 0 
87.6785 	 0 
88.9092 	 0 
89.2459 	 0 
89.4665 	 0 
89.7916 	 0 
90.1283 	 0 
90.4533 	 0 
90.6855 	 0 
90.8016 	 0 
91.0222 	 0 
91.2428 	 0 
91.5679 	 0 
92.2297 	 0 
92.4619 	 0 
92.5780 	 0 
92.7985 	 0 
93.0191 	 0 
93.3558 	 0 
93.6809 	 0 
94.0176 	 0 
94.2382 	 0 
94.3543 	 0 
94.5749 	 0 
94.7955 	 0 
96.0261 	 0 
96.3512 	 0 
97.8024 	 0 
98.1275 	 0 
99.3466 	 0 
99.5788 	 0 
99.9039 	 0 
100.1244 	 1 
100.3450 	 2 
100.4495 	 0 
100.4727 	 2 
100.5772 	 1 
100.7862 	 0 
100.7978 	 2 
101.1113 	 2 
101.2390 	 2 
101.3551 	 0 
101.4596 	 1 
101.4712 	 2 
101.6802 	 1 
101.6802 	 2 
101.9124 	 0 
102.0053 	 2 
102.1330 	 2 
102.2491 	 0 
102.3536 	 1 
102.5741 	 2 
102.7831 	 2 
102.8876 	 2 
103.0153 	 2 
103.1314 	 0 
103.1430 	 2 
103.2359 	 1 
103.2591 	 2 
103.4565 	 0 
103.4565 	 1 
103.4681 	 2 
103.6887 	 0 
103.7816 	 2 
103.9093 	 2 
104.0254 	 2 
104.0254 	 0 
104.1299 	 2 
104.1415 	 1 
104.3505 	 2 
104.3505 	 0 
104.6639 	 2 
104.7917 	 2 
104.9078 	 0 
104.9194 	 2 
105.0122 	 1 
105.0239 	 2 
105.2328 	 1 
105.2444 	 2 
105.4650 	 0 
105.5579 	 2 
105.6856 	 2 
105.7901 	 0 
105.8946 	 1 
106.1152 	 0 
106.1268 	 2 
106.3358 	 2 
106.4519 	 2 
106.5796 	 2 
106.6841 	 0 
106.6957 	 2 
106.7886 	 1 
106.8118 	 2 
107.0092 	 2 
107.0092 	 0 
107.0092 	 1 
107.2298 	 0 
107.3342 	 2 
107.4620 	 2 
107.5664 	 0 
107.5780 	 2 
107.6825 	 1 
107.7058 	 2 
107.9031 	 0 
107.9031 	 2 
108.2282 	 2 
108.3559 	 2 
108.4720 	 2 
108.5765 	 1 
108.7855 	 0 
108.7855 	 1 
108.7971 	 2 
109.0293 	 0 
109.1222 	 2 
109.2383 	 2 
109.4589 	 1 
109.6795 	 0 
109.6911 	 2 
109.8884 	 2 
110.1322 	 2 
110.2367 	 0 
110.2600 	 2 
110.3412 	 1 
110.3644 	 2 
110.5734 	 1 
110.5734 	 2 
110.7940 	 0 
110.8985 	 2 
111.0146 	 2 
111.1191 	 1 
111.1423 	 2 
111.2468 	 1 
111.2700 	 2 
111.4674 	 2 
111.4674 	 1 
111.4674 	 0 
111.7809 	 2 
111.9086 	 2 
112.0131 	 0 
112.0247 	 2 
112.1292 	 1 
112.3381 	 0 
112.3498 	 1 
112.3498 	 2 
112.8025 	 1 
113.0231 	 1 
113.1508 	 1 
113.3482 	 1 
113.3598 	 2 
113.5804 	 1 
113.5804 	 2 
113.9055 	 1 
114.1261 	 1 
114.2538 	 1 
114.3467 	 0 
114.5673 	 2 
114.6717 	 1 
114.6834 	 0 
114.7995 	 1 
115.0084 	 1 
115.0084 	 0 
115.0317 	 2 
115.4612 	 2 
115.5889 	 2 
115.6818 	 1 
115.8908 	 0 
115.9024 	 2 
115.9024 	 1 
116.1114 	 0 
116.1114 	 1 
116.2275 	 2 
116.2275 	 0 
116.5642 	 1 
117.2376 	 2 
117.3537 	 0 
117.3769 	 2 
117.4581 	 1 
117.6787 	 0 
117.6787 	 1 
117.6787 	 2 
117.8877 	 1 
117.8993 	 0 
118.1199 	 2 
118.2360 	 0 
118.2360 	 1 
118.3521 	 1 
118.5611 	 0 
118.5727 	 1 
118.5843 	 2 
118.8978 	 1 
119.0139 	 1 
119.0139 	 2 
119.1184 	 0 
119.1532 	 2 
119.2345 	 0 
119.2345 	 1 
119.4551 	 1 
119.4551 	 0 
119.4667 	 2 
119.6873 	 0 
119.7801 	 2 
119.8962 	 2 
120.0123 	 0 
120.1284 	 1 
120.3374 	 0 
120.4535 	 0 
120.7902 	 2 
120.9295 	 2 
121.0108 	 1 
121.2314 	 0 
121.2314 	 1 
121.2430 	 2 
121.4636 	 0 
121.5681 	 2 
121.6726 	 2 
121.7887 	 0 
121.8119 	 2 
121.9048 	 1 
122.1254 	 0 
122.1370 	 2 
122.4504 	 1 
122.4620 	 0 
122.5665 	 1 
122.5781 	 2 
122.7059 	 2 
122.7871 	 0 
122.7987 	 1 
123.0077 	 1 
123.0193 	 2 
123.2399 	 0 
123.4605 	 2 
123.5998 	 2 
123.6695 	 0 
123.6811 	 1 
123.9017 	 2 
124.3545 	 2 
124.4822 	 2 
124.5634 	 1 
124.7840 	 1 
124.7840 	 0 
124.7956 	 2 
125.0046 	 1 
125.0162 	 0 
125.2020 	 0 
125.2368 	 2 
125.3413 	 1 
125.4458 	 0 
125.4574 	 1 
125.5503 	 2 
125.6780 	 1 
125.6896 	 2 
125.6896 	 0 
126.1308 	 2 
126.2701 	 2 
126.3398 	 0 
126.3514 	 1 
126.5604 	 1 
126.5604 	 0 
126.5720 	 2 
126.7810 	 0 
126.8854 	 2 
127.0132 	 1 
127.2337 	 0 
127.2337 	 1 
127.3615 	 1 
127.5704 	 1 
127.7910 	 1 
128.0348 	 2 
128.1277 	 1 
128.2206 	 2 
128.3483 	 2 
128.3483 	 0 
128.4644 	 2 
128.6618 	 2 
128.7895 	 2 
128.8940 	 0 
128.8940 	 1 
129.0101 	 0 
129.0101 	 1 
129.2423 	 2 
129.2423 	 0 
129.2423 	 1 
129.5673 	 0 
129.6834 	 2 
129.7879 	 1 
129.9040 	 1 
130.1130 	 1 
130.1130 	 0 
130.1246 	 2 
130.4497 	 2 
130.4497 	 0 
130.7283 	 2 
130.7980 	 1 
131.4598 	 2 
131.5759 	 0 
131.6804 	 1 
131.9010 	 0 
131.9010 	 1 
131.9010 	 2 
132.1099 	 1 
132.2260 	 1 
132.2260 	 0 
132.3421 	 2 
132.4582 	 1 
132.4582 	 0 
132.5743 	 1 
132.7833 	 1 
132.7833 	 0 
132.8065 	 2 
133.1200 	 1 
133.2361 	 2 
133.3406 	 1 
133.3522 	 0 
133.3754 	 2 
133.4567 	 1 
133.6773 	 2 
133.6773 	 1 
133.9095 	 0 
134.0024 	 2 
134.1185 	 2 
134.2462 	 0 
134.3507 	 1 
134.6757 	 0 
135.0124 	 2 
135.1169 	 1 
135.1285 	 0 
135.1517 	 2 
135.2330 	 1 
135.4536 	 0 
135.4536 	 1 
135.4652 	 2 
135.6626 	 1 
135.6858 	 0 
135.8948 	 2 
136.0109 	 0 
136.1270 	 1 
136.3360 	 0 
136.6727 	 1 
136.6727 	 0 
136.7888 	 1 
136.8932 	 1 
136.9281 	 2 
137.0093 	 0 
137.0093 	 1 
137.2299 	 0 
137.2299 	 1 
137.2415 	 2 
137.4621 	 0 
137.5666 	 2 
137.6711 	 2 
137.8917 	 0 
137.9033 	 1 
138.1239 	 2 
138.2284 	 1 
138.2284 	 0 
138.5767 	 2 
138.6812 	 1 
138.7044 	 2 
138.7857 	 1 
139.0063 	 0 
139.0063 	 1 
139.0179 	 2 
139.2268 	 1 
139.2385 	 0 
139.4590 	 2 
139.5635 	 1 
139.6680 	 0 
139.6796 	 1 
139.9002 	 0 
139.9118 	 1 
139.9234 	 2 
140.1092 	 1 
140.3414 	 1 
140.3530 	 2 
140.4575 	 1 
140.4923 	 2 
140.5736 	 0 
140.5736 	 1 
140.7826 	 0 
140.7826 	 1 
140.7942 	 2 
141.0148 	 0 
141.1193 	 2 
141.2354 	 1 
141.4560 	 0 
141.4560 	 1 
141.5837 	 1 
141.7927 	 1 
142.0132 	 1 
142.2571 	 2 
142.3499 	 1 
142.5705 	 1 
142.6982 	 1 
142.7911 	 0 
142.9304 	 2 
143.0698 	 2 
143.1278 	 0 
143.2323 	 2 
143.3716 	 2 
143.4645 	 0 
143.5225 	 2 
143.6735 	 2 
143.7896 	 0 
143.7896 	 1 
143.8128 	 2 
143.9637 	 2 
144.0102 	 0 
144.1146 	 2 
144.1263 	 0 
144.2656 	 2 
144.3585 	 0 
144.4049 	 2 
144.5674 	 2 
144.5674 	 0 
144.7068 	 2 
144.8461 	 2 
144.9041 	 0 
145.0086 	 2 
145.1479 	 2 
145.2408 	 0 
145.2989 	 2 
145.4498 	 2 
145.5659 	 0 
145.5775 	 1 
145.5891 	 2 
145.7400 	 2 
145.7981 	 0 
145.9026 	 2 
145.9026 	 0 
146.0419 	 2 
146.1348 	 0 
146.1928 	 2 
146.3438 	 2 
146.3438 	 1 
146.3554 	 0 
146.4831 	 2 
146.6340 	 2 
146.6921 	 0 
146.7849 	 2 
146.9243 	 2 
147.0171 	 0 
147.0752 	 2 
147.2261 	 2 
147.3422 	 0 
147.3538 	 1 
147.3771 	 2 
147.5164 	 2 
147.5628 	 0 
147.6789 	 2 
147.6905 	 0 
147.8182 	 2 
147.9111 	 0 
147.9576 	 2 
148.1201 	 1 
148.1201 	 2 
148.1317 	 0 
148.2710 	 2 
148.4103 	 2 
148.4684 	 0 
148.5613 	 2 
148.7122 	 2 
148.7935 	 0 
148.8515 	 2 
149.0024 	 2 
149.1185 	 0 
149.1302 	 1 
149.1534 	 2 
149.3043 	 2 
149.4552 	 2 
149.4668 	 0 
149.5946 	 2 
149.6874 	 0 
149.7339 	 2 
149.8964 	 0 
149.8964 	 2 
150.0473 	 2 
150.1867 	 2 
150.2447 	 0 
150.3376 	 2 
150.4885 	 2 
150.5814 	 0 
150.6278 	 2 
150.7904 	 2 
150.9181 	 1 
151.0690 	 2 
151.2316 	 2 
151.3709 	 2 
151.5218 	 2 
151.6727 	 2 
151.6844 	 0 
151.8237 	 2 
151.9630 	 2 
152.1139 	 2 
152.2649 	 2 
152.4042 	 2 
152.5667 	 2 
152.7060 	 2 
152.8454 	 2 
152.9150 	 0 
153.0079 	 2 
153.1472 	 2 
153.2401 	 0 
153.2981 	 2 
153.4491 	 2 
153.6000 	 2 
153.7393 	 2 
153.7974 	 0 
153.8902 	 1 
153.8902 	 2 
154.0412 	 2 
154.1341 	 0 
154.1805 	 2 
154.3430 	 2 
154.4824 	 2 
154.6333 	 2 
154.6797 	 0 
154.7842 	 2 
154.9351 	 2 
155.0164 	 0 
155.0745 	 2 
155.2254 	 2 
155.2254 	 0 
155.3763 	 2 
155.5156 	 2 
155.6666 	 2 
155.8175 	 2 
155.9104 	 0 
155.9568 	 2 
156.1194 	 2 
156.2587 	 2 
156.4096 	 2 
156.4677 	 0 
156.5605 	 2 
156.7115 	 2 
156.7927 	 0 
156.8508 	 2 
157.0017 	 2 
157.0133 	 0 
157.1178 	 2 
157.2339 	 2 
157.3500 	 2 
157.3500 	 0 
157.4545 	 2 
157.4545 	 1 
157.5590 	 2 
157.6751 	 1 
157.6751 	 2 
157.6867 	 0 
157.7796 	 2 
157.8957 	 2 
158.0118 	 0 
158.0118 	 2 
158.1279 	 2 
158.2440 	 0 
158.3485 	 2 
158.3485 	 0 
158.4530 	 2 
158.5691 	 0 
158.5691 	 2 
158.6852 	 2 
158.7432 	 2 
158.7780 	 1 
158.7897 	 2 
158.7897 	 0 
158.8941 	 2 
159.0102 	 2 
159.1147 	 1 
159.1263 	 2 
159.1263 	 0 
159.2308 	 2 
159.3353 	 2 
159.4514 	 2 
159.4514 	 1 
159.4630 	 0 
159.5675 	 2 
159.6720 	 2 
159.7881 	 1 
159.7881 	 2 
159.7997 	 0 
159.9042 	 2 
160.0087 	 0 
160.1248 	 0 
160.1248 	 2 
160.2293 	 2 
160.3454 	 0 
160.3454 	 2 
160.4615 	 2 
160.5195 	 2 
160.5544 	 1 
160.5660 	 2 
160.5776 	 0 
160.6705 	 2 
160.7866 	 2 
160.9027 	 2 
160.9027 	 0 
161.0072 	 2 
161.1117 	 2 
161.2394 	 2 
161.2394 	 0 
161.3439 	 2 
161.4483 	 2 
161.5644 	 2 
161.5644 	 0 
161.5644 	 1 
161.6805 	 2 
161.7966 	 0 
161.9011 	 2 
161.9127 	 0 
162.0056 	 2 
162.1217 	 2 
162.1217 	 0 
162.2378 	 2 
162.2959 	 2 
162.3423 	 1 
162.3423 	 2 
162.3539 	 0 
162.4468 	 2 
162.5513 	 2 
162.6674 	 1 
162.6790 	 0 
162.7835 	 2 
162.8996 	 2 
163.0157 	 0 
163.0157 	 2 
163.1202 	 2 
163.2247 	 2 
163.3408 	 2 
163.3408 	 1 
163.3524 	 0 
163.4569 	 2 
163.5846 	 0 
163.6775 	 1 
163.6775 	 2 
163.6891 	 0 
163.7820 	 2 
163.8980 	 2 
163.9097 	 0 
164.0141 	 2 
164.0722 	 2 
164.1302 	 0 
164.2580 	 2 
164.4553 	 2 
164.8036 	 0 
165.3493 	 0 
165.4538 	 2 
165.5931 	 2 
165.6860 	 0 
166.0343 	 2 
166.2317 	 2 
166.5800 	 0 
166.6961 	 2 
167.1372 	 0 
167.2301 	 2 
167.2417 	 0 
167.4623 	 0 
167.7990 	 2 
168.0080 	 0 
168.9136 	 0 
169.1458 	 2 
169.2386 	 0 
169.5869 	 2 
169.7843 	 0 
170.1326 	 0 
170.6783 	 0 
170.9221 	 2 
171.0150 	 0 
195.6281 	 2 
199.9006 	 1 
199.9122 	 2 
200.1328 	 1 
200.3418 	 2 
200.3534 	 1 
200.3650 	 0 
200.5624 	 1 
200.6668 	 2 
200.7829 	 1 
200.7946 	 2 
200.9107 	 0 
200.9223 	 2 
201.0151 	 1 
201.0500 	 2 
201.2357 	 2 
201.2357 	 1 
201.2473 	 0 
201.6885 	 1 
201.9091 	 1 
202.1181 	 2 
202.1413 	 1 
202.3387 	 2 
202.4432 	 2 
202.5709 	 2 
202.5709 	 1 
202.6870 	 0 
202.6986 	 2 
202.8031 	 1 
203.0121 	 1 
203.0237 	 0 
203.0237 	 2 
203.3371 	 2 
203.4532 	 1 
203.6738 	 1 
203.9060 	 2 
204.2195 	 2 
204.3472 	 1 
204.3472 	 2 
204.4633 	 0 
204.4749 	 2 
204.5794 	 1 
204.6026 	 2 
204.7884 	 1 
204.8000 	 2 
204.8000 	 0 
205.2296 	 1 
205.4618 	 1 
205.6707 	 2 
205.6940 	 1 
205.8913 	 2 
205.9958 	 2 
206.1235 	 2 
206.1235 	 1 
206.2396 	 0 
206.2512 	 2 
206.3557 	 1 
206.5647 	 1 
206.5763 	 0 
206.5763 	 2 
206.8898 	 2 
206.8898 	 1 
207.0175 	 0 
207.0175 	 2 
207.0175 	 1 
207.2381 	 1 
207.4587 	 2 
207.4703 	 1 
207.8999 	 1 
207.9115 	 2 
208.0276 	 0 
208.0276 	 2 
208.1321 	 1 
208.1437 	 2 
208.3410 	 1 
208.3527 	 0 
208.3527 	 2 
208.6661 	 2 
208.7822 	 2 
208.7822 	 1 
208.9912 	 1 
209.2350 	 2 
209.2466 	 1 
209.4440 	 0 
209.4440 	 2 
209.6762 	 1 
209.6878 	 2 
209.8039 	 0 
209.8039 	 2 
209.9084 	 1 
210.1174 	 1 
210.1290 	 0 
210.1290 	 2 
210.4424 	 2 
210.4541 	 0 
210.5818 	 1 
210.7907 	 1 
211.0113 	 2 
211.2319 	 2 
211.3364 	 2 
211.4525 	 1 
211.4641 	 2 
211.5802 	 2 
211.5802 	 0 
211.6963 	 2 
211.8937 	 1 
211.9053 	 2 
211.9053 	 0 
212.3465 	 2 
212.3465 	 1 
212.5671 	 2 
212.6948 	 1 
212.9038 	 1 
212.9154 	 2 
213.1360 	 1 
213.1360 	 2 
213.3566 	 0 
213.4610 	 2 
213.4727 	 1 
213.5888 	 1 
213.6932 	 1 
213.8210 	 1 
213.9951 	 2 
214.0067 	 0 
214.0067 	 1 
214.1228 	 2 
214.2273 	 1 
214.2389 	 0 
214.3550 	 1 
214.5640 	 1 
214.5640 	 0 
214.5756 	 2 
214.8891 	 1 
214.8891 	 2 
215.0168 	 2 
215.1329 	 0 
215.1561 	 2 
215.2374 	 0 
215.2374 	 1 
215.4580 	 0 
215.4580 	 1 
215.4696 	 2 
215.6785 	 1 
215.7714 	 2 
215.8991 	 2 
216.0036 	 1 
216.1197 	 1 
216.3519 	 2 
216.3519 	 1 
216.3519 	 0 
216.5493 	 1 
216.6770 	 2 
216.7815 	 1 
216.7931 	 2 
216.8976 	 0 
216.9324 	 2 
217.0137 	 0 
217.0137 	 1 
217.2343 	 1 
217.2459 	 2 
217.4549 	 1 
217.4665 	 0 
217.5710 	 2 
217.6755 	 2 
217.7916 	 0 
217.9077 	 1 
218.1283 	 2 
218.1283 	 1 
218.4533 	 2 
218.5578 	 1 
218.5927 	 2 
218.6739 	 0 
218.7088 	 2 
218.7900 	 1 
218.8016 	 0 
219.0106 	 1 
219.0106 	 0 
219.0222 	 2 
219.2312 	 1 
219.4518 	 2 
219.5563 	 1 
219.5679 	 0 
219.6840 	 1 
219.9046 	 2 
219.9046 	 1 
220.2297 	 2 
220.2297 	 0 
220.3574 	 2 
220.4851 	 2 
220.5663 	 1 
220.6012 	 0 
220.6128 	 1 
220.7869 	 1 
220.7985 	 2 
221.0075 	 1 
221.0191 	 0 
221.2281 	 2 
221.3326 	 1 
221.4487 	 0 
221.4603 	 1 
221.6809 	 0 
221.6809 	 2 
222.0060 	 2 
222.1337 	 2 
222.2614 	 2 
222.3427 	 0 
222.3543 	 1 
222.5633 	 1 
222.5633 	 0 
222.5749 	 2 
222.7839 	 1 
223.0044 	 2 
223.2366 	 1 
223.4572 	 2 
223.4572 	 0 
223.4572 	 1 
223.7823 	 2 
223.9100 	 2 
224.0377 	 2 
224.1306 	 1 
224.3396 	 0 
224.3396 	 1 
224.3512 	 2 
224.5602 	 1 
224.5718 	 0 
224.6763 	 0 
224.6763 	 2 
224.7924 	 2 
225.0014 	 0 
225.0130 	 1 
225.2336 	 0 
225.2568 	 2 
225.5586 	 2 
225.6863 	 2 
225.8141 	 2 
225.8953 	 0 
225.9069 	 1 
226.1159 	 0 
226.1275 	 2 
226.1275 	 1 
226.3365 	 1 
226.5687 	 1 
226.6848 	 0 
226.7893 	 1 
226.9170 	 1 
227.1260 	 1 
227.3466 	 0 
227.3466 	 1 
227.5788 	 2 
227.5788 	 0 
227.6833 	 1 
227.9039 	 0 
228.0432 	 1 
228.2173 	 2 
228.2289 	 1 
228.2289 	 0 
228.3450 	 2 
228.4611 	 0 
228.5656 	 1 
228.7862 	 0 
229.2274 	 0 
229.4596 	 1 
229.4596 	 0 
229.6802 	 0 
229.6918 	 2 
229.9008 	 1 
229.9937 	 2 
230.1098 	 2 
230.3536 	 1 
230.5625 	 2 
230.7831 	 2 
230.8876 	 2 
231.0037 	 2 
231.0153 	 0 
231.1430 	 2 
231.2359 	 1 
231.4681 	 2 
231.7816 	 2 
231.8977 	 2 
232.1183 	 1 
232.5595 	 2 
232.7917 	 2 
232.9078 	 2 
233.0239 	 1 
233.2444 	 0 
233.2444 	 2 
233.6856 	 2 
234.5796 	 2 
235.0092 	 2 
235.4620 	 2 
