0.4063 	 1 
0.4180 	 2 
1.2655 	 1 
1.2655 	 2 
1.9040 	 2 
1.9156 	 1 
2.1130 	 1 
2.1246 	 2 
2.9838 	 2 
2.9838 	 1 
3.2972 	 1 
3.3088 	 2 
3.5643 	 1 
3.6223 	 2 
3.6223 	 1 
3.7384 	 2 
3.8429 	 2 
3.8429 	 1 
4.1912 	 2 
4.2028 	 1 
4.3305 	 2 
4.4815 	 2 
4.4815 	 1 
5.0155 	 2 
5.0155 	 1 
5.3406 	 2 
5.3406 	 1 
5.4915 	 1 
5.4915 	 2 
5.5496 	 1 
5.5496 	 2 
6.1881 	 1 
6.1997 	 2 
6.3274 	 2 
6.3390 	 1 
6.4087 	 1 
6.4203 	 2 
6.8383 	 1 
6.8383 	 2 
7.0473 	 2 
7.0473 	 1 
7.2678 	 2 
7.2678 	 1 
7.4768 	 2 
7.4768 	 1 
7.6858 	 2 
7.6974 	 1 
7.9064 	 2 
7.9180 	 1 
8.1154 	 2 
8.1154 	 1 
8.3360 	 1 
8.3360 	 2 
8.4405 	 2 
8.4521 	 1 
8.5566 	 1 
8.5566 	 2 
8.7655 	 1 
8.7655 	 2 
8.9745 	 1 
8.9745 	 2 
9.1951 	 1 
9.1951 	 2 
9.4041 	 2 
9.4041 	 1 
9.6247 	 2 
9.6247 	 1 
9.8337 	 1 
9.8337 	 2 
9.9498 	 1 
9.9498 	 2 
10.0426 	 2 
10.0542 	 1 
10.1587 	 1 
10.1587 	 2 
10.2632 	 2 
10.2748 	 1 
10.4258 	 1 
10.4838 	 1 
10.4838 	 2 
10.6928 	 1 
10.7044 	 2 
10.9018 	 2 
10.9134 	 1 
11.0179 	 1 
11.0179 	 2 
11.1224 	 2 
11.1224 	 1 
11.3313 	 1 
11.3313 	 2 
11.4010 	 2 
11.5519 	 1 
11.5519 	 2 
11.7609 	 2 
11.7609 	 1 
11.8654 	 2 
11.8770 	 1 
11.9815 	 2 
11.9815 	 1 
12.1905 	 1 
12.1905 	 2 
12.3530 	 2 
12.3530 	 1 
12.4111 	 1 
12.4111 	 2 
12.6200 	 2 
12.6200 	 1 
12.8406 	 1 
12.8406 	 2 
13.0496 	 1 
13.0612 	 2 
13.1889 	 2 
13.2702 	 1 
13.2702 	 2 
13.3747 	 1 
13.3747 	 2 
13.4792 	 1 
13.4792 	 2 
13.5837 	 2 
13.5953 	 1 
13.6998 	 2 
13.6998 	 1 
13.8043 	 2 
13.9088 	 2 
13.9204 	 1 
14.0132 	 2 
14.0249 	 1 
14.1177 	 1 
14.1293 	 2 
14.1874 	 2 
14.2338 	 1 
14.2454 	 2 
14.3383 	 1 
14.3383 	 2 
14.4544 	 2 
14.4544 	 1 
14.5473 	 1 
14.5589 	 2 
14.6634 	 1 
14.6634 	 2 
14.7679 	 1 
14.7679 	 2 
14.8840 	 1 
14.8840 	 2 
14.9885 	 1 
14.9885 	 2 
15.0930 	 2 
15.1046 	 1 
15.1975 	 2 
15.1975 	 1 
15.3136 	 2 
15.3136 	 1 
15.4064 	 2 
15.4064 	 1 
15.5225 	 2 
15.5225 	 1 
15.6270 	 1 
15.6270 	 2 
15.7315 	 2 
15.7431 	 1 
15.8360 	 2 
15.8476 	 1 
15.9521 	 1 
15.9521 	 2 
16.0450 	 1 
16.0450 	 2 
16.1611 	 1 
16.1611 	 2 
16.2656 	 2 
16.2656 	 1 
16.3701 	 2 
16.3817 	 1 
16.4862 	 2 
16.4862 	 1 
16.5907 	 2 
16.6023 	 1 
16.6951 	 2 
16.7068 	 1 
16.7996 	 2 
16.8112 	 1 
16.9041 	 1 
16.9157 	 2 
17.0202 	 1 
17.0202 	 2 
17.1247 	 1 
17.1247 	 2 
17.2292 	 1 
17.2292 	 2 
17.3453 	 1 
17.3453 	 2 
17.4498 	 2 
17.4498 	 1 
17.5543 	 2 
17.5543 	 1 
17.6588 	 2 
17.6704 	 1 
17.7633 	 1 
17.7633 	 2 
17.8678 	 2 
17.8794 	 1 
17.9839 	 1 
17.9839 	 2 
18.0883 	 2 
18.1000 	 1 
18.1928 	 1 
18.1928 	 2 
18.3089 	 1 
18.3089 	 2 
18.4134 	 1 
18.4134 	 2 
18.5179 	 2 
18.5295 	 1 
18.6224 	 2 
18.6224 	 1 
18.7269 	 2 
18.7385 	 1 
18.8430 	 2 
18.8430 	 1 
18.9475 	 1 
18.9475 	 2 
19.0520 	 2 
19.0520 	 1 
19.1565 	 2 
19.1681 	 1 
19.2726 	 1 
19.2726 	 2 
19.3771 	 2 
19.3887 	 1 
19.4815 	 1 
19.4815 	 2 
19.5860 	 2 
19.5860 	 1 
19.6905 	 2 
19.7021 	 1 
19.8066 	 2 
19.8066 	 1 
19.9111 	 2 
19.9111 	 1 
20.0156 	 2 
20.0272 	 1 
20.1317 	 2 
20.1317 	 1 
20.2362 	 2 
20.3291 	 1 
20.3291 	 2 
20.4452 	 1 
20.4452 	 2 
20.5497 	 2 
20.5613 	 1 
20.6658 	 1 
20.6658 	 2 
20.7702 	 1 
20.7702 	 2 
20.8747 	 1 
20.8747 	 2 
20.9792 	 2 
20.9792 	 1 
21.1069 	 2 
21.1998 	 2 
21.1998 	 1 
21.3043 	 2 
21.3159 	 1 
21.4088 	 2 
21.4088 	 1 
21.5249 	 2 
21.5249 	 1 
21.6294 	 1 
21.6294 	 2 
21.7339 	 1 
21.7339 	 2 
21.8384 	 1 
21.8384 	 2 
21.9429 	 2 
21.9545 	 1 
22.0473 	 2 
22.0473 	 1 
22.1634 	 2 
22.1634 	 1 
22.2679 	 2 
22.2679 	 1 
22.3724 	 2 
22.3724 	 1 
22.4769 	 2 
22.4885 	 1 
22.5930 	 2 
22.5930 	 1 
22.6975 	 2 
22.6975 	 1 
22.8020 	 2 
22.8136 	 1 
22.9065 	 2 
22.9065 	 1 
23.0226 	 2 
23.0226 	 1 
23.1271 	 2 
23.1271 	 1 
23.2316 	 2 
23.2316 	 1 
23.3361 	 2 
23.3477 	 1 
23.4522 	 2 
23.4522 	 1 
23.5566 	 1 
23.5566 	 2 
23.6611 	 2 
23.6727 	 1 
23.7656 	 1 
23.7656 	 2 
23.8701 	 2 
23.8817 	 1 
23.9746 	 2 
23.9862 	 1 
24.0907 	 2 
24.0907 	 1 
24.1952 	 2 
24.1952 	 1 
24.2997 	 2 
24.3113 	 1 
24.4158 	 1 
24.4158 	 2 
24.5203 	 2 
24.5319 	 1 
24.6248 	 2 
24.6248 	 1 
24.7293 	 2 
24.7293 	 1 
24.8337 	 2 
24.8454 	 1 
24.9498 	 2 
24.9498 	 1 
25.0543 	 2 
25.0543 	 1 
25.1704 	 1 
25.1704 	 2 
25.2749 	 1 
25.2749 	 2 
25.3678 	 2 
25.3794 	 1 
25.4839 	 1 
25.4839 	 2 
25.5884 	 1 
25.5884 	 2 
25.6929 	 2 
25.7045 	 1 
25.8090 	 1 
25.8090 	 2 
25.9135 	 2 
25.9135 	 1 
26.0180 	 1 
26.0180 	 2 
26.1224 	 2 
26.1341 	 1 
26.2385 	 2 
26.2385 	 1 
26.3314 	 2 
26.3314 	 1 
26.4475 	 1 
26.4475 	 2 
26.5520 	 2 
26.5636 	 1 
26.6681 	 2 
26.6681 	 1 
26.7610 	 2 
26.7726 	 1 
26.8771 	 1 
26.8771 	 2 
26.9932 	 2 
26.9932 	 1 
27.0861 	 2 
27.1906 	 1 
27.1906 	 2 
27.3067 	 2 
27.3067 	 1 
27.3531 	 2 
27.4112 	 2 
27.4112 	 1 
27.4576 	 2 
27.4576 	 1 
27.5156 	 1 
27.5156 	 2 
27.5621 	 1 
27.5621 	 2 
27.6201 	 1 
27.6317 	 2 
27.6782 	 1 
27.6782 	 2 
27.7362 	 2 
27.7362 	 1 
27.7827 	 2 
27.7827 	 1 
27.8407 	 1 
27.8407 	 2 
27.8988 	 2 
27.8988 	 1 
27.9452 	 1 
27.9452 	 2 
27.9917 	 2 
28.0033 	 1 
28.0497 	 1 
28.0497 	 2 
28.1078 	 1 
28.1078 	 2 
28.1658 	 2 
28.1658 	 1 
28.2122 	 1 
28.2122 	 2 
28.2703 	 1 
28.2703 	 2 
28.3167 	 2 
28.3167 	 1 
28.3748 	 1 
28.3748 	 2 
28.4212 	 2 
28.4212 	 1 
28.4793 	 1 
28.4793 	 2 
28.5373 	 1 
28.5373 	 2 
28.5954 	 1 
28.5954 	 2 
28.6302 	 2 
28.6418 	 1 
28.6999 	 2 
28.6999 	 1 
28.7463 	 1 
28.7463 	 2 
28.8044 	 1 
28.8044 	 2 
28.8508 	 2 
28.8508 	 1 
28.9088 	 1 
28.9088 	 2 
28.9669 	 2 
28.9669 	 1 
29.0133 	 2 
29.0249 	 1 
29.0598 	 2 
29.0714 	 1 
29.1178 	 2 
29.1294 	 1 
29.1759 	 2 
29.1759 	 1 
29.2339 	 2 
29.2339 	 1 
29.2804 	 2 
29.2804 	 1 
29.3384 	 2 
29.3384 	 1 
29.3965 	 1 
29.3965 	 2 
29.4429 	 2 
29.4545 	 1 
29.4893 	 2 
29.5010 	 1 
29.5590 	 1 
29.5590 	 2 
29.6054 	 1 
29.6054 	 2 
29.6635 	 2 
29.6635 	 1 
29.7099 	 2 
29.7099 	 1 
29.7564 	 2 
29.7564 	 1 
29.8144 	 1 
29.8144 	 2 
29.8725 	 1 
29.8725 	 2 
29.9305 	 2 
29.9305 	 1 
29.9770 	 2 
29.9886 	 1 
30.0350 	 1 
30.0350 	 2 
30.0931 	 2 
30.0931 	 1 
30.1395 	 2 
30.1395 	 1 
30.1976 	 2 
30.1976 	 1 
30.2556 	 2 
30.2556 	 1 
30.3020 	 1 
30.3020 	 2 
30.3485 	 2 
30.3485 	 1 
30.4065 	 1 
30.4181 	 2 
30.4646 	 1 
30.4646 	 2 
30.5226 	 1 
30.5226 	 2 
30.5691 	 1 
30.5691 	 2 
30.6155 	 2 
30.6155 	 1 
30.6736 	 2 
30.6852 	 1 
30.7316 	 1 
30.7316 	 2 
30.7780 	 1 
30.7780 	 2 
30.8361 	 1 
30.8361 	 2 
30.8941 	 1 
30.8941 	 2 
30.9406 	 2 
30.9522 	 1 
30.9986 	 1 
30.9986 	 2 
31.0567 	 2 
31.0567 	 1 
31.1031 	 2 
31.1031 	 1 
31.1612 	 1 
31.1612 	 2 
31.2076 	 2 
31.2076 	 1 
31.2657 	 2 
31.2657 	 1 
31.3237 	 2 
31.3237 	 1 
31.3818 	 2 
31.3818 	 1 
31.4282 	 1 
31.4282 	 2 
31.4746 	 1 
31.4746 	 2 
31.5327 	 2 
31.5327 	 1 
31.5907 	 2 
31.5907 	 1 
31.6372 	 1 
31.6372 	 2 
31.6952 	 2 
31.6952 	 1 
31.7417 	 2 
31.7533 	 1 
31.7997 	 2 
31.8113 	 1 
31.8462 	 2 
31.8578 	 1 
31.9158 	 1 
31.9158 	 2 
31.9623 	 1 
31.9739 	 2 
32.0203 	 1 
32.0203 	 2 
32.0668 	 2 
32.0668 	 1 
32.1248 	 1 
32.1248 	 2 
32.1829 	 1 
32.1829 	 2 
32.2293 	 2 
32.2409 	 1 
32.2757 	 2 
32.2873 	 1 
32.3338 	 2 
32.3338 	 1 
32.3918 	 2 
32.3918 	 1 
32.4499 	 2 
32.4499 	 1 
32.4963 	 1 
32.4963 	 2 
32.5544 	 1 
32.5544 	 2 
32.6008 	 2 
32.6008 	 1 
32.6589 	 1 
32.6589 	 2 
32.7053 	 1 
32.7053 	 2 
32.7634 	 1 
32.7750 	 2 
32.8214 	 1 
32.8214 	 2 
32.8795 	 2 
32.8795 	 1 
32.9259 	 1 
32.9259 	 2 
32.9839 	 1 
32.9839 	 2 
33.0420 	 1 
33.0420 	 2 
33.0884 	 1 
33.0884 	 2 
33.1349 	 1 
33.1349 	 2 
33.1929 	 2 
33.1929 	 1 
33.2394 	 1 
33.2394 	 2 
33.3090 	 1 
33.3090 	 2 
33.3555 	 1 
33.3555 	 2 
33.4019 	 2 
33.4135 	 1 
33.4600 	 2 
33.4716 	 1 
33.5180 	 1 
33.5180 	 2 
33.5644 	 2 
33.5644 	 1 
33.6225 	 2 
33.6225 	 1 
33.6805 	 1 
33.6805 	 2 
33.7386 	 1 
33.7386 	 2 
33.7850 	 2 
33.7850 	 1 
33.8431 	 1 
33.8431 	 2 
33.8895 	 1 
33.8895 	 2 
33.9476 	 1 
33.9476 	 2 
33.9940 	 1 
33.9940 	 2 
34.0521 	 1 
34.0521 	 2 
34.0985 	 2 
34.1101 	 1 
34.1682 	 1 
34.1682 	 2 
34.2146 	 2 
34.2146 	 1 
34.2610 	 1 
34.2727 	 2 
34.3191 	 2 
34.3191 	 1 
34.3771 	 2 
34.3771 	 1 
34.4236 	 2 
34.4236 	 1 
34.4816 	 1 
34.4816 	 2 
34.5397 	 1 
34.5397 	 2 
34.5861 	 2 
34.5977 	 1 
34.6326 	 2 
34.6442 	 1 
34.7022 	 2 
34.7022 	 1 
34.8415 	 2 
34.8996 	 2 
34.9112 	 1 
34.9460 	 2 
34.9576 	 1 
35.0157 	 2 
35.0273 	 1 
35.0737 	 1 
35.0737 	 2 
35.1202 	 1 
35.1202 	 2 
35.1782 	 1 
35.1782 	 2 
35.2363 	 2 
35.2363 	 1 
35.2827 	 1 
35.2827 	 2 
35.3408 	 1 
35.3408 	 2 
35.3988 	 2 
35.3988 	 1 
35.4453 	 1 
35.4453 	 2 
35.4917 	 2 
35.4917 	 1 
35.5498 	 1 
35.5498 	 2 
35.6078 	 1 
35.6078 	 2 
35.6659 	 2 
35.6659 	 1 
35.7123 	 1 
35.7123 	 2 
35.7587 	 1 
35.7587 	 2 
35.8168 	 2 
35.8168 	 1 
35.8748 	 1 
35.8748 	 2 
35.9213 	 1 
35.9213 	 2 
35.9793 	 2 
35.9793 	 1 
36.0374 	 2 
36.0374 	 1 
36.0838 	 2 
36.0954 	 1 
36.1419 	 2 
36.1419 	 1 
36.1999 	 2 
36.1999 	 1 
36.2463 	 2 
36.2463 	 1 
36.3044 	 1 
36.3044 	 2 
36.3508 	 1 
36.3508 	 2 
36.4089 	 2 
36.4089 	 1 
36.4669 	 1 
36.4669 	 2 
36.5134 	 2 
36.5250 	 1 
36.5714 	 2 
36.5714 	 1 
36.6179 	 1 
36.6179 	 2 
36.6759 	 1 
36.6759 	 2 
36.7340 	 1 
36.7340 	 2 
36.7804 	 2 
36.7920 	 1 
36.8385 	 1 
36.8385 	 2 
36.8965 	 2 
36.8965 	 1 
36.9429 	 2 
36.9546 	 1 
36.9894 	 2 
37.0010 	 1 
37.0590 	 2 
37.0590 	 1 
37.1055 	 1 
37.1171 	 2 
37.1635 	 2 
37.1635 	 1 
37.2100 	 2 
37.2100 	 1 
37.2680 	 2 
37.2680 	 1 
37.3261 	 1 
37.3261 	 2 
37.3725 	 2 
37.3841 	 1 
37.4190 	 2 
37.4190 	 1 
37.4770 	 1 
37.4770 	 2 
37.5351 	 2 
37.5351 	 1 
37.5931 	 2 
37.5931 	 1 
37.6395 	 1 
37.6395 	 2 
37.6976 	 2 
37.6976 	 1 
37.7440 	 2 
37.7440 	 1 
37.8021 	 2 
37.8021 	 1 
37.8485 	 2 
37.8485 	 1 
37.9066 	 1 
37.9182 	 2 
37.9646 	 2 
37.9646 	 1 
38.0227 	 1 
38.0227 	 2 
38.0691 	 1 
38.0691 	 2 
38.1272 	 2 
38.1272 	 1 
38.1736 	 1 
38.1736 	 2 
38.2317 	 2 
38.2317 	 1 
38.2781 	 2 
38.2781 	 1 
38.3361 	 2 
38.3361 	 1 
38.3826 	 1 
38.3826 	 2 
38.4406 	 1 
38.4522 	 2 
38.4987 	 1 
38.4987 	 2 
38.5451 	 1 
38.5451 	 2 
38.6032 	 2 
38.6032 	 1 
38.6612 	 2 
38.6612 	 1 
38.7077 	 2 
38.7077 	 1 
38.7657 	 1 
38.7657 	 2 
38.8238 	 1 
38.8238 	 2 
38.8818 	 1 
38.8818 	 2 
38.9283 	 1 
38.9283 	 2 
38.9863 	 2 
38.9863 	 1 
39.0327 	 2 
39.0327 	 1 
39.0908 	 2 
39.0908 	 1 
39.1372 	 2 
39.1372 	 1 
39.1953 	 2 
39.1953 	 1 
39.2417 	 2 
39.2533 	 1 
39.2998 	 2 
39.3114 	 1 
39.3578 	 2 
39.3578 	 1 
39.4043 	 1 
39.4159 	 2 
39.4623 	 2 
39.4623 	 1 
39.5204 	 2 
39.5204 	 1 
39.5668 	 2 
39.5668 	 1 
39.6249 	 2 
39.6249 	 1 
39.6829 	 1 
39.6829 	 2 
39.7293 	 2 
39.7410 	 1 
39.7758 	 2 
39.7758 	 1 
39.8338 	 1 
39.8454 	 2 
39.8919 	 2 
39.8919 	 1 
39.9499 	 2 
39.9499 	 1 
39.9964 	 1 
39.9964 	 2 
40.0544 	 1 
40.0544 	 2 
40.1009 	 1 
40.1009 	 2 
40.1589 	 2 
40.1589 	 1 
40.2054 	 2 
40.2170 	 1 
40.2634 	 2 
40.2634 	 1 
40.3215 	 1 
40.3215 	 2 
40.3795 	 2 
40.3795 	 1 
40.4259 	 1 
40.4259 	 2 
40.4840 	 2 
40.4840 	 1 
40.5304 	 1 
40.5420 	 2 
40.5885 	 2 
40.5885 	 1 
40.6349 	 1 
40.6349 	 2 
40.6930 	 2 
40.6930 	 1 
40.7394 	 2 
40.7510 	 1 
40.7975 	 1 
40.7975 	 2 
40.8555 	 1 
40.8555 	 2 
40.9020 	 2 
40.9020 	 1 
40.9600 	 1 
40.9600 	 2 
41.0180 	 2 
41.0180 	 1 
41.0645 	 1 
41.0645 	 2 
41.1225 	 2 
41.1225 	 1 
41.1806 	 1 
41.1806 	 2 
41.2270 	 1 
41.2386 	 2 
41.2851 	 1 
41.2851 	 2 
41.3315 	 1 
41.3431 	 2 
41.3896 	 2 
41.3896 	 1 
41.4476 	 1 
41.4476 	 2 
41.5057 	 2 
41.5521 	 2 
41.6566 	 2 
48.4020 	 2 
48.4020 	 1 
54.8339 	 2 
54.8455 	 1 
55.0545 	 1 
55.0545 	 2 
55.2635 	 1 
55.2751 	 2 
55.7047 	 1 
55.7047 	 2 
55.8324 	 2 
55.9137 	 1 
56.0414 	 2 
56.1342 	 1 
56.2271 	 2 
56.2271 	 1 
56.3316 	 2 
56.3432 	 1 
56.4477 	 2 
56.5522 	 2 
56.6451 	 2 
56.7612 	 2 
56.7612 	 1 
56.9353 	 2 
56.9818 	 2 
56.9934 	 1 
57.1907 	 1 
57.1907 	 2 
57.4113 	 2 
57.4113 	 1 
57.5158 	 2 
57.6319 	 1 
57.6319 	 2 
57.8409 	 1 
57.8409 	 2 
57.9570 	 1 
58.0615 	 1 
58.0615 	 2 
58.1544 	 2 
58.1660 	 1 
58.2705 	 1 
58.2705 	 2 
58.4795 	 1 
58.4795 	 2 
58.7000 	 1 
58.7000 	 2 
58.9090 	 1 
58.9090 	 2 
59.1180 	 2 
59.1180 	 1 
59.3386 	 1 
59.3386 	 2 
59.5592 	 2 
59.5592 	 1 
59.7682 	 1 
59.7682 	 2 
59.8727 	 2 
59.8727 	 1 
59.9771 	 2 
59.9888 	 1 
60.1977 	 2 
60.1977 	 1 
60.4183 	 2 
60.4183 	 1 
60.6273 	 1 
60.6273 	 2 
60.8363 	 2 
60.8363 	 1 
61.0569 	 1 
61.0569 	 2 
61.2659 	 1 
61.2659 	 2 
61.3703 	 2 
61.3820 	 1 
61.4748 	 2 
61.4748 	 1 
61.6954 	 2 
61.6954 	 1 
61.9160 	 1 
61.9160 	 2 
62.1250 	 2 
62.1250 	 1 
62.3456 	 1 
62.4268 	 2 
62.5546 	 1 
62.5546 	 2 
62.7751 	 2 
62.7751 	 1 
62.9841 	 2 
62.9841 	 1 
63.0886 	 1 
63.0886 	 2 
63.1931 	 2 
63.1931 	 1 
63.3092 	 1 
63.3092 	 2 
63.3905 	 1 
63.3905 	 2 
63.4950 	 2 
63.6227 	 1 
63.6227 	 2 
63.8433 	 2 
63.8433 	 1 
64.0522 	 2 
64.0522 	 1 
64.2728 	 2 
64.2728 	 1 
64.3773 	 2 
64.4818 	 2 
64.4818 	 1 
64.7024 	 1 
64.7024 	 2 
64.7953 	 2 
64.8069 	 1 
64.8998 	 1 
64.8998 	 2 
65.0159 	 1 
65.0275 	 2 
65.1204 	 2 
65.1320 	 1 
65.3410 	 1 
65.3410 	 2 
65.5383 	 2 
65.5499 	 1 
65.7589 	 2 
65.7705 	 1 
65.8750 	 1 
65.8750 	 2 
65.9795 	 1 
65.9795 	 2 
66.1885 	 2 
66.2001 	 1 
66.4091 	 2 
66.4207 	 1 
66.5136 	 2 
66.6180 	 2 
66.6180 	 1 
66.7341 	 1 
66.7341 	 2 
66.8386 	 2 
66.8386 	 1 
67.0476 	 2 
67.0592 	 1 
67.2682 	 2 
67.2682 	 1 
67.4772 	 1 
67.4772 	 2 
67.6978 	 2 
67.6978 	 1 
67.9184 	 2 
67.9184 	 1 
68.1273 	 2 
68.1273 	 1 
68.2318 	 2 
68.2434 	 1 
68.3363 	 1 
68.3363 	 2 
68.4408 	 2 
68.4408 	 1 
68.5569 	 2 
68.5569 	 1 
68.6614 	 2 
68.7659 	 2 
68.7659 	 1 
68.8704 	 2 
68.8820 	 1 
68.9749 	 2 
68.9749 	 1 
69.0329 	 2 
69.1955 	 2 
69.1955 	 1 
69.3116 	 2 
69.3116 	 1 
69.4161 	 2 
69.4161 	 1 
69.5205 	 2 
69.5205 	 1 
69.6250 	 1 
69.6250 	 2 
69.7295 	 2 
69.7411 	 1 
69.7760 	 2 
69.8340 	 1 
69.8456 	 2 
69.9037 	 2 
69.9501 	 1 
69.9501 	 2 
69.9966 	 2 
70.0546 	 2 
70.0546 	 1 
70.1591 	 2 
70.1591 	 1 
70.2752 	 2 
70.2752 	 1 
70.3797 	 1 
70.3797 	 2 
70.4842 	 1 
70.4842 	 2 
70.5887 	 1 
70.5887 	 2 
70.6932 	 2 
70.6932 	 1 
70.7976 	 2 
70.8093 	 1 
70.9021 	 2 
70.9137 	 1 
71.0182 	 2 
71.0182 	 1 
71.1227 	 2 
71.1343 	 1 
71.2272 	 2 
71.2388 	 1 
71.3317 	 2 
71.3433 	 1 
71.4478 	 2 
71.4594 	 1 
71.5523 	 2 
71.5523 	 1 
71.6684 	 2 
71.6684 	 1 
71.7613 	 2 
71.7613 	 1 
71.8774 	 2 
71.8774 	 1 
71.9819 	 1 
71.9819 	 2 
72.0863 	 2 
72.0980 	 1 
72.2024 	 2 
72.2024 	 1 
72.3069 	 2 
72.3069 	 1 
72.4114 	 1 
72.4114 	 2 
72.4695 	 2 
72.5159 	 2 
72.5275 	 1 
72.6204 	 1 
72.6204 	 2 
72.6785 	 2 
72.7365 	 1 
72.7365 	 2 
72.8410 	 2 
72.8410 	 1 
72.9455 	 1 
72.9455 	 2 
73.0500 	 2 
73.0500 	 1 
73.1661 	 2 
73.1661 	 1 
73.2706 	 1 
73.2706 	 2 
73.3286 	 2 
73.3751 	 2 
73.3867 	 1 
73.4215 	 2 
73.4795 	 1 
73.4795 	 2 
73.5956 	 1 
73.5956 	 2 
73.7001 	 1 
73.7001 	 2 
73.8046 	 1 
73.8046 	 2 
73.9091 	 1 
73.9091 	 2 
74.0136 	 2 
74.0252 	 1 
74.1297 	 2 
74.1297 	 1 
74.2342 	 1 
74.2342 	 2 
74.3387 	 2 
74.3387 	 1 
74.4432 	 2 
74.4432 	 1 
74.5593 	 1 
74.5593 	 2 
74.6638 	 2 
74.6638 	 1 
74.7683 	 2 
74.7683 	 1 
74.8727 	 2 
74.8844 	 1 
74.9888 	 2 
74.9888 	 1 
75.0469 	 2 
75.0933 	 1 
75.0933 	 2 
75.1862 	 1 
75.1862 	 2 
75.3023 	 1 
75.3139 	 2 
75.4068 	 2 
75.4184 	 1 
75.5229 	 1 
75.5229 	 2 
75.6274 	 1 
75.6274 	 2 
75.7319 	 1 
75.7319 	 2 
75.8364 	 2 
75.8364 	 1 
75.8944 	 2 
75.9409 	 2 
75.9525 	 1 
75.9873 	 2 
76.0454 	 2 
76.0570 	 1 
76.1150 	 2 
76.1615 	 1 
76.1615 	 2 
76.2659 	 2 
76.2659 	 1 
76.3704 	 2 
76.3820 	 1 
76.4865 	 2 
76.4865 	 1 
76.5910 	 2 
76.6026 	 1 
76.6955 	 1 
76.6955 	 2 
76.7536 	 1 
76.8116 	 1 
76.8116 	 2 
76.8580 	 2 
76.9045 	 2 
76.9045 	 1 
77.0206 	 2 
77.0206 	 1 
77.1251 	 2 
77.1251 	 1 
77.2412 	 1 
77.2412 	 2 
77.3341 	 2 
77.3457 	 1 
77.4502 	 1 
77.4502 	 2 
77.4966 	 2 
77.5546 	 1 
77.5546 	 2 
77.6591 	 2 
77.6707 	 1 
77.7636 	 2 
77.7636 	 1 
77.8797 	 1 
77.8797 	 2 
77.9842 	 1 
77.9842 	 2 
78.0771 	 2 
78.0887 	 1 
78.1932 	 2 
78.2048 	 1 
78.3093 	 1 
78.3093 	 2 
78.4138 	 1 
78.4138 	 2 
78.4718 	 2 
78.5183 	 2 
78.5299 	 1 
78.6228 	 1 
78.6228 	 2 
78.7273 	 1 
78.7389 	 2 
78.8434 	 2 
78.8434 	 1 
78.9478 	 2 
78.9478 	 1 
79.0523 	 2 
79.0523 	 1 
79.1568 	 2 
79.1684 	 1 
79.2729 	 2 
79.2729 	 1 
79.3774 	 2 
79.3890 	 1 
79.4819 	 2 
79.4819 	 1 
79.5864 	 2 
79.5864 	 1 
79.6909 	 2 
79.7025 	 1 
79.7954 	 2 
79.8070 	 1 
79.9115 	 1 
79.9115 	 2 
80.0160 	 2 
80.0276 	 1 
80.1205 	 1 
80.1321 	 2 
80.1901 	 2 
80.2366 	 2 
80.2366 	 1 
80.3410 	 1 
80.3410 	 2 
80.4571 	 2 
80.4571 	 1 
80.5500 	 2 
80.5616 	 1 
80.6661 	 2 
80.6661 	 1 
80.7706 	 1 
80.7706 	 2 
80.8751 	 2 
80.8867 	 1 
80.9796 	 2 
80.9912 	 1 
81.0957 	 2 
81.1073 	 1 
81.1886 	 2 
81.1886 	 1 
81.3047 	 1 
81.3047 	 2 
81.4092 	 1 
81.4208 	 2 
81.5137 	 2 
81.5253 	 1 
81.6298 	 2 
81.6298 	 1 
81.7342 	 2 
81.7459 	 1 
81.8387 	 2 
81.8387 	 1 
81.8968 	 2 
81.9548 	 2 
81.9548 	 1 
82.0477 	 2 
82.0477 	 1 
82.1058 	 2 
82.1638 	 1 
82.1638 	 2 
82.2102 	 2 
82.2683 	 2 
82.2683 	 1 
82.3147 	 1 
82.3147 	 2 
82.3728 	 1 
82.3728 	 2 
82.4192 	 2 
82.4192 	 1 
82.4773 	 1 
82.4889 	 2 
82.5353 	 2 
82.5353 	 1 
82.5934 	 2 
82.5934 	 1 
82.6398 	 1 
82.6398 	 2 
82.6979 	 2 
82.6979 	 1 
82.7443 	 2 
82.7559 	 1 
82.8024 	 1 
82.8024 	 2 
82.8488 	 2 
82.8604 	 1 
82.9068 	 2 
82.9185 	 1 
82.9649 	 1 
82.9649 	 2 
83.0229 	 2 
83.0229 	 1 
83.0694 	 1 
83.0694 	 2 
83.1274 	 2 
83.1274 	 1 
83.1739 	 1 
83.1739 	 2 
83.2319 	 1 
83.2319 	 2 
83.2784 	 2 
83.2900 	 1 
83.3364 	 2 
83.3364 	 1 
83.3945 	 2 
83.3945 	 1 
83.4409 	 2 
83.4525 	 1 
83.4873 	 2 
83.4990 	 1 
83.5454 	 2 
83.5570 	 1 
83.6034 	 1 
83.6034 	 2 
83.6615 	 1 
83.6615 	 2 
83.7079 	 1 
83.7079 	 2 
83.7660 	 1 
83.7660 	 2 
83.8124 	 2 
83.8240 	 1 
83.8705 	 2 
83.8705 	 1 
83.9285 	 1 
83.9285 	 2 
83.9750 	 2 
83.9866 	 1 
84.0330 	 2 
84.0330 	 1 
84.0911 	 2 
84.0911 	 1 
84.1375 	 1 
84.1375 	 2 
84.1956 	 1 
84.1956 	 2 
84.2536 	 1 
84.2536 	 2 
84.3000 	 2 
84.3117 	 1 
84.3465 	 2 
84.3581 	 1 
84.4045 	 2 
84.4161 	 1 
84.4626 	 1 
84.4626 	 2 
84.5206 	 2 
84.5206 	 1 
84.5671 	 1 
84.5671 	 2 
84.6135 	 1 
84.6251 	 2 
84.6716 	 2 
84.6716 	 1 
84.7296 	 1 
84.7296 	 2 
84.7877 	 1 
84.7877 	 2 
84.8457 	 1 
84.8457 	 2 
84.8922 	 2 
84.8922 	 1 
84.9386 	 2 
84.9502 	 1 
84.9966 	 2 
84.9966 	 1 
85.0547 	 1 
85.0547 	 2 
85.1127 	 2 
85.1127 	 1 
85.1592 	 2 
85.1592 	 1 
85.2056 	 1 
85.2056 	 2 
85.2637 	 1 
85.2637 	 2 
85.3217 	 2 
85.3217 	 1 
85.3798 	 2 
85.3798 	 1 
85.4262 	 2 
85.4262 	 1 
85.4727 	 2 
85.4727 	 1 
85.5307 	 1 
85.5307 	 2 
85.5888 	 1 
85.5888 	 2 
85.6352 	 1 
85.6468 	 2 
85.6932 	 2 
85.6932 	 1 
85.7513 	 1 
85.7513 	 2 
85.8093 	 1 
85.8093 	 2 
85.8558 	 1 
85.8558 	 2 
85.9138 	 2 
85.9138 	 1 
85.9603 	 2 
85.9603 	 1 
86.0183 	 2 
86.0183 	 1 
86.0648 	 2 
86.0648 	 1 
86.1228 	 2 
86.1228 	 1 
86.1809 	 2 
86.1809 	 1 
86.2273 	 2 
86.2389 	 1 
86.2854 	 2 
86.2854 	 1 
86.3318 	 1 
86.3318 	 2 
86.3898 	 1 
86.3898 	 2 
86.4479 	 1 
86.4479 	 2 
86.4943 	 2 
86.4943 	 1 
86.5524 	 1 
86.5524 	 2 
86.6104 	 1 
86.6104 	 2 
86.6569 	 1 
86.6569 	 2 
86.7033 	 2 
86.7149 	 1 
86.7730 	 1 
86.7730 	 2 
86.8194 	 1 
86.8194 	 2 
86.8775 	 1 
86.8775 	 2 
86.9239 	 2 
86.9239 	 1 
86.9820 	 2 
86.9820 	 1 
87.0400 	 2 
87.0400 	 1 
87.0864 	 2 
87.0980 	 1 
87.1329 	 2 
87.1445 	 1 
87.1909 	 2 
87.1909 	 1 
87.2490 	 1 
87.2490 	 2 
87.3070 	 2 
87.3070 	 1 
87.3535 	 2 
87.3535 	 1 
87.4115 	 2 
87.4115 	 1 
87.4580 	 2 
87.4580 	 1 
87.5160 	 2 
87.5160 	 1 
87.5624 	 2 
87.5624 	 1 
87.6205 	 1 
87.6321 	 2 
87.6785 	 2 
87.6785 	 1 
87.7366 	 2 
87.7366 	 1 
87.7830 	 1 
87.7830 	 2 
87.8411 	 1 
87.8411 	 2 
87.8875 	 1 
87.8991 	 2 
87.9456 	 1 
87.9456 	 2 
87.9920 	 2 
87.9920 	 1 
88.0501 	 1 
88.0501 	 2 
88.0965 	 1 
88.1081 	 2 
88.1662 	 1 
88.1662 	 2 
88.2126 	 2 
88.2126 	 1 
88.2707 	 2 
88.2707 	 1 
88.3171 	 2 
88.3171 	 1 
88.3751 	 2 
88.3751 	 1 
88.4216 	 2 
88.4216 	 1 
88.4796 	 1 
88.4796 	 2 
88.5377 	 2 
88.5377 	 1 
88.5957 	 1 
88.5957 	 2 
88.6422 	 1 
88.6422 	 2 
88.7002 	 1 
88.7002 	 2 
88.7467 	 1 
88.7467 	 2 
88.8047 	 1 
88.8047 	 2 
88.8512 	 1 
88.8512 	 2 
88.8976 	 1 
88.9092 	 2 
88.9673 	 1 
88.9673 	 2 
89.0137 	 1 
89.0137 	 2 
89.0601 	 2 
89.0717 	 1 
89.1182 	 2 
89.1298 	 1 
89.1762 	 1 
89.1762 	 2 
89.2343 	 1 
89.2343 	 2 
89.2807 	 1 
89.2807 	 2 
89.3388 	 1 
89.3388 	 2 
89.3968 	 1 
89.3968 	 2 
89.4433 	 2 
89.4549 	 1 
89.5013 	 1 
89.5013 	 2 
89.5478 	 2 
89.5478 	 1 
89.6058 	 2 
89.6174 	 1 
89.6522 	 2 
89.7103 	 2 
89.7103 	 1 
89.7567 	 2 
89.7683 	 1 
89.8148 	 1 
89.8148 	 2 
89.8728 	 2 
89.8728 	 1 
89.9309 	 2 
89.9309 	 1 
89.9773 	 2 
89.9889 	 1 
90.0354 	 2 
90.0354 	 1 
90.0818 	 2 
90.0934 	 1 
90.1399 	 2 
90.1515 	 1 
90.1979 	 1 
90.1979 	 2 
90.2560 	 2 
90.2560 	 1 
90.3024 	 2 
90.3140 	 1 
90.3488 	 2 
90.3605 	 1 
90.4069 	 1 
90.4185 	 2 
90.4649 	 1 
90.4649 	 2 
90.5230 	 1 
90.5230 	 2 
90.5694 	 1 
90.5694 	 2 
90.6275 	 2 
90.6275 	 1 
90.6739 	 2 
90.6855 	 1 
90.7320 	 2 
90.7320 	 1 
90.7784 	 2 
90.7784 	 1 
90.8365 	 1 
90.8365 	 2 
90.8945 	 1 
90.8945 	 2 
90.9410 	 2 
90.9526 	 1 
90.9874 	 2 
90.9990 	 1 
91.0571 	 1 
91.0571 	 2 
91.1035 	 1 
91.1035 	 2 
91.1615 	 2 
91.1615 	 1 
91.2080 	 1 
91.2080 	 2 
91.2660 	 2 
91.2660 	 1 
91.3241 	 1 
91.3241 	 2 
91.3821 	 1 
91.3821 	 2 
91.4286 	 1 
91.4286 	 2 
91.4750 	 1 
91.4750 	 2 
91.5331 	 2 
91.5331 	 1 
91.5911 	 2 
91.5911 	 1 
91.6376 	 1 
91.6492 	 2 
91.6956 	 1 
91.6956 	 2 
91.7420 	 2 
91.7537 	 1 
91.8001 	 2 
91.8117 	 1 
91.8465 	 2 
91.8581 	 1 
91.9162 	 2 
91.9162 	 1 
91.9626 	 2 
91.9626 	 1 
92.0207 	 2 
92.0207 	 1 
92.0671 	 2 
92.0671 	 1 
92.1252 	 2 
92.1252 	 1 
92.1832 	 2 
92.1832 	 1 
92.2297 	 2 
92.2413 	 1 
92.2877 	 2 
92.2877 	 1 
92.3341 	 1 
92.3341 	 2 
92.3922 	 1 
92.3922 	 2 
92.4386 	 2 
92.4502 	 1 
92.4851 	 1 
92.4851 	 2 
92.5431 	 2 
92.5547 	 1 
92.6012 	 1 
92.6012 	 2 
92.6592 	 2 
92.6592 	 1 
92.7057 	 1 
92.7057 	 2 
92.7637 	 2 
92.7637 	 1 
92.8218 	 2 
92.8682 	 2 
92.8914 	 1 
92.8914 	 2 
92.9146 	 2 
92.9263 	 1 
92.9843 	 1 
92.9843 	 2 
93.0424 	 2 
93.0424 	 1 
93.0888 	 2 
93.0888 	 1 
93.1352 	 2 
93.1468 	 1 
93.1933 	 1 
93.1933 	 2 
93.2397 	 2 
93.2513 	 1 
93.2978 	 1 
93.3094 	 2 
93.3558 	 1 
93.3558 	 2 
93.4023 	 2 
93.4139 	 1 
93.4603 	 1 
93.4603 	 2 
93.5184 	 1 
93.5184 	 2 
93.5648 	 1 
93.5648 	 2 
93.6229 	 2 
93.6229 	 1 
93.6809 	 1 
93.6809 	 2 
93.7273 	 2 
93.7390 	 1 
93.7854 	 2 
93.7854 	 1 
93.8434 	 2 
93.8434 	 1 
93.8899 	 2 
93.8899 	 1 
93.9479 	 1 
93.9479 	 2 
93.9944 	 2 
93.9944 	 1 
94.0524 	 1 
94.0524 	 2 
94.0989 	 2 
94.1105 	 1 
94.1569 	 2 
94.1685 	 1 
94.2034 	 2 
94.2150 	 1 
94.2614 	 1 
94.2730 	 2 
94.3195 	 1 
94.3195 	 2 
94.3775 	 1 
94.3775 	 2 
94.4239 	 1 
94.4239 	 2 
94.4820 	 2 
94.4820 	 1 
94.5400 	 1 
94.5400 	 2 
94.5865 	 2 
94.5981 	 1 
94.6329 	 2 
94.6445 	 1 
94.6910 	 1 
94.7026 	 2 
94.7490 	 1 
94.7490 	 2 
94.8071 	 2 
94.8071 	 1 
94.8535 	 1 
94.8535 	 2 
94.9000 	 1 
94.9000 	 2 
94.9580 	 1 
94.9580 	 2 
95.0161 	 1 
95.0161 	 2 
95.0741 	 1 
95.0741 	 2 
95.1205 	 1 
95.1205 	 2 
95.1786 	 2 
95.1786 	 1 
95.2250 	 2 
95.2366 	 1 
95.2831 	 2 
95.2831 	 1 
95.3411 	 2 
95.3411 	 1 
95.3876 	 1 
95.3876 	 2 
95.4456 	 1 
95.4456 	 2 
95.4921 	 2 
95.4921 	 1 
95.5501 	 1 
95.5501 	 2 
95.6082 	 1 
95.6082 	 2 
95.6662 	 1 
95.6662 	 2 
95.7127 	 2 
95.7127 	 1 
95.7591 	 2 
95.7591 	 1 
95.8171 	 1 
95.8171 	 2 
95.8752 	 2 
95.8752 	 1 
95.9216 	 2 
95.9332 	 1 
95.9797 	 2 
95.9797 	 1 
96.0377 	 2 
96.0377 	 1 
96.0842 	 2 
96.0958 	 1 
96.1306 	 2 
96.1422 	 1 
96.2003 	 2 
96.2003 	 1 
96.2467 	 2 
96.2467 	 1 
96.3048 	 1 
96.3048 	 2 
96.3512 	 2 
96.4093 	 1 
96.4093 	 2 
96.4673 	 2 
96.5137 	 2 
96.6298 	 2 
96.7343 	 2 
96.8388 	 1 
96.8504 	 2 
96.9201 	 2 
96.9781 	 2 
97.0130 	 2 
97.0594 	 1 
97.0594 	 2 
97.1871 	 2 
97.2684 	 1 
97.2800 	 2 
97.3845 	 2 
97.4774 	 2 
97.4890 	 1 
97.5935 	 2 
97.6747 	 1 
97.6980 	 2 
97.8024 	 2 
97.9069 	 2 
97.9185 	 1 
98.1275 	 1 
98.1275 	 2 
98.3249 	 2 
98.3365 	 1 
98.5455 	 2 
98.5571 	 1 
98.6616 	 2 
98.7661 	 2 
98.7777 	 1 
98.9867 	 1 
98.9867 	 2 
99.1840 	 2 
99.1956 	 1 
99.3001 	 2 
99.3117 	 1 
99.4162 	 2 
99.4162 	 1 
99.6252 	 2 
99.6252 	 1 
99.8342 	 2 
99.8458 	 1 
100.0548 	 2 
100.0548 	 1 
100.1593 	 2 
100.2638 	 2 
100.2754 	 1 
100.4844 	 1 
100.4844 	 2 
100.7049 	 1 
100.7049 	 2 
100.8094 	 2 
100.9139 	 1 
100.9139 	 2 
101.0184 	 1 
101.0184 	 2 
101.1229 	 1 
101.1229 	 2 
101.3435 	 2 
101.3435 	 1 
101.5525 	 2 
101.5641 	 1 
101.7615 	 1 
101.7731 	 2 
101.9820 	 2 
101.9820 	 1 
102.2026 	 2 
102.2026 	 1 
102.4116 	 2 
102.4232 	 1 
102.6206 	 2 
102.6206 	 1 
102.8412 	 2 
102.8412 	 1 
102.9457 	 2 
102.9457 	 1 
103.0502 	 2 
103.0502 	 1 
103.1663 	 2 
103.1663 	 1 
103.2591 	 2 
103.2707 	 1 
103.3752 	 2 
103.4797 	 1 
103.4797 	 2 
103.5958 	 1 
103.6887 	 2 
103.7003 	 1 
103.8048 	 1 
103.8048 	 2 
103.9093 	 1 
103.9093 	 2 
104.0254 	 1 
104.0254 	 2 
104.1299 	 2 
104.1299 	 1 
104.2228 	 2 
104.2344 	 1 
104.3389 	 2 
104.3389 	 1 
104.4550 	 2 
104.4550 	 1 
104.5362 	 1 
104.5478 	 2 
104.6523 	 2 
104.6639 	 1 
104.7684 	 1 
104.7684 	 2 
104.8729 	 2 
104.8845 	 1 
104.9890 	 2 
104.9890 	 1 
105.0935 	 1 
105.0935 	 2 
105.1980 	 2 
105.1980 	 1 
105.3025 	 2 
105.3141 	 1 
105.4070 	 2 
105.4186 	 1 
105.5115 	 2 
105.5231 	 1 
105.6276 	 2 
105.6276 	 1 
105.7321 	 2 
105.7437 	 1 
105.8366 	 1 
105.8482 	 2 
105.9410 	 2 
105.9527 	 1 
106.0455 	 2 
106.0455 	 1 
106.1616 	 1 
106.1616 	 2 
106.2661 	 2 
106.2777 	 1 
106.3706 	 2 
106.3822 	 1 
106.4867 	 1 
106.4867 	 2 
106.5912 	 2 
106.5912 	 1 
106.6957 	 2 
106.6957 	 1 
106.8118 	 2 
106.8118 	 1 
106.9047 	 1 
106.9047 	 2 
107.0208 	 1 
107.0208 	 2 
107.1253 	 1 
107.1253 	 2 
107.2414 	 2 
107.2414 	 1 
107.3342 	 2 
107.3342 	 1 
107.4503 	 1 
107.4503 	 2 
107.5548 	 1 
107.5548 	 2 
107.6593 	 2 
107.6709 	 1 
107.7638 	 2 
107.7638 	 1 
107.8799 	 1 
107.8799 	 2 
107.9844 	 1 
107.9844 	 2 
108.0889 	 1 
108.1005 	 2 
108.1934 	 2 
108.1934 	 1 
108.2979 	 2 
108.3095 	 1 
108.4140 	 2 
108.4140 	 1 
108.5185 	 2 
108.5301 	 1 
108.6229 	 1 
108.6229 	 2 
108.7390 	 1 
108.7390 	 2 
108.8435 	 1 
108.8435 	 2 
108.9480 	 1 
108.9480 	 2 
109.0525 	 2 
109.0525 	 1 
109.1686 	 1 
109.1686 	 2 
109.2731 	 2 
109.2731 	 1 
109.3776 	 2 
109.3776 	 1 
109.4821 	 1 
109.4821 	 2 
109.5866 	 2 
109.5982 	 1 
109.6911 	 2 
109.7027 	 1 
109.8072 	 2 
109.8072 	 1 
109.9117 	 1 
109.9117 	 2 
110.0278 	 1 
110.0278 	 2 
110.1206 	 1 
110.1206 	 2 
110.9682 	 2 
110.9682 	 1 
111.8157 	 1 
111.8157 	 2 
114.2538 	 2 
115.2058 	 2 
115.2174 	 1 
116.0417 	 2 
116.1462 	 1 
116.5526 	 1 
116.5526 	 2 
116.7732 	 2 
116.7732 	 1 
116.8660 	 2 
116.9705 	 2 
116.9821 	 1 
117.1911 	 2 
117.1911 	 1 
117.4117 	 1 
117.4117 	 2 
117.6207 	 2 
117.6207 	 1 
117.8297 	 2 
117.8413 	 1 
118.0502 	 1 
118.0502 	 2 
118.1663 	 2 
118.2592 	 1 
118.2708 	 2 
118.3753 	 2 
118.4798 	 1 
118.4798 	 2 
118.7004 	 2 
118.7004 	 1 
118.9094 	 2 
118.9094 	 1 
119.1300 	 2 
119.1300 	 1 
119.2345 	 2 
119.3506 	 1 
119.3506 	 2 
119.5479 	 1 
119.5479 	 2 
119.6640 	 1 
119.6640 	 2 
119.7569 	 2 
119.7685 	 1 
119.9775 	 1 
119.9775 	 2 
120.1981 	 2 
120.1981 	 1 
120.4187 	 2 
120.4187 	 1 
120.6161 	 2 
120.6161 	 1 
120.7205 	 2 
120.8366 	 2 
120.8366 	 1 
121.0456 	 2 
121.0572 	 1 
121.2662 	 2 
121.2662 	 1 
121.4752 	 2 
121.4752 	 1 
121.6958 	 2 
121.6958 	 1 
121.9048 	 2 
121.9164 	 1 
122.1254 	 2 
122.1370 	 1 
122.3343 	 2 
122.3343 	 1 
122.5549 	 1 
122.5549 	 2 
122.7639 	 2 
122.7755 	 1 
122.8684 	 2 
122.9729 	 1 
122.9845 	 2 
123.0890 	 2 
123.0890 	 1 
123.1935 	 1 
123.1935 	 2 
123.4141 	 1 
123.4141 	 2 
123.5185 	 2 
123.6230 	 2 
123.6230 	 1 
123.7275 	 2 
123.7391 	 1 
123.7740 	 2 
123.8436 	 2 
123.8436 	 1 
123.8901 	 2 
123.9481 	 2 
124.0526 	 1 
124.0526 	 2 
124.1571 	 2 
124.1687 	 1 
124.2732 	 2 
124.2732 	 1 
124.3777 	 2 
124.3893 	 1 
124.4822 	 1 
124.4822 	 2 
124.5983 	 1 
124.5983 	 2 
124.6563 	 2 
124.7028 	 2 
124.7028 	 1 
124.7956 	 2 
124.8073 	 1 
124.9117 	 2 
124.9117 	 1 
124.9582 	 2 
125.0278 	 1 
125.0278 	 2 
125.1091 	 2 
125.1323 	 2 
125.1323 	 1 
125.2252 	 2 
125.2368 	 1 
125.3413 	 2 
125.3413 	 1 
125.4458 	 1 
125.4458 	 2 
125.4922 	 2 
125.5503 	 2 
125.5619 	 1 
125.6664 	 2 
125.6664 	 1 
125.7709 	 2 
125.7709 	 1 
125.8754 	 2 
125.8870 	 1 
125.9915 	 1 
125.9915 	 2 
126.0960 	 2 
126.0960 	 1 
126.2005 	 2 
126.2005 	 1 
126.3049 	 2 
126.3166 	 1 
126.4094 	 1 
126.4210 	 2 
126.5139 	 2 
126.5139 	 1 
126.6184 	 1 
126.6300 	 2 
126.7345 	 2 
126.7345 	 1 
126.8390 	 1 
126.8390 	 2 
126.9551 	 1 
126.9551 	 2 
127.0596 	 1 
127.0596 	 2 
127.1641 	 2 
127.1641 	 1 
127.2686 	 2 
127.2686 	 1 
127.3150 	 2 
127.3731 	 2 
127.3847 	 1 
127.4776 	 2 
127.4892 	 1 
127.5937 	 1 
127.5937 	 2 
127.6865 	 2 
127.6981 	 1 
127.8026 	 1 
127.8142 	 2 
127.9071 	 1 
127.9071 	 2 
128.0232 	 2 
128.0232 	 1 
128.1277 	 2 
128.1277 	 1 
128.2322 	 2 
128.2438 	 1 
128.3367 	 1 
128.3367 	 2 
128.4412 	 2 
128.4412 	 1 
128.5573 	 2 
128.5573 	 1 
128.6618 	 2 
128.6618 	 1 
128.7663 	 1 
128.7663 	 2 
128.8243 	 2 
128.8707 	 1 
128.8707 	 2 
128.9172 	 2 
128.9868 	 1 
128.9868 	 2 
129.0449 	 2 
129.0913 	 1 
129.1029 	 2 
129.1958 	 1 
129.1958 	 2 
129.3119 	 2 
129.3119 	 1 
129.4164 	 1 
129.4164 	 2 
129.5209 	 2 
129.5209 	 1 
129.6254 	 2 
129.6370 	 1 
129.7299 	 2 
129.7415 	 1 
129.8460 	 2 
129.8460 	 1 
129.9273 	 2 
130.0434 	 1 
130.0550 	 2 
130.1595 	 2 
130.1595 	 1 
130.2756 	 1 
130.2756 	 2 
130.3800 	 2 
130.3800 	 1 
130.4845 	 1 
130.4845 	 2 
130.5890 	 2 
130.6006 	 1 
130.6935 	 2 
130.6935 	 1 
130.7748 	 2 
130.9141 	 2 
130.9141 	 1 
130.9605 	 2 
131.0186 	 2 
131.1231 	 1 
131.1347 	 2 
131.1811 	 1 
131.2276 	 2 
131.2392 	 1 
131.3437 	 2 
131.3437 	 1 
131.4482 	 2 
131.4598 	 1 
131.5527 	 2 
131.5527 	 1 
131.6107 	 2 
131.6688 	 1 
131.6688 	 2 
131.7152 	 2 
131.7616 	 1 
131.7616 	 2 
131.8081 	 2 
131.8777 	 1 
131.8777 	 2 
131.9822 	 1 
131.9822 	 2 
132.0983 	 1 
132.0983 	 2 
132.1912 	 2 
132.1912 	 1 
132.3073 	 2 
132.3073 	 1 
132.3537 	 2 
132.4118 	 1 
132.4118 	 2 
132.4698 	 2 
132.5279 	 2 
132.5279 	 1 
132.6208 	 2 
132.6208 	 1 
132.6788 	 2 
132.7369 	 2 
132.7369 	 1 
132.8414 	 1 
132.8530 	 2 
132.9342 	 2 
132.9575 	 1 
133.0503 	 2 
133.0620 	 1 
133.1664 	 2 
133.1664 	 1 
133.2709 	 1 
133.2709 	 2 
133.3290 	 2 
133.3754 	 2 
133.3870 	 1 
133.4799 	 1 
133.4799 	 2 
133.5263 	 2 
133.5960 	 2 
133.5960 	 1 
133.7005 	 1 
133.7005 	 2 
133.8050 	 1 
133.8050 	 2 
133.9095 	 1 
133.9095 	 2 
134.0256 	 2 
134.0256 	 1 
134.1301 	 1 
134.1301 	 2 
134.2346 	 2 
134.2462 	 1 
134.3390 	 1 
134.3390 	 2 
134.3855 	 2 
134.4435 	 2 
134.4435 	 1 
134.5480 	 1 
134.5480 	 2 
134.6525 	 2 
134.6641 	 1 
134.7686 	 2 
134.7686 	 1 
134.8731 	 2 
134.8847 	 1 
134.9776 	 1 
134.9776 	 2 
135.0937 	 2 
135.1053 	 1 
135.1401 	 2 
135.1982 	 2 
135.1982 	 1 
135.3027 	 2 
135.3027 	 1 
135.4072 	 2 
135.4188 	 1 
135.5233 	 2 
135.5233 	 1 
135.6161 	 2 
135.6278 	 1 
135.7322 	 2 
135.7322 	 1 
135.8367 	 1 
135.8483 	 2 
135.9412 	 2 
135.9528 	 1 
136.0457 	 2 
136.0457 	 1 
136.1618 	 1 
136.1618 	 2 
136.2663 	 1 
136.2663 	 2 
136.3592 	 2 
136.3824 	 1 
136.4753 	 2 
136.4869 	 1 
136.5914 	 2 
136.6030 	 1 
136.6959 	 1 
136.6959 	 2 
136.7539 	 2 
136.8004 	 2 
136.8120 	 1 
136.9049 	 1 
136.9049 	 2 
137.0210 	 1 
137.0210 	 2 
137.1254 	 2 
137.1254 	 1 
137.2299 	 2 
137.2415 	 1 
137.3344 	 2 
137.3460 	 1 
137.4505 	 1 
137.4505 	 2 
137.5550 	 2 
137.5550 	 1 
137.6131 	 2 
137.6595 	 2 
137.7059 	 2 
137.7640 	 2 
137.7756 	 1 
137.8220 	 2 
137.8801 	 2 
137.8801 	 1 
137.9846 	 1 
137.9846 	 2 
138.0891 	 2 
138.0891 	 1 
138.1936 	 2 
138.1936 	 1 
138.3097 	 1 
138.3097 	 2 
138.3445 	 2 
138.4141 	 1 
138.4141 	 2 
138.4722 	 2 
138.5186 	 2 
138.5186 	 1 
138.5651 	 2 
138.6231 	 2 
138.6231 	 1 
138.7276 	 1 
138.7276 	 2 
138.8437 	 1 
138.8437 	 2 
138.9482 	 1 
138.9482 	 2 
139.0527 	 1 
139.0527 	 2 
139.1572 	 2 
139.1688 	 1 
139.2733 	 1 
139.2733 	 2 
139.3429 	 2 
139.3778 	 2 
139.3894 	 1 
139.4823 	 2 
139.4823 	 1 
139.5868 	 2 
139.5984 	 1 
139.7029 	 1 
139.7029 	 2 
139.7957 	 2 
139.8073 	 1 
139.9118 	 2 
139.9118 	 1 
140.0163 	 2 
140.0279 	 1 
140.1208 	 1 
140.1208 	 2 
140.1789 	 2 
140.2369 	 2 
140.2369 	 1 
140.3298 	 2 
140.3298 	 1 
140.3878 	 2 
140.4459 	 2 
140.4459 	 1 
140.5504 	 2 
140.5504 	 1 
140.6665 	 2 
140.6665 	 1 
140.7710 	 1 
140.7710 	 2 
140.8755 	 1 
140.8755 	 2 
140.9800 	 2 
140.9800 	 1 
141.0380 	 2 
141.0961 	 1 
141.0961 	 2 
141.2005 	 1 
141.2005 	 2 
141.3050 	 2 
141.3050 	 1 
141.4095 	 1 
141.4095 	 2 
141.5140 	 2 
141.5256 	 1 
141.6301 	 2 
141.6301 	 1 
141.7346 	 2 
141.7462 	 1 
141.8391 	 2 
141.8391 	 1 
141.8971 	 2 
141.9436 	 2 
141.9552 	 1 
142.0481 	 1 
142.0481 	 2 
142.1642 	 2 
142.1642 	 1 
142.2687 	 2 
142.2687 	 1 
142.3732 	 1 
142.3848 	 2 
142.4776 	 2 
142.4893 	 1 
142.5937 	 1 
142.5937 	 2 
142.6982 	 2 
142.6982 	 1 
142.8027 	 2 
142.8143 	 1 
142.9072 	 1 
142.9072 	 2 
143.0233 	 1 
143.0233 	 2 
143.1278 	 2 
143.1394 	 1 
143.2323 	 2 
143.2439 	 1 
143.3368 	 2 
143.3484 	 1 
143.4529 	 2 
143.4529 	 1 
143.5574 	 1 
143.5574 	 2 
143.6154 	 2 
143.6154 	 1 
143.6619 	 2 
143.6735 	 1 
143.7547 	 2 
143.7663 	 1 
143.8128 	 2 
143.8708 	 2 
143.8824 	 1 
143.9289 	 1 
143.9289 	 2 
143.9869 	 2 
143.9869 	 1 
144.0334 	 1 
144.0334 	 2 
144.0914 	 2 
144.0914 	 1 
144.1379 	 1 
144.1379 	 2 
144.1959 	 2 
144.1959 	 1 
144.2540 	 1 
144.2540 	 2 
144.3004 	 2 
144.3120 	 1 
144.3585 	 1 
144.3585 	 2 
144.4049 	 1 
144.4049 	 2 
144.4629 	 2 
144.4746 	 1 
144.5094 	 2 
144.5674 	 1 
144.5674 	 2 
144.6255 	 2 
144.6255 	 1 
144.6719 	 2 
144.6719 	 1 
144.7300 	 2 
144.7300 	 1 
144.7764 	 1 
144.7880 	 2 
144.8345 	 1 
144.8461 	 2 
144.8925 	 2 
144.8925 	 1 
144.9390 	 2 
144.9506 	 1 
144.9970 	 1 
144.9970 	 2 
145.0551 	 2 
145.0551 	 1 
145.1131 	 1 
145.1131 	 2 
145.1595 	 2 
145.1712 	 1 
145.2060 	 2 
145.2176 	 1 
145.2640 	 1 
145.2756 	 2 
145.3221 	 1 
145.3221 	 2 
145.3801 	 1 
145.3801 	 2 
145.4266 	 2 
145.4266 	 1 
145.4730 	 2 
145.4846 	 1 
145.5311 	 2 
145.5311 	 1 
145.5891 	 1 
145.5891 	 2 
145.6356 	 1 
145.6356 	 2 
145.6936 	 1 
145.6936 	 2 
145.7400 	 2 
145.7517 	 1 
145.7981 	 2 
145.8097 	 1 
145.8445 	 2 
145.8561 	 1 
145.9026 	 2 
145.9142 	 1 
145.9606 	 2 
145.9606 	 1 
146.0187 	 2 
146.0187 	 1 
146.0651 	 2 
146.0651 	 1 
146.1232 	 2 
146.1232 	 1 
146.1812 	 2 
146.1812 	 1 
146.2393 	 2 
146.2393 	 1 
146.2857 	 2 
146.2857 	 1 
146.3322 	 2 
146.3322 	 1 
146.3786 	 2 
146.3902 	 1 
146.4483 	 2 
146.4483 	 1 
146.5063 	 2 
146.5063 	 1 
146.5527 	 2 
146.5527 	 1 
146.5992 	 2 
146.6108 	 1 
146.6572 	 2 
146.6688 	 1 
146.7037 	 1 
146.7037 	 2 
146.7617 	 1 
146.7617 	 2 
146.8198 	 2 
146.8198 	 1 
146.8778 	 2 
146.8778 	 1 
146.9243 	 2 
146.9243 	 1 
146.9823 	 2 
146.9823 	 1 
147.0404 	 1 
147.0404 	 2 
147.0868 	 2 
147.0984 	 1 
147.1449 	 2 
147.1449 	 1 
147.1913 	 1 
147.1913 	 2 
147.2493 	 1 
147.2493 	 2 
147.3074 	 1 
147.3074 	 2 
147.3538 	 1 
147.3538 	 2 
147.4119 	 1 
147.4119 	 2 
147.4583 	 2 
147.4699 	 1 
147.5164 	 2 
147.5164 	 1 
147.5628 	 2 
147.5628 	 1 
147.6209 	 1 
147.6325 	 2 
147.6789 	 2 
147.6789 	 1 
147.7370 	 2 
147.7370 	 1 
147.7834 	 1 
147.7834 	 2 
147.8415 	 1 
147.8415 	 2 
147.8879 	 1 
147.8995 	 2 
147.9459 	 1 
147.9459 	 2 
147.9924 	 2 
148.0040 	 1 
148.0504 	 2 
148.0504 	 1 
148.0969 	 2 
148.1085 	 1 
148.1549 	 1 
148.1665 	 2 
148.2130 	 2 
148.2130 	 1 
148.2710 	 2 
148.2710 	 1 
148.3175 	 2 
148.3175 	 1 
148.3755 	 1 
148.3755 	 2 
148.4220 	 1 
148.4220 	 2 
148.4800 	 1 
148.4800 	 2 
148.5380 	 1 
148.5380 	 2 
148.5961 	 1 
148.5961 	 2 
148.6425 	 1 
148.6425 	 2 
148.6890 	 1 
148.7006 	 2 
148.7586 	 1 
148.7586 	 2 
148.8051 	 2 
148.8167 	 1 
148.8515 	 1 
148.8515 	 2 
148.9096 	 2 
148.9096 	 1 
148.9676 	 2 
148.9676 	 1 
149.0141 	 2 
149.0257 	 1 
149.0721 	 2 
149.0721 	 1 
149.1185 	 2 
149.1302 	 1 
149.1766 	 2 
149.1766 	 1 
149.2230 	 2 
149.2346 	 1 
149.2811 	 1 
149.2811 	 2 
149.3391 	 1 
149.3391 	 2 
149.3972 	 2 
149.3972 	 1 
149.4436 	 1 
149.4436 	 2 
149.4901 	 2 
149.5017 	 1 
149.5481 	 2 
149.5481 	 1 
149.6062 	 1 
149.6062 	 2 
149.6642 	 2 
149.6642 	 1 
149.7107 	 2 
149.7107 	 1 
149.7571 	 2 
149.7571 	 1 
149.8151 	 2 
149.8151 	 1 
149.8732 	 2 
149.8848 	 1 
149.9312 	 2 
149.9312 	 1 
149.9777 	 2 
149.9893 	 1 
150.0357 	 2 
150.0357 	 1 
150.0822 	 2 
150.0938 	 1 
150.1402 	 1 
150.1402 	 2 
150.1983 	 1 
150.1983 	 2 
150.2447 	 1 
150.2447 	 2 
150.3028 	 1 
150.3028 	 2 
150.3492 	 2 
150.3492 	 1 
150.4073 	 2 
150.4073 	 1 
150.4653 	 1 
150.4653 	 2 
150.5234 	 1 
150.5234 	 2 
150.5698 	 2 
150.5698 	 1 
150.6162 	 2 
150.6162 	 1 
150.6743 	 2 
150.6743 	 1 
150.7323 	 2 
150.7323 	 1 
150.7904 	 2 
150.8368 	 2 
150.8484 	 1 
150.8949 	 2 
150.9065 	 1 
150.9413 	 2 
150.9529 	 1 
150.9994 	 2 
150.9994 	 1 
151.0574 	 1 
151.0574 	 2 
151.1039 	 1 
151.1039 	 2 
151.1619 	 1 
151.1619 	 2 
151.2083 	 1 
151.2083 	 2 
151.2664 	 1 
151.2664 	 2 
151.3244 	 2 
151.3361 	 1 
151.3709 	 2 
151.3825 	 1 
151.4289 	 1 
151.4289 	 2 
151.4754 	 2 
151.4870 	 1 
151.5334 	 2 
151.5450 	 1 
151.5915 	 2 
151.5915 	 1 
151.6495 	 2 
151.6495 	 1 
151.6960 	 1 
151.7076 	 2 
151.7540 	 2 
151.7540 	 1 
151.8005 	 2 
151.8121 	 1 
151.8469 	 2 
151.8585 	 1 
151.9166 	 2 
151.9166 	 1 
151.9630 	 1 
151.9746 	 2 
152.0210 	 2 
152.0210 	 1 
152.0675 	 2 
152.0675 	 1 
152.1255 	 2 
152.1255 	 1 
152.1836 	 2 
152.1836 	 1 
152.2300 	 2 
152.2416 	 1 
152.2765 	 2 
152.2881 	 1 
152.3345 	 1 
152.3345 	 2 
152.3926 	 1 
152.3926 	 2 
152.4390 	 2 
152.4506 	 1 
152.4971 	 2 
152.4971 	 1 
152.5551 	 1 
152.5551 	 2 
152.6015 	 2 
152.6132 	 1 
152.6596 	 2 
152.6596 	 1 
152.7060 	 2 
152.7060 	 1 
152.7641 	 2 
152.7641 	 1 
152.8221 	 1 
152.8221 	 2 
152.8802 	 2 
152.8802 	 1 
152.9266 	 2 
152.9266 	 1 
152.9847 	 1 
152.9847 	 2 
153.0311 	 2 
153.0427 	 1 
153.0892 	 2 
153.0892 	 1 
153.1356 	 2 
153.1472 	 1 
153.1937 	 2 
153.1937 	 1 
153.2401 	 2 
153.2401 	 1 
153.3098 	 2 
153.3098 	 1 
153.3562 	 2 
153.3562 	 1 
153.4142 	 2 
153.4142 	 1 
153.4607 	 2 
153.4723 	 1 
153.5187 	 2 
153.5187 	 1 
153.5652 	 2 
153.5652 	 1 
153.6232 	 2 
153.6232 	 1 
153.6813 	 1 
153.6813 	 2 
153.7277 	 2 
153.7393 	 1 
153.7741 	 1 
153.7858 	 2 
153.8322 	 1 
153.8322 	 2 
153.8902 	 1 
153.8902 	 2 
153.9483 	 1 
153.9483 	 2 
153.9947 	 1 
153.9947 	 2 
154.0412 	 1 
154.0528 	 2 
154.0992 	 2 
154.1108 	 1 
154.1573 	 1 
154.1573 	 2 
154.2037 	 1 
154.2153 	 2 
154.2618 	 1 
154.2618 	 2 
154.3198 	 1 
154.3198 	 2 
154.3779 	 1 
154.3779 	 2 
154.4243 	 1 
154.4243 	 2 
154.4824 	 2 
154.4824 	 1 
154.5404 	 1 
154.5404 	 2 
154.5868 	 2 
154.5985 	 1 
154.6333 	 2 
154.6449 	 1 
154.6913 	 1 
154.6913 	 2 
154.7494 	 1 
154.7494 	 2 
154.8074 	 1 
154.8074 	 2 
154.8539 	 1 
154.8539 	 2 
154.9003 	 1 
154.9119 	 2 
154.9584 	 1 
154.9584 	 2 
155.0164 	 2 
155.0164 	 1 
155.0629 	 2 
155.0745 	 1 
155.1209 	 2 
155.1325 	 1 
155.1790 	 2 
155.1790 	 1 
155.2254 	 2 
155.2370 	 1 
155.2834 	 1 
155.2834 	 2 
155.3415 	 1 
155.3415 	 2 
155.3995 	 1 
155.3995 	 2 
155.4460 	 2 
155.4460 	 1 
155.4924 	 1 
155.4924 	 2 
155.5505 	 2 
155.5505 	 1 
155.6085 	 2 
155.6085 	 1 
155.6666 	 2 
155.6666 	 1 
155.7130 	 1 
155.7130 	 2 
155.7595 	 1 
155.7595 	 2 
155.8175 	 1 
155.8175 	 2 
155.8756 	 2 
155.8756 	 1 
155.9220 	 2 
155.9220 	 1 
155.9800 	 2 
155.9800 	 1 
156.0381 	 2 
156.0381 	 1 
156.0845 	 2 
156.0845 	 1 
156.1310 	 2 
156.1426 	 1 
156.1890 	 1 
156.2006 	 2 
156.2471 	 1 
156.2587 	 2 
156.3051 	 2 
156.3051 	 1 
156.3516 	 2 
156.3516 	 1 
156.4096 	 1 
156.4096 	 2 
156.4677 	 1 
156.4677 	 2 
156.5141 	 2 
156.5257 	 1 
156.5722 	 1 
156.5722 	 2 
156.6186 	 1 
156.6186 	 2 
156.6766 	 1 
156.6766 	 2 
156.7347 	 2 
156.7347 	 1 
156.7811 	 2 
156.7927 	 1 
156.8392 	 1 
156.8392 	 2 
156.8972 	 1 
156.8972 	 2 
156.9437 	 1 
156.9437 	 2 
156.9901 	 1 
156.9901 	 2 
157.0482 	 2 
157.0482 	 1 
157.1062 	 1 
157.1062 	 2 
157.1643 	 2 
157.1643 	 1 
157.2107 	 1 
157.2107 	 2 
157.2688 	 1 
157.2688 	 2 
157.3152 	 1 
157.3268 	 2 
157.3732 	 2 
157.3732 	 1 
157.4197 	 1 
157.4313 	 2 
157.4777 	 2 
157.4777 	 1 
157.5358 	 2 
157.5358 	 1 
157.5822 	 1 
157.5938 	 2 
157.6403 	 1 
157.6403 	 2 
157.6983 	 2 
157.6983 	 1 
157.7448 	 2 
157.7564 	 1 
157.8028 	 1 
157.8028 	 2 
157.8493 	 1 
157.8493 	 2 
157.9073 	 1 
157.9073 	 2 
157.9654 	 1 
157.9654 	 2 
158.0234 	 2 
158.0234 	 1 
158.0698 	 2 
158.0698 	 1 
158.1163 	 2 
158.1163 	 1 
158.1743 	 2 
158.2324 	 2 
158.2440 	 1 
158.2788 	 2 
158.2904 	 1 
158.3369 	 2 
158.3833 	 1 
158.3949 	 2 
158.4414 	 1 
158.4530 	 2 
158.4994 	 1 
158.4994 	 2 
158.5575 	 2 
158.5575 	 1 
158.5923 	 2 
158.6039 	 1 
158.6620 	 1 
158.6620 	 2 
158.7084 	 2 
158.7200 	 1 
158.7664 	 2 
158.7664 	 1 
158.8245 	 2 
158.8245 	 1 
158.8825 	 2 
158.8825 	 1 
158.9290 	 2 
158.9290 	 1 
158.9754 	 1 
158.9870 	 2 
159.0335 	 1 
159.0335 	 2 
159.0915 	 1 
159.0915 	 2 
159.1380 	 1 
159.1496 	 2 
159.1960 	 1 
159.1960 	 2 
159.2541 	 2 
159.2541 	 1 
159.3005 	 1 
159.3121 	 2 
159.3585 	 1 
159.3585 	 2 
159.4050 	 1 
159.4050 	 2 
159.4630 	 1 
159.4630 	 2 
159.5211 	 1 
159.5211 	 2 
159.5675 	 1 
159.5675 	 2 
159.6256 	 1 
159.6256 	 2 
159.6836 	 1 
159.6836 	 2 
159.7301 	 1 
159.7301 	 2 
159.7765 	 1 
159.7765 	 2 
159.8346 	 2 
159.8346 	 1 
159.8926 	 2 
159.8926 	 1 
159.9507 	 2 
159.9507 	 1 
159.9971 	 1 
159.9971 	 2 
160.0435 	 2 
160.0435 	 1 
160.1016 	 1 
160.1016 	 2 
160.1596 	 1 
160.1596 	 2 
160.2177 	 1 
160.2177 	 2 
160.2757 	 2 
160.2757 	 1 
160.3222 	 1 
160.3222 	 2 
160.3686 	 2 
160.3802 	 1 
160.4267 	 1 
160.4267 	 2 
160.4731 	 2 
160.4847 	 1 
160.5312 	 1 
160.5428 	 2 
160.5892 	 1 
160.5892 	 2 
160.6356 	 1 
160.6356 	 2 
160.6937 	 2 
160.6937 	 1 
160.7517 	 2 
160.7517 	 1 
160.8098 	 1 
160.8098 	 2 
160.8562 	 2 
160.8562 	 1 
160.9027 	 2 
160.9027 	 1 
160.9607 	 1 
160.9607 	 2 
161.0188 	 1 
161.0188 	 2 
161.0652 	 1 
161.0652 	 2 
161.1233 	 1 
161.1233 	 2 
161.1813 	 1 
161.1813 	 2 
161.2278 	 2 
161.2394 	 1 
161.2742 	 2 
161.2858 	 1 
161.3439 	 1 
161.3439 	 2 
161.3903 	 2 
161.3903 	 1 
161.4483 	 2 
161.4483 	 1 
161.4948 	 2 
161.4948 	 1 
161.5528 	 1 
161.5528 	 2 
161.6109 	 2 
161.6109 	 1 
161.6573 	 2 
161.6689 	 1 
161.7154 	 1 
161.7154 	 2 
161.7618 	 2 
161.7618 	 1 
161.8083 	 1 
161.8083 	 2 
161.8779 	 2 
161.8779 	 1 
161.9244 	 2 
161.9244 	 1 
161.9824 	 1 
161.9940 	 2 
162.0288 	 2 
162.0405 	 1 
162.0869 	 2 
162.0869 	 1 
162.1333 	 2 
162.1449 	 1 
162.1914 	 2 
162.2030 	 1 
162.2494 	 1 
162.2494 	 2 
162.3075 	 2 
162.3075 	 1 
162.3539 	 2 
162.3539 	 1 
162.4120 	 2 
162.4120 	 1 
162.4584 	 1 
162.4700 	 2 
162.5165 	 2 
162.5281 	 1 
162.5629 	 1 
162.5629 	 2 
162.6210 	 1 
162.6210 	 2 
162.6790 	 2 
162.6790 	 1 
162.7254 	 2 
162.7371 	 1 
162.7719 	 1 
162.7835 	 2 
162.8415 	 2 
162.8415 	 1 
162.8880 	 2 
162.8880 	 1 
162.9460 	 2 
162.9460 	 1 
162.9925 	 2 
162.9925 	 1 
163.0505 	 2 
163.0505 	 1 
163.1086 	 1 
163.1086 	 2 
163.1666 	 2 
163.1666 	 1 
163.2131 	 1 
163.2131 	 2 
163.2711 	 1 
163.2711 	 2 
163.3176 	 1 
163.3292 	 2 
163.3756 	 1 
163.3756 	 2 
163.4220 	 1 
163.4220 	 2 
163.4801 	 1 
163.4801 	 2 
163.5265 	 2 
163.5265 	 1 
163.5962 	 1 
163.5962 	 2 
163.6426 	 1 
163.6426 	 2 
163.7007 	 1 
163.7007 	 2 
163.7471 	 2 
163.7471 	 1 
163.8052 	 2 
163.8052 	 1 
163.8516 	 2 
163.8516 	 1 
163.9097 	 1 
163.9097 	 2 
163.9677 	 2 
163.9677 	 1 
164.0141 	 2 
164.0258 	 1 
164.0722 	 1 
164.0722 	 2 
164.1186 	 1 
164.1186 	 2 
164.1767 	 1 
164.1767 	 2 
164.2347 	 1 
164.2347 	 2 
164.2812 	 2 
164.2812 	 1 
164.3276 	 1 
164.3392 	 2 
164.3973 	 1 
164.3973 	 2 
164.4437 	 2 
164.4437 	 1 
164.4902 	 1 
164.5018 	 2 
164.5482 	 2 
164.5482 	 1 
164.6063 	 2 
164.6063 	 1 
164.6643 	 2 
164.6643 	 1 
164.7107 	 2 
164.7107 	 1 
164.7688 	 2 
164.7688 	 1 
164.8268 	 1 
164.8268 	 2 
164.8849 	 1 
164.8849 	 2 
164.9313 	 2 
