19.5976 	 2 
31.8229 	 2 
34.1449 	 2 
34.3539 	 2 
34.4468 	 0 
34.8299 	 2 
36.1302 	 0 
36.1302 	 2 
36.1419 	 1 
36.3624 	 2 
36.6759 	 2 
37.1055 	 1 
37.1055 	 2 
37.2448 	 2 
37.3841 	 2 
37.8021 	 1 
38.9050 	 2 
38.9050 	 1 
39.4623 	 2 
40.0312 	 2 
40.0312 	 1 
40.0312 	 0 
40.7046 	 0 
40.7046 	 1 
40.7162 	 2 
40.9832 	 2 
40.9832 	 0 
41.1341 	 0 
41.1341 	 2 
41.1341 	 1 
41.5057 	 2 
42.2371 	 0 
42.2487 	 1 
42.2487 	 2 
43.3517 	 1 
43.3517 	 0 
43.3517 	 2 
44.4662 	 0 
44.4662 	 2 
44.4662 	 1 
45.0235 	 2 
45.0235 	 0 
45.0235 	 1 
45.1512 	 2 
45.1628 	 0 
45.1628 	 1 
45.4298 	 0 
45.4415 	 2 
45.4415 	 1 
45.5692 	 1 
45.5692 	 2 
45.5808 	 0 
45.8478 	 1 
45.8478 	 0 
45.8594 	 2 
45.9871 	 0 
45.9871 	 1 
45.9871 	 2 
46.6837 	 0 
46.6837 	 2 
46.7882 	 2 
47.7983 	 1 
47.7983 	 2 
48.9128 	 2 
48.9128 	 0 
48.9128 	 1 
49.5978 	 0 
49.5978 	 2 
49.5978 	 1 
49.8765 	 2 
49.8765 	 0 
50.0158 	 2 
50.0158 	 0 
50.0158 	 1 
51.1303 	 1 
51.1303 	 0 
51.1303 	 2 
52.2449 	 1 
52.2449 	 0 
52.2449 	 2 
53.3478 	 1 
53.3478 	 2 
53.3595 	 0 
53.9051 	 0 
53.9051 	 2 
53.9167 	 1 
54.0444 	 1 
54.0444 	 2 
54.0444 	 0 
54.1489 	 2 
54.3231 	 0 
54.3347 	 1 
54.3347 	 2 
54.4624 	 1 
54.4624 	 2 
54.4624 	 0 
54.7410 	 2 
54.7410 	 1 
54.7410 	 0 
54.8804 	 1 
54.8804 	 0 
54.8804 	 2 
55.1822 	 2 
55.5770 	 1 
55.5770 	 0 
55.5770 	 2 
56.6799 	 2 
56.6799 	 0 
56.6915 	 1 
57.7945 	 1 
57.8061 	 0 
57.8061 	 2 
58.4911 	 1 
58.4911 	 2 
58.4911 	 0 
58.7697 	 2 
58.7697 	 0 
58.7697 	 1 
58.9090 	 0 
58.9090 	 2 
58.9090 	 1 
60.0236 	 0 
60.0236 	 2 
60.0236 	 1 
61.1265 	 0 
61.1265 	 1 
61.1381 	 2 
62.2411 	 1 
62.2411 	 2 
62.2411 	 0 
62.7984 	 2 
62.7984 	 1 
62.7984 	 0 
62.9377 	 1 
62.9377 	 2 
62.9377 	 0 
63.2163 	 2 
63.2163 	 0 
63.2163 	 1 
63.3440 	 0 
63.3556 	 2 
63.3556 	 1 
63.6227 	 0 
63.6227 	 1 
63.6227 	 2 
63.7620 	 0 
63.7736 	 2 
63.7736 	 1 
64.4586 	 2 
64.4702 	 0 
64.4702 	 1 
65.5732 	 0 
65.5732 	 2 
65.5732 	 1 
66.6877 	 1 
66.6877 	 2 
66.6877 	 0 
67.3727 	 1 
67.3727 	 2 
67.3727 	 0 
67.6513 	 1 
67.6513 	 0 
67.6629 	 2 
67.7907 	 2 
67.8023 	 0 
68.9052 	 1 
68.9052 	 2 
68.9052 	 0 
69.6483 	 2 
69.9037 	 2 
70.0082 	 0 
70.0198 	 1 
70.0198 	 2 
71.1343 	 1 
71.1343 	 0 
71.1343 	 2 
71.6916 	 0 
71.6916 	 1 
71.6916 	 2 
71.9354 	 2 
71.9819 	 2 
72.1096 	 2 
72.2373 	 2 
72.2373 	 1 
72.2373 	 0 
72.3418 	 2 
72.4579 	 2 
72.5507 	 2 
72.6668 	 1 
72.6785 	 2 
72.8062 	 1 
72.8062 	 0 
72.8062 	 2 
73.3518 	 0 
73.3518 	 2 
73.6537 	 2 
73.9091 	 2 
73.9091 	 1 
73.9091 	 0 
74.0252 	 2 
74.4664 	 1 
74.4664 	 0 
74.4664 	 2 
75.0237 	 2 
75.0237 	 1 
75.0237 	 0 
75.5810 	 1 
75.5810 	 0 
75.5810 	 2 
76.1266 	 1 
76.1382 	 2 
76.1382 	 0 
76.2659 	 0 
76.2659 	 2 
76.2776 	 1 
76.4053 	 2 
76.5330 	 2 
76.5446 	 0 
76.5562 	 2 
76.6839 	 1 
76.6955 	 0 
76.6955 	 2 
77.2412 	 2 
77.2412 	 0 
77.2412 	 1 
77.7985 	 2 
77.7985 	 1 
78.3557 	 0 
78.3557 	 1 
78.3557 	 2 
78.9130 	 0 
78.9130 	 1 
78.9130 	 2 
79.4587 	 0 
79.4703 	 1 
79.4703 	 2 
80.0276 	 1 
80.0276 	 2 
80.0276 	 0 
80.5732 	 0 
80.5732 	 1 
80.5732 	 2 
80.7126 	 0 
80.7126 	 2 
80.7242 	 1 
80.9912 	 0 
81.0028 	 1 
81.0028 	 2 
81.1305 	 1 
81.1305 	 0 
81.1305 	 2 
81.4092 	 2 
81.4092 	 1 
81.4092 	 0 
81.5485 	 1 
81.5485 	 0 
81.5485 	 2 
81.6878 	 2 
81.6878 	 1 
81.6878 	 0 
82.2335 	 2 
82.2335 	 0 
82.8024 	 0 
82.8024 	 1 
82.8024 	 2 
83.3596 	 2 
83.3596 	 0 
83.3596 	 1 
83.9053 	 2 
83.9053 	 0 
83.9053 	 1 
84.4626 	 2 
84.4626 	 0 
84.4626 	 1 
85.0199 	 1 
85.0199 	 0 
85.0315 	 2 
85.1592 	 1 
85.1592 	 2 
85.1592 	 0 
85.2753 	 2 
85.4262 	 2 
85.4262 	 0 
85.5771 	 2 
85.5771 	 1 
85.5771 	 0 
86.1344 	 1 
86.1344 	 0 
86.1344 	 2 
86.6801 	 0 
86.6917 	 2 
86.6917 	 1 
87.2490 	 0 
87.2490 	 2 
87.2490 	 1 
87.7946 	 0 
87.8063 	 2 
87.8063 	 1 
88.3519 	 0 
88.3519 	 2 
88.3519 	 1 
88.9092 	 0 
88.9092 	 2 
88.9092 	 1 
89.4665 	 0 
89.4665 	 1 
89.4781 	 2 
89.6058 	 1 
89.6058 	 2 
89.6058 	 0 
89.8844 	 1 
89.8844 	 0 
89.8844 	 2 
90.0122 	 0 
90.0122 	 2 
90.0238 	 1 
90.2908 	 0 
90.2908 	 1 
90.3024 	 2 
90.4301 	 2 
90.4301 	 1 
90.4417 	 0 
91.1267 	 0 
91.1267 	 2 
91.1267 	 1 
91.6840 	 0 
91.6840 	 1 
91.6956 	 2 
92.2413 	 1 
92.2413 	 0 
92.2413 	 2 
92.7985 	 2 
92.7985 	 0 
92.7985 	 1 
93.3558 	 0 
93.3558 	 1 
93.3558 	 2 
93.9015 	 2 
93.9015 	 1 
93.9131 	 0 
94.0408 	 2 
94.0524 	 0 
94.0524 	 1 
94.3195 	 0 
94.3311 	 2 
94.4588 	 0 
94.4704 	 1 
94.4704 	 2 
94.7606 	 2 
95.0161 	 1 
95.0277 	 0 
95.0277 	 2 
95.5733 	 1 
95.5733 	 0 
95.5733 	 2 
96.0145 	 2 
96.1306 	 2 
96.1306 	 1 
96.1306 	 0 
96.6879 	 0 
96.6879 	 2 
96.6879 	 1 
97.1291 	 2 
97.2452 	 2 
97.2452 	 0 
97.2452 	 1 
97.6863 	 2 
97.8024 	 1 
97.8024 	 0 
97.8024 	 2 
98.3481 	 2 
98.3597 	 0 
98.3597 	 1 
98.4874 	 0 
98.4874 	 1 
98.4874 	 2 
98.7661 	 0 
98.7777 	 1 
98.7777 	 2 
98.9054 	 0 
98.9054 	 1 
98.9170 	 2 
99.1840 	 1 
99.1840 	 2 
99.1956 	 0 
99.3234 	 2 
99.3350 	 0 
99.3350 	 1 
99.4627 	 1 
99.4743 	 0 
99.4743 	 2 
100.0200 	 0 
100.0200 	 2 
100.0316 	 1 
100.3334 	 1 
100.5772 	 2 
100.5772 	 0 
100.5772 	 1 
101.1345 	 0 
101.1345 	 1 
101.1345 	 2 
101.6918 	 0 
101.6918 	 1 
101.6918 	 2 
102.2491 	 1 
102.2491 	 2 
102.2491 	 0 
102.7947 	 0 
102.7947 	 1 
102.8063 	 2 
102.9341 	 2 
102.9341 	 0 
102.9341 	 1 
103.2127 	 0 
103.2127 	 1 
103.2243 	 2 
103.3520 	 2 
103.3520 	 1 
103.3520 	 0 
103.9093 	 2 
103.9093 	 0 
103.9093 	 1 
104.0718 	 2 
104.4666 	 2 
104.4666 	 0 
104.4666 	 1 
104.5014 	 2 
105.0239 	 0 
105.0239 	 2 
105.0239 	 1 
105.5695 	 0 
105.5811 	 1 
105.5811 	 2 
106.1384 	 1 
106.1384 	 2 
106.1384 	 0 
106.6841 	 1 
106.6841 	 0 
106.6957 	 2 
107.2414 	 0 
107.2414 	 2 
107.2414 	 1 
107.4852 	 2 
107.6709 	 2 
107.7986 	 0 
107.7986 	 1 
107.7986 	 2 
107.9031 	 2 
107.9960 	 2 
108.1005 	 2 
108.2166 	 1 
108.2166 	 2 
108.2282 	 0 
108.3559 	 2 
108.6346 	 0 
108.6346 	 1 
108.6346 	 2 
108.9132 	 2 
108.9132 	 1 
108.9132 	 0 
109.4705 	 0 
109.4705 	 2 
109.4705 	 1 
110.0278 	 0 
110.0394 	 1 
110.0394 	 2 
110.4341 	 0 
110.4341 	 1 
110.4457 	 2 
110.8521 	 0 
110.8521 	 1 
110.8521 	 2 
111.1307 	 2 
111.1307 	 1 
111.1307 	 0 
111.6880 	 2 
111.6880 	 0 
111.6880 	 1 
111.8157 	 2 
111.8273 	 0 
111.8273 	 1 
112.1059 	 0 
112.1059 	 2 
112.2453 	 2 
112.2453 	 0 
112.2453 	 1 
112.8025 	 1 
112.8025 	 2 
112.8025 	 0 
113.3482 	 0 
113.3482 	 2 
113.3482 	 1 
115.4961 	 2 
115.4961 	 0 
115.4961 	 1 
115.6586 	 2 
115.8327 	 2 
116.1230 	 2 
116.1346 	 0 
116.1346 	 1 
116.1462 	 2 
116.2739 	 2 
116.2739 	 0 
116.2739 	 1 
116.5410 	 0 
116.5526 	 2 
116.9589 	 1 
116.9589 	 0 
116.9705 	 2 
117.0982 	 0 
117.1098 	 2 
117.1098 	 1 
118.3521 	 1 
118.3521 	 0 
118.3637 	 2 
118.9094 	 2 
118.9094 	 0 
118.9210 	 1 
119.3273 	 2 
119.3273 	 1 
119.3273 	 0 
119.7453 	 2 
119.7453 	 1 
119.7453 	 0 
120.0239 	 0 
120.0239 	 2 
120.0239 	 1 
120.5696 	 2 
120.5696 	 1 
120.5812 	 0 
120.7089 	 2 
120.7089 	 1 
120.7205 	 0 
120.9876 	 2 
120.9876 	 0 
121.1385 	 0 
121.1385 	 2 
121.1385 	 1 
121.3010 	 2 
121.5449 	 0 
121.5449 	 1 
121.5565 	 2 
121.9628 	 2 
121.9628 	 0 
121.9628 	 1 
122.2415 	 1 
122.2415 	 2 
122.2531 	 0 
122.7987 	 1 
122.7987 	 2 
122.7987 	 0 
123.3560 	 1 
123.3560 	 0 
123.3560 	 2 
123.9133 	 0 
123.9133 	 1 
123.9133 	 2 
124.4706 	 0 
124.4706 	 2 
124.4706 	 1 
124.7376 	 0 
124.7492 	 2 
125.0162 	 2 
125.1556 	 2 
125.1556 	 0 
125.1556 	 1 
125.2600 	 2 
125.4342 	 0 
125.4458 	 2 
125.4458 	 1 
125.5735 	 2 
125.5735 	 1 
125.5735 	 0 
125.8405 	 1 
125.8522 	 2 
125.8522 	 0 
125.9799 	 2 
125.9915 	 1 
125.9915 	 0 
126.1888 	 2 
126.3166 	 2 
126.6765 	 0 
126.6765 	 2 
127.7910 	 2 
127.7910 	 0 
127.8026 	 1 
128.9056 	 0 
128.9172 	 1 
128.9172 	 2 
129.0565 	 2 
129.1842 	 2 
129.6022 	 1 
129.6022 	 2 
129.6022 	 0 
129.8692 	 1 
129.8692 	 0 
129.8808 	 2 
130.0085 	 0 
130.0201 	 1 
130.0201 	 2 
130.3800 	 2 
130.4961 	 2 
130.7748 	 2 
131.1347 	 1 
131.1347 	 0 
131.1347 	 2 
133.2709 	 1 
133.2709 	 0 
133.2825 	 2 
133.4335 	 2 
133.9095 	 0 
133.9095 	 2 
133.9095 	 1 
134.0488 	 0 
134.0488 	 2 
134.0488 	 1 
134.3158 	 0 
134.3158 	 2 
134.3274 	 1 
134.7338 	 0 
134.7454 	 1 
134.7454 	 2 
134.8731 	 1 
134.8731 	 2 
134.8731 	 0 
135.4768 	 2 
135.8832 	 2 
136.1850 	 2 
136.6843 	 1 
136.6843 	 2 
136.6843 	 0 
137.7988 	 0 
137.7988 	 2 
137.7988 	 1 
138.4838 	 0 
138.4838 	 2 
138.4838 	 1 
138.7624 	 0 
138.7624 	 2 
138.9018 	 2 
138.9134 	 1 
138.9134 	 0 
139.0759 	 2 
139.2965 	 2 
139.3313 	 2 
139.3313 	 0 
139.3313 	 1 
139.7377 	 0 
139.7493 	 2 
139.7493 	 1 
139.9002 	 2 
140.0163 	 0 
140.0163 	 1 
140.0279 	 2 
140.3182 	 2 
140.4575 	 2 
140.5736 	 0 
140.5736 	 2 
141.1193 	 0 
141.1309 	 2 
141.1309 	 1 
142.0016 	 2 
142.2338 	 0 
142.2454 	 1 
142.2454 	 2 
142.4312 	 2 
142.8027 	 2 
142.8027 	 1 
142.8027 	 0 
143.0349 	 0 
143.0349 	 2 
143.0349 	 1 
143.2439 	 2 
143.3600 	 0 
143.3600 	 1 
143.3600 	 2 
143.4645 	 2 
143.5690 	 2 
143.6502 	 2 
143.7663 	 2 
143.7780 	 1 
143.7780 	 0 
143.9173 	 2 
144.1843 	 2 
144.1843 	 0 
144.1959 	 1 
144.3468 	 2 
144.4629 	 2 
144.4629 	 1 
144.4629 	 0 
144.7648 	 2 
144.8809 	 2 
145.0202 	 0 
145.0202 	 2 
145.0202 	 1 
145.5891 	 2 
145.5891 	 1 
145.5891 	 0 
145.8561 	 2 
145.9955 	 1 
145.9955 	 2 
145.9955 	 0 
146.4134 	 1 
146.4134 	 2 
146.4134 	 0 
146.6805 	 0 
146.6921 	 1 
146.6921 	 2 
146.8430 	 2 
146.9591 	 2 
147.2377 	 1 
147.2377 	 2 
147.2493 	 0 
147.3771 	 2 
147.3771 	 0 
147.3771 	 1 
147.6557 	 0 
147.6557 	 2 
147.7950 	 0 
147.7950 	 2 
147.8066 	 1 
148.3523 	 1 
148.3523 	 0 
148.3523 	 2 
148.9096 	 0 
148.9096 	 2 
148.9096 	 1 
151.0458 	 1 
151.0458 	 0 
151.0574 	 2 
151.2083 	 2 
151.6844 	 2 
151.6960 	 1 
151.6960 	 0 
151.8237 	 0 
151.8353 	 2 
151.8353 	 1 
152.1023 	 2 
152.1023 	 0 
152.5087 	 0 
152.5087 	 1 
152.5203 	 2 
152.6596 	 2 
152.6596 	 0 
152.6596 	 1 
153.9019 	 1 
153.9135 	 2 
153.9135 	 0 
154.4707 	 2 
154.4707 	 1 
154.4707 	 0 
154.8771 	 1 
154.8887 	 2 
154.8887 	 0 
155.2951 	 1 
155.2951 	 0 
155.2951 	 2 
155.5737 	 1 
155.5737 	 0 
155.5737 	 2 
156.1310 	 0 
156.1310 	 1 
156.1310 	 2 
156.2703 	 1 
156.2703 	 0 
156.2703 	 2 
156.5373 	 2 
156.5373 	 0 
156.6883 	 0 
156.6883 	 1 
156.6999 	 2 
156.9901 	 2 
157.1062 	 2 
157.1062 	 1 
157.1062 	 0 
157.5242 	 2 
157.5242 	 0 
157.5242 	 1 
157.8028 	 1 
157.8028 	 2 
157.8028 	 0 
158.2324 	 2 
158.3485 	 1 
158.3601 	 2 
158.3601 	 0 
158.9058 	 1 
158.9174 	 2 
158.9174 	 0 
159.4630 	 2 
159.4630 	 1 
159.4630 	 0 
160.0203 	 2 
160.0203 	 0 
160.0203 	 1 
160.1945 	 2 
160.2990 	 2 
160.5776 	 2 
160.5776 	 0 
160.7169 	 2 
160.7169 	 0 
160.7169 	 1 
160.9956 	 1 
160.9956 	 0 
160.9956 	 2 
161.1233 	 0 
161.1233 	 2 
161.1233 	 1 
161.4019 	 0 
161.4019 	 1 
161.4135 	 2 
161.5412 	 1 
161.5412 	 2 
161.5412 	 0 
162.2378 	 2 
162.2378 	 1 
162.2378 	 0 
162.5281 	 2 
163.3524 	 0 
163.3524 	 2 
163.3640 	 1 
164.4669 	 2 
164.4669 	 1 
164.4669 	 0 
164.6063 	 2 
164.7456 	 2 
165.1519 	 0 
165.1519 	 2 
165.1519 	 1 
165.4306 	 2 
165.4306 	 0 
165.4306 	 1 
165.5699 	 0 
165.5699 	 2 
165.5699 	 1 
165.9298 	 2 
166.0459 	 2 
166.3245 	 2 
166.6844 	 1 
166.6844 	 0 
166.6844 	 2 
168.8207 	 0 
168.8207 	 1 
168.8323 	 2 
168.9832 	 2 
169.1690 	 2 
169.4708 	 1 
169.4708 	 0 
169.4708 	 2 
169.5985 	 1 
169.5985 	 2 
169.5985 	 0 
169.7030 	 2 
169.8772 	 2 
169.8772 	 0 
169.8772 	 1 
170.0513 	 2 
170.1790 	 2 
170.2951 	 1 
170.2951 	 0 
170.3068 	 2 
170.4345 	 2 
170.4345 	 1 
170.4345 	 0 
170.8176 	 2 
171.0150 	 2 
171.2239 	 2 
171.4445 	 2 
171.7232 	 2 
172.2340 	 0 
172.2456 	 2 
172.2456 	 1 
173.3602 	 2 
173.3602 	 0 
173.3602 	 1 
174.0452 	 1 
174.0452 	 0 
174.0452 	 2 
174.1264 	 2 
174.3238 	 0 
174.3238 	 2 
174.4515 	 2 
174.4631 	 0 
174.4631 	 1 
174.6489 	 2 
174.7650 	 2 
174.8811 	 1 
174.8811 	 2 
174.8811 	 0 
175.2990 	 1 
175.2990 	 0 
175.2990 	 2 
175.5777 	 2 
175.5777 	 0 
175.5777 	 1 
176.0189 	 2 
176.1350 	 0 
176.1350 	 1 
176.1350 	 2 
176.6806 	 1 
176.6806 	 0 
176.6922 	 2 
177.1334 	 2 
177.5514 	 2 
177.7952 	 2 
177.7952 	 0 
177.7952 	 1 
177.9926 	 2 
178.3525 	 1 
178.3525 	 0 
178.3525 	 2 
178.5847 	 2 
178.6427 	 2 
178.7820 	 2 
178.9098 	 0 
178.9098 	 2 
178.9098 	 1 
179.1187 	 2 
179.2116 	 2 
179.3277 	 1 
179.3277 	 2 
179.3393 	 0 
179.4670 	 0 
179.4670 	 2 
179.4670 	 1 
180.0127 	 0 
180.0127 	 2 
180.0243 	 1 
180.3262 	 2 
180.5816 	 1 
180.5816 	 0 
180.5816 	 2 
181.1273 	 1 
181.1389 	 0 
181.1389 	 2 
181.6845 	 1 
181.6961 	 0 
181.6961 	 2 
182.2534 	 1 
182.2534 	 0 
182.2534 	 2 
182.7991 	 0 
182.7991 	 2 
182.7991 	 1 
182.9268 	 2 
182.9384 	 1 
182.9384 	 0 
183.2054 	 2 
183.2054 	 0 
183.3564 	 1 
183.3564 	 2 
183.3564 	 0 
183.9137 	 0 
183.9137 	 1 
183.9137 	 2 
184.4593 	 0 
184.4709 	 2 
184.4709 	 1 
185.0166 	 1 
185.0282 	 2 
185.0282 	 0 
185.5739 	 1 
185.5739 	 2 
185.5739 	 0 
186.1312 	 1 
186.1312 	 2 
186.1312 	 0 
186.6884 	 1 
186.6884 	 0 
186.6884 	 2 
187.2341 	 2 
187.2457 	 1 
187.2457 	 0 
187.3734 	 2 
187.3850 	 1 
187.3850 	 0 
187.6637 	 1 
187.6637 	 2 
187.6637 	 0 
187.8030 	 2 
187.8030 	 1 
187.8030 	 0 
188.0816 	 2 
188.0816 	 1 
188.0816 	 0 
188.2210 	 0 
188.2210 	 1 
188.2210 	 2 
188.3603 	 2 
188.3603 	 0 
188.3603 	 1 
188.9059 	 2 
188.9059 	 0 
189.4632 	 1 
189.4632 	 2 
189.4632 	 0 
190.0205 	 1 
190.0205 	 0 
190.0205 	 2 
190.5778 	 1 
190.5778 	 0 
190.5778 	 2 
191.1234 	 0 
191.1351 	 1 
191.1351 	 2 
191.6807 	 1 
191.6807 	 2 
191.6807 	 0 
191.8200 	 0 
191.8200 	 1 
191.8200 	 2 
191.9361 	 2 
192.0987 	 0 
192.0987 	 2 
192.2380 	 0 
192.2496 	 2 
192.2496 	 1 
192.7953 	 0 
192.7953 	 1 
192.8069 	 2 
193.3526 	 2 
193.3526 	 0 
193.3526 	 1 
193.7937 	 2 
193.9098 	 0 
193.9098 	 1 
193.9098 	 2 
194.4671 	 0 
194.4671 	 1 
194.4671 	 2 
195.0128 	 2 
195.0244 	 1 
195.0244 	 0 
195.5817 	 2 
195.5817 	 0 
195.5817 	 1 
196.1273 	 0 
196.1273 	 2 
196.1390 	 1 
196.2667 	 1 
196.2667 	 2 
196.2783 	 0 
196.5453 	 0 
196.5569 	 1 
196.5569 	 2 
196.6846 	 1 
196.6846 	 0 
196.6846 	 2 
196.9633 	 0 
196.9633 	 1 
196.9633 	 2 
197.1026 	 1 
197.1026 	 2 
197.1026 	 0 
197.3696 	 2 
197.7992 	 0 
197.7992 	 1 
197.7992 	 2 
198.3565 	 0 
198.3565 	 1 
198.3565 	 2 
198.9137 	 2 
198.9137 	 0 
198.9137 	 1 
199.4594 	 1 
199.4710 	 2 
199.4710 	 0 
200.0283 	 1 
200.0283 	 2 
200.0283 	 0 
200.5740 	 0 
200.5740 	 1 
200.5856 	 2 
200.7133 	 0 
200.7133 	 2 
200.7133 	 1 
200.9919 	 0 
200.9919 	 1 
201.0035 	 2 
201.1312 	 1 
201.1312 	 2 
201.1312 	 0 
201.6885 	 1 
201.6885 	 2 
201.6885 	 0 
202.2458 	 2 
202.2458 	 0 
202.2458 	 1 
202.8031 	 1 
202.8031 	 2 
202.8031 	 0 
203.3604 	 2 
203.3604 	 1 
203.3604 	 0 
203.9060 	 1 
203.9060 	 2 
203.9060 	 0 
204.4633 	 2 
204.4633 	 1 
204.4633 	 0 
205.0206 	 1 
205.0206 	 0 
205.0322 	 2 
205.1599 	 1 
205.1599 	 0 
205.1599 	 2 
205.4385 	 1 
205.4385 	 0 
205.4385 	 2 
205.5779 	 1 
205.5779 	 2 
205.5779 	 0 
205.7404 	 2 
205.8449 	 1 
205.8565 	 0 
205.8565 	 2 
205.9958 	 1 
205.9958 	 0 
205.9958 	 2 
206.1351 	 1 
206.1351 	 0 
206.1351 	 2 
206.6808 	 1 
206.6808 	 2 
206.6924 	 0 
207.0059 	 2 
207.2381 	 1 
207.2497 	 2 
207.2497 	 0 
207.7954 	 0 
207.7954 	 2 
207.8070 	 1 
208.3527 	 1 
208.3527 	 2 
208.3527 	 0 
208.9099 	 1 
208.9099 	 2 
208.9912 	 2 
209.4672 	 1 
209.4672 	 0 
209.4672 	 2 
209.5949 	 2 
209.6065 	 1 
209.6065 	 0 
209.8736 	 0 
209.8736 	 1 
209.8852 	 2 
210.0245 	 0 
210.0245 	 2 
210.0245 	 1 
210.5702 	 0 
210.5818 	 1 
210.5818 	 2 
210.7443 	 2 
211.0113 	 2 
211.1274 	 0 
211.1274 	 1 
211.1390 	 2 
211.3016 	 2 
211.5802 	 2 
211.6847 	 0 
211.6847 	 1 
211.6963 	 2 
212.2304 	 0 
212.2420 	 1 
212.2420 	 2 
212.7993 	 1 
212.7993 	 0 
212.7993 	 2 
213.1011 	 2 
213.3566 	 1 
213.3566 	 2 
213.3566 	 0 
213.9022 	 2 
213.9138 	 0 
213.9138 	 1 
214.1460 	 2 
214.3434 	 2 
214.4595 	 2 
214.5988 	 2 
214.7381 	 2 
214.7381 	 0 
214.8659 	 2 
214.8775 	 1 
215.0168 	 2 
215.5741 	 2 
216.6886 	 2 
216.6886 	 1 
217.8032 	 2 
217.8032 	 1 
217.8032 	 0 
218.4882 	 0 
218.4882 	 1 
218.4882 	 2 
218.7668 	 0 
218.7668 	 2 
218.9061 	 2 
218.9177 	 0 
220.0207 	 1 
220.0207 	 0 
220.0207 	 2 
221.1236 	 0 
221.1236 	 2 
221.1352 	 1 
222.2382 	 2 
222.2498 	 1 
222.2498 	 0 
222.7955 	 1 
222.7955 	 2 
222.7955 	 0 
222.9348 	 2 
222.9348 	 0 
222.9464 	 1 
223.2018 	 2 
223.2134 	 0 
223.2250 	 2 
223.3527 	 2 
223.3527 	 0 
223.3527 	 1 
223.6198 	 0 
223.6314 	 1 
223.6314 	 2 
223.7707 	 2 
223.7707 	 0 
223.7707 	 1 
224.4557 	 0 
224.4557 	 2 
225.5702 	 2 
225.5819 	 1 
226.6964 	 2 
226.6964 	 1 
226.6964 	 0 
227.3698 	 2 
227.3814 	 0 
227.3814 	 1 
227.6484 	 0 
227.6484 	 2 
227.7994 	 0 
227.7994 	 2 
227.7994 	 1 
228.9139 	 2 
228.9139 	 1 
228.9139 	 0 
230.0169 	 1 
230.0169 	 0 
230.0169 	 2 
231.1314 	 0 
231.1314 	 2 
231.1314 	 1 
231.6887 	 0 
231.6887 	 2 
231.6887 	 1 
231.8164 	 2 
231.8280 	 0 
231.8280 	 1 
232.1067 	 2 
232.1067 	 1 
232.1067 	 0 
232.2344 	 0 
232.2460 	 1 
232.2460 	 2 
232.5130 	 1 
232.5130 	 0 
232.5246 	 2 
232.6523 	 1 
232.6523 	 0 
232.6639 	 2 
233.3489 	 0 
233.3489 	 1 
233.3489 	 2 
234.4635 	 2 
235.5780 	 1 
235.5780 	 2 
235.5780 	 0 
236.2630 	 2 
236.2630 	 1 
236.2630 	 0 
236.5417 	 0 
236.5417 	 1 
236.5417 	 2 
236.6810 	 2 
236.6810 	 1 
236.6810 	 0 
237.7956 	 0 
237.7956 	 2 
237.8072 	 1 
238.9101 	 2 
238.9101 	 1 
238.9101 	 0 
240.0131 	 2 
240.0247 	 0 
240.0247 	 1 
240.5703 	 2 
240.5820 	 0 
240.5820 	 1 
240.7097 	 1 
240.7097 	 0 
240.7213 	 2 
240.9999 	 0 
240.9999 	 1 
240.9999 	 2 
241.1276 	 1 
241.1276 	 2 
241.1276 	 0 
241.4063 	 0 
241.4063 	 2 
241.4063 	 1 
241.5456 	 2 
241.5456 	 0 
241.5456 	 1 
242.2422 	 2 
242.2422 	 0 
242.2422 	 1 
242.5556 	 1 
243.3451 	 1 
243.3451 	 0 
243.3567 	 2 
244.4713 	 2 
244.4713 	 0 
244.4713 	 1 
245.1563 	 0 
245.1563 	 1 
245.1563 	 2 
245.4349 	 1 
245.4349 	 0 
245.4349 	 2 
245.5742 	 0 
245.5742 	 2 
246.6888 	 1 
246.6888 	 2 
247.5944 	 2 
247.7801 	 0 
247.7917 	 1 
247.7917 	 2 
248.9063 	 0 
248.9063 	 1 
248.9179 	 2 
