8.8352 	 0 
9.3460 	 0 
9.8801 	 0 
10.3909 	 0 
10.9134 	 0 
11.4358 	 0 
11.9583 	 0 
12.4807 	 0 
13.0032 	 0 
13.5140 	 0 
14.0481 	 0 
14.5589 	 0 
15.0814 	 0 
15.6038 	 0 
16.1263 	 0 
16.6487 	 0 
17.1828 	 0 
17.4498 	 2 
17.6936 	 0 
17.9722 	 2 
18.1232 	 2 
18.2161 	 2 
18.2277 	 0 
18.3438 	 2 
18.4831 	 2 
18.7385 	 0 
19.0171 	 2 
19.2610 	 0 
19.4351 	 2 
19.5396 	 2 
19.6789 	 2 
19.7834 	 0 
20.0504 	 2 
20.2130 	 2 
20.3059 	 2 
20.3059 	 0 
20.4336 	 2 
20.5729 	 2 
20.8283 	 0 
21.1069 	 2 
21.3507 	 0 
21.6178 	 2 
21.7803 	 2 
21.8732 	 0 
22.1402 	 2 
22.3840 	 2 
22.3956 	 0 
22.6627 	 2 
22.9181 	 0 
23.0458 	 2 
23.1851 	 2 
23.4405 	 0 
23.6031 	 2 
23.7076 	 2 
23.8585 	 2 
23.9630 	 0 
24.1023 	 2 
24.2300 	 2 
24.3810 	 1 
24.4854 	 0 
24.7525 	 2 
25.0079 	 0 
25.1356 	 2 
25.2749 	 2 
25.5303 	 0 
25.7974 	 2 
26.0528 	 0 
26.5636 	 2 
26.5752 	 0 
26.8423 	 2 
27.0861 	 0 
27.6085 	 0 
28.1310 	 0 
28.4096 	 2 
28.5605 	 2 
28.6534 	 0 
28.6534 	 2 
28.7811 	 2 
28.9321 	 2 
29.1759 	 0 
29.2223 	 2 
29.6983 	 0 
29.9770 	 2 
30.1163 	 2 
30.2208 	 0 
30.4878 	 2 
30.7432 	 0 
30.7432 	 2 
31.0219 	 2 
31.2657 	 0 
31.7881 	 0 
33.8779 	 2 
33.8779 	 0 
34.0056 	 2 
34.1333 	 2 
34.2610 	 2 
34.2727 	 0 
34.3888 	 2 
34.4004 	 0 
34.5165 	 2 
34.6558 	 1 
34.6558 	 2 
34.6558 	 0 
34.9112 	 0 
34.9112 	 2 
34.9228 	 1 
35.0273 	 1 
35.0505 	 0 
35.1782 	 1 
35.1898 	 0 
35.2015 	 2 
35.2827 	 1 
35.4337 	 1 
35.4453 	 0 
35.6891 	 2 
35.7123 	 0 
35.9561 	 2 
35.9677 	 1 
35.9677 	 0 
36.2115 	 2 
36.2231 	 1 
36.3392 	 1 
36.3508 	 0 
36.3508 	 2 
36.4785 	 0 
36.4785 	 2 
36.4902 	 1 
36.7456 	 0 
36.7456 	 1 
36.7456 	 2 
37.0010 	 2 
37.0010 	 0 
37.1287 	 2 
37.1287 	 1 
37.1403 	 0 
37.2564 	 2 
37.2564 	 1 
37.2680 	 0 
37.5118 	 2 
37.5118 	 1 
37.5234 	 0 
37.7905 	 1 
38.0459 	 1 
38.0459 	 0 
38.0459 	 2 
38.1852 	 2 
38.3013 	 2 
38.4290 	 1 
38.4406 	 0 
38.5683 	 0 
38.5683 	 2 
38.6961 	 2 
38.8238 	 0 
38.8354 	 1 
38.8354 	 2 
39.0792 	 0 
39.0908 	 2 
39.2069 	 1 
39.2185 	 0 
39.3462 	 1 
39.3578 	 0 
39.6016 	 1 
39.6132 	 0 
39.6132 	 2 
39.8687 	 2 
40.1357 	 0 
40.1357 	 2 
40.3911 	 2 
40.5188 	 1 
40.5304 	 2 
40.5304 	 0 
40.6465 	 1 
40.6581 	 0 
40.6581 	 2 
40.9136 	 0 
40.9136 	 2 
41.1806 	 2 
41.1806 	 0 
41.3083 	 1 
41.3083 	 2 
41.3083 	 0 
41.4360 	 2 
41.4360 	 1 
41.4476 	 0 
41.6914 	 2 
41.7030 	 0 
41.9585 	 1 
42.0629 	 1 
42.2139 	 0 
42.2139 	 2 
42.3532 	 2 
42.4809 	 2 
42.6086 	 1 
42.6086 	 0 
42.7363 	 2 
42.7479 	 0 
42.8756 	 2 
42.9917 	 2 
43.0034 	 1 
43.0034 	 0 
43.2588 	 2 
43.3865 	 1 
43.3981 	 0 
43.5258 	 0 
43.5258 	 1 
43.5374 	 2 
43.7812 	 1 
43.7928 	 0 
43.7928 	 2 
44.0483 	 2 
44.0599 	 0 
44.1876 	 2 
44.3037 	 1 
44.3153 	 2 
44.3153 	 0 
44.5591 	 2 
44.5707 	 1 
44.6984 	 1 
44.6984 	 0 
44.6984 	 2 
44.8261 	 0 
44.8261 	 2 
44.8261 	 1 
45.0815 	 2 
45.0932 	 0 
45.0932 	 1 
45.3370 	 2 
45.4647 	 2 
45.4763 	 1 
45.4879 	 0 
45.6040 	 2 
45.6156 	 0 
45.6156 	 1 
45.8710 	 0 
45.8710 	 1 
45.8710 	 2 
46.1380 	 1 
46.3819 	 2 
46.3935 	 0 
46.5328 	 2 
46.6489 	 2 
46.7766 	 1 
46.7882 	 2 
46.7882 	 0 
46.9159 	 0 
46.9159 	 2 
47.0436 	 2 
47.1829 	 0 
47.1829 	 2 
47.4384 	 2 
47.5545 	 1 
47.5777 	 0 
47.6938 	 1 
47.7054 	 0 
47.7170 	 2 
47.9608 	 1 
47.9608 	 0 
47.9608 	 2 
48.2162 	 2 
48.4833 	 2 
48.4833 	 0 
48.4833 	 1 
48.7387 	 2 
48.7503 	 1 
48.8664 	 1 
48.8780 	 2 
48.8780 	 0 
49.0057 	 2 
49.0057 	 0 
49.2611 	 2 
49.2611 	 0 
49.5166 	 2 
49.6443 	 2 
49.6559 	 0 
49.6559 	 1 
49.7836 	 2 
49.7836 	 1 
49.7952 	 0 
50.0390 	 2 
50.0506 	 0 
50.3060 	 1 
50.5615 	 0 
50.5615 	 2 
50.5731 	 1 
50.7008 	 2 
50.8285 	 2 
50.9562 	 1 
50.9678 	 0 
51.0839 	 0 
51.0839 	 1 
51.0839 	 2 
51.2929 	 2 
51.3509 	 0 
51.3625 	 1 
51.5019 	 2 
51.6063 	 0 
51.6063 	 2 
51.7341 	 1 
51.7457 	 2 
51.7457 	 0 
51.8734 	 0 
51.8850 	 2 
52.1288 	 2 
52.1288 	 1 
52.1404 	 0 
52.3958 	 2 
52.6512 	 2 
52.6512 	 1 
52.6512 	 0 
52.8138 	 1 
52.9067 	 1 
52.9183 	 2 
53.0460 	 1 
53.0460 	 2 
53.0460 	 0 
53.1737 	 1 
53.1853 	 2 
53.1853 	 0 
53.3595 	 2 
53.4407 	 1 
53.4407 	 0 
53.6961 	 2 
53.6961 	 0 
53.8239 	 0 
53.8239 	 1 
53.8239 	 2 
53.9516 	 2 
53.9632 	 0 
53.9632 	 1 
54.1838 	 2 
54.2186 	 0 
54.4856 	 1 
54.7410 	 0 
54.7410 	 1 
54.7410 	 2 
54.8804 	 2 
54.9965 	 2 
55.1358 	 0 
55.1358 	 1 
55.2635 	 2 
55.2635 	 0 
55.5189 	 2 
55.5305 	 1 
55.5305 	 0 
55.7743 	 0 
55.7859 	 2 
55.9020 	 1 
55.9253 	 0 
56.0414 	 1 
56.0530 	 0 
56.0646 	 2 
56.3084 	 0 
56.3084 	 1 
56.3084 	 2 
56.5638 	 2 
56.8192 	 2 
56.8308 	 0 
57.0863 	 2 
57.2140 	 1 
57.2256 	 2 
57.2256 	 0 
57.3417 	 1 
57.3533 	 0 
57.3533 	 2 
57.6087 	 0 
57.6203 	 2 
57.8641 	 2 
57.9918 	 2 
58.0034 	 0 
58.1312 	 1 
58.1312 	 2 
58.1428 	 0 
58.3866 	 2 
58.3982 	 0 
58.6536 	 1 
58.9090 	 1 
58.9090 	 0 
58.9090 	 2 
59.0483 	 2 
59.1761 	 2 
59.3154 	 0 
59.3154 	 1 
59.4315 	 2 
59.4315 	 1 
59.6288 	 2 
59.6985 	 0 
59.6985 	 1 
59.8610 	 2 
59.9539 	 0 
59.9539 	 2 
60.0816 	 1 
60.0932 	 0 
60.2210 	 1 
60.2210 	 0 
60.2442 	 2 
60.4764 	 1 
60.4880 	 0 
60.7318 	 2 
60.7434 	 0 
60.9988 	 0 
60.9988 	 1 
60.9988 	 2 
61.2659 	 2 
61.2775 	 1 
61.3936 	 1 
61.3936 	 0 
61.5213 	 1 
61.5329 	 2 
61.5329 	 0 
61.6954 	 2 
61.7883 	 0 
62.0437 	 0 
62.0437 	 2 
62.1714 	 2 
62.1714 	 1 
62.1714 	 0 
62.2991 	 2 
62.2991 	 1 
62.3107 	 0 
62.5662 	 2 
62.5662 	 0 
62.8332 	 1 
63.0886 	 0 
63.0886 	 2 
63.0886 	 1 
63.2279 	 2 
63.3440 	 2 
63.5995 	 2 
63.6111 	 0 
63.8665 	 2 
64.1335 	 0 
64.1335 	 2 
64.4005 	 1 
64.6560 	 0 
64.6560 	 2 
64.9114 	 2 
65.1668 	 2 
65.1784 	 0 
65.4338 	 2 
65.4338 	 1 
65.6893 	 2 
65.7009 	 0 
65.9679 	 1 
66.2233 	 0 
66.7458 	 0 
67.0128 	 2 
67.2566 	 0 
67.5352 	 2 
67.7790 	 0 
68.0577 	 2 
68.3131 	 0 
68.5801 	 2 
68.8239 	 0 
69.0910 	 2 
69.3464 	 2 
69.3464 	 0 
69.8688 	 0 
70.3913 	 0 
70.6583 	 2 
70.9137 	 0 
71.1808 	 2 
71.4362 	 0 
71.6916 	 2 
71.9586 	 0 
72.2257 	 2 
72.4114 	 2 
72.4811 	 0 
72.7481 	 2 
73.0035 	 0 
73.2706 	 2 
73.5260 	 0 
73.7930 	 1 
74.0484 	 0 
74.3271 	 1 
74.5709 	 0 
74.8379 	 2 
75.0933 	 0 
75.3604 	 2 
75.6158 	 0 
75.9293 	 2 
76.1382 	 0 
76.6607 	 0 
77.1831 	 0 
77.6940 	 0 
78.2164 	 0 
78.7389 	 0 
79.2613 	 0 
80.6661 	 1 
80.7822 	 2 
83.9634 	 0 
83.9634 	 2 
84.0911 	 2 
84.2188 	 2 
84.3465 	 2 
84.3465 	 1 
84.3581 	 0 
84.4742 	 2 
84.4858 	 0 
84.7296 	 1 
84.7296 	 0 
84.7296 	 2 
84.9734 	 2 
85.1244 	 1 
85.1360 	 0 
85.2637 	 1 
85.2637 	 0 
85.5191 	 1 
85.5307 	 0 
85.5307 	 2 
85.7861 	 0 
85.7861 	 2 
85.8790 	 2 
85.9022 	 1 
86.0067 	 2 
86.0532 	 0 
86.1809 	 2 
86.3086 	 2 
86.3086 	 1 
86.4363 	 0 
86.4479 	 2 
86.5640 	 1 
86.5756 	 0 
86.8310 	 2 
86.8310 	 0 
86.8310 	 1 
87.0864 	 2 
87.2141 	 2 
87.2141 	 1 
87.2258 	 0 
87.3419 	 2 
87.3535 	 1 
87.3535 	 0 
87.6089 	 2 
87.6089 	 1 
87.6089 	 0 
87.8759 	 1 
88.1313 	 2 
88.1313 	 0 
88.2707 	 2 
88.3984 	 2 
88.5261 	 0 
88.5261 	 1 
88.6422 	 2 
88.6538 	 0 
88.8860 	 2 
88.9208 	 0 
89.1646 	 0 
89.1762 	 2 
89.1878 	 1 
89.3039 	 0 
89.3039 	 1 
89.4317 	 1 
89.4433 	 0 
89.4549 	 2 
89.6987 	 1 
89.6987 	 2 
89.6987 	 0 
89.9541 	 0 
89.9541 	 2 
90.2095 	 1 
90.2211 	 0 
90.2211 	 2 
90.4766 	 2 
90.6043 	 1 
90.6159 	 0 
90.6159 	 2 
90.7436 	 1 
90.7436 	 0 
90.7436 	 2 
90.9990 	 2 
90.9990 	 0 
91.2660 	 2 
91.3821 	 2 
91.3937 	 1 
91.3937 	 0 
91.5215 	 2 
91.5215 	 1 
91.5331 	 0 
91.7885 	 2 
91.7885 	 0 
92.0439 	 1 
92.2993 	 1 
92.2993 	 0 
92.3109 	 2 
92.4386 	 2 
92.5663 	 2 
92.6941 	 1 
92.6941 	 2 
92.7057 	 0 
92.8334 	 0 
92.8334 	 2 
92.9379 	 2 
93.0888 	 0 
93.0888 	 1 
93.3442 	 0 
93.3442 	 2 
93.3558 	 1 
93.4835 	 0 
93.4835 	 1 
93.6112 	 0 
93.6229 	 1 
93.6925 	 2 
93.8783 	 0 
93.8783 	 2 
93.8783 	 1 
94.1221 	 2 
94.1453 	 0 
94.2382 	 2 
94.3427 	 2 
94.3891 	 1 
94.4007 	 0 
94.6445 	 2 
94.6561 	 1 
94.7839 	 0 
94.7955 	 2 
94.9116 	 1 
94.9232 	 2 
94.9232 	 0 
95.1786 	 0 
95.1786 	 2 
95.1786 	 1 
95.3063 	 1 
95.4340 	 0 
95.4340 	 2 
95.4456 	 1 
95.5617 	 1 
95.5617 	 2 
95.5733 	 0 
95.7010 	 1 
95.7010 	 0 
95.7010 	 2 
95.9565 	 2 
95.9565 	 0 
96.2235 	 1 
96.4789 	 0 
96.4789 	 1 
96.4789 	 2 
96.6182 	 2 
96.7459 	 2 
96.8737 	 0 
96.8737 	 2 
96.8737 	 1 
97.0014 	 0 
97.0014 	 2 
97.1291 	 2 
97.2684 	 1 
97.2684 	 0 
97.2684 	 2 
97.5238 	 0 
97.5238 	 2 
97.6515 	 1 
97.6631 	 0 
97.7792 	 1 
97.7908 	 0 
97.8141 	 2 
98.0463 	 1 
98.0463 	 0 
98.0463 	 2 
98.3017 	 2 
98.5571 	 2 
98.5571 	 1 
98.5687 	 0 
98.8241 	 2 
98.8241 	 1 
98.9518 	 1 
98.9634 	 0 
98.9634 	 2 
99.0912 	 2 
99.0912 	 1 
99.0912 	 0 
99.2189 	 2 
99.3466 	 2 
99.3466 	 0 
99.6136 	 2 
99.7413 	 0 
99.7413 	 1 
99.7413 	 2 
99.8690 	 2 
99.8806 	 1 
99.8806 	 0 
100.1244 	 0 
100.1361 	 2 
100.3915 	 1 
100.6469 	 2 
100.6469 	 0 
100.6585 	 1 
100.7862 	 2 
100.9139 	 2 
101.0416 	 1 
101.0532 	 0 
101.1693 	 2 
101.1693 	 1 
101.1810 	 0 
101.4132 	 1 
101.4132 	 2 
101.4364 	 0 
101.6570 	 2 
101.8195 	 1 
101.8311 	 0 
101.9588 	 1 
101.9704 	 0 
102.2259 	 0 
102.2259 	 1 
102.2259 	 2 
102.4813 	 2 
102.4929 	 0 
102.7367 	 2 
102.7483 	 1 
102.7483 	 0 
103.0037 	 1 
103.0037 	 2 
103.1314 	 0 
103.1314 	 1 
103.1430 	 2 
103.2591 	 1 
103.2591 	 0 
103.2707 	 2 
103.5262 	 2 
103.5262 	 1 
103.5262 	 0 
103.7816 	 0 
103.7816 	 2 
103.9093 	 2 
103.9093 	 1 
103.9209 	 0 
104.0370 	 2 
104.0486 	 0 
104.0486 	 1 
104.2924 	 2 
104.3040 	 1 
104.3040 	 0 
104.5711 	 1 
104.8149 	 1 
104.8265 	 2 
104.8265 	 0 
104.9658 	 1 
104.9658 	 2 
105.0935 	 2 
105.2212 	 0 
105.3489 	 0 
105.3489 	 2 
105.3489 	 1 
105.6044 	 2 
105.6044 	 0 
105.6160 	 1 
105.8714 	 2 
105.8714 	 0 
105.8714 	 1 
105.9991 	 0 
105.9991 	 1 
106.1384 	 0 
106.1384 	 1 
106.3938 	 0 
106.3938 	 2 
106.3938 	 1 
106.6493 	 2 
106.9047 	 1 
106.9163 	 0 
106.9163 	 2 
107.1717 	 2 
107.1717 	 1 
107.2994 	 1 
107.3110 	 0 
107.3110 	 2 
107.4387 	 0 
107.4387 	 1 
107.4387 	 2 
107.6941 	 0 
107.6941 	 2 
107.9612 	 2 
108.0773 	 2 
108.0889 	 1 
108.0889 	 0 
108.2166 	 2 
108.2166 	 1 
108.2282 	 0 
108.4720 	 2 
108.4836 	 0 
108.4836 	 1 
108.7507 	 1 
108.9945 	 2 
108.9945 	 0 
109.0061 	 1 
109.1454 	 2 
109.2615 	 2 
109.3892 	 1 
109.3892 	 0 
109.5169 	 1 
109.5169 	 2 
109.5285 	 0 
109.7839 	 2 
109.7839 	 0 
110.0394 	 0 
110.0394 	 2 
110.0510 	 1 
110.1787 	 0 
110.1787 	 1 
110.3064 	 0 
110.3064 	 1 
110.3296 	 2 
110.5618 	 2 
110.5734 	 1 
110.5734 	 0 
110.8288 	 2 
111.0843 	 2 
111.0959 	 0 
111.3513 	 2 
111.3513 	 1 
111.4790 	 0 
111.4790 	 1 
111.4906 	 2 
111.6183 	 0 
111.6183 	 1 
111.6183 	 2 
111.8737 	 2 
111.8737 	 0 
111.8854 	 1 
112.1292 	 2 
112.1292 	 0 
112.2569 	 2 
112.2569 	 1 
112.2685 	 0 
112.3962 	 2 
112.3962 	 1 
112.3962 	 0 
112.6400 	 2 
112.6516 	 0 
112.9186 	 1 
113.1741 	 0 
113.1741 	 2 
113.1857 	 1 
113.3134 	 2 
113.4295 	 2 
113.6849 	 0 
113.6849 	 2 
113.9519 	 2 
114.2073 	 2 
114.2190 	 1 
114.2190 	 0 
114.4744 	 1 
114.7414 	 0 
114.7414 	 2 
114.9968 	 2 
115.2522 	 2 
115.2639 	 0 
115.5193 	 2 
115.5193 	 1 
115.7747 	 2 
115.7863 	 0 
115.7863 	 1 
116.0533 	 1 
116.2971 	 2 
116.3088 	 0 
116.4481 	 2 
116.5758 	 2 
116.8312 	 2 
116.8312 	 0 
117.0982 	 2 
134.8383 	 2 
135.3607 	 2 
136.1270 	 2 
136.4056 	 2 
136.5566 	 2 
136.9397 	 2 
137.1835 	 2 
137.4621 	 2 
138.6580 	 2 
138.6580 	 1 
139.2733 	 2 
139.3894 	 2 
139.5403 	 2 
140.7245 	 2 
141.3631 	 1 
141.6185 	 2 
143.3368 	 2 
143.7083 	 2 
144.7532 	 2 
144.9041 	 2 
145.2873 	 2 
145.5427 	 2 
145.7981 	 2 
146.5876 	 2 
147.4815 	 1 
147.8879 	 2 
150.7439 	 1 
150.7439 	 0 
150.7439 	 2 
150.8717 	 2 
150.9994 	 2 
151.1387 	 1 
151.1387 	 0 
151.2432 	 1 
151.2548 	 2 
151.2664 	 0 
151.3825 	 2 
151.5102 	 1 
151.5102 	 2 
151.5218 	 0 
151.7540 	 2 
151.7772 	 0 
151.9049 	 1 
151.9166 	 0 
152.0443 	 0 
152.0443 	 1 
152.2997 	 1 
152.3113 	 2 
152.3113 	 0 
152.5667 	 2 
152.5783 	 0 
152.6712 	 2 
152.6828 	 1 
152.7873 	 2 
152.8221 	 0 
152.8221 	 1 
153.0892 	 1 
153.0892 	 2 
153.2169 	 0 
153.2285 	 2 
153.3330 	 2 
153.3446 	 1 
153.3562 	 0 
153.6116 	 1 
153.6116 	 0 
153.6116 	 2 
153.7393 	 1 
153.8670 	 0 
153.8670 	 2 
153.9947 	 2 
154.0063 	 1 
154.0063 	 0 
154.1224 	 2 
154.1341 	 1 
154.1341 	 0 
154.3895 	 0 
154.3895 	 2 
154.3895 	 1 
154.6681 	 1 
154.9119 	 1 
154.9119 	 2 
154.9119 	 0 
155.0512 	 2 
155.1790 	 2 
155.2951 	 1 
155.3067 	 0 
155.4228 	 2 
155.4460 	 0 
155.5621 	 2 
155.6898 	 2 
155.7014 	 1 
155.7014 	 0 
155.9568 	 0 
155.9568 	 2 
156.0845 	 1 
156.0961 	 0 
156.2122 	 1 
156.2239 	 0 
156.2355 	 2 
156.4793 	 0 
156.4793 	 2 
156.4793 	 1 
156.7347 	 2 
157.0017 	 2 
157.0017 	 1 
157.0017 	 0 
157.2571 	 2 
157.2571 	 1 
157.3965 	 2 
157.3965 	 0 
157.3965 	 1 
157.5242 	 1 
157.5242 	 2 
157.5242 	 0 
157.7796 	 0 
157.7912 	 2 
158.0350 	 2 
158.1627 	 2 
158.1743 	 0 
158.1859 	 1 
158.3020 	 2 
158.3020 	 1 
158.3137 	 0 
158.5691 	 2 
158.5691 	 0 
158.8361 	 1 
159.0799 	 0 
159.0915 	 2 
159.0915 	 1 
159.2192 	 2 
159.3469 	 2 
159.4863 	 0 
159.6024 	 2 
159.6024 	 1 
159.6140 	 0 
159.7301 	 2 
159.8462 	 2 
159.8694 	 0 
159.8694 	 1 
160.1248 	 0 
160.1248 	 2 
160.1364 	 1 
160.2641 	 0 
160.2641 	 1 
160.3918 	 1 
160.4034 	 0 
160.4731 	 2 
160.6589 	 0 
160.6589 	 1 
160.6589 	 2 
160.9027 	 2 
160.9143 	 0 
161.0188 	 2 
161.1349 	 2 
161.1813 	 0 
161.1813 	 1 
161.4367 	 1 
161.4367 	 2 
161.5644 	 1 
161.5761 	 0 
161.5761 	 2 
161.6922 	 1 
161.7038 	 2 
161.7038 	 0 
161.9592 	 1 
161.9592 	 2 
161.9592 	 0 
162.2146 	 2 
162.2262 	 0 
162.3423 	 1 
162.3539 	 0 
162.3539 	 2 
162.4816 	 2 
162.4816 	 0 
162.4816 	 1 
162.7371 	 2 
162.7487 	 0 
163.0041 	 1 
163.2595 	 2 
163.2595 	 0 
163.3988 	 2 
163.5265 	 2 
163.6542 	 1 
163.6542 	 0 
163.7820 	 2 
163.7820 	 0 
163.9213 	 2 
164.0490 	 1 
164.0490 	 0 
164.0490 	 2 
164.3044 	 2 
164.3044 	 0 
164.4321 	 1 
164.4437 	 0 
164.5714 	 1 
164.5714 	 0 
164.5830 	 2 
164.8268 	 1 
164.8268 	 2 
164.8268 	 0 
165.0823 	 2 
165.0939 	 0 
165.3377 	 1 
165.3493 	 2 
165.3493 	 0 
165.6163 	 1 
165.6163 	 2 
165.7324 	 1 
165.7440 	 0 
165.7440 	 2 
165.8717 	 0 
165.8717 	 1 
165.8717 	 2 
166.1272 	 2 
166.1388 	 0 
166.3826 	 2 
166.5219 	 0 
166.5219 	 2 
166.6496 	 1 
166.6612 	 0 
166.6612 	 2 
166.9050 	 2 
166.9166 	 0 
167.1837 	 1 
167.2882 	 1 
167.4275 	 2 
167.4391 	 0 
167.5668 	 2 
167.6945 	 2 
167.8338 	 0 
167.8338 	 1 
167.9499 	 2 
168.1937 	 2 
168.2170 	 0 
168.4376 	 2 
168.4608 	 0 
168.4840 	 2 
168.6117 	 0 
168.6117 	 1 
168.7394 	 0 
168.7394 	 1 
168.9948 	 2 
169.0064 	 0 
169.0064 	 1 
169.2619 	 2 
169.2735 	 0 
169.5173 	 1 
169.5173 	 2 
169.5289 	 0 
169.7843 	 1 
169.7959 	 2 
169.9120 	 1 
169.9120 	 0 
169.9236 	 2 
170.0397 	 1 
170.0397 	 0 
170.0513 	 2 
170.2951 	 2 
170.3068 	 1 
170.3068 	 0 
170.5622 	 2 
170.5738 	 0 
170.6899 	 2 
170.6899 	 1 
170.7015 	 0 
170.8292 	 0 
170.8292 	 1 
170.8292 	 2 
171.0730 	 2 
171.0846 	 0 
171.0846 	 1 
171.3517 	 2 
171.3633 	 1 
171.4794 	 2 
171.6071 	 0 
171.6071 	 2 
171.6071 	 1 
171.7464 	 2 
171.7464 	 1 
171.8741 	 2 
172.0018 	 0 
172.0134 	 1 
172.1295 	 2 
172.1411 	 0 
172.3849 	 2 
172.3966 	 0 
172.3966 	 1 
172.6520 	 0 
172.6520 	 2 
172.7797 	 1 
172.7913 	 0 
172.9074 	 1 
172.9190 	 2 
172.9190 	 0 
173.1744 	 1 
173.1744 	 2 
173.1744 	 0 
173.4298 	 2 
173.4415 	 0 
173.6969 	 1 
173.6969 	 2 
173.6969 	 0 
173.9523 	 2 
174.0916 	 2 
174.0916 	 1 
174.0916 	 0 
174.2193 	 0 
174.2193 	 1 
174.2193 	 2 
174.4863 	 2 
174.4863 	 0 
174.7418 	 2 
174.8695 	 2 
174.8695 	 0 
174.8811 	 1 
174.9972 	 2 
175.0088 	 1 
175.0088 	 0 
175.2526 	 2 
175.2642 	 0 
175.5312 	 1 
175.6241 	 1 
175.7867 	 0 
176.3091 	 0 
176.8316 	 0 
177.3540 	 0 
177.8765 	 0 
178.3989 	 0 
178.9214 	 0 
179.4438 	 0 
179.9546 	 0 
180.4887 	 0 
181.0112 	 0 
181.5220 	 0 
