0.6385 	 1 
0.8011 	 2 
1.0913 	 2 
1.2539 	 2 
1.4164 	 2 
1.5790 	 2 
1.7299 	 2 
1.8924 	 2 
2.0434 	 2 
2.0550 	 1 
2.5078 	 2 
2.5194 	 1 
2.6587 	 1 
2.6703 	 2 
2.8212 	 2 
2.9838 	 2 
2.9838 	 1 
3.1463 	 2 
3.2856 	 2 
3.4482 	 2 
3.5991 	 2 
3.7500 	 2 
3.9126 	 2 
4.0519 	 2 
4.2260 	 2 
4.3886 	 2 
4.3886 	 1 
4.6788 	 2 
5.1664 	 2 
5.3058 	 2 
5.4799 	 2 
5.6308 	 2 
5.7934 	 2 
5.9327 	 2 
6.1068 	 2 
6.2578 	 2 
7.0356 	 2 
7.1866 	 2 
7.3491 	 2 
7.5117 	 1 
7.5117 	 2 
7.9761 	 2 
7.9877 	 1 
8.4521 	 2 
8.9049 	 2 
9.0674 	 2 
9.3809 	 2 
9.3809 	 1 
9.5434 	 2 
9.6711 	 2 
9.8569 	 2 
10.0310 	 1 
10.1587 	 2 
10.3213 	 2 
10.6347 	 2 
10.7973 	 2 
10.9482 	 2 
11.4126 	 2 
11.8886 	 2 
11.8886 	 0 
12.0395 	 0 
12.0395 	 2 
12.2021 	 2 
12.3414 	 0 
12.3530 	 2 
12.5039 	 0 
12.5156 	 2 
12.6665 	 0 
12.6665 	 2 
12.8290 	 2 
12.9800 	 2 
12.9800 	 0 
13.1193 	 0 
13.1425 	 2 
13.2934 	 0 
13.2934 	 2 
13.4444 	 2 
13.6069 	 2 
13.9088 	 2 
14.0713 	 2 
14.3848 	 0 
14.3848 	 2 
14.5473 	 0 
14.5473 	 2 
14.6982 	 2 
14.8492 	 0 
14.8608 	 2 
15.0001 	 0 
15.0117 	 2 
15.1626 	 0 
15.1742 	 2 
15.3252 	 2 
15.4761 	 2 
15.4761 	 0 
15.6386 	 0 
15.6386 	 2 
15.7896 	 0 
15.7896 	 2 
15.9521 	 2 
16.1146 	 2 
16.2424 	 2 
16.5674 	 2 
16.8809 	 2 
16.8809 	 0 
17.0434 	 0 
17.0434 	 2 
17.2060 	 2 
17.3453 	 0 
17.4962 	 0 
17.5078 	 2 
17.6588 	 2 
17.6704 	 0 
17.8329 	 2 
17.9722 	 2 
17.9839 	 0 
18.1348 	 2 
18.1348 	 0 
18.2857 	 2 
18.2973 	 0 
18.4366 	 2 
18.4599 	 0 
18.5992 	 2 
18.7617 	 2 
19.2261 	 2 
19.3887 	 2 
19.3887 	 1 
19.5396 	 2 
19.5396 	 0 
19.6905 	 2 
19.8531 	 2 
19.8531 	 0 
20.0156 	 2 
20.1665 	 0 
20.1665 	 2 
20.3175 	 2 
20.4800 	 0 
20.4800 	 2 
20.6309 	 0 
20.6309 	 2 
20.7935 	 2 
20.9444 	 2 
20.9560 	 1 
21.0953 	 2 
21.2695 	 0 
21.2695 	 2 
21.4320 	 2 
21.7339 	 0 
21.7339 	 2 
21.8848 	 2 
21.8964 	 0 
22.0473 	 2 
22.0590 	 0 
22.1867 	 2 
22.2099 	 1 
22.5234 	 2 
22.6627 	 0 
22.8252 	 0 
22.8252 	 2 
22.9761 	 2 
23.1271 	 2 
23.1387 	 0 
23.3012 	 0 
23.4405 	 2 
23.4522 	 1 
23.5915 	 2 
23.7656 	 0 
23.7772 	 2 
23.9166 	 2 
23.9166 	 0 
24.2300 	 0 
24.2300 	 2 
24.3810 	 2 
24.5435 	 1 
24.6944 	 2 
24.7060 	 1 
25.0079 	 2 
25.0079 	 0 
25.1704 	 0 
25.1704 	 2 
25.3214 	 2 
25.3214 	 0 
25.4839 	 2 
25.6348 	 0 
25.6348 	 2 
25.9367 	 2 
25.9483 	 1 
26.0992 	 0 
26.2734 	 2 
26.2734 	 0 
26.4243 	 0 
26.4243 	 2 
26.7378 	 2 
26.8771 	 2 
27.0396 	 2 
27.0396 	 1 
27.1906 	 2 
27.2022 	 1 
27.3415 	 2 
27.5040 	 0 
27.5040 	 2 
27.6666 	 0 
27.8175 	 2 
27.8291 	 0 
27.9800 	 0 
27.9800 	 2 
28.1310 	 2 
28.1310 	 0 
28.2935 	 2 
28.4444 	 2 
28.4561 	 1 
28.5954 	 2 
28.6070 	 0 
28.7695 	 0 
28.7695 	 2 
28.9088 	 2 
28.9205 	 0 
29.2339 	 2 
29.3849 	 2 
29.3965 	 0 
29.5358 	 1 
29.5474 	 2 
29.6867 	 2 
29.6983 	 1 
30.0118 	 2 
30.0118 	 0 
30.1627 	 0 
30.1743 	 2 
30.3253 	 2 
30.3253 	 0 
30.4762 	 2 
30.4878 	 0 
30.6387 	 2 
30.6387 	 0 
30.9406 	 2 
30.9522 	 1 
31.2657 	 0 
31.8810 	 2 
31.8926 	 0 
32.0319 	 1 
32.0319 	 2 
32.0551 	 0 
32.1945 	 2 
32.2061 	 1 
32.3454 	 2 
32.3570 	 0 
32.4963 	 0 
32.5195 	 2 
32.6589 	 0 
32.8214 	 2 
32.8214 	 0 
32.9839 	 2 
32.9839 	 0 
33.1349 	 0 
33.1465 	 2 
33.2858 	 2 
33.4483 	 2 
33.4483 	 1 
33.5993 	 2 
33.7618 	 0 
33.9244 	 0 
33.9244 	 2 
34.2262 	 0 
34.2378 	 2 
34.3888 	 2 
34.5281 	 1 
34.5397 	 2 
34.6906 	 2 
34.7022 	 1 
34.8532 	 0 
35.0041 	 2 
35.0157 	 0 
35.0273 	 2 
35.1666 	 0 
35.3176 	 2 
35.3176 	 0 
35.4801 	 0 
35.4801 	 2 
35.6310 	 0 
35.6310 	 2 
35.9445 	 2 
35.9445 	 1 
36.2696 	 0 
36.2696 	 2 
36.4205 	 0 
36.4205 	 2 
36.7340 	 2 
36.7340 	 0 
36.8849 	 2 
36.8965 	 0 
37.0358 	 2 
37.0474 	 1 
37.0474 	 0 
37.1984 	 1 
37.1984 	 2 
37.5118 	 0 
37.5118 	 2 
37.6628 	 0 
37.8137 	 2 
37.8253 	 0 
37.9762 	 2 
37.9878 	 0 
38.1272 	 2 
38.1388 	 0 
38.4406 	 2 
38.4522 	 1 
38.5916 	 2 
38.5916 	 0 
38.7657 	 0 
38.7773 	 2 
38.9283 	 2 
39.2301 	 0 
39.2417 	 2 
39.3810 	 2 
39.5320 	 2 
39.5320 	 1 
39.6945 	 2 
39.7061 	 1 
40.0080 	 2 
40.1589 	 0 
40.1705 	 1 
40.3215 	 2 
40.3215 	 0 
40.4724 	 2 
40.6349 	 2 
40.6349 	 0 
40.7859 	 2 
40.7975 	 0 
40.9368 	 2 
40.9484 	 1 
41.0877 	 2 
41.2735 	 0 
41.7263 	 0 
41.7263 	 2 
41.8888 	 0 
41.8888 	 2 
42.0397 	 2 
42.2023 	 2 
42.2023 	 1 
42.5041 	 2 
42.6667 	 2 
42.6667 	 0 
42.8176 	 0 
42.8176 	 2 
42.9801 	 0 
42.9917 	 2 
43.1311 	 2 
43.1427 	 0 
43.4445 	 2 
43.4561 	 1 
43.5839 	 2 
43.5955 	 0 
43.7696 	 0 
43.7696 	 2 
43.9205 	 2 
43.9322 	 0 
44.2340 	 2 
44.2340 	 0 
44.3849 	 2 
44.5359 	 2 
44.5475 	 0 
44.6984 	 2 
44.6984 	 1 
45.0119 	 2 
45.1628 	 0 
45.3137 	 2 
45.3137 	 0 
45.4763 	 2 
45.6388 	 2 
45.6388 	 0 
45.8014 	 0 
45.9407 	 2 
45.9523 	 1 
46.2658 	 0 
46.2658 	 2 
46.4167 	 0 
46.4167 	 2 
46.7302 	 0 
46.7302 	 2 
46.8811 	 2 
47.0320 	 1 
47.0436 	 2 
47.0436 	 0 
47.1946 	 2 
47.2062 	 1 
47.3571 	 0 
47.5080 	 2 
47.6590 	 0 
47.6706 	 2 
47.8215 	 0 
47.8215 	 2 
47.9956 	 2 
48.1350 	 2 
48.1466 	 0 
48.2859 	 2 
48.4368 	 2 
48.4484 	 1 
48.5994 	 0 
48.5994 	 2 
48.7735 	 2 
48.7735 	 0 
48.9244 	 2 
48.9244 	 0 
49.2495 	 2 
49.3772 	 2 
49.4005 	 0 
49.5398 	 2 
49.6907 	 2 
49.7023 	 1 
49.8532 	 2 
50.0042 	 2 
50.1667 	 0 
50.1783 	 2 
50.3176 	 0 
50.4802 	 2 
50.6311 	 2 
50.6311 	 0 
50.7820 	 2 
50.9446 	 2 
50.9562 	 1 
51.0839 	 2 
51.2580 	 0 
51.2697 	 2 
51.4206 	 0 
51.4206 	 2 
51.7341 	 2 
51.7341 	 0 
51.8850 	 2 
52.1868 	 2 
52.1985 	 1 
52.5003 	 2 
52.6629 	 2 
52.6629 	 0 
52.8254 	 2 
52.8254 	 0 
52.9763 	 2 
52.9879 	 0 
53.1273 	 2 
53.3014 	 0 
53.4407 	 2 
53.4523 	 1 
53.7658 	 2 
53.7774 	 0 
53.9283 	 0 
53.9283 	 2 
54.2302 	 2 
54.2302 	 0 
54.3811 	 2 
54.5437 	 2 
54.6946 	 2 
54.6946 	 1 
55.0081 	 0 
55.0197 	 2 
55.1706 	 0 
55.3099 	 2 
55.3215 	 0 
55.4725 	 2 
55.6350 	 2 
55.9485 	 2 
55.9485 	 1 
56.0878 	 2 
56.2620 	 2 
56.2736 	 0 
56.4245 	 0 
56.4361 	 2 
56.7380 	 2 
56.8889 	 2 
57.1907 	 2 
57.2024 	 1 
57.5042 	 2 
57.5158 	 0 
57.6668 	 0 
57.8177 	 0 
57.8177 	 2 
57.9918 	 0 
58.1312 	 2 
58.1312 	 0 
58.2937 	 2 
58.4446 	 2 
58.4562 	 1 
58.7697 	 2 
58.7697 	 0 
58.9206 	 2 
58.9206 	 0 
59.2225 	 2 
59.3850 	 2 
59.3850 	 0 
59.5360 	 2 
59.6869 	 2 
59.7101 	 1 
60.0004 	 2 
60.1513 	 0 
60.1629 	 2 
60.3138 	 2 
60.3138 	 0 
60.4764 	 2 
60.6273 	 2 
60.9408 	 2 
60.9524 	 1 
60.9524 	 0 
61.2659 	 0 
62.0437 	 1 
62.1946 	 2 
62.1946 	 1 
62.3456 	 2 
62.5197 	 2 
62.6707 	 0 
62.8216 	 0 
62.8216 	 2 
62.9725 	 2 
62.9841 	 0 
63.1351 	 2 
63.1351 	 0 
63.4485 	 0 
63.4485 	 2 
63.4485 	 1 
63.7620 	 0 
64.3889 	 2 
64.3889 	 0 
64.5399 	 1 
64.5399 	 2 
64.6908 	 2 
64.7024 	 1 
65.0043 	 2 
65.1668 	 2 
65.3177 	 0 
65.3177 	 2 
65.4919 	 2 
65.6312 	 2 
65.9447 	 2 
65.9563 	 1 
66.0956 	 2 
66.2581 	 2 
66.2698 	 0 
66.4323 	 2 
66.7225 	 2 
66.8851 	 2 
67.0476 	 2 
67.0476 	 0 
67.1985 	 1 
67.1985 	 2 
67.3611 	 0 
67.5004 	 2 
67.6629 	 2 
67.6746 	 0 
67.8139 	 2 
67.8255 	 0 
67.9764 	 2 
68.1273 	 2 
68.1390 	 0 
68.2899 	 0 
68.2899 	 2 
68.4408 	 2 
68.4524 	 1 
68.5917 	 2 
68.7659 	 2 
68.7659 	 0 
68.9168 	 0 
68.9168 	 2 
69.2303 	 2 
69.2303 	 0 
69.3812 	 2 
69.3928 	 0 
69.5322 	 2 
69.5438 	 1 
69.6831 	 0 
69.6947 	 2 
69.7063 	 1 
70.0082 	 2 
70.0198 	 0 
70.1591 	 2 
70.1591 	 0 
70.3216 	 0 
70.3216 	 2 
70.4726 	 2 
70.4842 	 0 
70.6351 	 2 
70.9486 	 1 
70.9486 	 2 
71.2620 	 2 
71.2737 	 0 
71.4246 	 0 
71.4362 	 2 
71.5755 	 2 
71.7264 	 2 
71.8774 	 2 
72.0399 	 2 
72.0399 	 1 
72.1908 	 2 
72.2024 	 1 
72.3418 	 2 
72.3534 	 1 
72.5043 	 2 
72.5043 	 0 
72.6552 	 2 
72.6668 	 0 
72.8178 	 2 
72.8178 	 0 
72.9803 	 2 
72.9919 	 0 
73.1312 	 2 
73.1429 	 0 
73.4447 	 2 
73.4563 	 1 
73.5956 	 2 
73.7582 	 2 
73.7698 	 0 
73.9091 	 2 
73.9207 	 0 
74.2226 	 0 
74.2226 	 2 
74.3735 	 2 
74.5361 	 2 
74.6870 	 2 
74.6986 	 1 
75.0121 	 2 
75.1514 	 2 
75.1630 	 0 
75.3139 	 2 
75.3255 	 0 
75.4765 	 2 
75.6274 	 2 
75.9409 	 2 
75.9525 	 1 
76.1034 	 2 
76.2659 	 2 
76.2659 	 0 
76.4169 	 2 
76.4169 	 0 
76.5794 	 2 
76.7303 	 2 
76.7303 	 0 
76.8813 	 2 
76.8929 	 0 
77.0438 	 2 
77.0554 	 0 
77.1947 	 2 
77.1947 	 1 
77.3573 	 2 
77.5198 	 2 
77.6591 	 2 
77.6707 	 0 
77.8101 	 2 
77.8217 	 0 
77.9726 	 2 
77.9958 	 0 
78.1351 	 0 
78.1351 	 2 
78.2977 	 0 
78.3093 	 2 
78.4486 	 1 
78.4486 	 2 
78.5763 	 2 
78.7621 	 0 
78.7621 	 2 
78.9362 	 2 
78.9362 	 0 
79.0756 	 2 
79.2265 	 2 
79.2381 	 0 
79.3774 	 2 
79.5400 	 2 
79.6909 	 2 
79.7025 	 1 
79.8534 	 2 
80.0044 	 2 
80.1669 	 0 
80.3178 	 2 
80.3178 	 0 
80.4804 	 2 
80.4804 	 0 
80.6313 	 2 
80.7822 	 2 
80.9448 	 2 
80.9564 	 1 
80.9564 	 0 
81.0957 	 2 
81.2698 	 1 
81.2815 	 0 
81.4092 	 2 
81.5717 	 1 
81.8736 	 2 
81.8852 	 0 
82.0477 	 0 
82.1870 	 1 
82.1986 	 2 
82.3496 	 2 
82.5121 	 2 
82.6630 	 2 
82.6630 	 0 
82.8256 	 2 
82.8256 	 0 
82.9765 	 1 
82.9881 	 0 
83.1274 	 0 
83.1390 	 2 
83.1390 	 1 
83.4409 	 2 
83.4525 	 1 
83.5918 	 2 
83.7544 	 2 
83.7660 	 0 
83.9169 	 1 
83.9169 	 2 
83.9285 	 0 
84.0678 	 2 
84.2304 	 0 
84.2420 	 2 
84.3813 	 2 
84.5439 	 1 
84.5439 	 2 
84.6948 	 1 
84.6948 	 2 
84.8457 	 2 
85.0083 	 2 
85.1592 	 0 
85.1708 	 1 
85.3217 	 0 
85.3217 	 2 
85.4843 	 0 
85.4843 	 2 
85.6352 	 0 
85.6352 	 2 
85.7861 	 1 
85.7861 	 2 
85.7977 	 0 
85.9371 	 2 
85.9487 	 1 
86.0880 	 2 
86.2621 	 0 
86.2621 	 1 
86.2621 	 2 
86.4131 	 2 
86.4247 	 0 
86.7265 	 0 
86.7381 	 2 
86.8891 	 2 
87.0516 	 0 
87.0516 	 2 
87.1909 	 1 
87.2025 	 2 
87.5044 	 0 
87.5044 	 1 
87.5160 	 2 
87.6553 	 0 
87.6669 	 1 
87.8179 	 0 
87.8179 	 2 
87.9804 	 2 
88.1313 	 2 
88.2823 	 2 
88.4448 	 2 
88.4448 	 1 
88.5957 	 0 
88.6073 	 2 
88.7583 	 2 
88.7699 	 0 
88.9208 	 0 
88.9208 	 2 
89.2343 	 0 
89.2343 	 2 
89.3736 	 2 
89.3968 	 0 
89.5478 	 2 
89.5478 	 0 
89.6871 	 2 
89.6987 	 1 
89.8496 	 2 
90.0005 	 0 
90.0005 	 2 
90.1631 	 0 
90.3140 	 0 
90.3256 	 2 
90.4766 	 2 
90.4882 	 0 
90.6275 	 2 
90.6391 	 0 
90.7900 	 2 
90.9410 	 2 
90.9526 	 1 
91.0803 	 2 
91.2660 	 0 
91.4170 	 2 
91.5795 	 1 
91.8814 	 0 
91.8814 	 2 
92.0555 	 0 
92.1832 	 1 
92.1948 	 2 
92.3458 	 2 
92.3574 	 1 
92.5199 	 2 
92.6592 	 0 
92.6708 	 2 
92.8102 	 2 
92.8218 	 1 
92.8218 	 0 
92.9727 	 1 
92.9843 	 0 
93.4371 	 2 
93.4603 	 1 
93.5996 	 2 
93.7622 	 2 
93.7622 	 0 
93.9247 	 2 
93.9247 	 0 
94.0640 	 2 
94.2266 	 0 
94.2266 	 2 
94.3891 	 2 
94.5400 	 1 
94.5400 	 2 
94.5517 	 0 
94.6910 	 2 
94.7026 	 1 
94.8535 	 2 
95.0044 	 2 
95.1670 	 0 
95.1670 	 1 
95.3179 	 0 
95.4805 	 0 
95.4805 	 2 
95.6314 	 0 
95.6314 	 2 
95.7823 	 2 
95.7939 	 0 
95.9449 	 2 
95.9449 	 1 
96.0958 	 2 
96.2583 	 0 
96.2583 	 2 
96.4209 	 0 
96.4209 	 2 
96.5718 	 2 
96.7343 	 0 
96.7343 	 2 
96.8853 	 2 
96.8853 	 1 
97.0478 	 0 
97.0478 	 2 
97.1987 	 2 
97.1987 	 1 
97.5006 	 0 
97.5122 	 1 
97.5122 	 2 
97.6631 	 0 
97.6631 	 2 
97.6747 	 1 
97.8257 	 2 
97.8257 	 0 
97.9882 	 2 
98.1391 	 2 
98.2901 	 2 
98.3017 	 0 
98.4410 	 2 
98.4526 	 1 
98.6035 	 0 
98.6035 	 2 
98.7661 	 0 
98.7661 	 2 
98.9170 	 0 
98.9170 	 2 
99.2305 	 2 
99.3814 	 2 
99.3930 	 0 
99.5439 	 2 
99.5439 	 0 
99.6833 	 2 
99.6949 	 1 
99.8458 	 2 
99.9967 	 0 
100.0083 	 2 
100.1593 	 0 
100.3218 	 0 
100.4844 	 2 
100.4844 	 0 
100.6353 	 2 
100.7862 	 2 
100.9371 	 2 
100.9488 	 1 
101.2622 	 0 
101.4132 	 2 
101.5757 	 1 
101.8776 	 2 
101.8892 	 0 
102.1910 	 1 
102.1910 	 2 
102.3536 	 2 
102.5161 	 2 
102.6670 	 0 
102.8180 	 1 
102.8180 	 2 
102.8296 	 0 
102.9805 	 1 
102.9921 	 0 
103.1314 	 2 
103.1430 	 0 
103.4449 	 1 
103.4449 	 2 
103.5958 	 0 
103.5958 	 2 
103.7584 	 2 
103.7700 	 0 
103.9209 	 1 
103.9209 	 0 
103.9209 	 2 
104.0718 	 2 
104.2344 	 2 
104.2344 	 0 
104.3853 	 2 
104.5362 	 2 
104.5478 	 0 
104.5478 	 1 
104.6872 	 2 
104.6988 	 1 
104.8497 	 2 
105.0122 	 2 
105.1632 	 0 
105.1632 	 1 
105.3257 	 0 
105.4766 	 2 
105.4883 	 0 
105.6276 	 2 
105.6392 	 0 
105.7901 	 0 
105.7901 	 2 
105.9410 	 2 
105.9527 	 1 
106.0920 	 0 
106.0920 	 2 
106.2545 	 0 
106.2661 	 2 
106.2661 	 1 
106.4171 	 2 
106.4171 	 0 
106.7305 	 0 
106.7305 	 2 
106.8815 	 2 
107.0440 	 0 
107.0440 	 2 
107.1949 	 2 
107.1949 	 1 
107.5084 	 2 
107.5084 	 1 
107.5084 	 0 
107.6709 	 1 
107.6709 	 0 
107.8219 	 0 
107.8219 	 2 
107.9844 	 2 
108.1353 	 2 
108.2863 	 2 
108.4372 	 2 
108.4488 	 1 
108.5997 	 0 
108.5997 	 2 
108.7623 	 2 
108.7623 	 0 
108.9248 	 2 
108.9248 	 0 
109.2267 	 2 
109.2383 	 0 
109.3776 	 2 
109.3892 	 0 
109.5401 	 2 
109.5517 	 0 
109.6911 	 2 
109.7027 	 1 
109.8536 	 2 
109.8536 	 0 
110.0045 	 0 
110.0161 	 2 
110.1671 	 0 
110.3180 	 0 
110.4805 	 2 
110.4922 	 0 
110.6315 	 2 
110.6431 	 0 
110.7940 	 2 
110.9449 	 2 
110.9566 	 1 
111.2700 	 0 
111.4210 	 2 
111.5719 	 1 
111.8737 	 2 
111.8854 	 0 
112.0479 	 0 
112.1872 	 1 
112.1988 	 2 
112.3498 	 2 
112.5007 	 0 
112.5123 	 2 
112.6632 	 0 
112.8258 	 2 
112.9767 	 2 
112.9883 	 0 
113.1276 	 2 
113.4411 	 2 
113.4527 	 1 
113.6036 	 2 
113.7546 	 2 
113.7662 	 0 
113.9171 	 2 
113.9287 	 0 
114.0680 	 2 
114.2306 	 0 
114.2306 	 2 
114.3815 	 2 
114.5440 	 1 
114.5440 	 0 
114.5440 	 2 
114.6950 	 1 
114.6950 	 2 
114.8575 	 2 
115.0084 	 2 
115.1594 	 0 
115.1710 	 1 
115.3219 	 0 
115.3219 	 2 
115.4844 	 2 
115.4844 	 0 
115.6354 	 2 
115.6354 	 0 
115.7863 	 2 
115.7979 	 0 
115.9372 	 2 
115.9488 	 1 
116.2623 	 2 
116.2623 	 0 
116.4132 	 2 
116.4249 	 0 
116.5758 	 1 
116.7267 	 0 
116.7383 	 2 
116.8776 	 1 
116.8893 	 2 
117.0402 	 2 
117.0518 	 0 
117.1911 	 1 
117.2027 	 2 
117.4930 	 0 
117.5046 	 1 
117.5162 	 2 
117.6671 	 0 
117.6671 	 1 
117.8180 	 2 
117.8180 	 0 
117.9806 	 2 
118.1315 	 2 
118.1315 	 1 
118.2941 	 2 
118.2941 	 0 
118.4450 	 1 
118.4450 	 2 
118.5959 	 2 
118.6075 	 0 
118.7585 	 2 
118.7585 	 0 
118.9210 	 2 
118.9210 	 0 
119.2229 	 2 
119.2461 	 0 
119.3854 	 2 
119.3854 	 1 
119.5363 	 2 
119.5479 	 1 
119.6989 	 2 
119.8498 	 2 
120.0123 	 1 
120.3258 	 2 
120.3374 	 0 
120.4767 	 2 
120.6393 	 2 
120.6393 	 0 
120.7902 	 2 
120.8018 	 0 
120.9527 	 2 
121.1037 	 2 
121.4171 	 2 
121.8815 	 2 
121.8815 	 0 
122.0441 	 0 
122.1950 	 2 
122.3459 	 2 
122.3576 	 0 
122.5085 	 2 
122.6710 	 0 
122.8336 	 2 
122.9845 	 2 
123.1238 	 0 
123.1354 	 2 
123.2863 	 0 
123.4489 	 2 
123.4605 	 0 
123.7507 	 2 
123.7624 	 0 
124.2268 	 2 
124.5402 	 2 
124.6795 	 1 
124.8537 	 0 
124.8537 	 2 
125.0162 	 2 
125.1556 	 2 
125.1556 	 0 
125.3297 	 2 
125.4690 	 1 
125.4806 	 2 
125.6316 	 2 
125.7941 	 2 
125.9566 	 1 
126.2585 	 2 
126.7229 	 2 
126.8854 	 2 
126.8854 	 0 
127.0480 	 0 
127.3498 	 0 
127.3498 	 2 
127.5124 	 2 
127.6633 	 2 
127.6749 	 0 
128.1277 	 2 
128.2902 	 0 
128.2902 	 2 
128.4412 	 1 
128.5921 	 2 
128.7546 	 2 
128.7546 	 1 
128.9172 	 2 
129.0681 	 2 
129.2307 	 2 
129.3932 	 2 
129.3932 	 1 
129.7067 	 2 
129.8576 	 0 
130.0085 	 2 
130.1595 	 2 
130.1711 	 0 
130.1711 	 1 
130.3336 	 0 
130.4845 	 2 
130.4845 	 1 
130.6355 	 2 
130.6471 	 0 
130.7980 	 0 
131.5643 	 2 
131.8893 	 2 
132.2028 	 2 
132.3537 	 2 
132.5047 	 2 
132.6556 	 2 
132.6672 	 1 
132.8181 	 0 
132.8181 	 1 
132.8181 	 2 
132.9807 	 1 
132.9807 	 2 
133.1316 	 2 
133.1432 	 0 
133.2941 	 2 
133.2941 	 0 
133.4451 	 1 
133.6076 	 2 
133.9095 	 2 
134.0720 	 2 
134.0720 	 1 
134.2229 	 2 
134.3855 	 1 
134.3855 	 2 
134.3855 	 0 
134.5364 	 2 
134.5480 	 0 
134.7106 	 2 
134.8615 	 0 
134.8731 	 2 
135.0124 	 2 
135.1634 	 2 
135.1750 	 1 
135.3491 	 0 
135.4884 	 1 
135.6394 	 2 
135.7903 	 0 
135.9528 	 2 
136.1038 	 2 
136.2663 	 2 
136.4172 	 2 
136.5682 	 2 
136.7191 	 2 
136.8816 	 2 
136.8932 	 1 
136.8932 	 0 
137.0558 	 0 
137.1951 	 2 
137.3460 	 0 
137.3576 	 2 
137.5202 	 2 
137.8220 	 0 
137.8337 	 2 
137.9730 	 2 
138.1355 	 2 
138.2980 	 0 
138.5999 	 2 
138.9134 	 2 
139.0759 	 2 
139.2268 	 2 
139.3894 	 0 
139.5403 	 0 
139.7029 	 2 
139.7377 	 1 
139.8538 	 2 
139.8538 	 0 
140.0047 	 2 
140.1673 	 1 
140.3414 	 0 
140.4807 	 2 
140.4807 	 1 
140.6317 	 2 
140.6317 	 1 
140.6317 	 0 
140.7942 	 0 
140.9451 	 1 
142.0481 	 0 
142.3615 	 0 
142.5357 	 0 
142.6634 	 2 
142.6750 	 1 
142.8259 	 0 
143.1278 	 1 
143.1394 	 0 
143.1394 	 2 
143.2903 	 0 
143.4529 	 1 
143.7663 	 0 
144.3817 	 0 
144.5442 	 0 
144.8577 	 0 
145.0086 	 2 
145.1595 	 0 
145.1595 	 2 
145.1712 	 1 
145.4730 	 2 
145.6356 	 2 
145.6356 	 0 
145.7865 	 2 
145.8097 	 0 
145.9490 	 1 
145.9490 	 2 
146.8894 	 0 
147.0404 	 0 
147.2029 	 2 
147.3538 	 0 
147.5164 	 1 
147.5164 	 2 
147.6673 	 0 
147.8182 	 0 
147.8182 	 1 
147.9808 	 1 
148.1317 	 0 
148.1433 	 2 
148.2942 	 0 
148.4452 	 2 
148.4452 	 1 
148.5961 	 2 
149.3856 	 0 
149.3856 	 2 
149.5365 	 2 
149.5365 	 0 
149.6874 	 2 
149.6990 	 1 
149.6990 	 0 
149.8616 	 2 
150.0009 	 0 
150.0125 	 2 
150.0125 	 1 
150.1634 	 0 
150.1751 	 2 
150.3260 	 0 
150.3376 	 2 
150.4769 	 2 
150.6278 	 0 
150.6395 	 2 
150.7904 	 0 
150.7904 	 2 
150.9413 	 2 
150.9413 	 1 
151.9049 	 2 
152.0443 	 0 
152.2068 	 2 
152.3577 	 0 
152.3577 	 2 
152.4971 	 2 
152.4971 	 1 
152.5203 	 1 
152.6480 	 2 
152.9847 	 1 
152.9847 	 0 
153.1472 	 2 
153.2865 	 2 
153.2981 	 0 
153.4375 	 2 
153.4491 	 1 
153.4491 	 0 
154.2153 	 1 
154.3198 	 1 
154.3779 	 0 
154.3779 	 2 
154.5404 	 2 
154.5520 	 0 
154.6913 	 0 
154.7029 	 1 
155.0048 	 1 
155.0048 	 2 
155.1673 	 0 
155.4692 	 1 
155.4808 	 0 
155.6434 	 2 
155.7827 	 0 
155.7943 	 2 
155.9452 	 2 
155.9568 	 0 
157.2107 	 2 
157.3616 	 0 
157.3616 	 2 
157.5010 	 2 
157.5126 	 1 
157.6403 	 2 
157.6635 	 0 
157.8260 	 0 
157.9886 	 1 
158.1511 	 2 
158.2904 	 0 
158.4414 	 1 
158.4414 	 2 
158.4530 	 0 
158.9174 	 2 
159.3934 	 2 
159.5327 	 1 
159.5443 	 0 
159.6952 	 1 
159.6952 	 2 
159.8462 	 2 
160.0087 	 1 
160.0087 	 2 
160.1829 	 2 
160.3222 	 2 
160.4847 	 0 
160.6473 	 2 
160.7866 	 0 
160.7866 	 1 
160.9491 	 2 
160.9491 	 1 
161.0884 	 2 
161.8895 	 2 
162.2030 	 1 
162.2030 	 2 
162.3539 	 0 
162.4932 	 1 
162.5049 	 2 
162.5165 	 1 
162.5513 	 1 
162.5513 	 2 
162.8299 	 0 
162.9693 	 0 
162.9809 	 1 
163.1318 	 2 
163.2943 	 2 
163.2943 	 0 
163.4453 	 2 
163.4569 	 0 
164.3973 	 2 
164.4205 	 1 
164.5482 	 0 
164.6875 	 1 
164.6991 	 2 
165.0010 	 2 
165.1635 	 2 
165.1751 	 0 
165.4770 	 1 
165.4886 	 0 
165.6395 	 2 
165.8021 	 0 
165.9414 	 1 
165.9414 	 2 
165.9530 	 0 
166.0923 	 1 
166.8818 	 0 
167.3694 	 0 
167.4971 	 2 
167.5204 	 1 
167.8454 	 0 
168.1473 	 2 
168.1473 	 1 
168.2866 	 0 
168.2982 	 2 
168.4376 	 2 
168.4492 	 1 
168.9600 	 0 
169.3896 	 2 
169.5405 	 2 
169.5521 	 0 
169.7030 	 1 
169.7030 	 2 
169.9933 	 2 
170.0165 	 1 
170.3184 	 0 
170.3184 	 2 
170.4693 	 1 
170.4809 	 0 
170.6434 	 2 
170.7944 	 2 
170.8060 	 0 
170.9453 	 2 
170.9569 	 0 
170.9569 	 1 
171.7232 	 2 
171.8857 	 2 
172.2108 	 2 
172.3617 	 1 
172.3733 	 0 
172.5127 	 2 
172.5127 	 1 
172.8261 	 0 
172.8377 	 2 
172.9771 	 1 
172.9771 	 0 
173.1164 	 1 
173.1396 	 2 
173.2789 	 0 
173.3021 	 2 
173.4415 	 2 
173.4531 	 0 
173.4531 	 1 
173.7665 	 2 
174.0220 	 2 
174.1497 	 1 
176.8896 	 1 
177.0522 	 1 
177.1915 	 1 
177.5049 	 1 
177.8184 	 2 
177.8300 	 0 
178.1319 	 2 
178.2828 	 2 
178.7472 	 2 
178.7704 	 0 
179.3741 	 1 
179.6760 	 2 
179.8502 	 2 
180.0127 	 2 
180.1636 	 2 
180.6396 	 2 
180.7790 	 2 
181.2434 	 2 
181.2666 	 0 
181.4059 	 1 
181.4059 	 2 
181.8819 	 1 
182.0444 	 0 
182.5088 	 2 
182.5205 	 0 
182.8223 	 0 
183.2867 	 2 
183.2983 	 0 
183.7395 	 2 
183.7627 	 0 
185.3185 	 0 
185.7829 	 0 
185.9570 	 0 
186.2589 	 2 
186.2705 	 0 
187.8262 	 0 
188.7666 	 0 
189.2194 	 2 
189.2310 	 1 
189.3820 	 1 
189.5329 	 2 
189.6954 	 2 
190.3107 	 1 
190.3107 	 2 
190.3224 	 0 
190.4849 	 2 
190.6358 	 2 
190.7868 	 2 
190.9493 	 1 
190.9493 	 2 
191.1002 	 2 
191.2628 	 2 
191.2744 	 0 
191.4137 	 2 
191.5762 	 2 
191.7156 	 2 
191.8781 	 2 
191.8897 	 1 
192.0406 	 2 
192.1916 	 2 
192.3541 	 2 
192.5050 	 2 
192.8185 	 2 
192.8185 	 0 
192.9694 	 2 
193.1320 	 2 
193.2945 	 2 
193.4454 	 2 
193.4687 	 0 
193.7589 	 2 
193.7705 	 0 
193.9098 	 2 
194.0724 	 2 
194.3742 	 2 
194.6993 	 2 
195.0244 	 2 
195.2566 	 2 
195.3495 	 2 
195.4772 	 2 
195.6397 	 2 
195.7907 	 2 
195.9532 	 2 
196.1157 	 2 
196.2551 	 2 
196.2667 	 0 
196.4292 	 2 
196.5801 	 2 
196.8820 	 2 
197.0329 	 2 
197.0445 	 0 
197.2071 	 2 
197.3696 	 2 
197.5089 	 2 
197.5089 	 0 
197.6715 	 2 
197.8224 	 0 
197.8224 	 2 
197.9733 	 2 
198.1359 	 2 
198.2984 	 2 
198.3100 	 0 
198.4493 	 2 
198.7512 	 2 
198.7744 	 0 
198.9137 	 2 
199.0763 	 2 
199.3898 	 2 
199.5291 	 2 
199.6916 	 2 
199.8541 	 2 
200.0051 	 2 
200.1676 	 2 
200.3185 	 2 
200.3185 	 0 
200.4695 	 2 
200.6204 	 2 
200.7946 	 2 
201.1080 	 2 
201.2590 	 2 
201.2706 	 0 
201.4215 	 2 
201.5608 	 2 
201.8743 	 2 
202.0368 	 2 
202.1994 	 2 
202.3619 	 2 
202.5128 	 2 
202.8147 	 0 
202.9888 	 2 
203.1398 	 2 
203.2907 	 2 
203.5926 	 2 
203.7551 	 2 
203.7667 	 0 
203.9176 	 2 
204.0918 	 2 
204.2195 	 2 
204.2311 	 0 
204.3704 	 2 
204.5330 	 2 
204.6955 	 2 
204.8464 	 2 
205.0090 	 2 
205.1599 	 2 
205.3224 	 0 
205.4850 	 2 
205.6359 	 2 
205.7868 	 2 
205.9378 	 2 
205.9610 	 0 
206.1003 	 2 
206.2629 	 2 
206.2629 	 0 
206.4138 	 2 
206.5647 	 2 
206.7273 	 2 
206.8898 	 2 
207.0291 	 2 
207.1917 	 2 
207.3542 	 2 
207.5051 	 2 
207.6677 	 2 
207.9695 	 2 
207.9927 	 0 
208.1321 	 2 
208.2946 	 2 
208.4339 	 2 
208.4455 	 0 
208.5965 	 2 
208.7590 	 2 
208.7706 	 0 
209.0725 	 2 
209.2350 	 2 
209.2350 	 0 
209.3859 	 2 
209.3976 	 0 
209.5369 	 2 
209.6994 	 2 
209.8503 	 2 
209.8620 	 0 
210.0129 	 0 
210.0129 	 2 
210.1638 	 2 
210.3147 	 0 
210.3147 	 2 
210.4773 	 2 
210.6282 	 2 
210.7907 	 2 
210.9417 	 2 
210.9649 	 0 
211.0926 	 2 
211.2551 	 2 
211.2668 	 0 
211.4061 	 2 
211.5686 	 0 
211.5686 	 2 
211.7195 	 2 
211.8705 	 2 
211.8937 	 0 
212.0446 	 2 
212.1839 	 2 
212.2072 	 0 
212.3465 	 2 
212.3581 	 0 
212.5090 	 2 
212.6716 	 0 
212.6716 	 2 
212.8225 	 0 
212.8225 	 2 
212.9850 	 2 
213.1360 	 0 
213.1360 	 2 
213.2869 	 2 
213.4378 	 2 
213.4494 	 0 
213.7513 	 2 
213.7629 	 0 
213.9138 	 2 
214.0764 	 2 
214.2273 	 2 
214.3782 	 2 
214.5408 	 2 
214.8542 	 2 
215.0052 	 2 
215.0052 	 0 
215.1677 	 2 
215.3186 	 2 
215.6321 	 2 
215.7946 	 2 
215.7946 	 0 
215.9572 	 0 
216.2590 	 2 
216.4100 	 2 
216.5725 	 0 
216.7234 	 2 
216.7234 	 0 
216.8860 	 2 
217.3504 	 0 
217.3620 	 2 
217.5129 	 2 
217.6522 	 2 
217.6522 	 0 
218.1283 	 2 
218.1399 	 0 
218.2908 	 2 
218.4417 	 2 
218.4533 	 0 
218.7552 	 2 
218.7668 	 0 
219.0687 	 2 
219.0803 	 0 
219.2312 	 2 
219.3821 	 2 
219.5447 	 2 
219.6956 	 2 
219.7072 	 0 
219.8465 	 2 
220.0207 	 2 
220.1600 	 2 
220.1716 	 0 
220.3109 	 2 
220.4735 	 2 
220.6360 	 0 
220.7869 	 0 
220.9379 	 0 
221.2513 	 2 
221.4139 	 2 
221.4255 	 0 
221.5764 	 2 
221.8783 	 2 
222.0292 	 2 
222.0524 	 0 
222.1917 	 0 
222.1917 	 2 
222.3543 	 0 
222.3543 	 2 
222.5168 	 2 
222.6678 	 2 
222.8187 	 0 
222.8187 	 2 
222.9696 	 0 
222.9696 	 2 
223.1322 	 2 
223.1322 	 0 
223.2831 	 2 
223.4456 	 2 
223.4572 	 0 
223.5966 	 0 
223.5966 	 2 
223.7591 	 2 
224.0610 	 2 
224.3860 	 2 
224.5370 	 2 
224.6879 	 2 
224.7111 	 0 
225.0130 	 2 
225.6399 	 0 
225.6399 	 2 
225.7908 	 2 
226.4178 	 2 
226.5687 	 2 
226.8822 	 2 
227.0331 	 0 
227.3466 	 2 
