0.4876 	 0 
0.4876 	 2 
0.4876 	 1 
0.7314 	 2 
0.7314 	 0 
1.2307 	 1 
1.2307 	 2 
1.2307 	 0 
1.7183 	 2 
1.7299 	 1 
1.7299 	 0 
2.4729 	 0 
2.4729 	 2 
2.4729 	 1 
2.9722 	 0 
2.9722 	 2 
2.9722 	 1 
3.2160 	 2 
3.2160 	 0 
3.2160 	 1 
3.7152 	 0 
3.7152 	 2 
3.7152 	 1 
4.2144 	 2 
4.2144 	 0 
4.2144 	 1 
4.4698 	 0 
4.4815 	 1 
4.4815 	 2 
4.7137 	 2 
4.7253 	 0 
4.7253 	 1 
5.2129 	 1 
5.2129 	 0 
5.2129 	 2 
5.7005 	 2 
5.7121 	 0 
5.7121 	 1 
6.4551 	 0 
6.4551 	 2 
6.4551 	 1 
6.6873 	 2 
6.9544 	 0 
6.9544 	 2 
6.9544 	 1 
7.1982 	 0 
7.1982 	 2 
7.2098 	 1 
7.6974 	 1 
7.6974 	 2 
7.6974 	 0 
8.1966 	 2 
8.1966 	 0 
8.1966 	 1 
8.4521 	 0 
8.4637 	 2 
8.4637 	 1 
8.7075 	 0 
8.7075 	 1 
8.7075 	 2 
9.1951 	 2 
9.1951 	 1 
9.1951 	 0 
9.6943 	 2 
9.6943 	 1 
9.6943 	 0 
10.4374 	 2 
10.4374 	 1 
10.4374 	 0 
10.9366 	 0 
10.9366 	 2 
10.9366 	 1 
11.1804 	 2 
11.1920 	 0 
11.1920 	 1 
11.6796 	 1 
11.6912 	 0 
11.6912 	 2 
12.1789 	 0 
12.1789 	 2 
12.1789 	 1 
12.4459 	 0 
12.4459 	 2 
12.4459 	 1 
12.6897 	 2 
12.6897 	 1 
12.6897 	 0 
12.9103 	 2 
13.1773 	 2 
13.1773 	 0 
13.1773 	 1 
13.6766 	 1 
13.6766 	 2 
13.6766 	 0 
14.4196 	 1 
14.4196 	 2 
14.4312 	 0 
14.9188 	 2 
14.9188 	 0 
14.9188 	 1 
15.1742 	 0 
15.1742 	 1 
15.1742 	 2 
15.6735 	 2 
15.6735 	 0 
15.6735 	 1 
16.1611 	 1 
16.1611 	 2 
16.1611 	 0 
16.4165 	 2 
16.4165 	 0 
16.4281 	 1 
16.6719 	 0 
16.6719 	 2 
16.9041 	 2 
17.1595 	 1 
17.1595 	 2 
17.1595 	 0 
17.4034 	 2 
17.4150 	 1 
17.4150 	 0 
17.6588 	 2 
17.6588 	 0 
17.6588 	 1 
18.1464 	 2 
18.1580 	 0 
18.1696 	 1 
18.4018 	 2 
18.4018 	 1 
18.4134 	 0 
18.9010 	 2 
18.9127 	 0 
18.9127 	 1 
19.1565 	 2 
19.1565 	 0 
19.1565 	 1 
19.3887 	 2 
19.6557 	 0 
19.6557 	 1 
19.6557 	 2 
20.1433 	 2 
20.1549 	 0 
20.1549 	 1 
20.3987 	 2 
20.4103 	 0 
20.4103 	 1 
20.6541 	 2 
20.6541 	 0 
20.8863 	 2 
21.1418 	 1 
21.1418 	 2 
21.1534 	 0 
21.3856 	 2 
21.3972 	 1 
21.3972 	 0 
21.6410 	 2 
21.6410 	 1 
21.6526 	 0 
22.1402 	 2 
22.1402 	 0 
22.1518 	 1 
22.3956 	 1 
22.3956 	 2 
22.3956 	 0 
22.8949 	 2 
22.8949 	 1 
22.8949 	 0 
23.1387 	 0 
23.1387 	 2 
23.1387 	 1 
23.3709 	 2 
23.6379 	 0 
23.6379 	 2 
23.6379 	 1 
24.1255 	 2 
24.1371 	 0 
24.1371 	 1 
24.3810 	 2 
24.3810 	 0 
24.6248 	 2 
24.6248 	 0 
24.6248 	 1 
24.7525 	 2 
24.7525 	 1 
24.8802 	 2 
25.1240 	 1 
25.1240 	 0 
25.1240 	 2 
25.2401 	 0 
25.2517 	 2 
25.2517 	 1 
25.3678 	 2 
25.3794 	 1 
25.4955 	 2 
25.5071 	 0 
25.5071 	 1 
25.6232 	 1 
25.6232 	 2 
25.6348 	 0 
25.8670 	 2 
25.8786 	 1 
25.8786 	 0 
25.9947 	 2 
26.0063 	 0 
26.0063 	 1 
26.1108 	 2 
26.1224 	 0 
26.2502 	 1 
26.2502 	 2 
26.3779 	 0 
26.3779 	 2 
26.3779 	 1 
26.6217 	 1 
26.6217 	 2 
26.7494 	 1 
26.7610 	 2 
26.8771 	 2 
26.8771 	 1 
26.8771 	 0 
27.1209 	 2 
27.1209 	 1 
27.1209 	 0 
27.2370 	 0 
27.2370 	 2 
27.2370 	 1 
27.3531 	 2 
27.3647 	 1 
27.3763 	 0 
27.4924 	 0 
27.4924 	 1 
27.4924 	 2 
27.6201 	 2 
27.6201 	 0 
27.6201 	 1 
27.8639 	 0 
27.8639 	 1 
27.8639 	 2 
27.9917 	 0 
28.0033 	 2 
28.0033 	 1 
28.1194 	 2 
28.1194 	 0 
28.1194 	 1 
28.3632 	 0 
28.3632 	 2 
28.3632 	 1 
28.5025 	 2 
28.6186 	 2 
28.6186 	 0 
28.7463 	 1 
28.7463 	 2 
28.8624 	 1 
28.8624 	 2 
29.1062 	 2 
29.1178 	 1 
29.1178 	 0 
29.2339 	 1 
29.2339 	 0 
29.2339 	 2 
29.6054 	 2 
29.6054 	 0 
29.6171 	 1 
29.7332 	 0 
29.7448 	 2 
29.7448 	 1 
29.9770 	 2 
29.9886 	 1 
29.9886 	 0 
30.3601 	 0 
30.3601 	 1 
30.3601 	 2 
30.4878 	 2 
30.7316 	 2 
30.8593 	 1 
30.8593 	 2 
31.1031 	 2 
31.1147 	 1 
31.2308 	 2 
31.2308 	 0 
31.2308 	 1 
31.6024 	 2 
31.7301 	 2 
31.9739 	 0 
31.9739 	 2 
31.9739 	 1 
32.3454 	 1 
32.3570 	 0 
32.3570 	 2 
32.4731 	 2 
32.4847 	 0 
32.7169 	 2 
32.7169 	 1 
32.7169 	 0 
32.9607 	 2 
32.9723 	 1 
32.9723 	 0 
33.0884 	 2 
33.2045 	 2 
33.3439 	 1 
33.3439 	 2 
33.3439 	 0 
33.5877 	 2 
33.5877 	 0 
33.5993 	 1 
33.7154 	 2 
33.7154 	 1 
33.7154 	 0 
33.9592 	 2 
33.9708 	 1 
33.9708 	 0 
34.2146 	 2 
34.2146 	 1 
34.2146 	 0 
34.3423 	 1 
34.3423 	 0 
34.3423 	 2 
34.4700 	 1 
34.4700 	 2 
34.4700 	 0 
34.5745 	 2 
34.7138 	 2 
34.7138 	 1 
34.7138 	 0 
34.9576 	 2 
34.9576 	 0 
34.9576 	 1 
35.0737 	 2 
35.2015 	 2 
35.3292 	 2 
35.3292 	 1 
35.3408 	 0 
35.5846 	 2 
35.5846 	 0 
35.5846 	 1 
35.7007 	 2 
35.7123 	 1 
35.7123 	 0 
35.9561 	 2 
35.9561 	 1 
35.9561 	 0 
36.2115 	 2 
36.2115 	 0 
36.2115 	 1 
36.3392 	 0 
36.3392 	 1 
36.3392 	 2 
36.4553 	 1 
36.4553 	 2 
36.4669 	 0 
36.6991 	 2 
36.7107 	 0 
36.7107 	 1 
36.9429 	 2 
36.9546 	 0 
36.9546 	 1 
37.1868 	 2 
37.3261 	 2 
37.3261 	 0 
37.3261 	 1 
37.5699 	 0 
37.5699 	 2 
37.5815 	 1 
37.6976 	 1 
37.6976 	 2 
37.6976 	 0 
37.9414 	 2 
37.9530 	 1 
37.9530 	 0 
38.1968 	 2 
38.1968 	 1 
38.1968 	 0 
38.3245 	 0 
38.3245 	 1 
38.3245 	 2 
38.4522 	 0 
38.4522 	 2 
38.6961 	 2 
38.6961 	 0 
38.6961 	 1 
38.9399 	 0 
38.9399 	 2 
38.9399 	 1 
39.0560 	 2 
39.1837 	 2 
39.3114 	 2 
39.3114 	 1 
39.3230 	 0 
39.5668 	 0 
39.5668 	 1 
39.5668 	 2 
39.6829 	 2 
39.6945 	 0 
39.6945 	 1 
39.9383 	 2 
39.9383 	 0 
39.9383 	 1 
40.1821 	 2 
40.1937 	 1 
40.1937 	 0 
40.3215 	 2 
40.3215 	 0 
40.3215 	 1 
40.4376 	 2 
40.4492 	 0 
40.4492 	 1 
40.6814 	 2 
40.6930 	 0 
40.6930 	 1 
40.9368 	 0 
40.9368 	 2 
40.9368 	 1 
41.0413 	 2 
41.1690 	 2 
41.3083 	 2 
41.3083 	 1 
41.3083 	 0 
41.5521 	 2 
41.5637 	 0 
41.5637 	 1 
41.6798 	 2 
41.6798 	 1 
41.6798 	 0 
41.9236 	 2 
41.9352 	 0 
41.9352 	 1 
42.1790 	 0 
42.1790 	 1 
42.1790 	 2 
42.3068 	 0 
42.3068 	 1 
42.3184 	 2 
42.4345 	 0 
42.4345 	 2 
42.6783 	 1 
42.6783 	 0 
42.6783 	 2 
42.9221 	 0 
42.9221 	 2 
42.9337 	 1 
43.1775 	 2 
43.2936 	 2 
43.3052 	 1 
43.3052 	 0 
43.5490 	 0 
43.5490 	 2 
43.5490 	 1 
43.6767 	 2 
43.6767 	 0 
43.6767 	 1 
43.9205 	 2 
43.9205 	 1 
43.9205 	 0 
44.1644 	 2 
44.1760 	 0 
44.1760 	 1 
44.3037 	 2 
44.3037 	 1 
44.3037 	 0 
44.4314 	 2 
44.4314 	 0 
44.6636 	 2 
44.6752 	 1 
44.6752 	 0 
44.9190 	 2 
44.9190 	 1 
44.9190 	 0 
45.0351 	 2 
45.2905 	 0 
45.2905 	 1 
45.2905 	 2 
45.5459 	 0 
45.5459 	 2 
45.5459 	 1 
45.6620 	 0 
45.6620 	 2 
45.6737 	 1 
45.9175 	 1 
45.9175 	 2 
45.9175 	 0 
46.1613 	 0 
46.1613 	 2 
46.1613 	 1 
46.2890 	 2 
46.2890 	 1 
46.2890 	 0 
46.4283 	 2 
46.4283 	 0 
46.6605 	 2 
46.6721 	 1 
46.6721 	 0 
46.7882 	 2 
46.7882 	 1 
46.9043 	 2 
46.9159 	 1 
46.9159 	 0 
47.0320 	 0 
47.0320 	 2 
47.1597 	 0 
47.1597 	 2 
47.1597 	 1 
47.2758 	 2 
47.2874 	 0 
47.2874 	 1 
47.5312 	 0 
47.5312 	 1 
47.5312 	 2 
47.6590 	 0 
47.6590 	 2 
47.6590 	 1 
47.9028 	 2 
47.9144 	 1 
47.9144 	 0 
48.1582 	 0 
48.1582 	 2 
48.1582 	 1 
48.2859 	 1 
48.2859 	 0 
48.2859 	 2 
48.4136 	 2 
48.4136 	 1 
48.4136 	 0 
48.6574 	 2 
48.6574 	 0 
48.6574 	 1 
48.9012 	 2 
48.9012 	 0 
48.9012 	 1 
49.0173 	 2 
49.1566 	 2 
49.2727 	 0 
49.2727 	 2 
49.2844 	 1 
49.5282 	 2 
49.5282 	 0 
49.5282 	 1 
49.6443 	 0 
49.6443 	 2 
49.6559 	 1 
49.8997 	 0 
49.8997 	 1 
49.8997 	 2 
50.1435 	 2 
50.1551 	 0 
50.1551 	 1 
50.2712 	 0 
50.2828 	 2 
50.2828 	 1 
50.3989 	 2 
50.3989 	 0 
50.3989 	 1 
50.6427 	 0 
50.6427 	 2 
50.6427 	 1 
50.8865 	 2 
50.8981 	 1 
50.8981 	 0 
51.1303 	 2 
51.2697 	 1 
51.2697 	 0 
51.2697 	 2 
51.5135 	 2 
51.5135 	 0 
51.5251 	 1 
51.6412 	 2 
51.6412 	 1 
51.6412 	 0 
51.8850 	 1 
51.8850 	 2 
51.8966 	 0 
52.1404 	 0 
52.1404 	 2 
52.1404 	 1 
52.2681 	 0 
52.2681 	 2 
52.2681 	 1 
52.3958 	 0 
52.3958 	 1 
52.3958 	 2 
52.5003 	 2 
52.6396 	 0 
52.6396 	 1 
52.6396 	 2 
52.8834 	 1 
52.8834 	 2 
52.8834 	 0 
52.9995 	 2 
53.1273 	 2 
53.2550 	 2 
53.2550 	 0 
53.2666 	 1 
53.5104 	 2 
53.5104 	 1 
53.5104 	 0 
53.6265 	 2 
53.6381 	 1 
53.6381 	 0 
53.8819 	 1 
53.8819 	 0 
53.8819 	 2 
54.1257 	 2 
54.1373 	 1 
54.1373 	 0 
54.2650 	 2 
54.2650 	 1 
54.2650 	 0 
54.3811 	 2 
54.3927 	 1 
54.3927 	 0 
54.6249 	 2 
54.6249 	 0 
54.6249 	 1 
54.8688 	 2 
54.8804 	 0 
54.8804 	 1 
55.1126 	 2 
55.2519 	 0 
55.2519 	 2 
55.2519 	 1 
55.4957 	 0 
55.4957 	 2 
55.4957 	 1 
55.6234 	 1 
55.6234 	 0 
55.6234 	 2 
55.8672 	 2 
55.8788 	 0 
55.8788 	 1 
56.1226 	 0 
56.1226 	 1 
56.1226 	 2 
56.2503 	 1 
56.2503 	 2 
56.2503 	 0 
56.3780 	 2 
56.3780 	 0 
56.3780 	 1 
56.6102 	 2 
56.6219 	 0 
56.6219 	 1 
56.8657 	 0 
56.8657 	 1 
56.8657 	 2 
56.9818 	 2 
57.1211 	 2 
57.2372 	 2 
57.2488 	 0 
57.2488 	 1 
57.4926 	 2 
57.4926 	 1 
57.4926 	 0 
57.6087 	 2 
57.6203 	 0 
57.6203 	 1 
57.8641 	 2 
57.8641 	 0 
57.8641 	 1 
58.1079 	 2 
58.1195 	 0 
58.1195 	 1 
58.2473 	 1 
58.2473 	 2 
58.2473 	 0 
58.3634 	 2 
58.3634 	 0 
58.3750 	 1 
58.6072 	 2 
58.6188 	 0 
58.6188 	 1 
58.8510 	 2 
58.8626 	 0 
58.8626 	 1 
58.9787 	 2 
59.1064 	 2 
59.2341 	 0 
59.2341 	 2 
59.2341 	 1 
59.4779 	 0 
59.4779 	 2 
59.4895 	 1 
59.6056 	 2 
59.6056 	 0 
59.6056 	 1 
59.8494 	 2 
59.8610 	 0 
59.8610 	 1 
60.1049 	 1 
60.1049 	 2 
60.1049 	 0 
60.2326 	 0 
60.2442 	 1 
60.2442 	 2 
60.3603 	 2 
60.3603 	 0 
60.6041 	 2 
60.6041 	 1 
60.6041 	 0 
60.8479 	 0 
60.8479 	 2 
60.8595 	 1 
60.9640 	 2 
61.0917 	 2 
61.2194 	 2 
61.2310 	 1 
61.2310 	 0 
61.4748 	 1 
61.4748 	 2 
61.4748 	 0 
61.5909 	 2 
61.6025 	 0 
61.6025 	 1 
61.8463 	 1 
61.8463 	 2 
61.8463 	 0 
62.0902 	 2 
62.1018 	 0 
62.1018 	 1 
62.2295 	 1 
62.2295 	 0 
62.2295 	 2 
62.3456 	 2 
62.3572 	 0 
62.6010 	 1 
62.6010 	 0 
62.6010 	 2 
62.7287 	 2 
62.7403 	 1 
62.9725 	 2 
62.9725 	 1 
62.9725 	 0 
63.0886 	 2 
63.1002 	 1 
63.1002 	 0 
63.4601 	 2 
63.8317 	 2 
64.2148 	 2 
64.2148 	 1 
64.2148 	 0 
64.3425 	 2 
64.3425 	 0 
64.3425 	 1 
64.5863 	 2 
64.5863 	 1 
64.5979 	 0 
64.7024 	 2 
64.8301 	 0 
64.8301 	 2 
64.8417 	 1 
64.9578 	 0 
64.9578 	 1 
64.9578 	 2 
65.0855 	 0 
65.0855 	 1 
65.0855 	 2 
65.2016 	 2 
65.2132 	 1 
65.2132 	 0 
65.4571 	 0 
65.4571 	 1 
65.4571 	 2 
65.5848 	 2 
65.5848 	 1 
65.5848 	 0 
65.8286 	 1 
65.8402 	 2 
65.8402 	 0 
66.0724 	 2 
66.0840 	 1 
66.0840 	 0 
66.2117 	 1 
66.2117 	 2 
66.2117 	 0 
66.3278 	 2 
66.3394 	 1 
66.3394 	 0 
66.5832 	 0 
66.5832 	 1 
66.5832 	 2 
66.6993 	 2 
66.8270 	 1 
66.8270 	 0 
66.8270 	 2 
66.9431 	 0 
66.9431 	 2 
66.9431 	 1 
67.0708 	 0 
67.0708 	 1 
67.0824 	 2 
67.1985 	 0 
67.1985 	 2 
67.1985 	 1 
67.4540 	 2 
67.4540 	 1 
67.4540 	 0 
67.5701 	 2 
67.5817 	 1 
67.5817 	 0 
67.8255 	 1 
67.8255 	 2 
67.8255 	 0 
68.0693 	 1 
68.0693 	 0 
68.0693 	 2 
68.1970 	 2 
68.1970 	 0 
68.1970 	 1 
68.3247 	 2 
68.3247 	 0 
68.3247 	 1 
68.5685 	 2 
68.5801 	 1 
68.5801 	 0 
68.6962 	 2 
68.8239 	 2 
68.8239 	 0 
68.8239 	 1 
68.9400 	 2 
68.9400 	 1 
68.9400 	 0 
69.0678 	 1 
69.0678 	 0 
69.0678 	 2 
69.1955 	 1 
69.1955 	 0 
69.1955 	 2 
69.4393 	 0 
69.4393 	 2 
69.4393 	 1 
69.5670 	 0 
69.5670 	 1 
69.5670 	 2 
69.8224 	 2 
69.8224 	 1 
69.8224 	 0 
70.0546 	 2 
70.0662 	 0 
70.0662 	 1 
70.1939 	 0 
70.1939 	 2 
70.1939 	 1 
70.3100 	 2 
70.3216 	 0 
70.3216 	 1 
70.4377 	 2 
70.5654 	 0 
70.5654 	 1 
70.5654 	 2 
70.6932 	 2 
70.8093 	 2 
70.8093 	 0 
70.8093 	 1 
70.9254 	 1 
70.9254 	 2 
70.9370 	 0 
71.0647 	 0 
71.0647 	 1 
71.0647 	 2 
71.1808 	 0 
71.1808 	 2 
71.1924 	 1 
71.4362 	 0 
71.4362 	 1 
71.4362 	 2 
71.5523 	 2 
71.5639 	 1 
71.5639 	 0 
71.8077 	 2 
71.8077 	 1 
71.8077 	 0 
72.0515 	 2 
72.0515 	 0 
72.0631 	 1 
72.1792 	 2 
72.1792 	 0 
72.1792 	 1 
72.3069 	 2 
72.3069 	 0 
72.3069 	 1 
72.5507 	 2 
72.5507 	 0 
72.5507 	 1 
72.6901 	 2 
72.8062 	 1 
72.8062 	 2 
72.8062 	 0 
72.9223 	 0 
72.9223 	 2 
72.9223 	 1 
73.0500 	 1 
73.0500 	 2 
73.0500 	 0 
73.1777 	 2 
73.1777 	 0 
73.1777 	 1 
73.4215 	 2 
73.4331 	 0 
73.4331 	 1 
73.5492 	 2 
73.5492 	 1 
73.5492 	 0 
73.8046 	 2 
73.8046 	 0 
73.8046 	 1 
74.0368 	 2 
74.0484 	 1 
74.0484 	 0 
74.1761 	 2 
74.1761 	 1 
74.1761 	 0 
74.2922 	 2 
74.3039 	 1 
74.3039 	 0 
74.5477 	 2 
74.5477 	 1 
74.5477 	 0 
74.6638 	 2 
74.7915 	 2 
74.7915 	 1 
74.8031 	 0 
74.9192 	 2 
74.9192 	 1 
75.0353 	 0 
75.0353 	 1 
75.0469 	 2 
75.1630 	 2 
75.1746 	 0 
75.1746 	 1 
75.4184 	 0 
75.4184 	 2 
75.4184 	 1 
75.5345 	 2 
75.5461 	 0 
75.5461 	 1 
75.7899 	 0 
75.7899 	 2 
75.7899 	 1 
76.0337 	 2 
76.0337 	 0 
76.0454 	 1 
76.1615 	 0 
76.1731 	 1 
76.1731 	 2 
76.2892 	 1 
76.2892 	 2 
76.3008 	 0 
76.5330 	 2 
76.5446 	 1 
76.5446 	 0 
76.6607 	 1 
76.6723 	 2 
76.7884 	 0 
76.7884 	 2 
76.7884 	 1 
76.9045 	 2 
77.0322 	 0 
77.0322 	 1 
77.0322 	 2 
77.4153 	 0 
77.4153 	 2 
77.4153 	 1 
77.5430 	 2 
77.5430 	 1 
77.7868 	 0 
77.7868 	 2 
77.7868 	 1 
78.1584 	 2 
78.1584 	 0 
78.1584 	 1 
78.4138 	 2 
78.4138 	 1 
78.4138 	 0 
78.7853 	 2 
78.9014 	 2 
79.0175 	 2 
79.0291 	 1 
79.1452 	 2 
79.1452 	 0 
79.1452 	 1 
79.4006 	 2 
79.7722 	 0 
79.7722 	 2 
79.8999 	 2 
80.0160 	 2 
80.0276 	 0 
80.0276 	 1 
80.1553 	 2 
80.1553 	 0 
80.1553 	 1 
80.2830 	 2 
80.2830 	 0 
80.2830 	 1 
80.5152 	 2 
80.5268 	 1 
80.5268 	 0 
80.6429 	 1 
80.6429 	 2 
80.6429 	 0 
80.7706 	 2 
80.7706 	 1 
80.7706 	 0 
80.8867 	 2 
81.0144 	 2 
81.0144 	 1 
81.0260 	 0 
81.1421 	 1 
81.1421 	 0 
81.1421 	 2 
81.2698 	 2 
81.3976 	 0 
81.3976 	 2 
81.3976 	 1 
81.5137 	 2 
81.5253 	 0 
81.5253 	 1 
81.7691 	 1 
81.7691 	 0 
81.7691 	 2 
82.0129 	 1 
82.0129 	 0 
82.0129 	 2 
82.1406 	 0 
82.1406 	 2 
82.1406 	 1 
82.2683 	 0 
82.2683 	 2 
82.2799 	 1 
82.5121 	 1 
82.5121 	 0 
82.5121 	 2 
82.6398 	 2 
82.7559 	 2 
82.7675 	 1 
82.7675 	 0 
82.8836 	 2 
83.0113 	 1 
83.0113 	 0 
83.0113 	 2 
83.1390 	 1 
83.1390 	 0 
83.1390 	 2 
83.3829 	 0 
83.3829 	 2 
83.3829 	 1 
83.5106 	 2 
83.5106 	 0 
83.5106 	 1 
83.7544 	 2 
83.7660 	 0 
83.7660 	 1 
83.9982 	 2 
84.0098 	 0 
84.0098 	 1 
84.1375 	 0 
84.1375 	 1 
84.1375 	 2 
84.2536 	 2 
84.2652 	 1 
84.2652 	 0 
84.4974 	 2 
84.5090 	 1 
84.5090 	 0 
84.6251 	 1 
84.6251 	 2 
84.7528 	 0 
84.7528 	 1 
84.7528 	 2 
84.8689 	 2 
84.8805 	 1 
85.0083 	 1 
85.0083 	 2 
85.0083 	 0 
85.1244 	 2 
85.1244 	 0 
85.1244 	 1 
85.3798 	 1 
85.3798 	 0 
85.3798 	 2 
85.4959 	 2 
85.5075 	 0 
85.5075 	 1 
85.7513 	 1 
85.7513 	 2 
85.7513 	 0 
85.9951 	 2 
85.9951 	 0 
85.9951 	 1 
86.1228 	 1 
86.1228 	 0 
86.1228 	 2 
86.2505 	 1 
86.2505 	 0 
86.2505 	 2 
86.4943 	 2 
86.4943 	 1 
86.5059 	 0 
86.6337 	 2 
86.7381 	 2 
86.7498 	 1 
86.7498 	 0 
86.8659 	 1 
86.8659 	 2 
86.9936 	 1 
86.9936 	 2 
86.9936 	 0 
87.1213 	 2 
87.1213 	 0 
87.1213 	 1 
87.3651 	 2 
87.3651 	 0 
87.3767 	 1 
87.4928 	 1 
87.4928 	 2 
87.4928 	 0 
87.7482 	 0 
87.7482 	 2 
87.7482 	 1 
87.9920 	 1 
87.9920 	 2 
87.9920 	 0 
88.1197 	 0 
88.1197 	 1 
88.1197 	 2 
88.2358 	 2 
88.2474 	 0 
88.2474 	 1 
88.4796 	 2 
88.4912 	 1 
88.4912 	 0 
88.6190 	 2 
88.7351 	 0 
88.7351 	 1 
88.7351 	 2 
88.8628 	 2 
88.8628 	 1 
88.9905 	 2 
88.9905 	 1 
88.9905 	 0 
89.1066 	 2 
89.1066 	 1 
89.1066 	 0 
89.3620 	 2 
89.3620 	 0 
89.3620 	 1 
89.4781 	 2 
89.4897 	 1 
89.4897 	 0 
89.7335 	 0 
89.7335 	 2 
89.7335 	 1 
89.9773 	 0 
89.9773 	 2 
89.9773 	 1 
90.1050 	 0 
90.1050 	 2 
90.1050 	 1 
90.2327 	 1 
90.2327 	 0 
90.2327 	 2 
90.4766 	 2 
90.4882 	 0 
90.4882 	 1 
90.6043 	 2 
90.6043 	 1 
90.7320 	 2 
90.7320 	 1 
90.7320 	 0 
90.8481 	 2 
90.8481 	 1 
90.9758 	 2 
90.9758 	 1 
90.9758 	 0 
91.1035 	 1 
91.1035 	 2 
91.1035 	 0 
91.3473 	 2 
91.3473 	 0 
91.3589 	 1 
91.4750 	 1 
91.4750 	 0 
91.4750 	 2 
91.7304 	 1 
91.7304 	 0 
91.7304 	 2 
91.9626 	 2 
91.9742 	 0 
91.9742 	 1 
92.1020 	 2 
92.1020 	 1 
92.1020 	 0 
92.2297 	 2 
92.2297 	 0 
92.2297 	 1 
92.4735 	 2 
92.4735 	 0 
92.4735 	 1 
92.6012 	 2 
92.7173 	 1 
92.7173 	 2 
92.7289 	 0 
92.8450 	 2 
92.8450 	 1 
92.8450 	 0 
92.9611 	 1 
92.9611 	 0 
92.9611 	 2 
93.3442 	 0 
93.3442 	 2 
93.3442 	 1 
93.4719 	 0 
93.4719 	 2 
93.7157 	 0 
93.7157 	 1 
93.7157 	 2 
94.0873 	 2 
94.0873 	 0 
94.4704 	 0 
94.4704 	 2 
94.4704 	 1 
94.5865 	 2 
94.5865 	 0 
94.5981 	 1 
94.7258 	 1 
94.7258 	 0 
94.7258 	 2 
94.8535 	 0 
95.0857 	 1 
95.0973 	 0 
95.0973 	 2 
95.3411 	 2 
95.4688 	 1 
95.4688 	 2 
95.4688 	 0 
95.5849 	 2 
95.5849 	 0 
95.5849 	 1 
95.7127 	 0 
95.7127 	 1 
95.7243 	 2 
95.8404 	 1 
95.8404 	 0 
95.8404 	 2 
95.9565 	 2 
96.0842 	 2 
96.0842 	 1 
96.0842 	 0 
96.3396 	 1 
96.3396 	 0 
96.3396 	 2 
96.5718 	 2 
96.8272 	 2 
96.8388 	 0 
96.8388 	 1 
97.0826 	 2 
97.3264 	 2 
97.3264 	 1 
97.3380 	 0 
97.5586 	 2 
97.8141 	 1 
97.8141 	 2 
97.8141 	 0 
98.0695 	 2 
98.0695 	 1 
98.0811 	 0 
98.5687 	 2 
98.5803 	 1 
98.5803 	 0 
98.8241 	 2 
98.8241 	 1 
98.8241 	 0 
99.3234 	 0 
99.3234 	 2 
99.3234 	 1 
99.8110 	 2 
99.8226 	 0 
99.8226 	 1 
100.0664 	 1 
100.0664 	 0 
100.0664 	 2 
100.3102 	 2 
100.3218 	 0 
100.3218 	 1 
100.5540 	 2 
100.8094 	 2 
100.8094 	 0 
100.8210 	 1 
101.0649 	 2 
101.3087 	 2 
101.3087 	 0 
101.3203 	 1 
101.5525 	 2 
101.5641 	 1 
101.5641 	 0 
101.8079 	 2 
101.8079 	 0 
101.8079 	 1 
102.0633 	 1 
102.0633 	 0 
102.0633 	 2 
102.5625 	 1 
102.5625 	 2 
102.5625 	 0 
102.8063 	 0 
102.8063 	 1 
102.8063 	 2 
103.3056 	 2 
103.3056 	 1 
103.3056 	 0 
103.7932 	 2 
103.8048 	 1 
103.8048 	 0 
104.0486 	 2 
104.0486 	 1 
104.0486 	 0 
104.3040 	 2 
104.3040 	 0 
104.3040 	 1 
104.7917 	 2 
104.8033 	 0 
104.8033 	 1 
105.0587 	 2 
105.2909 	 2 
105.3025 	 1 
105.3025 	 0 
105.5347 	 2 
105.5463 	 1 
105.7785 	 0 
105.7785 	 2 
105.7901 	 1 
106.0455 	 0 
106.0455 	 2 
106.0455 	 1 
106.5448 	 2 
106.5448 	 0 
106.5448 	 1 
106.7886 	 2 
106.8002 	 0 
106.8002 	 1 
107.2878 	 0 
107.2878 	 1 
107.2878 	 2 
107.7754 	 2 
107.7870 	 0 
107.7870 	 1 
108.0308 	 1 
108.0308 	 2 
108.0308 	 0 
108.2863 	 1 
108.2863 	 0 
108.2863 	 2 
108.5185 	 2 
108.7739 	 2 
108.7855 	 0 
108.7855 	 1 
109.0293 	 2 
109.0293 	 1 
109.2731 	 2 
109.2847 	 0 
109.2847 	 1 
109.5169 	 2 
109.5285 	 0 
109.5285 	 1 
109.7723 	 1 
109.7723 	 0 
109.7723 	 2 
110.0278 	 1 
110.0278 	 0 
110.0278 	 2 
110.5270 	 0 
110.5270 	 2 
110.5270 	 1 
110.7708 	 1 
110.7708 	 2 
110.7824 	 0 
111.2700 	 0 
111.2700 	 1 
111.2816 	 2 
111.7693 	 2 
111.7693 	 0 
111.7693 	 1 
112.0247 	 1 
112.0247 	 2 
112.0247 	 0 
112.2685 	 1 
112.2685 	 2 
112.2685 	 0 
112.7677 	 1 
112.7677 	 0 
112.7677 	 2 
113.0231 	 2 
113.2553 	 2 
113.2669 	 1 
113.2669 	 0 
113.4991 	 2 
113.7546 	 0 
113.7546 	 2 
113.7546 	 1 
114.0100 	 2 
114.0100 	 1 
114.0100 	 0 
114.5092 	 1 
114.5092 	 2 
114.5092 	 0 
114.7646 	 1 
114.7646 	 0 
114.7646 	 2 
115.2522 	 2 
115.2522 	 1 
115.2639 	 0 
115.7399 	 2 
115.7515 	 0 
115.7515 	 1 
115.9953 	 2 
115.9953 	 1 
116.0069 	 0 
116.2507 	 1 
116.2507 	 0 
116.2623 	 2 
116.4829 	 2 
116.7499 	 0 
116.7499 	 2 
116.7499 	 1 
116.9937 	 2 
116.9937 	 0 
117.2376 	 2 
117.2492 	 0 
117.2492 	 1 
117.4930 	 2 
117.4930 	 0 
117.5046 	 1 
117.7368 	 2 
117.7484 	 0 
117.7484 	 1 
117.9922 	 2 
117.9922 	 0 
117.9922 	 1 
118.4914 	 0 
118.4914 	 2 
118.4914 	 1 
118.7468 	 2 
118.7468 	 0 
118.7468 	 1 
119.2461 	 0 
119.2461 	 2 
119.2461 	 1 
119.7337 	 2 
119.7337 	 0 
119.7337 	 1 
119.9891 	 0 
119.9891 	 2 
119.9891 	 1 
120.2329 	 1 
120.2445 	 0 
120.2445 	 2 
120.7322 	 0 
120.7322 	 1 
120.7322 	 2 
120.9760 	 2 
120.9876 	 0 
120.9876 	 1 
121.2314 	 0 
121.2314 	 1 
121.2314 	 2 
121.4752 	 0 
121.4868 	 2 
121.4868 	 1 
121.7306 	 2 
121.7306 	 1 
121.7306 	 0 
121.9744 	 2 
121.9744 	 1 
121.9744 	 0 
122.4737 	 2 
122.4737 	 0 
122.4853 	 1 
122.7291 	 1 
122.7291 	 2 
122.7291 	 0 
123.2283 	 1 
123.2283 	 2 
123.2283 	 0 
123.7159 	 0 
123.7159 	 2 
123.7159 	 1 
123.9713 	 0 
123.9713 	 2 
123.9713 	 1 
124.2268 	 2 
124.2268 	 0 
124.2268 	 1 
124.7144 	 2 
124.7144 	 0 
124.7144 	 1 
124.9698 	 2 
124.9698 	 1 
124.9698 	 0 
125.2136 	 0 
125.2136 	 2 
125.2136 	 1 
125.4690 	 0 
125.4690 	 2 
125.4690 	 1 
125.7128 	 1 
125.7128 	 0 
125.7128 	 2 
125.9683 	 1 
125.9683 	 0 
125.9683 	 2 
126.0844 	 0 
126.0844 	 2 
126.0960 	 1 
126.3398 	 2 
126.3398 	 0 
126.3398 	 1 
126.4559 	 1 
126.4559 	 0 
126.4559 	 2 
126.5836 	 1 
126.5836 	 0 
126.5836 	 2 
126.6997 	 0 
126.6997 	 2 
126.7113 	 1 
126.8274 	 2 
126.8274 	 0 
126.8274 	 1 
126.9435 	 2 
126.9435 	 0 
126.9435 	 1 
127.1989 	 2 
127.3266 	 2 
127.3266 	 0 
127.3382 	 1 
127.4427 	 2 
127.5704 	 2 
127.5820 	 0 
127.5820 	 1 
127.6981 	 2 
127.9536 	 1 
127.9536 	 0 
127.9536 	 2 
128.3251 	 2 
128.3251 	 0 
128.3251 	 1 
128.5689 	 1 
128.5689 	 2 
128.5805 	 0 
128.6966 	 1 
128.6966 	 2 
128.8243 	 1 
128.8243 	 2 
128.8243 	 0 
128.9404 	 2 
128.9404 	 1 
128.9404 	 0 
129.1958 	 1 
129.1958 	 2 
129.1958 	 0 
129.3119 	 2 
129.3119 	 0 
129.3235 	 1 
129.4396 	 2 
129.4396 	 1 
129.4396 	 0 
129.5673 	 1 
129.5673 	 0 
129.5673 	 2 
129.8344 	 2 
129.8344 	 0 
129.8460 	 1 
129.9389 	 1 
129.9505 	 2 
129.9505 	 0 
130.3104 	 1 
130.3104 	 2 
130.3220 	 0 
130.5542 	 2 
130.5658 	 0 
130.5658 	 1 
130.6935 	 1 
130.6935 	 2 
130.8096 	 1 
130.8096 	 0 
130.8212 	 2 
130.9373 	 1 
130.9373 	 2 
130.9373 	 0 
131.1811 	 2 
131.1811 	 0 
131.1927 	 1 
131.3088 	 1 
131.3088 	 0 
131.3205 	 2 
131.4366 	 1 
131.4366 	 2 
131.4366 	 0 
131.5643 	 1 
131.5643 	 0 
131.5643 	 2 
131.8197 	 2 
131.8313 	 1 
131.8313 	 0 
131.9358 	 0 
131.9358 	 1 
131.9358 	 2 
132.3073 	 1 
132.3073 	 2 
132.3073 	 0 
132.5511 	 2 
132.5627 	 1 
132.5627 	 0 
132.6788 	 2 
132.8065 	 0 
132.8065 	 1 
132.8065 	 2 
132.9226 	 2 
132.9226 	 1 
132.9226 	 0 
133.1780 	 2 
133.1780 	 0 
133.1780 	 1 
133.2941 	 2 
133.2941 	 0 
133.3058 	 1 
133.4219 	 2 
133.4219 	 0 
133.4335 	 1 
133.5496 	 2 
133.5496 	 0 
133.5496 	 1 
133.8166 	 2 
133.8166 	 0 
133.8282 	 1 
133.9327 	 0 
133.9327 	 2 
133.9327 	 1 
134.2926 	 2 
134.2926 	 1 
134.3042 	 0 
134.5480 	 1 
134.5480 	 0 
134.5480 	 2 
134.6757 	 2 
134.7918 	 0 
134.7918 	 1 
134.8034 	 2 
134.9195 	 2 
134.9195 	 0 
134.9195 	 1 
135.1634 	 2 
135.1750 	 1 
135.1750 	 0 
135.2911 	 1 
135.2911 	 2 
135.2911 	 0 
135.4188 	 0 
135.4188 	 2 
135.4188 	 1 
135.5465 	 0 
135.5465 	 2 
135.5465 	 1 
135.8019 	 2 
135.8135 	 0 
135.8135 	 1 
135.9180 	 2 
135.9180 	 1 
135.9180 	 0 
136.2895 	 2 
136.2895 	 1 
136.2895 	 0 
136.5333 	 2 
136.5449 	 1 
136.5449 	 0 
136.6610 	 1 
136.6727 	 2 
136.7888 	 1 
136.7888 	 2 
136.7888 	 0 
136.9049 	 2 
136.9049 	 1 
136.9165 	 0 
137.1603 	 2 
137.1603 	 0 
137.1719 	 1 
137.2764 	 2 
137.2880 	 0 
137.2880 	 1 
137.4041 	 2 
137.4157 	 0 
137.4157 	 1 
137.5318 	 2 
137.5318 	 0 
137.5318 	 1 
137.7988 	 0 
137.7988 	 2 
137.8104 	 1 
137.9149 	 0 
137.9149 	 2 
137.9149 	 1 
138.2748 	 2 
138.2864 	 0 
138.2864 	 1 
138.5302 	 1 
138.5302 	 2 
138.5302 	 0 
138.6580 	 2 
138.7741 	 1 
138.7741 	 0 
138.7857 	 2 
138.9018 	 0 
138.9018 	 2 
138.9018 	 1 
139.1456 	 0 
139.1572 	 1 
139.1572 	 2 
139.2849 	 0 
139.2849 	 2 
139.2849 	 1 
139.4010 	 0 
139.4010 	 2 
139.4010 	 1 
139.5287 	 2 
139.5287 	 0 
139.5287 	 1 
139.7841 	 0 
139.7841 	 2 
139.9002 	 1 
139.9002 	 2 
139.9118 	 0 
140.2601 	 2 
140.2717 	 1 
140.2717 	 0 
140.5156 	 0 
140.5156 	 2 
140.5272 	 1 
140.6433 	 2 
140.7710 	 0 
140.7710 	 2 
140.7710 	 1 
140.8871 	 1 
140.8871 	 2 
140.8987 	 0 
141.1425 	 1 
141.1425 	 0 
141.1425 	 2 
141.2586 	 2 
141.2702 	 0 
141.2702 	 1 
141.3863 	 2 
141.3979 	 0 
141.3979 	 1 
141.5140 	 1 
141.5140 	 2 
141.5256 	 0 
141.7810 	 0 
141.7810 	 1 
141.7810 	 2 
141.8971 	 2 
141.8971 	 0 
141.8971 	 1 
142.0132 	 2 
142.0132 	 0 
142.2571 	 2 
142.2687 	 1 
142.2687 	 0 
142.3848 	 2 
142.5125 	 0 
142.5125 	 1 
142.5125 	 2 
142.6402 	 1 
142.6402 	 2 
142.6402 	 0 
142.7563 	 1 
142.7679 	 2 
142.7679 	 0 
142.8840 	 1 
142.8840 	 2 
142.8840 	 0 
143.1394 	 1 
143.1394 	 0 
143.1394 	 2 
143.2555 	 2 
143.2671 	 0 
143.2671 	 1 
143.3832 	 0 
143.3832 	 2 
143.3832 	 1 
143.5109 	 2 
143.5109 	 1 
143.5109 	 0 
143.7663 	 2 
143.7780 	 1 
143.8824 	 1 
143.8824 	 0 
143.8824 	 2 
144.2540 	 2 
144.2540 	 1 
144.2540 	 0 
144.4978 	 2 
144.5094 	 1 
144.5094 	 0 
144.6371 	 1 
144.6371 	 2 
144.7532 	 0 
144.7532 	 2 
144.7532 	 1 
144.8693 	 2 
144.8809 	 1 
144.8809 	 0 
145.1247 	 2 
145.1247 	 0 
145.1363 	 1 
145.2408 	 2 
145.2524 	 1 
145.2524 	 0 
145.3685 	 2 
145.3801 	 1 
145.3801 	 0 
145.4962 	 1 
145.4962 	 2 
145.5078 	 0 
145.7633 	 0 
145.7633 	 2 
145.8794 	 0 
145.8794 	 1 
145.8794 	 2 
146.2393 	 2 
146.2509 	 0 
146.2509 	 1 
146.4947 	 0 
146.4947 	 2 
146.5063 	 1 
146.6340 	 2 
146.7385 	 1 
146.7501 	 0 
146.7501 	 2 
146.8662 	 2 
146.8662 	 0 
146.8662 	 1 
147.1216 	 0 
147.1216 	 2 
147.1216 	 1 
147.2377 	 0 
147.2377 	 2 
147.2493 	 1 
147.3654 	 1 
147.3654 	 2 
147.3654 	 0 
147.4932 	 2 
147.4932 	 0 
147.4932 	 1 
147.7486 	 2 
147.7486 	 0 
147.8647 	 1 
147.8647 	 2 
147.8763 	 0 
148.2362 	 2 
148.2362 	 0 
148.2362 	 1 
148.4800 	 2 
148.4916 	 0 
148.4916 	 1 
148.6077 	 2 
148.7354 	 2 
148.7354 	 0 
148.7354 	 1 
148.8515 	 2 
148.8631 	 0 
148.8631 	 1 
149.1069 	 2 
149.1069 	 0 
149.1185 	 1 
149.2346 	 0 
149.2346 	 1 
149.2463 	 2 
149.3624 	 1 
149.3624 	 2 
149.3624 	 0 
149.4785 	 2 
149.4901 	 1 
149.4901 	 0 
149.7455 	 2 
149.8616 	 2 
149.8616 	 1 
149.8616 	 0 
150.2331 	 0 
150.2331 	 2 
150.2331 	 1 
150.4769 	 2 
150.4885 	 0 
150.4885 	 1 
150.6046 	 2 
150.7207 	 1 
150.7323 	 2 
150.8484 	 2 
150.8484 	 1 
150.8600 	 0 
151.1039 	 1 
151.1039 	 2 
151.1155 	 0 
151.2200 	 2 
151.2316 	 0 
151.2316 	 1 
151.3477 	 2 
151.3593 	 0 
151.3593 	 1 
151.4754 	 2 
151.4870 	 0 
151.4870 	 1 
151.7424 	 2 
151.7424 	 1 
151.8469 	 1 
151.8585 	 2 
151.8585 	 0 
152.2184 	 2 
152.2300 	 1 
152.2300 	 0 
152.4738 	 1 
152.4738 	 2 
152.4738 	 0 
152.6015 	 2 
152.6015 	 1 
152.7176 	 1 
152.7176 	 0 
152.7293 	 2 
152.8454 	 1 
152.8454 	 2 
152.8454 	 0 
153.1008 	 2 
153.1008 	 1 
153.1008 	 0 
153.2169 	 0 
153.2169 	 2 
153.2169 	 1 
153.3446 	 1 
153.3446 	 0 
153.3446 	 2 
153.4723 	 2 
153.4723 	 0 
153.4723 	 1 
153.7277 	 2 
153.7277 	 0 
153.7277 	 1 
153.8438 	 1 
153.8438 	 0 
153.8438 	 2 
154.2153 	 1 
154.2153 	 0 
154.2153 	 2 
154.4591 	 2 
154.4591 	 0 
154.4707 	 1 
154.5868 	 2 
154.5985 	 1 
154.7146 	 0 
154.7146 	 1 
154.7146 	 2 
154.8307 	 2 
154.8307 	 1 
154.8423 	 0 
155.0861 	 1 
155.0861 	 2 
155.0861 	 0 
155.2022 	 2 
155.2138 	 1 
155.2138 	 0 
155.3299 	 2 
155.3415 	 0 
155.3415 	 1 
155.4576 	 2 
155.4576 	 1 
155.4692 	 0 
155.7246 	 2 
155.8407 	 1 
155.8407 	 0 
155.8407 	 2 
156.2006 	 2 
156.2006 	 1 
156.2122 	 0 
156.4561 	 0 
156.4561 	 2 
156.4561 	 1 
156.5838 	 2 
156.5838 	 1 
156.6999 	 1 
156.7115 	 2 
156.8276 	 1 
156.8276 	 0 
156.8276 	 2 
157.0714 	 2 
157.0830 	 0 
157.0830 	 1 
157.1991 	 0 
157.1991 	 2 
157.1991 	 1 
157.3268 	 1 
157.3268 	 0 
157.3268 	 2 
157.4545 	 0 
157.4545 	 2 
157.4545 	 1 
157.7099 	 2 
157.7215 	 0 
157.7215 	 1 
157.8260 	 0 
157.8260 	 1 
157.8260 	 2 
157.9421 	 2 
158.1976 	 2 
158.1976 	 0 
158.1976 	 1 
158.3137 	 2 
158.3253 	 1 
158.4414 	 2 
158.4530 	 0 
158.4530 	 1 
158.5691 	 1 
158.5691 	 0 
158.5691 	 2 
158.6852 	 1 
158.6852 	 0 
158.6968 	 2 
159.0683 	 1 
159.0683 	 2 
159.0683 	 0 
159.1960 	 1 
159.1960 	 2 
159.2076 	 0 
159.4398 	 0 
159.4398 	 2 
159.4398 	 1 
159.8113 	 1 
159.8229 	 0 
159.8229 	 2 
159.9507 	 2 
160.0551 	 2 
160.0668 	 0 
160.0668 	 1 
160.1829 	 1 
160.1945 	 2 
160.3106 	 2 
160.4383 	 1 
160.4383 	 2 
160.4499 	 0 
160.5660 	 0 
160.5660 	 2 
160.5660 	 1 
160.6821 	 2 
160.6937 	 1 
160.8098 	 0 
160.8098 	 2 
160.8098 	 1 
161.0536 	 2 
161.0652 	 1 
161.0652 	 0 
161.1813 	 2 
161.1929 	 1 
161.1929 	 0 
161.3090 	 2 
161.3090 	 0 
161.3090 	 1 
161.4367 	 1 
161.4367 	 2 
161.4367 	 0 
161.6922 	 2 
161.8083 	 1 
161.8083 	 2 
161.8083 	 0 
161.9244 	 2 
162.0521 	 2 
162.0637 	 1 
162.0637 	 0 
162.1798 	 2 
162.1798 	 1 
162.2959 	 2 
162.3075 	 1 
162.4236 	 1 
162.4236 	 2 
162.5513 	 1 
162.5513 	 0 
162.5629 	 2 
162.6906 	 2 
162.8067 	 2 
162.8067 	 1 
162.8067 	 0 
163.0505 	 1 
163.0505 	 0 
163.0505 	 2 
163.1782 	 0 
163.1782 	 1 
163.1782 	 2 
163.2943 	 2 
163.3059 	 0 
163.3059 	 1 
163.4220 	 1 
163.4220 	 2 
163.4337 	 0 
163.6775 	 2 
163.8052 	 2 
163.8052 	 0 
163.8052 	 1 
163.9213 	 2 
164.0490 	 2 
164.0490 	 1 
164.0490 	 0 
164.1651 	 2 
164.1767 	 1 
164.2928 	 2 
164.4205 	 1 
164.4205 	 2 
164.4205 	 0 
164.5482 	 2 
164.5482 	 1 
164.5482 	 0 
164.6759 	 1 
164.6759 	 2 
164.7920 	 1 
164.7920 	 2 
164.7920 	 0 
165.0358 	 2 
165.0474 	 1 
165.0474 	 0 
165.1635 	 2 
165.1751 	 1 
165.1751 	 0 
165.2912 	 1 
165.2912 	 2 
165.2912 	 0 
165.4190 	 1 
165.4190 	 2 
165.4306 	 0 
165.6860 	 2 
165.6860 	 1 
165.7905 	 0 
165.7905 	 1 
165.7905 	 2 
165.9066 	 2 
166.0343 	 2 
166.0459 	 0 
166.0459 	 1 
166.1620 	 2 
166.1620 	 0 
166.1620 	 1 
166.2781 	 2 
166.2897 	 1 
166.4174 	 2 
166.4174 	 0 
166.4174 	 1 
166.5335 	 2 
166.5451 	 0 
166.5451 	 1 
166.6612 	 2 
166.7889 	 1 
166.7889 	 2 
166.7889 	 0 
167.0327 	 1 
167.0327 	 0 
167.0327 	 2 
167.1605 	 1 
167.1605 	 2 
167.1605 	 0 
167.2882 	 2 
167.2882 	 0 
167.2882 	 1 
167.4043 	 2 
167.4043 	 1 
167.4159 	 0 
167.6597 	 2 
167.6713 	 1 
167.7874 	 0 
167.7874 	 1 
167.7874 	 2 
168.0312 	 2 
168.0312 	 1 
168.0312 	 0 
168.1589 	 2 
168.2750 	 2 
168.4027 	 1 
168.4027 	 0 
168.4143 	 2 
168.5304 	 2 
168.5304 	 1 
168.5304 	 0 
168.6581 	 1 
168.6581 	 2 
168.7859 	 1 
168.7859 	 2 
168.7859 	 0 
169.0297 	 1 
169.0297 	 2 
169.0297 	 0 
169.1458 	 2 
169.1574 	 0 
169.1574 	 1 
169.2735 	 0 
169.2735 	 1 
169.2735 	 2 
169.4012 	 0 
169.4012 	 1 
169.4012 	 2 
169.6682 	 2 
169.6682 	 1 
169.7727 	 0 
169.7727 	 1 
169.7727 	 2 
170.0165 	 1 
170.0165 	 2 
170.0281 	 0 
170.1442 	 2 
170.2719 	 2 
170.3996 	 2 
170.3996 	 1 
170.5157 	 2 
170.5273 	 1 
170.5273 	 0 
170.6434 	 2 
170.7712 	 0 
170.7712 	 2 
170.7712 	 1 
171.0150 	 0 
171.0266 	 2 
171.0266 	 1 
171.1427 	 2 
171.1427 	 0 
171.1427 	 1 
171.2704 	 2 
171.2704 	 0 
171.2704 	 1 
171.3865 	 1 
171.3981 	 2 
171.3981 	 0 
171.6535 	 2 
171.6535 	 1 
171.7696 	 0 
171.7696 	 2 
171.7696 	 1 
171.8857 	 2 
172.0134 	 1 
172.0134 	 2 
172.0134 	 0 
172.1295 	 2 
172.1411 	 1 
172.2572 	 2 
172.3966 	 2 
172.3966 	 1 
172.5127 	 2 
172.5127 	 0 
172.5127 	 1 
172.6404 	 1 
172.6520 	 2 
172.7681 	 1 
172.7681 	 2 
172.7681 	 0 
173.0119 	 2 
173.0119 	 1 
173.0119 	 0 
173.1280 	 2 
173.1396 	 0 
173.1396 	 1 
173.2557 	 2 
173.2557 	 1 
173.3834 	 1 
173.3834 	 0 
173.3834 	 2 
173.6504 	 2 
173.7549 	 2 
173.7549 	 1 
173.7665 	 0 
174.0103 	 1 
174.0103 	 2 
174.3819 	 2 
174.5096 	 2 
174.6257 	 1 
174.6257 	 2 
174.7418 	 1 
174.7534 	 0 
174.7534 	 2 
174.9972 	 0 
174.9972 	 1 
175.0088 	 2 
175.3803 	 2 
175.3803 	 1 
175.4964 	 2 
175.5080 	 1 
175.6241 	 1 
175.6241 	 2 
175.6241 	 0 
175.7518 	 2 
175.7518 	 0 
175.7518 	 1 
175.8795 	 1 
175.8795 	 0 
175.8912 	 2 
176.0073 	 0 
176.0073 	 1 
176.0073 	 2 
176.1117 	 2 
176.1234 	 1 
176.2511 	 2 
176.2511 	 1 
176.3672 	 2 
176.3788 	 1 
176.3788 	 0 
176.4949 	 1 
176.4949 	 2 
176.6226 	 1 
176.6226 	 0 
176.6226 	 2 
176.7387 	 2 
176.7503 	 1 
176.7503 	 0 
176.9941 	 1 
176.9941 	 2 
176.9941 	 0 
177.1218 	 0 
177.1218 	 1 
177.1218 	 2 
177.2379 	 0 
177.2379 	 1 
177.2495 	 2 
177.3656 	 2 
177.3772 	 0 
177.3772 	 1 
177.6327 	 2 
177.7371 	 1 
177.7371 	 0 
177.7488 	 2 
177.8765 	 2 
178.0042 	 2 
178.0042 	 1 
178.0042 	 0 
178.1203 	 2 
178.2480 	 2 
178.2480 	 1 
178.3641 	 0 
178.3641 	 1 
178.3641 	 2 
178.4802 	 2 
178.4918 	 0 
178.4918 	 1 
178.6079 	 0 
178.6079 	 2 
178.6079 	 1 
178.7356 	 2 
178.7356 	 0 
178.7356 	 1 
178.9910 	 0 
178.9910 	 1 
178.9910 	 2 
179.1071 	 2 
179.1071 	 1 
179.1187 	 0 
179.2348 	 2 
179.2348 	 1 
179.3625 	 2 
179.3625 	 0 
179.3625 	 1 
179.6180 	 2 
179.7341 	 1 
179.7341 	 2 
179.7341 	 0 
179.8734 	 0 
179.8734 	 2 
179.8734 	 1 
179.9895 	 1 
180.0011 	 0 
180.0011 	 2 
180.1056 	 2 
180.2449 	 2 
180.3494 	 2 
180.3610 	 1 
180.3610 	 0 
180.4771 	 1 
180.4771 	 2 
180.5932 	 1 
180.6048 	 2 
180.7209 	 2 
180.7325 	 0 
180.7325 	 1 
180.9763 	 0 
180.9763 	 1 
180.9763 	 2 
181.1040 	 0 
181.1040 	 1 
181.1040 	 2 
181.2201 	 0 
181.2201 	 2 
181.2317 	 1 
181.3478 	 0 
181.3478 	 1 
181.3595 	 2 
181.6149 	 2 
181.7194 	 2 
181.7310 	 0 
181.7310 	 1 
181.8703 	 2 
181.9864 	 0 
181.9864 	 2 
181.9864 	 1 
182.0909 	 1 
182.1025 	 2 
182.2302 	 1 
182.2302 	 2 
182.3463 	 0 
182.3463 	 1 
182.3463 	 2 
182.4740 	 0 
182.4740 	 1 
182.4740 	 2 
182.5901 	 1 
182.6017 	 2 
182.6017 	 0 
182.7178 	 1 
182.7294 	 0 
182.7294 	 2 
182.9732 	 2 
182.9732 	 1 
182.9732 	 0 
183.0893 	 2 
183.1010 	 1 
183.1010 	 0 
183.2171 	 0 
183.2171 	 1 
183.2171 	 2 
183.3448 	 0 
183.3448 	 1 
183.3448 	 2 
183.6002 	 2 
183.7163 	 1 
183.7163 	 2 
183.7163 	 0 
183.8440 	 1 
183.8556 	 2 
183.8556 	 0 
183.9717 	 1 
183.9717 	 2 
183.9833 	 0 
184.0878 	 2 
184.0878 	 1 
184.2271 	 1 
184.2271 	 2 
184.3432 	 1 
184.3432 	 2 
184.3432 	 0 
184.4593 	 2 
184.4709 	 1 
184.5870 	 2 
184.5870 	 0 
184.5870 	 1 
184.7147 	 1 
184.7147 	 2 
184.7147 	 0 
184.9585 	 2 
184.9585 	 1 
184.9702 	 0 
185.0863 	 2 
185.0863 	 1 
185.0863 	 0 
185.2024 	 2 
185.2140 	 0 
185.2140 	 1 
185.3417 	 1 
185.3417 	 0 
185.3417 	 2 
185.5971 	 2 
185.7016 	 1 
185.7132 	 2 
185.7132 	 0 
185.8409 	 0 
185.8409 	 2 
185.9686 	 1 
185.9686 	 2 
185.9686 	 0 
186.0731 	 1 
186.0847 	 2 
186.2124 	 2 
186.3285 	 2 
186.3401 	 0 
186.3401 	 1 
186.4562 	 0 
186.4562 	 2 
186.4562 	 1 
186.5723 	 1 
186.5839 	 2 
186.5839 	 0 
186.7000 	 0 
186.7117 	 2 
186.7117 	 1 
186.9555 	 1 
186.9555 	 2 
186.9555 	 0 
187.0716 	 2 
187.0832 	 0 
187.0832 	 1 
187.1993 	 1 
187.1993 	 2 
187.1993 	 0 
187.3270 	 1 
187.3270 	 2 
187.3270 	 0 
187.5824 	 2 
187.6985 	 0 
187.6985 	 2 
187.6985 	 1 
187.8262 	 0 
187.8378 	 1 
187.8378 	 2 
187.9539 	 2 
187.9655 	 1 
187.9655 	 0 
188.0700 	 1 
188.0700 	 2 
188.1977 	 2 
188.3254 	 1 
188.3254 	 2 
188.3254 	 0 
188.4415 	 2 
188.4532 	 0 
188.5693 	 2 
188.5693 	 0 
188.5693 	 1 
188.6970 	 0 
188.6970 	 2 
188.6970 	 1 
188.9408 	 2 
188.9524 	 0 
188.9524 	 1 
189.0685 	 0 
189.0685 	 1 
189.0685 	 2 
189.1962 	 0 
189.1962 	 1 
189.1962 	 2 
189.3123 	 2 
189.3239 	 0 
189.3239 	 1 
189.5677 	 2 
189.6954 	 2 
189.6954 	 1 
189.8231 	 2 
189.8231 	 1 
189.9508 	 2 
189.9508 	 1 
189.9508 	 0 
190.0669 	 2 
190.1830 	 2 
190.3107 	 2 
190.3107 	 1 
190.3107 	 0 
190.4385 	 2 
190.4385 	 1 
190.4385 	 0 
190.5662 	 1 
190.5662 	 2 
190.5662 	 0 
190.6823 	 2 
190.6823 	 1 
190.6939 	 0 
190.9377 	 0 
190.9377 	 2 
190.9377 	 1 
191.0654 	 1 
191.0654 	 0 
191.0654 	 2 
191.3092 	 0 
191.3092 	 2 
191.3208 	 1 
191.6807 	 1 
191.6807 	 2 
191.6807 	 0 
191.7968 	 2 
191.8084 	 0 
191.8084 	 1 
191.9361 	 2 
192.0522 	 2 
192.1800 	 2 
192.1916 	 1 
192.3077 	 1 
192.3077 	 2 
192.3193 	 0 
192.4354 	 0 
192.4354 	 1 
192.4354 	 2 
192.5631 	 0 
192.5631 	 1 
192.5631 	 2 
192.6792 	 2 
192.6792 	 0 
192.6792 	 1 
192.9346 	 0 
192.9346 	 1 
192.9346 	 2 
193.0507 	 2 
193.0623 	 0 
193.0623 	 1 
193.1784 	 2 
193.1784 	 0 
193.1784 	 1 
193.3061 	 2 
193.3061 	 0 
193.3061 	 1 
193.5615 	 2 
193.5615 	 1 
193.6776 	 2 
193.6776 	 0 
193.6776 	 1 
193.7937 	 2 
193.8054 	 0 
193.8054 	 1 
194.0492 	 2 
194.0608 	 1 
194.1769 	 1 
194.1769 	 2 
194.2930 	 2 
194.3046 	 1 
194.3046 	 0 
194.4207 	 1 
194.4207 	 2 
194.5368 	 1 
194.5484 	 0 
194.5484 	 2 
194.6645 	 2 
194.6761 	 0 
194.6761 	 1 
194.9199 	 2 
194.9199 	 1 
194.9199 	 0 
195.0476 	 2 
195.0476 	 1 
195.0476 	 0 
195.1637 	 2 
195.1637 	 0 
195.1753 	 1 
195.2914 	 2 
195.3030 	 1 
195.3030 	 0 
195.5352 	 2 
195.5468 	 1 
195.6746 	 2 
195.6746 	 1 
195.6746 	 0 
195.7907 	 1 
195.7907 	 2 
195.8023 	 0 
195.9068 	 2 
196.0345 	 2 
196.0461 	 1 
196.1738 	 2 
196.2899 	 1 
196.2899 	 2 
196.3015 	 0 
196.4176 	 2 
196.4176 	 0 
196.4176 	 1 
196.5337 	 1 
196.5337 	 2 
196.5453 	 0 
196.6614 	 2 
196.6614 	 1 
196.6614 	 0 
196.9168 	 0 
196.9168 	 2 
196.9168 	 1 
197.0329 	 0 
197.0329 	 2 
197.0329 	 1 
197.1606 	 1 
197.1606 	 0 
197.1606 	 2 
197.2883 	 2 
197.2883 	 0 
197.2883 	 1 
197.5554 	 2 
197.6599 	 2 
197.6599 	 0 
197.6599 	 1 
197.7760 	 2 
197.7876 	 0 
197.7876 	 1 
197.9037 	 2 
198.0314 	 2 
198.0314 	 1 
198.1591 	 2 
198.1707 	 1 
198.2752 	 2 
198.2868 	 1 
198.2868 	 0 
198.4029 	 2 
198.4029 	 1 
198.4145 	 0 
198.5190 	 2 
198.5306 	 1 
198.5306 	 0 
198.6583 	 2 
198.6583 	 0 
198.6583 	 1 
198.9021 	 2 
198.9021 	 1 
198.9137 	 0 
199.0298 	 0 
199.0298 	 2 
199.0298 	 1 
199.1459 	 0 
199.1459 	 1 
199.1576 	 2 
199.2737 	 1 
199.2737 	 2 
199.2853 	 0 
199.5291 	 2 
199.6452 	 0 
199.6452 	 2 
199.9702 	 2 
200.0167 	 2 
200.3418 	 2 
200.3534 	 1 
201.0384 	 2 
201.2706 	 1 
201.2822 	 2 
201.6421 	 0 
201.6421 	 2 
201.6421 	 1 
201.7698 	 1 
201.7814 	 2 
202.0252 	 1 
202.0252 	 2 
202.3967 	 1 
202.3967 	 2 
202.5244 	 1 
202.5244 	 2 
202.7915 	 1 
202.8031 	 2 
203.0121 	 2 
203.2559 	 1 
203.2559 	 2 
203.2675 	 0 
203.6274 	 1 
203.6390 	 2 
203.6390 	 0 
204.0105 	 1 
204.0105 	 0 
204.0105 	 2 
204.3820 	 2 
204.3820 	 1 
204.3820 	 0 
204.9974 	 2 
205.2528 	 2 
205.2528 	 0 
205.2528 	 1 
205.6127 	 2 
205.6243 	 0 
205.6243 	 1 
205.9958 	 0 
205.9958 	 1 
206.0074 	 2 
206.3790 	 2 
206.3790 	 1 
206.7389 	 2 
207.0059 	 2 
207.2497 	 2 
207.2497 	 1 
207.2497 	 0 
207.6212 	 2 
207.6212 	 0 
207.6212 	 1 
207.9927 	 1 
208.0044 	 2 
208.3643 	 2 
208.3643 	 1 
209.2350 	 0 
209.2466 	 2 
209.2466 	 1 
209.6065 	 0 
209.6181 	 2 
209.6181 	 1 
209.7459 	 2 
209.9780 	 1 
209.9780 	 2 
209.9897 	 0 
210.1058 	 2 
210.3496 	 2 
210.5818 	 2 
210.9765 	 2 
210.9881 	 1 
211.2319 	 1 
211.2319 	 0 
211.2435 	 2 
211.6034 	 0 
211.6034 	 1 
211.6034 	 2 
211.7312 	 2 
211.9866 	 2 
211.9866 	 1 
212.3581 	 2 
212.3581 	 1 
212.9734 	 2 
213.2288 	 2 
213.2288 	 0 
213.2288 	 1 
213.5888 	 2 
213.6004 	 0 
213.6004 	 1 
213.7281 	 2 
213.9719 	 1 
213.9719 	 2 
214.3434 	 1 
214.3550 	 2 
214.9703 	 2 
215.2141 	 0 
215.2258 	 2 
215.2258 	 1 
221.2862 	 2 
