0.2670 	 0 
0.6153 	 1 
0.7430 	 0 
1.2190 	 0 
1.6951 	 0 
2.1827 	 0 
2.6587 	 0 
3.1231 	 0 
3.6107 	 0 
4.0751 	 0 
4.5511 	 0 
5.0271 	 0 
5.5031 	 0 
5.9791 	 0 
6.4668 	 0 
6.9312 	 0 
7.4188 	 0 
7.8832 	 0 
8.3592 	 0 
8.8352 	 0 
9.3112 	 0 
9.5434 	 2 
9.7872 	 0 
10.2632 	 0 
10.7392 	 0 
11.2268 	 0 
11.4474 	 2 
11.4590 	 0 
11.6912 	 0 
12.1789 	 0 
12.6433 	 0 
13.1309 	 0 
13.3515 	 2 
15.5109 	 0 
15.9753 	 0 
16.4629 	 0 
16.9273 	 0 
16.9390 	 1 
17.4034 	 0 
17.7981 	 1 
17.8794 	 0 
18.3670 	 0 
18.7269 	 1 
18.8430 	 0 
19.3190 	 0 
19.7021 	 1 
19.7834 	 0 
20.2710 	 0 
20.7470 	 0 
21.2230 	 0 
21.6874 	 0 
22.1751 	 0 
22.5466 	 1 
22.6511 	 0 
23.1271 	 0 
23.6031 	 0 
24.0791 	 0 
24.4506 	 1 
24.5435 	 0 
24.5551 	 1 
24.7873 	 0 
25.0311 	 0 
25.4026 	 1 
25.5071 	 0 
25.5071 	 1 
25.9831 	 0 
26.3546 	 1 
26.4591 	 0 
26.9351 	 0 
27.4112 	 0 
27.8872 	 0 
28.3632 	 1 
28.3632 	 0 
28.8392 	 0 
30.7316 	 2 
30.7432 	 0 
30.7432 	 1 
30.8593 	 1 
30.9638 	 2 
30.9754 	 1 
31.1031 	 1 
31.2076 	 2 
31.2192 	 0 
31.2192 	 1 
31.3353 	 2 
31.3353 	 1 
31.4514 	 2 
31.5791 	 2 
31.6952 	 0 
31.6952 	 2 
31.6952 	 1 
31.9274 	 2 
32.1596 	 2 
32.1712 	 0 
32.3918 	 0 
32.4034 	 1 
32.4034 	 2 
32.6473 	 0 
32.6473 	 2 
32.8795 	 2 
32.8795 	 1 
33.1117 	 2 
33.1233 	 0 
33.1233 	 1 
33.2510 	 2 
33.3555 	 2 
33.4832 	 2 
33.5993 	 0 
33.5993 	 2 
33.8199 	 2 
33.9708 	 1 
34.0637 	 2 
34.0753 	 0 
34.3075 	 0 
34.3075 	 1 
34.3075 	 2 
34.5397 	 2 
34.5513 	 0 
34.7719 	 2 
34.7835 	 1 
34.9112 	 1 
35.0157 	 2 
35.0273 	 1 
35.0273 	 0 
35.1550 	 2 
35.2595 	 2 
35.3872 	 2 
35.5033 	 2 
35.5033 	 0 
35.7355 	 2 
35.8864 	 1 
35.9677 	 2 
35.9793 	 1 
35.9793 	 0 
36.2115 	 2 
36.2231 	 1 
36.4553 	 1 
36.4553 	 0 
36.4553 	 2 
36.6875 	 2 
36.6991 	 1 
36.9197 	 2 
36.9313 	 0 
36.9313 	 1 
37.0474 	 2 
37.1635 	 2 
37.2912 	 2 
37.4073 	 0 
37.4073 	 2 
37.6395 	 1 
37.6395 	 2 
37.7673 	 1 
37.8253 	 2 
37.8834 	 2 
37.8834 	 0 
37.8950 	 1 
38.1156 	 1 
38.1156 	 2 
38.3594 	 2 
38.3594 	 0 
38.4755 	 1 
38.5916 	 2 
38.6148 	 1 
38.8238 	 2 
38.8354 	 0 
38.8354 	 1 
38.9515 	 2 
39.0676 	 2 
39.1953 	 2 
39.3114 	 2 
39.3114 	 0 
39.3114 	 1 
39.5436 	 1 
39.5436 	 2 
39.7758 	 2 
39.7874 	 1 
39.7874 	 0 
40.0196 	 2 
40.0312 	 1 
40.2634 	 2 
40.2634 	 0 
40.3911 	 1 
40.4956 	 2 
40.5188 	 1 
40.7278 	 2 
40.7394 	 1 
40.7394 	 0 
40.8555 	 2 
40.9832 	 2 
41.0993 	 2 
41.2154 	 2 
41.2154 	 0 
41.4476 	 2 
41.5869 	 1 
41.6914 	 2 
41.6914 	 0 
41.9236 	 2 
41.9236 	 1 
41.9352 	 0 
42.1674 	 1 
42.1674 	 0 
42.1674 	 2 
42.3996 	 2 
42.4112 	 1 
42.6434 	 1 
42.6434 	 0 
42.6434 	 2 
42.7712 	 2 
42.8873 	 2 
43.0034 	 2 
43.1195 	 1 
43.1195 	 2 
43.1195 	 0 
43.3517 	 2 
43.3517 	 1 
43.4794 	 1 
43.5955 	 0 
43.5955 	 2 
43.5955 	 1 
43.8277 	 2 
43.8393 	 1 
44.0715 	 0 
44.0715 	 2 
44.0715 	 1 
44.1876 	 1 
44.3037 	 2 
44.5359 	 2 
44.5475 	 1 
44.5475 	 0 
44.6752 	 2 
44.7913 	 2 
44.9074 	 2 
45.0235 	 0 
45.0235 	 2 
45.2441 	 1 
45.2557 	 2 
45.3834 	 1 
45.4879 	 2 
45.4995 	 0 
45.7317 	 0 
45.7317 	 2 
45.9639 	 1 
45.9755 	 0 
45.9755 	 2 
46.1032 	 1 
46.4515 	 2 
46.4515 	 0 
46.4631 	 1 
46.9275 	 2 
46.9275 	 0 
47.4035 	 0 
47.4035 	 2 
47.6357 	 2 
47.6357 	 0 
47.6473 	 1 
47.8795 	 2 
47.8795 	 0 
48.3439 	 2 
48.3556 	 0 
48.3556 	 1 
48.8316 	 0 
48.8316 	 2 
49.3076 	 0 
49.3076 	 2 
49.5398 	 1 
49.5398 	 2 
49.7836 	 0 
49.7836 	 2 
50.2480 	 2 
50.2596 	 0 
50.2596 	 1 
50.7356 	 0 
50.7472 	 2 
51.2116 	 0 
51.2116 	 2 
51.4438 	 2 
51.6876 	 2 
51.6992 	 0 
52.1520 	 2 
52.1636 	 0 
52.1636 	 1 
52.6396 	 2 
52.6396 	 0 
53.0344 	 1 
53.0576 	 2 
53.1156 	 2 
53.1273 	 0 
53.3478 	 0 
53.3478 	 2 
53.3478 	 1 
53.5917 	 1 
53.6033 	 2 
53.9632 	 1 
54.0561 	 2 
54.0677 	 1 
54.5553 	 2 
54.5553 	 1 
55.0197 	 1 
55.0197 	 2 
55.2519 	 1 
55.2635 	 2 
55.4957 	 1 
55.5073 	 2 
55.9601 	 2 
55.9717 	 1 
56.4477 	 1 
56.4593 	 2 
56.9237 	 2 
57.1559 	 0 
57.1559 	 1 
57.1675 	 2 
57.7945 	 1 
58.8278 	 1 
60.4764 	 2 
61.2078 	 2 
61.2194 	 0 
61.3355 	 2 
61.4400 	 2 
61.6722 	 2 
61.6838 	 1 
61.6954 	 0 
61.8115 	 2 
61.9160 	 2 
62.0553 	 2 
62.1714 	 0 
62.1714 	 2 
62.4036 	 2 
62.6358 	 2 
62.6358 	 1 
62.6474 	 0 
62.8796 	 2 
63.1234 	 0 
63.1234 	 2 
63.3556 	 2 
63.5878 	 1 
63.5878 	 2 
63.5995 	 0 
63.7156 	 2 
63.8317 	 2 
63.9594 	 1 
63.9594 	 2 
64.0755 	 0 
64.0755 	 2 
64.2961 	 2 
64.4238 	 1 
64.5515 	 0 
64.5515 	 1 
64.5515 	 2 
64.7837 	 2 
65.0275 	 0 
65.0275 	 2 
65.2597 	 2 
65.4919 	 1 
65.4919 	 2 
65.5035 	 0 
65.6196 	 2 
65.7357 	 2 
65.8634 	 2 
65.9795 	 2 
65.9795 	 0 
66.2117 	 2 
66.4555 	 2 
66.4555 	 0 
66.4555 	 1 
66.6877 	 2 
66.8154 	 2 
66.9315 	 0 
66.9315 	 2 
67.1637 	 2 
67.3959 	 1 
67.3959 	 2 
67.4075 	 0 
67.5352 	 2 
67.6397 	 2 
67.7674 	 2 
67.8835 	 2 
67.8835 	 0 
68.1157 	 2 
68.2318 	 1 
68.3015 	 2 
68.3595 	 1 
68.3595 	 0 
68.5917 	 1 
68.5917 	 2 
68.8356 	 2 
68.8356 	 0 
69.0678 	 2 
69.3000 	 2 
69.3000 	 1 
69.3116 	 0 
69.4277 	 2 
69.5554 	 2 
69.6715 	 1 
69.6715 	 2 
69.7760 	 2 
69.7876 	 0 
70.0198 	 2 
70.2520 	 2 
70.2636 	 0 
70.2636 	 1 
70.5074 	 2 
70.6235 	 2 
70.7396 	 2 
70.7396 	 0 
70.9718 	 2 
71.2040 	 2 
71.2156 	 1 
71.2156 	 0 
71.3433 	 2 
71.4478 	 1 
71.4594 	 2 
71.5755 	 1 
71.5755 	 2 
71.6916 	 2 
71.6916 	 0 
71.8077 	 2 
71.9238 	 2 
72.1676 	 1 
72.1676 	 0 
72.3998 	 1 
72.4114 	 2 
72.5159 	 1 
72.5391 	 2 
72.6436 	 2 
72.6436 	 0 
72.7597 	 2 
72.8758 	 2 
73.1080 	 2 
73.1196 	 0 
73.1196 	 1 
73.2357 	 2 
73.3634 	 2 
73.4795 	 2 
73.5956 	 0 
73.5956 	 2 
73.7117 	 2 
73.8395 	 2 
73.9672 	 2 
74.0717 	 0 
74.0717 	 2 
74.0717 	 1 
74.3155 	 2 
74.4316 	 2 
74.5477 	 0 
74.5477 	 2 
74.7799 	 1 
74.7799 	 2 
75.0121 	 2 
75.0237 	 0 
75.0237 	 1 
75.1398 	 2 
75.2675 	 2 
75.3836 	 2 
75.4997 	 2 
75.4997 	 0 
75.6042 	 2 
75.6158 	 1 
75.7319 	 2 
75.9641 	 2 
75.9757 	 0 
75.9757 	 1 
76.2079 	 2 
76.4517 	 2 
76.4517 	 0 
76.6839 	 2 
76.9277 	 1 
76.9277 	 2 
76.9277 	 0 
77.0554 	 2 
77.1715 	 2 
77.2876 	 2 
77.4037 	 2 
77.4037 	 0 
77.5198 	 2 
77.6359 	 2 
77.8797 	 0 
77.8797 	 2 
77.8797 	 1 
77.9958 	 2 
78.1119 	 2 
78.3557 	 2 
78.3557 	 0 
78.5879 	 2 
78.8317 	 2 
78.8317 	 0 
78.8317 	 1 
78.9595 	 2 
79.0756 	 2 
79.1917 	 1 
79.1917 	 2 
79.3078 	 0 
79.3078 	 2 
79.5400 	 2 
79.7722 	 2 
79.7838 	 1 
79.7838 	 0 
79.8999 	 2 
80.0276 	 1 
80.0276 	 2 
80.1553 	 2 
80.2598 	 2 
80.2598 	 0 
80.4920 	 2 
80.7358 	 0 
80.7358 	 2 
80.7358 	 1 
80.8635 	 2 
80.9796 	 2 
81.1073 	 2 
81.2118 	 2 
81.2118 	 0 
81.4440 	 2 
81.6762 	 2 
81.6878 	 0 
81.6878 	 1 
81.9316 	 2 
82.1638 	 2 
82.1754 	 0 
82.4076 	 2 
82.6282 	 2 
82.6398 	 1 
82.6398 	 0 
82.7675 	 2 
82.8836 	 2 
83.0113 	 2 
83.1158 	 2 
83.1274 	 0 
83.2319 	 2 
83.3480 	 2 
83.5338 	 2 
83.5918 	 1 
83.5918 	 0 
83.8240 	 2 
84.0678 	 2 
84.0795 	 0 
84.3117 	 2 
84.5322 	 2 
84.5439 	 0 
84.5439 	 1 
84.6716 	 2 
84.7877 	 2 
84.9154 	 2 
85.0315 	 2 
85.0315 	 0 
85.2637 	 2 
85.4959 	 2 
85.4959 	 1 
85.5075 	 0 
85.7281 	 0 
85.7397 	 2 
85.7397 	 1 
85.8674 	 2 
85.9719 	 2 
85.9835 	 0 
86.2157 	 2 
86.4479 	 1 
86.4479 	 2 
86.4595 	 0 
86.5756 	 2 
86.6917 	 2 
86.8194 	 2 
86.9355 	 0 
86.9355 	 2 
87.1561 	 2 
87.3999 	 1 
87.3999 	 0 
87.6321 	 1 
87.6437 	 2 
87.8759 	 2 
87.8875 	 0 
88.1081 	 2 
88.3519 	 0 
88.3519 	 1 
88.3519 	 2 
88.4680 	 2 
88.5957 	 2 
88.7234 	 2 
88.8395 	 2 
88.8395 	 0 
89.0601 	 2 
89.3039 	 2 
89.3039 	 1 
89.3156 	 0 
89.5478 	 2 
89.6755 	 2 
89.7800 	 1 
89.7916 	 2 
90.2560 	 2 
90.2676 	 1 
90.3721 	 1 
90.7320 	 2 
91.2080 	 2 
91.4518 	 2 
91.6840 	 2 
91.6956 	 0 
91.9278 	 2 
92.1716 	 0 
92.2993 	 2 
92.4154 	 2 
92.5315 	 2 
92.6476 	 2 
92.6476 	 0 
92.8682 	 2 
93.0075 	 0 
93.3558 	 2 
93.4835 	 2 
93.5996 	 2 
93.5996 	 0 
93.8318 	 2 
94.0756 	 0 
94.2034 	 2 
94.3195 	 2 
94.4356 	 2 
94.5400 	 2 
94.5517 	 0 
94.7839 	 2 
94.9116 	 0 
95.2715 	 0 
95.2715 	 2 
95.2715 	 1 
95.3876 	 2 
95.5037 	 0 
95.5037 	 2 
95.7359 	 2 
95.9797 	 0 
96.1074 	 2 
96.2235 	 2 
96.3396 	 2 
96.4557 	 0 
96.4557 	 2 
96.6879 	 2 
96.9317 	 0 
97.1639 	 2 
97.2916 	 2 
97.4077 	 0 
97.4077 	 2 
97.6399 	 2 
97.8837 	 0 
98.0114 	 2 
98.1275 	 2 
98.2436 	 2 
98.3597 	 0 
98.3597 	 2 
98.5919 	 2 
98.8241 	 1 
98.8241 	 2 
98.8357 	 0 
99.0795 	 0 
99.0795 	 2 
99.1956 	 2 
99.3117 	 0 
99.3117 	 2 
99.5439 	 2 
99.7878 	 2 
99.7878 	 0 
99.7878 	 1 
99.9039 	 2 
100.0316 	 2 
100.1593 	 2 
100.2638 	 2 
100.2638 	 0 
100.4960 	 2 
100.7282 	 2 
100.7398 	 1 
100.7398 	 0 
100.8443 	 2 
100.9720 	 2 
101.0997 	 2 
101.2158 	 2 
101.2274 	 0 
101.4480 	 2 
101.6918 	 1 
101.6918 	 2 
101.6918 	 0 
101.8079 	 2 
101.9356 	 2 
102.0633 	 2 
102.1678 	 0 
102.1678 	 2 
102.4000 	 2 
102.6322 	 2 
102.6438 	 1 
102.6438 	 0 
102.7599 	 2 
102.8876 	 2 
102.8876 	 0 
103.0153 	 2 
103.1198 	 0 
103.1314 	 2 
103.3520 	 2 
103.5958 	 1 
103.5958 	 0 
103.5958 	 2 
103.7119 	 2 
103.8396 	 2 
103.9673 	 2 
104.0718 	 2 
104.0834 	 0 
104.3040 	 2 
104.5362 	 2 
104.5478 	 1 
104.5478 	 0 
104.6639 	 2 
104.7917 	 2 
104.9194 	 2 
105.0355 	 2 
105.0355 	 0 
105.2561 	 2 
105.2561 	 1 
105.4999 	 0 
105.4999 	 1 
105.4999 	 2 
105.6276 	 2 
105.7437 	 2 
105.8714 	 2 
105.9759 	 2 
105.9875 	 0 
106.2081 	 2 
106.4403 	 1 
106.4403 	 2 
106.4519 	 0 
106.5680 	 2 
106.6957 	 0 
106.6957 	 1 
106.6957 	 2 
106.8234 	 2 
106.9395 	 2 
106.9395 	 0 
107.1601 	 2 
107.4039 	 1 
107.4039 	 0 
107.4039 	 2 
107.5316 	 2 
107.6477 	 2 
107.7754 	 2 
107.8915 	 0 
107.8915 	 2 
108.1121 	 2 
108.2514 	 0 
108.3443 	 2 
108.3559 	 1 
108.4720 	 2 
108.5997 	 2 
108.5997 	 0 
108.7274 	 2 
108.8319 	 2 
108.8435 	 0 
109.0757 	 2 
109.3079 	 2 
109.3079 	 0 
109.3079 	 1 
109.4356 	 2 
109.5517 	 2 
109.6795 	 2 
109.7956 	 0 
109.7956 	 2 
110.0278 	 2 
110.1555 	 0 
110.2600 	 2 
110.2600 	 1 
110.3877 	 0 
110.3877 	 2 
110.5038 	 0 
110.5038 	 2 
110.6315 	 2 
110.7476 	 0 
110.7476 	 2 
110.9682 	 2 
111.2120 	 0 
111.2120 	 2 
111.2236 	 1 
111.3397 	 2 
111.4442 	 2 
111.5835 	 2 
111.6996 	 0 
111.6996 	 2 
111.9318 	 2 
112.1640 	 1 
112.1640 	 2 
112.1756 	 0 
112.2801 	 2 
112.4078 	 2 
112.5355 	 2 
112.6516 	 0 
112.6516 	 2 
112.8838 	 2 
113.1276 	 0 
113.2437 	 2 
113.3598 	 2 
113.4875 	 2 
113.6036 	 2 
113.6036 	 0 
113.8242 	 2 
114.0912 	 0 
114.3118 	 2 
114.3234 	 0 
114.4395 	 2 
114.5556 	 2 
114.5556 	 0 
114.7878 	 2 
114.9156 	 2 
115.0317 	 0 
115.1594 	 2 
115.2639 	 2 
115.3916 	 2 
115.5077 	 0 
115.5077 	 2 
115.7399 	 1 
115.7399 	 2 
115.9837 	 0 
116.2159 	 0 
116.2159 	 2 
116.3436 	 2 
116.4597 	 0 
116.4597 	 2 
116.6919 	 2 
116.6919 	 1 
116.9357 	 0 
117.0634 	 2 
117.1679 	 2 
117.1795 	 1 
117.2956 	 2 
117.4117 	 0 
117.4117 	 2 
117.6439 	 2 
117.8877 	 0 
118.1199 	 2 
118.2476 	 2 
118.3637 	 2 
118.3637 	 0 
118.5959 	 2 
118.8397 	 0 
118.9674 	 2 
119.0719 	 2 
119.1996 	 2 
119.3157 	 2 
119.3157 	 0 
119.5479 	 1 
119.5479 	 2 
119.7917 	 0 
120.0239 	 1 
120.0239 	 2 
120.0356 	 0 
120.1517 	 2 
120.2678 	 0 
120.2794 	 2 
120.5000 	 2 
120.5116 	 1 
120.7438 	 0 
120.8599 	 1 
120.9760 	 2 
121.1153 	 2 
121.2198 	 0 
121.2198 	 1 
121.4636 	 2 
121.5913 	 1 
122.1602 	 1 
127.2918 	 1 
127.7214 	 1 
130.4845 	 1 
137.4041 	 0 
137.8801 	 1 
137.8917 	 0 
138.3561 	 0 
138.7160 	 1 
138.8437 	 0 
138.8437 	 1 
139.3197 	 1 
139.3313 	 0 
139.7841 	 1 
139.7957 	 0 
140.2601 	 0 
140.6317 	 1 
140.7478 	 0 
141.2238 	 0 
141.6882 	 1 
141.6998 	 0 
142.1758 	 0 
142.6518 	 0 
143.1278 	 0 
143.5922 	 1 
143.6038 	 0 
144.0798 	 0 
144.4397 	 1 
144.5558 	 1 
144.5558 	 0 
145.0318 	 0 
145.4962 	 1 
145.5078 	 0 
145.9839 	 0 
146.3322 	 1 
146.4599 	 0 
146.9359 	 0 
147.4119 	 0 
147.8879 	 0 
148.3639 	 0 
148.8399 	 0 
149.3159 	 0 
149.7919 	 0 
150.2679 	 0 
150.2679 	 1 
150.4769 	 1 
150.7439 	 0 
151.2200 	 0 
151.6960 	 0 
152.0559 	 1 
152.1720 	 0 
152.6480 	 0 
153.0311 	 2 
153.1240 	 0 
153.6000 	 0 
153.9599 	 1 
154.0760 	 0 
154.5520 	 0 
154.9351 	 2 
155.0280 	 0 
155.5040 	 0 
155.8756 	 1 
155.9800 	 0 
156.4561 	 0 
156.8392 	 2 
156.9321 	 0 
157.4081 	 0 
157.8841 	 0 
158.3601 	 0 
158.7548 	 2 
158.8361 	 0 
159.3121 	 0 
159.6720 	 1 
159.7881 	 0 
160.2641 	 0 
160.6589 	 2 
160.7401 	 0 
161.2161 	 0 
161.6922 	 1 
161.6922 	 0 
162.1682 	 0 
162.6442 	 0 
163.1202 	 0 
163.4917 	 1 
163.6078 	 0 
165.9878 	 0 
166.4522 	 0 
166.9283 	 0 
167.2882 	 0 
167.6481 	 0 
167.8919 	 0 
168.3679 	 0 
168.8323 	 0 
169.3199 	 0 
169.7959 	 0 
170.2719 	 0 
170.7479 	 0 
171.2239 	 0 
171.7000 	 0 
172.1876 	 0 
172.6520 	 0 
173.1280 	 0 
173.6040 	 0 
174.0684 	 2 
174.0800 	 0 
174.5444 	 2 
174.5560 	 0 
175.0204 	 2 
175.0320 	 0 
175.4964 	 2 
175.5080 	 0 
175.9840 	 2 
175.9840 	 0 
176.4600 	 2 
176.4600 	 0 
176.5761 	 2 
176.7039 	 2 
176.9361 	 0 
177.4121 	 2 
177.4121 	 0 
177.8881 	 0 
177.8881 	 2 
178.3641 	 2 
178.3641 	 0 
178.4802 	 2 
178.5963 	 2 
178.7124 	 2 
178.8401 	 0 
178.8401 	 2 
178.9562 	 2 
179.0723 	 2 
179.3045 	 2 
179.3161 	 0 
179.7805 	 2 
179.7921 	 0 
180.0243 	 2 
180.1404 	 1 
180.1520 	 2 
180.2565 	 2 
180.2681 	 0 
180.3842 	 2 
180.5003 	 2 
180.6164 	 2 
180.7441 	 0 
180.7557 	 2 
180.8486 	 2 
180.9763 	 2 
181.1040 	 2 
181.2201 	 2 
181.2201 	 0 
181.3246 	 1 
181.4523 	 2 
181.4639 	 1 
181.5684 	 1 
181.5800 	 2 
181.6961 	 0 
181.7078 	 2 
181.8122 	 1 
181.9283 	 2 
181.9400 	 1 
182.0561 	 1 
182.0561 	 2 
182.1722 	 2 
182.1722 	 0 
182.2883 	 1 
182.4044 	 1 
182.4160 	 2 
182.5321 	 2 
182.6598 	 2 
182.6598 	 0 
182.8920 	 0 
182.9965 	 2 
183.1242 	 1 
183.1242 	 2 
183.2403 	 1 
183.2519 	 2 
183.3564 	 1 
183.4841 	 1 
183.4841 	 2 
183.6002 	 1 
183.7163 	 1 
183.8440 	 1 
183.9485 	 2 
183.9601 	 1 
184.0762 	 1 
184.0878 	 2 
184.2039 	 1 
184.3200 	 1 
185.0282 	 1 
185.1443 	 1 
185.2720 	 1 
185.3881 	 1 
185.5042 	 1 
185.6203 	 1 
185.7480 	 1 
185.8641 	 1 
185.9802 	 1 
186.1079 	 1 
186.3517 	 2 
186.8161 	 1 
186.9322 	 1 
187.0483 	 1 
187.1761 	 1 
187.2922 	 1 
187.4083 	 1 
187.5244 	 1 
187.6521 	 1 
187.7682 	 1 
187.8843 	 1 
188.0004 	 1 
188.0004 	 2 
188.1281 	 1 
188.1281 	 2 
188.1281 	 0 
188.2442 	 1 
188.3603 	 1 
188.4764 	 1 
188.5925 	 1 
188.6041 	 0 
188.7202 	 1 
188.8363 	 2 
188.8363 	 1 
188.9640 	 1 
189.0801 	 1 
189.1962 	 2 
189.1962 	 1 
189.3123 	 1 
189.4284 	 1 
189.5561 	 1 
189.5561 	 2 
189.6722 	 1 
189.7883 	 1 
189.9160 	 1 
190.0205 	 1 
190.0321 	 2 
190.2759 	 1 
190.3920 	 1 
190.6242 	 1 
190.7403 	 1 
190.8680 	 1 
190.9841 	 1 
191.1002 	 1 
191.2279 	 1 
191.3440 	 0 
191.3440 	 1 
191.4601 	 1 
191.5878 	 1 
191.7039 	 1 
191.8200 	 1 
191.9245 	 1 
193.0159 	 1 
193.1320 	 1 
193.3642 	 1 
193.4803 	 1 
193.7241 	 1 
194.6180 	 1 
194.8038 	 1 
194.9199 	 1 
195.0244 	 1 
195.1637 	 1 
195.2798 	 2 
195.3959 	 1 
195.5120 	 1 
195.6281 	 1 
195.7442 	 1 
196.1041 	 0 
196.3247 	 2 
196.5801 	 1 
196.9400 	 1 
197.1839 	 1 
197.5205 	 2 
197.5438 	 1 
197.6483 	 1 
197.6483 	 2 
197.8921 	 1 
