0.3947 	 2 
0.6850 	 1 
1.6370 	 2 
1.6370 	 0 
1.6486 	 1 
2.8561 	 0 
2.8561 	 2 
2.8677 	 1 
3.6571 	 0 
5.3638 	 0 
5.3754 	 2 
5.3870 	 1 
5.5844 	 0 
5.9095 	 0 
6.6409 	 0 
6.6409 	 2 
7.8948 	 0 
7.9064 	 2 
9.1254 	 2 
9.1254 	 0 
9.7756 	 2 
9.7872 	 1 
10.0426 	 2 
10.9366 	 2 
11.0411 	 2 
11.1572 	 2 
11.2268 	 2 
11.3429 	 2 
11.4474 	 0 
11.4590 	 2 
11.5519 	 0 
11.5635 	 2 
11.6216 	 2 
11.6564 	 2 
11.7377 	 2 
11.8654 	 2 
11.9699 	 2 
12.0744 	 2 
12.1905 	 2 
12.1905 	 0 
12.2950 	 2 
12.3646 	 2 
12.4807 	 2 
12.5852 	 2 
12.6084 	 2 
12.6781 	 2 
12.7013 	 2 
12.7826 	 2 
12.9103 	 2 
13.0148 	 2 
13.1193 	 2 
13.2354 	 2 
13.4327 	 0 
13.4444 	 2 
13.6185 	 2 
13.7346 	 2 
13.8507 	 2 
13.9668 	 2 
14.0481 	 2 
14.1642 	 2 
14.2571 	 2 
14.3615 	 0 
14.3732 	 2 
14.4776 	 2 
14.5821 	 2 
14.6866 	 0 
14.6982 	 2 
14.7911 	 2 
14.8608 	 2 
14.8956 	 0 
14.9653 	 2 
14.9885 	 2 
15.0814 	 2 
15.1859 	 2 
15.2903 	 2 
15.4180 	 2 
15.5109 	 0 
15.5225 	 2 
15.6154 	 2 
15.7199 	 2 
15.8244 	 2 
15.9173 	 2 
16.0218 	 2 
16.1263 	 2 
16.2424 	 2 
16.3468 	 0 
16.3585 	 2 
16.4513 	 2 
16.5558 	 2 
16.6603 	 2 
16.7532 	 2 
16.8461 	 2 
16.8693 	 2 
16.9622 	 2 
17.0783 	 2 
17.1828 	 2 
17.2756 	 2 
17.2989 	 2 
17.3917 	 2 
17.4962 	 2 
17.9142 	 0 
17.9142 	 2 
18.0071 	 2 
18.1232 	 2 
18.2277 	 2 
18.3322 	 0 
18.3438 	 2 
18.4134 	 2 
18.5295 	 2 
18.6340 	 2 
18.7501 	 2 
18.8430 	 0 
18.8546 	 2 
18.9475 	 2 
19.0636 	 2 
19.0636 	 0 
19.1681 	 2 
19.2726 	 2 
19.3771 	 2 
19.4815 	 2 
19.7834 	 0 
20.2014 	 2 
20.3059 	 2 
20.3871 	 1 
20.3871 	 0 
20.4103 	 2 
20.5148 	 2 
20.5961 	 2 
20.7122 	 2 
20.7122 	 1 
20.8283 	 2 
20.9328 	 2 
20.9328 	 0 
21.0141 	 1 
21.0373 	 2 
21.1302 	 2 
21.1302 	 0 
21.2346 	 2 
21.3391 	 0 
21.3507 	 2 
21.4320 	 1 
21.4552 	 0 
21.4552 	 2 
21.5597 	 2 
21.6526 	 1 
21.6526 	 0 
21.6642 	 2 
21.7687 	 2 
21.8616 	 2 
21.8616 	 1 
21.9661 	 2 
22.0706 	 2 
22.0706 	 0 
22.1751 	 2 
22.2795 	 2 
22.3956 	 2 
22.5001 	 2 
22.6046 	 2 
22.9065 	 2 
23.0226 	 2 
23.1155 	 2 
23.2083 	 2 
23.2896 	 2 
23.5334 	 2 
23.7540 	 2 
23.8469 	 2 
23.9282 	 2 
24.1488 	 2 
24.2649 	 2 
24.3810 	 2 
24.4622 	 1 
24.4854 	 2 
24.5667 	 2 
24.6712 	 1 
24.6828 	 0 
24.6828 	 2 
24.7757 	 1 
24.7873 	 2 
24.8802 	 2 
24.9963 	 2 
25.1008 	 2 
25.2169 	 2 
25.2981 	 2 
25.4026 	 0 
25.4026 	 2 
25.5071 	 2 
25.6116 	 2 
25.7045 	 1 
25.7277 	 2 
25.8090 	 1 
25.8206 	 0 
25.8322 	 2 
25.9135 	 2 
26.0296 	 0 
26.0296 	 1 
26.0296 	 2 
26.1341 	 0 
26.1341 	 2 
26.2385 	 2 
26.2385 	 1 
26.2502 	 0 
26.3314 	 2 
26.3314 	 1 
26.3430 	 0 
26.4359 	 2 
26.4359 	 1 
26.4591 	 0 
26.5520 	 1 
26.5636 	 2 
26.5752 	 0 
26.6449 	 1 
26.6449 	 0 
26.6565 	 2 
26.7494 	 2 
26.8771 	 2 
26.9700 	 2 
26.9700 	 1 
26.9816 	 0 
27.0861 	 2 
27.1906 	 2 
27.2718 	 1 
27.2834 	 2 
27.2834 	 0 
27.3879 	 2 
27.4924 	 2 
27.4924 	 1 
27.4924 	 0 
27.5853 	 1 
27.5853 	 2 
27.5969 	 0 
27.7014 	 2 
27.8059 	 2 
27.8988 	 0 
27.8988 	 1 
27.9104 	 2 
28.0149 	 2 
28.1078 	 2 
28.1078 	 1 
28.1078 	 0 
28.2006 	 1 
28.2122 	 2 
28.2239 	 0 
28.3167 	 1 
28.3167 	 2 
28.3167 	 0 
28.4328 	 2 
28.4328 	 0 
28.5257 	 0 
28.5257 	 1 
28.5373 	 2 
28.6302 	 2 
28.6302 	 0 
28.7347 	 1 
28.7347 	 2 
28.7463 	 0 
28.8276 	 1 
28.8392 	 2 
28.8508 	 0 
28.9321 	 2 
28.9437 	 1 
28.9437 	 0 
29.0366 	 2 
29.0598 	 0 
29.1527 	 2 
29.1527 	 0 
29.1527 	 1 
29.2571 	 2 
29.3616 	 0 
29.3616 	 2 
29.3616 	 1 
29.4545 	 2 
29.5706 	 2 
29.6867 	 2 
29.7796 	 2 
29.7796 	 1 
29.7796 	 0 
29.8841 	 2 
29.9886 	 2 
29.9886 	 0 
30.0931 	 1 
30.0931 	 0 
30.0931 	 2 
30.1976 	 0 
30.2092 	 2 
30.3020 	 1 
30.3020 	 2 
30.3137 	 0 
30.4065 	 2 
30.4065 	 0 
30.5226 	 2 
30.6271 	 0 
30.6271 	 2 
30.6271 	 1 
30.8245 	 1 
30.8245 	 0 
30.8361 	 2 
30.9290 	 2 
31.0335 	 2 
31.0335 	 1 
31.0335 	 0 
31.1380 	 2 
31.2541 	 0 
31.2541 	 1 
31.2541 	 2 
31.2889 	 2 
31.3005 	 0 
31.4398 	 2 
31.5559 	 0 
31.6488 	 0 
31.6604 	 1 
31.6604 	 2 
31.7533 	 0 
31.7649 	 2 
31.8694 	 1 
31.9623 	 2 
31.9623 	 0 
31.9623 	 1 
32.0668 	 2 
32.1829 	 2 
32.2873 	 2 
32.3802 	 2 
32.4963 	 2 
32.5892 	 2 
32.8446 	 0 
32.8446 	 2 
32.8562 	 1 
33.0072 	 2 
33.0188 	 1 
33.1233 	 2 
33.1697 	 0 
33.3206 	 2 
33.3322 	 0 
33.4367 	 2 
33.5064 	 2 
33.5180 	 0 
33.5296 	 2 
33.6341 	 1 
33.6457 	 2 
33.7502 	 1 
33.7502 	 2 
33.7502 	 0 
33.7966 	 2 
33.9592 	 2 
34.0405 	 2 
34.0521 	 0 
34.0521 	 1 
34.1566 	 2 
34.1566 	 1 
34.1682 	 0 
34.2494 	 2 
34.2610 	 0 
34.2610 	 1 
34.3539 	 2 
34.4584 	 2 
34.4700 	 0 
34.4700 	 1 
34.5745 	 2 
34.6790 	 2 
34.7835 	 2 
34.7951 	 0 
34.8764 	 0 
34.8880 	 2 
34.9925 	 2 
35.0970 	 0 
35.0970 	 1 
35.0970 	 2 
35.3408 	 2 
35.3524 	 1 
35.3524 	 0 
35.4917 	 1 
35.5149 	 2 
35.6194 	 1 
35.6310 	 2 
35.6775 	 1 
35.6775 	 2 
35.6775 	 0 
35.8284 	 2 
35.8284 	 0 
35.9213 	 0 
35.9329 	 1 
35.9329 	 2 
36.0258 	 1 
36.0258 	 0 
36.0374 	 2 
36.1302 	 2 
36.2463 	 1 
36.2463 	 2 
36.2580 	 0 
36.3044 	 1 
36.3044 	 2 
36.3044 	 0 
36.4553 	 2 
36.5482 	 2 
36.5598 	 0 
36.6527 	 2 
36.7572 	 2 
36.7572 	 0 
36.8733 	 2 
36.8849 	 0 
36.8849 	 1 
36.9546 	 0 
36.9662 	 2 
37.0823 	 2 
37.1868 	 2 
37.2796 	 2 
37.3841 	 2 
37.5002 	 2 
37.5815 	 2 
37.5931 	 1 
37.6976 	 2 
37.8021 	 2 
37.8601 	 2 
37.8601 	 1 
37.8601 	 0 
38.0111 	 2 
38.0691 	 2 
38.1272 	 0 
38.1272 	 1 
38.1388 	 2 
38.1852 	 2 
38.3129 	 2 
38.3245 	 1 
38.4174 	 2 
38.4406 	 1 
38.4406 	 0 
38.5335 	 2 
38.6496 	 2 
38.7425 	 0 
38.7425 	 1 
38.7541 	 2 
38.8122 	 2 
38.8122 	 0 
38.8122 	 1 
39.0560 	 0 
39.0560 	 2 
39.0676 	 1 
39.1488 	 2 
39.2649 	 0 
39.2649 	 2 
39.3694 	 1 
39.3694 	 2 
39.4623 	 0 
39.4623 	 2 
39.5784 	 2 
39.6713 	 0 
39.6713 	 1 
39.6829 	 2 
39.7874 	 2 
39.8803 	 2 
39.9964 	 2 
40.0893 	 2 
40.1009 	 1 
40.2170 	 2 
40.2170 	 0 
40.3563 	 2 
40.3563 	 0 
40.3563 	 1 
40.5072 	 2 
40.6233 	 1 
40.6349 	 2 
40.6814 	 0 
40.6814 	 2 
40.8207 	 1 
40.8207 	 2 
40.8207 	 0 
40.9368 	 0 
40.9368 	 2 
40.9368 	 1 
40.9832 	 2 
41.0413 	 1 
41.0413 	 0 
41.0413 	 2 
41.1341 	 2 
41.1922 	 2 
41.2502 	 2 
41.2502 	 0 
41.2502 	 1 
41.3083 	 2 
41.3083 	 1 
41.3083 	 0 
41.4476 	 2 
41.5521 	 2 
41.5637 	 1 
41.6682 	 2 
41.6682 	 1 
41.7379 	 2 
41.7611 	 2 
41.8656 	 1 
41.9585 	 2 
42.0746 	 0 
42.0746 	 2 
42.1790 	 2 
42.2835 	 0 
42.2835 	 2 
42.3648 	 2 
42.4925 	 2 
42.5854 	 2 
42.5970 	 0 
42.5970 	 1 
42.7015 	 2 
42.8060 	 2 
42.8524 	 1 
42.8524 	 2 
42.8524 	 0 
42.9917 	 1 
43.0034 	 2 
43.0614 	 2 
43.0730 	 1 
43.1195 	 1 
43.1195 	 2 
43.1891 	 1 
43.1891 	 0 
43.1891 	 2 
43.3284 	 2 
43.4329 	 1 
43.4329 	 2 
43.5258 	 1 
43.5374 	 0 
43.5374 	 2 
43.6303 	 1 
43.6419 	 2 
43.6535 	 0 
43.6883 	 2 
43.7464 	 1 
43.7464 	 0 
43.7464 	 2 
43.8044 	 1 
43.8044 	 0 
43.8044 	 2 
44.0483 	 0 
44.0599 	 1 
44.0599 	 2 
44.1760 	 2 
44.2572 	 1 
44.2572 	 2 
44.3733 	 2 
44.4662 	 1 
44.4662 	 2 
44.4662 	 0 
44.5939 	 2 
44.6984 	 2 
45.0932 	 1 
45.0932 	 2 
45.0932 	 0 
45.2209 	 2 
45.3602 	 2 
45.3602 	 0 
45.3602 	 1 
45.4995 	 0 
45.5111 	 2 
45.6272 	 2 
45.6272 	 0 
45.6853 	 2 
45.6853 	 0 
45.8130 	 2 
45.9291 	 2 
45.9407 	 1 
45.9987 	 2 
46.0336 	 2 
46.0336 	 0 
46.1264 	 1 
46.1380 	 2 
46.2425 	 1 
46.2541 	 0 
46.2541 	 2 
46.3006 	 0 
46.3122 	 2 
46.3819 	 2 
46.5444 	 0 
46.5560 	 1 
46.5560 	 2 
46.6605 	 1 
46.6605 	 2 
46.7534 	 0 
46.7650 	 2 
46.7650 	 1 
46.9624 	 2 
46.9624 	 1 
46.9740 	 0 
47.0901 	 0 
47.1597 	 2 
47.2642 	 2 
47.3803 	 2 
47.4848 	 2 
47.5893 	 2 
47.5893 	 0 
47.6009 	 1 
47.7054 	 2 
47.8563 	 0 
47.8563 	 2 
47.8563 	 1 
47.9956 	 0 
48.0073 	 2 
48.1117 	 0 
48.1234 	 2 
48.1814 	 0 
48.1814 	 2 
48.1814 	 1 
48.3091 	 0 
48.3323 	 2 
48.3904 	 2 
48.4252 	 2 
48.4368 	 1 
48.4949 	 2 
48.5297 	 2 
48.5297 	 0 
48.6342 	 2 
48.7503 	 0 
48.7503 	 2 
48.7503 	 1 
48.8083 	 0 
48.8083 	 2 
48.8083 	 1 
49.0405 	 2 
49.0522 	 0 
49.1566 	 2 
49.2495 	 0 
49.2611 	 2 
49.3656 	 0 
49.4585 	 2 
49.4585 	 1 
49.4701 	 0 
49.5746 	 2 
49.6791 	 2 
49.6791 	 1 
49.6791 	 0 
49.7836 	 0 
49.7836 	 1 
49.7836 	 2 
49.8881 	 0 
49.8881 	 2 
49.9926 	 2 
50.0042 	 0 
50.0854 	 1 
50.0971 	 0 
50.0971 	 2 
50.1551 	 2 
50.2015 	 2 
50.2132 	 0 
50.3060 	 2 
50.3293 	 1 
50.3409 	 2 
50.3525 	 0 
50.6776 	 2 
50.9794 	 0 
50.9910 	 1 
51.1536 	 2 
51.1536 	 0 
51.3045 	 1 
51.3045 	 2 
51.3045 	 0 
51.9895 	 1 
52.2333 	 2 
52.2449 	 0 
52.5468 	 0 
52.8486 	 1 
52.8602 	 2 
52.8602 	 0 
53.1737 	 2 
53.4872 	 0 
53.4872 	 2 
53.6265 	 2 
53.8006 	 2 
53.8006 	 0 
54.2534 	 2 
54.2534 	 0 
54.7410 	 2 
55.0545 	 1 
55.0545 	 0 
55.3564 	 0 
55.3564 	 2 
55.6815 	 2 
55.9833 	 0 
55.9833 	 2 
55.9949 	 1 
56.2968 	 0 
56.2968 	 1 
56.3084 	 2 
56.9818 	 1 
57.2488 	 2 
57.2488 	 1 
57.2488 	 0 
57.5274 	 2 
57.5390 	 0 
57.8525 	 0 
57.8525 	 1 
57.8525 	 2 
58.0383 	 2 
58.1660 	 0 
58.1776 	 2 
58.4911 	 2 
58.4911 	 0 
58.4911 	 1 
58.8045 	 2 
58.8045 	 0 
58.8045 	 1 
59.6405 	 1 
59.7449 	 0 
59.7449 	 2 
60.3487 	 2 
60.3487 	 0 
60.3487 	 1 
60.6737 	 0 
60.6854 	 2 
60.8479 	 2 
60.8479 	 0 
60.9872 	 1 
60.9872 	 0 
60.9872 	 2 
61.3007 	 2 
61.3007 	 0 
61.6025 	 0 
62.0669 	 2 
62.0785 	 1 
62.0785 	 0 
62.2411 	 1 
62.2411 	 0 
62.2527 	 2 
62.3804 	 2 
62.5429 	 2 
62.5429 	 0 
62.8564 	 1 
62.8564 	 2 
62.8564 	 0 
63.1699 	 1 
63.1815 	 2 
63.1815 	 0 
63.4717 	 1 
63.4834 	 2 
63.4834 	 0 
63.6343 	 0 
63.7968 	 0 
63.8084 	 2 
64.2496 	 2 
64.7372 	 2 
64.7372 	 1 
64.7372 	 0 
65.0391 	 0 
65.2132 	 0 
65.3410 	 1 
65.3526 	 2 
65.3526 	 0 
65.6776 	 2 
65.6776 	 0 
65.6776 	 1 
65.9795 	 2 
65.9795 	 0 
65.9911 	 1 
66.3046 	 2 
66.3046 	 0 
66.3046 	 1 
67.2334 	 0 
67.2450 	 2 
67.2566 	 1 
67.5701 	 0 
67.8487 	 2 
67.8487 	 1 
67.8487 	 0 
68.0229 	 2 
68.0229 	 1 
68.1738 	 2 
68.1738 	 0 
68.1738 	 1 
68.4873 	 1 
68.4873 	 2 
68.4873 	 0 
68.8007 	 1 
68.8007 	 2 
68.8007 	 0 
69.7295 	 2 
69.7411 	 0 
70.0430 	 2 
70.5074 	 2 
70.6583 	 1 
70.6583 	 0 
70.6699 	 2 
70.8209 	 2 
70.8209 	 1 
70.8209 	 0 
70.9718 	 2 
71.0763 	 2 
71.4478 	 2 
71.4478 	 0 
71.4478 	 1 
71.5987 	 1 
71.5987 	 0 
71.5987 	 2 
71.7613 	 2 
71.7613 	 1 
71.7613 	 0 
71.9006 	 0 
71.9122 	 2 
72.2141 	 2 
72.2257 	 1 
72.2257 	 0 
72.5275 	 0 
72.5391 	 2 
72.5391 	 1 
72.8294 	 2 
73.1661 	 0 
73.1777 	 1 
73.1777 	 2 
73.3170 	 2 
73.3170 	 0 
73.4912 	 2 
73.7466 	 0 
73.9439 	 1 
73.9439 	 2 
73.9556 	 0 
74.0949 	 0 
74.1065 	 2 
74.1065 	 1 
74.2574 	 2 
74.2690 	 0 
74.4200 	 0 
74.7218 	 0 
74.7218 	 2 
74.7334 	 1 
75.0353 	 1 
75.0353 	 0 
75.0469 	 2 
75.4532 	 2 
75.6622 	 0 
75.6622 	 1 
75.6738 	 2 
75.8248 	 1 
75.8248 	 2 
75.8248 	 0 
75.9989 	 2 
76.4517 	 1 
76.4517 	 2 
76.4517 	 0 
76.6026 	 1 
76.6026 	 0 
76.6026 	 2 
76.7652 	 1 
76.7652 	 2 
76.7652 	 0 
76.9161 	 2 
77.2296 	 2 
77.2296 	 0 
77.2412 	 1 
77.4966 	 2 
77.5314 	 0 
77.5314 	 2 
77.5430 	 1 
77.6475 	 1 
77.7056 	 2 
77.7520 	 1 
77.8217 	 2 
77.9378 	 2 
78.1584 	 1 
78.1700 	 0 
78.1700 	 2 
78.3209 	 0 
78.3209 	 2 
78.3209 	 1 
78.4951 	 2 
78.7389 	 2 
78.9478 	 0 
78.9478 	 1 
78.9478 	 2 
79.0988 	 1 
79.0988 	 0 
79.0988 	 2 
79.2613 	 1 
79.2613 	 2 
79.2729 	 0 
79.4006 	 2 
79.4006 	 1 
79.4355 	 0 
79.8766 	 2 
79.8766 	 1 
80.0392 	 2 
80.6545 	 1 
80.6661 	 2 
80.6661 	 0 
80.8287 	 1 
80.8287 	 2 
80.8287 	 0 
80.9448 	 2 
80.9680 	 2 
81.1305 	 2 
81.1305 	 0 
81.1421 	 1 
81.2698 	 2 
81.4556 	 2 
81.8620 	 0 
81.8620 	 1 
81.8620 	 2 
82.1174 	 2 
82.5121 	 1 
82.5237 	 0 
82.5237 	 2 
82.7211 	 2 
82.9185 	 2 
83.1623 	 0 
83.1739 	 2 
83.3248 	 0 
83.3364 	 2 
83.3364 	 1 
83.4293 	 2 
83.4757 	 0 
83.6267 	 2 
83.6383 	 0 
83.8008 	 1 
83.8008 	 0 
83.8008 	 2 
84.3813 	 2 
84.3929 	 1 
84.4045 	 0 
85.0083 	 2 
85.0315 	 0 
85.6468 	 1 
85.6700 	 0 
85.6700 	 2 
85.7513 	 2 
85.8210 	 1 
85.8326 	 0 
85.8326 	 2 
85.8674 	 2 
85.9254 	 2 
85.9835 	 0 
85.9951 	 2 
86.0067 	 1 
86.1344 	 1 
86.1460 	 2 
86.1460 	 0 
86.2737 	 1 
86.2854 	 0 
86.2854 	 2 
86.4595 	 1 
86.4595 	 0 
86.4595 	 2 
86.5640 	 2 
86.9007 	 2 
86.9123 	 0 
87.0748 	 1 
87.0748 	 2 
87.3883 	 2 
87.5276 	 2 
87.5392 	 0 
87.5392 	 1 
87.6902 	 2 
87.7018 	 1 
87.8063 	 2 
88.1662 	 0 
88.1662 	 2 
88.2707 	 2 
88.3287 	 1 
88.3287 	 2 
88.3287 	 0 
88.4216 	 2 
88.4680 	 0 
88.4912 	 2 
88.6306 	 2 
88.6422 	 0 
88.7931 	 1 
88.8047 	 2 
88.8163 	 0 
88.9556 	 2 
88.9556 	 1 
89.0601 	 2 
89.4084 	 0 
89.4084 	 1 
89.4084 	 2 
89.5826 	 0 
89.5826 	 1 
89.5826 	 2 
89.6755 	 2 
89.8844 	 1 
89.8844 	 2 
89.8961 	 0 
90.0470 	 2 
90.3605 	 2 
90.3605 	 0 
90.3605 	 1 
90.4998 	 0 
90.4998 	 2 
90.6391 	 0 
90.6391 	 2 
90.8249 	 1 
90.8249 	 2 
90.8249 	 0 
90.9526 	 2 
90.9642 	 0 
91.1383 	 2 
91.1383 	 0 
91.1499 	 1 
91.2776 	 2 
91.2776 	 1 
91.2893 	 0 
91.4518 	 2 
91.6027 	 0 
91.6027 	 2 
91.6143 	 1 
91.7537 	 0 
91.7537 	 2 
91.7537 	 1 
91.9162 	 2 
91.9162 	 0 
91.9278 	 1 
92.0671 	 0 
92.0787 	 1 
92.0903 	 2 
92.1136 	 2 
92.1252 	 0 
92.1716 	 0 
92.1832 	 2 
92.2413 	 2 
92.2413 	 0 
92.2529 	 1 
92.3922 	 1 
92.3922 	 0 
92.3922 	 2 
92.5431 	 1 
92.5431 	 0 
92.5547 	 2 
92.7173 	 2 
92.8450 	 2 
92.8566 	 0 
92.8566 	 1 
92.9959 	 2 
92.9959 	 0 
93.0075 	 1 
93.1701 	 1 
93.1701 	 2 
93.1701 	 0 
93.3210 	 0 
93.3326 	 1 
93.3326 	 2 
93.4139 	 2 
93.4603 	 0 
93.4719 	 2 
93.6345 	 2 
93.6345 	 0 
93.6461 	 1 
93.7970 	 1 
93.7970 	 2 
93.7970 	 0 
93.9828 	 2 
93.9944 	 0 
94.0989 	 1 
94.0989 	 2 
94.1105 	 0 
94.2498 	 2 
94.4123 	 2 
94.4239 	 0 
94.5749 	 0 
94.5865 	 1 
94.5865 	 2 
94.5981 	 0 
94.6794 	 2 
94.8883 	 0 
94.9000 	 1 
94.9000 	 2 
95.0509 	 2 
95.0509 	 0 
95.0625 	 1 
95.2018 	 1 
95.3527 	 2 
95.3527 	 1 
95.3527 	 0 
95.5037 	 2 
95.5153 	 1 
95.6662 	 2 
95.6662 	 0 
95.6778 	 1 
95.9797 	 2 
95.9797 	 0 
95.9797 	 1 
96.2932 	 2 
96.2932 	 1 
96.2932 	 0 
96.4441 	 2 
96.4441 	 0 
96.6066 	 2 
96.6182 	 1 
96.7576 	 0 
96.7576 	 2 
96.7576 	 1 
96.8969 	 2 
96.8969 	 0 
96.9085 	 1 
97.2220 	 1 
97.2336 	 0 
97.2336 	 2 
97.5354 	 0 
97.5354 	 2 
97.5354 	 1 
97.7096 	 2 
97.7096 	 0 
97.7096 	 1 
97.8489 	 1 
97.8489 	 0 
97.8605 	 2 
98.1740 	 2 
98.1740 	 0 
98.1856 	 1 
98.4874 	 1 
98.4874 	 0 
98.4874 	 2 
98.6268 	 2 
98.6384 	 0 
98.6384 	 1 
98.7661 	 1 
98.7661 	 0 
98.7661 	 2 
98.9402 	 0 
98.9402 	 2 
99.0912 	 2 
99.0912 	 0 
99.1028 	 1 
99.2653 	 2 
99.2653 	 0 
99.2653 	 1 
99.4162 	 0 
99.4162 	 2 
99.4162 	 1 
99.5788 	 2 
99.5788 	 0 
99.7297 	 0 
99.7297 	 1 
99.7413 	 2 
99.8690 	 0 
99.8690 	 2 
99.8690 	 1 
100.0432 	 2 
100.0548 	 0 
100.0548 	 1 
100.3566 	 1 
100.3566 	 0 
100.3566 	 2 
100.5192 	 2 
100.6701 	 2 
100.6701 	 0 
100.6817 	 1 
100.8210 	 2 
100.8210 	 0 
100.9720 	 2 
100.9836 	 0 
100.9952 	 1 
101.1345 	 2 
101.1345 	 1 
101.1461 	 0 
101.2971 	 1 
101.2971 	 2 
101.3087 	 0 
101.4712 	 2 
101.4944 	 0 
101.5060 	 1 
101.7615 	 2 
101.7615 	 0 
101.7731 	 1 
101.9124 	 1 
101.9124 	 2 
101.9240 	 0 
102.0865 	 1 
102.0865 	 0 
102.0865 	 2 
102.1794 	 2 
102.2375 	 2 
102.2375 	 0 
102.4000 	 2 
102.4000 	 1 
102.4000 	 0 
102.5393 	 0 
102.5509 	 2 
102.5509 	 1 
102.7019 	 2 
102.7019 	 1 
102.7019 	 0 
102.8528 	 2 
102.8528 	 1 
102.8528 	 0 
103.1663 	 2 
103.1663 	 0 
103.1779 	 1 
103.4797 	 0 
103.4913 	 2 
103.4913 	 1 
103.6307 	 0 
103.6307 	 2 
103.7932 	 0 
103.8048 	 1 
103.8048 	 2 
103.9441 	 2 
103.9441 	 0 
104.0951 	 2 
104.1067 	 1 
104.1067 	 0 
104.2576 	 2 
104.2692 	 0 
104.4085 	 0 
104.4085 	 2 
104.4085 	 1 
104.5130 	 2 
104.5827 	 1 
104.5827 	 0 
104.5827 	 2 
104.6175 	 2 
104.6756 	 2 
104.7336 	 2 
104.8845 	 1 
104.8961 	 0 
104.8961 	 2 
105.0471 	 2 
105.0471 	 1 
105.0471 	 0 
105.1980 	 1 
105.1980 	 0 
105.2096 	 2 
105.3489 	 0 
105.3605 	 2 
105.5115 	 0 
105.5115 	 1 
105.5115 	 2 
105.6624 	 2 
105.6624 	 0 
105.6624 	 1 
105.8133 	 2 
105.8133 	 0 
105.8133 	 1 
105.9759 	 0 
105.9759 	 2 
106.1268 	 0 
106.1384 	 2 
106.1384 	 1 
106.3010 	 0 
106.3010 	 2 
106.3010 	 1 
106.4519 	 2 
106.5912 	 2 
106.5912 	 0 
106.6028 	 1 
106.7537 	 2 
106.7537 	 0 
106.7654 	 1 
106.9163 	 2 
106.9163 	 0 
106.9279 	 1 
107.0672 	 2 
107.0672 	 0 
107.0788 	 1 
107.2298 	 0 
107.2298 	 2 
107.3807 	 2 
107.3923 	 0 
107.3923 	 1 
107.5780 	 1 
107.5780 	 2 
107.5897 	 0 
107.6941 	 2 
107.7058 	 1 
107.8567 	 2 
107.8567 	 1 
107.8567 	 0 
108.0192 	 2 
108.0192 	 0 
108.0192 	 1 
108.1702 	 0 
108.1818 	 1 
108.1818 	 2 
108.4720 	 0 
108.4720 	 2 
108.4836 	 1 
108.7971 	 2 
108.8087 	 0 
108.8087 	 1 
109.0990 	 2 
109.1106 	 0 
109.1222 	 1 
109.2034 	 2 
109.2615 	 2 
109.4124 	 0 
109.4124 	 2 
109.5866 	 2 
109.7143 	 2 
109.8768 	 2 
109.8884 	 0 
109.9000 	 2 
109.9929 	 2 
110.0045 	 1 
110.0394 	 0 
110.0394 	 2 
110.0510 	 1 
110.3412 	 0 
110.3412 	 1 
110.3528 	 2 
110.4922 	 2 
110.4922 	 0 
110.5038 	 1 
110.6663 	 2 
110.6663 	 0 
110.6663 	 1 
110.8172 	 0 
110.8172 	 2 
110.8288 	 1 
110.9682 	 2 
110.9682 	 0 
111.1307 	 2 
111.1423 	 1 
111.1423 	 0 
111.2932 	 2 
111.4558 	 2 
111.4558 	 0 
111.7460 	 0 
111.9086 	 2 
111.9202 	 1 
111.9202 	 0 
112.0711 	 2 
112.0711 	 0 
112.0711 	 1 
112.1756 	 2 
112.1872 	 1 
112.2917 	 1 
112.2917 	 2 
112.3962 	 2 
112.3962 	 0 
112.4078 	 1 
112.5355 	 1 
112.5355 	 2 
112.5355 	 0 
112.6980 	 2 
112.7097 	 0 
112.7097 	 1 
112.8490 	 1 
112.8606 	 2 
112.8606 	 0 
112.9883 	 2 
112.9999 	 0 
113.1741 	 0 
113.1741 	 1 
113.1741 	 2 
113.3250 	 0 
113.3250 	 2 
113.4875 	 0 
113.4875 	 2 
113.6385 	 0 
113.6385 	 2 
113.6385 	 1 
113.8010 	 0 
113.8010 	 2 
113.9403 	 2 
113.9519 	 1 
113.9519 	 0 
114.1029 	 2 
114.4163 	 2 
114.4279 	 0 
114.4395 	 1 
114.5789 	 0 
114.5789 	 2 
114.5789 	 1 
114.6601 	 2 
114.7182 	 0 
114.7182 	 2 
114.7646 	 2 
114.8227 	 2 
114.8923 	 2 
115.0317 	 0 
115.0433 	 2 
115.2058 	 1 
115.2058 	 0 
115.2058 	 2 
115.3451 	 1 
115.3567 	 2 
115.3567 	 0 
115.4961 	 2 
115.5077 	 0 
115.5077 	 1 
115.6702 	 0 
115.6702 	 2 
115.6702 	 1 
115.8211 	 2 
115.8211 	 0 
115.8327 	 1 
115.9721 	 2 
115.9721 	 0 
115.9837 	 1 
116.1346 	 1 
116.1346 	 0 
116.1462 	 2 
116.2971 	 2 
116.4597 	 1 
116.4597 	 2 
116.7499 	 2 
116.7499 	 0 
116.7499 	 1 
116.9125 	 0 
116.9125 	 2 
116.9241 	 1 
117.0750 	 1 
117.0750 	 0 
117.0750 	 2 
117.2376 	 0 
117.2492 	 1 
117.3885 	 2 
117.3885 	 1 
117.3885 	 0 
117.5394 	 2 
117.5394 	 0 
117.5394 	 1 
117.7020 	 1 
117.7020 	 0 
117.7020 	 2 
117.8529 	 0 
117.8529 	 1 
117.8529 	 2 
118.0038 	 0 
118.0038 	 1 
118.0038 	 2 
118.1663 	 0 
118.1663 	 2 
118.1780 	 1 
118.3173 	 2 
118.3173 	 0 
118.3289 	 1 
118.4798 	 0 
118.4798 	 2 
118.4798 	 1 
118.6307 	 2 
118.6424 	 0 
118.6424 	 1 
118.7933 	 2 
118.8049 	 0 
118.9442 	 0 
118.9558 	 2 
119.2693 	 2 
119.4318 	 2 
119.5712 	 1 
119.5828 	 0 
119.5828 	 2 
119.6756 	 2 
119.8846 	 0 
119.8846 	 1 
119.8846 	 2 
120.0356 	 2 
120.1981 	 0 
120.1981 	 1 
120.1981 	 2 
120.3490 	 2 
120.5000 	 0 
120.5000 	 2 
120.5580 	 2 
120.6625 	 2 
120.8250 	 2 
120.8250 	 1 
120.8250 	 0 
120.9644 	 1 
120.9760 	 2 
120.9760 	 0 
121.1385 	 1 
121.1385 	 0 
121.1385 	 2 
121.4520 	 0 
121.4520 	 2 
121.4520 	 1 
121.7422 	 0 
121.7538 	 2 
121.9280 	 2 
122.0673 	 0 
122.0673 	 1 
122.0789 	 2 
122.2182 	 1 
122.2182 	 2 
122.2182 	 0 
122.3808 	 1 
122.3808 	 2 
122.3808 	 0 
122.6942 	 1 
122.6942 	 0 
122.7059 	 2 
122.8568 	 2 
122.9961 	 0 
123.0077 	 2 
123.1586 	 2 
123.3096 	 0 
123.3212 	 1 
123.3212 	 2 
123.4721 	 1 
123.4721 	 2 
123.4721 	 0 
123.6346 	 0 
123.6346 	 1 
123.6346 	 2 
123.9481 	 1 
123.9597 	 2 
123.9597 	 0 
124.2616 	 2 
124.4009 	 0 
124.4125 	 2 
124.5751 	 0 
124.5751 	 1 
124.5751 	 2 
124.8885 	 2 
124.8885 	 0 
125.0278 	 0 
125.0395 	 2 
125.2020 	 2 
125.2020 	 1 
125.2020 	 0 
125.3529 	 2 
125.4922 	 0 
125.4922 	 2 
125.4922 	 1 
125.6548 	 0 
125.6664 	 1 
125.6664 	 2 
125.8173 	 2 
125.8173 	 0 
125.8173 	 1 
125.9683 	 2 
125.9683 	 0 
125.9683 	 1 
126.1308 	 2 
126.1308 	 1 
126.1308 	 0 
126.4443 	 1 
126.4559 	 0 
126.4559 	 2 
126.9087 	 2 
126.9087 	 0 
127.0712 	 0 
127.0712 	 2 
127.0828 	 1 
127.1873 	 2 
127.3847 	 0 
127.3847 	 2 
127.5240 	 0 
127.5356 	 2 
127.5356 	 1 
127.6749 	 2 
127.6865 	 0 
127.6865 	 1 
127.8491 	 1 
127.8607 	 2 
128.0000 	 2 
128.0000 	 0 
128.1625 	 2 
128.1625 	 1 
128.1741 	 0 
128.3251 	 0 
128.3251 	 2 
128.3251 	 1 
128.4063 	 2 
128.4644 	 0 
128.4644 	 1 
128.4644 	 2 
128.6269 	 0 
128.6269 	 1 
128.6385 	 2 
128.9520 	 1 
128.9520 	 0 
128.9520 	 2 
129.4164 	 0 
129.4164 	 1 
129.4280 	 2 
129.5790 	 2 
129.5790 	 0 
129.5790 	 1 
129.6951 	 2 
129.8808 	 0 
129.8924 	 2 
129.8924 	 1 
130.0317 	 0 
130.0317 	 2 
130.1827 	 2 
130.1943 	 0 
130.1943 	 1 
130.3452 	 2 
130.3452 	 0 
130.5078 	 2 
130.5078 	 0 
130.6703 	 2 
130.6703 	 1 
130.8212 	 1 
130.8212 	 2 
130.8212 	 0 
130.9722 	 2 
130.9722 	 1 
130.9722 	 0 
131.1347 	 2 
131.1347 	 0 
131.1347 	 1 
131.3321 	 1 
131.3321 	 2 
131.3321 	 0 
131.4482 	 1 
131.4598 	 0 
131.4598 	 2 
131.5643 	 2 
131.9126 	 0 
131.9126 	 2 
132.0751 	 1 
132.0751 	 0 
132.0751 	 2 
132.3770 	 2 
132.3886 	 1 
132.3886 	 0 
132.5395 	 0 
132.5743 	 2 
132.6904 	 0 
132.6904 	 2 
132.6904 	 1 
132.8414 	 2 
132.9923 	 2 
133.0039 	 1 
133.0039 	 0 
133.1664 	 0 
133.1780 	 2 
133.1780 	 1 
133.3174 	 0 
133.3174 	 2 
133.3290 	 1 
133.4683 	 2 
133.4683 	 1 
133.4683 	 0 
133.6308 	 0 
133.6424 	 2 
133.7818 	 2 
133.9443 	 1 
133.9443 	 0 
133.9559 	 2 
134.4087 	 0 
134.4087 	 2 
134.5712 	 1 
134.5712 	 2 
134.5829 	 0 
134.6873 	 2 
134.8847 	 2 
134.8847 	 1 
134.8847 	 0 
135.0473 	 0 
135.0473 	 2 
135.0473 	 1 
135.1866 	 2 
135.1982 	 1 
135.1982 	 0 
135.5000 	 2 
135.5000 	 1 
135.5117 	 0 
135.6045 	 2 
135.6742 	 1 
135.6974 	 2 
135.8251 	 2 
135.8251 	 1 
135.8251 	 0 
135.9644 	 0 
135.9644 	 1 
135.9761 	 2 
136.1270 	 0 
136.1386 	 1 
136.1386 	 2 
136.2895 	 2 
136.4521 	 2 
136.4521 	 0 
136.4521 	 1 
136.7539 	 2 
136.9165 	 1 
136.9165 	 0 
136.9165 	 2 
137.0674 	 0 
137.0790 	 1 
137.0790 	 2 
137.3809 	 0 
137.3809 	 1 
137.3809 	 2 
137.5434 	 2 
137.5434 	 0 
137.6827 	 0 
137.6943 	 2 
137.6943 	 1 
137.8104 	 2 
137.9962 	 1 
138.0078 	 2 
138.0078 	 0 
138.1587 	 1 
138.1703 	 2 
138.1703 	 0 
138.2980 	 1 
138.3213 	 2 
138.3213 	 0 
138.4722 	 1 
138.4722 	 2 
138.4722 	 0 
138.6231 	 2 
138.6231 	 0 
138.6347 	 1 
138.7857 	 2 
138.7857 	 0 
138.9250 	 1 
138.9366 	 2 
139.2385 	 0 
139.2501 	 2 
139.2501 	 1 
139.4126 	 2 
139.4126 	 1 
139.4126 	 0 
139.5635 	 2 
139.5635 	 0 
139.5635 	 1 
139.7261 	 2 
139.8654 	 2 
139.8770 	 0 
140.0512 	 0 
140.0512 	 2 
140.1905 	 0 
140.1905 	 2 
140.1905 	 1 
140.2950 	 2 
140.3646 	 2 
140.5039 	 2 
140.5039 	 0 
140.6781 	 1 
140.6781 	 2 
140.7478 	 2 
140.8058 	 1 
140.8058 	 2 
140.8174 	 0 
140.8522 	 2 
140.9800 	 0 
140.9800 	 1 
140.9800 	 2 
141.1193 	 2 
141.1193 	 1 
141.1193 	 0 
141.3050 	 2 
141.3050 	 0 
141.3050 	 1 
141.4327 	 0 
141.4327 	 2 
141.4444 	 1 
141.7462 	 2 
141.7462 	 0 
141.9204 	 1 
141.9204 	 2 
142.0713 	 2 
142.0713 	 0 
142.2338 	 2 
142.3732 	 2 
142.3848 	 0 
142.3964 	 1 
142.5357 	 1 
142.5357 	 2 
142.5473 	 0 
142.6866 	 2 
142.6866 	 0 
142.7098 	 1 
142.8492 	 0 
142.8492 	 1 
142.8492 	 2 
143.0001 	 0 
143.0001 	 2 
143.0117 	 1 
143.1742 	 2 
143.1859 	 0 
143.1859 	 1 
143.3136 	 1 
143.3136 	 2 
143.3136 	 0 
143.4761 	 1 
143.4761 	 2 
143.4761 	 0 
143.6270 	 1 
143.6270 	 2 
143.6270 	 0 
143.8012 	 2 
143.8012 	 0 
143.8012 	 1 
143.9405 	 2 
143.9405 	 1 
143.9405 	 0 
144.2424 	 2 
144.2424 	 0 
144.2540 	 1 
144.4165 	 1 
144.4165 	 2 
144.5674 	 1 
144.5674 	 0 
144.5674 	 2 
144.7184 	 0 
144.7300 	 2 
144.8693 	 2 
144.8809 	 0 
144.8809 	 1 
145.0551 	 2 
145.0551 	 1 
145.0667 	 0 
145.1828 	 1 
145.1828 	 2 
145.2060 	 0 
145.2989 	 2 
145.3569 	 2 
145.3569 	 0 
145.4962 	 2 
145.5078 	 0 
145.5195 	 1 
145.7168 	 0 
145.7168 	 2 
145.8097 	 2 
145.9722 	 0 
145.9839 	 1 
145.9839 	 2 
146.1232 	 0 
146.1348 	 2 
146.2973 	 1 
146.2973 	 0 
146.2973 	 2 
146.4366 	 2 
146.4947 	 2 
146.7501 	 1 
146.7501 	 0 
146.7501 	 2 
146.9127 	 0 
146.9127 	 2 
146.9243 	 1 
147.0520 	 0 
147.0636 	 2 
147.0984 	 2 
147.2145 	 2 
147.2261 	 0 
147.3771 	 0 
147.3771 	 2 
147.5396 	 2 
147.5512 	 0 
147.5512 	 1 
147.6673 	 2 
147.6789 	 1 
147.6905 	 0 
147.7486 	 2 
147.7950 	 2 
147.8531 	 0 
147.8531 	 1 
147.8531 	 2 
147.9924 	 2 
147.9924 	 0 
148.0156 	 1 
148.1549 	 1 
148.1665 	 2 
148.1898 	 2 
148.3291 	 0 
148.3291 	 2 
148.4800 	 2 
148.4800 	 1 
148.4800 	 0 
148.6425 	 0 
148.6425 	 2 
148.6425 	 1 
148.7819 	 2 
148.7819 	 0 
148.7935 	 1 
148.9560 	 0 
148.9560 	 2 
149.4088 	 0 
149.4088 	 2 
149.4204 	 1 
149.5829 	 1 
149.5829 	 2 
149.5829 	 0 
149.6990 	 2 
149.8848 	 0 
149.8964 	 2 
149.8964 	 1 
150.0357 	 2 
150.0357 	 0 
150.0590 	 1 
150.1983 	 2 
150.1983 	 0 
150.2099 	 1 
150.3492 	 0 
150.3492 	 2 
150.3492 	 1 
150.5001 	 0 
150.5001 	 2 
150.5117 	 1 
150.6743 	 0 
150.6859 	 2 
150.8136 	 2 
150.8136 	 0 
150.8252 	 1 
150.9761 	 0 
150.9761 	 2 
150.9878 	 1 
151.1271 	 0 
151.1387 	 1 
151.1387 	 2 
151.3012 	 0 
151.3012 	 2 
151.3012 	 1 
151.4522 	 2 
151.5102 	 0 
151.9166 	 2 
151.9166 	 1 
151.9166 	 0 
152.0791 	 2 
152.0791 	 1 
152.0791 	 0 
152.1836 	 2 
152.3926 	 2 
152.3926 	 1 
152.3926 	 0 
152.5435 	 2 
152.5435 	 0 
152.5551 	 1 
152.6944 	 2 
152.6944 	 1 
152.7060 	 0 
152.8454 	 2 
152.8570 	 0 
152.8570 	 1 
152.9963 	 2 
153.0079 	 1 
153.0079 	 0 
153.1704 	 2 
153.1704 	 0 
153.1820 	 1 
153.3098 	 2 
153.3098 	 0 
153.3214 	 1 
153.4723 	 2 
153.4839 	 1 
153.4839 	 0 
153.6348 	 2 
153.6348 	 0 
153.6464 	 1 
153.7974 	 2 
153.7974 	 1 
153.7974 	 0 
153.9831 	 2 
154.0528 	 1 
154.4127 	 0 
154.4127 	 2 
154.4243 	 1 
154.5752 	 1 
154.5752 	 0 
154.5752 	 2 
154.6797 	 2 
154.8887 	 1 
154.8887 	 0 
154.8887 	 2 
155.0280 	 2 
155.0512 	 0 
155.0629 	 1 
155.2022 	 1 
155.2022 	 2 
155.2022 	 0 
155.3531 	 0 
155.3531 	 1 
155.3531 	 2 
155.5040 	 0 
155.5040 	 2 
155.5156 	 1 
155.6550 	 0 
155.6666 	 2 
155.6782 	 1 
155.7014 	 2 
155.8291 	 0 
155.8291 	 2 
155.8291 	 1 
155.9800 	 1 
155.9800 	 2 
155.9800 	 0 
156.1426 	 0 
156.1426 	 2 
156.1426 	 1 
156.2935 	 2 
156.2935 	 0 
156.3051 	 1 
156.4561 	 2 
156.5838 	 2 
156.9205 	 0 
156.9205 	 1 
156.9205 	 2 
157.0714 	 2 
157.0830 	 1 
157.0946 	 0 
157.3849 	 1 
157.3849 	 0 
157.3965 	 2 
157.5474 	 1 
157.5474 	 0 
157.5474 	 2 
157.6983 	 0 
157.6983 	 2 
157.6983 	 1 
157.8493 	 1 
157.8493 	 0 
157.8609 	 2 
157.9886 	 2 
158.0002 	 1 
158.0002 	 0 
158.1743 	 0 
158.1743 	 2 
158.1859 	 1 
158.3253 	 0 
158.3253 	 1 
158.3253 	 2 
158.4762 	 0 
158.4762 	 2 
158.4878 	 1 
158.6387 	 1 
158.6387 	 0 
158.6387 	 2 
158.8013 	 1 
158.8013 	 0 
158.8013 	 2 
158.9522 	 2 
159.0683 	 2 
159.4050 	 0 
159.4050 	 2 
159.4166 	 1 
159.5791 	 2 
159.5791 	 0 
159.5791 	 1 
159.6952 	 2 
159.8810 	 0 
159.8926 	 2 
159.8926 	 1 
160.0435 	 0 
160.0551 	 2 
160.0551 	 1 
160.1945 	 0 
160.1945 	 2 
160.2061 	 1 
160.3570 	 1 
160.3570 	 2 
160.3570 	 0 
160.4963 	 2 
160.4963 	 0 
160.5079 	 1 
160.6705 	 2 
160.6705 	 0 
160.6705 	 1 
160.8214 	 0 
160.8214 	 2 
160.8214 	 1 
160.9723 	 2 
160.9839 	 0 
160.9839 	 1 
161.1349 	 0 
161.1465 	 2 
161.1465 	 1 
161.2974 	 0 
161.2974 	 2 
161.2974 	 1 
161.4367 	 0 
161.4367 	 2 
161.4483 	 1 
161.5528 	 2 
161.5993 	 0 
161.6109 	 1 
161.6109 	 2 
161.7502 	 2 
161.7618 	 1 
161.7618 	 0 
161.9127 	 2 
161.9127 	 1 
161.9127 	 0 
162.0753 	 0 
162.0753 	 2 
162.0753 	 1 
162.2262 	 0 
162.2378 	 1 
162.2378 	 2 
162.3771 	 2 
162.3888 	 1 
162.3888 	 0 
162.5281 	 0 
162.5281 	 2 
162.5513 	 1 
162.5513 	 0 
162.5513 	 2 
162.7138 	 1 
162.7138 	 0 
162.7138 	 2 
162.7951 	 2 
162.8532 	 2 
162.8532 	 0 
162.8532 	 1 
163.0041 	 1 
163.0041 	 2 
163.0041 	 0 
163.1666 	 2 
163.1782 	 0 
163.1898 	 1 
163.3292 	 2 
163.3408 	 1 
163.4801 	 0 
163.4801 	 1 
163.4801 	 2 
163.6194 	 1 
163.6310 	 2 
163.6310 	 0 
163.8052 	 1 
163.8052 	 0 
163.8052 	 2 
163.9561 	 2 
164.1070 	 1 
164.1070 	 2 
164.1070 	 0 
164.4089 	 2 
164.4205 	 0 
164.4205 	 1 
164.5830 	 1 
164.5830 	 2 
164.7340 	 1 
164.7340 	 0 
164.7340 	 2 
164.8733 	 2 
164.8849 	 1 
164.8849 	 0 
165.0358 	 1 
165.0358 	 0 
165.0358 	 2 
165.1984 	 2 
165.2100 	 1 
165.2100 	 0 
165.3493 	 0 
165.3609 	 2 
165.3609 	 1 
165.5118 	 2 
165.5118 	 1 
165.5118 	 0 
165.6628 	 0 
165.6628 	 2 
165.6744 	 1 
165.8137 	 0 
165.8137 	 2 
165.8137 	 1 
165.9878 	 0 
165.9878 	 2 
166.1388 	 0 
166.1388 	 1 
166.1388 	 2 
166.2897 	 2 
166.3013 	 1 
166.3013 	 0 
166.4406 	 2 
166.4522 	 0 
166.4522 	 1 
166.5916 	 2 
166.6032 	 1 
166.6032 	 0 
166.7541 	 0 
166.7541 	 2 
166.7657 	 1 
166.9166 	 2 
166.9166 	 0 
167.0792 	 2 
167.0792 	 1 
167.0792 	 0 
167.2301 	 0 
167.2301 	 2 
167.3927 	 0 
167.3927 	 2 
167.4043 	 1 
167.5436 	 0 
167.5436 	 2 
167.5552 	 1 
167.7061 	 0 
167.7061 	 2 
167.7061 	 1 
167.8571 	 1 
167.8571 	 2 
167.8571 	 0 
168.1589 	 2 
168.1705 	 0 
168.1705 	 1 
168.3331 	 2 
168.4840 	 0 
168.4840 	 2 
168.6465 	 0 
168.6581 	 2 
168.6698 	 1 
168.7975 	 0 
168.7975 	 1 
168.7975 	 2 
168.9484 	 2 
168.9484 	 1 
168.9484 	 0 
169.1341 	 2 
169.1341 	 1 
169.2619 	 0 
169.2619 	 2 
169.2619 	 1 
169.4128 	 2 
169.4128 	 0 
169.5753 	 2 
169.5753 	 1 
169.5753 	 0 
169.7146 	 0 
169.7263 	 2 
169.8888 	 0 
169.8888 	 2 
169.8888 	 1 
170.0281 	 1 
170.0397 	 0 
170.0397 	 2 
170.2023 	 0 
170.2023 	 2 
170.2023 	 1 
170.3416 	 1 
170.3532 	 0 
170.3532 	 2 
170.6551 	 2 
170.6667 	 0 
170.6667 	 1 
170.9801 	 2 
171.1543 	 0 
171.3052 	 2 
171.3052 	 0 
171.4445 	 2 
171.4561 	 1 
171.4561 	 0 
171.6071 	 0 
171.6071 	 1 
171.6071 	 2 
171.7580 	 2 
171.7696 	 0 
171.7696 	 1 
171.9089 	 0 
171.9205 	 2 
172.0715 	 0 
172.0715 	 2 
172.0831 	 1 
172.2340 	 1 
172.2340 	 0 
172.2340 	 2 
172.3849 	 2 
172.3849 	 0 
172.3966 	 1 
172.6984 	 1 
172.6984 	 0 
172.6984 	 2 
172.8610 	 1 
172.8610 	 2 
172.8610 	 0 
173.0119 	 2 
173.1628 	 2 
173.1744 	 0 
173.1744 	 1 
173.3137 	 2 
173.4763 	 0 
173.4879 	 1 
173.4879 	 2 
173.6272 	 1 
173.6272 	 0 
173.6388 	 2 
173.8014 	 0 
173.8014 	 2 
173.8014 	 1 
174.0916 	 2 
174.1032 	 1 
174.1032 	 0 
174.2541 	 0 
174.2541 	 2 
174.4051 	 2 
174.4167 	 0 
174.5676 	 2 
174.5676 	 0 
174.5792 	 1 
174.7185 	 2 
174.7302 	 0 
174.7418 	 1 
174.8811 	 0 
174.8927 	 1 
174.8927 	 2 
174.9740 	 2 
175.0320 	 0 
175.0436 	 2 
175.1946 	 0 
175.2062 	 2 
175.2062 	 1 
175.3571 	 1 
175.3571 	 2 
175.3571 	 0 
175.6590 	 2 
175.6590 	 0 
175.6590 	 1 
175.8215 	 2 
175.8215 	 1 
175.9724 	 2 
175.9956 	 1 
176.1234 	 0 
176.1234 	 2 
176.1350 	 1 
176.2975 	 2 
176.3091 	 0 
176.3207 	 1 
176.5994 	 0 
176.5994 	 1 
176.5994 	 2 
176.7503 	 2 
176.9361 	 0 
176.9361 	 1 
176.9361 	 2 
177.2263 	 0 
177.2263 	 2 
177.3772 	 0 
177.3888 	 1 
177.3888 	 2 
177.5398 	 0 
177.5514 	 2 
177.6907 	 2 
177.6907 	 0 
177.7023 	 1 
177.8532 	 0 
177.8532 	 1 
177.8532 	 2 
178.1667 	 2 
178.1783 	 1 
178.1899 	 0 
178.4802 	 2 
178.4802 	 0 
178.4802 	 1 
178.6311 	 2 
178.6311 	 0 
178.6427 	 1 
178.7937 	 0 
178.7937 	 2 
178.8053 	 1 
178.9678 	 2 
179.0955 	 2 
179.0955 	 0 
179.1071 	 1 
179.2580 	 0 
179.2580 	 2 
179.2697 	 1 
179.4090 	 2 
179.4090 	 0 
179.4206 	 1 
179.5715 	 0 
179.5715 	 2 
179.5831 	 1 
179.7341 	 2 
179.8850 	 2 
179.8850 	 0 
179.8850 	 1 
180.0127 	 0 
180.0127 	 2 
180.0591 	 1 
180.1985 	 2 
180.1985 	 0 
180.2101 	 1 
180.3262 	 2 
180.3610 	 0 
180.6512 	 2 
180.6512 	 0 
180.6629 	 1 
180.9763 	 2 
180.9879 	 1 
181.1273 	 2 
181.1273 	 0 
181.1389 	 1 
181.2898 	 2 
181.2898 	 0 
181.5917 	 2 
181.5917 	 0 
181.6033 	 1 
181.9167 	 0 
181.9167 	 2 
181.9748 	 2 
181.9748 	 1 
182.0793 	 2 
182.0793 	 0 
182.0909 	 1 
182.2186 	 0 
182.2302 	 1 
182.2302 	 2 
182.3811 	 2 
182.3811 	 0 
182.3927 	 1 
182.5553 	 2 
182.8455 	 2 
182.8571 	 0 
182.8571 	 1 
183.1706 	 2 
183.1822 	 0 
183.1822 	 1 
183.3215 	 2 
183.4725 	 2 
183.4957 	 1 
183.6234 	 2 
183.6234 	 0 
183.6350 	 1 
183.7976 	 2 
183.7976 	 1 
183.7976 	 0 
184.0994 	 1 
184.0994 	 2 
184.0994 	 0 
184.2503 	 2 
184.2620 	 0 
184.4245 	 0 
184.4245 	 2 
184.4361 	 1 
184.7263 	 0 
184.7380 	 2 
184.9005 	 1 
184.9005 	 2 
184.9818 	 0 
185.0282 	 2 
185.0398 	 1 
185.0398 	 0 
185.1907 	 2 
185.2024 	 0 
185.2024 	 1 
185.3533 	 2 
185.3533 	 1 
185.3533 	 0 
185.6551 	 1 
185.6551 	 0 
185.6551 	 2 
185.7712 	 0 
185.7712 	 2 
185.9686 	 2 
186.2937 	 2 
186.6188 	 2 
186.9090 	 0 
186.9206 	 2 
187.5244 	 0 
187.5360 	 1 
187.5360 	 2 
187.8378 	 2 
188.1165 	 1 
188.1165 	 2 
188.1165 	 0 
188.7434 	 1 
188.7550 	 2 
188.7550 	 0 
189.3587 	 0 
189.3703 	 2 
189.9741 	 2 
189.9741 	 0 
190.3224 	 0 
190.3224 	 2 
190.8448 	 2 
192.7605 	 2 
195.3495 	 1 
195.3495 	 2 
195.3495 	 0 
195.6746 	 2 
195.6746 	 0 
195.6746 	 1 
196.3015 	 1 
196.3015 	 2 
196.3015 	 0 
196.7891 	 0 
197.8572 	 2 
197.8572 	 1 
197.8572 	 0 
198.1823 	 1 
198.1823 	 0 
198.8093 	 1 
198.8093 	 0 
198.8093 	 2 
199.9238 	 2 
200.3534 	 1 
200.3534 	 0 
200.3534 	 2 
200.6785 	 0 
200.6785 	 2 
200.6785 	 1 
200.8526 	 2 
201.3054 	 0 
201.3054 	 1 
201.3054 	 2 
202.8495 	 1 
202.8611 	 2 
202.8611 	 0 
203.1746 	 0 
203.1862 	 2 
203.1862 	 1 
203.8015 	 1 
203.8015 	 2 
203.8015 	 0 
204.6026 	 2 
205.3457 	 2 
205.3573 	 0 
205.3573 	 1 
205.6707 	 0 
205.6707 	 2 
205.6707 	 1 
205.9842 	 2 
206.1700 	 2 
206.3093 	 0 
206.3093 	 1 
206.3093 	 2 
206.7969 	 0 
207.1104 	 2 
207.2265 	 0 
207.2265 	 2 
207.7257 	 2 
207.8534 	 1 
207.8534 	 0 
207.8534 	 2 
208.1785 	 1 
208.1785 	 2 
208.1785 	 0 
208.6777 	 2 
209.7459 	 2 
210.3496 	 1 
210.3612 	 2 
210.3612 	 0 
210.6746 	 2 
210.6746 	 0 
210.6746 	 1 
210.8488 	 2 
210.9765 	 2 
210.9765 	 0 
210.9881 	 1 
211.3016 	 0 
211.3016 	 2 
211.3016 	 1 
211.7892 	 0 
212.2304 	 2 
212.4278 	 2 
212.8573 	 1 
212.8573 	 0 
212.8573 	 2 
213.1708 	 2 
213.1824 	 1 
213.1824 	 0 
213.4843 	 2 
213.9835 	 2 
215.3535 	 1 
215.3535 	 2 
215.3535 	 0 
215.6321 	 2 
215.6437 	 1 
215.6437 	 0 
215.9572 	 2 
216.2939 	 1 
216.3055 	 0 
216.3055 	 2 
216.9092 	 2 
216.9208 	 0 
216.9208 	 1 
217.2227 	 2 
217.2227 	 1 
217.5478 	 1 
217.5594 	 0 
217.5594 	 2 
217.8728 	 0 
218.1863 	 0 
218.1863 	 2 
218.1863 	 1 
218.3488 	 2 
218.6623 	 2 
218.7784 	 1 
218.7784 	 0 
218.7900 	 2 
218.9526 	 2 
219.2893 	 2 
219.3705 	 2 
219.3705 	 0 
219.5795 	 2 
220.0207 	 2 
220.3341 	 0 
220.3458 	 2 
220.3458 	 1 
220.5780 	 2 
220.7289 	 2 
221.1585 	 2 
221.7854 	 2 
221.7854 	 1 
221.7970 	 0 
222.2266 	 2 
222.7258 	 2 
223.0393 	 2 
223.9797 	 2 
224.2699 	 2 
224.7459 	 2 
224.9201 	 2 
225.3729 	 2 
225.8489 	 1 
226.4642 	 2 
227.8342 	 0 
227.8458 	 2 
227.8458 	 1 
227.9967 	 2 
228.0083 	 1 
228.3334 	 2 
228.3683 	 2 
228.4960 	 2 
229.1345 	 1 
229.5989 	 2 
230.2259 	 2 
230.3652 	 0 
230.3652 	 1 
230.3652 	 2 
230.8412 	 2 
230.9921 	 2 
231.9209 	 0 
231.9209 	 1 
231.9209 	 2 
232.2460 	 0 
232.2460 	 1 
232.2460 	 2 
232.8613 	 1 
232.8613 	 0 
232.8613 	 2 
233.4883 	 2 
233.4883 	 0 
233.8946 	 0 
234.4054 	 0 
234.4171 	 1 
234.4171 	 2 
234.7305 	 2 
235.3575 	 1 
235.3575 	 0 
235.3575 	 2 
235.9612 	 2 
235.9728 	 0 
236.9132 	 0 
236.9132 	 1 
236.9248 	 2 
237.2383 	 0 
237.2383 	 2 
237.7027 	 0 
237.8652 	 0 
237.8652 	 1 
237.8652 	 2 
238.4805 	 0 
238.4922 	 2 
238.4922 	 1 
239.4210 	 0 
239.4210 	 1 
239.4210 	 2 
239.7228 	 0 
239.7344 	 2 
239.7344 	 1 
240.3614 	 1 
240.3614 	 0 
240.3614 	 2 
240.5239 	 2 
240.6632 	 2 
240.9883 	 2 
240.9883 	 0 
241.6849 	 2 
241.6965 	 0 
241.9171 	 2 
241.9171 	 0 
241.9171 	 1 
242.2306 	 0 
242.2422 	 1 
242.2422 	 2 
242.8691 	 0 
242.8691 	 1 
242.8691 	 2 
243.4844 	 2 
244.4132 	 1 
244.4132 	 0 
244.4132 	 2 
244.7267 	 0 
244.7383 	 2 
245.3653 	 2 
245.3653 	 0 
245.3653 	 1 
245.6207 	 0 
245.9341 	 2 
246.0270 	 0 
246.2360 	 2 
246.2476 	 0 
246.3405 	 2 
246.3521 	 1 
246.4450 	 2 
246.4450 	 1 
246.5495 	 1 
246.5495 	 2 
246.6540 	 0 
246.6540 	 2 
246.7585 	 1 
246.7701 	 2 
246.8513 	 2 
246.8746 	 1 
246.9210 	 2 
246.9210 	 0 
247.1764 	 0 
247.4899 	 2 
247.6873 	 0 
247.6989 	 2 
247.6989 	 1 
247.8150 	 1 
247.8150 	 2 
247.8150 	 0 
247.8614 	 0 
247.8730 	 2 
248.0239 	 0 
248.2213 	 0 
248.4187 	 0 
248.4303 	 2 
248.6393 	 0 
248.7438 	 2 
248.7438 	 1 
248.8483 	 2 
248.8483 	 1 
248.8483 	 0 
249.0340 	 2 
249.1501 	 2 
249.1501 	 0 
249.1617 	 1 
249.2662 	 2 
249.2662 	 1 
249.3591 	 2 
249.3707 	 1 
249.3707 	 0 
249.3823 	 2 
249.4171 	 0 
249.4171 	 2 
249.5565 	 2 
249.6842 	 2 
249.8815 	 0 
250.0905 	 2 
250.1021 	 0 
250.2182 	 2 
250.2182 	 0 
250.2182 	 1 
250.3692 	 0 
250.3692 	 2 
250.5085 	 0 
250.5085 	 2 
250.7175 	 0 
250.8220 	 0 
250.8336 	 1 
251.0309 	 2 
251.1354 	 2 
251.1354 	 1 
251.2283 	 0 
251.2515 	 2 
251.3328 	 2 
251.4489 	 2 
251.5418 	 2 
251.6579 	 2 
251.7624 	 1 
251.7740 	 0 
251.7740 	 2 
251.8785 	 2 
251.9133 	 0 
251.9133 	 2 
252.0642 	 2 
252.2616 	 2 
252.2732 	 1 
252.3777 	 0 
252.3777 	 2 
252.4822 	 2 
252.4938 	 0 
252.6912 	 0 
252.7028 	 1 
252.7028 	 2 
252.8189 	 2 
252.8653 	 1 
252.8653 	 2 
252.8653 	 0 
253.1323 	 0 
253.3181 	 0 
253.3878 	 2 
253.5155 	 2 
253.5271 	 0 
253.8289 	 2 
253.9450 	 0 
253.9450 	 2 
253.9566 	 1 
254.0611 	 2 
254.1540 	 0 
254.1540 	 2 
254.2585 	 2 
254.3746 	 1 
254.3746 	 0 
254.3746 	 2 
254.4094 	 0 
254.4210 	 2 
254.5720 	 2 
254.7810 	 0 
254.8738 	 2 
254.9899 	 0 
254.9899 	 2 
254.9899 	 1 
255.0944 	 2 
255.2105 	 1 
255.2221 	 2 
255.3731 	 0 
255.3731 	 1 
255.3731 	 2 
255.5124 	 2 
255.5124 	 0 
255.5240 	 1 
255.9187 	 2 
256.0000 	 2 
256.1393 	 2 
256.2438 	 1 
256.3019 	 0 
256.3367 	 2 
256.3483 	 1 
256.3483 	 0 
256.4528 	 2 
256.4528 	 1 
256.4528 	 0 
256.5573 	 1 
256.6502 	 2 
256.6618 	 0 
256.7663 	 2 
256.7663 	 1 
256.7663 	 0 
256.8707 	 0 
256.9172 	 0 
256.9288 	 1 
256.9288 	 2 
257.0797 	 0 
257.0797 	 1 
257.0797 	 2 
257.2307 	 0 
257.2307 	 2 
257.2423 	 1 
257.3816 	 0 
257.6951 	 0 
257.6951 	 2 
257.7067 	 1 
257.7995 	 2 
257.8112 	 1 
257.8692 	 0 
257.8692 	 2 
257.8692 	 1 
258.0201 	 2 
258.0201 	 0 
258.0201 	 1 
258.2291 	 0 
258.4033 	 0 
258.6355 	 2 
258.6471 	 0 
258.9489 	 2 
258.9605 	 1 
258.9605 	 0 
259.1115 	 2 
259.1115 	 0 
259.2624 	 2 
259.2624 	 0 
259.3669 	 0 
259.3669 	 2 
259.3669 	 1 
259.4249 	 0 
259.4249 	 2 
259.4249 	 1 
259.5759 	 2 
259.5759 	 0 
259.5875 	 1 
259.8777 	 2 
259.9938 	 2 
260.0519 	 0 
260.0635 	 2 
260.0983 	 2 
260.2028 	 2 
260.2144 	 0 
260.2260 	 1 
260.3537 	 0 
260.3654 	 1 
260.6788 	 2 
260.6788 	 1 
260.8298 	 0 
260.8298 	 1 
260.8298 	 2 
260.9342 	 1 
261.1316 	 0 
261.1316 	 2 
261.2477 	 2 
261.3406 	 1 
261.3406 	 2 
261.4451 	 1 
261.4451 	 2 
261.4567 	 0 
261.5612 	 1 
261.5612 	 2 
261.6076 	 0 
261.6308 	 2 
261.7585 	 1 
261.7585 	 0 
261.7702 	 2 
261.8746 	 2 
261.9211 	 1 
261.9211 	 2 
261.9211 	 0 
262.0720 	 2 
262.0836 	 1 
262.1765 	 2 
262.2346 	 0 
262.3855 	 1 
262.3855 	 2 
262.3855 	 0 
262.5829 	 2 
262.5945 	 1 
262.6990 	 0 
262.6990 	 2 
262.7106 	 1 
262.8034 	 2 
262.8151 	 1 
262.8615 	 0 
262.8615 	 1 
262.8731 	 2 
263.0124 	 0 
263.0124 	 1 
263.0124 	 2 
263.3259 	 1 
263.3259 	 2 
263.3259 	 0 
263.4304 	 2 
263.4884 	 0 
263.4884 	 2 
263.6278 	 2 
263.6394 	 1 
263.7555 	 2 
263.7555 	 1 
263.8135 	 2 
263.8135 	 0 
263.8135 	 1 
263.9412 	 0 
264.0457 	 1 
264.0457 	 2 
264.1386 	 2 
264.2547 	 2 
264.3708 	 2 
264.3824 	 0 
264.4288 	 1 
264.4288 	 2 
264.5798 	 2 
264.5914 	 0 
264.6727 	 1 
264.6843 	 2 
264.7307 	 0 
264.7423 	 2 
264.8932 	 0 
264.8932 	 2 
264.9977 	 2 
265.0558 	 0 
265.0558 	 2 
265.2067 	 2 
265.2067 	 0 
265.2880 	 2 
265.3112 	 1 
265.3112 	 2 
265.3576 	 0 
265.3693 	 1 
265.3693 	 2 
265.6827 	 0 
265.6827 	 2 
265.6943 	 1 
265.8220 	 1 
265.8220 	 2 
265.8220 	 0 
265.9265 	 1 
265.9265 	 2 
266.1355 	 2 
266.2516 	 0 
266.2516 	 1 
266.2516 	 2 
266.2980 	 2 
266.3097 	 1 
266.4141 	 2 
266.8669 	 0 
266.8785 	 2 
266.9134 	 0 
266.9250 	 2 
267.1804 	 0 
267.2385 	 2 
267.3894 	 1 
267.3894 	 0 
267.3894 	 2 
267.6912 	 2 
267.6912 	 0 
267.7029 	 1 
267.8190 	 2 
267.8654 	 1 
267.8654 	 0 
267.8654 	 2 
268.0279 	 2 
268.0279 	 1 
268.1673 	 2 
268.1789 	 0 
268.1905 	 1 
268.3298 	 2 
268.3414 	 1 
268.3414 	 0 
268.4807 	 2 
268.4923 	 0 
268.7361 	 2 
268.7361 	 1 
268.8406 	 0 
268.8406 	 1 
268.8406 	 2 
268.9567 	 1 
268.9567 	 2 
268.9683 	 0 
269.1425 	 2 
269.2470 	 2 
269.3631 	 2 
269.4676 	 2 
269.5837 	 0 
269.5837 	 2 
269.5837 	 1 
269.8855 	 0 
269.8855 	 2 
270.3615 	 2 
270.3615 	 0 
270.3615 	 1 
270.6750 	 2 
270.6750 	 0 
270.6750 	 1 
270.8259 	 0 
270.8259 	 2 
270.8376 	 1 
270.9769 	 0 
270.9885 	 2 
271.1394 	 2 
271.2555 	 2 
271.3252 	 0 
271.3368 	 1 
271.3368 	 2 
271.4529 	 2 
271.5574 	 2 
271.5574 	 1 
271.6154 	 2 
271.6154 	 0 
271.7663 	 2 
271.9173 	 0 
271.9173 	 2 
271.9173 	 1 
272.2307 	 0 
272.2540 	 2 
272.3817 	 2 
272.3817 	 0 
272.4862 	 2 
272.4862 	 0 
272.5907 	 0 
272.5907 	 2 
272.6371 	 2 
272.6951 	 2 
272.7068 	 0 
272.7184 	 1 
272.7648 	 2 
272.8693 	 0 
272.8693 	 2 
272.8693 	 1 
273.0202 	 2 
273.0202 	 1 
273.0202 	 0 
273.1712 	 0 
273.1712 	 2 
273.3453 	 2 
273.3917 	 0 
273.3917 	 2 
273.4034 	 1 
273.4962 	 2 
273.7400 	 2 
273.7517 	 1 
273.8445 	 1 
273.8561 	 2 
273.9606 	 2 
274.0303 	 2 
274.1348 	 2 
274.2509 	 2 
274.2625 	 0 
274.3670 	 2 
274.4831 	 2 
274.5760 	 2 
274.6456 	 2 
274.7617 	 2 
274.8778 	 2 
274.9939 	 2 
275.0984 	 2 
275.1449 	 2 
275.2145 	 2 
275.2493 	 2 
275.3538 	 0 
275.3654 	 2 
275.3654 	 1 
275.6441 	 2 
275.6441 	 1 
275.6441 	 0 
275.9343 	 0 
275.9808 	 2 
276.1549 	 2 
276.1665 	 0 
276.2710 	 2 
276.9212 	 1 
276.9212 	 2 
276.9212 	 0 
277.2230 	 0 
277.2346 	 2 
277.5481 	 0 
277.7107 	 0 
277.7107 	 1 
277.8616 	 0 
277.8616 	 1 
277.8732 	 2 
278.1402 	 2 
278.1402 	 0 
278.4769 	 0 
278.4885 	 2 
278.6395 	 2 
279.2432 	 0 
279.7308 	 2 
280.3577 	 0 
280.3577 	 1 
280.3577 	 2 
280.9847 	 0 
280.9847 	 2 
281.4375 	 2 
281.4955 	 2 
281.5071 	 0 
281.5071 	 1 
281.9135 	 0 
281.9135 	 1 
281.9251 	 2 
282.2269 	 2 
282.2269 	 0 
282.3663 	 0 
282.8655 	 1 
282.8655 	 0 
282.8655 	 2 
283.4808 	 0 
283.4808 	 2 
283.9800 	 0 
283.9800 	 2 
284.2122 	 0 
284.2239 	 1 
284.2239 	 2 
284.4909 	 1 
284.4909 	 2 
284.7231 	 2 
285.3500 	 0 
285.3616 	 1 
285.3616 	 2 
285.7680 	 2 
286.3369 	 2 
286.3369 	 0 
286.4878 	 2 
286.7780 	 2 
286.9174 	 0 
286.9174 	 2 
286.9174 	 1 
287.2308 	 2 
287.2308 	 0 
287.8578 	 1 
287.8694 	 2 
287.8694 	 0 
288.4847 	 2 
288.6821 	 0 
288.7750 	 2 
288.9143 	 2 
288.9723 	 0 
290.3539 	 0 
290.3539 	 1 
290.3655 	 2 
290.6790 	 0 
290.7603 	 2 
290.9809 	 2 
291.9213 	 2 
291.9213 	 1 
291.9213 	 0 
292.2347 	 2 
292.2347 	 1 
292.2347 	 0 
292.7224 	 2 
292.8617 	 2 
292.8617 	 1 
292.8617 	 0 
293.1519 	 2 
293.2680 	 2 
293.4190 	 2 
294.1504 	 2 
294.1504 	 0 
294.4987 	 2 
295.2185 	 2 
300.4894 	 2 
301.8594 	 2 
302.7302 	 2 
302.8695 	 2 
303.1249 	 2 
303.1946 	 2 
303.2642 	 2 
303.3571 	 2 
304.1582 	 2 
304.6342 	 2 
304.7503 	 2 
305.4121 	 2 
305.5514 	 2 
305.8416 	 2 
307.0955 	 2 
307.2348 	 2 
307.8734 	 2 
308.3378 	 2 
308.4655 	 2 
308.5468 	 0 
308.8138 	 2 
308.8138 	 1 
308.9531 	 2 
309.2201 	 2 
309.6729 	 2 
310.0444 	 2 
310.1954 	 2 
310.4160 	 2 
310.6714 	 2 
310.9152 	 2 
311.1706 	 2 
312.8889 	 2 
313.1791 	 2 
313.3649 	 2 
313.4694 	 2 
313.5390 	 2 
314.4098 	 2 
315.3734 	 2 
315.7217 	 2 
315.7217 	 1 
315.7217 	 0 
316.7898 	 2 
317.7070 	 2 
318.0902 	 2 
318.2991 	 2 
318.7055 	 2 
318.9377 	 2 
319.0190 	 2 
319.1234 	 2 
319.2279 	 2 
319.3324 	 2 
319.4485 	 0 
319.4485 	 2 
319.5414 	 2 
319.6575 	 2 
319.7620 	 2 
319.8665 	 2 
320.1103 	 2 
320.8998 	 2 
321.4454 	 2 
322.5832 	 2 
322.6993 	 2 
322.8038 	 2 
323.0128 	 2 
323.1173 	 2 
323.2798 	 2 
323.9184 	 0 
323.9184 	 2 
324.1738 	 2 
324.7775 	 2 
325.0794 	 2 
325.1839 	 2 
325.4625 	 2 
325.6018 	 2 
325.9037 	 2 
326.3681 	 2 
326.8325 	 2 
327.5059 	 2 
327.6684 	 2 
327.7729 	 2 
327.9006 	 2 
328.1096 	 1 
328.1212 	 2 
328.8294 	 2 
328.9571 	 2 
329.1777 	 2 
329.4447 	 2 
329.5608 	 2 
329.6769 	 2 
329.7814 	 2 
329.9091 	 2 
329.9904 	 2 
330.6986 	 2 
335.6444 	 2 
