8.0573 	 0 
8.0573 	 1 
8.0573 	 2 
8.5333 	 0 
8.5333 	 1 
8.5333 	 2 
8.7888 	 2 
9.0326 	 2 
9.5086 	 1 
9.5086 	 2 
9.9962 	 2 
10.4838 	 2 
10.9714 	 2 
11.4474 	 2 
11.9351 	 2 
12.4227 	 2 
12.8987 	 2 
13.3863 	 2 
13.8739 	 2 
14.3615 	 2 
15.3136 	 2 
15.8012 	 1 
15.8012 	 2 
16.2888 	 1 
16.2888 	 2 
16.7648 	 1 
16.7764 	 2 
17.2640 	 2 
17.7284 	 1 
17.7400 	 2 
18.2161 	 2 
19.1797 	 1 
19.1913 	 2 
19.3190 	 2 
19.4235 	 1 
19.4351 	 2 
19.5512 	 2 
19.6557 	 1 
19.6557 	 2 
19.6673 	 0 
19.8995 	 2 
19.9111 	 1 
19.9111 	 0 
20.1433 	 0 
20.1433 	 2 
20.1433 	 1 
20.2826 	 2 
20.3755 	 2 
20.6193 	 2 
20.6309 	 1 
20.6309 	 0 
20.8631 	 2 
21.1185 	 2 
21.1185 	 1 
21.2346 	 2 
21.3624 	 1 
21.3624 	 2 
21.4785 	 2 
21.5946 	 0 
21.5946 	 2 
21.5946 	 1 
22.3144 	 0 
22.3144 	 1 
22.3144 	 2 
22.5582 	 0 
22.5582 	 1 
22.5582 	 2 
23.0574 	 2 
23.5334 	 1 
23.5334 	 0 
23.5334 	 2 
23.7772 	 1 
23.7772 	 2 
23.7772 	 0 
24.0210 	 0 
24.0210 	 1 
24.0210 	 2 
24.4971 	 2 
24.4971 	 0 
24.4971 	 1 
25.4607 	 1 
25.4723 	 2 
26.1805 	 2 
26.1921 	 0 
26.1921 	 1 
26.4359 	 2 
26.4359 	 1 
26.4359 	 0 
26.9235 	 2 
27.3995 	 1 
27.3995 	 0 
27.4112 	 2 
27.6434 	 1 
27.6434 	 2 
27.6550 	 0 
27.8872 	 1 
27.8872 	 0 
27.8872 	 2 
28.3632 	 1 
28.3632 	 2 
28.3748 	 0 
29.3268 	 1 
29.3268 	 0 
29.3384 	 2 
30.0582 	 1 
30.0582 	 0 
30.0582 	 2 
30.3020 	 1 
30.3020 	 2 
30.3020 	 0 
30.8013 	 2 
31.2773 	 0 
31.2773 	 1 
31.2773 	 2 
31.4050 	 2 
31.5211 	 2 
31.5211 	 0 
31.5211 	 1 
31.7649 	 0 
31.7649 	 1 
31.7649 	 2 
32.2409 	 1 
32.2409 	 2 
33.2045 	 0 
33.2045 	 1 
33.2045 	 2 
33.9476 	 2 
34.1682 	 1 
34.1798 	 2 
34.1798 	 0 
34.2959 	 1 
34.3075 	 2 
34.4236 	 2 
34.4236 	 0 
34.4236 	 1 
34.6674 	 2 
34.7951 	 2 
34.8996 	 0 
34.8996 	 1 
34.8996 	 2 
34.9693 	 2 
35.0157 	 0 
35.0157 	 1 
35.0157 	 2 
35.1434 	 1 
35.1434 	 2 
35.1550 	 0 
35.3872 	 1 
35.3872 	 2 
35.3872 	 0 
35.6310 	 1 
35.6310 	 2 
35.6310 	 0 
35.7471 	 2 
35.8632 	 2 
35.9909 	 2 
36.1070 	 2 
36.1070 	 0 
36.1070 	 1 
36.4785 	 2 
36.6063 	 2 
37.0707 	 0 
37.0707 	 1 
37.0823 	 2 
37.3145 	 2 
37.5699 	 2 
37.6976 	 2 
37.8137 	 2 
38.0459 	 2 
38.0459 	 1 
38.0459 	 0 
38.2897 	 2 
38.4174 	 2 
38.5335 	 2 
38.6612 	 2 
38.7773 	 2 
39.0095 	 1 
39.0211 	 2 
39.0211 	 0 
39.0676 	 2 
39.1372 	 2 
39.2533 	 0 
39.2649 	 2 
39.2649 	 1 
39.3810 	 2 
39.4971 	 0 
39.4971 	 1 
39.5088 	 2 
39.6249 	 2 
39.7526 	 2 
39.7526 	 1 
39.8687 	 2 
39.9732 	 0 
39.9848 	 1 
39.9848 	 2 
40.2286 	 2 
40.4608 	 2 
40.7046 	 2 
40.7046 	 1 
40.7046 	 0 
40.9484 	 2 
40.9484 	 1 
40.9484 	 0 
41.2038 	 2 
41.4360 	 2 
41.8075 	 2 
41.9120 	 2 
41.9120 	 1 
41.9120 	 0 
42.8873 	 2 
42.8873 	 1 
42.8873 	 0 
43.1311 	 2 
43.1311 	 1 
43.1311 	 0 
43.3749 	 2 
43.3749 	 1 
43.3749 	 0 
43.8509 	 1 
43.8509 	 0 
43.8509 	 2 
44.5707 	 0 
44.5707 	 2 
44.5707 	 1 
44.8145 	 0 
44.8261 	 2 
44.8261 	 1 
45.3137 	 2 
45.7898 	 2 
45.7898 	 1 
46.7534 	 1 
46.7650 	 2 
46.7650 	 0 
46.9972 	 1 
46.9972 	 0 
46.9972 	 2 
47.2410 	 0 
47.2410 	 1 
47.2410 	 2 
47.7170 	 2 
47.7170 	 1 
47.7286 	 0 
48.6922 	 2 
48.6922 	 1 
48.6922 	 0 
49.6559 	 1 
49.6559 	 2 
49.6675 	 0 
50.0274 	 0 
50.0274 	 2 
50.0274 	 1 
50.3873 	 0 
50.3873 	 2 
50.3873 	 1 
50.6311 	 0 
50.6311 	 1 
50.6311 	 2 
51.1187 	 0 
51.1187 	 2 
51.1187 	 1 
51.5947 	 2 
51.5947 	 1 
51.6063 	 0 
52.0824 	 0 
52.0824 	 2 
52.0824 	 1 
52.3262 	 2 
52.3378 	 1 
52.4423 	 2 
52.4423 	 0 
52.5584 	 1 
52.5584 	 0 
52.5700 	 2 
52.6861 	 0 
52.6861 	 2 
53.0460 	 0 
53.0460 	 2 
53.0460 	 1 
53.1737 	 1 
53.1737 	 2 
53.3014 	 2 
53.4291 	 2 
53.5336 	 0 
53.5336 	 2 
53.5336 	 1 
53.6729 	 2 
53.8935 	 2 
54.0212 	 0 
54.0212 	 1 
54.0212 	 2 
54.1489 	 2 
54.2650 	 2 
54.4972 	 2 
54.4972 	 1 
54.5088 	 0 
54.7527 	 2 
54.8688 	 2 
54.9849 	 1 
54.9849 	 0 
54.9849 	 2 
55.1358 	 2 
55.2403 	 2 
55.2403 	 0 
55.4609 	 2 
55.4725 	 1 
55.4725 	 0 
55.6002 	 2 
55.7163 	 2 
55.7163 	 0 
55.8324 	 2 
55.9485 	 0 
55.9485 	 2 
55.9601 	 1 
56.0762 	 2 
56.1923 	 2 
56.3084 	 2 
56.3084 	 0 
56.4361 	 1 
56.4361 	 2 
56.4361 	 0 
56.5638 	 2 
56.6799 	 2 
56.9237 	 1 
56.9237 	 0 
56.9237 	 2 
57.0514 	 2 
57.1443 	 2 
57.3997 	 1 
57.3997 	 2 
57.4113 	 0 
57.6319 	 2 
57.6435 	 1 
57.6435 	 0 
57.8873 	 0 
57.8873 	 2 
57.8873 	 1 
58.1428 	 2 
58.3634 	 1 
58.3750 	 2 
58.3750 	 0 
58.6188 	 2 
58.7349 	 2 
58.8510 	 0 
58.8626 	 1 
58.8626 	 2 
58.9903 	 2 
59.1064 	 2 
59.3386 	 1 
59.3386 	 2 
59.3386 	 0 
59.8262 	 0 
59.8262 	 2 
59.8262 	 1 
60.0700 	 2 
60.1861 	 2 
60.3138 	 2 
60.3138 	 0 
60.3138 	 1 
60.4299 	 0 
60.4299 	 2 
60.7898 	 2 
60.7898 	 0 
60.7898 	 1 
60.9176 	 2 
61.0337 	 2 
61.0337 	 1 
61.0337 	 0 
61.1614 	 2 
61.2775 	 2 
61.2775 	 1 
61.2775 	 0 
61.5213 	 2 
61.7535 	 1 
61.7535 	 0 
61.7651 	 2 
61.8928 	 2 
61.9973 	 0 
62.0089 	 2 
62.2411 	 2 
62.2411 	 1 
62.2411 	 0 
62.7287 	 1 
62.7287 	 0 
62.7287 	 2 
62.9493 	 2 
63.2047 	 2 
63.2047 	 1 
63.2163 	 0 
63.6923 	 2 
63.6923 	 0 
63.6923 	 1 
63.9361 	 2 
64.0522 	 2 
64.1800 	 2 
64.1800 	 0 
64.1800 	 1 
64.2961 	 2 
64.6560 	 0 
64.6676 	 1 
64.6676 	 2 
65.1436 	 1 
65.1436 	 2 
65.1436 	 0 
65.2713 	 1 
65.2713 	 2 
65.3874 	 2 
65.3874 	 0 
65.3990 	 1 
65.5151 	 2 
65.5151 	 1 
65.5151 	 0 
65.8634 	 2 
65.8750 	 1 
65.8750 	 0 
65.9911 	 2 
65.9911 	 1 
65.9911 	 0 
66.1072 	 2 
66.1188 	 0 
66.1188 	 1 
66.2233 	 2 
66.5948 	 1 
66.5948 	 2 
66.5948 	 0 
66.7109 	 1 
66.7109 	 0 
66.7225 	 2 
67.0824 	 2 
67.0824 	 0 
67.0824 	 1 
67.5701 	 2 
67.5701 	 0 
67.5701 	 1 
68.0461 	 1 
68.0461 	 0 
68.0461 	 2 
68.5337 	 0 
68.5337 	 1 
68.5337 	 2 
69.0213 	 1 
69.0213 	 0 
69.0213 	 2 
69.4973 	 0 
69.4973 	 2 
69.4973 	 1 
69.9849 	 1 
69.9849 	 2 
69.9849 	 0 
70.4610 	 1 
70.4726 	 2 
70.4726 	 0 
70.9486 	 1 
70.9486 	 2 
70.9602 	 0 
71.4362 	 0 
71.4362 	 2 
71.4362 	 1 
71.9238 	 0 
71.9238 	 2 
71.9238 	 1 
72.3998 	 0 
72.3998 	 2 
72.3998 	 1 
72.8874 	 2 
72.8874 	 1 
72.8874 	 0 
73.1312 	 2 
73.3751 	 0 
73.3751 	 1 
73.3751 	 2 
73.8511 	 0 
73.8511 	 1 
73.8627 	 2 
74.0949 	 0 
74.0949 	 2 
74.0949 	 1 
74.3387 	 1 
74.3387 	 0 
74.3387 	 2 
74.5825 	 1 
74.5825 	 2 
74.5825 	 0 
74.8263 	 2 
74.8263 	 0 
74.8263 	 1 
75.0585 	 2 
75.0585 	 0 
75.0585 	 1 
75.3023 	 2 
75.3023 	 0 
75.3023 	 1 
75.5461 	 0 
75.5461 	 2 
75.5577 	 1 
75.6738 	 2 
75.7899 	 2 
75.7899 	 0 
76.0221 	 2 
76.0337 	 0 
76.2776 	 2 
76.2776 	 0 
76.2776 	 1 
76.3937 	 2 
76.5214 	 1 
76.5214 	 0 
76.5214 	 2 
76.6375 	 2 
76.7536 	 0 
76.7652 	 1 
76.7652 	 2 
76.8813 	 2 
76.9974 	 1 
76.9974 	 0 
76.9974 	 2 
77.2412 	 0 
77.2412 	 1 
77.2412 	 2 
77.4850 	 1 
77.4850 	 2 
77.4850 	 0 
77.6011 	 2 
77.7288 	 2 
77.7288 	 0 
77.7288 	 1 
77.8449 	 2 
77.8449 	 1 
77.8565 	 0 
77.9726 	 1 
77.9726 	 0 
77.9726 	 2 
78.0887 	 2 
78.0887 	 1 
78.0887 	 0 
78.2164 	 2 
78.2164 	 0 
78.2164 	 1 
78.3325 	 1 
78.3325 	 0 
78.3441 	 2 
78.3906 	 2 
78.4486 	 0 
78.4486 	 1 
78.4602 	 2 
78.5183 	 2 
78.5763 	 2 
78.5763 	 0 
78.5763 	 1 
78.6344 	 2 
78.6924 	 2 
78.6924 	 0 
78.6924 	 1 
78.8085 	 2 
78.8201 	 1 
78.8201 	 0 
78.8782 	 2 
78.9362 	 2 
78.9362 	 1 
78.9362 	 0 
78.9943 	 2 
79.0523 	 2 
79.0523 	 1 
79.0639 	 0 
79.1800 	 2 
79.1800 	 1 
79.1800 	 0 
79.2961 	 0 
79.2961 	 1 
79.2961 	 2 
79.4122 	 1 
79.4239 	 0 
79.4239 	 2 
79.5400 	 1 
79.5400 	 0 
79.5516 	 2 
79.6561 	 0 
79.6561 	 1 
79.6677 	 2 
79.7722 	 1 
79.7838 	 2 
79.7838 	 0 
79.8999 	 1 
79.9115 	 2 
79.9115 	 0 
80.0276 	 1 
80.0276 	 0 
80.0276 	 2 
80.1437 	 1 
80.1437 	 2 
80.1437 	 0 
80.2714 	 1 
80.2714 	 2 
80.3875 	 1 
80.3875 	 2 
80.3875 	 0 
80.5036 	 1 
80.5036 	 2 
80.5152 	 0 
80.6313 	 0 
80.6313 	 1 
80.6313 	 2 
80.7474 	 2 
80.7474 	 1 
80.7474 	 0 
80.8635 	 0 
80.8751 	 1 
80.8751 	 2 
80.9912 	 0 
80.9912 	 1 
80.9912 	 2 
81.1189 	 2 
81.1189 	 0 
81.1189 	 1 
81.2350 	 2 
81.2350 	 0 
81.3627 	 2 
81.3627 	 1 
81.3627 	 0 
81.4788 	 0 
81.4788 	 2 
81.5949 	 2 
81.5949 	 0 
81.5949 	 1 
81.6530 	 2 
81.7226 	 1 
81.7226 	 2 
81.8387 	 1 
81.8387 	 2 
81.8503 	 0 
81.9664 	 2 
81.9664 	 1 
81.9664 	 0 
82.0245 	 2 
82.0825 	 1 
82.0941 	 2 
82.0941 	 0 
82.1986 	 1 
82.2102 	 0 
82.2102 	 2 
82.3263 	 0 
82.3263 	 1 
82.3380 	 2 
82.4424 	 2 
82.4541 	 1 
82.4541 	 0 
82.5005 	 2 
82.5702 	 2 
82.5702 	 1 
82.5702 	 0 
82.6863 	 2 
82.6863 	 1 
82.6979 	 0 
82.8024 	 1 
82.8140 	 0 
82.8256 	 2 
82.9185 	 1 
82.9301 	 0 
82.9417 	 2 
82.9881 	 2 
83.0462 	 1 
83.0462 	 0 
83.0578 	 2 
83.1739 	 1 
83.1739 	 2 
83.1739 	 0 
83.2900 	 1 
83.2900 	 0 
83.3016 	 2 
83.3596 	 2 
83.4061 	 1 
83.4177 	 0 
83.4177 	 2 
83.4757 	 2 
83.5338 	 2 
83.5338 	 1 
83.5338 	 0 
83.5918 	 2 
83.6499 	 1 
83.6615 	 2 
83.6615 	 0 
83.7079 	 2 
83.7776 	 2 
83.7776 	 0 
83.7776 	 1 
83.8356 	 2 
83.8937 	 2 
83.8937 	 0 
83.8937 	 1 
83.9517 	 2 
84.0098 	 2 
84.0214 	 0 
84.0214 	 1 
84.0678 	 2 
84.1375 	 2 
84.1375 	 1 
84.1491 	 0 
84.1956 	 2 
84.2652 	 2 
84.2652 	 0 
84.2652 	 1 
84.3233 	 2 
84.3813 	 1 
84.3813 	 2 
84.3813 	 0 
84.4394 	 2 
84.4974 	 2 
84.4974 	 1 
84.5090 	 0 
84.5671 	 2 
84.6251 	 0 
84.6251 	 1 
84.6251 	 2 
84.6832 	 2 
84.7412 	 1 
84.7528 	 0 
84.7528 	 2 
84.7993 	 2 
84.8689 	 0 
84.8689 	 1 
84.8689 	 2 
84.9270 	 2 
84.9850 	 1 
84.9850 	 0 
84.9850 	 2 
85.0431 	 2 
85.1011 	 0 
85.1011 	 1 
85.1011 	 2 
85.2288 	 2 
85.2288 	 0 
85.2288 	 1 
85.3449 	 1 
85.3566 	 2 
85.3566 	 0 
85.4727 	 2 
85.4727 	 0 
85.4727 	 1 
85.5307 	 2 
85.5888 	 2 
85.5888 	 0 
85.5888 	 1 
85.7165 	 0 
85.7165 	 2 
85.7165 	 1 
85.8326 	 2 
85.8442 	 0 
85.9487 	 2 
85.9603 	 1 
85.9603 	 0 
86.0764 	 1 
86.0764 	 0 
86.0764 	 2 
86.1925 	 1 
86.1925 	 2 
86.2041 	 0 
86.2505 	 2 
86.3202 	 1 
86.3202 	 0 
86.3202 	 2 
86.4479 	 1 
86.4479 	 2 
86.4479 	 0 
86.5640 	 2 
86.5640 	 1 
86.5640 	 0 
86.6220 	 2 
86.6801 	 2 
86.6801 	 1 
86.6917 	 0 
86.8078 	 2 
86.8078 	 0 
86.8659 	 2 
86.9239 	 0 
86.9239 	 2 
86.9820 	 2 
87.0400 	 2 
87.0516 	 0 
87.0980 	 2 
87.1561 	 2 
87.1677 	 0 
87.2258 	 2 
87.2838 	 0 
87.2838 	 2 
87.2954 	 1 
87.3419 	 2 
87.3999 	 0 
87.3999 	 2 
87.4115 	 1 
87.4580 	 2 
87.5276 	 2 
87.5276 	 0 
87.5276 	 1 
87.5857 	 2 
87.6437 	 2 
87.6553 	 0 
87.6553 	 1 
87.7018 	 2 
87.7714 	 0 
87.7714 	 2 
87.7714 	 1 
87.8295 	 2 
87.8875 	 0 
87.8875 	 1 
87.8875 	 2 
87.9456 	 2 
88.0036 	 2 
88.0152 	 1 
88.0152 	 0 
88.0733 	 2 
88.1313 	 2 
88.1313 	 1 
88.1429 	 0 
88.1662 	 2 
88.2474 	 2 
88.2823 	 2 
88.3403 	 2 
88.3751 	 2 
88.3751 	 0 
88.4912 	 0 
88.4912 	 2 
88.6190 	 2 
88.6190 	 0 
88.7351 	 2 
88.8047 	 2 
88.8628 	 0 
88.8628 	 2 
88.9208 	 2 
88.9789 	 2 
88.9905 	 1 
88.9905 	 0 
89.0369 	 2 
89.0950 	 2 
89.1066 	 0 
89.1646 	 2 
89.2227 	 0 
89.2227 	 2 
89.3388 	 2 
89.3504 	 0 
89.4665 	 1 
89.4665 	 2 
89.4665 	 0 
89.5245 	 2 
89.5826 	 2 
89.5826 	 0 
89.5826 	 1 
89.6406 	 2 
89.7103 	 2 
89.7103 	 1 
89.7916 	 2 
89.8264 	 1 
89.8380 	 2 
89.8380 	 0 
89.8961 	 2 
89.9425 	 1 
89.9425 	 2 
89.9541 	 0 
90.0005 	 2 
90.0702 	 0 
90.0702 	 2 
90.0702 	 1 
90.1863 	 2 
90.1979 	 1 
90.1979 	 0 
90.2444 	 2 
90.3140 	 2 
90.3140 	 0 
90.3140 	 1 
90.3721 	 2 
90.4301 	 2 
90.4301 	 0 
90.4301 	 1 
90.4882 	 2 
90.5462 	 0 
90.5462 	 1 
90.5578 	 2 
90.6043 	 2 
90.6739 	 2 
90.6739 	 0 
90.6739 	 1 
90.7320 	 2 
90.7900 	 1 
90.7900 	 0 
90.8016 	 2 
90.9177 	 1 
90.9177 	 0 
90.9177 	 2 
90.9758 	 2 
91.0338 	 1 
91.0338 	 0 
91.0338 	 2 
91.0919 	 2 
91.1499 	 2 
91.1615 	 0 
91.1615 	 1 
91.2080 	 2 
91.2776 	 1 
91.2776 	 2 
91.2893 	 0 
91.3937 	 2 
91.4054 	 0 
91.4518 	 2 
91.5098 	 2 
91.5215 	 0 
91.5795 	 2 
91.6376 	 1 
91.6376 	 2 
91.6492 	 0 
91.6956 	 2 
91.7653 	 0 
91.7653 	 1 
91.7653 	 2 
91.8233 	 2 
91.8814 	 1 
91.8930 	 2 
91.9394 	 2 
91.9975 	 2 
92.0439 	 2 
92.0671 	 2 
92.1252 	 2 
92.1252 	 1 
92.1716 	 2 
92.2413 	 1 
92.2413 	 0 
92.2413 	 2 
92.3690 	 2 
92.3690 	 1 
92.4851 	 2 
92.4851 	 1 
92.4851 	 0 
92.6128 	 0 
92.6128 	 2 
92.6128 	 1 
92.7289 	 0 
92.7289 	 1 
92.7289 	 2 
92.8334 	 2 
92.8450 	 1 
92.8450 	 0 
92.8914 	 2 
92.9727 	 2 
92.9727 	 1 
92.9727 	 0 
93.0888 	 0 
93.0888 	 1 
93.0888 	 2 
93.2049 	 1 
93.2165 	 0 
93.2165 	 2 
93.3326 	 1 
93.3326 	 2 
93.3442 	 0 
93.4487 	 1 
93.4603 	 2 
93.4603 	 0 
93.5764 	 2 
93.5880 	 0 
93.6345 	 2 
93.6925 	 2 
93.7622 	 2 
93.8202 	 2 
93.9363 	 2 
93.9944 	 2 
94.0524 	 1 
94.0524 	 2 
94.1801 	 1 
94.1801 	 2 
94.1801 	 0 
94.2382 	 2 
94.2962 	 2 
94.2962 	 1 
94.2962 	 0 
94.3543 	 2 
94.4239 	 0 
94.4239 	 1 
94.4239 	 2 
94.4820 	 2 
94.5400 	 2 
94.5400 	 1 
94.5517 	 0 
94.5981 	 2 
94.6561 	 1 
94.6678 	 0 
94.6678 	 2 
94.7258 	 2 
94.7839 	 2 
94.7839 	 1 
94.7839 	 0 
94.8419 	 2 
94.9000 	 0 
94.9000 	 1 
94.9116 	 2 
94.9580 	 2 
95.0277 	 1 
95.0277 	 2 
95.0277 	 0 
95.0741 	 2 
95.1438 	 1 
95.1554 	 2 
95.1554 	 0 
95.2250 	 2 
95.2715 	 1 
95.2715 	 0 
95.2715 	 2 
95.3295 	 2 
95.3876 	 1 
95.3876 	 2 
95.3876 	 0 
95.4456 	 2 
95.5037 	 2 
95.5385 	 2 
95.6314 	 2 
95.7010 	 2 
95.7591 	 0 
95.7591 	 2 
95.8171 	 2 
95.8752 	 0 
95.8752 	 2 
95.8752 	 1 
95.9332 	 2 
95.9913 	 1 
95.9913 	 2 
96.0029 	 0 
96.1190 	 1 
96.1190 	 0 
96.1190 	 2 
96.2351 	 1 
96.2351 	 0 
96.2351 	 2 
96.2932 	 2 
96.3628 	 2 
96.3628 	 0 
96.3628 	 1 
96.4789 	 2 
96.4789 	 0 
96.4789 	 1 
96.5950 	 1 
96.6066 	 0 
96.6066 	 2 
96.7227 	 2 
96.7227 	 0 
96.7227 	 1 
96.7692 	 2 
96.8388 	 2 
96.8388 	 1 
96.8388 	 0 
96.9085 	 2 
96.9549 	 1 
96.9665 	 0 
96.9665 	 2 
97.0246 	 2 
97.0826 	 1 
97.0826 	 2 
97.0942 	 0 
97.1407 	 2 
97.1987 	 0 
97.1987 	 2 
97.1987 	 1 
97.3264 	 2 
97.3264 	 0 
97.3264 	 1 
97.3961 	 2 
97.4425 	 0 
97.4425 	 1 
97.4425 	 2 
97.5006 	 2 
97.5702 	 1 
97.5702 	 0 
97.5702 	 2 
97.6283 	 2 
97.6863 	 1 
97.6863 	 0 
97.6863 	 2 
97.7444 	 2 
97.8141 	 1 
97.8141 	 0 
97.8141 	 2 
97.8721 	 2 
97.9302 	 0 
97.9302 	 1 
97.9302 	 2 
98.0463 	 1 
98.0579 	 2 
98.0579 	 0 
98.1159 	 2 
98.1740 	 2 
98.1740 	 1 
98.1856 	 0 
98.2901 	 1 
98.3017 	 2 
98.3017 	 0 
98.3597 	 2 
98.4178 	 0 
98.4178 	 2 
98.4178 	 1 
98.4758 	 2 
98.5339 	 1 
98.5455 	 2 
98.5455 	 0 
98.5919 	 2 
98.6500 	 2 
98.6616 	 1 
98.6616 	 0 
98.7080 	 2 
98.7777 	 2 
98.7777 	 1 
98.7893 	 0 
98.8357 	 2 
98.8938 	 2 
98.9054 	 0 
98.9634 	 2 
99.0215 	 2 
99.0215 	 1 
99.0215 	 0 
99.0795 	 2 
99.1376 	 2 
99.1376 	 1 
99.1376 	 0 
99.1956 	 2 
99.2537 	 1 
99.2653 	 2 
99.2653 	 0 
99.3234 	 2 
99.3814 	 1 
99.3814 	 0 
99.3814 	 2 
99.4511 	 2 
99.4975 	 1 
99.5091 	 2 
99.5091 	 0 
99.6252 	 1 
99.6252 	 2 
99.6368 	 0 
99.6717 	 2 
99.7413 	 0 
99.7413 	 1 
99.7413 	 2 
99.7994 	 2 
99.8574 	 1 
99.8690 	 2 
99.9271 	 2 
99.9851 	 2 
100.0548 	 2 
100.1012 	 2 
100.1593 	 2 
100.2289 	 2 
100.2870 	 2 
100.3450 	 2 
100.3450 	 1 
100.3450 	 0 
100.4727 	 1 
100.4727 	 2 
100.4844 	 0 
100.5308 	 2 
100.5888 	 2 
100.6469 	 2 
100.7166 	 2 
100.7166 	 1 
100.7282 	 0 
100.8327 	 2 
100.8443 	 0 
100.8443 	 1 
100.8907 	 2 
100.9604 	 1 
100.9604 	 0 
100.9604 	 2 
101.0765 	 2 
101.0765 	 1 
101.0765 	 0 
101.2042 	 2 
101.2042 	 1 
101.2042 	 0 
101.3203 	 0 
101.3203 	 2 
101.3203 	 1 
101.3783 	 2 
101.4364 	 2 
101.4480 	 1 
101.4480 	 0 
101.4944 	 2 
101.5525 	 2 
101.5641 	 0 
101.6105 	 2 
101.6802 	 2 
101.6918 	 0 
101.7382 	 2 
101.8079 	 0 
101.8079 	 2 
101.8543 	 2 
101.9240 	 2 
102.0401 	 2 
102.0517 	 0 
102.1678 	 1 
102.1678 	 2 
102.2839 	 1 
102.2839 	 0 
102.2839 	 2 
102.4116 	 0 
102.4116 	 1 
102.4116 	 2 
102.5277 	 2 
102.5277 	 0 
102.5393 	 1 
102.6438 	 2 
102.6438 	 0 
102.6554 	 1 
102.7715 	 2 
102.7831 	 0 
102.8876 	 0 
102.8876 	 2 
103.0037 	 2 
103.0153 	 0 
103.1314 	 0 
103.1314 	 2 
103.2475 	 2 
103.2591 	 0 
103.3636 	 2 
103.4913 	 2 
103.6074 	 2 
103.6074 	 1 
103.7351 	 2 
103.8512 	 2 
103.8512 	 1 
103.8629 	 0 
103.9673 	 2 
103.9790 	 1 
103.9790 	 0 
104.0951 	 2 
104.0951 	 0 
104.0951 	 1 
104.2112 	 2 
104.2228 	 1 
104.3389 	 0 
104.3389 	 1 
104.3389 	 2 
104.4550 	 2 
104.5014 	 2 
104.5246 	 2 
104.5827 	 2 
104.5827 	 0 
104.5827 	 1 
104.6407 	 2 
104.6988 	 0 
104.6988 	 2 
104.7104 	 1 
104.7568 	 2 
104.8149 	 2 
104.8265 	 1 
104.8265 	 0 
104.9426 	 2 
104.9542 	 1 
104.9542 	 0 
105.0122 	 2 
105.0703 	 2 
105.0703 	 1 
105.0703 	 0 
105.1283 	 2 
105.1864 	 2 
105.1864 	 0 
105.1980 	 1 
105.3025 	 2 
105.3025 	 0 
105.3141 	 1 
105.4302 	 2 
105.4302 	 1 
105.4302 	 0 
105.5463 	 2 
105.5579 	 1 
105.5579 	 0 
105.6624 	 2 
105.6740 	 1 
105.6856 	 0 
105.7205 	 2 
105.7901 	 0 
105.7901 	 1 
105.7901 	 2 
105.8482 	 2 
105.9178 	 0 
105.9178 	 1 
105.9178 	 2 
105.9759 	 2 
106.0339 	 0 
106.0339 	 2 
106.0455 	 1 
106.1616 	 0 
106.1616 	 2 
106.1616 	 1 
106.2777 	 0 
106.2777 	 2 
106.2777 	 1 
106.3358 	 2 
106.4054 	 2 
106.4054 	 0 
106.4054 	 1 
106.5215 	 0 
106.5215 	 2 
106.5215 	 1 
106.6376 	 1 
106.6376 	 0 
106.6376 	 2 
106.7537 	 1 
106.7537 	 2 
106.7654 	 0 
106.8815 	 1 
106.8815 	 0 
106.8815 	 2 
107.0092 	 1 
107.0092 	 0 
107.0092 	 2 
107.1253 	 2 
107.1253 	 0 
107.1253 	 1 
107.2414 	 0 
107.2414 	 2 
107.2414 	 1 
107.3691 	 1 
107.3691 	 2 
107.3691 	 0 
107.4852 	 0 
107.4852 	 2 
107.4852 	 1 
107.6013 	 0 
107.6013 	 2 
107.6013 	 1 
107.7290 	 0 
107.7290 	 2 
107.7290 	 1 
107.8451 	 1 
107.8451 	 2 
107.8567 	 0 
107.9728 	 1 
107.9728 	 2 
107.9728 	 0 
108.0889 	 0 
108.0889 	 2 
108.1005 	 1 
108.2166 	 2 
108.2166 	 0 
108.2166 	 1 
108.3327 	 1 
108.3327 	 2 
108.3443 	 0 
108.4604 	 2 
108.4604 	 1 
108.4604 	 0 
108.5765 	 0 
108.5765 	 2 
108.5765 	 1 
108.6926 	 1 
108.6926 	 2 
108.7042 	 0 
108.8203 	 0 
108.8203 	 1 
108.8203 	 2 
108.9364 	 1 
108.9480 	 2 
108.9480 	 0 
109.0525 	 1 
109.0641 	 0 
109.0641 	 2 
109.1802 	 2 
109.1802 	 1 
109.1802 	 0 
109.2963 	 0 
109.2963 	 2 
109.3079 	 1 
109.4240 	 0 
109.4240 	 1 
109.4240 	 2 
109.5401 	 1 
109.5401 	 2 
109.5401 	 0 
109.6562 	 1 
109.6678 	 2 
109.6678 	 0 
109.7839 	 2 
109.7839 	 1 
109.7839 	 0 
109.9000 	 1 
109.9117 	 2 
109.9117 	 0 
110.0278 	 1 
110.0278 	 2 
110.0278 	 0 
110.1439 	 1 
110.1439 	 2 
110.1555 	 0 
110.2716 	 1 
110.2716 	 0 
110.2716 	 2 
110.3877 	 1 
110.3877 	 0 
110.3993 	 2 
110.5038 	 0 
110.5154 	 1 
110.5154 	 2 
110.6315 	 2 
110.6315 	 0 
110.6315 	 1 
110.7476 	 0 
110.7592 	 1 
110.7592 	 2 
110.8637 	 0 
110.8753 	 2 
110.8753 	 1 
110.9914 	 2 
110.9914 	 0 
110.9914 	 1 
111.1075 	 0 
111.1191 	 1 
111.1191 	 2 
111.2352 	 2 
111.2352 	 0 
111.2352 	 1 
111.3629 	 1 
111.3629 	 0 
111.3629 	 2 
111.4790 	 1 
111.4790 	 0 
111.4790 	 2 
111.5951 	 2 
111.6067 	 1 
111.6067 	 0 
111.7228 	 1 
111.7228 	 0 
111.7228 	 2 
111.8389 	 0 
111.8389 	 1 
111.8389 	 2 
111.9550 	 1 
111.9550 	 2 
111.9666 	 0 
112.0827 	 2 
112.0827 	 0 
112.0827 	 1 
112.1988 	 2 
112.1988 	 0 
112.2104 	 1 
112.3265 	 1 
112.3265 	 0 
112.3265 	 2 
112.4426 	 2 
112.4426 	 1 
112.4426 	 0 
112.5703 	 2 
112.5703 	 1 
112.5703 	 0 
112.6864 	 2 
112.6864 	 0 
112.6864 	 1 
112.8141 	 2 
112.8141 	 1 
112.8141 	 0 
112.9302 	 1 
112.9302 	 0 
112.9302 	 2 
113.0463 	 1 
113.0463 	 0 
113.0463 	 2 
113.1741 	 1 
113.1741 	 2 
113.1741 	 0 
113.2902 	 1 
113.2902 	 0 
113.3018 	 2 
113.4063 	 0 
113.4063 	 1 
113.4179 	 2 
113.5340 	 2 
113.5340 	 1 
113.5340 	 0 
113.6501 	 2 
113.6617 	 1 
113.6617 	 0 
113.7662 	 0 
113.7778 	 1 
113.7778 	 2 
113.8939 	 1 
113.8939 	 2 
114.0216 	 2 
114.0216 	 0 
114.0216 	 1 
114.1377 	 2 
114.1377 	 0 
114.2654 	 2 
114.2654 	 0 
114.2654 	 1 
114.3815 	 0 
114.3815 	 1 
114.3815 	 2 
114.4976 	 1 
114.4976 	 2 
114.5092 	 0 
114.6253 	 1 
114.6253 	 0 
114.6253 	 2 
114.7414 	 0 
114.7414 	 1 
114.7414 	 2 
114.8575 	 0 
114.8691 	 1 
114.8691 	 2 
114.9852 	 2 
114.9852 	 1 
114.9852 	 0 
115.1129 	 2 
115.1129 	 0 
115.1129 	 1 
115.2290 	 1 
115.2290 	 2 
115.2290 	 0 
115.3451 	 2 
115.3451 	 1 
115.3567 	 0 
115.4728 	 2 
115.4728 	 0 
115.4728 	 1 
115.5889 	 2 
115.5889 	 0 
115.5889 	 1 
115.7050 	 0 
115.7166 	 1 
115.7166 	 2 
115.8327 	 2 
115.8327 	 0 
115.8327 	 1 
115.9488 	 2 
115.9488 	 1 
115.9605 	 0 
116.0766 	 2 
116.2043 	 0 
116.2043 	 1 
116.2043 	 2 
116.3204 	 2 
116.3204 	 1 
116.4365 	 2 
116.4365 	 1 
116.4365 	 0 
116.5642 	 2 
116.5642 	 0 
116.5642 	 1 
116.6803 	 1 
116.6803 	 2 
116.6803 	 0 
116.7964 	 1 
116.7964 	 0 
116.8080 	 2 
116.9241 	 2 
116.9241 	 0 
116.9241 	 1 
117.0402 	 0 
117.0402 	 2 
117.0518 	 1 
117.1563 	 0 
117.1679 	 2 
117.1679 	 1 
117.2840 	 0 
117.2840 	 2 
117.2840 	 1 
117.4001 	 1 
117.4001 	 2 
117.4117 	 0 
117.4581 	 2 
117.5278 	 0 
117.5278 	 2 
117.5278 	 1 
117.5975 	 2 
117.6439 	 0 
117.6439 	 2 
117.6555 	 1 
117.7020 	 2 
117.7600 	 2 
117.7716 	 1 
117.7716 	 0 
117.8180 	 2 
117.8877 	 0 
117.8877 	 1 
117.8877 	 2 
118.0154 	 0 
118.0154 	 1 
118.0154 	 2 
118.1315 	 0 
118.1315 	 2 
118.1315 	 1 
118.2476 	 1 
118.2476 	 2 
118.2476 	 0 
118.3637 	 2 
118.3753 	 1 
118.3753 	 0 
118.4914 	 2 
118.4914 	 0 
118.5030 	 1 
118.6191 	 1 
118.6191 	 0 
118.6191 	 2 
118.7352 	 2 
118.7352 	 1 
118.7352 	 0 
118.7933 	 0 
118.7933 	 2 
118.8513 	 2 
118.8629 	 1 
118.8629 	 0 
118.9790 	 2 
118.9790 	 0 
118.9907 	 1 
119.0951 	 0 
119.1068 	 2 
119.1068 	 1 
119.2229 	 2 
119.2229 	 1 
119.2229 	 0 
119.3390 	 2 
119.3390 	 1 
119.3390 	 0 
119.4667 	 2 
119.4667 	 1 
119.4667 	 0 
119.5131 	 2 
119.5828 	 0 
119.5828 	 2 
119.5944 	 1 
119.6524 	 2 
119.7105 	 1 
119.7105 	 2 
119.7105 	 0 
119.8266 	 0 
119.8266 	 2 
119.8266 	 1 
119.9543 	 1 
119.9543 	 2 
120.0123 	 2 
120.0704 	 1 
120.0704 	 2 
120.0704 	 0 
120.1865 	 1 
120.1865 	 2 
120.3026 	 0 
120.3026 	 2 
120.3026 	 1 
120.3606 	 2 
120.4303 	 0 
120.4303 	 2 
120.4767 	 2 
120.5348 	 2 
120.5464 	 0 
120.7786 	 1 
120.7786 	 0 
120.7902 	 2 
121.0340 	 2 
121.0340 	 1 
121.0340 	 0 
121.2662 	 2 
121.2662 	 1 
121.2662 	 0 
121.3823 	 2 
121.5100 	 1 
121.5100 	 2 
121.7422 	 1 
121.7422 	 0 
121.7538 	 2 
121.9860 	 1 
121.9860 	 2 
121.9860 	 0 
122.2415 	 1 
122.2415 	 2 
122.2415 	 0 
122.2995 	 2 
122.3576 	 2 
122.3692 	 1 
122.4156 	 2 
122.4272 	 1 
122.4737 	 1 
122.4737 	 2 
122.4853 	 0 
122.5433 	 1 
122.5549 	 2 
122.6014 	 1 
122.6014 	 2 
122.6130 	 0 
122.6594 	 2 
122.7175 	 2 
122.7291 	 1 
122.7291 	 0 
122.7755 	 2 
122.9613 	 2 
122.9613 	 0 
122.9613 	 1 
123.0541 	 2 
123.2051 	 0 
123.2051 	 2 
123.2051 	 1 
123.3212 	 2 
123.4489 	 1 
123.4489 	 2 
123.4489 	 0 
123.6811 	 0 
123.6927 	 2 
123.8088 	 2 
123.9249 	 0 
123.9249 	 2 
123.9249 	 1 
124.0526 	 2 
124.1687 	 2 
124.1687 	 1 
124.1687 	 0 
124.2384 	 0 
124.2384 	 2 
124.2964 	 0 
124.2964 	 2 
124.3545 	 2 
124.3545 	 0 
124.4125 	 2 
124.4706 	 2 
124.5402 	 2 
124.5983 	 2 
124.5983 	 0 
124.6563 	 0 
124.6563 	 2 
124.7028 	 2 
124.7608 	 2 
124.8305 	 2 
124.9001 	 0 
124.9001 	 2 
124.9117 	 1 
124.9814 	 2 
125.1439 	 0 
125.1439 	 1 
125.1439 	 2 
125.1904 	 2 
125.2368 	 2 
125.2949 	 0 
125.3065 	 2 
125.4574 	 2 
125.6316 	 1 
125.6316 	 0 
125.6316 	 2 
125.7941 	 2 
125.8638 	 0 
125.8638 	 2 
125.8754 	 1 
125.9218 	 2 
125.9799 	 1 
125.9915 	 2 
126.0495 	 2 
126.1076 	 0 
126.1076 	 1 
126.1076 	 2 
126.1656 	 2 
126.2353 	 1 
126.2353 	 2 
126.2933 	 2 
126.3514 	 2 
126.3514 	 1 
126.3514 	 0 
126.4094 	 2 
126.4094 	 1 
126.4210 	 0 
126.4791 	 1 
126.4791 	 2 
126.4791 	 0 
126.5255 	 0 
126.5371 	 2 
126.5952 	 1 
126.5952 	 0 
126.5952 	 2 
126.6416 	 2 
126.6997 	 2 
126.7693 	 2 
126.8274 	 2 
126.8274 	 1 
126.8274 	 0 
126.9203 	 2 
127.0712 	 2 
127.0828 	 0 
127.0828 	 1 
127.1409 	 2 
127.1989 	 2 
127.1989 	 1 
127.2570 	 2 
127.2570 	 1 
127.2686 	 0 
127.3150 	 2 
127.3266 	 1 
127.3266 	 0 
127.3731 	 2 
127.3847 	 0 
127.4311 	 1 
127.4427 	 0 
127.4427 	 2 
127.4892 	 0 
127.5008 	 2 
127.5588 	 2 
127.5588 	 1 
127.5588 	 0 
127.6285 	 1 
127.6285 	 2 
127.6285 	 0 
127.6749 	 2 
127.6749 	 0 
127.7446 	 2 
127.8026 	 2 
127.8026 	 1 
127.8026 	 0 
127.8607 	 2 
127.8607 	 0 
127.9187 	 0 
127.9187 	 2 
127.9884 	 2 
128.0464 	 0 
128.0464 	 2 
128.0464 	 1 
128.0929 	 0 
128.1045 	 2 
128.1741 	 0 
128.1741 	 2 
128.2206 	 2 
128.2322 	 0 
128.2786 	 2 
128.2902 	 0 
128.5108 	 0 
128.5224 	 2 
128.7663 	 2 
128.7663 	 0 
128.7779 	 1 
129.0101 	 1 
129.0101 	 2 
129.0217 	 0 
129.1262 	 2 
129.2423 	 1 
129.2539 	 2 
129.4861 	 2 
129.4861 	 0 
129.4861 	 1 
129.7299 	 0 
129.7299 	 1 
129.7299 	 2 
129.9853 	 2 
129.9853 	 0 
129.9853 	 1 
130.0434 	 2 
130.1014 	 2 
130.1595 	 2 
130.2175 	 1 
130.2175 	 2 
130.2175 	 0 
130.2756 	 2 
130.2756 	 0 
130.2872 	 1 
130.3336 	 0 
130.3336 	 2 
130.3452 	 1 
130.3917 	 2 
130.4613 	 1 
130.4613 	 2 
130.4729 	 0 
130.5194 	 2 
130.6935 	 1 
130.7051 	 2 
130.7051 	 0 
130.9489 	 1 
130.9489 	 0 
130.9489 	 2 
131.0650 	 2 
131.1927 	 1 
131.1927 	 0 
131.1927 	 2 
131.3088 	 2 
131.3205 	 0 
131.3205 	 1 
131.3669 	 2 
131.4366 	 0 
131.4366 	 2 
131.4366 	 1 
131.5527 	 2 
131.6804 	 0 
131.6804 	 2 
131.6804 	 1 
131.7965 	 2 
131.9126 	 0 
131.9126 	 2 
131.9126 	 1 
131.9706 	 0 
131.9822 	 2 
132.0403 	 2 
132.0403 	 0 
132.0403 	 1 
132.0983 	 2 
132.0983 	 0 
132.1564 	 2 
132.1564 	 1 
132.1564 	 0 
132.2144 	 2 
132.2841 	 2 
132.2841 	 1 
132.2841 	 0 
132.3421 	 2 
132.4002 	 1 
132.4002 	 2 
132.5163 	 0 
132.5163 	 2 
132.5279 	 1 
132.5627 	 2 
132.6440 	 0 
132.6440 	 1 
132.6440 	 2 
132.7020 	 2 
132.8878 	 1 
132.8878 	 0 
132.8878 	 2 
132.9691 	 2 
133.0039 	 0 
133.0155 	 2 
133.1200 	 2 
133.1200 	 0 
133.1316 	 1 
133.3638 	 0 
133.3638 	 1 
133.3638 	 2 
133.4915 	 2 
133.4915 	 1 
133.4915 	 0 
133.5496 	 2 
133.6076 	 2 
133.6076 	 0 
133.6192 	 1 
133.6773 	 2 
133.7353 	 2 
133.7353 	 0 
133.7353 	 1 
133.8514 	 1 
133.8514 	 0 
133.8514 	 2 
133.8979 	 2 
133.9443 	 2 
134.0140 	 2 
134.0140 	 1 
134.0140 	 0 
134.0604 	 2 
134.1068 	 2 
134.1765 	 0 
134.1765 	 2 
134.2229 	 2 
134.2694 	 2 
134.3274 	 1 
134.3390 	 2 
134.3390 	 0 
134.3971 	 2 
134.4551 	 2 
134.5712 	 1 
134.5712 	 2 
134.5712 	 0 
134.6641 	 2 
134.8267 	 0 
134.8267 	 2 
134.8267 	 1 
134.8847 	 2 
134.9428 	 1 
134.9428 	 2 
135.0589 	 0 
135.0589 	 2 
135.0705 	 1 
135.3027 	 2 
135.3027 	 1 
135.3027 	 0 
135.3607 	 2 
135.3607 	 0 
135.4304 	 2 
135.4304 	 1 
135.4304 	 0 
135.4884 	 1 
135.4884 	 2 
135.5465 	 0 
135.5465 	 1 
135.5465 	 2 
135.6045 	 0 
135.6045 	 2 
135.6161 	 1 
135.6626 	 2 
135.6742 	 1 
135.6742 	 0 
135.7206 	 2 
135.7322 	 1 
135.7903 	 0 
135.7903 	 2 
135.7903 	 1 
135.8483 	 0 
135.8483 	 2 
135.9064 	 0 
135.9064 	 2 
135.9064 	 1 
135.9644 	 0 
135.9761 	 2 
136.0225 	 0 
136.0225 	 2 
136.0225 	 1 
136.2663 	 0 
136.2663 	 1 
136.2663 	 2 
136.5101 	 1 
136.5101 	 0 
136.5101 	 2 
136.7539 	 1 
136.7539 	 0 
136.7539 	 2 
136.8700 	 2 
136.9861 	 2 
136.9977 	 1 
136.9977 	 0 
137.2299 	 1 
137.2299 	 0 
137.2299 	 2 
137.4737 	 2 
137.4737 	 0 
137.4737 	 1 
137.7292 	 0 
137.7292 	 2 
137.7292 	 1 
137.7872 	 2 
137.8453 	 2 
137.8569 	 1 
137.9033 	 2 
137.9149 	 0 
137.9149 	 1 
137.9614 	 2 
137.9614 	 1 
137.9614 	 0 
138.0194 	 2 
138.0775 	 2 
138.0891 	 0 
138.1355 	 2 
138.2052 	 0 
138.2052 	 2 
138.2052 	 1 
138.2632 	 2 
138.4374 	 0 
138.4490 	 2 
138.4490 	 1 
138.6928 	 2 
138.6928 	 0 
138.6928 	 1 
138.8089 	 2 
138.9366 	 2 
138.9366 	 1 
138.9366 	 0 
139.1688 	 1 
139.1688 	 2 
139.2849 	 2 
139.4126 	 2 
139.4126 	 0 
139.4126 	 1 
139.5403 	 2 
139.6564 	 1 
139.6564 	 2 
139.6680 	 0 
139.7261 	 2 
139.7841 	 0 
139.7841 	 2 
139.7841 	 1 
139.8422 	 0 
139.8422 	 2 
139.9002 	 0 
139.9002 	 2 
139.9583 	 2 
139.9699 	 0 
140.0163 	 0 
140.0279 	 2 
140.0860 	 2 
140.1440 	 2 
140.2717 	 2 
140.2950 	 2 
140.3878 	 1 
140.3878 	 2 
140.3878 	 0 
140.4575 	 2 
140.4691 	 1 
140.6200 	 0 
140.6200 	 2 
140.6200 	 1 
140.6665 	 2 
140.7942 	 2 
140.9451 	 0 
140.9451 	 1 
140.9567 	 2 
141.1077 	 2 
141.1077 	 1 
141.1193 	 0 
141.2586 	 2 
141.2702 	 0 
141.2702 	 1 
141.4327 	 1 
141.4444 	 2 
141.5837 	 2 
141.5953 	 1 
141.5953 	 0 
141.6533 	 2 
141.7230 	 1 
141.7230 	 2 
141.7810 	 2 
141.8275 	 2 
141.8391 	 1 
141.8391 	 0 
141.8855 	 2 
141.8971 	 0 
141.8971 	 1 
141.9552 	 0 
141.9552 	 1 
141.9552 	 2 
142.0132 	 0 
142.0132 	 2 
142.0713 	 2 
142.0829 	 1 
142.0829 	 0 
142.1293 	 2 
142.2454 	 2 
142.3151 	 2 
142.3151 	 1 
142.3151 	 0 
142.4196 	 2 
142.5589 	 2 
142.5589 	 1 
142.5589 	 0 
142.6170 	 0 
142.6286 	 1 
142.6286 	 2 
142.6866 	 0 
142.6866 	 2 
142.6866 	 1 
142.7447 	 2 
142.7447 	 0 
142.7447 	 1 
142.8027 	 2 
142.8027 	 0 
142.8027 	 1 
142.8608 	 2 
142.8724 	 0 
142.9188 	 2 
142.9304 	 0 
142.9304 	 1 
142.9885 	 0 
142.9885 	 1 
142.9885 	 2 
143.0465 	 1 
143.0465 	 0 
143.0465 	 2 
143.1046 	 2 
143.1046 	 1 
143.1046 	 0 
143.1626 	 1 
143.1742 	 2 
143.1742 	 0 
143.2207 	 2 
143.2207 	 1 
143.2207 	 0 
143.2787 	 0 
143.2903 	 2 
143.2903 	 1 
143.3368 	 0 
143.3484 	 2 
143.3484 	 1 
143.4064 	 2 
143.4064 	 0 
143.4645 	 2 
143.4645 	 1 
143.4761 	 0 
143.5341 	 0 
143.5341 	 2 
143.5341 	 1 
143.5806 	 0 
143.5922 	 1 
143.5922 	 2 
143.6502 	 0 
143.6502 	 1 
143.6619 	 2 
143.7083 	 0 
143.7199 	 1 
143.7199 	 2 
143.7663 	 2 
143.7663 	 1 
143.7780 	 0 
144.0102 	 2 
144.0102 	 0 
144.0102 	 1 
144.2540 	 2 
144.2540 	 0 
144.2540 	 1 
144.4978 	 2 
144.4978 	 0 
144.4978 	 1 
144.6139 	 2 
144.7300 	 1 
144.7300 	 0 
144.7300 	 2 
144.9738 	 1 
144.9738 	 0 
144.9738 	 2 
145.2176 	 0 
145.2176 	 2 
145.4614 	 2 
145.4730 	 1 
145.4730 	 0 
145.5311 	 2 
145.5891 	 1 
145.5891 	 2 
145.6472 	 2 
145.6472 	 0 
145.7052 	 2 
145.7052 	 1 
145.7052 	 0 
145.7633 	 1 
145.7633 	 2 
145.7633 	 0 
145.8213 	 2 
145.8213 	 0 
145.8329 	 1 
145.8794 	 2 
145.9490 	 2 
145.9490 	 1 
145.9490 	 0 
146.1812 	 1 
146.1812 	 0 
146.1812 	 2 
146.4366 	 2 
146.4366 	 1 
146.4366 	 0 
146.5527 	 2 
146.6688 	 0 
146.6688 	 2 
146.6805 	 1 
146.7849 	 2 
146.7966 	 0 
146.7966 	 1 
146.9127 	 0 
146.9127 	 1 
146.9127 	 2 
147.0288 	 2 
147.0288 	 1 
147.1565 	 2 
147.1565 	 0 
147.1681 	 1 
147.2726 	 2 
147.4003 	 2 
147.4003 	 1 
147.4119 	 0 
147.5164 	 2 
148.1317 	 2 
148.1317 	 1 
148.1317 	 0 
148.3639 	 1 
148.3639 	 0 
148.3639 	 2 
149.3391 	 2 
149.3391 	 1 
149.5713 	 2 
149.5713 	 0 
149.5829 	 1 
149.6294 	 2 
149.6990 	 2 
149.6990 	 1 
149.7455 	 2 
149.8151 	 2 
149.8268 	 1 
149.8268 	 0 
149.9080 	 2 
150.0590 	 0 
150.0590 	 1 
150.0590 	 2 
150.3028 	 2 
150.3028 	 1 
150.3028 	 0 
150.5466 	 2 
150.5466 	 0 
150.5466 	 1 
151.0226 	 0 
151.0226 	 2 
151.0226 	 1 
151.2664 	 2 
151.2664 	 1 
151.2780 	 0 
151.3941 	 2 
151.9978 	 2 
151.9978 	 1 
151.9978 	 0 
152.2416 	 2 
152.2416 	 0 
152.2416 	 1 
152.7293 	 2 
152.7293 	 1 
152.7293 	 0 
153.2053 	 1 
153.2053 	 2 
153.2053 	 0 
153.4491 	 2 
153.4491 	 0 
153.4491 	 1 
153.5768 	 2 
153.5768 	 1 
153.6929 	 0 
153.6929 	 1 
153.6929 	 2 
154.0760 	 2 
154.1689 	 0 
154.1805 	 1 
154.1921 	 2 
154.4243 	 1 
154.4243 	 2 
154.4243 	 0 
154.9003 	 1 
154.9003 	 0 
154.9003 	 2 
155.1441 	 2 
155.1441 	 1 
155.1441 	 0 
155.3183 	 2 
155.3415 	 2 
155.4228 	 2 
155.5273 	 2 
155.6317 	 2 
155.7595 	 2 
155.8639 	 2 
155.8639 	 0 
155.8756 	 1 
156.1078 	 0 
156.1078 	 2 
156.5141 	 2 
156.8044 	 2 
157.0714 	 0 
157.0830 	 2 
157.4661 	 2 
157.5590 	 0 
157.5590 	 1 
157.5706 	 2 
157.8725 	 2 
158.0466 	 1 
158.0466 	 2 
158.0466 	 0 
158.1743 	 2 
158.2324 	 2 
158.4065 	 2 
158.4065 	 0 
158.7664 	 0 
158.7780 	 1 
158.7780 	 2 
159.0219 	 2 
159.0219 	 1 
159.0219 	 0 
159.7301 	 2 
159.7417 	 1 
159.7417 	 0 
159.9739 	 0 
159.9855 	 2 
159.9855 	 1 
160.2177 	 2 
160.4615 	 2 
160.4615 	 0 
160.4731 	 1 
160.9491 	 1 
160.9491 	 2 
160.9607 	 0 
161.2045 	 2 
161.9244 	 0 
161.9244 	 1 
161.9244 	 2 
162.8880 	 2 
162.8880 	 0 
162.8880 	 1 
163.6078 	 2 
163.6078 	 1 
163.6194 	 0 
163.8516 	 0 
163.8632 	 2 
163.8632 	 1 
164.5366 	 2 
164.8152 	 2 
164.8152 	 0 
164.8268 	 1 
165.3029 	 1 
165.3029 	 2 
165.3029 	 0 
165.7905 	 0 
165.7905 	 2 
165.7905 	 1 
166.0343 	 1 
166.0343 	 2 
166.0343 	 0 
166.5219 	 2 
166.7541 	 1 
166.7541 	 2 
166.7657 	 0 
167.2417 	 1 
167.2417 	 0 
167.2417 	 2 
167.7293 	 2 
167.7293 	 1 
167.7293 	 0 
168.2054 	 2 
168.2054 	 1 
168.2054 	 0 
168.6930 	 0 
168.6930 	 2 
168.6930 	 1 
169.1806 	 2 
169.1806 	 0 
169.1806 	 1 
169.6566 	 1 
169.6566 	 2 
169.6566 	 0 
170.1442 	 1 
170.1442 	 0 
170.1442 	 2 
170.6318 	 1 
170.6318 	 0 
170.6318 	 2 
171.1078 	 1 
171.1195 	 2 
171.1195 	 0 
171.5955 	 0 
171.5955 	 2 
171.5955 	 1 
172.0831 	 2 
172.0831 	 0 
172.0831 	 1 
172.5591 	 1 
172.5707 	 0 
172.5707 	 2 
172.6868 	 2 
173.0467 	 0 
173.0467 	 1 
173.0467 	 2 
173.5343 	 1 
173.5343 	 0 
173.5343 	 2 
174.0103 	 1 
174.0103 	 0 
174.0103 	 2 
174.4980 	 1 
174.4980 	 0 
174.4980 	 2 
174.9856 	 1 
174.9856 	 0 
174.9856 	 2 
175.4732 	 2 
175.4732 	 1 
175.4732 	 0 
175.9492 	 2 
175.9492 	 1 
175.9492 	 0 
176.4368 	 2 
176.4368 	 1 
176.4368 	 0 
176.5529 	 2 
176.9244 	 0 
176.9244 	 1 
176.9244 	 2 
177.4005 	 2 
177.4005 	 0 
177.4121 	 1 
177.8881 	 2 
177.8881 	 0 
177.8881 	 1 
178.3757 	 0 
178.3757 	 2 
178.3757 	 1 
178.8517 	 0 
178.8517 	 2 
178.8517 	 1 
179.3393 	 1 
179.3393 	 0 
179.3393 	 2 
179.8269 	 1 
179.8269 	 2 
179.8269 	 0 
180.3029 	 2 
180.3029 	 1 
180.3029 	 0 
180.4307 	 2 
180.7906 	 0 
180.7906 	 1 
180.7906 	 2 
181.2782 	 1 
181.2782 	 0 
181.2782 	 2 
181.7542 	 2 
181.7542 	 0 
181.7542 	 1 
182.2418 	 2 
182.2418 	 1 
182.2418 	 0 
182.3695 	 2 
182.7294 	 2 
182.7294 	 1 
182.7294 	 0 
183.2054 	 2 
183.2054 	 0 
183.2171 	 1 
183.3332 	 2 
183.6931 	 0 
183.6931 	 1 
183.6931 	 2 
184.1807 	 1 
184.1807 	 2 
184.1807 	 0 
184.6567 	 0 
184.6567 	 1 
184.6567 	 2 
185.1443 	 1 
185.1443 	 2 
185.1443 	 0 
185.3881 	 2 
185.6203 	 0 
185.6319 	 2 
185.6319 	 1 
186.1079 	 2 
186.1079 	 0 
186.1079 	 1 
186.2356 	 2 
186.3517 	 2 
186.3517 	 0 
186.3517 	 1 
186.5956 	 0 
186.5956 	 1 
186.5956 	 2 
187.0716 	 1 
187.0832 	 2 
188.0468 	 1 
188.0468 	 2 
188.0468 	 0 
189.0220 	 2 
189.0220 	 1 
189.2775 	 2 
189.4748 	 2 
189.9857 	 2 
189.9857 	 1 
189.9857 	 0 
190.2179 	 2 
190.2295 	 1 
190.2295 	 0 
190.4733 	 2 
190.4733 	 1 
190.4733 	 0 
190.9493 	 2 
190.9493 	 0 
190.9493 	 1 
191.7968 	 2 
191.9129 	 2 
191.9129 	 0 
191.9245 	 1 
192.8882 	 2 
192.8882 	 0 
192.8882 	 1 
193.1436 	 2 
193.8518 	 1 
193.8518 	 2 
193.8518 	 0 
194.0956 	 0 
194.0956 	 2 
194.0956 	 1 
194.3394 	 1 
194.3394 	 0 
194.3394 	 2 
194.8154 	 1 
194.8154 	 2 
195.7907 	 1 
195.7907 	 2 
196.2783 	 2 
196.7543 	 2 
196.7543 	 1 
196.9981 	 2 
197.2419 	 2 
197.3696 	 2 
197.4973 	 2 
197.6134 	 2 
197.7295 	 2 
197.7295 	 0 
197.7295 	 1 
197.9617 	 2 
197.9733 	 0 
197.9733 	 1 
198.2055 	 2 
198.2171 	 0 
198.2171 	 1 
198.3332 	 2 
198.5771 	 2 
198.6932 	 1 
198.6932 	 2 
199.6568 	 0 
199.6568 	 1 
199.6568 	 2 
199.8890 	 2 
200.1444 	 0 
200.1444 	 2 
200.1444 	 1 
200.2721 	 2 
200.3882 	 2 
200.6204 	 2 
200.6204 	 0 
200.6320 	 1 
200.8642 	 1 
200.8642 	 2 
200.8642 	 0 
201.1196 	 2 
201.2473 	 2 
201.3634 	 2 
201.5144 	 2 
201.5956 	 1 
201.5956 	 2 
201.5956 	 0 
201.6537 	 2 
201.7117 	 2 
201.7698 	 2 
201.8278 	 2 
201.8395 	 1 
201.8395 	 0 
202.0833 	 2 
202.0833 	 0 
202.0833 	 1 
202.3155 	 2 
202.3155 	 0 
202.3155 	 1 
202.5593 	 1 
202.5593 	 0 
202.5593 	 2 
202.6870 	 2 
202.7915 	 0 
202.8031 	 2 
202.8031 	 1 
203.0353 	 0 
203.0353 	 1 
203.0353 	 2 
203.2791 	 0 
203.2791 	 1 
203.2791 	 2 
203.5229 	 0 
203.5229 	 1 
203.5345 	 2 
203.5926 	 2 
203.6506 	 2 
203.7087 	 2 
203.7203 	 0 
203.7667 	 1 
203.7667 	 0 
203.7783 	 2 
203.8248 	 0 
203.8364 	 2 
203.8944 	 2 
203.9525 	 2 
204.0105 	 2 
204.0105 	 1 
204.0105 	 0 
204.2427 	 1 
204.2543 	 2 
204.2543 	 0 
204.4981 	 0 
204.4981 	 2 
204.4981 	 1 
204.6259 	 2 
204.7303 	 0 
204.7420 	 2 
204.9741 	 2 
204.9741 	 0 
205.1019 	 2 
205.2180 	 2 
205.3457 	 1 
205.3457 	 2 
205.4618 	 1 
205.4618 	 2 
205.4618 	 0 
205.5314 	 2 
205.5895 	 1 
205.5895 	 2 
205.5895 	 0 
205.6475 	 1 
205.6475 	 2 
205.6475 	 0 
205.7056 	 2 
205.7056 	 1 
205.7056 	 0 
205.7636 	 2 
205.7636 	 0 
205.8217 	 1 
205.8217 	 0 
205.8333 	 2 
205.8797 	 0 
205.8913 	 2 
205.9494 	 1 
205.9494 	 2 
205.9494 	 0 
206.1003 	 0 
206.1119 	 2 
206.2629 	 2 
206.4370 	 0 
206.4370 	 1 
206.4370 	 2 
206.5995 	 2 
206.7505 	 2 
206.9130 	 2 
207.0872 	 2 
207.1568 	 1 
207.1568 	 2 
207.4006 	 0 
207.4006 	 2 
207.4006 	 1 
207.5283 	 1 
207.5283 	 0 
207.5283 	 2 
207.5864 	 2 
207.5864 	 0 
207.6444 	 2 
207.6444 	 0 
207.7025 	 2 
207.7025 	 0 
207.7605 	 1 
207.7605 	 2 
207.7605 	 0 
207.8302 	 2 
207.8883 	 2 
208.0392 	 2 
208.2133 	 2 
208.3643 	 2 
208.3759 	 0 
208.3759 	 1 
208.4920 	 2 
208.5500 	 0 
208.5616 	 2 
208.6081 	 0 
208.6081 	 2 
208.6661 	 0 
208.6777 	 2 
208.7242 	 0 
208.7242 	 2 
208.7938 	 2 
208.7938 	 0 
208.8519 	 2 
208.9099 	 0 
208.9215 	 2 
208.9680 	 2 
209.0376 	 0 
209.0376 	 2 
209.0957 	 0 
209.1073 	 2 
209.1537 	 0 
209.1537 	 2 
209.2118 	 2 
209.2118 	 0 
209.2234 	 1 
209.2698 	 2 
209.2698 	 1 
209.2698 	 0 
209.3279 	 2 
209.3395 	 1 
209.3395 	 0 
209.3859 	 0 
209.3976 	 2 
209.3976 	 1 
209.4556 	 0 
209.4556 	 1 
209.4556 	 2 
209.5020 	 2 
209.5137 	 0 
209.5253 	 1 
209.5253 	 2 
209.5717 	 0 
209.5833 	 1 
209.5833 	 2 
209.8155 	 0 
209.8155 	 2 
209.8155 	 1 
210.0593 	 0 
210.0593 	 2 
210.0593 	 1 
210.2915 	 0 
210.2915 	 1 
210.3031 	 2 
210.4192 	 2 
210.5353 	 0 
210.5353 	 1 
210.5353 	 2 
210.7791 	 1 
210.7791 	 2 
210.7791 	 0 
211.0229 	 2 
211.0229 	 1 
211.0229 	 0 
211.2668 	 1 
211.2668 	 0 
211.2668 	 2 
211.3364 	 2 
211.3945 	 2 
211.4525 	 0 
211.4641 	 2 
211.5106 	 2 
211.5106 	 0 
211.5802 	 2 
211.6383 	 2 
211.6963 	 2 
211.7544 	 1 
211.7544 	 0 
211.7544 	 2 
211.9866 	 1 
211.9866 	 2 
212.2420 	 2 
212.2420 	 1 
212.2420 	 0 
212.3697 	 2 
212.4742 	 1 
212.4742 	 2 
212.4742 	 0 
212.7180 	 0 
212.7180 	 2 
212.8457 	 2 
212.9618 	 0 
212.9618 	 2 
213.0895 	 2 
213.2056 	 2 
213.2056 	 1 
213.2056 	 0 
213.2637 	 2 
213.3333 	 1 
213.3333 	 0 
213.3333 	 2 
213.3914 	 2 
213.3914 	 0 
213.3914 	 1 
213.4494 	 0 
213.4494 	 1 
213.4494 	 2 
213.5075 	 2 
213.5075 	 0 
213.5655 	 0 
213.5655 	 2 
213.5771 	 1 
213.6236 	 0 
213.6352 	 2 
213.6932 	 1 
213.6932 	 0 
213.6932 	 2 
213.8442 	 2 
214.0067 	 2 
214.1693 	 2 
214.1809 	 1 
214.1809 	 0 
214.2970 	 2 
214.4015 	 1 
214.4131 	 2 
214.4131 	 0 
214.6569 	 2 
214.9007 	 2 
214.9703 	 2 
214.9703 	 0 
215.0284 	 2 
215.1329 	 0 
215.1445 	 2 
215.1445 	 1 
215.3767 	 1 
215.3767 	 0 
215.3767 	 2 
215.6205 	 0 
215.6205 	 2 
215.7598 	 2 
215.8643 	 2 
215.8643 	 1 
215.8643 	 0 
216.1081 	 2 
216.1081 	 0 
216.1197 	 1 
216.2358 	 1 
216.2358 	 2 
216.3403 	 1 
216.3519 	 2 
216.4680 	 1 
216.4680 	 2 
216.4796 	 0 
216.5957 	 0 
216.5957 	 2 
216.5957 	 1 
216.6538 	 0 
216.6538 	 2 
216.7118 	 2 
216.7118 	 0 
216.7234 	 1 
216.7699 	 0 
216.7815 	 2 
216.8395 	 0 
216.8395 	 1 
216.8395 	 2 
216.8860 	 0 
216.8976 	 2 
216.9556 	 2 
216.9556 	 0 
217.0137 	 0 
217.0137 	 2 
217.0834 	 0 
217.0834 	 2 
217.0834 	 1 
217.1414 	 2 
218.0470 	 0 
218.0470 	 2 
218.0470 	 1 
218.5462 	 2 
219.0106 	 1 
219.0106 	 0 
219.0222 	 2 
219.9859 	 1 
219.9859 	 0 
219.9859 	 2 
220.9495 	 1 
220.9495 	 0 
220.9495 	 2 
221.4603 	 2 
221.9131 	 0 
221.9247 	 1 
221.9247 	 2 
222.1801 	 2 
222.8883 	 1 
222.8883 	 2 
222.8883 	 0 
223.1438 	 2 
223.8520 	 2 
223.8520 	 1 
223.8520 	 0 
224.8156 	 2 
224.8272 	 1 
225.7908 	 0 
225.7908 	 1 
225.7908 	 2 
226.7545 	 2 
226.7545 	 1 
226.7545 	 0 
227.7181 	 0 
227.7181 	 1 
227.7297 	 2 
228.6933 	 2 
228.6933 	 0 
228.6933 	 1 
229.4364 	 2 
229.6686 	 2 
230.6438 	 2 
230.8063 	 2 
232.8265 	 2 
233.3025 	 2 
233.7901 	 2 
237.6446 	 2 
240.5587 	 2 
241.5224 	 2 
241.7662 	 2 
242.0100 	 2 
242.9620 	 2 
243.2058 	 2 
244.1810 	 2 
244.1810 	 1 
245.1563 	 1 
245.1563 	 2 
246.1199 	 2 
246.1199 	 1 
247.0835 	 2 
247.0951 	 1 
248.0588 	 2 
248.0588 	 1 
249.0224 	 2 
249.0340 	 1 
249.9976 	 2 
249.9976 	 1 
250.9613 	 1 
250.9613 	 2 
251.9249 	 2 
251.9365 	 1 
