0.546	0
0.569	1
0.592	2
1.103	1
1.115	0
1.649	0
1.672	1
2.206	0
2.752	0
2.775	1
2.798	2
3.297	0
3.297	1
3.831	0
3.843	1
3.855	2
4.354	1
4.365	0
4.365	2
4.377	1
4.888	0
4.911	1
4.934	2
5.445	1
5.457	0
5.991	0
6.014	1
6.026	2
6.536	1
6.548	0
7.082	0
7.094	1
7.094	2
7.639	0
8.185	0
8.197	1
8.231	2
8.742	0
8.742	1
9.265	1
9.276	0
9.288	1
9.334	2
9.810	1
9.822	0
10.368	0
10.368	1
10.403	2
10.925	0
11.459	0
11.471	1
11.993	1
12.005	0
12.550	0
12.562	1
12.597	2
13.096	0
13.108	2
13.642	0
13.653	1
13.688	2
14.187	1
14.199	0
14.733	0
14.733	1
15.267	1
15.279	0
15.290	1
15.824	0
15.836	1
15.871	2
16.370	1
16.382	0
16.916	1
16.927	0
16.951	2
17.461	1
17.473	0
17.485	2
18.007	0
18.019	1
18.054	2
18.541	1
18.553	0
19.110	0
19.122	1
19.632	1
19.644	0
20.190	0
20.190	2
20.201	1
20.735	0
20.735	1
21.269	0
21.316	2
21.804	1
21.815	0
22.338	0
22.361	1
22.396	2
22.906	1
22.918	0
23.475	2
23.487	0
23.487	1
24.009	1
24.021	0
24.033	1
24.033	2
24.555	0
24.567	1
24.590	2
25.089	1
25.101	0
25.646	0
25.646	2
25.658	1
26.180	1
26.192	0
26.749	0
26.761	1
26.784	2
27.283	1
27.295	0
27.829	0
27.841	1
27.876	2
28.363	1
28.375	0
28.920	0
28.920	1
28.944	2
29.455	1
29.466	0
30.023	0
30.023	1
30.023	2
30.569	0
30.581	2
30.604	0
31.103	0
31.115	1
31.150	2
31.626	1
31.637	0
32.183	0
32.194	1
32.717	1
32.729	0
33.263	0
33.274	1
33.820	0
34.400	0
34.412	1
34.435	2
34.528	1
34.563	2
34.656	1
34.679	2
34.772	1
34.807	2
