0.476	1
0.476	2
0.650	2
0.987	1
1.138	0
1.567	1
1.707	2
2.821	2
2.844	1
3.947	2
4.331	1
4.876	1
5.039	2
5.062	1
5.573	0
6.142	2
6.153	1
7.233	2
7.245	1
8.324	1
8.324	2
9.218	1
9.369	2
9.915	0
10.484	2
11.018	0
11.587	2
11.598	1
12.121	0
12.144	1
12.690	2
12.701	1
13.224	0
13.595	1
13.769	2
14.292	0
14.849	2
15.395	0
15.952	1
15.952	2
16.475	0
17.043	1
17.043	2
17.578	0
17.937	1
18.112	2
18.634	0
19.203	1
19.203	2
19.725	0
20.283	1
20.283	2
20.840	0
21.386	2
21.920	0
22.489	2
23.011	0
23.580	1
23.580	2
24.102	0
24.671	2
24.683	1
25.205	0
25.577	1
25.739	2
26.308	0
26.668	2
26.680	1
26.842	2
27.040	1
27.202	1
27.353	0
27.934	1
27.945	2
28.468	0
29.037	1
29.037	2
29.582	0
30.140	1
30.140	2
30.674	0
31.219	1
31.219	2
31.742	0
32.311	1
32.311	2
32.845	0
33.379	1
33.379	2
33.924	0
34.307	1
34.482	2
35.004	0
35.399	1
35.538	0
35.573	2
35.910	1
35.921	2
36.061	0
36.664	2
36.676	1
37.210	0
37.581	1
37.756	2
38.290	0
38.650	2
38.673	1
38.847	2
39.927	0
39.938	1
39.938	2
40.867	1
41.053	2
41.575	1
42.109	2
42.667	1
43.224	2
43.572	1
44.315	2
45.232	1
45.407	2
45.941	2
45.952	1
46.486	2
47.032	2
47.044	1
47.589	2
47.938	1
47.938	2
48.472	2
48.483	1
48.704	2
48.994	0
49.191	0
49.598	1
49.760	2
50.294	2
50.306	1
50.828	2
51.386	1
51.943	2
52.291	1
52.291	2
53.023	1
53.034	2
53.568	0
53.928	1
54.114	2
54.996	2
55.008	1
55.205	2
55.740	1
55.740	2
56.633	1
57.191	1
57.388	2
57.736	0
57.911	0
58.479	1
58.491	2
58.863	0
59.025	0
59.594	1
59.594	2
59.954	0
60.116	0
60.709	1
60.709	2
61.219	0
61.777	1
61.777	2
62.299	0
62.856	2
62.868	1
63.379	0
63.936	1
63.936	2
64.447	0
65.027	1
65.027	2
65.562	0
66.107	1
66.107	2
66.653	0
67.210	2
67.744	0
68.116	1
68.278	2
68.812	0
69.393	1
69.393	2
69.927	0
70.484	1
70.484	2
71.018	0
71.587	1
71.599	2
72.121	0
72.690	1
72.690	2
73.189	0
73.781	1
73.781	2
74.292	0
74.675	1
74.850	2
75.198	1
75.337	0
75.755	1
75.906	2
76.463	0
77.009	1
77.009	2
77.566	0
78.124	2
78.658	0
79.215	1
79.215	2
79.737	0
80.306	2
80.840	0
81.200	2
81.212	1
81.386	2
81.908	0
82.477	1
82.477	2
83.023	0
83.580	2
83.592	1
84.114	0
84.695	1
84.695	2
85.217	0
85.589	1
85.763	2
86.285	0
86.843	2
86.854	1
87.377	0
87.922	0
87.946	1
87.957	2
88.886	1
89.060	2
89.571	2
89.583	1
90.117	2
90.651	2
90.662	1
91.208	2
91.580	1
92.299	1
92.299	2
92.833	0
93.205	2
93.217	1
93.379	2
94.285	2
94.296	1
94.470	2
94.807	2
95.004	1
95.539	2
95.550	1
95.898	0
95.922	2
