0.012	0
0.569	0
1.103	1
1.138	0
1.660	0
1.660	1
2.218	0
2.775	0
3.320	0
3.831	1
3.843	0
4.098	2
4.110	1
4.377	0
4.911	0
5.468	0
6.002	1
6.014	0
6.269	1
6.560	0
7.094	1
7.117	0
7.187	1
7.651	0
8.185	1
8.208	0
8.754	0
8.777	0
9.288	0
9.834	0
10.368	1
10.379	0
10.948	0
11.459	1
11.494	0
12.016	0
12.562	1
12.585	0
12.736	2
12.794	1
13.119	0
13.201	0
13.642	1
13.665	0
14.211	0
14.721	1
14.745	0
15.302	0
15.836	1
15.848	0
16.196	2
16.370	1
16.393	0
16.417	0
16.893	2
16.904	1
16.951	0
17.485	0
18.019	0
18.564	0
18.588	0
18.785	1
19.098	1
19.133	0
19.656	0
19.679	0
20.190	1
20.190	2
20.225	0
20.747	0
20.770	0
21.235	2
21.281	1
21.293	0
21.827	0
22.349	1
22.361	0
22.906	1
22.941	0
23.475	1
23.510	0
24.033	0
24.126	0
24.567	0
25.089	1
25.112	0
25.646	1
25.646	2
25.681	0
26.204	0
26.738	1
26.773	0
27.318	0
27.829	1
27.852	0
28.398	0
28.909	1
28.955	0
29.385	2
29.478	0
30.012	1
30.047	0
30.569	1
30.592	0
30.662	0
31.115	0
31.568	2
31.626	1
31.649	0
32.194	0
32.752	0
33.274	0
33.831	0
34.400	1
34.424	0
34.667	1
