0.244	1
0.279	0
0.395	2
0.522	2
0.662	2
0.789	1
0.929	2
1.068	2
1.207	2
1.335	1
1.370	0
1.614	2
1.765	2
1.892	1
2.032	2
2.171	2
2.310	2
2.473	0
2.717	2
2.844	2
2.984	1
3.111	2
3.251	2
3.390	2
3.518	1
3.541	0
3.796	1
3.936	2
4.063	1
4.214	2
4.354	1
4.354	2
4.481	2
4.621	1
4.656	0
4.760	2
4.888	2
5.039	2
5.155	1
5.283	1
5.294	2
5.433	2
5.573	2
5.712	1
5.735	0
5.840	2
5.979	2
6.107	2
6.246	1
6.385	2
6.525	2
6.676	2
6.827	0
6.850	0
6.943	2
7.070	2
7.221	2
7.349	1
7.488	2
7.616	2
7.628	1
7.883	1
7.906	0
8.162	1
8.278	2
8.429	1
8.696	2
8.731	1
8.951	2
8.986	1
9.009	0
9.253	2
9.509	1
9.648	2
9.787	2
9.927	2
10.054	1
10.333	2
10.484	2
10.600	1
10.762	2
10.879	1
10.879	2
11.169	0
11.424	2
11.564	2
11.691	1
11.831	2
11.970	2
12.109	2
12.237	2
12.272	0
12.283	1
12.516	1
12.655	2
12.783	1
12.922	2
13.073	1
13.073	2
13.177	1
13.201	2
13.340	1
13.375	0
13.619	2
13.758	2
13.886	1
14.025	2
14.164	2
14.396	2
14.443	1
14.466	0
14.582	2
14.710	2
14.849	2
14.977	1
15.139	2
15.267	2
15.418	2
15.523	1
15.546	0
15.685	2
15.801	1
15.813	2
15.964	2
16.080	1
16.219	2
16.347	2
16.475	2
16.614	2
16.625	1
16.660	0
16.881	1
17.020	2
17.171	1
17.299	2
17.427	2
17.682	2
17.752	0
17.984	2
18.123	2
18.251	1
18.390	2
18.530	2
18.541	1
18.669	2
18.797	1
18.820	0
18.936	2
19.075	2
19.203	2
19.342	1
19.493	2
19.621	2
19.900	1
19.923	0
20.039	2
20.167	2
20.306	2
20.445	1
20.584	2
20.712	2
20.852	2
21.014	0
21.246	1
21.409	2
21.537	1
21.560	0
21.676	2
21.804	1
21.804	2
21.954	2
22.082	1
22.105	0
22.349	2
22.477	2
22.628	1
22.651	1
22.767	2
22.906	2
23.046	2
23.174	1
23.174	2
23.313	2
23.452	2
23.580	2
23.719	1
23.870	2
23.998	2
24.137	2
24.276	1
24.300	0
24.543	2
24.683	2
24.799	1
24.950	2
25.078	2
25.089	1
25.217	2
25.356	2
25.368	1
25.391	0
25.612	1
25.751	2
25.902	1
25.913	0
26.157	2
26.459	1
26.471	0
26.726	2
26.842	2
26.993	1
27.121	2
27.249	1
27.272	2
27.411	2
27.527	1
27.550	0
27.667	2
27.818	2
27.945	2
28.085	1
28.108	0
28.224	2
28.363	2
28.502	2
28.630	1
28.653	0
28.770	2
28.897	2
29.037	2
29.176	1
29.304	2
29.455	2
29.594	2
29.733	0
29.977	1
30.140	2
30.267	1
30.418	2
30.534	2
30.685	2
30.790	1
30.813	0
31.068	2
31.080	1
31.208	2
31.335	1
31.486	2
31.626	1
31.626	2
31.765	2
31.881	1
32.160	2
32.171	1
32.299	2
32.427	1
32.578	2
32.705	1
32.717	2
32.856	2
32.972	1
32.996	0
33.123	2
33.251	2
33.402	2
33.530	1
33.669	2
33.797	2
33.808	1
33.924	2
34.099	0
34.342	1
34.621	1
34.888	2
34.900	1
35.097	2
35.167	1
35.213	0
35.445	2
35.573	2
35.712	1
35.840	2
35.991	1
35.991	2
36.119	2
36.281	0
36.537	2
36.815	1
36.943	1
37.082	1
37.210	2
37.349	1
37.349	2
37.384	0
37.500	2
37.616	2
37.767	2
37.895	1
37.907	0
38.034	2
38.162	2
38.301	2
38.417	1
38.441	0
38.719	1
38.859	2
38.986	1
39.137	2
39.277	1
39.277	2
39.404	2
39.544	1
39.578	0
39.683	2
39.811	2
39.962	2
40.078	1
40.217	2
40.356	2
40.496	2
40.635	1
40.658	0
40.763	2
40.902	2
41.030	2
41.181	1
41.308	2
41.448	2
41.599	2
41.749	0
41.773	0
41.866	2
41.993	2
42.144	2
42.272	1
42.411	2
42.539	2
42.551	1
42.678	2
42.806	1
42.829	0
43.085	1
43.212	2
43.352	1
43.619	2
43.654	1
43.874	2
43.909	1
43.932	0
44.176	2
44.431	1
44.571	2
44.710	2
44.849	2
44.977	1
45.128	2
45.267	2
45.407	2
45.534	1
45.685	2
45.801	1
45.801	2
46.068	1
46.092	0
46.347	2
46.486	2
46.614	1
46.893	2
47.032	2
47.160	2
47.195	0
47.206	1
47.438	1
47.578	2
47.717	1
47.845	2
47.996	1
47.996	2
48.100	1
48.135	2
48.263	1
48.298	0
48.541	2
48.681	2
48.808	1
48.948	2
49.087	2
49.238	2
49.366	1
49.389	0
49.505	2
49.633	2
49.772	2
49.900	1
50.062	2
50.190	2
50.341	2
50.445	1
50.469	0
50.736	1
50.736	2
50.887	2
51.003	1
51.142	2
51.270	2
51.397	2
51.537	2
51.548	1
51.583	0
51.804	1
51.943	2
52.094	1
52.222	2
52.349	2
52.384	1
52.605	2
52.674	0
52.907	2
53.046	2
53.185	1
53.313	2
53.452	2
53.464	1
53.592	2
53.719	1
53.743	0
53.998	2
54.126	2
54.265	1
54.416	2
54.544	2
54.683	2
54.822	1
54.846	0
54.962	2
55.089	2
55.229	2
55.368	1
55.507	2
55.635	2
55.786	2
56.169	1
56.459	1
56.483	0
56.599	2
56.726	1
56.726	2
56.877	2
57.005	1
57.028	0
57.272	2
57.411	2
57.551	1
57.574	1
57.690	2
57.829	2
57.969	2
58.096	1
58.096	2
58.131	0
58.236	2
58.375	2
58.503	2
58.642	1
58.793	2
58.921	2
59.072	2
59.199	1
59.222	0
59.466	2
59.606	2
59.733	1
59.873	2
60.000	2
60.012	1
60.140	2
60.279	2
60.291	1
60.314	0
60.534	1
60.825	1
60.848	0
61.080	2
61.382	1
61.405	0
61.649	2
61.765	2
61.916	1
62.044	2
62.171	1
62.195	2
62.334	2
62.462	1
62.485	0
62.589	2
62.740	2
62.868	2
63.007	1
63.031	0
63.147	2
63.286	2
63.425	2
63.553	1
63.576	0
63.692	2
63.832	2
63.959	2
64.099	1
64.377	2
64.517	2
64.656	0
64.900	1
65.062	2
65.190	1
65.341	2
65.457	2
65.608	2
65.712	1
65.736	0
65.991	2
66.014	1
66.130	2
66.270	1
66.409	2
66.548	1
66.548	2
66.688	2
66.804	1
67.082	2
67.094	1
67.222	2
67.361	1
67.500	2
67.640	1
67.640	2
67.779	2
67.895	1
67.918	0
68.046	2
68.174	2
68.325	2
68.452	1
68.592	2
68.719	2
68.731	1
68.847	2
69.021	0
69.265	1
69.544	1
69.811	2
69.822	1
70.020	2
70.089	1
70.136	0
70.368	2
70.635	1
70.763	2
70.914	1
70.914	2
71.041	2
71.204	0
71.459	2
71.738	1
71.866	1
72.005	1
72.133	2
72.272	2
72.284	1
72.307	0
72.423	2
72.551	2
72.690	2
72.806	1
72.934	2
73.073	2
73.201	2
73.363	0
73.607	1
73.758	2
73.886	1
74.025	2
74.165	2
74.176	1
74.304	2
74.432	1
74.478	0
74.571	2
74.699	2
74.850	2
74.977	1
75.117	2
75.244	2
75.384	2
75.523	1
75.558	0
75.651	2
75.790	2
75.929	2
76.069	1
76.196	2
76.347	2
76.487	2
76.637	0
76.765	2
76.893	2
77.044	2
77.160	1
77.299	2
77.427	2
77.566	2
77.694	1
77.973	1
78.100	2
78.251	1
78.518	2
78.553	1
78.774	2
78.797	1
78.832	0
79.076	2
79.331	1
79.459	2
79.610	2
79.737	2
79.877	1
79.900	0
80.016	2
80.155	2
80.295	2
80.422	1
80.573	2
80.689	1
80.701	2
80.968	1
80.991	0
81.247	2
81.386	2
81.514	1
81.653	2
81.781	2
81.792	1
81.920	2
82.059	2
82.094	0
82.106	1
82.199	2
82.326	1
82.477	2
82.605	1
82.744	2
82.895	1
82.895	2
83.000	1
83.023	2
83.162	1
83.197	0
83.429	2
83.569	2
83.696	1
83.847	2
83.975	2
84.126	2
84.254	1
84.277	0
84.532	2
84.672	2
84.799	1
84.950	2
85.078	2
85.240	2
85.345	1
85.368	0
85.496	2
85.624	1
85.624	2
85.775	2
85.891	1
86.030	2
86.158	2
86.297	2
86.436	1
86.436	2
86.703	1
86.831	2
86.994	1
87.249	2
87.272	1
87.504	2
87.562	0
87.806	2
87.934	2
88.073	1
88.201	2
88.352	1
88.352	2
88.491	2
88.619	1
88.642	0
88.758	2
88.886	2
89.025	2
89.153	1
89.304	2
89.443	2
89.583	2
89.710	1
89.745	0
89.768	0
89.989	2
90.128	2
90.256	1
90.395	2
90.523	1
90.535	2
90.674	2
90.825	0
91.069	1
91.220	2
91.359	1
91.382	0
91.487	2
91.626	2
91.893	1
91.928	0
92.032	2
92.172	2
92.299	2
92.439	1
92.578	2
92.717	2
92.868	2
92.996	1
92.996	2
93.019	0
93.263	2
93.402	2
93.542	0
93.542	1
93.681	2
93.820	2
93.960	2
94.087	1
94.366	2
94.494	2
94.621	1
94.761	2
94.900	1
94.900	2
95.039	2
95.167	2
95.179	1
95.213	0
95.434	1
95.562	2
95.713	1
95.736	0
95.980	2
96.223	2
96.258	2
96.270	1
96.293	0
96.537	2
96.665	2
96.804	1
96.943	2
97.071	1
97.094	2
97.222	2
97.350	1
97.373	0
97.489	2
97.628	2
97.756	2
97.895	1
97.919	0
98.046	2
98.186	2
98.325	2
98.453	1
98.464	2
98.476	0
98.720	2
98.987	1
99.126	2
99.265	2
99.544	0
99.683	2
99.799	1
99.950	2
100.090	1
100.229	2
100.357	2
100.496	2
100.612	1
100.635	0
100.763	2
100.891	2
100.902	1
101.030	2
101.158	1
101.297	2
101.436	1
101.436	2
101.703	1
101.843	2
101.982	2
101.994	1
102.121	2
102.249	1
102.400	2
102.528	1
102.539	2
102.679	2
102.795	1
102.818	0
103.073	2
103.340	1
103.480	2
103.619	1
103.619	2
103.747	2
103.909	0
104.153	1
104.443	1
104.455	0
104.710	2
104.722	1
104.989	1
105.035	0
105.256	2
105.395	2
105.523	1
105.651	2
105.802	2
105.813	1
105.941	2
106.104	0
106.347	2
106.638	1
106.765	1
106.905	1
107.021	2
107.172	1
107.172	2
107.207	0
107.311	2
107.439	2
107.578	2
107.706	1
107.833	2
107.973	2
108.112	2
108.263	0
108.518	1
108.669	2
108.785	1
108.936	2
109.076	1
109.076	2
109.203	2
109.343	1
109.389	0
109.482	2
109.610	2
109.761	2
109.888	1
110.016	2
110.155	2
110.295	2
110.434	1
110.457	0
110.562	2
110.701	2
110.829	2
110.980	1
111.107	2
111.247	2
111.398	2
111.549	0
111.572	0
111.792	2
111.943	2
112.071	1
112.210	2
112.338	2
112.350	1
112.477	2
112.605	1
112.640	0
112.884	1
113.012	2
113.162	1
113.418	2
113.453	1
113.685	2
113.708	1
113.731	0
113.975	2
114.231	1
114.370	2
114.509	2
114.649	2
114.776	1
114.927	2
115.066	2
115.206	2
115.334	1
115.484	2
115.601	1
115.601	2
115.868	1
115.902	0
116.146	2
116.297	2
116.413	1
116.692	2
116.831	2
116.971	2
116.994	0
117.017	1
117.238	1
117.377	2
117.516	1
117.644	2
117.795	1
117.795	2
117.899	1
117.934	2
118.073	1
118.097	0
118.340	2
118.480	2
118.608	1
118.747	2
118.886	2
119.037	2
119.165	1
119.188	0
119.304	2
119.432	2
119.583	2
119.699	1
119.861	2
119.989	2
120.001	1
120.140	2
120.256	1
120.256	2
120.291	0
120.407	2
120.523	2
120.674	2
120.802	1
120.813	0
120.941	2
121.069	2
121.208	2
121.324	1
121.347	0
121.603	2
121.615	1
121.638	0
121.882	1
122.021	2
122.160	2
122.288	1
122.416	1
122.427	0
122.694	1
122.717	0
122.973	1
123.240	2
123.391	2
123.519	1
123.542	0
123.797	2
124.076	1
124.354	2
124.494	2
124.621	1
124.645	0
