0.0116 	 0 
0.0116 	 2 
0.6037 	 2 
0.6037 	 1 
0.9056 	 2 
1.2074 	 0 
1.2074 	 2 
1.5093 	 2 
1.6602 	 0 
1.8112 	 2 
1.8112 	 1 
2.1130 	 2 
2.4033 	 0 
2.4033 	 2 
2.7167 	 2 
3.0070 	 1 
3.0070 	 2 
3.3088 	 2 
3.6107 	 0 
3.6107 	 2 
3.9126 	 2 
4.0635 	 0 
4.2028 	 2 
4.2028 	 1 
4.5163 	 2 
4.8065 	 0 
4.8065 	 2 
4.8181 	 1 
5.2593 	 2 
5.4102 	 2 
5.4102 	 1 
5.7121 	 2 
6.0140 	 0 
6.0140 	 2 
6.3042 	 2 
6.4551 	 0 
6.6061 	 1 
6.6177 	 2 
6.9079 	 2 
7.2098 	 0 
7.2214 	 2 
7.5117 	 2 
7.8019 	 2 
7.8019 	 1 
8.1154 	 2 
8.4172 	 2 
8.4172 	 0 
8.7075 	 2 
8.8584 	 0 
9.0093 	 2 
9.0093 	 1 
9.3112 	 2 
9.6131 	 0 
9.6131 	 2 
10.2168 	 2 
10.2168 	 1 
10.5186 	 2 
10.8089 	 2 
10.8089 	 0 
11.1107 	 2 
11.2617 	 0 
11.4010 	 1 
11.4126 	 2 
11.7261 	 2 
12.0163 	 2 
12.0163 	 0 
12.3066 	 2 
12.6084 	 1 
12.6084 	 2 
12.9103 	 2 
13.0612 	 0 
13.2122 	 2 
13.5024 	 2 
13.6533 	 0 
13.8043 	 1 
13.8159 	 2 
14.1061 	 2 
14.2571 	 0 
14.4080 	 2 
14.7098 	 2 
15.0117 	 1 
15.0117 	 2 
15.3020 	 2 
15.6154 	 0 
15.6154 	 2 
15.9057 	 2 
16.0566 	 0 
16.2075 	 1 
16.2075 	 2 
16.5094 	 2 
16.6603 	 0 
16.8112 	 2 
17.1131 	 2 
17.4150 	 2 
17.4150 	 1 
17.7052 	 2 
18.0071 	 0 
18.0187 	 2 
18.3205 	 2 
18.4599 	 0 
18.6108 	 1 
18.6108 	 2 
18.9127 	 2 
22.0590 	 0 
