0.0116 	 0 
0.0116 	 1 
0.0116 	 2 
0.3135 	 2 
0.3135 	 0 
0.3367 	 1 
0.4644 	 2 
0.4644 	 1 
0.4644 	 0 
0.6037 	 2 
0.6153 	 1 
0.6153 	 0 
0.7430 	 1 
0.7546 	 2 
0.9056 	 2 
0.9056 	 1 
1.0681 	 0 
1.0681 	 2 
1.0681 	 1 
1.1378 	 1 
1.2074 	 1 
1.2074 	 2 
1.2074 	 0 
1.3700 	 2 
1.3700 	 0 
1.3700 	 1 
1.4280 	 1 
1.5093 	 0 
1.5093 	 1 
1.5093 	 2 
1.5441 	 1 
1.6602 	 1 
1.6602 	 0 
1.6602 	 2 
1.7995 	 2 
1.8112 	 1 
1.8112 	 0 
1.9389 	 1 
2.1130 	 0 
2.1130 	 2 
2.1130 	 1 
2.2756 	 1 
2.2756 	 0 
2.2756 	 2 
2.3220 	 1 
2.4033 	 1 
2.4033 	 2 
2.4033 	 0 
2.7167 	 2 
2.7283 	 1 
2.8677 	 2 
2.8677 	 0 
2.8677 	 1 
3.0070 	 2 
3.0070 	 1 
3.0070 	 0 
3.3088 	 0 
3.3088 	 2 
3.3205 	 1 
3.4714 	 2 
3.4714 	 1 
3.4714 	 0 
3.5527 	 1 
3.5991 	 0 
3.6107 	 1 
3.7616 	 1 
3.7732 	 0 
3.7732 	 2 
3.8197 	 1 
3.9126 	 2 
3.9126 	 0 
3.9242 	 1 
4.0635 	 2 
4.0635 	 1 
4.0635 	 0 
4.2028 	 2 
4.2144 	 0 
4.2144 	 1 
4.5047 	 2 
4.5047 	 1 
4.5047 	 0 
4.6556 	 2 
4.6672 	 1 
4.6672 	 0 
4.8065 	 2 
4.8065 	 1 
4.8065 	 0 
4.9342 	 2 
4.9342 	 1 
5.1200 	 0 
5.1432 	 1 
5.2593 	 0 
5.2593 	 2 
5.2709 	 1 
5.3986 	 2 
5.4102 	 0 
5.4102 	 1 
5.4799 	 1 
5.5496 	 1 
5.7121 	 1 
5.7121 	 2 
5.8746 	 1 
5.8746 	 0 
5.8746 	 2 
5.9907 	 0 
5.9907 	 2 
6.0024 	 1 
6.1649 	 0 
6.1649 	 1 
6.1765 	 2 
6.2229 	 1 
6.3158 	 2 
6.3390 	 1 
6.4668 	 0 
6.4668 	 2 
6.4668 	 1 
6.6061 	 0 
6.6061 	 2 
6.6061 	 1 
6.7802 	 1 
6.9079 	 1 
6.9079 	 0 
6.9079 	 2 
7.0589 	 0 
7.0589 	 2 
7.0705 	 1 
7.1982 	 2 
7.2098 	 1 
7.2098 	 0 
7.5000 	 0 
7.5000 	 1 
7.5117 	 2 
7.8135 	 1 
7.8135 	 2 
7.8135 	 0 
8.1038 	 0 
8.1038 	 1 
8.2663 	 0 
8.2663 	 1 
8.2779 	 2 
8.3244 	 1 
8.4056 	 0 
8.4056 	 1 
8.5682 	 2 
8.5682 	 1 
8.5682 	 0 
8.6262 	 1 
8.7075 	 0 
8.7075 	 1 
8.7191 	 2 
8.7423 	 1 
8.8584 	 0 
8.8584 	 2 
8.8700 	 1 
9.0093 	 1 
9.0093 	 0 
9.0093 	 2 
9.3228 	 2 
9.4737 	 1 
9.4737 	 0 
9.4737 	 2 
14.5937 	 1 
