0.0116 	 2 
0.0116 	 1 
0.1277 	 0 
0.1393 	 2 
0.1393 	 1 
0.2786 	 0 
0.2786 	 1 
0.2786 	 2 
0.4063 	 1 
0.4063 	 2 
0.4063 	 0 
0.5457 	 1 
0.5457 	 0 
0.5457 	 2 
0.6850 	 2 
0.6966 	 1 
0.8243 	 1 
0.8243 	 2 
0.8359 	 0 
0.9636 	 2 
0.9636 	 1 
0.9636 	 0 
1.0913 	 1 
1.0913 	 0 
1.0913 	 2 
1.2307 	 2 
1.2307 	 0 
1.2423 	 1 
1.3584 	 0 
1.3584 	 2 
1.3700 	 1 
1.4861 	 2 
1.4977 	 1 
1.4977 	 0 
1.6370 	 0 
1.6370 	 2 
1.6486 	 1 
1.7763 	 2 
1.7995 	 1 
1.9156 	 2 
1.9156 	 1 
1.9273 	 0 
2.0550 	 1 
2.0550 	 0 
2.0550 	 2 
2.1827 	 1 
2.1827 	 0 
2.1827 	 2 
2.3220 	 1 
2.3220 	 0 
2.3336 	 2 
2.4613 	 2 
2.4613 	 1 
2.4613 	 0 
2.5890 	 0 
2.5890 	 2 
2.5890 	 1 
2.7167 	 2 
2.7283 	 1 
2.7283 	 0 
2.8677 	 2 
2.8793 	 1 
2.9954 	 2 
3.0070 	 1 
3.1347 	 2 
3.1347 	 1 
3.1347 	 0 
3.2740 	 2 
3.2856 	 1 
3.4133 	 2 
3.4249 	 0 
3.4249 	 1 
3.5410 	 2 
3.5527 	 1 
3.6804 	 1 
3.6804 	 2 
3.6804 	 0 
3.8081 	 2 
3.8197 	 1 
3.8197 	 0 
3.9590 	 2 
3.9706 	 1 
4.0983 	 2 
4.0983 	 1 
4.2376 	 2 
4.2376 	 0 
4.2376 	 1 
4.3537 	 0 
4.3537 	 2 
4.3654 	 1 
4.5047 	 2 
4.5047 	 1 
4.5047 	 0 
4.6440 	 1 
4.6440 	 0 
4.6440 	 2 
4.7717 	 2 
4.7833 	 1 
4.7833 	 0 
4.9110 	 1 
4.9110 	 2 
4.9110 	 0 
5.0503 	 1 
5.0503 	 2 
5.1780 	 2 
5.1780 	 1 
5.3290 	 2 
5.3290 	 1 
5.3290 	 0 
5.4567 	 2 
5.4567 	 1 
5.5960 	 0 
5.5960 	 2 
5.5960 	 1 
5.7237 	 0 
5.7237 	 2 
5.7237 	 1 
5.8514 	 2 
5.8630 	 1 
5.8630 	 0 
5.9907 	 2 
6.0024 	 0 
6.0024 	 1 
6.1533 	 1 
6.2810 	 1 
6.2810 	 2 
6.2926 	 0 
6.4087 	 1 
6.4203 	 0 
6.4203 	 2 
6.5364 	 1 
6.5364 	 2 
6.5364 	 0 
6.6757 	 2 
6.6757 	 0 
6.6873 	 1 
6.8267 	 2 
6.8267 	 1 
6.8267 	 0 
6.9544 	 0 
6.9544 	 2 
6.9660 	 1 
7.0937 	 0 
7.0937 	 2 
7.0937 	 1 
7.2330 	 2 
7.2446 	 1 
7.3607 	 2 
7.3607 	 1 
7.5117 	 2 
7.5117 	 0 
7.5117 	 1 
7.6394 	 2 
7.6394 	 1 
7.7787 	 1 
7.7787 	 0 
7.7787 	 2 
7.9064 	 2 
7.9180 	 1 
7.9180 	 0 
8.0457 	 1 
8.0457 	 0 
8.0457 	 2 
8.1734 	 2 
8.1850 	 0 
8.1850 	 1 
8.3360 	 1 
8.4637 	 1 
8.4637 	 2 
8.5914 	 1 
8.6030 	 2 
10.6696 	 1 
