0.0116 	 0 
0.0116 	 2 
0.2670 	 2 
0.2786 	 0 
0.5457 	 1 
0.5573 	 2 
0.8243 	 1 
1.0681 	 2 
1.0913 	 0 
1.3700 	 0 
1.6370 	 1 
1.6486 	 2 
1.9156 	 1 
2.1595 	 2 
2.2059 	 0 
2.4381 	 2 
2.4381 	 1 
2.4497 	 0 
2.7283 	 2 
2.7283 	 1 
2.9954 	 1 
3.2508 	 2 
3.2856 	 0 
3.5527 	 0 
3.8313 	 1 
3.8313 	 2 
4.1099 	 1 
4.3421 	 2 
4.3770 	 0 
4.6324 	 2 
4.6324 	 0 
4.9226 	 2 
4.9226 	 1 
5.2013 	 1 
5.4335 	 2 
5.4567 	 0 
5.7005 	 2 
5.7237 	 2 
5.7353 	 1 
5.7353 	 0 
6.0140 	 1 
6.0140 	 2 
6.2810 	 1 
6.3971 	 2 
6.4087 	 0 
6.5596 	 0 
6.8034 	 2 
6.8267 	 0 
7.0937 	 1 
7.0937 	 2 
7.3839 	 1 
7.6510 	 0 
7.8948 	 1 
7.9064 	 2 
7.9180 	 0 
8.1850 	 2 
8.1966 	 1 
8.4637 	 1 
10.7276 	 0 
