0.0116 	 0 
0.0116 	 2 
0.0116 	 1 
0.1393 	 0 
0.1393 	 2 
0.1393 	 1 
0.3831 	 0 
0.3831 	 2 
0.3947 	 1 
0.5108 	 0 
0.5108 	 2 
0.5108 	 1 
0.6269 	 1 
0.6385 	 0 
0.6385 	 2 
0.8824 	 1 
0.8824 	 0 
0.8824 	 2 
1.0101 	 1 
1.0101 	 0 
1.0101 	 2 
1.1378 	 1 
1.1494 	 2 
1.1494 	 0 
1.3816 	 2 
1.3816 	 1 
1.3816 	 0 
1.5093 	 2 
1.5093 	 0 
1.5093 	 1 
1.7531 	 1 
1.7647 	 0 
1.7647 	 2 
1.9969 	 0 
1.9969 	 2 
1.9969 	 1 
2.1246 	 1 
2.1362 	 0 
2.1595 	 2 
2.3800 	 1 
2.3800 	 0 
2.3800 	 2 
2.5078 	 2 
2.5078 	 0 
2.5078 	 1 
2.6355 	 1 
2.6355 	 0 
2.6471 	 2 
2.8793 	 0 
2.8793 	 1 
2.8793 	 2 
3.0070 	 0 
3.0070 	 1 
3.0070 	 2 
3.1347 	 0 
3.1347 	 1 
3.1463 	 2 
3.3785 	 1 
3.3901 	 0 
3.3901 	 2 
3.5062 	 0 
3.5062 	 1 
3.5178 	 2 
3.7616 	 2 
3.7616 	 1 
3.7732 	 0 
4.0054 	 1 
4.0054 	 2 
4.0054 	 0 
4.1332 	 0 
4.3770 	 2 
4.3886 	 0 
4.3886 	 1 
4.5047 	 1 
4.5163 	 2 
4.5163 	 0 
4.6208 	 1 
4.6324 	 0 
4.6324 	 2 
4.8762 	 0 
4.8762 	 1 
4.8762 	 2 
5.0039 	 0 
5.0155 	 1 
5.0155 	 2 
5.1316 	 1 
5.1432 	 0 
5.1432 	 2 
5.3754 	 2 
5.3754 	 1 
5.3870 	 0 
5.5147 	 1 
5.5147 	 2 
5.5147 	 0 
5.7469 	 0 
5.7469 	 1 
5.7585 	 2 
8.3127 	 1 
8.3127 	 0 
