0.0116 	 0 
0.0116 	 1 
0.0116 	 2 
0.4992 	 0 
0.4992 	 1 
0.4992 	 2 
0.9985 	 0 
0.9985 	 2 
1.0101 	 1 
1.1378 	 0 
1.1378 	 2 
1.1378 	 1 
1.2655 	 2 
1.2655 	 0 
1.2655 	 1 
1.5093 	 1 
1.5093 	 0 
1.5093 	 2 
2.0085 	 2 
2.0085 	 1 
2.0085 	 0 
2.5078 	 0 
2.5078 	 1 
2.5194 	 2 
3.0070 	 1 
3.0186 	 2 
3.0186 	 0 
3.1347 	 2 
3.1347 	 1 
3.1347 	 0 
3.2508 	 2 
3.2508 	 1 
3.2508 	 0 
3.5062 	 1 
3.5062 	 0 
3.5062 	 2 
4.0054 	 2 
4.0054 	 1 
4.0054 	 0 
4.5047 	 2 
4.5047 	 0 
4.5047 	 1 
5.0039 	 1 
5.0039 	 0 
5.0039 	 2 
5.1316 	 0 
5.1316 	 2 
5.1316 	 1 
5.2593 	 1 
5.2593 	 2 
5.2593 	 0 
5.5031 	 2 
5.5031 	 1 
5.5147 	 0 
7.6278 	 1 
7.6278 	 0 
