0.0116 	 0 
0.0116 	 1 
0.0116 	 2 
0.3599 	 0 
0.3599 	 2 
0.3599 	 1 
0.5457 	 1 
0.5457 	 0 
0.5457 	 2 
0.6966 	 1 
0.8824 	 2 
0.8940 	 1 
0.8940 	 0 
1.0681 	 0 
1.0681 	 2 
1.0681 	 1 
1.4164 	 2 
1.4164 	 0 
1.4164 	 1 
1.5906 	 2 
1.5906 	 0 
1.5906 	 1 
1.7647 	 2 
1.7647 	 0 
1.7647 	 1 
1.9389 	 2 
1.9389 	 0 
1.9505 	 1 
2.1130 	 0 
2.1130 	 1 
2.1130 	 2 
2.4613 	 2 
2.4729 	 1 
2.4729 	 0 
2.6471 	 0 
2.6471 	 2 
2.6471 	 1 
2.7980 	 1 
2.9954 	 0 
2.9954 	 1 
2.9954 	 2 
3.1695 	 0 
3.1695 	 1 
3.1695 	 2 
3.5178 	 0 
3.5178 	 2 
3.5294 	 1 
3.7036 	 1 
3.7036 	 2 
3.7036 	 0 
3.8661 	 0 
3.8661 	 2 
3.8777 	 1 
4.0519 	 2 
4.0519 	 0 
4.0519 	 1 
4.2260 	 2 
4.2260 	 0 
4.2260 	 1 
4.4002 	 2 
4.4002 	 1 
4.5743 	 1 
4.5743 	 0 
4.5743 	 2 
4.7485 	 1 
4.7485 	 0 
4.7485 	 2 
4.9226 	 0 
4.9226 	 2 
4.9226 	 1 
5.0968 	 1 
5.0968 	 0 
5.1084 	 2 
5.2709 	 0 
5.2709 	 2 
5.2709 	 1 
5.4451 	 1 
5.4451 	 2 
5.4567 	 0 
5.6192 	 2 
5.6308 	 0 
5.6308 	 1 
5.8050 	 0 
5.8050 	 1 
5.8050 	 2 
5.9791 	 0 
5.9791 	 1 
5.9791 	 2 
6.1533 	 0 
6.1533 	 1 
6.1533 	 2 
6.3274 	 0 
6.3274 	 1 
6.3274 	 2 
6.5016 	 1 
6.5016 	 2 
6.6757 	 1 
6.6757 	 2 
6.6757 	 0 
6.8615 	 1 
6.8615 	 2 
6.8615 	 0 
7.0240 	 1 
7.0356 	 2 
7.0356 	 0 
7.2098 	 1 
7.2098 	 0 
7.2098 	 2 
7.3839 	 1 
7.3839 	 0 
7.3839 	 2 
7.5581 	 1 
7.5581 	 2 
7.7322 	 0 
7.7322 	 2 
7.7322 	 1 
7.9064 	 2 
7.9064 	 0 
7.9064 	 1 
8.0805 	 0 
8.0805 	 1 
8.0805 	 2 
8.2547 	 2 
8.2547 	 1 
8.2547 	 0 
8.4288 	 0 
8.4288 	 1 
8.4288 	 2 
8.6030 	 1 
8.6030 	 2 
8.6030 	 0 
8.7771 	 2 
8.7888 	 0 
8.7888 	 1 
8.9629 	 1 
8.9629 	 2 
8.9629 	 0 
9.1371 	 0 
9.1371 	 2 
9.1371 	 1 
9.3112 	 2 
9.3112 	 1 
9.3112 	 0 
9.4854 	 2 
9.4854 	 1 
9.4854 	 0 
9.6595 	 0 
9.6595 	 2 
9.6595 	 1 
9.8337 	 0 
9.8337 	 2 
9.8337 	 1 
10.0078 	 2 
10.0194 	 1 
10.0194 	 0 
10.1820 	 0 
10.1820 	 1 
10.1820 	 2 
10.3677 	 1 
10.3677 	 0 
10.3677 	 2 
10.5419 	 1 
10.5419 	 2 
10.5419 	 0 
10.7044 	 1 
10.7160 	 2 
10.7160 	 0 
10.8902 	 2 
10.8902 	 0 
10.8902 	 1 
11.0643 	 1 
11.0643 	 0 
11.0643 	 2 
11.2385 	 1 
11.2385 	 0 
11.2385 	 2 
11.4126 	 2 
11.4126 	 1 
11.4126 	 0 
11.5868 	 1 
11.5868 	 0 
11.5868 	 2 
11.6216 	 1 
11.6216 	 2 
11.7609 	 2 
11.7609 	 0 
11.7609 	 1 
11.9351 	 2 
11.9467 	 0 
11.9467 	 1 
12.1208 	 2 
12.1208 	 1 
12.1208 	 0 
12.2950 	 1 
12.2950 	 2 
12.2950 	 0 
12.4691 	 2 
12.4691 	 0 
12.4691 	 1 
12.6433 	 0 
12.6433 	 2 
12.6433 	 1 
12.9916 	 2 
12.9916 	 0 
13.0032 	 1 
13.1657 	 2 
13.1773 	 1 
13.1773 	 0 
13.3283 	 1 
13.5256 	 1 
13.5256 	 2 
13.5256 	 0 
13.6998 	 1 
13.6998 	 0 
13.6998 	 2 
14.0481 	 0 
14.0481 	 2 
14.0481 	 1 
14.2222 	 0 
14.2222 	 2 
14.2222 	 1 
14.3964 	 1 
14.3964 	 2 
14.3964 	 0 
14.5705 	 2 
14.5705 	 1 
14.5705 	 0 
14.7447 	 1 
14.7447 	 2 
14.7447 	 0 
15.0930 	 2 
15.1046 	 0 
15.1046 	 1 
15.2787 	 0 
15.2787 	 1 
15.2787 	 2 
15.4413 	 1 
15.6270 	 2 
15.6270 	 1 
15.6270 	 0 
15.8012 	 2 
15.8012 	 1 
15.8012 	 0 
16.1495 	 0 
16.1495 	 2 
16.1611 	 1 
16.3236 	 2 
16.3352 	 1 
16.3352 	 0 
16.4978 	 2 
16.5094 	 1 
16.5094 	 0 
16.6835 	 0 
16.6835 	 2 
16.6835 	 1 
16.8461 	 1 
16.8577 	 2 
17.3801 	 2 
17.3801 	 1 
17.3917 	 0 
17.7284 	 2 
17.7284 	 1 
17.9026 	 2 
17.9026 	 1 
18.4366 	 1 
18.4366 	 0 
18.4366 	 2 
18.7849 	 1 
18.7849 	 2 
18.9591 	 2 
18.9591 	 1 
19.4815 	 1 
19.4815 	 2 
19.4932 	 0 
19.8298 	 1 
19.8415 	 2 
20.0040 	 1 
20.0156 	 2 
20.5380 	 1 
20.5380 	 2 
20.5497 	 0 
20.8863 	 1 
20.8863 	 2 
20.8980 	 0 
21.0605 	 1 
21.0605 	 2 
21.4088 	 1 
21.4204 	 2 
21.5946 	 0 
21.5946 	 2 
21.5946 	 1 
21.7571 	 1 
21.7803 	 2 
21.9429 	 1 
21.9429 	 2 
22.1170 	 2 
22.1170 	 1 
22.4653 	 2 
22.4653 	 1 
22.4769 	 0 
22.6395 	 2 
22.6395 	 1 
22.6511 	 0 
22.8136 	 2 
22.8252 	 1 
22.8252 	 0 
22.9878 	 2 
22.9994 	 0 
22.9994 	 1 
23.1619 	 1 
23.1735 	 2 
23.5218 	 1 
23.5218 	 2 
23.6960 	 2 
23.6960 	 0 
23.6960 	 1 
23.8585 	 1 
23.8933 	 2 
24.0443 	 2 
24.0443 	 1 
24.0443 	 0 
24.2184 	 1 
24.2184 	 2 
24.5783 	 2 
24.5783 	 1 
24.7525 	 2 
24.7525 	 0 
24.7525 	 1 
24.9266 	 0 
24.9266 	 2 
24.9266 	 1 
25.1008 	 2 
25.1008 	 1 
25.1008 	 0 
25.2749 	 1 
25.2749 	 0 
25.2749 	 2 
25.4259 	 2 
25.7161 	 2 
25.7277 	 1 
25.7277 	 0 
25.8090 	 2 
25.8090 	 0 
25.8206 	 1 
25.9831 	 1 
26.0644 	 2 
26.0644 	 1 
26.0644 	 0 
26.1457 	 2 
26.1457 	 0 
26.1573 	 1 
26.3198 	 2 
26.3314 	 1 
26.3430 	 0 
26.4127 	 0 
26.4127 	 2 
26.4243 	 1 
26.5056 	 2 
26.5056 	 1 
26.5056 	 0 
26.6681 	 1 
26.6797 	 2 
26.6913 	 0 
26.6913 	 1 
26.7610 	 2 
26.7726 	 1 
26.8539 	 0 
26.8655 	 1 
26.8655 	 2 
27.0280 	 1 
27.1906 	 2 
27.2138 	 1 
27.3763 	 2 
27.3763 	 0 
27.3763 	 1 
27.5273 	 2 
27.8175 	 2 
27.8291 	 0 
27.8291 	 1 
27.9104 	 2 
27.9104 	 0 
27.9220 	 1 
28.0845 	 2 
28.0961 	 1 
28.1774 	 0 
28.1774 	 1 
28.1774 	 2 
28.2471 	 2 
28.2587 	 0 
28.2587 	 1 
28.4212 	 2 
28.4444 	 1 
28.4444 	 0 
28.5257 	 2 
28.5257 	 0 
28.5257 	 1 
28.6070 	 1 
28.6070 	 2 
28.6070 	 0 
28.7811 	 1 
28.7927 	 2 
28.7927 	 0 
28.8740 	 0 
28.8740 	 2 
28.8856 	 1 
28.9669 	 0 
28.9669 	 2 
28.9669 	 1 
29.1294 	 1 
29.1410 	 2 
29.3036 	 2 
29.3152 	 1 
29.4893 	 0 
29.4893 	 2 
29.4893 	 1 
29.6635 	 1 
29.6635 	 0 
29.6751 	 2 
29.8376 	 2 
29.8376 	 0 
29.8376 	 1 
30.0118 	 0 
30.0234 	 1 
30.0234 	 2 
30.1859 	 2 
30.1976 	 1 
30.3601 	 2 
30.3717 	 1 
30.5342 	 2 
30.5342 	 1 
30.5342 	 0 
30.7200 	 2 
30.7200 	 1 
30.7200 	 0 
30.8941 	 1 
30.8941 	 2 
30.8941 	 0 
30.9870 	 1 
31.0683 	 2 
31.0683 	 0 
31.0799 	 1 
31.2424 	 2 
31.2541 	 1 
31.4050 	 1 
31.4166 	 2 
31.4282 	 1 
31.5907 	 2 
31.5907 	 1 
31.5907 	 0 
31.7649 	 0 
31.7649 	 1 
31.7765 	 2 
31.9507 	 0 
31.9507 	 2 
31.9507 	 1 
32.1248 	 2 
32.1248 	 1 
32.1248 	 0 
32.2873 	 2 
32.2990 	 1 
32.4615 	 2 
32.4731 	 1 
32.6473 	 2 
32.6473 	 0 
32.6473 	 1 
32.8214 	 1 
32.8214 	 2 
32.8214 	 0 
32.9956 	 1 
32.9956 	 0 
32.9956 	 2 
33.0884 	 1 
33.1697 	 2 
33.1697 	 0 
33.1813 	 1 
33.3439 	 2 
33.3555 	 1 
33.5180 	 2 
33.5296 	 1 
33.6922 	 0 
33.6922 	 2 
33.7038 	 1 
33.8779 	 0 
33.8779 	 2 
33.8779 	 1 
34.0521 	 2 
34.0521 	 1 
34.0521 	 0 
34.2262 	 1 
34.2262 	 2 
34.2262 	 0 
34.4004 	 1 
34.4004 	 0 
34.4004 	 2 
34.5745 	 2 
34.5745 	 1 
34.5745 	 0 
34.7487 	 1 
34.7487 	 0 
34.7487 	 2 
34.8415 	 1 
34.8415 	 2 
34.9228 	 2 
34.9228 	 0 
34.9344 	 1 
35.1086 	 2 
35.1086 	 0 
35.1086 	 1 
35.2827 	 2 
35.2827 	 0 
35.2827 	 1 
35.4453 	 2 
35.4569 	 0 
35.4569 	 1 
35.6194 	 2 
35.6310 	 1 
35.8052 	 1 
35.8052 	 2 
35.8052 	 0 
35.9793 	 1 
35.9793 	 2 
35.9793 	 0 
36.1535 	 2 
36.1535 	 0 
36.1535 	 1 
36.3276 	 1 
36.3276 	 2 
36.3276 	 0 
36.5018 	 1 
36.5018 	 2 
36.5018 	 0 
36.6875 	 2 
36.6875 	 0 
36.6875 	 1 
36.8501 	 2 
36.8501 	 1 
36.8501 	 0 
37.0358 	 0 
37.0358 	 2 
37.0358 	 1 
37.2100 	 1 
37.2100 	 0 
37.2100 	 2 
37.3841 	 0 
37.3841 	 2 
37.3841 	 1 
37.5583 	 2 
37.5699 	 1 
37.7324 	 2 
37.7440 	 1 
