0.0116 	 0 
0.0116 	 1 
0.0116 	 2 
0.0697 	 1 
0.1161 	 2 
0.1277 	 1 
0.1858 	 1 
0.2322 	 2 
0.2322 	 1 
0.3367 	 2 
0.3483 	 1 
0.3483 	 0 
0.4528 	 1 
0.6734 	 2 
0.6734 	 1 
0.6850 	 0 
0.7779 	 0 
0.7895 	 1 
0.8243 	 2 
0.8359 	 1 
0.8359 	 0 
0.8940 	 0 
0.8940 	 1 
1.0101 	 1 
1.0101 	 0 
1.0101 	 2 
1.1146 	 1 
1.1610 	 0 
1.1726 	 1 
1.1726 	 2 
1.2190 	 2 
1.2190 	 1 
1.3351 	 2 
1.3468 	 1 
1.3468 	 0 
1.4396 	 1 
1.6718 	 1 
1.6718 	 2 
1.6834 	 0 
1.9969 	 1 
2.0085 	 0 
2.0085 	 2 
2.1130 	 1 
2.1595 	 0 
2.1711 	 1 
2.1711 	 2 
2.2175 	 1 
2.3452 	 2 
2.3452 	 0 
2.3452 	 1 
2.4497 	 1 
2.6703 	 1 
2.6703 	 2 
2.6935 	 0 
2.8793 	 1 
2.8793 	 2 
2.8793 	 0 
3.0070 	 1 
3.0070 	 2 
3.0186 	 0 
3.1115 	 1 
3.3321 	 1 
3.3437 	 0 
3.3437 	 2 
3.6688 	 0 
3.6688 	 2 
3.6688 	 1 
3.7965 	 1 
3.9010 	 1 
3.9010 	 2 
4.0054 	 2 
4.0171 	 1 
4.0171 	 0 
4.1099 	 1 
4.3421 	 2 
4.3421 	 0 
4.3421 	 1 
4.6672 	 2 
4.6672 	 0 
4.6672 	 1 
4.7833 	 1 
4.8878 	 1 
4.8878 	 2 
4.8878 	 0 
5.0155 	 2 
5.0155 	 1 
5.0155 	 0 
5.1084 	 1 
5.3290 	 1 
5.3290 	 0 
5.3406 	 2 
5.4567 	 1 
5.5263 	 1 
5.5612 	 2 
5.5612 	 1 
5.6773 	 2 
5.6773 	 0 
5.6773 	 1 
5.7818 	 1 
6.0024 	 1 
6.0140 	 2 
6.0140 	 0 
6.1185 	 0 
6.1185 	 1 
6.1649 	 2 
6.1765 	 1 
6.2229 	 0 
6.2229 	 1 
6.3390 	 2 
6.3507 	 0 
6.3507 	 1 
6.4435 	 1 
6.4784 	 1 
6.4900 	 0 
6.5480 	 1 
6.5480 	 2 
6.6757 	 1 
6.6757 	 0 
6.6757 	 2 
6.7802 	 1 
7.0008 	 1 
7.0124 	 0 
7.0124 	 2 
7.1169 	 1 
7.3375 	 2 
7.3375 	 0 
7.3375 	 1 
7.4420 	 1 
7.5000 	 0 
7.5000 	 1 
7.5465 	 1 
7.6742 	 1 
7.6742 	 2 
7.6742 	 0 
7.7787 	 1 
7.9993 	 2 
7.9993 	 1 
7.9993 	 0 
8.0922 	 2 
8.1038 	 1 
8.2199 	 2 
8.2199 	 1 
8.2199 	 0 
8.3476 	 2 
8.3476 	 1 
8.3476 	 0 
8.4521 	 1 
8.6727 	 2 
8.6727 	 1 
8.6727 	 0 
8.9977 	 0 
8.9977 	 1 
8.9977 	 2 
9.1254 	 1 
9.2299 	 2 
9.2299 	 1 
9.3460 	 0 
9.3460 	 2 
9.3460 	 1 
9.4505 	 1 
9.6711 	 2 
9.6711 	 1 
9.6827 	 0 
9.9962 	 1 
10.0078 	 2 
10.0078 	 0 
10.1123 	 1 
10.1703 	 2 
10.1703 	 1 
10.2168 	 1 
10.2168 	 0 
10.3445 	 0 
10.3445 	 2 
10.3445 	 1 
10.4490 	 1 
10.8669 	 1 
10.8785 	 0 
10.8785 	 2 
14.9653 	 1 
