0.0116 	 0 
0.0116 	 2 
0.3483 	 2 
0.5108 	 2 
0.5108 	 1 
0.6734 	 0 
0.6734 	 1 
1.0101 	 1 
1.0217 	 0 
1.1726 	 1 
1.3468 	 2 
1.3468 	 0 
1.6834 	 2 
1.8344 	 1 
2.1827 	 1 
2.1827 	 2 
2.3452 	 1 
2.5078 	 1 
2.6819 	 2 
2.6819 	 0 
3.0186 	 2 
3.1695 	 2 
3.1811 	 1 
3.3321 	 1 
3.3437 	 0 
3.6688 	 1 
3.8429 	 1 
4.0171 	 0 
4.0171 	 2 
4.3537 	 2 
4.5047 	 1 
4.8414 	 1 
4.8530 	 2 
5.0155 	 1 
5.1664 	 1 
5.3406 	 2 
5.3522 	 0 
5.6889 	 2 
5.8398 	 1 
5.8398 	 2 
6.0024 	 1 
6.3390 	 1 
6.5016 	 1 
6.6757 	 2 
6.6873 	 0 
7.0124 	 2 
7.1634 	 0 
7.1750 	 1 
7.1866 	 0 
7.5117 	 1 
7.5117 	 2 
7.6742 	 1 
7.8367 	 1 
8.0109 	 0 
8.0109 	 2 
8.3476 	 2 
8.5101 	 2 
8.5101 	 1 
8.6727 	 1 
9.0093 	 1 
9.1719 	 1 
9.3460 	 0 
9.3460 	 2 
9.6827 	 2 
9.8453 	 1 
10.1820 	 2 
10.1820 	 1 
10.3561 	 1 
10.5070 	 1 
10.5070 	 0 
