0.0116 	 2 
0.0116 	 1 
0.3483 	 1 
0.3483 	 2 
0.5224 	 2 
0.5224 	 1 
0.5224 	 0 
0.6850 	 0 
0.6850 	 1 
0.6850 	 2 
0.9985 	 0 
0.9985 	 1 
0.9985 	 2 
1.3468 	 0 
1.3468 	 1 
1.3468 	 2 
1.5209 	 1 
1.5209 	 0 
1.5209 	 2 
1.6718 	 1 
1.6718 	 2 
1.6834 	 0 
1.9969 	 2 
1.9969 	 1 
1.9969 	 0 
2.1827 	 2 
2.1827 	 1 
2.1827 	 0 
2.3336 	 1 
2.3336 	 2 
2.3336 	 0 
2.6587 	 2 
2.6703 	 0 
2.6703 	 1 
3.0070 	 0 
3.0070 	 2 
3.0070 	 1 
3.1811 	 2 
3.1811 	 1 
3.1811 	 0 
3.3437 	 2 
3.3437 	 1 
3.3437 	 0 
3.6688 	 1 
3.6688 	 0 
3.6688 	 2 
4.0171 	 0 
4.0171 	 2 
4.0171 	 1 
4.1796 	 1 
4.1796 	 0 
4.1796 	 2 
4.3305 	 1 
4.3305 	 2 
4.3421 	 0 
4.6672 	 0 
4.6672 	 2 
4.6788 	 1 
4.9923 	 0 
4.9923 	 1 
4.9923 	 2 
5.1780 	 2 
5.1897 	 1 
5.1897 	 0 
5.3406 	 1 
5.3406 	 0 
5.3406 	 2 
5.6773 	 2 
5.6773 	 1 
5.8514 	 2 
5.8514 	 0 
5.8514 	 1 
6.0024 	 1 
6.0024 	 0 
6.0024 	 2 
6.3507 	 1 
6.3507 	 2 
6.3507 	 0 
6.6757 	 0 
6.6757 	 2 
6.6873 	 1 
6.8499 	 0 
6.8499 	 2 
6.8499 	 1 
6.9892 	 2 
7.0008 	 0 
7.0008 	 1 
7.3375 	 1 
7.3375 	 0 
7.3375 	 2 
7.5233 	 0 
7.5233 	 2 
7.5233 	 1 
7.6626 	 0 
7.6626 	 2 
7.6626 	 1 
7.9993 	 2 
7.9993 	 0 
8.0109 	 1 
8.3360 	 1 
8.3360 	 0 
8.3360 	 2 
8.5217 	 1 
8.5217 	 2 
8.5217 	 0 
8.6727 	 0 
8.6727 	 2 
8.6727 	 1 
9.0093 	 0 
9.0093 	 1 
9.0093 	 2 
9.3460 	 1 
9.3460 	 0 
9.3460 	 2 
9.5086 	 1 
9.5202 	 0 
9.5202 	 2 
9.6479 	 2 
9.6595 	 1 
9.6595 	 0 
10.0078 	 0 
10.0078 	 2 
10.0078 	 1 
10.3329 	 2 
10.3329 	 1 
10.3329 	 0 
10.5186 	 1 
10.5186 	 0 
10.5302 	 2 
10.6696 	 1 
10.6696 	 2 
10.6696 	 0 
11.0063 	 2 
11.0063 	 1 
11.1804 	 0 
11.1804 	 1 
11.1920 	 2 
11.3197 	 2 
11.3313 	 1 
11.6100 	 1 
11.6680 	 0 
11.6680 	 2 
11.6680 	 1 
12.0163 	 2 
12.0163 	 0 
12.0279 	 1 
12.1789 	 1 
12.1789 	 0 
12.1789 	 2 
12.3414 	 2 
12.3414 	 0 
12.3530 	 1 
12.6665 	 0 
12.6665 	 2 
12.6665 	 1 
12.8522 	 1 
12.8522 	 0 
12.8522 	 2 
12.9916 	 2 
12.9916 	 1 
13.0032 	 0 
13.3283 	 2 
13.3283 	 1 
13.3283 	 0 
13.6766 	 2 
13.6766 	 1 
13.6766 	 0 
13.8507 	 0 
13.8507 	 2 
13.8507 	 1 
14.0016 	 2 
14.0016 	 1 
14.0132 	 0 
14.3383 	 2 
14.3499 	 1 
14.3499 	 0 
14.6634 	 2 
14.6634 	 0 
14.6634 	 1 
14.8492 	 0 
14.8492 	 2 
14.8492 	 1 
15.0117 	 1 
15.0117 	 2 
15.0233 	 0 
15.3252 	 2 
15.3252 	 0 
15.3368 	 1 
15.6619 	 0 
15.6619 	 1 
15.6735 	 2 
15.9869 	 1 
15.9869 	 0 
15.9869 	 2 
16.3468 	 2 
16.3468 	 0 
16.3468 	 1 
16.5094 	 2 
16.5094 	 0 
16.5094 	 1 
16.6603 	 2 
16.6719 	 0 
16.6719 	 1 
17.0086 	 0 
17.0086 	 2 
17.0202 	 1 
17.3337 	 0 
17.3337 	 1 
17.3337 	 2 
17.5195 	 1 
17.5195 	 2 
17.5195 	 0 
17.6704 	 2 
17.6704 	 1 
17.6820 	 0 
17.9955 	 2 
17.9955 	 0 
18.0071 	 1 
18.3322 	 1 
18.3322 	 0 
18.3322 	 2 
18.6688 	 0 
18.6688 	 2 
18.6805 	 1 
19.0171 	 0 
19.0171 	 2 
19.0171 	 1 
19.1797 	 2 
19.1797 	 1 
19.1797 	 0 
19.3306 	 2 
19.3306 	 1 
19.3422 	 0 
19.6673 	 1 
19.6673 	 2 
19.6673 	 0 
20.0040 	 1 
20.0040 	 2 
20.0040 	 0 
20.1898 	 1 
20.1898 	 2 
20.1898 	 0 
20.3175 	 2 
20.3175 	 0 
20.3175 	 1 
20.6658 	 2 
20.6658 	 1 
20.6658 	 0 
21.0024 	 0 
21.0024 	 1 
21.0024 	 2 
23.1735 	 0 
23.1735 	 1 
