0.0116 	 0 
0.0116 	 2 
0.9288 	 2 
0.9404 	 1 
1.2423 	 0 
1.2423 	 2 
1.7183 	 2 
1.7183 	 0 
1.8692 	 1 
2.1711 	 1 
2.4729 	 2 
2.4845 	 0 
2.6355 	 1 
3.2160 	 1 
3.4017 	 2 
3.4133 	 1 
3.7152 	 2 
3.7152 	 0 
3.8777 	 1 
4.1796 	 0 
4.6440 	 1 
4.6672 	 2 
4.9575 	 2 
4.9575 	 0 
5.4219 	 2 
5.4219 	 0 
5.8746 	 2 
5.8863 	 1 
6.1881 	 0 
7.1169 	 1 
7.1169 	 2 
7.2795 	 1 
7.4188 	 2 
7.4304 	 0 
7.5929 	 1 
7.8948 	 0 
7.8948 	 2 
8.3476 	 2 
8.3592 	 1 
8.3708 	 2 
8.6727 	 0 
8.6727 	 2 
9.5898 	 2 
9.6015 	 1 
11.6100 	 2 
12.2485 	 0 
12.2485 	 2 
