0.0116 	 0 
0.0116 	 2 
0.0116 	 1 
0.3135 	 2 
0.3135 	 1 
0.6269 	 1 
0.6385 	 2 
0.9288 	 1 
0.9404 	 2 
1.2539 	 0 
1.2539 	 2 
1.2539 	 1 
1.5557 	 2 
1.5557 	 1 
1.5673 	 0 
1.7183 	 2 
1.7183 	 0 
1.7183 	 1 
1.8692 	 0 
1.8692 	 2 
1.8692 	 1 
2.0085 	 1 
2.1711 	 1 
2.1827 	 2 
2.4845 	 2 
2.4845 	 1 
2.4845 	 0 
2.7864 	 1 
2.7980 	 2 
2.9489 	 1 
2.9605 	 2 
3.0999 	 1 
3.0999 	 2 
3.1115 	 0 
3.4017 	 1 
3.4133 	 2 
3.5527 	 1 
3.7268 	 1 
3.7268 	 2 
3.7384 	 0 
3.8777 	 2 
3.8777 	 1 
4.0287 	 2 
4.0287 	 1 
4.0403 	 0 
4.1912 	 1 
4.3421 	 0 
4.3421 	 1 
4.3421 	 2 
4.4931 	 1 
4.4931 	 2 
4.5047 	 0 
4.6440 	 2 
4.6556 	 1 
4.6556 	 0 
4.7949 	 1 
4.8065 	 2 
4.9459 	 0 
4.9575 	 1 
4.9575 	 2 
5.2709 	 1 
5.2709 	 2 
5.4335 	 1 
5.4451 	 2 
5.5728 	 2 
5.5844 	 1 
5.5844 	 0 
5.8863 	 2 
5.8863 	 1 
6.0372 	 2 
6.0372 	 1 
6.1997 	 1 
6.1997 	 2 
6.1997 	 0 
6.5016 	 1 
6.5016 	 2 
6.6641 	 1 
6.6641 	 2 
6.6641 	 0 
6.8151 	 0 
6.8151 	 1 
6.8151 	 2 
7.1285 	 2 
7.1285 	 1 
7.2562 	 1 
7.4304 	 2 
7.4304 	 1 
7.4420 	 0 
7.7322 	 1 
7.7439 	 2 
7.8948 	 1 
8.0573 	 0 
8.0573 	 2 
8.0573 	 1 
8.2083 	 2 
8.2083 	 1 
8.3592 	 1 
8.3592 	 2 
8.5217 	 1 
8.5217 	 0 
8.5217 	 2 
8.6727 	 0 
8.6727 	 2 
8.6727 	 1 
8.8236 	 2 
8.8236 	 1 
8.9745 	 1 
8.9861 	 0 
8.9861 	 2 
9.1371 	 2 
9.1371 	 0 
9.1371 	 1 
9.2880 	 1 
9.2880 	 2 
9.2880 	 0 
9.4389 	 2 
9.4389 	 1 
9.4505 	 0 
9.6015 	 2 
9.6015 	 1 
9.7640 	 0 
9.7640 	 1 
13.7462 	 0 
13.7462 	 1 
