0.0116 	 0 
0.0116 	 1 
0.0116 	 2 
0.6734 	 0 
0.6734 	 2 
0.6734 	 1 
0.9985 	 0 
0.9985 	 2 
0.9985 	 1 
1.3932 	 2 
1.4977 	 2 
1.4977 	 0 
1.4977 	 1 
1.6718 	 0 
1.6718 	 1 
1.6834 	 2 
1.8228 	 2 
1.8228 	 1 
1.8228 	 0 
1.9853 	 1 
1.9853 	 0 
1.9853 	 2 
2.1595 	 2 
2.1595 	 0 
2.1711 	 1 
2.3104 	 1 
2.3104 	 0 
2.3220 	 2 
2.4845 	 1 
2.4845 	 0 
2.4845 	 2 
2.8096 	 2 
2.8096 	 1 
2.8096 	 0 
3.0302 	 2 
3.1463 	 1 
3.3088 	 2 
3.3088 	 0 
3.3088 	 1 
3.4714 	 1 
3.4714 	 0 
3.4714 	 2 
3.6571 	 2 
3.6688 	 1 
3.7965 	 1 
3.7965 	 0 
3.8081 	 2 
3.9590 	 0 
3.9706 	 1 
3.9706 	 2 
4.1215 	 0 
4.1332 	 2 
4.1332 	 1 
4.2957 	 2 
4.2957 	 0 
4.2957 	 1 
8.9629 	 1 
