0.0116 	 0 
0.0116 	 2 
0.3251 	 0 
0.6385 	 1 
0.6385 	 2 
0.9520 	 0 
1.2655 	 1 
1.2655 	 2 
1.5906 	 0 
1.9040 	 2 
1.9040 	 1 
2.3800 	 1 
2.5310 	 0 
2.5426 	 2 
2.8561 	 0 
3.1695 	 2 
3.1695 	 1 
3.4830 	 0 
3.7965 	 2 
3.7965 	 1 
3.9474 	 2 
4.1099 	 0 
4.4234 	 2 
4.4234 	 1 
4.7253 	 2 
4.9110 	 1 
5.0620 	 2 
5.0620 	 0 
5.3754 	 0 
5.6889 	 1 
5.7005 	 2 
6.0140 	 0 
6.3158 	 2 
6.6409 	 0 
6.9544 	 2 
6.9544 	 1 
7.2446 	 2 
7.4304 	 1 
7.5813 	 0 
7.5929 	 2 
7.9064 	 0 
8.2199 	 2 
8.2199 	 1 
8.5333 	 0 
8.8468 	 1 
8.8468 	 2 
9.1719 	 0 
9.4737 	 1 
9.4854 	 2 
9.6015 	 1 
9.7988 	 1 
9.9498 	 1 
11.9583 	 0 
