0.0116 	 0 
0.0116 	 2 
0.0232 	 1 
0.3251 	 0 
0.3251 	 2 
0.3251 	 1 
0.6502 	 0 
0.6502 	 2 
0.6502 	 1 
0.8011 	 0 
0.8011 	 2 
0.8011 	 1 
0.9520 	 0 
0.9520 	 1 
0.9636 	 2 
1.1146 	 2 
1.1146 	 1 
1.1146 	 0 
1.2771 	 2 
1.4396 	 1 
1.4396 	 0 
1.4396 	 2 
1.5906 	 1 
1.5906 	 0 
1.5906 	 2 
1.6486 	 1 
1.9040 	 1 
1.9040 	 0 
1.9040 	 2 
2.0666 	 1 
2.0666 	 2 
2.0782 	 0 
2.2059 	 0 
2.2059 	 1 
2.2175 	 2 
2.5310 	 2 
2.5426 	 0 
2.5426 	 1 
2.8444 	 2 
2.8444 	 0 
2.8444 	 1 
3.0070 	 2 
3.0186 	 1 
3.0186 	 0 
3.1579 	 2 
3.1695 	 0 
3.1695 	 1 
3.4598 	 0 
3.4714 	 1 
3.4946 	 1 
3.5062 	 2 
3.6455 	 1 
3.6455 	 0 
3.6455 	 2 
3.7965 	 2 
3.7965 	 1 
3.8081 	 0 
4.1099 	 0 
4.1099 	 2 
4.1099 	 1 
4.4350 	 0 
4.4350 	 2 
4.4350 	 1 
4.5859 	 2 
4.5976 	 1 
4.5976 	 0 
4.7253 	 2 
4.7369 	 1 
4.7369 	 0 
5.0620 	 1 
5.0620 	 2 
5.0736 	 0 
5.3870 	 1 
5.3870 	 2 
5.4219 	 1 
5.5380 	 2 
5.5496 	 1 
5.5496 	 0 
5.6889 	 1 
5.6889 	 2 
5.6889 	 0 
5.8514 	 0 
5.8514 	 1 
5.8514 	 2 
6.0024 	 2 
6.0024 	 1 
6.0024 	 0 
6.1649 	 2 
6.1649 	 0 
6.1649 	 1 
6.3274 	 0 
6.3274 	 1 
6.3274 	 2 
6.6293 	 0 
6.6409 	 1 
6.6409 	 2 
6.9544 	 1 
6.9544 	 2 
6.9544 	 0 
7.1169 	 2 
7.1169 	 0 
7.1285 	 1 
7.2562 	 2 
7.2678 	 1 
7.2678 	 0 
7.4304 	 1 
7.4304 	 2 
7.4420 	 0 
7.5813 	 1 
7.5813 	 2 
7.5929 	 0 
7.8832 	 0 
7.8948 	 1 
8.0573 	 2 
8.0689 	 1 
8.0689 	 0 
8.2199 	 0 
8.2199 	 2 
8.2199 	 1 
8.5101 	 0 
8.5217 	 1 
8.8468 	 2 
8.8468 	 1 
8.8584 	 0 
9.1603 	 0 
9.1603 	 1 
9.1719 	 2 
9.4854 	 1 
9.4854 	 0 
9.4854 	 2 
9.6479 	 2 
9.6479 	 0 
9.6479 	 1 
9.7872 	 0 
9.7872 	 1 
9.7872 	 2 
14.7911 	 1 
14.7911 	 0 
