0.0116 	 0 
0.0116 	 1 
0.0116 	 2 
0.2554 	 1 
0.2554 	 0 
0.2554 	 2 
0.3715 	 2 
0.3831 	 1 
0.3831 	 0 
0.4992 	 0 
0.4992 	 2 
0.5108 	 1 
0.6269 	 0 
0.6269 	 1 
0.6269 	 2 
0.7430 	 0 
0.7430 	 1 
0.7430 	 2 
0.8707 	 1 
0.8707 	 2 
0.8707 	 0 
0.9868 	 2 
0.9868 	 0 
0.9868 	 1 
1.2190 	 2 
1.2307 	 1 
1.2307 	 0 
1.4745 	 0 
1.4745 	 2 
1.4745 	 1 
1.5906 	 0 
1.5906 	 1 
1.5906 	 2 
1.7183 	 0 
1.7183 	 1 
1.7183 	 2 
1.9621 	 0 
1.9621 	 2 
1.9621 	 1 
2.2059 	 2 
2.2059 	 1 
2.2059 	 0 
2.3336 	 2 
2.3336 	 1 
2.3336 	 0 
2.4497 	 0 
2.4497 	 2 
2.4613 	 1 
2.5774 	 0 
2.5774 	 2 
2.5890 	 1 
2.6355 	 1 
2.6935 	 0 
2.6935 	 2 
2.7051 	 1 
2.7516 	 1 
2.8096 	 2 
2.8212 	 0 
2.8212 	 1 
2.9257 	 2 
2.9257 	 0 
2.9373 	 1 
3.0534 	 2 
3.0534 	 1 
3.0534 	 0 
3.1811 	 2 
3.1811 	 0 
3.1811 	 1 
3.4249 	 1 
3.4249 	 2 
3.4249 	 0 
3.5410 	 0 
3.5410 	 2 
3.5410 	 1 
3.6571 	 2 
3.6688 	 0 
3.6688 	 1 
3.8777 	 1 
6.1765 	 1 
