0.1277 	 1 
0.1277 	 2 
0.2438 	 0 
0.2438 	 2 
0.2554 	 1 
0.3715 	 1 
0.4760 	 2 
0.4876 	 1 
0.4876 	 0 
0.5341 	 1 
0.7314 	 2 
0.7314 	 0 
0.7430 	 1 
0.8591 	 2 
0.8707 	 1 
0.8707 	 0 
0.9752 	 2 
0.9752 	 1 
1.1029 	 2 
1.1029 	 0 
1.1146 	 1 
1.1610 	 1 
1.2307 	 1 
1.2307 	 0 
1.2307 	 2 
1.3468 	 2 
1.3468 	 1 
1.4629 	 2 
1.4629 	 0 
1.4745 	 1 
1.5906 	 0 
1.6022 	 1 
1.6022 	 2 
1.7067 	 2 
1.7183 	 1 
2.1943 	 2 
2.2059 	 1 
2.2059 	 0 
2.3220 	 1 
2.4381 	 2 
2.4497 	 1 
2.4497 	 0 
2.5658 	 0 
2.5774 	 2 
2.5774 	 1 
2.6935 	 2 
2.6935 	 0 
2.6935 	 1 
2.8096 	 2 
2.8212 	 0 
2.8212 	 1 
2.9257 	 2 
2.9257 	 1 
3.1695 	 2 
3.1811 	 0 
3.1811 	 1 
3.2972 	 0 
3.2972 	 1 
3.3553 	 1 
3.4133 	 2 
3.4249 	 1 
3.4249 	 0 
3.5294 	 1 
3.5410 	 2 
3.5410 	 0 
3.5643 	 1 
3.6223 	 1 
3.6688 	 2 
3.6688 	 0 
3.6804 	 1 
3.7732 	 2 
3.7965 	 0 
3.7965 	 1 
