0.0116 	 0 
0.0116 	 1 
0.0116 	 2 
0.1393 	 1 
0.1393 	 2 
0.1509 	 0 
0.2554 	 2 
0.2554 	 1 
0.2554 	 0 
0.3715 	 2 
0.3715 	 1 
0.3715 	 0 
0.4992 	 0 
0.4992 	 2 
0.4992 	 1 
0.6269 	 1 
0.6269 	 0 
0.6269 	 2 
0.7430 	 2 
0.7430 	 1 
0.7430 	 0 
0.8591 	 2 
0.8591 	 0 
0.8707 	 1 
0.9868 	 1 
0.9868 	 2 
0.9868 	 0 
1.1146 	 2 
1.1146 	 1 
1.2307 	 2 
1.2307 	 1 
1.2423 	 0 
1.3468 	 1 
1.3468 	 2 
1.4629 	 1 
1.4745 	 0 
1.4745 	 2 
1.7183 	 0 
1.7183 	 1 
1.7183 	 2 
1.8344 	 0 
1.8460 	 1 
1.8460 	 2 
1.9621 	 1 
1.9621 	 2 
1.9621 	 0 
2.0782 	 2 
2.0782 	 0 
2.0898 	 1 
2.2059 	 1 
2.2059 	 0 
2.2059 	 2 
2.4497 	 0 
2.4497 	 1 
2.4497 	 2 
2.6935 	 0 
2.6935 	 1 
2.6935 	 2 
2.8096 	 0 
2.8212 	 1 
2.8212 	 2 
2.9257 	 1 
2.9373 	 2 
2.9373 	 0 
3.0650 	 0 
3.0650 	 1 
3.0650 	 2 
3.1811 	 1 
3.1811 	 2 
3.2972 	 1 
3.2972 	 2 
3.4249 	 2 
3.4249 	 1 
3.4249 	 0 
3.5410 	 1 
3.5527 	 2 
3.6688 	 0 
3.6688 	 1 
3.6688 	 2 
3.7965 	 1 
8.7888 	 0 
8.7888 	 1 
