0.0116 	 0 
0.0116 	 1 
0.0116 	 2 
0.0697 	 1 
0.2554 	 1 
0.2554 	 2 
0.2670 	 0 
0.3019 	 1 
0.4992 	 2 
0.4992 	 1 
0.4992 	 0 
0.6269 	 2 
0.6385 	 1 
0.6850 	 1 
0.7546 	 1 
0.7546 	 2 
0.8127 	 1 
0.8591 	 1 
0.9752 	 1 
0.9752 	 2 
0.9868 	 0 
1.0333 	 1 
1.1029 	 1 
1.2190 	 1 
1.2307 	 2 
1.2307 	 0 
1.3351 	 1 
1.4629 	 0 
1.4745 	 2 
1.4745 	 1 
1.5906 	 0 
1.6022 	 1 
1.6022 	 2 
1.7183 	 0 
1.7299 	 2 
1.7299 	 1 
1.8228 	 0 
1.8344 	 1 
1.9505 	 1 
1.9505 	 2 
1.9505 	 0 
2.0898 	 2 
2.0898 	 0 
2.0898 	 1 
2.2059 	 1 
2.2059 	 2 
2.2291 	 0 
2.4381 	 1 
2.4497 	 2 
2.4497 	 0 
2.5774 	 0 
2.5774 	 2 
2.5890 	 1 
2.6935 	 0 
2.7051 	 1 
2.7051 	 2 
2.8328 	 1 
2.9257 	 0 
2.9257 	 2 
2.9373 	 1 
3.0650 	 0 
3.0650 	 2 
3.0766 	 1 
3.1695 	 2 
3.1811 	 1 
3.1811 	 0 
3.2856 	 1 
3.4133 	 1 
3.4133 	 0 
3.4249 	 2 
3.4714 	 1 
3.5643 	 1 
3.6223 	 1 
3.6920 	 1 
3.6920 	 2 
3.8081 	 1 
8.7888 	 1 
8.7888 	 0 
