0.0116 	 0 
0.0116 	 2 
0.0116 	 1 
0.2438 	 2 
0.2438 	 1 
0.2554 	 0 
0.4876 	 2 
0.4876 	 1 
0.4992 	 0 
0.6153 	 2 
0.6153 	 1 
0.6269 	 0 
0.7314 	 2 
0.7430 	 1 
0.7430 	 0 
0.8591 	 1 
0.8591 	 0 
0.8591 	 2 
0.9868 	 1 
0.9868 	 2 
0.9868 	 0 
1.1029 	 2 
1.1029 	 0 
1.1029 	 1 
1.2190 	 2 
1.2307 	 0 
1.2307 	 1 
1.3468 	 2 
1.3468 	 1 
1.3584 	 0 
1.4629 	 2 
1.4745 	 1 
1.4745 	 0 
1.7183 	 0 
1.7299 	 1 
1.7299 	 2 
1.8344 	 1 
1.8460 	 0 
1.9621 	 0 
1.9621 	 1 
1.9621 	 2 
2.1943 	 1 
2.1943 	 2 
2.1943 	 0 
2.4381 	 2 
2.4381 	 1 
2.4497 	 0 
2.5658 	 2 
2.5658 	 1 
2.5774 	 0 
2.6935 	 1 
2.6935 	 2 
2.6935 	 0 
2.8096 	 2 
2.8096 	 1 
2.8212 	 0 
2.9373 	 0 
2.9373 	 1 
2.9373 	 2 
3.1811 	 0 
3.1811 	 2 
3.1811 	 1 
3.2972 	 1 
3.2972 	 2 
3.3088 	 0 
3.4249 	 2 
3.4249 	 1 
3.4249 	 0 
3.5410 	 2 
3.5410 	 1 
3.5527 	 0 
3.6688 	 1 
3.6688 	 2 
3.6688 	 0 
3.7849 	 2 
3.7849 	 1 
3.7965 	 0 
7.2911 	 1 
7.2911 	 0 
