0.0116 	 0 
0.0116 	 2 
0.2670 	 2 
0.2786 	 0 
0.4296 	 1 
0.5457 	 1 
0.6850 	 0 
0.6850 	 2 
0.9404 	 1 
1.0797 	 0 
1.0797 	 2 
1.3468 	 1 
1.4861 	 0 
1.6138 	 2 
1.6138 	 1 
1.8808 	 2 
2.0201 	 1 
2.1595 	 0 
2.1595 	 2 
2.4149 	 2 
2.4265 	 0 
2.5658 	 1 
2.6819 	 1 
2.8212 	 0 
2.9605 	 1 
2.9605 	 2 
3.0883 	 1 
3.2276 	 2 
3.3553 	 1 
3.4946 	 2 
3.4946 	 0 
3.7616 	 1 
3.7616 	 2 
3.9010 	 1 
4.0287 	 2 
4.1564 	 1 
4.2957 	 2 
4.2957 	 0 
4.5627 	 0 
4.5627 	 2 
4.7020 	 1 
4.8298 	 1 
4.9691 	 0 
5.0968 	 1 
5.0968 	 2 
5.2361 	 1 
5.3522 	 2 
5.5031 	 1 
5.6308 	 2 
5.6424 	 0 
5.9095 	 2 
5.9095 	 1 
6.1649 	 2 
6.3042 	 1 
6.4319 	 2 
6.4435 	 0 
6.5829 	 1 
6.7106 	 2 
6.7106 	 0 
6.9776 	 1 
7.1169 	 0 
7.2446 	 1 
7.2446 	 2 
7.5117 	 2 
7.6394 	 1 
7.7787 	 0 
7.7787 	 2 
8.0457 	 1 
8.0573 	 2 
8.1850 	 1 
8.4521 	 1 
11.4474 	 0 
