0.0116 	 0 
0.0116 	 2 
0.1509 	 1 
0.2786 	 1 
0.3947 	 2 
0.4063 	 0 
0.5573 	 1 
0.6734 	 1 
0.8011 	 2 
0.8127 	 0 
0.9520 	 1 
1.0797 	 1 
1.1726 	 2 
1.2190 	 0 
1.3468 	 2 
1.3468 	 1 
1.4861 	 1 
1.6138 	 2 
1.6254 	 0 
1.7647 	 1 
1.8808 	 1 
1.9853 	 2 
2.0201 	 0 
2.1478 	 2 
2.1478 	 1 
2.2872 	 1 
2.4265 	 0 
2.5194 	 2 
2.5426 	 1 
2.6935 	 2 
2.8212 	 0 
2.9605 	 2 
2.9605 	 1 
3.0883 	 1 
3.3553 	 1 
3.4830 	 0 
3.4946 	 2 
3.6339 	 1 
3.7616 	 1 
3.7616 	 2 
4.0403 	 2 
4.1564 	 1 
4.2957 	 0 
4.2957 	 2 
4.4350 	 1 
4.5511 	 1 
4.6788 	 2 
4.6904 	 0 
4.8414 	 1 
4.9575 	 1 
5.0852 	 2 
5.0968 	 0 
5.2477 	 1 
5.3522 	 1 
5.4683 	 2 
5.5031 	 0 
5.6308 	 2 
5.6308 	 1 
5.7702 	 1 
5.8979 	 0 
5.9095 	 2 
6.0488 	 1 
6.1649 	 1 
6.2694 	 2 
6.3042 	 0 
6.4435 	 2 
6.4435 	 1 
6.5712 	 1 
6.8383 	 1 
6.9776 	 2 
7.1053 	 0 
7.2446 	 2 
7.2446 	 1 
7.3723 	 1 
7.5117 	 2 
7.6394 	 2 
7.6510 	 0 
7.7787 	 1 
7.9180 	 0 
8.0225 	 2 
8.0341 	 1 
8.1850 	 1 
8.3127 	 2 
8.4521 	 2 
11.9467 	 0 
