0.0116 	 0 
0.2554 	 0 
0.2786 	 2 
0.5108 	 1 
0.7546 	 2 
0.7779 	 2 
0.8940 	 1 
1.0101 	 1 
1.1378 	 1 
1.2655 	 0 
1.4977 	 2 
1.5093 	 1 
1.7763 	 2 
1.8924 	 1 
2.0085 	 0 
2.2639 	 0 
2.2756 	 2 
2.5078 	 1 
2.5194 	 2 
2.6471 	 1 
2.7516 	 2 
2.7748 	 2 
2.8909 	 1 
3.1463 	 1 
3.2624 	 0 
3.2740 	 2 
3.5062 	 1 
3.5178 	 2 
3.6455 	 2 
3.7500 	 2 
3.7732 	 2 
3.8893 	 1 
4.0171 	 0 
4.2609 	 0 
4.2725 	 2 
4.5047 	 1 
4.5163 	 2 
4.7717 	 2 
4.8878 	 1 
5.0039 	 1 
5.1316 	 1 
5.2593 	 0 
5.5147 	 1 
5.5263 	 2 
5.6541 	 2 
5.7702 	 2 
5.8863 	 1 
6.0024 	 1 
6.1301 	 1 
6.2462 	 2 
6.2694 	 2 
6.2694 	 0 
6.5132 	 1 
6.5248 	 2 
6.7570 	 1 
6.7686 	 2 
6.8847 	 1 
7.0240 	 2 
7.1401 	 1 
7.2678 	 0 
7.5000 	 2 
7.5117 	 1 
7.5233 	 2 
7.6394 	 1 
7.8948 	 1 
10.3909 	 0 
10.3909 	 2 
