0.0116 	 0 
0.0116 	 2 
0.0116 	 1 
0.1509 	 2 
0.1509 	 1 
0.2786 	 0 
0.2786 	 2 
0.2902 	 1 
0.4180 	 1 
0.4180 	 0 
0.4180 	 2 
0.5457 	 1 
0.5457 	 0 
0.5573 	 2 
0.5921 	 1 
0.8127 	 2 
0.8243 	 1 
0.9520 	 2 
0.9520 	 1 
0.9520 	 0 
1.0797 	 2 
1.0913 	 0 
1.0913 	 1 
1.3468 	 2 
1.3468 	 1 
1.4861 	 0 
1.4861 	 2 
1.4861 	 1 
1.6254 	 0 
1.6254 	 1 
1.6254 	 2 
1.7647 	 2 
1.7763 	 1 
1.8808 	 2 
1.8924 	 1 
2.0201 	 0 
2.0201 	 2 
2.0317 	 1 
2.1595 	 0 
2.1595 	 2 
2.1595 	 1 
2.2988 	 1 
2.2988 	 2 
2.4149 	 2 
2.4265 	 1 
2.5542 	 2 
2.5658 	 0 
2.5658 	 1 
2.6935 	 1 
2.6935 	 0 
2.6935 	 2 
2.8328 	 2 
2.8328 	 1 
2.9489 	 1 
2.9605 	 2 
2.9605 	 0 
3.0999 	 2 
3.1115 	 1 
3.2276 	 1 
3.2276 	 2 
3.2276 	 0 
3.3553 	 2 
3.3669 	 1 
3.4830 	 1 
3.4946 	 0 
3.4946 	 2 
3.6339 	 0 
3.6339 	 1 
3.6339 	 2 
3.7616 	 0 
3.7616 	 1 
3.7616 	 2 
4.0171 	 1 
4.0287 	 2 
4.1680 	 1 
4.1680 	 2 
4.1680 	 0 
4.2957 	 2 
4.2957 	 1 
4.2957 	 0 
4.4350 	 2 
4.4350 	 1 
4.5627 	 2 
4.5627 	 1 
4.7020 	 1 
4.7020 	 0 
4.7020 	 2 
4.8414 	 1 
4.8414 	 0 
4.8414 	 2 
5.0968 	 2 
5.1084 	 1 
5.2361 	 2 
5.2361 	 0 
5.2361 	 1 
5.3754 	 0 
5.3754 	 2 
5.3754 	 1 
5.6308 	 2 
5.6424 	 1 
5.7702 	 2 
5.7702 	 1 
5.7702 	 0 
5.9095 	 0 
5.9095 	 1 
5.9095 	 2 
6.0488 	 2 
6.1649 	 2 
6.1765 	 1 
6.3042 	 2 
6.3042 	 1 
6.4435 	 1 
6.4435 	 0 
6.4435 	 2 
6.5945 	 2 
6.6990 	 2 
6.7106 	 1 
6.8383 	 2 
6.8499 	 1 
6.8499 	 0 
6.9776 	 2 
6.9776 	 0 
6.9776 	 1 
7.2330 	 1 
7.2446 	 0 
7.2446 	 2 
7.3839 	 1 
7.5117 	 2 
7.5117 	 1 
7.5117 	 0 
7.7787 	 2 
7.7787 	 1 
7.9180 	 1 
7.9180 	 2 
7.9180 	 0 
8.0457 	 0 
8.0573 	 2 
8.0573 	 1 
8.1966 	 2 
8.1966 	 1 
8.3127 	 1 
8.3127 	 2 
8.4521 	 0 
8.4521 	 1 
8.4521 	 2 
