0.0116 	 2 
0.6734 	 2 
0.6850 	 0 
0.8127 	 2 
0.9404 	 1 
1.2307 	 0 
1.2423 	 2 
1.4861 	 2 
1.4977 	 1 
1.6254 	 2 
1.7647 	 1 
2.0317 	 2 
2.0317 	 0 
2.2988 	 2 
2.3104 	 0 
2.4265 	 2 
2.5658 	 1 
2.8444 	 0 
2.8444 	 2 
3.1115 	 2 
3.1115 	 1 
3.2392 	 2 
3.9242 	 2 
3.9242 	 1 
4.0519 	 2 
4.2028 	 1 
4.4582 	 2 
4.4698 	 0 
4.5976 	 1 
4.7253 	 2 
4.7369 	 0 
4.8646 	 2 
5.0039 	 1 
5.2825 	 0 
5.4102 	 1 
5.5380 	 2 
5.5496 	 1 
5.6773 	 2 
5.8166 	 1 
5.9559 	 1 
6.0836 	 2 
6.2229 	 1 
6.3507 	 2 
6.3623 	 0 
6.5829 	 1 
11.3662 	 2 
