0.0116 	 0 
0.0116 	 2 
0.1509 	 1 
0.2902 	 1 
0.5573 	 1 
0.6734 	 2 
0.6850 	 0 
0.8243 	 1 
0.9636 	 1 
1.0913 	 0 
1.0913 	 2 
1.3584 	 1 
1.4861 	 2 
1.4977 	 1 
1.5093 	 2 
1.7763 	 1 
1.9040 	 1 
2.0201 	 2 
2.1711 	 1 
2.2988 	 2 
2.3104 	 0 
2.5774 	 1 
2.7051 	 2 
2.7167 	 0 
2.8444 	 2 
3.1115 	 2 
3.1115 	 1 
3.3901 	 1 
3.5294 	 1 
3.6455 	 2 
3.6571 	 0 
3.9242 	 2 
3.9242 	 1 
4.2028 	 1 
4.3421 	 1 
4.4466 	 2 
4.4582 	 0 
4.6092 	 1 
4.7253 	 2 
4.7369 	 0 
4.8762 	 1 
5.0155 	 1 
5.1432 	 0 
5.1548 	 2 
5.4219 	 1 
5.5380 	 2 
5.5496 	 0 
5.5496 	 1 
5.8166 	 1 
5.9443 	 0 
5.9443 	 1 
5.9443 	 2 
6.2346 	 1 
6.3623 	 0 
8.8584 	 0 
8.8584 	 2 
