0.580	1
0.580	2
0.604	1
0.882	0
0.882	1
0.882	2
1.033	0
1.033	1
1.776	1
1.776	2
2.078	0
2.078	1
2.090	2
2.229	2
2.380	1
2.392	0
2.392	2
2.972	1
2.972	2
3.274	1
3.286	0
3.286	2
3.437	0
3.437	1
3.727	0
3.727	1
4.029	0
4.029	1
4.168	1
4.180	2
4.470	1
4.481	0
4.481	2
4.783	1
4.795	0
4.795	2
5.387	1
5.387	2
5.677	1
5.689	0
5.689	2
5.828	1
5.840	0
6.583	1
6.583	2
6.873	2
7.175	1
7.187	0
7.187	2
7.779	1
7.779	2
8.081	0
8.081	1
8.081	2
8.220	1
8.231	0
8.522	1
8.533	0
8.824	1
8.835	0
8.975	1
8.975	2
9.265	1
9.276	0
9.276	2
