0.012	2
0.580	1
1.068	2
1.173	1
1.184	0
1.637	0
1.788	1
2.368	1
2.380	0
2.972	0
2.995	1
3.576	1
3.587	0
4.029	1
4.040	0
4.180	1
4.203	1
4.203	2
4.783	0
4.807	2
5.248	2
5.387	1
5.410	1
5.979	1
5.991	0
5.991	2
6.432	0
6.583	1
7.187	0
7.767	0
7.779	1
7.802	1
8.382	1
8.394	0
8.394	2
8.847	0
8.986	1
9.009	1
9.578	1
9.590	0
9.601	2
10.182	0
10.182	1
10.205	1
10.670	2
10.786	0
10.786	2
11.227	1
11.238	0
11.389	1
11.981	1
11.993	0
11.993	2
12.585	1
12.597	2
13.038	0
13.630	1
13.642	0
13.781	1
14.234	0
14.977	0
14.988	1
15.012	1
15.581	0
15.592	2
16.022	1
16.033	0
16.184	1
16.208	1
16.625	1
16.637	0
17.380	0
17.403	1
17.972	1
17.984	0
18.425	1
18.437	0
18.588	1
18.611	1
