0.012	0
0.046	1
0.255	1
0.279	0
0.313	1
0.522	1
0.534	2
0.801	1
0.859	1
0.929	1
1.091	1
1.103	0
1.138	1
1.335	1
1.382	0
1.405	1
1.614	1
1.637	2
1.683	1
1.904	1
1.962	1
2.159	1
2.194	0
2.229	1
2.415	1
2.461	0
2.485	1
2.717	2
2.740	1
2.984	0
2.984	1
3.042	1
3.274	1
3.286	0
3.320	1
3.564	0
3.587	1
3.796	1
3.808	2
3.831	1
4.087	1
4.145	1
4.354	1
4.377	0
4.412	1
4.632	1
4.644	0
4.702	1
4.899	1
4.911	2
5.178	1
5.236	1
5.445	1
5.480	0
5.515	1
5.712	1
5.747	0
5.782	1
5.979	1
5.991	2
6.258	1
6.316	1
6.385	1
6.525	1
6.560	0
6.594	1
6.827	0
6.861	1
7.070	1
7.082	2
7.105	1
7.361	0
7.372	1
7.430	1
7.616	1
7.651	0
7.686	1
7.883	1
7.918	0
7.953	1
8.173	1
8.173	2
8.452	1
8.510	1
8.580	1
