0.232	2
0.348	1
0.360	0
0.476	1
0.476	2
0.720	1
0.720	2
0.743	0
0.975	2
0.987	1
0.998	0
1.231	2
1.474	2
1.602	1
1.614	0
1.730	1
1.730	2
1.741	0
1.974	1
1.974	2
1.997	0
2.229	2
2.345	1
2.368	0
2.485	2
2.728	1
2.728	2
2.740	0
2.972	2
2.984	1
2.995	0
3.355	2
3.599	1
3.611	0
3.727	2
3.971	2
3.982	1
3.994	0
4.226	2
4.354	1
4.365	0
4.481	2
4.725	1
4.725	2
4.737	0
4.981	1
4.981	2
4.992	0
5.236	2
5.480	2
5.608	1
5.619	0
5.735	2
5.979	1
5.979	2
5.991	0
6.223	2
6.351	1
6.362	0
6.478	2
6.606	1
6.618	0
6.722	2
6.978	1
6.978	2
6.989	0
7.221	2
7.477	2
7.732	1
7.732	2
7.744	0
7.860	2
7.976	1
7.976	2
7.988	0
8.220	2
8.359	1
8.371	0
8.475	1
8.487	2
8.719	1
8.719	2
8.742	0
8.975	1
8.975	2
8.986	0
9.230	2
9.474	1
9.485	2
9.601	1
9.613	0
9.729	2
