0.012	2
0.070	2
0.708	2
0.731	0
0.755	2
0.813	2
0.964	2
0.987	1
1.149	2
1.707	2
1.730	0
1.753	2
1.962	2
2.206	2
2.229	0
2.252	2
2.276	2
2.473	2
2.705	2
2.728	0
2.752	2
2.775	2
3.204	2
3.228	0
3.251	2
3.483	1
3.506	2
3.576	2
3.959	2
3.982	0
4.005	2
4.063	2
4.516	2
4.702	2
4.725	0
4.748	2
4.772	2
4.969	2
4.981	1
5.016	2
5.039	2
5.074	2
5.503	2
5.712	2
5.724	0
5.759	2
6.200	2
6.223	0
6.246	2
6.711	2
6.734	0
6.769	2
7.210	2
7.233	0
7.256	2
7.279	2
7.454	2
7.477	1
7.500	2
7.999	0
8.022	2
8.046	2
8.522	2
8.707	2
8.731	0
8.754	2
8.777	2
8.963	2
8.986	1
8.986	2
9.009	2
9.033	2
9.706	2
9.729	0
9.752	2
9.950	2
10.205	2
10.228	0
10.252	2
10.577	2
10.704	2
10.728	0
10.751	2
10.983	2
11.029	2
11.204	2
11.227	0
11.250	2
11.459	2
11.482	1
11.505	2
11.540	2
11.970	2
11.981	0
12.005	2
12.074	2
12.713	2
12.736	0
12.759	2
12.968	2
12.980	1
13.015	2
13.084	2
13.711	2
13.735	0
13.758	2
14.211	2
14.234	0
14.269	2
14.536	2
14.710	2
14.733	0
14.756	2
15.000	2
15.047	2
15.209	2
15.232	0
15.256	2
15.488	1
15.546	2
