0.023	2
0.046	2
0.163	0
0.186	2
0.209	2
0.337	0
0.360	2
0.499	0
0.522	2
0.546	2
0.639	1
0.987	2
0.998	0
1.022	2
1.045	2
1.161	0
1.184	2
1.207	2
1.335	0
1.358	2
1.498	0
1.521	2
1.544	2
1.649	1
1.997	0
2.020	2
2.310	1
2.659	0
2.682	2
2.705	2
2.833	0
2.856	2
3.007	0
3.030	2
3.170	0
3.193	2
3.309	1
3.669	0
3.692	2
3.831	0
3.855	2
3.878	2
3.994	0
4.017	2
4.168	0
4.191	2
4.319	1
4.656	1
4.818	1
5.004	0
5.027	2
5.166	0
5.190	2
5.317	2
5.329	0
5.352	2
5.410	2
5.503	0
5.526	2
5.666	0
5.689	2
5.828	0
5.851	2
5.991	1
6.316	2
6.327	0
6.351	2
6.374	2
6.502	0
6.525	2
6.664	0
6.687	2
6.711	2
6.745	2
6.827	0
6.850	2
6.989	1
7.326	0
7.349	2
7.372	2
7.651	1
7.999	0
8.022	2
8.162	0
8.185	2
8.324	0
8.348	2
8.499	0
8.522	2
8.649	1
8.986	2
8.998	0
9.021	2
9.160	0
9.183	2
9.207	2
9.323	2
9.334	0
9.358	2
9.497	0
9.520	2
9.543	2
9.648	1
9.973	1
10.147	1
10.333	0
10.356	2
10.379	2
10.414	2
10.495	0
10.519	2
10.542	2
10.577	2
