0.012	0
0.360	0
0.511	1
0.882	0
1.057	0
1.416	0
1.556	1
1.765	0
1.916	1
2.113	0
2.461	0
2.612	1
2.995	0
3.170	0
3.518	0
3.669	1
3.866	0
4.017	1
4.214	0
4.574	0
4.714	1
5.074	1
5.271	0
5.619	0
5.770	1
6.153	0
6.327	0
6.676	0
6.827	1
7.175	1
7.372	0
7.732	0
7.872	1
8.255	0
8.429	0
8.591	2
8.777	0
8.928	1
9.114	2
9.311	0
9.485	0
9.636	2
9.834	0
9.985	1
10.182	0
10.182	2
10.530	0
10.693	2
10.890	0
11.029	1
11.215	2
11.413	0
11.587	0
11.749	2
11.935	0
12.086	1
12.295	0
12.295	2
12.620	2
12.643	0
12.992	0
13.142	1
13.142	2
13.514	0
13.688	0
14.048	0
14.187	1
14.396	0
14.396	2
14.571	0
14.721	2
14.745	0
15.093	0
15.244	1
15.627	0
15.778	2
15.801	0
16.149	0
16.300	1
16.300	2
16.498	0
16.498	2
16.672	0
17.357	2
19.458	2
20.515	2
21.560	1
21.571	2
22.616	1
22.628	2
22.814	0
22.988	0
23.661	1
23.673	2
24.718	1
24.729	2
24.927	0
25.101	0
25.275	0
25.681	1
25.774	1
25.972	0
26.041	1
26.122	1
26.331	0
26.389	1
26.471	1
26.680	0
26.738	1
26.819	1
27.028	0
27.202	0
27.376	0
27.794	1
27.876	1
28.085	0
28.143	1
28.235	1
28.433	0
28.491	1
28.584	1
28.781	0
28.839	1
28.932	1
29.129	0
29.304	0
29.478	0
29.629	1
29.803	1
29.896	1
29.977	1
30.186	0
30.360	0
30.534	0
30.685	1
30.883	0
30.952	1
31.033	1
31.242	0
31.417	0
31.591	0
31.742	1
31.916	1
31.997	1
32.090	1
32.287	0
32.461	0
32.636	0
32.787	1
32.996	0
33.054	1
33.135	1
33.344	0
33.518	0
33.692	0
33.843	1
34.017	1
34.191	1
34.203	2
34.366	1
34.540	1
34.714	1
34.725	2
34.900	1
35.074	1
35.155	1
35.248	1
35.445	0
35.619	0
35.794	0
35.944	1
36.119	1
36.293	1
36.304	2
36.479	1
36.653	1
36.827	1
36.838	2
37.001	1
37.175	1
37.268	1
37.349	1
37.558	0
37.732	0
