0.035	1
0.046	0
0.174	0
0.325	2
0.337	1
0.662	1
0.662	2
0.778	1
0.824	0
0.882	0
0.998	2
1.010	1
1.149	0
1.324	2
1.335	1
1.660	2
1.672	1
1.997	0
1.997	2
2.009	1
2.043	0
2.148	0
2.206	0
2.322	2
2.334	1
2.647	2
2.659	0
2.821	0
2.856	2
2.949	0
2.995	2
3.007	1
3.320	2
3.344	1
3.448	1
3.657	0
3.669	2
3.680	1
3.715	0
3.843	0
3.889	0
3.994	2
4.005	1
4.331	2
4.342	1
4.656	0
4.656	1
4.667	2
4.714	0
4.830	0
4.876	0
4.992	2
5.004	1
5.317	0
5.329	2
5.352	1
5.375	0
5.515	0
5.561	0
5.666	2
5.677	1
5.991	2
6.014	1
6.130	1
6.153	0
6.211	0
6.327	2
6.339	1
6.490	0
6.664	2
6.676	1
6.989	2
7.001	1
7.326	0
7.326	2
7.349	1
7.384	0
7.454	1
7.488	0
7.535	0
7.663	2
7.674	1
7.988	0
8.011	2
8.046	0
8.162	0
8.185	2
8.208	0
8.324	2
8.336	1
8.661	2
8.684	1
8.789	1
8.986	0
8.998	2
9.021	1
9.044	0
9.172	0
9.334	1
9.334	2
9.660	2
9.671	1
9.985	0
9.996	2
10.008	1
10.031	1
10.043	0
10.170	0
10.321	2
10.344	1
10.855	2
