0.023	1
0.070	1
0.197	1
0.348	1
0.360	2
0.372	0
0.395	1
0.441	1
0.731	2
0.743	0
0.766	1
0.952	1
1.115	0
1.173	0
1.231	2
1.242	1
1.324	1
1.451	1
1.486	2
1.498	0
1.521	1
1.695	1
1.765	1
1.869	1
1.974	1
1.985	2
1.997	0
2.020	1
2.206	1
2.368	0
2.426	0
2.485	2
2.519	0
2.519	1
2.566	1
2.728	2
2.752	0
2.763	1
2.949	1
3.111	0
3.170	0
3.228	2
3.274	0
3.274	1
3.320	1
3.448	1
3.483	2
3.495	0
3.518	1
3.704	1
3.727	2
3.773	1
3.982	2
3.994	0
4.017	1
4.203	1
4.272	1
4.365	0
4.481	2
4.516	0
4.528	1
4.563	1
4.702	1
4.737	2
4.748	0
4.772	1
4.946	1
5.120	0
5.178	0
5.224	2
5.271	0
5.271	1
5.317	1
5.480	2
5.492	0
5.515	1
5.700	1
5.863	0
5.921	0
5.979	2
6.014	0
6.026	1
6.060	1
6.235	2
6.246	0
6.269	1
6.525	1
6.618	0
6.734	2
6.769	0
6.769	1
6.815	1
6.861	1
6.966	1
6.978	2
7.001	0
7.012	1
7.117	1
7.198	1
7.233	2
7.245	0
7.268	1
7.361	1
7.477	2
7.523	1
7.616	1
7.732	2
7.767	1
7.860	1
