0.255	0
0.395	0
0.395	1
0.522	0
0.522	1
0.546	0
0.546	2
0.929	1
0.940	0
1.057	1
1.068	0
1.463	1
1.474	0
1.591	0
1.602	1
1.614	0
1.614	2
1.997	1
2.020	2
2.136	0
2.136	1
2.531	1
2.543	0
2.670	1
2.694	2
2.949	1
2.961	0
3.204	0
3.204	1
3.332	1
3.460	2
3.483	1
3.599	1
3.611	0
3.727	1
3.773	2
4.017	1
4.029	0
4.133	1
4.168	2
4.272	1
4.284	0
4.679	1
4.690	0
4.807	0
4.818	1
4.830	0
4.830	2
5.213	1
5.224	0
5.341	1
5.352	0
5.747	1
5.759	0
5.875	0
5.875	1
5.909	2
5.933	2
6.420	0
6.420	1
6.815	1
6.827	0
6.954	1
6.978	2
7.233	1
7.245	0
7.349	1
7.384	0
7.488	1
7.500	0
7.895	0
7.895	1
7.918	2
8.022	0
8.022	1
8.057	2
8.417	1
8.452	2
