0.360	0
0.488	1
0.488	2
0.731	0
0.731	2
0.859	1
0.987	2
1.231	0
1.231	2
1.486	1
1.486	2
1.602	0
1.602	1
1.730	2
1.858	1
1.974	1
1.985	0
1.985	2
2.357	0
2.485	1
2.485	2
2.728	2
2.740	0
2.856	1
2.984	2
3.228	0
3.228	1
3.483	1
3.483	2
3.611	0
3.727	2
3.982	0
3.982	2
4.238	2
4.354	0
4.354	1
4.481	1
4.481	2
4.609	2
4.737	2
4.865	1
4.981	2
5.236	0
5.236	2
5.352	2
5.480	2
5.492	1
5.735	2
5.979	2
5.991	0
6.235	0
6.235	2
6.606	2
6.618	0
6.734	1
6.861	1
6.978	2
7.105	1
7.233	0
7.233	2
7.477	2
7.488	1
7.605	2
7.732	2
