0.020	1
0.120	1
2.220	1
2.590	1
2.750	1
3.290	1
3.400	2
3.680	1
6.010	1
6.530	1
8.010	1
8.730	1
13.100	1
13.750	2
14.290	2
14.840	2
15.390	2
17.020	2
18.100	0
18.660	2
19.750	2
20.840	2
22.460	2
22.660	1
23.550	2
24.630	2
26.180	1
28.480	2
29.030	0
29.570	2
30.100	2
30.640	0
30.640	2
32.290	2
32.820	2
33.260	1
37.190	2
38.300	0
38.300	2
39.920	2
40.110	1
40.470	2
40.660	1
41.560	1
41.560	2
42.090	2
44.050	1
44.760	1
45.150	1
45.840	1
46.230	1
48.000	1
48.560	1
49.100	1
50.010	2
50.180	1
50.570	1
51.280	1
51.390	2
51.570	1
52.380	1
52.930	1
53.480	1
53.870	1
54.560	1
54.940	1
55.160	1
55.770	2
56.040	1
56.750	1
57.830	1
58.910	1
59.300	1
60.000	1
60.110	2
60.410	1
63.390	2
64.370	1
65.010	2
65.210	1
65.560	2
65.770	1
66.650	2
68.170	1
68.270	2
68.810	2
69.900	2
70.450	2
71.010	2
72.100	2
72.640	2
73.170	2
73.710	2
73.920	1
74.270	2
75.380	2
75.910	2
76.360	1
77.430	1
78.640	2
79.210	2
79.760	2
80.300	2
80.840	2
81.270	1
81.910	2
84.100	2
87.380	2
89.570	2
90.120	2
90.660	2
91.100	1
91.750	2
92.290	2
95.310	1
95.470	1
96.010	1
96.410	1
96.680	2
97.110	1
97.510	1
98.230	1
98.600	1
98.880	2
99.840	1
100.380	1
101.460	1
