0.720	1
0.836	1
0.940	1
1.057	1
1.161	0
1.219	0
1.405	2
1.707	1
1.718	2
1.927	1
1.939	0
2.415	1
2.426	0
2.705	0
2.914	0
2.926	1
3.158	0
3.170	1
3.413	0
3.425	1
3.657	1
3.680	0
3.901	0
4.133	1
4.156	2
4.180	2
4.377	1
4.389	0
4.632	1
4.667	2
4.876	0
4.888	1
5.631	1
5.840	1
5.863	0
6.118	0
6.362	0
6.606	1
6.618	0
6.629	2
6.792	1
6.838	0
7.082	0
7.094	1
7.187	2
7.605	1
7.825	1
7.848	0
8.301	1
8.301	2
8.324	0
8.580	1
8.603	0
8.812	0
8.824	1
9.021	1
9.021	2
9.079	0
9.079	1
9.578	0
9.578	1
9.799	0
10.043	0
10.263	1
10.286	0
10.542	1
10.553	0
10.565	2
10.786	0
11.029	0
11.041	1
11.540	0
11.540	1
11.761	0
12.237	1
12.260	0
12.516	0
12.516	1
12.736	0
12.759	1
12.992	0
13.003	1
13.026	2
13.247	0
13.502	1
13.711	2
13.723	1
13.746	0
13.978	0
14.222	0
14.478	1
14.721	0
14.977	0
15.464	1
15.685	2
15.708	0
15.964	2
16.184	0
16.440	1
16.463	0
16.672	0
16.927	0
16.939	1
17.322	1
17.322	2
17.427	1
17.450	0
17.670	0
17.833	1
17.903	2
18.170	0
18.413	1
18.646	0
18.657	2
18.750	1
18.866	2
18.889	0
18.959	2
18.982	2
19.400	1
19.586	1
19.598	2
19.632	0
19.865	2
20.108	0
20.341	0
20.387	1
20.399	0
20.608	0
20.852	0
20.875	1
21.119	1
21.153	2
21.374	1
21.386	2
21.606	0
21.711	2
22.094	0
22.349	1
22.570	0
22.814	0
22.825	1
23.290	2
23.324	1
23.557	0
23.824	2
24.056	0
24.067	1
24.323	1
24.335	0
24.555	0
24.822	0
24.822	1
24.973	2
24.985	1
25.066	2
25.147	2
25.287	2
25.321	1
25.426	1
25.449	2
25.565	0
25.797	0
26.041	0
26.076	2
26.308	1
26.320	0
26.749	1
26.807	0
27.237	2
27.283	1
27.492	2
27.527	0
27.771	2
27.783	0
27.968	2
27.980	1
28.003	0
28.212	0
28.212	2
28.270	1
28.317	2
28.456	2
28.468	1
28.491	0
28.746	0
28.758	1
28.920	1
29.234	1
29.501	0
