0.441	2
1.138	2
1.463	2
1.509	0
1.800	2
2.090	1
2.113	0
2.415	1
2.426	2
2.438	0
2.740	1
2.752	2
2.949	1
2.972	0
3.088	2
3.402	1
3.437	0
3.762	2
3.947	1
3.971	0
4.087	2
4.423	2
4.737	1
4.760	0
5.062	1
5.085	0
5.399	2
5.457	0
5.724	2
6.037	2
6.049	1
6.072	0
6.374	1
6.409	0
6.409	2
6.699	1
6.722	2
6.920	1
6.931	0
7.047	2
7.349	1
7.384	0
7.686	1
7.697	2
7.709	0
8.022	2
8.220	1
8.243	0
8.359	2
8.673	1
8.707	0
9.021	2
9.218	1
9.242	0
9.358	2
9.694	2
10.008	1
10.019	0
10.321	2
10.333	1
10.344	0
10.728	0
10.995	2
11.633	1
11.668	0
11.680	2
11.970	1
11.981	0
11.993	2
12.295	1
12.318	0
12.318	2
12.957	2
13.305	2
13.619	2
13.955	1
13.978	0
14.280	1
14.303	0
14.315	2
14.629	2
14.965	2
15.267	1
15.290	0
15.604	1
15.604	2
15.627	0
16.138	1
16.161	0
16.254	2
16.591	1
16.625	0
16.939	2
17.136	1
17.160	0
17.264	2
17.601	2
17.891	1
17.914	0
17.914	2
18.216	1
18.239	2
18.251	0
18.564	2
18.762	1
18.785	0
18.889	2
19.215	1
19.249	0
19.563	2
19.760	1
19.783	0
19.888	2
20.225	2
20.538	1
20.561	0
20.573	2
20.863	1
20.886	0
21.269	0
21.525	2
21.862	1
21.873	0
22.187	1
22.210	0
22.210	2
22.523	2
22.721	1
22.744	0
22.848	2
23.174	1
23.197	0
23.499	1
23.499	2
23.522	0
23.835	2
24.160	2
24.497	1
24.509	0
24.822	1
24.845	2
24.857	0
25.159	2
25.496	2
25.809	1
25.821	2
25.832	0
26.134	1
26.134	2
26.157	0
26.668	1
26.691	0
26.796	2
27.121	1
27.167	0
27.469	2
27.678	1
27.701	0
28.131	2
28.421	1
28.456	0
28.456	2
28.758	1
28.770	2
28.781	0
29.095	2
29.292	1
29.315	0
29.431	2
29.745	1
29.780	0
