0.081	2
0.104	0
0.453	2
0.569	2
1.045	2
1.161	2
1.533	2
1.892	2
2.009	2
2.252	2
2.485	2
2.961	2
3.088	2
3.448	2
3.808	2
3.924	2
4.168	2
4.296	2
4.412	2
4.772	2
4.888	2
5.004	2
5.364	2
5.735	2
5.840	2
6.095	2
6.211	2
6.327	2
6.687	2
6.803	2
6.920	2
7.070	1
7.291	2
7.651	2
7.755	1
7.767	0
7.767	2
8.011	2
8.127	2
8.243	1
8.243	2
8.255	0
8.615	2
8.719	1
8.719	2
8.731	0
8.847	2
9.195	1
9.207	0
9.207	2
9.567	2
9.683	1
9.683	2
9.694	0
10.054	2
10.159	1
10.159	2
10.170	0
10.530	2
10.635	1
10.646	0
10.646	2
10.762	2
10.913	1
11.122	1
11.122	2
11.134	0
11.494	2
11.598	1
11.598	2
11.610	0
11.842	2
12.074	1
12.074	2
12.086	0
12.562	1
12.562	2
12.574	0
12.690	2
13.038	1
13.038	2
13.050	0
13.410	2
13.514	1
13.526	2
13.537	0
13.769	2
13.897	2
14.002	1
14.002	2
14.013	0
14.373	2
14.478	2
14.489	0
14.605	2
14.954	1
14.965	2
14.977	0
15.441	1
15.453	0
15.685	1
15.697	0
16.405	1
16.417	0
16.649	1
16.660	0
17.125	1
17.148	0
17.821	1
17.845	1
17.856	0
18.797	2
18.820	0
19.040	1
19.040	2
19.156	1
19.156	2
19.180	1
19.284	1
19.284	2
19.296	0
19.656	1
19.760	1
19.760	2
19.772	0
20.004	2
20.155	1
20.248	0
20.248	2
20.364	2
20.724	1
20.724	2
20.735	0
21.095	2
21.188	1
21.200	2
21.211	0
21.304	1
21.676	1
21.687	0
21.687	2
22.071	1
22.163	2
22.175	0
22.291	2
22.326	1
22.639	1
22.651	0
22.651	2
22.906	1
23.115	1
23.127	0
23.127	2
23.487	2
23.603	1
23.603	2
23.615	0
23.975	2
24.079	1
24.079	2
24.091	0
24.207	2
24.567	1
24.567	2
24.578	0
24.927	2
25.043	1
25.043	2
25.054	0
25.287	2
25.414	2
25.519	1
25.519	2
25.530	0
25.565	1
25.890	2
26.006	0
26.006	2
26.134	2
26.389	2
26.471	1
26.482	2
26.494	0
26.854	2
26.958	1
26.970	0
26.970	2
27.330	2
27.446	1
27.446	2
27.458	0
27.818	2
27.841	1
27.910	1
27.922	2
27.934	0
28.050	2
28.085	1
28.410	0
28.410	1
28.410	2
28.653	1
28.770	2
28.886	1
28.886	2
28.897	0
29.129	2
29.362	1
29.362	2
29.373	0
29.733	2
29.838	1
29.838	2
29.849	0
29.965	2
29.989	1
30.325	1
30.325	2
30.337	0
30.569	1
30.801	2
30.813	0
31.173	2
31.289	0
31.289	2
31.753	1
31.765	2
31.777	0
31.881	2
32.241	1
32.241	2
32.253	0
32.612	2
32.717	1
32.717	2
32.729	0
32.972	2
33.146	1
33.205	1
33.205	2
33.216	0
33.576	2
33.681	1
33.681	2
33.692	0
33.808	2
33.959	1
34.157	1
34.168	0
34.168	2
34.528	2
34.633	1
34.644	2
34.656	0
35.120	1
35.120	2
35.132	0
35.410	1
35.596	1
35.596	2
35.608	0
35.724	2
36.084	1
36.084	2
36.095	0
36.339	1
36.560	1
36.560	2
36.571	0
36.664	1
36.931	2
37.036	1
37.047	2
37.059	0
37.291	1
37.523	1
37.523	2
37.535	0
37.640	2
37.999	1
37.999	2
38.011	0
38.371	2
38.475	1
38.475	2
38.499	0
38.951	1
38.963	2
38.975	0
39.230	1
39.335	2
39.439	1
39.439	2
39.451	0
39.567	2
39.706	1
39.927	0
39.927	1
39.927	2
40.403	1
40.403	2
40.414	0
40.879	1
40.879	2
40.890	0
41.366	2
41.378	0
41.482	2
41.842	1
41.842	2
41.854	0
42.214	2
42.318	1
42.318	2
42.330	0
42.806	1
42.806	2
42.818	0
42.852	1
43.050	2
43.108	1
43.282	2
43.294	0
43.410	2
43.514	1
43.758	1
43.770	0
43.770	2
44.130	2
44.246	1
44.246	2
44.257	0
44.722	1
44.722	2
44.733	0
44.931	1
44.965	2
45.093	2
45.151	1
45.209	0
45.209	2
45.325	2
45.372	1
45.685	1
45.685	2
45.697	0
45.813	1
45.917	2
45.941	1
46.057	2
46.092	1
46.161	1
46.161	2
46.173	0
46.533	2
46.649	1
46.649	2
46.881	1
46.881	2
46.893	0
47.009	2
47.032	1
47.125	2
47.160	1
47.241	2
47.299	1
47.357	1
47.369	0
47.601	2
47.613	1
47.845	1
47.856	0
48.077	2
48.089	0
48.321	1
48.321	2
48.332	0
48.565	2
49.041	2
49.052	0
49.052	1
49.168	2
49.284	1
49.296	0
49.528	0
49.528	1
49.528	2
49.749	2
49.760	1
49.772	0
49.888	2
50.004	1
50.004	2
50.016	0
50.248	2
50.480	1
50.480	2
50.492	0
50.724	1
50.828	1
50.956	1
50.956	2
50.968	0
51.084	2
51.212	1
51.328	1
51.444	1
51.444	2
51.455	0
51.711	1
51.920	1
51.920	2
51.931	0
52.164	2
52.175	1
52.291	2
52.396	1
52.407	0
52.407	2
52.663	1
52.883	2
52.895	0
53.000	2
53.359	1
53.371	0
53.371	2
53.441	1
53.673	1
53.847	2
53.859	0
54.091	2
54.323	1
54.323	2
54.335	0
54.695	2
54.706	1
54.799	2
54.811	0
54.927	2
55.275	1
55.287	2
55.298	0
55.542	1
55.763	1
55.763	2
55.774	0
56.239	1
56.250	0
56.250	2
56.506	1
56.610	2
56.715	1
56.726	2
56.738	0
56.819	1
56.842	2
56.924	1
57.202	2
57.214	0
57.365	1
57.388	1
57.458	1
57.678	1
57.690	2
57.702	0
58.166	1
58.166	2
58.178	0
58.642	2
58.654	0
58.770	2
59.118	2
59.130	0
59.130	1
59.362	2
59.397	1
59.501	2
59.594	1
59.606	2
59.617	0
59.849	2
60.082	1
60.082	2
60.093	0
60.453	2
60.558	1
60.558	2
60.569	0
60.685	2
60.732	1
60.813	1
61.045	1
61.045	2
61.057	0
61.080	1
61.521	1
61.521	2
61.533	0
61.916	1
61.997	1
62.009	0
62.009	2
62.369	2
62.485	2
62.497	0
62.601	2
62.717	1
62.961	1
62.961	2
62.973	0
63.205	1
63.309	1
63.332	2
63.437	1
63.437	2
63.449	0
63.692	2
63.925	1
63.925	2
63.936	0
64.401	1
64.401	2
64.412	0
64.470	1
64.528	2
64.656	1
64.888	1
64.888	2
64.900	0
65.074	1
65.144	1
65.271	1
65.306	2
65.353	1
65.364	2
65.376	0
65.840	1
65.840	2
65.852	0
66.107	1
66.316	1
66.316	2
66.328	0
66.444	2
66.595	1
66.804	1
66.804	2
66.815	0
67.280	1
67.280	2
67.291	0
67.767	1
67.767	2
67.779	0
68.011	2
68.023	1
68.127	2
68.243	1
68.243	2
68.255	0
68.371	2
68.487	1
68.719	2
68.731	0
68.731	1
68.754	0
68.812	1
69.010	1
69.195	1
69.195	2
69.219	0
69.451	2
69.521	1
69.683	1
69.683	2
69.695	0
69.997	1
70.055	2
70.159	2
70.171	0
70.252	1
70.287	2
70.647	0
70.647	1
70.647	2
71.088	1
71.123	2
71.134	0
71.610	0
71.610	2
72.086	2
72.098	0
72.202	2
72.237	1
72.319	1
72.562	1
72.562	2
72.574	0
72.853	1
73.038	2
73.050	0
73.526	2
73.538	0
74.002	2
74.014	0
74.130	2
74.281	1
74.478	1
74.478	2
74.490	0
74.722	2
74.954	1
74.966	2
74.977	0
75.442	1
75.442	2
75.453	0
75.813	2
75.860	1
75.918	1
75.918	2
75.929	0
75.999	1
76.045	2
76.405	1
76.405	2
76.417	0
76.684	1
76.881	2
76.893	0
77.357	1
77.369	0
77.369	2
77.729	2
77.845	2
77.857	0
77.938	1
77.961	2
78.321	1
78.321	2
78.333	0
78.518	1
78.692	2
78.797	2
78.809	0
78.994	1
79.052	2
79.285	1
79.285	2
79.296	0
79.761	1
79.761	2
79.772	0
79.842	1
79.888	2
80.248	0
80.248	1
80.248	2
80.318	1
80.608	2
80.713	1
80.724	2
80.736	0
80.771	1
81.096	2
81.200	1
81.200	2
81.212	0
81.572	2
81.676	2
81.688	0
81.804	2
82.164	2
82.175	0
82.431	1
82.535	2
82.640	2
82.651	0
82.907	1
83.116	1
83.127	0
83.127	2
83.406	1
83.487	2
83.603	2
83.615	0
83.731	2
83.859	1
84.079	1
84.091	0
84.091	2
84.358	1
84.567	1
84.567	2
84.579	0
85.043	1
85.043	2
85.055	0
85.519	1
85.519	2
85.531	0
85.647	2
86.007	0
86.007	1
86.007	2
86.483	2
86.494	0
86.959	1
86.959	2
86.970	0
87.330	2
87.446	0
87.446	2
87.562	2
87.748	1
87.922	1
87.922	2
87.934	0
88.294	2
88.398	2
88.410	0
88.886	1
88.886	2
88.898	0
89.362	2
89.374	0
89.490	2
89.536	1
89.838	1
89.850	0
89.850	2
90.117	1
90.210	2
90.314	1
90.326	2
90.337	0
90.802	1
90.802	2
90.813	0
91.173	2
91.185	1
91.278	1
91.278	2
91.289	0
91.405	2
91.429	1
91.765	1
91.765	2
91.777	0
92.137	2
92.241	1
92.241	2
92.253	0
92.717	2
92.729	0
92.729	1
93.089	2
93.135	1
93.205	2
93.217	0
93.321	2
93.379	1
93.681	1
93.681	2
93.693	0
94.052	2
94.157	1
94.157	2
94.169	0
94.412	2
94.528	2
94.645	1
94.645	2
94.656	0
94.714	1
95.016	2
95.121	2
95.132	0
95.248	2
95.504	2
95.527	1
95.597	1
95.608	0
95.608	2
95.678	1
95.968	2
96.073	1
96.084	2
96.096	0
96.560	1
96.560	2
96.572	0
96.932	2
96.967	1
97.013	1
97.048	2
97.059	0
97.164	2
97.524	1
97.524	2
97.535	0
97.779	1
97.895	2
98.000	1
98.000	2
98.011	0
98.371	2
98.487	1
98.487	2
98.499	0
98.871	1
98.963	1
98.963	2
98.975	0
99.091	2
99.439	1
99.439	2
99.451	0
99.672	1
99.730	1
99.811	2
99.915	2
99.939	0
100.171	2
100.299	2
100.403	1
100.403	2
100.415	0
100.879	1
100.879	2
100.891	0
101.007	2
101.343	1
101.367	1
101.367	2
101.378	0
101.727	2
101.843	1
101.843	2
101.854	0
102.087	2
102.214	2
102.319	2
102.330	0
102.690	2
102.795	1
102.806	2
102.818	0
102.922	2
103.073	1
103.282	1
103.282	2
103.294	0
103.654	2
103.758	1
103.758	2
103.770	0
104.014	2
104.130	2
104.246	1
104.246	2
104.258	0
104.490	1
104.710	1
104.722	2
104.734	0
104.850	2
104.896	1
104.977	1
105.198	1
105.210	0
105.210	2
105.442	2
105.465	1
105.604	1
105.674	1
105.686	2
105.697	0
105.929	2
106.046	2
106.162	1
106.162	2
106.173	0
106.440	1
106.638	1
106.638	2
106.649	0
106.765	2
106.893	1
107.125	1
107.125	2
107.137	0
107.497	2
107.601	1
107.601	2
107.613	0
107.973	2
108.077	1
108.089	0
108.089	2
108.309	1
108.449	2
108.553	1
108.565	2
108.577	0
108.681	2
109.041	1
109.041	2
109.053	0
109.134	1
109.412	2
109.517	1
109.517	2
109.529	0
109.772	2
109.900	2
110.005	2
110.016	0
110.051	1
110.481	2
110.492	0
110.608	2
110.968	0
110.968	1
110.968	2
111.328	2
111.444	2
111.456	0
111.711	1
111.909	1
111.920	2
111.932	0
112.164	2
112.187	1
112.292	2
112.396	1
112.408	2
112.419	0
112.524	2
112.663	1
112.884	1
112.884	2
112.895	0
112.907	1
113.360	1
113.360	2
113.371	0
113.847	1
113.847	2
113.859	0
113.952	1
114.091	2
114.207	1
114.323	2
114.335	0
114.451	2
114.532	1
114.799	1
114.811	0
114.811	2
115.008	1
115.043	2
115.055	1
115.275	1
115.287	0
115.287	2
115.647	2
115.763	2
116.007	1
116.007	2
116.019	0
116.251	2
116.367	2
116.402	1
116.483	1
116.506	0
116.727	1
116.727	2
116.959	1
116.971	0
117.052	1
117.203	1
117.203	2
117.214	0
117.447	1
117.447	2
117.458	0
117.690	2
118.166	0
118.166	1
118.166	2
118.282	2
118.399	1
118.410	0
118.642	1
118.642	2
118.886	1
118.898	0
119.118	1
119.118	2
119.130	0
119.606	1
119.606	2
119.618	0
119.954	1
119.978	2
120.082	1
120.082	2
120.094	0
120.210	2
120.349	1
120.558	1
120.570	0
120.570	2
121.046	2
121.057	0
121.522	1
121.522	2
121.533	0
121.823	1
121.916	1
121.998	1
121.998	2
122.009	0
122.091	1
122.125	2
122.241	1
122.485	1
122.485	2
122.497	0
122.961	1
122.961	2
122.973	0
123.437	1
123.449	0
123.449	2
123.809	2
123.913	1
123.925	2
123.937	0
124.053	2
124.122	1
124.401	1
124.413	0
124.413	2
124.877	1
124.877	2
124.900	0
125.121	1
125.365	1
125.365	2
125.376	0
125.841	2
125.852	0
125.922	1
125.968	2
126.317	1
126.328	0
126.328	2
126.409	1
126.804	2
126.816	0
127.280	1
127.280	2
127.292	0
127.756	2
127.779	0
127.884	2
128.035	1
128.244	1
128.244	2
128.255	0
128.418	1
128.476	2
128.511	1
128.720	1
128.720	2
128.731	0
128.964	2
129.207	1
129.207	2
129.219	0
129.683	1
129.683	2
129.695	0
129.800	2
129.927	1
130.159	1
130.159	2
130.171	0
130.496	1
130.647	0
130.647	2
130.670	0
131.123	1
131.123	2
131.135	0
131.355	1
131.495	2
131.541	1
131.599	2
131.611	0
131.715	1
131.727	2
131.855	1
132.087	1
132.087	2
132.098	0
132.342	1
132.563	1
132.563	2
132.574	0
132.807	2
133.039	1
133.039	2
133.050	0
133.410	2
133.526	2
133.538	0
133.642	2
134.002	1
134.002	2
134.014	0
134.235	1
134.478	1
134.490	0
134.490	2
134.954	1
134.966	2
134.978	0
135.326	2
135.442	2
135.454	0
135.570	2
135.709	1
135.918	1
135.930	0
135.930	2
136.115	1
136.173	1
136.406	1
136.406	2
136.417	0
136.649	2
136.882	1
136.882	2
136.893	0
137.033	1
137.149	1
137.358	1
137.358	2
137.381	0
137.485	2
137.845	1
137.845	2
137.857	0
138.321	2
138.333	0
138.577	2
138.797	1
138.809	0
138.809	2
139.088	1
139.122	1
139.169	2
139.273	1
139.285	2
139.297	0
139.401	2
139.436	1
139.761	2
139.773	0
139.773	1
140.028	1
140.132	2
140.237	2
140.249	0
140.725	1
140.725	2
140.736	0
141.201	2
141.212	0
141.282	1
141.328	2
141.398	1
141.677	1
141.688	0
141.688	2
141.944	1
142.164	2
142.176	0
142.443	1
142.640	1
142.640	2
142.652	0
143.116	1
143.116	2
143.128	0
143.244	2
143.406	1
143.604	1
143.604	2
143.615	0
143.627	1
143.813	2
144.080	1
144.080	2
144.091	0
144.324	1
144.567	0
144.567	1
144.567	2
145.043	1
145.043	2
145.055	0
145.160	2
145.519	1
145.531	0
145.531	2
145.578	1
145.763	1
145.984	1
146.007	2
146.019	0
146.483	1
146.483	2
146.495	0
146.797	1
146.820	1
146.959	1
146.959	2
146.971	0
147.040	1
147.087	2
147.447	0
147.447	1
147.447	2
147.656	1
147.818	2
147.923	1
147.923	2
147.934	0
148.085	1
148.167	1
148.376	1
148.410	0
148.410	2
148.886	2
148.898	0
148.956	1
149.002	2
149.049	1
149.362	1
149.362	2
149.374	0
149.838	2
150.082	1
150.210	2
150.326	2
150.407	1
150.802	2
150.930	2
151.290	2
151.742	1
151.766	2
151.917	1
152.009	2
152.242	2
152.276	1
152.613	2
152.729	2
152.845	2
153.205	2
153.681	2
154.053	2
154.169	2
154.529	2
154.645	2
154.761	2
155.121	2
155.492	2
155.609	2
155.852	2
155.968	2
156.085	2
156.456	2
156.561	2
156.688	2
156.839	1
157.048	2
157.408	2
157.524	2
157.768	2
158.000	2
158.372	2
158.488	2
158.604	2
158.964	2
159.335	2
159.440	2
159.811	2
159.927	2
160.403	2
160.531	2
160.670	1
160.891	2
161.170	1
161.251	2
161.355	1
161.367	2
161.379	0
161.611	2
161.843	1
161.843	2
161.855	0
162.319	2
162.331	0
162.447	2
162.795	1
162.795	2
162.807	0
163.283	2
163.294	0
163.759	1
163.759	2
163.770	0
164.235	1
164.246	0
164.246	2
164.362	2
164.722	1
164.722	2
164.734	0
165.094	2
165.198	1
165.198	2
165.210	0
165.454	2
165.570	2
165.674	1
165.686	2
165.698	0
166.162	1
166.162	2
166.174	0
166.290	2
166.638	1
166.638	2
166.650	0
167.010	2
167.114	1
167.126	2
167.137	0
167.369	2
167.602	1
167.602	2
167.613	0
168.078	1
168.078	2
168.089	0
168.205	2
168.333	1
168.554	1
168.565	2
168.577	0
168.937	2
169.041	1
169.053	0
169.285	1
169.297	0
169.982	1
170.005	1
170.017	0
170.237	1
170.249	0
170.725	1
170.736	0
170.760	0
171.445	1
171.456	0
171.700	1
172.164	1
172.397	1
172.397	2
172.408	0
172.640	1
172.640	2
172.756	1
172.756	2
172.884	1
172.884	2
172.896	0
173.360	1
173.360	2
173.372	0
173.732	1
173.836	2
173.848	0
173.964	0
173.964	2
174.324	1
174.324	2
174.335	0
174.800	1
174.800	2
174.811	0
175.055	2
175.287	0
175.287	1
175.287	2
175.659	2
175.763	2
175.775	0
175.891	2
175.926	1
176.239	1
176.239	2
176.251	0
176.472	1
176.727	2
176.739	0
176.971	2
177.203	1
177.203	2
177.215	0
177.679	1
177.679	2
177.691	0
177.772	1
177.807	2
178.167	1
178.167	2
178.178	0
178.306	1
178.387	1
178.434	2
178.643	1
178.643	2
178.654	0
179.119	1
179.119	2
179.130	0
179.223	1
179.606	2
179.618	0
179.722	2
180.082	2
180.094	0
180.129	1
180.558	1
180.558	2
180.570	0
181.046	1
181.046	2
181.058	0
181.429	1
181.522	1
181.522	2
181.534	0
181.650	2
181.673	1
181.777	1
182.010	0
182.010	1
182.010	2
182.486	2
182.497	0
182.648	1
182.729	2
182.962	1
182.962	2
182.973	0
183.333	2
183.345	1
183.438	1
183.438	2
183.449	0
183.565	2
183.600	1
183.705	1
183.925	1
183.925	2
183.937	0
184.401	1
184.401	2
184.413	0
184.808	1
184.877	1
184.889	0
184.889	2
185.353	1
185.365	2
185.377	0
185.481	2
185.841	1
185.841	2
185.853	0
186.317	1
186.317	2
186.329	0
186.445	1
186.805	1
186.805	2
186.816	0
187.176	2
187.281	2
187.292	0
187.408	2
187.757	1
187.768	0
187.768	2
187.838	1
188.024	1
188.116	1
188.116	2
188.244	2
188.256	0
188.488	1
188.488	2
188.720	1
188.720	2
188.732	0
188.964	2
188.976	1
189.092	2
189.196	1
189.208	0
189.208	2
189.324	2
189.440	2
189.463	1
189.684	1
189.684	2
189.695	0
189.928	2
190.160	1
190.160	2
190.171	0
190.241	1
190.404	2
190.636	1
190.647	2
190.659	0
190.891	2
190.903	1
191.019	1
191.019	2
191.123	1
191.123	2
191.135	0
191.251	2
191.367	1
191.367	2
191.599	1
191.611	0
191.611	2
191.843	2
192.017	1
192.087	2
192.099	0
192.331	2
192.563	1
192.563	2
192.575	0
192.807	2
193.039	2
193.051	0
193.167	2
193.178	1
193.295	1
193.527	1
193.527	2
193.538	0
193.759	2
194.003	2
194.014	0
194.084	1
194.247	2
194.479	1
194.490	0
194.490	2
194.618	1
194.723	2
194.966	2
194.978	0
195.036	1
195.059	1
195.082	2
195.210	2
195.442	1
195.442	2
195.454	0
195.558	1
195.593	1
195.686	2
195.698	1
195.802	1
195.872	1
195.918	2
195.930	0
196.162	2
196.406	1
196.406	2
196.418	0
196.650	2
196.882	2
196.894	0
197.010	2
197.126	2
197.346	1
197.370	0
197.370	2
197.602	2
197.834	1
197.846	2
197.857	0
197.939	1
198.089	2
198.322	1
198.322	2
198.333	0
198.565	2
198.600	1
198.716	1
198.798	1
198.798	2
198.809	0
198.925	2
198.949	1
199.041	2
199.065	1
199.285	1
199.285	2
199.297	0
199.529	2
199.552	1
199.657	1
199.761	2
199.773	0
200.005	2
200.237	1
200.249	0
200.249	2
200.481	2
200.516	1
200.620	2
200.725	2
200.737	0
200.841	2
200.969	2
201.201	1
201.201	2
201.213	0
201.445	2
201.677	1
201.677	2
201.689	0
201.932	2
202.153	1
202.165	2
202.176	0
202.304	1
202.408	2
202.641	1
202.641	2
202.652	0
202.687	1
202.768	2
202.884	2
203.047	1
203.128	0
203.128	2
203.221	1
203.326	1
203.360	2
203.372	1
203.488	1
203.500	2
203.558	1
203.604	2
203.616	0
203.848	2
204.080	1
204.080	2
204.092	0
204.556	2
204.568	0
204.684	2
205.044	1
205.044	2
205.055	0
205.520	1
205.520	2
205.531	0
205.996	1
206.007	0
206.007	2
206.216	2
206.251	1
206.472	1
206.483	2
206.495	0
206.611	2
206.727	1
206.959	1
206.959	2
206.971	0
207.029	1
207.168	1
207.226	1
207.447	2
207.459	0
207.749	1
207.923	1
207.923	2
207.935	0
207.970	1
208.283	1
208.295	2
208.399	2
208.411	0
208.527	2
208.573	1
208.643	1
208.887	0
208.887	1
208.887	2
209.247	2
209.351	1
209.363	2
209.374	0
209.839	1
209.839	2
209.850	0
209.990	1
210.326	2
210.338	0
210.419	1
210.442	2
210.802	1
210.802	2
210.814	0
211.278	1
211.290	2
211.302	0
211.766	1
211.766	2
211.778	0
212.242	2
212.254	0
212.370	2
212.718	1
212.718	2
212.730	0
212.939	2
212.985	1
213.194	1
213.206	2
213.217	0
213.299	2
213.682	2
213.693	0
214.053	2
214.158	1
214.158	2
214.169	0
214.285	2
214.413	1
214.645	1
214.645	2
214.657	0
214.854	1
215.098	1
215.121	2
215.133	0
215.203	1
215.609	0
215.609	1
215.609	2
215.969	2
216.085	2
216.097	0
216.201	2
216.561	1
216.573	0
216.573	2
216.654	1
216.816	1
216.932	2
217.037	1
217.037	2
217.049	0
217.211	1
217.292	2
217.525	1
217.525	2
217.536	0
217.675	1
217.826	1
218.001	1
218.001	2
218.012	0
218.082	1
218.128	2
218.198	1
218.244	1
218.488	0
218.488	1
218.488	2
218.953	1
218.964	2
218.976	0
219.220	1
219.440	1
219.440	2
219.452	0
219.707	1
219.788	1
219.812	2
219.916	2
219.928	0
219.997	1
220.021	1
220.044	2
220.206	1
220.404	1
220.404	2
220.415	0
220.659	1
220.880	1
220.880	2
220.891	0
221.135	2
221.158	1
221.356	1
221.367	2
221.379	0
221.843	2
221.855	0
221.960	2
222.319	1
222.319	2
222.331	0
222.366	1
222.598	1
222.795	1
222.807	0
222.807	2
223.051	2
223.144	1
223.283	1
223.283	2
223.295	0
223.759	2
223.771	0
223.887	2
224.247	1
224.247	2
224.258	0
224.514	1
224.723	1
224.723	2
224.734	0
224.804	1
225.199	1
225.199	2
225.210	0
225.570	2
225.582	1
225.686	2
225.698	0
225.802	2
225.872	1
226.011	1
226.139	1
226.162	2
226.174	0
226.278	1
226.406	1
226.476	1
226.638	1
226.650	0
226.650	2
226.894	2
226.917	1
227.103	1
227.126	2
227.138	0
227.602	1
227.602	2
227.614	0
227.730	2
227.892	1
228.078	1
228.090	0
228.090	2
228.322	2
228.345	1
228.566	1
228.566	2
228.577	0
228.809	2
229.042	1
229.042	2
229.053	0
229.285	1
229.343	1
229.413	2
229.494	1
229.518	1
229.518	2
229.529	0
229.599	1
229.645	2
230.005	1
230.005	2
230.017	0
230.470	1
230.481	2
230.493	0
230.957	1
230.969	0
230.969	2
231.062	2
231.213	1
231.236	1
231.445	2
231.457	0
231.526	1
231.561	2
231.607	1
231.921	1
231.921	2
231.933	0
232.165	1
232.397	2
232.420	0
232.885	1
232.885	2
232.896	0
233.256	2
233.361	2
233.372	0
233.488	2
233.523	1
233.848	1
233.848	2
233.860	0
234.324	2
234.336	0
234.580	1
234.591	2
234.800	1
234.800	2
234.812	0
235.172	2
235.276	1
235.288	0
235.288	2
235.404	2
235.555	1
235.706	1
235.764	2
235.775	0
236.031	1
236.240	1
236.240	2
236.251	0
236.507	1
236.727	1
236.727	2
236.739	0
237.029	1
237.087	2
237.203	2
237.215	0
237.331	2
237.691	0
237.691	2
237.935	1
238.155	1
238.167	0
238.167	2
238.597	1
238.643	1
238.643	2
238.655	0
238.933	1
239.049	1
239.119	2
239.131	0
239.247	2
239.375	1
239.537	1
239.607	1
239.607	2
239.618	0
239.839	1
239.943	1
240.083	1
240.083	2
240.094	0
240.315	1
240.536	1
240.559	1
240.570	0
240.570	2
240.837	1
240.907	1
240.930	2
241.046	0
241.046	2
241.162	2
241.290	1
241.522	1
241.522	2
241.534	0
241.766	1
241.766	2
241.905	1
241.998	1
242.010	0
242.033	0
242.045	2
242.114	1
242.242	1
242.254	0
