6.536	1
6.687	0
6.769	0
6.989	1
7.221	1
7.326	1
7.454	0
7.895	1
7.918	2
8.359	0
8.591	0
8.812	1
8.824	2
9.265	0
9.346	0
9.718	1
9.729	2
9.961	0
10.170	0
10.623	1
10.646	2
10.867	0
11.088	0
11.540	1
11.552	2
11.773	0
11.993	0
12.225	0
12.446	1
12.458	2
12.899	0
13.351	1
13.363	2
13.816	0
14.269	1
14.280	2
14.721	0
14.803	0
15.174	1
15.186	2
15.406	0
15.627	0
15.859	0
16.080	1
16.103	2
16.544	0
16.985	1
17.009	2
17.229	0
17.450	0
17.682	0
17.903	1
17.914	2
18.355	0
18.808	1
18.820	2
19.261	0
19.714	1
19.737	2
19.958	0
20.178	0
20.631	1
20.643	2
21.084	0
21.316	0
21.420	0
21.502	0
21.537	1
21.548	2
21.653	1
21.757	1
21.989	0
22.233	2
22.442	1
22.686	2
22.906	0
23.139	0
23.139	2
23.359	1
23.591	2
23.812	0
23.893	0
24.044	2
24.265	1
24.358	0
24.497	2
24.718	0
24.811	0
24.961	2
25.170	1
25.414	2
25.867	2
26.076	1
26.111	0
26.320	2
26.331	0
26.540	0
26.773	2
26.993	1
27.237	2
27.446	0
27.690	2
27.899	1
28.143	2
28.363	0
28.595	2
28.804	1
29.048	2
29.269	0
29.501	2
29.722	1
29.954	2
30.174	0
30.407	0
30.418	2
30.627	1
30.871	2
31.080	0
31.161	0
31.324	2
31.533	1
31.777	2
31.997	0
32.102	0
32.229	2
32.438	1
32.682	2
32.903	0
33.135	2
33.355	1
33.367	0
33.599	2
33.808	0
33.890	0
34.052	2
34.261	1
34.505	0
34.505	2
34.725	0
34.795	0
34.958	2
35.178	1
35.410	2
35.631	0
35.863	2
36.084	1
36.316	2
36.537	0
36.548	2
36.769	0
36.989	1
37.233	2
37.454	0
37.535	0
37.686	2
37.895	1
38.139	2
38.359	0
38.441	0
38.592	2
38.812	1
39.056	2
39.265	0
39.346	0
39.509	2
39.718	1
39.962	2
40.171	0
40.240	0
40.414	2
40.623	1
40.647	0
40.867	2
41.088	0
41.169	0
41.320	2
41.355	0
41.540	1
41.564	0
41.773	2
41.993	0
42.075	0
42.225	2
42.446	1
42.678	0
42.690	2
42.910	0
42.980	0
43.143	2
43.352	1
43.595	2
43.816	0
44.048	2
44.269	1
44.501	2
44.722	0
44.954	0
44.954	2
45.174	1
45.407	2
45.627	0
45.720	0
45.859	2
46.080	1
46.324	2
46.544	0
46.626	0
46.777	2
46.986	1
47.020	0
47.229	2
47.450	0
47.682	2
47.903	1
48.135	2
48.356	0
48.448	0
48.599	0
48.599	2
48.657	0
48.808	1
48.878	0
49.052	2
49.273	0
49.354	0
49.505	2
49.714	1
49.958	2
50.178	0
50.411	0
50.411	2
50.631	1
50.654	0
50.747	0
50.863	2
50.887	0
50.968	1
51.084	0
51.328	2
51.537	1
51.560	0
51.780	2
51.989	0
52.233	2
52.442	1
52.686	2
52.698	0
52.907	0
53.139	2
53.348	1
53.603	2
53.812	0
53.894	0
54.056	2
54.102	0
54.265	1
54.265	2
54.300	0
54.509	2
54.718	0
54.962	2
55.171	1
55.414	2
55.635	0
55.705	0
55.867	0
55.867	2
56.076	1
56.320	0
56.320	2
56.541	0
56.773	2
56.993	1
57.237	0
57.237	2
57.446	0
57.678	0
57.690	2
57.748	0
57.841	0
57.899	1
57.911	0
58.015	0
58.143	2
58.189	0
58.363	0
58.445	0
58.596	2
58.816	1
59.048	2
59.060	0
59.269	0
59.501	2
59.710	1
59.954	2
59.977	0
60.175	0
60.256	0
60.418	2
60.627	1
60.871	2
61.080	0
61.173	0
61.312	0
61.324	2
61.452	0
61.533	1
61.544	0
61.777	2
61.997	0
62.229	2
62.450	1
62.473	0
62.682	2
62.903	0
63.135	2
63.356	1
63.379	0
63.507	0
63.588	2
63.599	0
63.820	0
63.890	0
64.052	2
64.261	1
64.505	2
64.726	0
64.946	0
64.958	2
65.004	0
65.167	1
65.190	0
65.213	0
65.399	1
65.411	2
65.422	0
65.480	0
65.527	0
65.631	0
65.736	0
67.454	0
67.466	2
67.907	1
67.918	2
68.127	0
68.360	0
68.371	2
68.441	0
68.812	1
68.824	2
69.265	0
69.613	0
69.718	1
69.730	2
69.950	0
70.182	0
70.623	1
70.647	2
71.088	0
71.169	0
71.541	1
71.552	2
71.773	0
71.993	0
72.098	0
72.446	1
72.458	2
72.911	0
73.213	0
73.247	0
73.352	1
73.363	2
73.584	0
73.665	0
73.816	0
74.269	1
74.281	2
74.722	0
75.175	1
75.186	2
75.407	0
75.639	0
76.080	1
76.092	2
76.545	0
76.881	0
76.997	1
77.009	2
77.218	0
77.450	0
77.520	0
77.903	1
77.915	2
78.367	0
78.449	0
78.809	1
78.820	2
79.041	0
79.273	0
79.714	1
79.737	2
79.749	0
80.179	0
80.515	0
80.631	1
80.643	2
80.655	0
80.852	0
81.084	0
81.119	0
81.305	1
81.537	1
81.548	2
81.769	0
82.001	0
82.083	0
82.233	2
82.442	1
82.675	0
82.686	2
82.907	0
83.139	0
83.139	2
83.348	1
83.592	2
83.812	0
83.894	0
84.045	2
84.265	1
84.288	0
84.497	0
84.497	2
84.718	0
84.962	2
85.171	1
85.217	0
85.403	0
85.415	2
85.635	0
85.867	2
86.088	1
86.320	0
86.320	2
86.541	0
86.773	2
86.994	1
87.028	0
87.226	2
87.458	0
87.528	0
87.679	2
87.899	1
88.131	0
88.143	2
88.364	0
88.596	2
88.607	0
88.805	1
88.851	0
89.049	2
89.269	0
89.501	2
89.710	1
89.954	2
89.977	0
90.175	0
90.407	2
90.430	0
90.627	1
90.871	2
91.092	0
91.324	2
91.533	1
91.765	0
91.777	2
91.986	1
91.997	0
92.230	2
92.450	1
92.682	2
92.903	0
93.135	2
93.356	1
93.588	0
93.600	2
93.820	0
94.052	2
94.261	1
94.505	2
94.726	0
94.946	1
94.958	2
95.167	1
95.283	1
95.411	0
95.411	2
95.631	1
95.736	1
95.852	1
96.212	0
96.316	0
96.537	0
96.990	1
97.001	2
97.222	0
97.443	0
97.675	0
97.895	1
97.919	2
98.139	0
98.360	0
98.813	1
98.824	2
99.045	0
99.265	0
99.718	1
99.730	2
100.171	0
100.624	1
100.647	2
100.867	0
101.088	0
101.309	0
101.529	1
101.552	2
101.773	0
101.994	0
102.075	0
102.446	1
102.458	2
102.679	0
102.899	0
103.131	0
103.352	1
103.364	2
103.816	0
104.258	1
104.281	2
104.501	0
104.722	0
105.175	1
105.186	2
105.628	0
106.080	1
106.092	2
106.545	0
106.986	1
107.009	2
107.230	0
107.450	0
107.903	1
107.915	2
108.135	0
108.356	0
108.809	1
108.820	2
109.029	0
109.261	0
109.714	1
109.738	2
109.958	0
110.179	0
110.399	0
110.515	0
110.631	1
110.643	2
110.736	1
110.968	0
111.084	0
111.096	2
111.316	0
111.316	2
111.537	1
111.769	0
111.781	2
111.990	0
112.071	0
112.222	0
112.234	2
112.443	1
112.686	0
112.686	2
112.907	0
113.139	2
113.360	1
113.592	2
113.813	0
113.836	0
113.905	0
114.045	2
114.068	0
114.265	1
114.498	2
114.718	0
114.962	2
115.171	1
115.415	2
115.624	0
115.705	0
115.868	2
116.077	1
116.111	0
116.320	2
116.541	0
116.773	2
116.994	1
117.226	0
117.226	2
117.447	0
117.679	0
117.690	2
117.899	1
118.143	2
118.364	0
118.433	0
118.596	2
118.805	1
119.037	0
119.049	2
119.269	0
119.501	2
119.722	1
119.954	2
120.175	0
120.407	2
120.628	1
120.871	2
121.092	0
121.185	0
121.324	2
121.533	1
121.626	0
121.777	2
121.998	0
122.230	2
122.265	0
122.450	1
122.485	0
122.683	2
122.903	0
123.135	2
123.356	1
123.600	2
123.809	0
124.053	2
124.262	1
124.505	0
124.505	2
124.726	0
124.947	0
124.958	2
125.028	0
125.179	1
125.295	0
125.411	2
125.515	1
125.632	0
125.748	0
125.864	2
126.084	1
126.108	0
126.328	2
126.537	0
126.607	0
126.781	0
126.781	2
126.990	1
127.234	2
127.454	0
127.687	2
127.896	1
128.139	2
128.569	1
128.592	2
128.662	0
128.743	0
128.813	1
129.045	2
129.080	1
129.265	1
129.277	0
129.335	0
129.498	2
129.718	1
129.741	0
129.962	2
129.974	0
130.171	0
130.415	0
130.415	2
130.473	0
130.508	0
130.624	1
130.647	0
130.694	0
130.856	0
130.868	2
131.088	0
131.320	2
131.541	1
131.773	2
131.994	0
132.226	2
132.319	0
132.447	1
132.458	0
132.690	0
132.690	2
132.911	0
133.143	2
133.352	1
133.596	2
133.608	0
133.817	0
133.886	0
134.049	2
134.072	0
134.269	1
134.304	0
134.362	0
134.502	2
134.525	0
134.722	0
134.838	0
134.954	2
135.175	1
135.407	2
135.628	0
135.732	0
135.860	2
135.872	0
136.081	1
136.324	0
136.324	2
136.545	0
136.777	2
136.986	1
137.230	0
137.230	2
137.451	0
137.543	0
137.683	2
137.903	1
138.031	0
138.136	2
138.159	0
138.356	0
138.379	0
138.588	2
138.809	1
138.844	0
139.053	2
139.273	0
139.505	2
139.714	1
139.749	0
139.819	0
139.947	1
139.958	0
139.958	2
140.005	0
140.179	0
142.002	0
142.443	1
142.454	2
142.675	0
142.907	0
143.348	1
143.372	2
143.662	1
143.813	0
144.161	0
144.266	1
144.277	2
144.498	0
144.718	0
144.788	0
145.171	1
145.183	2
145.218	0
145.636	0
145.903	0
146.077	1
146.100	2
146.332	0
146.541	0
146.646	0
146.994	1
147.006	2
147.017	0
147.447	0
147.528	0
147.691	0
147.900	1
147.911	0
147.911	2
148.132	0
148.364	0
148.376	2
148.817	1
148.828	2
149.269	0
149.722	1
149.734	2
149.943	0
150.175	0
150.628	1
150.639	2
151.092	0
151.429	0
151.533	1
151.557	2
151.766	0
151.986	1
151.998	0
152.056	0
152.439	1
152.462	2
152.903	0
152.903	1
152.915	2
152.996	0
153.159	0
153.356	1
153.368	2
153.588	0
153.809	1
153.902	0
154.262	1
154.273	2
154.726	0
155.063	1
155.179	1
155.191	2
155.202	0
155.411	0
155.481	0
155.632	0
155.632	1
155.725	0
155.852	1
156.085	1
156.096	2
156.317	0
156.537	0
156.770	2
156.990	1
157.222	0
157.234	2
157.455	0
157.687	2
157.907	1
158.140	2
158.360	0
158.592	2
158.813	1
159.045	2
159.266	0
159.347	0
159.498	2
159.521	0
159.718	1
159.718	2
159.951	2
159.974	0
160.171	0
160.253	0
160.415	2
160.624	1
160.856	0
160.868	2
161.088	0
161.321	0
161.321	2
161.530	1
161.773	2
161.808	0
161.994	0
161.994	1
162.226	2
162.447	1
162.458	0
162.679	0
162.691	2
162.900	0
163.143	0
163.143	2
163.352	1
163.596	2
163.817	0
163.898	0
164.049	2
164.258	1
164.502	0
164.502	2
164.722	0
164.955	2
165.175	1
165.210	0
165.419	0
165.419	2
165.628	0
165.698	0
165.872	2
166.081	1
166.127	0
166.325	0
166.325	2
166.545	0
166.777	0
166.777	2
166.835	0
166.986	1
167.230	2
167.451	0
167.683	2
167.903	1
168.136	0
168.136	2
168.356	0
168.588	2
168.809	1
169.053	2
169.273	0
169.494	1
169.506	2
169.715	1
169.831	1
169.947	0
169.958	2
170.028	1
170.098	1
170.179	1
170.284	1
170.400	1
170.527	0
170.655	0
171.085	0
171.096	2
171.340	0
171.537	1
171.549	2
171.804	0
172.002	2
172.222	2
172.234	0
172.443	1
172.455	2
172.478	0
172.687	2
172.907	0
172.907	2
173.140	2
173.349	1
173.372	2
173.650	0
173.813	0
173.825	2
174.045	2
174.057	0
174.266	1
174.277	2
174.719	0
174.730	2
174.962	2
175.171	1
175.183	2
175.404	0
175.415	2
175.636	0
175.636	2
175.868	2
176.077	1
176.089	2
176.309	0
176.321	2
176.541	0
176.541	2
176.774	2
176.994	1
177.006	2
177.447	0
177.459	2
177.679	0
177.900	1
177.911	2
178.132	0
178.132	2
178.364	0
178.364	2
178.596	2
178.805	1
178.828	2
179.049	0
179.049	2
179.270	0
179.270	2
179.502	2
179.722	1
179.734	0
179.734	2
179.955	2
180.175	0
180.187	2
180.198	0
180.628	1
180.640	2
180.872	2
180.883	0
181.092	0
181.092	2
181.162	0
181.325	0
181.325	2
181.534	1
181.545	2
181.777	2
181.998	0
181.998	2
182.068	0
182.230	2
182.439	1
182.462	2
182.671	0
182.683	2
182.904	0
182.915	2
183.136	2
183.356	1
183.368	2
183.809	0
183.821	2
184.053	2
184.262	1
184.274	2
184.494	0
184.506	2
184.715	0
184.726	2
184.959	2
185.168	1
185.191	2
185.284	1
185.411	2
185.632	0
185.644	2
186.085	1
186.096	2
186.108	0
186.329	0
186.538	0
186.549	2
186.770	2
186.781	0
186.990	1
187.002	2
187.025	0
187.234	0
187.234	2
187.455	0
187.455	2
187.687	2
187.907	1
187.919	2
188.140	2
188.151	0
188.360	0
188.360	2
188.592	2
188.813	1
188.825	2
189.045	2
189.266	0
189.277	2
189.347	0
189.719	1
189.730	2
190.171	0
190.183	2
190.276	0
190.427	0
190.624	1
190.636	2
190.868	0
190.868	2
191.089	0
191.100	2
191.158	0
191.321	2
191.541	1
191.553	2
191.994	0
192.006	2
192.447	1
192.459	2
192.911	0
192.911	2
193.353	1
193.364	2
193.387	0
193.596	2
193.817	0
193.817	2
193.887	0
194.049	2
194.061	0
194.258	1
194.281	0
194.281	2
194.502	2
194.723	0
194.734	2
194.839	0
194.955	2
195.175	1
195.187	2
195.408	2
195.419	0
195.628	0
195.640	2
196.081	1
196.093	2
196.545	0
196.545	2
196.778	2
196.986	1
197.010	2
197.230	0
197.230	2
197.451	0
197.462	2
197.474	0
197.683	2
197.904	1
197.915	2
198.368	0
198.368	2
198.809	1
198.832	2
198.844	0
199.053	0
199.146	1
199.262	1
199.274	0
199.483	1
199.784	0
199.947	0
200.063	0
200.179	0
202.002	0
202.443	1
202.455	2
202.675	0
202.908	0
203.349	1
203.372	2
203.802	1
203.813	0
204.150	0
204.266	1
204.278	2
204.498	0
204.719	0
204.730	2
205.172	1
205.183	2
205.636	0
206.077	1
206.100	2
206.321	0
206.541	0
206.623	0
206.994	1
207.006	0
207.006	2
207.447	0
207.528	0
207.853	0
207.900	1
207.911	0
207.911	2
207.935	0
208.016	0
208.132	0
208.237	0
208.364	0
208.376	2
208.387	0
208.805	1
208.829	2
209.270	0
209.723	1
209.734	2
209.955	0
210.187	0
210.628	1
210.640	2
211.081	0
211.093	2
211.429	0
211.534	1
211.557	2
211.766	0
211.998	0
212.068	0
212.451	1
212.463	2
212.486	0
212.904	0
212.915	2
212.973	1
212.997	0
213.148	0
213.357	1
213.368	2
213.612	0
213.821	0
213.821	2
214.262	1
214.274	2
214.715	1
214.727	0
214.796	0
214.959	0
215.168	1
215.191	2
215.203	0
215.412	0
215.481	0
215.632	0
215.713	0
215.853	1
215.876	0
216.085	1
216.097	2
216.317	0
216.387	0
216.538	0
216.538	1
216.781	2
216.990	1
217.223	0
217.234	2
217.443	0
217.687	2
217.896	1
217.896	2
218.140	2
218.360	0
218.442	0
218.593	2
218.813	1
219.034	0
219.045	2
219.266	0
219.487	0
219.510	2
219.719	1
219.963	2
220.183	0
220.253	0
220.415	2
220.624	1
220.857	0
220.868	2
221.089	0
221.321	2
221.542	1
221.565	0
221.774	2
221.994	0
222.076	0
222.227	2
222.250	0
222.447	1
222.679	2
222.691	0
222.900	0
222.981	0
223.144	2
223.353	1
223.376	0
223.585	1
223.597	2
223.817	0
223.887	0
224.049	0
224.049	2
224.258	1
224.293	0
224.502	0
224.502	2
224.723	0
224.955	2
224.978	0
225.176	1
225.199	0
225.419	2
225.640	0
225.710	0
225.744	0
225.872	2
226.081	1
226.313	0
226.325	2
226.360	1
226.534	0
226.627	0
226.778	0
226.778	2
226.987	1
227.230	2
227.242	0
227.451	0
227.532	0
227.683	2
227.904	1
228.136	0
228.136	2
228.357	0
228.577	0
228.589	2
228.809	1
229.053	2
229.262	0
229.494	1
229.506	2
229.715	1
229.831	1
229.947	0
229.959	2
230.028	1
230.098	1
230.179	1
230.284	1
230.400	1
230.504	1
230.621	1
230.655	0
230.772	0
231.085	0
