0.221	2
0.592	2
0.975	2
1.358	2
1.741	2
1.776	0
2.113	1
2.125	2
2.171	0
2.508	2
2.531	0
2.728	0
2.879	1
2.879	2
3.100	0
3.262	2
3.274	0
3.634	1
3.646	2
4.029	2
4.040	0
4.238	0
4.400	1
4.400	2
4.447	0
4.516	0
4.609	0
4.783	2
4.795	0
4.818	0
5.155	1
5.166	2
5.550	2
5.573	0
5.909	1
5.921	2
6.130	0
6.165	0
6.304	2
6.339	0
6.676	1
6.676	2
7.059	0
7.059	2
7.105	0
7.268	0
7.291	0
7.396	0
7.430	1
7.442	2
7.663	0
7.860	0
8.197	1
8.197	2
8.580	2
8.603	0
8.951	1
8.975	2
8.998	0
9.172	0
9.334	2
9.381	0
9.718	1
9.718	2
10.101	2
10.124	0
10.298	0
10.472	1
10.472	2
10.507	0
10.530	0
10.681	0
10.704	0
10.855	2
10.867	0
11.227	1
11.250	2
11.622	2
11.633	0
11.656	0
11.993	1
11.993	2
12.202	0
12.225	0
12.388	0
12.748	1
12.945	0
13.154	0
13.363	0
13.514	1
13.735	0
13.793	1
13.886	1
13.909	0
13.909	2
14.269	1
14.652	1
14.687	0
14.872	0
15.035	1
15.047	2
15.221	0
15.430	0
15.430	2
15.464	0
15.790	1
15.813	0
15.848	2
16.208	0
16.544	1
16.567	2
16.579	0
16.753	0
16.939	2
16.962	0
16.962	2
17.310	1
17.334	2
17.345	0
17.705	2
17.717	0
18.065	1
18.100	0
18.448	1
18.471	2
18.483	0
18.646	1
18.820	1
18.866	0
19.226	0
19.423	0
19.586	1
19.598	2
19.656	2
19.818	0
19.958	1
19.992	0
19.992	2
20.341	1
20.387	0
20.724	1
20.759	0
21.107	1
21.130	0
21.513	0
21.513	2
21.862	1
21.896	0
22.268	2
22.280	0
22.465	0
22.628	1
22.651	0
22.651	2
22.686	2
22.837	0
23.023	2
23.034	0
23.382	1
23.429	0
23.789	2
23.800	0
24.137	1
24.172	0
24.543	2
24.555	0
24.729	1
24.903	1
24.938	0
25.298	2
25.310	0
25.472	1
25.658	1
25.670	2
25.855	1
25.890	0
26.041	1
26.064	0
26.064	2
26.424	1
26.436	2
26.448	0
26.494	2
26.831	0
27.028	0
27.179	1
27.202	2
27.411	0
27.585	0
27.620	2
27.945	1
27.957	2
27.968	0
28.340	2
28.363	0
28.700	1
28.735	0
28.920	0
29.106	0
29.455	1
29.478	2
29.489	0
29.861	2
29.884	0
30.221	1
30.256	0
30.592	1
30.627	0
30.975	1
31.010	0
31.359	1
31.382	2
31.393	0
31.579	0
31.742	1
31.753	2
31.962	0
32.148	0
32.229	2
32.496	1
32.520	2
32.531	0
32.914	0
32.949	2
33.077	0
33.251	1
33.286	0
33.634	1
33.657	0
33.657	2
34.017	1
34.052	0
34.424	2
34.435	0
34.621	0
34.772	1
34.807	0
34.842	2
35.004	0
35.178	0
35.178	2
35.538	1
35.573	0
35.910	1
35.956	0
36.293	1
36.328	0
36.711	0
36.711	2
37.047	1
37.071	2
37.082	0
37.431	1
37.454	2
37.477	0
37.558	2
37.628	1
37.814	1
37.825	2
37.999	1
38.034	0
38.220	0
38.220	2
38.383	2
38.580	1
38.592	0
38.603	2
38.719	2
38.951	1
38.986	0
39.184	0
39.335	1
39.346	2
39.555	0
39.729	2
39.741	0
40.089	1
40.124	0
40.275	2
40.472	1
40.507	0
40.856	1
40.890	0
41.076	0
41.250	2
41.262	0
41.285	2
41.610	1
41.633	2
41.645	0
42.017	2
42.028	0
42.365	1
42.400	0
42.783	0
43.131	1
43.131	2
43.154	2
43.166	0
43.549	0
43.735	0
43.886	1
43.909	2
44.118	0
44.292	0
44.652	1
44.664	2
44.687	0
45.023	1
45.058	0
45.232	0
45.407	1
45.441	0
45.581	0
45.813	0
45.813	2
45.859	2
46.173	1
46.196	0
46.347	2
46.544	1
46.591	0
46.777	0
46.928	1
46.939	2
46.962	0
47.160	0
47.334	0
47.334	2
47.682	1
47.705	2
47.717	0
48.112	0
48.448	1
48.483	0
48.855	0
48.855	2
49.203	1
49.226	2
49.238	0
49.609	2
49.633	0
49.772	1
49.969	1
49.981	2
50.155	1
50.190	0
50.352	2
50.376	0
50.538	2
50.724	1
50.782	2
50.863	2
50.921	2
51.119	0
51.119	2
51.142	0
51.304	2
51.339	0
51.479	1
51.502	2
51.699	2
51.711	0
51.885	2
51.897	0
52.071	2
52.245	1
52.268	2
52.280	0
52.442	2
52.628	2
52.640	0
52.825	2
53.000	1
53.023	2
53.034	0
53.197	2
53.232	0
53.406	0
53.406	2
53.580	2
53.766	0
53.766	1
53.789	2
53.812	0
53.952	2
54.149	0
54.161	2
54.184	0
54.335	2
54.520	1
54.544	2
54.567	0
54.718	2
54.915	2
54.927	0
55.101	2
55.287	1
55.298	2
55.333	0
55.472	2
55.670	0
55.670	2
55.705	0
55.856	1
55.867	2
55.879	0
56.041	1
56.053	2
56.227	1
56.250	2
56.274	0
56.424	2
56.448	0
56.610	2
56.796	1
56.831	0
56.993	2
57.191	2
57.214	0
57.377	2
57.562	1
57.597	0
57.760	2
57.945	2
57.969	0
58.131	2
58.317	1
58.375	0
58.514	2
58.712	2
58.897	2
58.921	0
59.083	1
59.095	2
59.106	0
59.304	0
59.478	2
59.490	0
59.652	2
59.838	1
59.861	2
59.884	0
60.035	2
60.221	0
60.221	2
60.267	0
60.418	2
60.604	1
60.616	2
60.639	0
60.732	0
60.790	2
60.976	1
60.987	2
60.999	0
61.022	0
61.103	0
61.185	0
61.185	2
61.359	1
61.370	2
61.382	0
61.556	2
61.661	0
61.684	0
61.742	1
61.753	2
61.788	0
61.870	0
61.939	2
61.951	0
62.020	1
62.067	0
62.113	1
62.137	2
62.148	0
62.311	1
62.311	2
62.357	0
62.520	0
62.520	2
62.555	0
62.880	1
62.891	0
63.274	2
63.286	0
63.483	0
63.634	1
63.658	2
63.855	0
64.041	0
64.041	2
64.168	2
64.401	1
64.424	0
64.772	1
64.819	0
65.155	1
65.190	0
65.376	0
65.550	2
65.562	0
65.910	1
65.933	2
65.945	0
65.980	2
66.316	2
66.339	0
66.676	1
66.711	0
67.082	0
67.431	1
67.466	0
67.837	2
67.849	0
68.034	0
68.197	1
68.209	2
68.418	0
68.569	1
68.603	0
68.627	0
68.952	1
68.975	0
69.021	2
69.323	1
69.370	0
69.532	0
69.706	1
69.741	0
70.113	0
70.473	1
70.496	2
70.507	0
70.542	2
70.670	0
70.856	1
70.867	2
70.891	0
71.041	1
71.076	0
71.227	1
71.262	0
71.459	0
71.634	0
71.634	2
72.005	1
72.040	0
72.411	0
72.748	1
72.771	2
72.783	0
73.154	0
73.154	2
73.503	1
73.526	2
73.538	0
73.909	2
73.932	0
74.083	1
74.269	1
74.281	2
74.455	1
74.490	0
74.652	2
74.675	0
74.838	2
75.035	1
75.035	2
75.221	2
75.407	2
75.442	0
75.604	2
75.639	0
75.790	1
75.813	2
75.999	0
76.185	2
76.196	0
76.359	2
76.545	1
76.568	2
76.603	0
76.754	2
76.939	2
76.963	0
77.125	2
77.299	1
77.322	2
77.334	0
77.508	2
77.531	0
77.706	0
77.706	2
77.740	0
77.880	2
78.065	1
78.089	2
78.112	0
78.263	2
78.449	0
78.460	2
78.495	0
78.646	2
78.820	1
78.832	0
78.843	2
78.867	0
79.018	2
79.215	2
79.226	0
79.401	2
79.586	1
79.610	0
79.610	2
79.784	2
79.970	2
80.016	0
80.179	0
80.341	1
80.353	2
80.550	2
80.573	0
80.736	2
80.759	0
80.922	2
81.107	1
81.119	2
81.131	1
81.142	0
81.293	2
81.490	2
81.525	0
81.676	2
81.862	1
81.874	2
81.897	0
82.059	2
82.268	0
82.268	2
82.442	2
82.628	1
82.640	2
82.651	0
82.814	2
83.011	2
83.035	0
83.209	2
83.232	0
83.371	0
83.383	1
83.394	2
83.418	0
83.580	2
83.603	0
83.766	2
83.801	0
83.952	2
84.138	1
84.172	0
84.335	2
84.532	2
84.567	0
84.718	2
84.904	1
84.939	0
85.090	2
85.287	2
85.310	0
85.484	2
85.658	1
85.670	2
85.705	0
85.856	2
86.065	2
86.076	0
86.239	1
86.239	2
86.262	2
86.425	1
86.436	2
86.610	1
86.622	2
86.645	0
86.819	0
86.819	2
86.854	0
86.866	2
87.179	1
87.226	0
87.249	2
87.586	2
87.597	0
87.771	0
87.934	1
87.957	2
88.352	0
88.352	2
88.700	1
88.747	0
89.118	0
89.455	1
89.478	2
89.501	0
89.664	0
89.838	1
89.884	0
90.221	1
90.233	2
90.256	0
90.593	1
90.616	2
90.627	0
90.976	1
90.999	2
91.011	0
91.359	1
91.382	2
91.394	0
91.742	1
91.765	0
92.114	1
92.137	2
92.148	0
92.346	0
92.497	1
92.508	2
92.880	1
92.903	0
92.903	2
92.926	0
93.251	0
93.251	1
93.263	2
93.321	2
93.634	1
93.658	2
93.669	0
93.843	0
93.878	0
94.006	0
94.018	1
94.029	2
94.227	0
94.424	2
94.436	0
94.772	1
94.795	2
94.819	0
95.179	2
95.190	0
95.539	1
95.550	2
95.573	0
95.747	0
95.782	0
95.933	2
95.956	0
96.293	1
96.316	2
96.340	0
96.688	2
96.711	0
97.059	1
97.071	2
97.083	0
97.454	2
97.466	0
97.826	1
97.837	0
98.035	0
98.220	2
98.232	0
98.418	0
98.569	1
98.592	2
98.975	0
98.975	2
99.323	0
99.335	1
99.405	2
99.556	0
99.730	2
99.741	0
99.927	0
100.090	1
100.101	2
100.299	0
100.496	2
100.508	0
100.856	1
100.867	2
100.902	0
101.262	0
101.611	1
101.622	2
101.645	0
101.820	0
101.854	0
101.982	1
102.005	2
102.028	0
102.365	1
102.388	2
102.412	0
102.760	2
102.783	0
103.131	1
103.143	2
103.166	0
103.317	2
103.364	2
103.538	0
103.538	2
103.886	1
103.909	2
103.921	0
104.292	2
104.304	0
104.490	0
104.652	1
104.664	2
105.047	0
105.047	2
105.070	0
105.407	1
105.407	2
105.477	2
105.825	0
105.999	0
106.162	0
106.173	1
106.173	2
106.243	2
106.382	0
106.568	2
106.591	0
106.928	1
106.940	2
106.974	0
107.334	2
107.346	0
107.369	2
107.683	1
107.706	2
107.729	0
108.089	2
108.112	0
108.449	1
108.472	2
108.484	0
108.844	2
108.867	0
109.203	1
109.227	2
109.238	0
109.575	1
109.587	2
109.761	1
110.573	0
110.736	1
110.945	0
111.096	1
111.131	0
111.131	2
111.177	2
111.479	1
111.502	2
111.885	2
111.897	0
112.094	0
112.245	1
112.257	2
112.466	0
112.628	1
112.686	0
113.000	1
113.035	0
113.418	0
113.766	1
113.789	0
113.987	0
114.173	0
114.173	2
114.532	0
114.532	1
114.567	0
114.904	1
114.927	2
114.939	0
115.275	1
115.322	0
115.682	2
115.705	0
116.042	1
116.077	0
116.448	0
116.448	2
116.634	0
116.796	1
117.029	0
117.203	0
117.203	2
117.238	0
117.563	1
117.597	0
117.957	2
117.981	0
118.317	1
118.352	0
118.724	2
118.735	0
119.084	1
119.118	0
119.676	0
119.838	1
119.873	0
120.070	0
120.245	2
120.256	0
120.604	1
120.639	0
120.999	2
121.011	0
121.359	1
121.394	0
121.765	2
121.777	0
122.114	1
122.149	0
122.520	2
122.532	0
122.683	1
122.880	1
122.892	2
123.008	2
123.066	1
123.101	0
123.275	0
123.275	2
123.310	0
123.635	1
123.646	2
123.658	0
124.018	1
124.053	0
124.238	0
124.401	1
124.621	0
124.796	0
124.796	2
125.156	1
125.190	0
125.550	2
125.574	0
125.910	1
125.933	2
125.957	0
126.142	0
126.317	0
126.676	1
126.711	0
127.048	1
127.094	0
127.431	1
127.466	0
127.837	2
127.849	0
128.186	1
128.209	2
128.232	0
128.592	2
128.615	0
128.801	0
128.952	1
128.964	2
129.173	0
129.335	2
129.382	0
129.730	0
130.287	2
130.322	0
130.473	1
130.485	2
130.694	0
130.868	0
130.879	2
130.902	0
131.228	1
131.251	2
131.262	0
131.297	2
131.611	1
131.634	2
131.646	0
131.808	1
131.831	0
131.994	1
132.005	2
132.029	0
132.052	2
132.214	0
132.400	0
132.748	1
132.783	0
133.166	0
133.515	1
133.538	2
133.550	0
133.921	0
133.921	2
134.269	1
134.304	0
134.641	1
134.687	0
134.815	2
134.838	1
135.024	1
135.036	2
135.221	1
135.256	0
135.430	2
135.454	0
135.790	1
135.802	0
135.802	2
135.860	2
136.173	2
136.197	0
136.394	0
136.545	1
136.568	2
136.766	0
136.951	0
137.311	1
137.323	2
137.334	0
137.683	1
137.718	0
137.880	1
138.066	1
138.101	0
138.286	0
138.472	0
138.820	1
138.844	2
138.855	0
139.204	1
139.227	2
139.250	0
139.587	1
139.622	0
139.993	0
140.341	1
140.365	2
140.376	0
140.725	1
140.748	2
140.759	0
140.910	1
140.957	0
141.108	1
141.119	2
141.328	0
141.537	0
141.862	1
141.874	2
141.886	0
142.269	2
142.280	0
142.443	0
142.629	1
142.640	2
142.652	0
143.023	0
143.035	2
143.047	0
143.383	1
143.406	2
143.418	0
143.790	2
143.801	0
143.940	1
143.987	0
144.149	1
144.161	2
144.184	0
144.208	2
144.370	0
144.544	0
144.544	2
144.904	1
144.927	2
144.939	0
145.090	2
145.276	1
145.322	0
145.659	1
145.682	2
145.694	0
145.728	2
145.798	2
146.042	1
146.065	2
146.077	0
146.193	2
146.228	1
146.413	1
146.437	2
146.448	0
146.483	2
146.797	1
146.820	2
146.843	0
146.994	1
147.180	1
147.191	2
147.365	1
147.400	0
147.423	0
147.563	2
147.586	0
147.760	2
147.934	1
148.132	2
148.329	2
148.352	0
148.515	2
148.550	0
148.701	1
148.886	2
148.933	0
149.084	2
149.107	0
149.269	2
149.455	1
149.490	0
149.653	2
149.850	2
149.873	0
150.036	2
150.221	1
150.245	0
150.407	2
150.430	0
150.593	0
150.605	2
150.616	0
150.651	0
150.790	2
150.976	1
150.988	2
151.023	0
151.174	2
151.371	2
151.406	0
151.557	2
151.731	1
151.754	2
151.777	0
151.928	2
152.126	2
152.137	0
152.172	0
152.311	2
152.497	1
152.509	2
152.520	0
152.543	0
152.694	2
152.880	2
152.903	0
153.089	2
153.101	0
153.182	2
153.252	1
153.263	2
153.472	0
153.519	2
153.646	2
153.670	0
153.832	2
154.018	1
154.030	2
154.053	0
154.215	2
154.401	2
154.436	0
154.587	2
154.773	1
154.807	0
154.807	2
154.970	2
155.167	2
155.191	0
155.353	2
155.539	1
155.550	2
155.562	0
155.725	2
155.922	2
155.934	0
156.108	2
156.143	0
156.294	1
156.305	2
156.328	0
156.491	2
156.526	0
156.688	2
156.711	0
156.862	2
157.048	1
157.071	2
157.095	0
157.246	2
157.443	2
157.478	0
157.629	2
157.814	1
157.849	0
158.012	2
158.221	2
158.232	0
158.395	2
158.569	1
158.581	2
158.604	0
158.766	2
158.975	2
158.987	0
159.138	1
159.150	2
159.335	1
159.347	2
159.521	1
159.533	2
159.556	0
159.707	1
159.730	0
159.753	0
160.090	1
160.461	1
160.485	2
160.508	0
160.682	0
160.856	1
160.868	2
161.065	0
161.228	1
161.263	2
161.274	0
161.611	1
161.622	2
161.634	0
161.657	0
161.855	2
162.017	2
162.029	0
162.191	0
162.366	1
162.412	0
162.575	0
162.772	2
162.795	0
163.132	1
163.155	2
163.167	0
163.527	2
163.538	0
163.701	0
163.886	1
163.910	2
163.933	0
164.293	2
164.304	0
164.653	1
164.664	2
164.688	0
165.024	1
165.047	2
165.059	0
165.256	0
165.407	1
165.419	2
165.640	0
165.814	2
165.825	0
166.162	0
166.174	1
166.232	0
166.232	2
166.325	0
166.545	1
166.580	0
166.777	0
166.928	1
166.951	2
167.137	0
167.172	0
167.323	0
167.335	2
167.346	0
167.695	1
167.695	2
167.706	0
167.729	0
167.903	0
168.089	2
168.101	0
168.449	1
168.484	0
168.647	0
168.821	1
168.844	2
168.867	0
169.204	1
169.262	0
169.436	0
169.610	2
169.622	0
169.970	1
169.982	2
170.005	0
170.365	2
170.376	0
170.725	1
170.760	0
170.945	0
171.119	2
171.143	0
171.328	0
171.491	1
171.503	2
171.723	0
171.746	0
171.886	2
171.897	0
172.234	0
172.246	1
172.246	2
172.315	2
172.640	2
172.664	0
172.849	0
173.000	1
173.186	1
173.209	0
173.407	2
173.430	0
173.453	2
173.767	1
173.778	2
173.813	0
174.173	0
174.173	2
174.521	1
174.533	2
174.556	0
174.730	0
174.893	1
174.916	2
174.939	0
175.287	1
175.299	2
175.322	0
175.659	1
175.682	2
175.694	0
176.042	1
176.054	2
176.077	0
176.448	0
176.448	2
176.797	1
176.820	2
176.832	0
177.203	2
177.215	0
177.400	0
177.563	1
177.575	2
177.795	0
177.958	2
177.981	0
178.318	1
178.341	2
178.724	2
178.736	0
178.910	0
179.084	1
179.281	0
179.490	2
179.502	0
179.839	1
179.885	0
180.257	0
180.605	1
180.616	2
180.628	0
180.802	0
180.976	1
181.000	2
181.359	1
181.371	2
181.394	0
181.766	2
181.777	0
182.114	1
182.137	2
182.161	0
182.497	1
182.509	2
182.532	0
182.671	1
183.438	1
183.484	0
183.647	1
183.856	0
184.007	1
184.041	0
184.041	2
184.401	1
184.796	2
184.808	0
185.005	0
185.156	1
185.179	2
185.377	0
185.562	2
185.574	0
185.911	1
185.945	0
186.294	1
186.317	2
186.329	0
186.677	1
186.712	0
186.909	0
187.072	2
187.083	0
187.431	1
187.455	0
187.861	0
188.198	1
188.233	0
188.616	0
188.952	1
188.987	0
189.370	0
189.544	0
189.707	1
189.928	0
190.079	1
190.113	0
190.473	1
190.508	0
190.845	1
190.868	2
190.891	0
191.228	1
191.263	0
191.634	2
191.646	0
191.994	1
192.029	0
192.366	1
192.401	0
192.598	0
192.749	1
192.784	0
192.981	0
193.155	2
193.167	0
193.190	0
193.503	1
193.527	0
193.550	0
193.887	1
193.921	0
194.270	1
194.305	0
194.653	1
194.676	2
194.688	0
195.024	1
195.059	0
195.419	2
195.442	0
195.593	1
195.791	1
195.976	1
196.011	0
196.162	1
196.197	2
196.209	0
196.360	2
