0.046	2
0.302	1
0.813	0
1.149	1
1.242	1
1.335	1
1.428	1
1.463	0
1.474	1
1.533	0
1.533	2
1.591	0
1.904	1
1.927	0
1.974	0
2.032	0
2.264	2
2.635	0
2.705	0
2.961	1
3.007	2
3.077	0
3.379	0
3.448	0
3.518	0
3.750	2
4.145	0
4.493	2
4.563	0
4.621	0
4.911	0
5.201	1
5.224	2
5.608	1
5.631	0
5.968	2
6.002	0
6.374	0
6.525	1
6.711	2
7.082	0
7.140	0
7.430	1
7.454	0
7.454	2
7.477	0
7.500	1
7.721	1
7.837	1
7.848	0
8.197	2
8.626	0
8.928	2
8.998	0
9.300	0
9.358	0
9.671	2
10.077	0
10.414	2
10.449	0
10.786	0
10.820	0
10.855	0
11.157	2
11.529	0
11.587	0
11.900	2
11.958	0
12.318	0
12.643	2
13.061	0
13.375	2
13.386	0
13.421	1
13.444	0
13.514	0
13.746	0
13.746	2
13.769	0
13.781	1
13.816	0
13.886	0
14.118	1
14.118	2
14.547	0
14.861	2
14.919	0
15.081	1
15.279	0
15.592	1
15.604	2
16.010	0
16.347	2
16.417	0
16.776	0
16.846	0
17.078	2
17.090	1
17.450	1
17.519	0
17.821	2
17.845	1
17.856	0
17.961	0
18.228	0
18.332	0
18.564	2
18.936	0
19.307	0
19.307	2
19.365	0
19.702	0
20.039	2
20.410	0
20.422	1
20.480	0
20.782	2
20.852	0
21.153	0
21.188	0
21.211	0
21.525	2
22.268	2
22.303	0
22.407	0
22.639	0
22.663	0
23.011	2
23.382	0
23.441	0
23.719	1
23.754	2
23.789	0
23.893	0
24.172	0
24.485	1
24.485	2
24.729	1
24.857	0
24.915	0
25.228	0
25.228	2
25.298	0
25.600	0
25.658	0
25.972	2
26.401	0
26.715	0
26.715	2
27.133	0
27.202	0
27.446	2
27.852	0
28.201	2
28.259	0
28.328	0
28.561	0
28.619	0
28.688	0
28.932	2
29.304	0
29.675	2
29.710	0
29.814	0
30.081	0
30.418	2
30.848	0
31.161	2
31.184	0
31.556	0
31.660	0
31.730	1
31.893	2
32.264	0
32.334	0
32.636	0
32.636	2
32.670	0
33.065	0
33.379	2
33.773	0
34.122	2
34.145	0
34.516	0
34.865	2
35.236	0
35.294	0
35.608	2
35.666	0
35.968	0
36.026	0
36.328	1
36.339	2
36.571	2
36.583	1
36.746	0
36.815	0
37.082	0
37.082	2
37.152	0
37.222	0
37.454	0
37.512	0
37.570	0
37.825	2
38.255	0
38.568	2
38.928	0
38.975	0
39.056	0
39.300	2
39.706	0
39.811	0
40.043	0
40.043	2
40.101	0
40.484	0
40.554	0
40.786	2
41.227	0
41.529	2
41.564	0
42.272	2
42.667	0
43.003	2
43.038	0
43.143	0
43.410	0
43.746	2
44.118	0
44.489	2
44.524	0
44.919	0
45.232	2
45.976	2
46.022	0
46.370	0
46.707	2
47.113	0
47.450	0
47.462	2
47.508	0
47.821	0
47.856	0
48.181	1
48.193	2
48.228	0
48.425	1
48.588	0
48.704	0
48.936	2
48.948	1
49.006	0
49.075	0
49.377	0
49.435	0
49.644	1
49.679	2
50.109	0
50.411	2
50.480	0
50.782	0
50.921	0
51.154	2
51.560	0
51.897	0
51.897	2
51.931	0
51.955	0
52.268	0
52.338	0
52.628	1
52.640	2
52.721	1
53.000	1
53.011	0
53.069	0
53.383	2
53.777	0
54.114	2
54.555	0
54.857	0
54.857	2
54.869	1
54.892	0
54.915	1
55.263	0
55.600	2
55.647	1
55.821	1
56.030	0
56.343	2
56.773	0
57.086	2
57.481	0
57.818	0
57.829	2
57.876	0
58.189	0
58.224	0
58.561	2
58.932	0
59.304	2
59.362	0
59.675	0
59.710	0
59.733	0
60.047	2
60.476	0
60.790	2
60.825	0
61.161	0
61.161	1
61.208	0
61.231	0
61.277	0
61.521	2
61.951	0
62.264	2
62.334	0
62.659	1
62.671	0
63.007	2
63.414	0
63.750	0
63.750	2
63.808	0
64.192	0
64.250	0
64.447	1
64.482	2
64.865	2
64.888	1
64.923	0
65.236	2
65.376	0
65.631	0
65.968	2
66.339	0
66.409	0
66.606	1
66.711	2
66.734	0
66.850	0
67.082	0
67.106	0
67.454	2
67.849	0
68.197	2
68.627	0
68.928	2
69.370	0
69.671	2
69.706	0
69.834	0
70.078	0
70.415	2
70.786	0
70.844	0
71.158	0
71.158	2
71.216	0
71.564	0
71.587	0
71.901	2
72.133	1
72.307	0
72.493	2
72.504	1
72.644	2
72.667	0
72.771	0
72.911	1
73.038	0
73.387	2
73.735	1
73.793	0
73.886	0
74.095	1
74.118	2
74.490	0
74.524	0
74.861	2
75.267	0
75.604	2
75.627	0
75.662	0
75.906	2
75.999	0
76.103	0
76.173	2
76.336	2
76.742	0
77.090	2
77.485	0
77.810	1
77.822	2
77.857	0
78.216	0
78.263	0
78.333	0
78.565	2
78.588	0
78.959	0
79.296	2
79.726	0
80.039	2
80.074	0
80.411	0
80.782	2
81.223	0
81.525	0
81.537	2
81.560	0
81.665	0
81.932	0
82.268	2
82.675	0
83.011	2
83.058	0
83.139	0
83.441	0
83.731	1
83.754	2
84.149	0
84.486	0
84.497	2
84.869	1
84.892	0
85.078	1
85.229	2
85.670	0
85.972	2
86.378	0
86.715	2
86.947	2
87.110	0
87.458	2
87.493	0
87.818	0
87.853	0
87.957	0
88.189	2
88.596	0
88.932	2
89.339	0
89.675	2
90.082	0
90.117	0
90.186	0
90.419	2
90.442	0
90.477	0
90.813	0
91.162	2
91.463	1
91.533	0
91.893	2
92.125	1
92.264	0
92.636	2
93.042	0
93.379	0
93.379	2
93.518	0
93.751	1
93.785	0
94.122	2
94.145	1
94.517	0
94.865	2
94.912	0
95.260	0
95.585	1
95.597	2
95.840	1
95.968	1
96.003	0
96.340	0
96.351	2
96.374	0
96.409	0
96.734	0
96.885	2
97.083	2
97.489	0
97.826	2
97.849	0
97.884	0
97.953	0
98.220	0
98.557	2
98.963	0
99.300	0
99.300	2
99.335	0
99.532	1
99.672	0
99.706	0
99.811	0
100.032	1
100.043	2
100.275	1
100.275	2
100.450	0
100.647	1
100.786	0
100.786	2
100.809	0
101.181	0
101.216	0
101.506	1
101.529	2
101.576	0
101.889	1
101.936	0
102.272	0
102.272	1
102.296	0
102.667	0
102.992	1
103.039	0
103.143	0
104.118	0
104.118	2
104.188	0
107.160	1
107.265	1
107.346	1
107.439	2
108.054	1
108.135	1
108.193	2
108.251	0
108.553	1
108.635	0
108.913	1
108.936	2
109.366	0
109.679	2
109.738	0
110.028	1
110.097	0
110.411	2
110.817	0
111.154	0
111.154	2
111.212	0
111.525	0
111.595	0
111.665	0
111.885	1
111.897	2
112.268	0
112.373	1
112.640	2
112.686	1
113.046	0
113.383	2
113.743	0
113.813	0
114.126	2
114.149	0
114.173	1
114.486	0
114.498	1
114.521	0
114.858	2
115.136	1
115.299	0
115.601	0
115.601	2
115.659	0
115.833	1
116.030	0
116.344	2
116.738	0
116.785	1
117.087	2
117.110	0
117.156	1
117.214	0
117.481	0
117.586	0
117.818	2
118.201	0
118.259	0
118.573	2
118.596	0
118.619	0
118.967	0
118.991	0
119.304	2
119.676	0
119.699	0
120.047	0
120.047	2
120.082	1
120.117	0
120.465	0
120.755	1
120.790	2
121.150	0
121.220	0
121.522	2
121.591	0
121.928	0
122.265	2
122.671	0
123.008	0
123.008	2
123.077	0
123.147	0
123.437	0
123.495	0
123.751	2
124.180	0
124.494	2
124.889	0
124.958	1
125.225	2
125.597	0
125.632	0
125.980	2
126.003	0
126.375	0
126.711	2
127.083	0
127.454	2
127.512	0
128.197	2
128.627	0
128.940	2
128.987	0
129.335	0
129.672	2
130.078	0
130.380	1
130.415	2
130.473	0
130.786	0
130.844	0
131.146	1
131.146	2
131.390	1
131.553	0
131.634	0
131.657	0
131.901	0
131.901	2
131.971	0
132.029	0
132.319	0
132.389	0
132.632	2
133.074	0
133.375	2
133.410	0
133.805	0
134.118	2
134.525	0
134.861	0
134.861	2
134.920	0
135.303	0
135.593	2
136.348	2
136.742	0
137.067	1
137.079	2
137.509	0
137.822	0
137.822	2
137.857	0
138.217	0
138.565	2
138.937	0
138.995	0
139.308	2
139.331	0
139.703	0
139.738	0
140.040	2
140.446	0
140.794	2
140.817	0
141.154	0
141.189	0
141.224	0
141.526	2
141.897	0
141.955	0
142.245	1
142.269	2
142.327	0
142.675	0
142.698	0
143.000	1
143.000	2
143.070	0
143.244	1
143.406	0
143.755	0
143.755	2
143.801	0
143.824	0
143.882	0
144.173	0
144.486	2
144.858	0
144.927	0
145.229	0
145.229	2
145.601	0
145.636	0
145.659	0
145.972	2
146.379	0
146.715	2
146.773	0
147.087	0
147.156	0
147.215	0
147.447	2
147.888	0
148.190	2
148.225	0
148.329	0
148.596	0
148.701	0
148.921	1
148.933	2
149.339	0
149.676	2
149.699	0
149.815	0
150.071	0
150.419	2
150.790	1
150.814	0
151.162	2
151.185	0
151.591	0
151.893	2
152.335	0
152.636	2
152.671	0
152.776	0
153.043	0
153.147	0
153.379	2
153.774	0
154.122	0
154.122	2
154.180	0
154.529	0
154.842	1
154.865	2
154.924	0
155.016	0
155.086	1
155.260	0
155.295	0
155.376	0
155.597	2
155.655	0
155.725	0
155.968	0
156.038	0
156.108	0
156.317	1
156.340	2
156.770	0
157.083	2
157.141	0
157.524	0
157.547	1
157.791	1
157.826	2
158.221	0
158.569	2
158.639	0
158.697	0
159.068	0
159.300	2
159.312	1
159.707	0
160.009	1
160.044	2
160.078	0
160.450	0
160.601	2
160.787	2
161.030	1
161.216	0
161.495	1
161.530	2
161.553	0
161.564	1
161.924	0
162.273	2
162.633	0
162.702	0
163.004	2
163.074	0
163.376	0
163.445	0
163.747	2
164.142	0
164.490	2
164.885	0
165.233	2
165.663	0
165.976	2
165.999	0
166.336	0
166.394	0
166.464	0
166.708	2
167.114	0
167.451	1
167.451	2
167.486	0
167.509	0
167.834	0
167.857	1
167.892	0
168.194	2
168.623	0
168.937	2
168.995	0
169.169	1
169.320	1
169.355	0
169.424	0
169.680	2
170.075	0
170.411	0
170.423	2
170.469	0
170.783	0
170.841	0
170.922	0
171.131	1
171.154	2
171.259	1
171.526	0
171.584	0
171.851	1
171.897	2
171.990	1
172.304	0
172.640	2
173.012	0
173.070	0
173.372	2
173.407	0
173.511	0
173.778	0
173.883	0
174.115	2
174.486	0
174.858	2
174.893	0
175.299	0
175.601	2
176.042	0
176.344	2
176.367	0
176.483	0
176.739	0
177.087	2
177.482	0
177.830	2
177.888	0
178.190	0
178.225	0
178.561	2
178.968	0
179.293	2
179.339	0
179.444	0
