3.936	0
4.365	0
4.783	0
5.039	1
5.050	2
5.329	0
5.608	0
5.886	2
6.165	2
6.444	2
6.583	0
7.001	0
7.256	1
7.268	2
7.558	0
7.837	0
8.104	2
8.371	1
8.382	2
8.661	2
8.800	0
9.218	0
9.485	1
9.485	2
9.776	0
10.054	0
10.333	2
10.600	2
10.879	2
11.018	0
11.436	0
11.691	1
11.714	2
11.993	0
12.272	0
12.550	2
12.806	1
12.817	2
13.108	2
13.247	0
13.665	0
13.920	1
13.932	2
14.211	0
14.489	0
14.768	2
15.047	2
15.325	2
15.464	0
15.882	0
16.138	1
16.161	2
16.440	0
16.718	0
16.985	2
17.252	1
17.264	2
17.276	1
17.543	2
17.682	0
18.100	0
18.367	1
18.379	2
18.657	0
18.936	0
19.215	2
19.911	0
20.317	1
20.608	1
20.875	1
21.153	1
22.117	1
22.639	0
23.081	0
23.081	2
23.510	1
23.928	0
24.346	0
24.381	1
24.776	0
25.020	2
25.310	2
25.321	0
25.600	0
25.867	1
25.867	2
26.134	2
26.424	2
26.494	1
26.564	0
26.970	2
26.982	0
27.249	1
27.249	2
27.527	2
27.539	0
27.818	0
28.096	2
28.352	2
28.653	2
28.793	0
28.839	0
29.199	2
29.211	0
29.466	2
29.756	0
29.756	2
30.035	0
30.314	2
30.581	2
30.627	1
30.871	2
31.010	0
31.417	2
31.428	0
31.684	1
31.684	2
31.962	1
31.974	2
31.985	0
32.218	1
32.264	0
32.345	1
32.531	2
32.543	0
32.787	1
32.798	2
33.088	2
33.228	0
33.634	2
33.646	0
33.913	2
34.191	2
34.203	0
34.482	0
34.749	2
35.016	2
35.318	2
35.445	0
35.863	0
35.863	2
36.130	1
36.130	2
36.409	2
36.420	0
36.699	0
36.978	2
37.233	2
37.245	1
37.535	2
37.674	0
38.081	2
38.092	0
38.348	1
38.348	2
38.638	2
38.650	0
38.928	0
39.195	2
39.462	1
39.462	2
39.753	2
39.892	0
39.950	0
40.298	2
40.310	0
40.565	1
40.565	2
40.856	2
40.867	0
41.146	0
41.691	0
42.121	0
42.167	0
42.516	2
42.527	0
42.794	1
42.794	2
43.073	2
43.085	0
43.363	0
43.630	0
43.642	2
43.897	2
43.909	1
44.199	2
44.339	0
44.745	0
44.745	2
45.012	2
45.302	2
45.314	0
45.581	0
45.859	2
46.126	2
46.417	2
46.556	0
46.962	2
46.974	0
47.229	2
47.520	2
47.531	0
47.810	0
48.089	2
48.344	2
48.634	2
48.774	0
49.180	2
49.191	0
49.447	2
49.459	1
49.737	2
49.749	0
50.027	0
50.306	2
50.561	2
50.852	2
51.003	0
51.409	0
51.676	2
51.955	2
51.966	0
52.245	0
52.524	2
52.779	1
52.779	2
53.081	2
53.197	1
53.220	0
53.626	2
53.638	0
53.894	1
53.894	2
54.184	2
54.195	0
54.474	0
54.741	2
55.008	1
55.008	2
55.298	2
55.403	1
55.438	0
55.844	2
55.856	0
56.088	1
56.111	2
56.401	2
56.413	0
56.692	0
56.959	2
57.226	2
57.237	1
57.516	2
57.667	0
58.073	0
58.073	2
58.340	1
58.340	2
58.433	1
58.619	2
58.630	0
58.688	0
58.909	0
59.188	0
59.188	2
59.884	0
59.931	0
60.302	0
60.558	1
60.569	2
60.848	0
61.127	0
61.138	1
61.405	2
61.684	2
61.962	2
62.102	0
62.520	0
62.775	1
62.787	2
63.077	0
63.356	0
63.623	2
64.319	0
68.336	2
68.778	0
68.812	0
69.184	0
69.230	0
69.439	1
69.451	2
69.741	0
70.008	0
70.287	2
70.542	1
70.565	2
70.705	1
70.844	2
70.983	0
71.401	0
71.657	1
71.668	2
71.959	0
72.237	0
72.504	2
72.771	1
72.783	2
73.062	2
73.213	0
73.619	0
73.886	1
73.898	2
74.176	0
74.385	1
74.455	0
74.733	2
74.989	1
75.000	2
75.430	0
75.848	0
76.103	1
76.115	2
76.370	1
76.394	0
76.684	0
77.230	1
77.624	1
77.648	0
77.706	0
77.926	0
77.973	0
78.321	2
78.344	1
78.623	0
78.901	0
79.157	1
79.435	2
79.482	1
79.552	1
79.726	2
79.865	0
80.144	0
80.271	2
80.480	2
80.527	1
80.550	2
80.840	0
81.119	0
81.386	2
81.653	1
81.850	1
81.932	1
81.943	2
82.094	0
82.373	0
82.744	1
83.023	1
83.058	0
83.336	0
83.557	1
83.603	2
83.870	1
83.882	2
84.312	0
84.590	0
84.985	2
85.275	2
85.426	0
85.693	0
85.833	1
86.134	1
86.204	1
86.343	1
86.483	1
86.529	0
86.785	1
86.808	0
87.191	1
87.504	0
87.783	0
88.317	1
88.317	2
88.375	1
88.607	2
88.758	0
89.025	0
89.385	1
89.606	1
89.722	0
89.873	1
90.001	0
90.268	2
90.535	1
90.535	2
90.604	1
90.732	1
90.825	2
90.976	0
91.022	0
91.254	0
91.603	1
91.649	2
91.951	0
92.172	1
92.218	0
92.473	1
92.485	2
92.752	2
92.787	1
93.042	2
93.112	1
93.193	0
93.472	0
93.867	2
94.157	2
94.261	1
94.308	0
94.563	1
94.586	0
94.993	1
95.051	1
95.260	1
95.388	1
95.411	0
95.469	0
95.829	0
96.096	2
96.374	2
96.386	0
96.398	2
96.665	0
96.943	2
96.955	1
97.199	1
97.199	2
97.489	2
97.640	0
98.046	0
98.046	2
98.313	2
98.592	2
98.604	0
98.882	0
99.161	2
99.416	2
99.428	1
99.718	2
99.857	0
100.264	2
100.275	0
100.519	0
100.531	2
100.821	0
100.821	2
101.111	0
101.378	2
101.645	2
101.936	2
102.075	0
102.481	2
102.493	0
102.748	2
103.039	2
103.050	0
103.294	2
103.329	0
103.607	2
103.863	2
103.874	1
104.153	2
104.292	0
104.710	0
104.710	2
104.977	1
104.977	2
105.256	2
105.268	0
105.546	0
105.825	2
106.080	2
106.104	1
106.371	2
106.522	0
106.916	2
106.940	0
107.195	1
107.195	2
107.485	0
107.485	2
107.775	0
108.042	2
108.309	1
108.309	2
108.600	2
108.739	0
109.145	2
109.157	0
109.412	2
109.424	1
109.703	0
109.703	2
109.993	0
110.260	2
110.527	1
110.817	2
110.957	0
111.363	2
111.386	0
111.642	1
111.642	2
111.920	2
111.932	0
112.187	2
112.210	0
112.756	0
113.186	0
113.232	0
113.592	0
113.592	2
113.859	1
113.859	2
114.138	2
114.149	0
114.428	0
114.707	2
115.264	2
115.403	0
115.810	2
115.821	0
116.077	2
116.123	1
116.204	1
116.367	0
116.367	2
116.657	0
116.924	2
117.191	2
117.481	2
117.621	0
118.027	2
118.039	0
118.294	2
118.584	2
118.596	0
118.875	0
119.142	2
119.409	1
119.409	2
119.699	2
119.838	0
120.256	0
120.256	2
120.523	2
120.802	2
120.813	0
121.069	1
121.092	0
121.371	2
121.626	1
121.626	2
121.928	2
122.067	0
122.474	2
122.485	0
122.741	2
123.031	2
123.043	0
123.310	0
123.588	2
123.855	1
123.855	2
124.145	1
124.145	2
124.262	1
124.285	0
124.401	1
124.691	2
124.703	0
124.958	1
125.028	1
125.248	2
125.260	0
125.539	0
125.806	2
126.073	1
126.073	2
126.375	2
126.491	2
126.502	0
126.560	0
126.920	0
126.920	2
127.176	2
127.466	2
127.478	0
127.756	0
128.035	2
128.290	1
128.290	2
128.313	1
128.580	2
128.731	0
129.126	2
129.138	0
129.405	2
129.683	2
129.695	0
129.707	2
129.974	0
130.252	2
130.949	0
131.367	0
131.634	0
131.634	1
131.634	2
131.924	0
132.156	1
132.191	0
132.470	2
132.737	1
132.748	2
133.027	2
133.166	0
133.584	0
133.851	1
133.851	2
134.142	0
134.420	0
134.676	1
134.676	2
134.966	0
135.396	0
139.413	2
139.831	0
140.249	0
140.504	1
140.516	2
140.806	0
141.084	0
141.351	2
141.572	1
141.619	1
141.630	2
141.769	1
141.909	2
142.048	0
142.466	0
142.721	1
142.745	2
143.023	0
143.302	0
143.581	2
143.859	2
144.138	2
144.277	0
144.684	0
144.951	1
144.962	2
145.241	0
145.519	0
145.798	2
146.065	1
146.065	2
146.355	2
146.495	0
146.889	1
146.889	2
147.191	2
147.598	0
147.737	0
148.167	0
148.712	0
148.991	0
149.386	1
149.386	2
149.687	0
149.966	0
150.233	2
150.338	1
150.500	2
150.523	1
150.605	1
150.732	1
150.790	2
150.930	0
150.988	0
151.208	0
151.557	2
151.591	1
151.615	2
151.905	0
152.184	0
152.451	2
152.718	2
152.741	1
152.845	1
153.008	2
153.147	0
153.437	0
153.554	2
153.832	2
153.844	1
154.099	1
154.122	0
154.413	0
154.668	2
154.947	2
154.993	1
155.225	2
155.376	0
155.655	0
156.050	2
156.340	2
156.491	0
156.770	0
156.897	1
157.211	1
157.594	0
157.884	0
157.954	0
158.267	2
158.279	1
158.569	0
158.848	0
159.115	2
159.382	1
159.382	2
159.451	1
159.475	1
159.602	1
159.672	2
159.811	0
159.869	0
160.090	0
160.438	1
160.496	2
160.787	0
161.065	0
161.274	1
161.332	2
161.599	1
161.599	2
161.681	1
161.773	1
161.890	2
161.948	1
162.040	0
162.319	0
162.702	1
162.714	2
163.004	0
163.294	0
163.828	2
163.863	1
164.107	2
164.258	0
164.537	0
164.931	2
165.222	2
165.373	0
165.651	0
166.162	1
166.278	1
166.452	1
166.487	0
166.534	0
166.905	0
167.172	2
167.451	0
167.718	2
167.729	0
167.996	0
168.008	2
168.275	2
168.554	2
168.705	0
168.832	2
169.123	0
169.378	1
169.390	0
169.390	2
169.668	0
169.947	0
170.225	2
170.493	1
170.504	2
170.783	2
170.922	0
171.061	2
171.340	0
171.607	2
171.897	0
172.153	2
172.176	0
172.199	1
172.443	2
172.722	2
173.000	2
173.151	0
173.279	2
173.558	0
173.836	2
174.115	0
174.393	0
174.672	2
174.951	2
174.962	0
175.218	2
175.369	0
175.787	0
176.042	1
176.054	2
176.332	0
176.611	0
176.890	2
177.145	1
177.168	2
177.447	2
177.586	0
177.726	2
178.004	0
178.271	2
178.561	0
178.712	1
178.828	0
179.107	2
179.386	2
179.664	2
179.815	0
179.943	2
180.222	0
180.489	1
180.779	0
181.058	0
181.592	1
181.870	1
182.033	0
183.136	0
183.263	2
183.809	1
183.821	2
183.844	0
184.204	1
184.250	0
184.668	0
184.924	1
184.935	2
185.226	0
185.493	0
185.771	0
185.771	2
186.038	1
186.050	2
186.329	2
186.468	0
186.886	0
187.153	2
187.443	0
187.722	0
188.000	2
188.256	1
188.267	2
188.546	2
188.685	0
189.103	0
189.382	2
189.544	1
189.661	0
189.939	0
190.218	2
190.473	1
190.485	2
190.775	2
190.914	0
191.332	0
191.576	1
191.599	2
191.890	0
192.134	2
192.691	1
192.691	2
192.865	1
193.132	0
193.550	0
193.805	1
193.817	2
193.898	1
194.107	0
194.386	0
194.653	2
194.908	1
194.932	2
195.129	1
195.210	2
195.349	0
195.767	0
196.034	1
196.046	2
196.162	1
196.325	0
196.452	1
196.603	0
196.882	2
197.149	2
197.428	2
197.567	0
197.985	0
198.264	2
198.333	1
198.542	0
198.821	0
199.088	2
199.355	1
199.367	2
199.610	1
199.645	2
199.668	1
199.796	0
199.843	0
199.901	1
200.191	2
200.284	1
200.469	1
200.469	2
200.806	1
200.899	0
200.957	0
201.189	0
201.468	0
201.689	1
202.025	0
202.072	0
202.083	1
202.432	0
202.687	1
202.699	2
202.989	0
203.256	0
203.813	1
203.813	2
204.092	2
204.231	0
204.649	0
204.928	2
205.206	0
205.485	0
205.764	2
206.449	0
208.805	2
210.477	2
210.895	0
211.313	0
211.580	1
211.580	2
211.870	0
212.149	0
212.428	2
212.683	1
212.695	2
212.846	1
212.973	2
213.113	0
213.171	0
213.531	0
213.786	1
213.809	2
214.088	0
214.309	2
214.367	0
214.634	2
214.924	2
215.203	2
215.342	0
215.760	0
216.015	1
216.305	0
216.514	1
216.584	0
217.118	1
217.141	2
217.559	0
217.954	1
217.954	2
218.523	0
218.802	0
218.860	0
219.359	0
219.777	0
219.893	0
220.056	0
220.462	1
220.740	1
221.019	1
221.576	1
221.994	1
222.006	0
222.273	1
222.285	0
222.633	2
222.679	1
222.970	1
223.248	1
223.759	2
223.794	1
224.223	0
224.502	0
224.850	2
224.874	1
225.187	1
225.466	1
225.977	2
226.023	1
226.441	0
226.545	0
226.720	0
227.556	0
227.834	0
228.264	1
228.508	1
228.659	0
228.717	0
228.937	0
229.320	1
229.332	2
229.413	1
229.436	1
229.634	0
229.912	0
230.179	2
230.446	2
230.458	1
230.737	2
230.888	0
231.155	0
231.549	1
231.561	2
231.828	1
231.851	0
232.141	0
232.397	2
232.420	1
232.664	2
232.676	1
232.885	1
232.954	2
233.105	0
233.384	0
233.767	1
233.779	2
234.080	0
234.185	1
234.359	0
234.707	1
234.893	2
234.916	1
234.986	1
235.172	2
235.276	1
235.323	0
235.601	0
235.996	1
235.996	2
236.286	2
236.402	1
236.437	0
236.716	0
237.285	1
237.378	1
237.552	0
237.830	0
238.225	2
238.248	1
238.515	0
238.794	0
239.061	2
239.328	1
239.618	2
239.769	0
239.816	0
240.048	0
240.373	2
240.419	1
240.443	2
240.733	0
240.930	1
241.023	0
241.279	2
241.546	1
241.557	2
241.836	2
241.987	0
242.265	0
242.649	1
242.753	1
242.962	0
243.241	0
243.496	2
243.775	1
243.775	2
244.204	0
244.483	0
244.611	2
244.878	1
245.168	2
245.319	0
245.597	0
246.004	1
246.178	1
246.271	1
246.433	0
246.480	0
246.712	0
247.084	1
247.107	2
247.385	1
247.397	0
247.676	0
247.943	2
248.082	1
248.210	2
248.221	1
248.500	2
248.651	0
248.930	0
249.255	2
249.289	1
249.324	2
249.615	0
249.905	0
250.160	2
250.358	1
250.427	1
250.439	2
250.717	2
250.868	0
251.147	0
251.519	1
251.553	2
251.844	0
252.087	1
252.122	0
252.378	2
252.656	2
252.691	1
252.935	2
253.016	1
253.098	0
253.365	0
253.423	0
253.771	2
254.050	2
254.177	1
254.200	0
254.259	0
254.479	0
255.013	1
255.152	1
255.315	0
255.594	0
255.640	0
255.988	1
255.988	2
256.290	0
256.569	0
256.824	2
257.103	2
257.115	1
257.382	2
257.533	0
257.811	0
258.171	1
258.206	2
258.264	1
258.380	1
258.508	0
258.786	0
259.042	2
259.320	1
259.320	2
259.599	2
259.750	0
260.029	0
260.412	1
260.725	0
261.004	0
261.538	1
261.538	2
261.979	0
262.258	0
262.653	2
263.094	0
263.361	0
263.767	1
264.197	0
264.870	1
265.172	0
265.451	0
266.414	0
266.693	0
267.099	1
267.389	0
268.643	0
268.910	0
