20.380	0
20.380	2
20.850	0
20.850	2
21.330	0
21.330	2
21.960	0
21.960	2
22.910	0
22.910	2
23.380	0
23.380	2
23.860	0
23.860	2
24.490	0
24.490	2
25.440	0
25.440	2
25.910	0
25.910	2
26.380	0
26.380	2
27.020	0
27.020	2
27.490	0
27.490	2
27.960	0
27.960	2
28.440	0
28.440	2
28.910	0
28.910	2
29.540	0
29.540	2
30.490	0
30.490	2
30.960	0
30.960	2
31.440	0
31.440	2
32.070	0
32.070	2
33.020	0
33.490	0
33.490	2
33.960	0
34.600	0
35.540	0
36.020	0
36.020	2
36.490	0
36.490	2
37.120	0
37.120	2
37.600	0
37.600	2
38.070	0
38.070	2
38.540	0
38.540	2
39.020	0
39.380	2
40.590	0
40.590	2
41.070	0
41.070	2
41.540	0
42.180	0
43.120	0
43.120	2
43.590	0
44.070	0
44.070	2
44.700	0
44.700	2
45.650	0
46.120	0
46.120	2
46.600	0
47.230	0
47.230	2
47.700	0
48.170	0
48.170	2
48.650	0
48.650	2
49.120	0
49.120	2
49.750	0
49.750	2
50.700	0
50.700	2
51.170	0
51.170	2
51.650	0
52.030	2
52.280	0
52.280	2
53.230	0
53.700	0
54.170	0
54.810	0
54.810	2
55.750	0
56.230	0
56.230	2
56.700	0
56.700	2
57.330	0
57.330	2
57.800	0
58.280	0
58.280	2
58.750	0
58.750	2
59.230	0
59.230	2
60.830	0
61.280	0
61.750	0
62.380	0
63.340	0
63.810	0
64.280	0
64.280	2
64.910	0
64.910	2
65.860	0
65.860	2
66.330	0
66.800	0
67.440	0
67.440	2
67.910	0
67.910	2
68.380	0
68.380	2
68.860	0
68.860	2
69.330	0
69.330	2
69.960	0
69.960	2
70.910	0
70.910	2
71.380	0
71.550	2
71.860	0
71.860	2
72.490	0
72.490	2
73.440	0
73.910	0
74.380	0
74.710	2
75.020	0
75.960	0
75.960	2
76.440	0
76.600	2
76.910	0
76.910	2
77.540	0
77.540	2
77.880	2
78.020	0
78.490	0
78.490	2
78.810	2
78.960	0
78.960	2
79.130	2
79.440	0
79.440	2
81.020	0
81.020	2
81.490	0
81.490	2
81.660	2
81.960	0
81.960	2
82.600	0
83.540	0
83.540	2
84.020	0
84.490	0
84.490	2
85.120	0
86.070	0
86.070	2
86.540	0
87.020	0
87.650	0
87.650	2
88.120	0
88.600	0
88.600	2
88.910	2
89.070	0
89.070	2
89.240	2
89.540	0
89.540	2
90.180	0
91.120	0
91.130	2
91.590	0
91.760	2
92.070	0
92.070	2
92.700	0
92.700	2
93.020	2
93.650	0
93.650	2
93.960	2
94.120	0
94.120	2
94.290	2
94.600	0
94.600	2
95.230	0
95.230	2
95.550	2
96.180	0
96.180	2
96.650	0
96.650	2
96.820	2
97.120	0
97.120	2
97.750	0
97.750	2
98.230	0
98.540	2
98.700	0
98.700	2
99.180	0
99.180	2
99.650	0
99.650	2
101.230	0
101.700	0
102.170	0
102.490	0
102.810	0
103.750	0
103.750	2
104.070	0
104.230	0
104.700	0
104.700	2
105.330	0
106.280	0
106.750	0
107.230	0
107.540	0
107.860	0
108.330	0
108.810	0
109.120	0
109.280	0
109.750	0
111.330	0
111.800	0
112.280	0
112.910	0
113.860	0
113.860	2
114.330	0
114.800	0
115.440	0
116.390	1
121.440	0
121.440	2
121.910	0
121.910	2
122.380	0
123.020	0
123.970	0
124.440	0
124.440	2
124.910	0
124.910	2
125.200	2
125.540	2
125.550	0
126.150	2
126.490	0
126.960	0
126.960	2
127.440	0
127.440	2
127.800	2
128.070	0
128.070	2
128.540	0
129.020	0
129.020	2
129.490	0
129.490	2
129.960	0
129.960	2
130.600	0
130.600	2
130.740	2
131.540	0
131.540	2
132.020	0
132.490	0
132.490	2
133.120	0
133.120	2
134.070	0
134.540	0
134.540	2
135.020	0
135.650	0
135.650	2
136.600	0
137.070	0
137.070	2
137.540	0
137.540	2
138.170	0
138.170	2
138.650	0
139.120	0
139.120	2
139.590	0
140.070	0
140.070	2
141.650	0
142.120	0
142.120	2
142.600	0
143.230	0
143.230	2
143.640	2
144.180	0
144.420	2
144.650	0
145.090	2
145.120	0
145.120	2
145.750	0
146.700	0
147.170	0
147.650	0
147.650	2
148.280	0
148.280	2
148.750	0
149.230	0
149.700	0
150.170	0
150.810	0
150.810	2
151.750	0
151.750	2
152.230	0
152.410	2
152.700	0
152.700	2
153.330	0
153.330	2
154.280	0
154.280	2
154.750	0
154.750	2
155.230	0
155.860	0
155.860	2
156.800	0
157.280	0
157.280	2
157.750	0
157.750	2
158.380	0
158.380	2
158.860	0
159.330	0
159.330	2
159.810	0
159.810	2
160.280	0
161.860	0
161.860	2
162.330	0
162.810	0
163.440	0
164.390	0
164.860	0
165.330	0
165.330	2
165.960	0
165.960	2
166.290	2
166.910	0
166.910	2
167.380	0
167.860	0
167.860	2
168.490	0
168.490	2
168.960	0
169.440	0
169.440	2
169.910	0
169.910	2
170.380	0
170.390	2
171.020	0
171.020	2
171.350	2
171.960	0
171.970	2
172.440	0
172.440	2
172.910	0
173.540	0
174.490	0
174.960	0
175.130	2
175.440	0
175.440	2
176.070	0
176.070	2
177.020	0
177.020	2
177.490	0
177.490	2
177.660	2
177.960	0
178.600	0
178.600	2
179.070	0
179.070	2
179.540	0
179.540	2
180.020	0
180.020	2
180.190	2
180.490	0
180.490	2
180.830	2
181.450	2
182.070	0
182.070	2
182.540	0
182.540	2
182.710	2
183.020	0
183.020	2
183.340	2
183.650	0
184.600	0
185.070	0
185.230	2
185.540	0
185.540	2
186.170	0
186.170	2
186.500	2
187.120	0
187.130	2
187.600	0
188.070	0
188.700	0
189.180	0
189.650	0
189.650	2
190.120	0
190.600	0
191.230	0
192.180	0
192.650	0
193.120	0
193.760	0
194.710	0
