0.380	0
2.840	0
5.350	0
7.880	0
10.920	2
13.420	2
14.360	2
14.660	2
16.230	2
16.750	2
17.170	2
17.900	2
18.100	2
20.190	2
20.710	2
24.670	2
25.090	2
25.300	2
25.380	0
26.130	2
26.230	2
26.640	0
26.860	2
27.480	2
27.590	2
27.690	2
28.110	2
28.310	2
28.420	2
28.740	2
28.940	2
29.360	2
29.670	2
29.770	2
29.980	2
30.090	2
30.190	2
30.300	2
30.610	2
30.660	0
30.820	2
31.020	2
31.230	2
31.290	0
32.480	2
32.840	0
33.110	2
33.160	0
33.320	2
33.740	2
34.150	0
35.340	0
35.500	2
35.610	2
35.670	0
35.820	2
36.240	2
36.290	0
37.270	2
37.480	2
37.590	2
37.690	2
37.840	0
38.170	0
38.530	2
38.730	2
38.790	0
39.780	2
40.090	2
40.340	0
40.610	2
40.670	0
41.230	2
41.290	0
41.650	2
42.070	2
42.480	2
42.840	0
43.170	0
43.320	2
43.730	2
43.790	0
44.250	2
45.090	2
45.340	0
45.670	0
46.030	2
46.230	2
46.290	0
47.480	2
47.840	0
48.110	2
48.170	0
48.730	2
48.790	0
50.190	2
50.340	0
50.670	0
51.290	0
52.530	0
52.840	0
53.170	0
53.790	0
55.340	0
55.670	0
56.290	0
57.840	0
58.790	0
60.340	0
60.670	0
62.840	0
63.170	0
65.340	0
65.670	0
66.290	0
67.840	0
68.170	0
68.790	0
69.720	1
70.030	1
70.500	1
70.650	2
70.810	2
70.960	1
71.440	2
71.590	2
71.750	1
71.750	2
72.060	1
72.220	1
72.370	1
72.530	1
73.160	2
73.310	1
73.310	2
73.940	2
74.090	1
74.090	2
74.250	2
74.410	2
74.720	2
75.030	2
75.650	2
75.810	1
75.980	1
76.440	2
76.590	2
76.750	2
76.900	2
77.220	2
77.530	2
78.150	2
78.310	2
78.480	1
78.930	2
79.090	2
79.250	2
79.400	2
79.870	2
80.030	2
80.500	1
80.660	1
80.810	1
80.970	2
81.130	2
81.280	2
81.850	2
82.520	2
83.160	2
83.310	2
83.620	1
83.790	2
83.940	1
84.390	2
84.560	1
85.660	2
85.810	2
86.130	2
86.440	2
86.900	2
87.060	2
87.380	2
87.530	2
87.690	2
88.150	2
88.310	2
88.620	2
88.940	2
89.400	2
89.560	2
89.720	2
89.880	2
90.040	2
90.330	0
90.330	2
90.620	2
90.810	2
91.120	2
91.260	2
91.590	2
91.740	2
91.900	2
92.070	2
92.220	2
92.380	2
92.530	2
92.840	0
92.990	2
93.160	2
93.320	2
93.620	2
93.780	2
94.090	2
94.410	2
94.560	2
94.870	2
95.030	2
95.340	0
95.500	2
95.660	2
95.810	0
95.970	2
96.280	0
96.280	2
96.430	2
96.740	2
96.880	2
97.210	2
97.520	2
97.690	2
97.840	0
98.170	2
98.470	2
98.620	2
98.750	2
98.930	2
99.080	2
99.250	2
99.390	2
99.560	2
99.720	2
99.860	2
100.030	2
100.340	0
100.340	2
100.500	2
100.660	2
100.810	2
100.970	0
100.970	2
101.130	2
101.280	0
101.280	2
101.330	2
101.750	0
101.750	2
101.910	2
102.060	2
102.220	2
102.380	2
102.530	2
102.690	0
102.690	2
102.840	0
102.840	2
103.160	2
103.470	2
103.780	0
103.780	2
104.100	2
104.250	2
104.400	2
104.560	2
104.880	2
105.030	2
105.180	2
105.340	0
105.500	2
105.640	2
105.800	2
105.970	2
106.120	2
106.280	0
106.280	2
106.580	2
106.750	2
106.910	2
107.060	2
107.220	2
107.370	2
107.570	2
107.840	0
108.000	2
108.160	0
108.160	2
108.460	2
108.790	0
108.830	2
109.090	2
109.400	2
109.560	2
109.710	2
109.870	2
109.990	2
110.030	2
110.330	0
110.330	2
110.490	2
110.670	0
110.810	2
110.960	2
111.130	2
111.290	0
111.440	2
111.590	2
111.910	2
112.060	2
112.280	2
112.380	2
112.520	2
112.680	2
112.840	0
112.840	2
112.990	2
113.160	0
113.160	2
113.310	2
113.460	2
113.620	2
113.790	0
113.940	2
114.090	2
114.410	2
114.560	2
114.880	2
115.020	2
115.180	2
115.340	0
115.340	2
115.490	2
115.650	2
115.810	2
115.960	2
116.120	2
116.290	0
116.440	0
116.440	2
116.740	2
116.900	2
117.060	2
117.370	2
117.520	2
117.680	2
117.840	0
117.840	2
117.990	2
118.160	2
118.310	2
118.460	2
118.630	2
118.790	0
118.940	2
119.240	2
119.400	2
119.560	2
119.870	2
120.020	2
120.180	2
120.340	2
120.490	2
120.650	2
120.810	2
120.960	2
121.130	2
121.440	2
121.740	2
121.910	2
122.060	2
122.210	2
122.380	2
122.690	2
122.990	2
123.160	2
123.310	2
123.460	2
123.620	2
123.940	2
124.240	2
124.400	2
124.560	2
124.870	2
125.020	2
125.180	2
125.340	2
125.490	2
125.660	2
125.800	2
125.960	2
126.120	2
126.430	2
126.900	2
127.060	2
127.380	2
127.520	2
127.680	2
127.840	2
127.990	2
128.160	2
128.310	2
128.460	2
128.620	2
128.940	2
129.410	2
129.560	2
129.880	2
130.020	2
130.180	2
130.340	2
130.490	2
130.660	2
130.800	2
130.960	2
131.120	2
131.320	2
131.440	2
131.900	2
132.060	2
132.370	2
132.520	2
132.680	2
132.840	2
132.990	2
133.160	2
133.300	2
133.460	2
133.620	2
133.780	2
133.940	2
134.400	2
134.560	2
134.870	2
135.020	2
135.180	2
135.340	2
135.490	2
135.650	2
135.800	2
135.960	2
136.120	2
136.280	2
136.440	2
136.740	2
136.910	2
137.060	2
137.370	2
137.520	2
137.680	2
137.990	2
138.160	2
138.300	2
138.460	2
138.610	2
138.780	2
138.920	2
139.240	2
139.400	2
139.550	2
139.710	2
139.860	2
140.040	2
140.170	2
140.490	2
140.800	2
140.960	2
141.110	2
141.290	0
141.290	2
141.420	2
141.740	2
141.910	2
142.050	2
142.360	2
142.520	2
142.670	2
142.840	0
142.990	2
143.170	2
143.300	2
143.610	2
143.780	2
143.790	0
143.920	2
144.240	2
144.400	2
144.550	2
144.710	2
144.860	2
145.040	0
145.040	2
145.170	2
145.340	0
145.490	2
145.690	2
145.800	2
145.970	2
146.110	2
146.290	0
146.290	2
146.430	2
146.740	2
146.910	2
147.050	2
147.360	2
147.530	2
147.670	2
147.990	2
148.160	2
148.300	2
148.460	2
148.620	2
148.780	2
148.940	2
149.400	2
149.560	2
149.870	2
150.020	2
150.180	2
150.340	0
150.340	2
150.490	2
150.660	2
150.810	2
150.960	2
151.120	2
151.290	0
151.290	2
151.440	2
151.910	2
152.060	2
152.370	2
152.520	2
152.680	2
152.840	0
152.840	2
152.990	2
153.160	2
153.310	2
153.460	2
153.620	2
153.780	0
153.780	2
153.940	2
154.400	2
154.560	2
154.870	2
155.020	2
155.180	2
155.340	0
155.340	2
155.490	2
155.690	2
155.810	2
155.960	2
156.120	2
156.290	0
156.290	2
156.440	2
156.910	2
157.060	2
157.370	2
157.520	2
157.680	2
157.840	0
157.840	2
157.990	2
158.160	2
158.300	2
158.460	2
158.620	2
158.780	2
158.790	0
158.940	2
159.400	2
159.560	2
159.730	0
159.870	2
160.020	2
160.180	2
160.340	0
160.340	2
160.490	2
160.660	2
160.810	2
160.970	2
161.130	2
161.290	0
161.290	2
161.430	2
161.590	2
161.750	2
161.900	2
162.060	2
162.220	2
162.370	2
162.540	2
162.690	2
162.840	0
162.850	2
162.990	2
163.160	2
163.320	2
163.470	2
163.620	2
163.790	0
163.790	2
163.940	2
164.100	2
164.410	2
164.560	2
164.720	2
164.870	2
165.030	2
165.190	0
165.190	2
165.340	0
165.340	2
165.500	2
165.650	2
165.800	2
165.970	2
166.000	0
166.120	2
166.290	0
166.290	2
166.440	2
166.590	2
166.750	2
166.780	0
166.910	2
167.060	2
167.220	2
167.380	2
167.540	0
167.540	2
167.690	0
167.690	2
167.840	0
167.850	2
168.030	0
168.150	2
168.310	2
168.350	0
168.470	2
168.500	0
168.630	2
168.790	0
168.790	2
168.940	2
169.120	2
169.240	2
169.400	2
169.560	2
169.710	2
169.870	2
170.020	2
170.190	0
170.190	2
170.340	0
170.340	2
170.650	2
170.970	2
171.290	0
171.440	2
171.600	2
171.750	2
171.940	0
172.060	2
172.220	2
172.380	2
172.680	2
172.840	0
172.840	2
173.030	0
173.160	2
173.320	2
173.470	2
173.620	2
173.780	2
173.790	0
174.090	2
174.250	2
174.400	2
174.560	2
174.720	2
174.880	2
175.030	2
175.190	0
175.190	2
175.340	0
175.340	2
175.640	2
175.960	2
176.120	2
176.280	2
176.310	2
176.590	2
176.750	2
176.920	2
177.370	2
177.530	2
177.680	2
177.840	0
177.840	2
178.180	2
178.460	2
178.620	2
178.780	2
179.090	2
179.250	2
179.400	2
179.560	2
179.870	2
180.190	2
180.340	2
180.640	2
180.960	2
181.120	2
181.290	0
181.290	2
181.590	2
181.900	2
182.210	2
182.370	2
182.530	2
182.840	0
182.840	2
183.180	2
183.460	2
183.620	2
183.780	0
183.780	2
184.090	2
184.250	2
184.420	2
184.870	2
185.020	2
185.180	2
185.340	2
185.640	2
186.910	2
188.110	2
188.740	2
189.360	2
189.970	2
190.310	0
195.340	0
195.670	0
196.290	0
197.840	0
198.170	0
198.790	0
200.340	0
200.670	0
201.290	0
202.840	0
203.170	0
203.790	0
205.340	0
205.670	0
206.290	0
207.840	0
208.170	0
210.340	0
210.670	0
211.290	0
212.840	0
213.170	0
215.340	0
215.620	2
216.280	2
216.290	0
216.910	2
217.550	2
218.180	2
218.770	2
219.360	2
220.330	2
227.830	0
228.480	1
230.360	0
231.900	0
232.840	0
235.330	0
236.910	0
237.850	0
239.400	0
240.350	0
241.900	0
242.850	0
244.400	0
245.350	0
246.900	0
247.690	2
247.840	0
249.400	0
250.350	0
251.910	0
252.840	0
254.410	0
255.350	0
255.350	2
255.500	2
256.130	2
256.440	2
256.750	2
256.910	0
256.910	2
257.070	2
257.220	2
257.690	2
257.850	0
257.850	2
258.010	2
258.940	2
259.100	2
259.250	2
259.410	0
259.410	2
259.570	2
259.880	2
260.040	2
260.190	2
260.350	0
260.660	2
260.820	2
261.020	2
261.600	2
261.750	2
261.910	0
262.070	2
262.380	2
262.850	0
262.850	2
263.010	2
263.320	2
263.470	2
263.630	2
263.790	0
263.790	2
264.410	2
264.570	2
264.720	2
264.880	2
265.040	2
265.190	2
265.350	0
265.350	2
265.660	2
265.820	2
266.600	2
266.750	2
266.910	0
267.380	2
267.690	2
267.850	0
267.850	2
268.010	2
268.320	2
268.940	2
269.250	2
269.460	2
269.570	2
269.880	2
270.350	0
270.350	2
270.660	2
270.820	2
271.600	2
271.750	2
271.860	2
271.910	0
272.380	2
272.690	2
272.850	0
274.250	2
275.350	0
276.910	0
277.850	0
278.120	2
280.350	0
281.900	0
282.850	0
285.350	0
286.890	0
291.910	0
292.850	0
303.240	0
307.080	0
310.350	0
315.430	0
315.710	0
317.690	2
319.520	2
319.750	1
319.860	1
327.500	1
335.640	2
