15.550	1
24.590	1
31.490	2
31.780	2
53.710	1
58.310	0
58.310	2
58.820	2
59.310	2
59.820	2
60.310	1
61.310	1
61.830	0
62.050	1
62.310	0
62.310	2
63.310	1
63.310	2
64.310	0
64.310	1
64.310	2
65.310	1
65.310	2
67.310	1
67.310	2
68.310	1
68.640	2
68.810	0
69.310	1
70.310	0
70.310	1
70.310	2
71.310	1
71.310	2
72.310	0
72.310	1
72.310	2
72.400	2
73.310	1
73.310	2
74.310	0
74.310	1
74.310	2
74.400	2
75.310	1
75.310	2
76.310	0
76.310	1
76.310	2
76.400	2
77.310	1
77.310	2
78.050	2
78.310	0
78.310	1
78.310	2
79.310	1
79.310	2
80.310	0
80.310	1
80.310	2
80.400	2
81.310	1
81.310	2
82.700	0
82.700	2
82.790	2
83.310	1
83.310	2
84.310	1
84.640	2
84.810	0
85.310	1
86.310	0
86.310	1
86.310	2
87.310	1
87.310	2
88.310	0
88.310	1
88.310	2
89.310	1
89.310	2
90.310	0
90.310	1
90.310	2
90.400	2
91.310	1
91.310	2
92.310	0
92.310	2
93.310	1
93.310	2
94.050	2
94.310	0
94.310	2
95.310	1
95.310	2
96.310	0
96.310	1
96.310	2
97.310	1
97.310	2
98.210	1
98.210	2
98.990	0
99.310	1
99.310	2
100.310	1
100.640	2
100.810	0
101.310	1
102.310	0
102.310	1
102.310	2
103.310	1
103.310	2
104.310	0
104.310	1
104.310	2
104.400	2
105.310	1
105.310	2
106.310	0
106.310	1
106.310	2
106.400	2
107.310	1
107.310	2
108.310	0
108.310	1
108.310	2
108.400	2
109.310	1
110.050	2
110.310	0
110.310	1
110.310	2
111.310	1
111.310	2
112.310	0
112.310	1
112.310	2
112.400	2
113.310	1
113.310	2
114.310	0
114.310	2
114.400	2
115.310	1
115.310	2
116.310	1
116.640	2
116.810	0
117.310	1
117.310	2
118.310	0
118.310	1
118.310	2
119.310	1
119.310	2
120.310	0
120.310	1
120.310	2
120.820	2
121.310	1
122.310	0
122.310	2
122.400	2
123.310	1
123.310	2
139.630	1
139.880	1
140.120	1
140.120	2
141.400	1
148.410	1
149.850	1
151.880	0
152.360	0
154.310	2
154.820	2
155.310	2
155.820	2
157.310	1
158.310	0
158.310	2
159.310	1
159.310	2
159.420	0
160.150	2
160.310	0
160.310	1
160.310	2
160.670	0
161.310	1
161.720	0
162.020	0
162.150	2
162.440	0
163.310	1
163.410	0
164.150	2
164.310	1
164.650	2
165.310	1
165.670	0
165.910	0
166.160	0
166.310	0
166.310	2
167.310	1
167.310	2
167.420	0
168.150	2
168.310	0
168.310	1
168.310	2
168.690	0
169.310	1
169.720	0
170.010	0
170.150	2
170.440	0
171.310	1
171.410	0
172.150	2
172.310	1
172.650	2
172.920	0
173.310	1
174.310	0
174.310	1
174.310	2
175.310	1
175.310	2
175.420	0
176.150	2
176.310	0
176.310	1
176.310	2
176.670	0
177.310	1
177.720	0
178.020	0
178.150	2
178.440	0
179.310	1
179.410	0
180.150	2
180.310	1
180.650	2
181.310	1
181.670	0
181.910	0
182.160	0
182.310	0
182.310	2
183.310	1
183.310	2
183.420	0
184.150	2
184.310	0
184.310	1
184.310	2
184.670	0
185.310	1
185.720	0
186.010	0
186.150	2
186.440	0
187.310	1
187.410	0
188.150	2
188.310	1
188.810	2
188.920	0
189.180	1
190.310	0
190.310	1
190.310	2
191.310	1
191.310	2
191.420	0
191.810	2
192.310	0
192.310	2
193.310	1
193.720	0
193.810	2
194.020	0
194.440	0
195.310	1
195.820	2
196.310	1
196.650	2
197.310	1
197.670	0
197.910	0
198.160	0
198.310	0
198.310	2
198.810	2
199.310	1
199.310	2
199.420	0
199.810	2
200.310	0
200.310	2
201.310	1
201.720	0
202.010	0
202.440	0
202.810	2
203.310	1
203.410	0
203.820	2
204.150	1
204.310	1
204.640	2
204.920	0
205.310	1
206.310	0
206.310	1
206.310	2
207.310	1
207.310	2
207.420	0
207.810	2
208.310	0
208.310	2
209.310	1
209.720	0
209.810	2
210.020	0
210.440	0
211.310	1
211.820	2
212.310	1
212.640	2
213.310	1
213.670	0
213.810	2
213.910	0
214.160	0
214.310	0
214.310	2
214.810	2
215.310	1
215.310	2
215.420	0
215.810	2
216.310	0
216.310	2
217.310	1
217.720	0
218.010	0
218.440	0
218.810	2
219.310	1
219.410	0
219.820	2
219.930	1
220.150	1
220.310	1
220.810	2
220.920	0
221.180	1
223.660	1
226.230	1
228.780	1
230.820	1
230.820	2
231.500	1
231.860	1
235.340	1
235.830	1
235.930	1
236.710	1
237.270	1
237.430	1
237.860	1
