0.370	0
13.170	1
13.170	2
13.560	2
13.760	2
13.960	2
14.160	2
14.360	1
14.360	2
14.560	2
14.760	1
14.760	2
14.960	2
15.160	2
15.360	2
15.560	2
15.760	2
15.960	1
15.960	2
16.160	2
16.360	2
16.560	2
16.760	2
16.960	2
17.160	1
17.160	2
17.360	2
17.560	1
17.560	2
17.760	2
17.960	2
18.160	2
18.360	2
18.560	2
18.760	2
18.960	2
19.160	2
19.360	2
19.560	0
19.560	1
19.560	2
19.760	2
19.960	1
19.960	2
20.160	2
20.360	0
20.360	2
20.560	2
20.760	1
20.760	2
20.960	2
21.160	1
21.160	2
21.360	2
21.560	1
21.560	2
21.760	2
21.960	0
21.960	1
21.960	2
22.160	2
22.360	2
22.560	2
22.760	1
22.760	2
22.960	2
23.160	1
23.160	2
23.360	2
23.560	0
23.560	1
23.560	2
23.760	2
23.960	1
23.960	2
24.160	2
24.360	2
24.560	2
24.760	1
24.760	2
24.960	2
25.170	0
25.170	1
25.370	2
25.560	1
25.560	2
25.960	2
26.160	2
26.360	1
26.360	2
26.560	2
26.760	1
26.760	2
26.960	2
27.160	0
27.160	2
27.360	2
27.560	2
27.760	2
27.960	2
28.160	2
28.360	1
28.360	2
28.560	2
28.760	1
28.760	2
28.960	2
29.160	2
29.360	2
29.560	1
29.560	2
29.760	2
29.960	1
29.960	2
30.160	2
30.360	0
30.360	2
30.560	2
30.760	1
30.760	2
30.960	2
31.170	2
31.360	2
31.560	1
31.560	2
31.760	2
31.960	1
31.960	2
32.160	1
32.160	2
32.360	0
32.360	2
32.560	2
32.620	2
32.760	1
32.760	2
32.960	2
33.160	1
33.160	2
33.360	2
33.560	1
33.560	2
33.760	2
33.960	1
33.960	2
34.160	2
34.360	2
34.370	1
34.560	2
34.760	1
34.760	2
34.960	2
35.160	1
35.160	2
35.360	2
35.560	2
35.760	2
35.960	1
35.960	2
36.160	2
36.360	1
36.360	2
36.560	2
36.760	1
36.760	2
36.960	2
37.160	2
37.360	1
37.360	2
37.560	2
37.760	1
37.760	2
37.960	1
37.960	2
38.170	1
38.170	2
38.360	1
38.360	2
38.560	1
38.560	2
38.770	1
38.770	2
39.360	1
39.360	2
39.960	1
40.560	1
40.760	1
41.960	1
42.560	1
43.160	1
43.760	1
43.960	1
45.160	0
45.160	1
45.760	1
46.360	1
46.760	0
46.960	1
47.160	1
48.360	1
48.960	1
49.160	0
49.560	1
50.160	1
50.360	1
51.170	1
51.570	0
51.570	2
52.360	1
52.360	2
52.770	0
53.370	0
53.570	0
53.960	1
53.960	2
54.360	1
54.360	2
54.770	0
55.560	1
55.560	2
55.970	0
56.770	0
57.160	1
57.160	2
57.560	1
57.560	2
57.760	1
57.760	2
57.970	0
58.760	1
58.760	2
59.170	0
59.970	0
60.360	1
60.360	2
60.760	1
60.760	2
61.170	0
61.960	1
61.960	2
62.370	0
63.170	0
63.560	1
63.560	2
63.960	1
63.960	2
64.160	1
64.160	2
64.370	0
64.370	2
64.760	2
64.960	2
65.160	1
65.160	2
65.360	2
65.560	0
65.560	2
65.760	2
65.960	2
66.160	0
66.160	2
66.360	0
66.360	2
66.560	2
66.760	1
66.760	2
66.960	2
67.160	1
67.160	2
67.360	2
67.560	0
67.560	2
67.760	2
67.960	2
68.160	2
68.360	1
68.360	2
68.560	2
68.760	0
68.760	2
68.960	2
69.160	2
69.360	0
69.360	2
69.560	0
69.560	2
69.760	2
69.960	1
69.960	2
70.160	2
70.360	1
70.360	2
70.560	1
70.560	2
70.760	0
70.760	2
70.960	2
71.160	2
71.360	2
71.560	1
71.560	2
71.760	2
71.960	0
71.960	2
72.160	2
72.360	2
72.560	0
72.560	2
72.760	0
72.760	2
72.960	2
73.160	1
73.160	2
73.360	2
73.560	1
73.560	2
73.760	2
73.960	0
73.960	2
74.160	2
74.360	2
74.560	2
74.760	1
74.760	2
74.960	2
75.160	0
75.160	2
75.360	2
75.560	2
75.760	0
75.760	2
75.960	2
75.970	0
76.160	2
76.360	1
76.360	2
77.160	2
77.170	0
77.170	1
77.360	2
77.560	2
77.760	2
77.960	1
77.960	2
78.160	2
78.360	2
78.560	2
78.760	2
78.960	2
79.160	2
79.170	0
79.360	2
79.560	1
79.560	2
79.760	2
79.960	1
79.960	2
80.160	2
80.360	0
80.360	2
80.560	2
80.760	2
80.960	2
80.970	0
81.160	1
81.160	2
81.360	2
81.560	0
81.560	2
81.760	2
81.960	2
82.160	2
82.370	0
82.370	1
82.370	2
82.560	2
82.760	1
82.760	2
82.960	2
83.160	1
83.160	2
83.360	1
83.360	2
83.560	2
83.770	2
83.960	1
83.960	2
84.160	2
84.360	0
84.360	1
84.360	2
84.560	2
84.760	2
84.960	2
85.160	2
85.360	2
85.560	2
85.760	2
85.960	1
85.960	2
86.160	2
86.360	1
86.360	2
86.560	2
86.760	2
86.960	2
87.160	1
87.160	2
87.360	2
87.370	0
87.560	1
87.560	2
87.760	2
87.960	2
88.160	2
88.360	2
88.560	1
88.560	2
88.770	0
88.770	1
88.770	2
88.960	2
89.970	0
89.980	2
91.170	0
91.760	0
91.970	0
93.170	0
94.370	0
94.960	0
95.160	0
96.370	0
97.570	0
98.160	0
98.370	0
99.570	0
100.770	0
101.360	0
101.570	0
102.770	0
102.770	2
103.160	2
103.360	2
103.560	1
103.560	2
103.760	2
103.960	0
103.960	2
104.160	2
104.360	2
104.560	0
104.560	2
104.760	0
104.760	2
104.960	2
105.160	1
105.160	2
105.360	2
105.560	1
105.560	2
105.760	2
105.970	0
106.160	2
106.360	2
106.560	2
106.760	1
106.760	2
106.960	2
107.160	0
107.160	2
107.360	2
107.560	2
107.760	0
107.760	2
107.960	0
107.960	2
108.160	2
108.360	1
108.360	2
108.560	2
108.760	1
108.760	2
108.960	1
108.960	2
109.170	0
109.170	1
109.170	2
109.360	2
109.560	2
109.760	1
109.760	2
109.960	1
109.960	2
110.160	2
110.360	0
110.360	1
110.560	2
110.760	2
110.960	0
110.960	1
110.960	2
111.160	1
111.360	2
111.560	1
111.560	2
111.760	2
111.960	1
111.960	2
112.360	0
112.360	1
112.360	2
112.560	2
112.760	2
112.960	1
112.960	2
113.160	1
113.160	2
113.360	2
113.560	0
113.560	1
113.760	2
113.960	2
114.160	0
114.160	1
114.160	2
114.360	0
114.360	1
114.560	2
114.760	1
114.760	2
114.960	2
115.160	1
115.160	2
115.360	1
115.360	2
115.580	0
115.580	2
116.170	0
116.770	0
116.960	2
118.370	0
118.560	2
118.960	2
119.370	0
119.970	0
120.160	2
121.570	0
122.570	0
122.760	2
123.170	0
123.560	2
124.770	0
125.770	0
125.960	2
126.380	0
126.760	2
128.370	2
128.760	2
128.960	2
129.160	1
129.160	2
129.360	2
129.560	1
129.560	2
129.760	2
129.960	2
130.160	2
130.360	1
130.360	2
130.560	2
130.760	1
130.760	2
130.960	2
131.160	1
131.160	2
131.360	2
131.560	1
131.560	2
131.760	2
131.960	2
132.160	2
132.360	1
132.360	2
132.560	2
132.760	1
132.760	2
132.960	2
133.160	1
133.160	2
133.360	2
133.560	1
133.560	2
133.760	2
133.960	1
133.960	2
134.160	2
134.360	1
134.360	2
134.560	2
134.760	0
134.760	1
134.760	2
134.960	2
135.160	1
135.160	2
135.360	2
135.560	0
135.560	1
135.560	2
135.760	2
135.960	1
135.960	2
136.160	2
136.360	2
136.560	2
136.760	1
136.760	2
136.960	2
137.160	0
137.160	2
137.360	2
137.560	1
137.560	2
137.760	2
137.960	1
137.960	2
138.160	2
138.360	1
138.360	2
138.560	2
138.760	1
138.760	2
138.960	2
139.160	1
139.160	2
139.360	2
139.560	0
139.560	1
139.560	2
139.760	2
139.960	1
139.960	2
140.160	2
140.370	0
140.370	1
140.570	2
140.760	2
141.160	2
141.360	2
141.560	2
141.760	2
141.960	1
141.960	2
142.160	2
142.360	1
142.360	2
142.560	2
142.760	2
142.960	2
143.160	2
143.360	2
143.560	1
143.560	2
143.760	2
143.960	1
143.960	2
144.160	2
144.360	2
144.560	2
144.760	2
144.960	2
145.160	1
145.160	2
145.360	2
145.560	2
145.760	2
145.960	2
146.160	2
146.360	2
146.560	2
146.760	1
146.760	2
146.960	2
147.160	2
147.360	2
147.560	0
147.560	2
147.760	2
147.960	1
147.960	2
148.160	2
148.360	2
148.560	2
148.760	1
148.760	2
148.960	2
149.160	0
149.160	1
149.160	2
149.360	2
149.560	1
149.560	2
149.760	2
149.960	0
149.960	2
150.160	2
150.360	1
150.360	2
150.560	2
150.760	1
150.760	2
150.960	2
151.160	1
151.160	2
151.360	2
151.560	0
151.560	2
151.760	2
151.960	2
152.160	2
152.360	0
152.360	2
152.560	2
152.760	1
152.760	2
152.960	1
152.960	2
153.170	0
153.170	1
153.170	2
153.370	2
153.560	2
153.960	1
153.960	2
154.360	2
154.560	1
154.560	2
154.760	1
154.760	2
154.960	2
155.160	1
155.160	2
155.360	2
155.560	2
155.760	1
155.760	2
155.960	1
155.960	2
156.160	2
156.360	2
156.560	2
156.760	1
156.760	2
156.960	2
157.160	1
157.160	2
157.360	2
157.560	1
157.560	2
157.760	1
157.760	2
157.960	1
157.960	2
158.160	2
158.360	1
158.360	2
158.560	2
158.760	2
158.960	1
158.960	2
159.160	1
159.160	2
159.360	2
159.560	1
159.560	2
159.760	2
159.960	1
159.960	2
160.160	2
160.360	1
160.360	2
160.560	2
160.760	1
160.760	2
160.960	1
160.960	2
161.160	0
161.160	2
161.360	2
161.560	1
161.560	2
161.760	2
161.960	0
161.960	2
162.160	1
162.160	2
162.360	1
162.360	2
162.560	2
162.760	0
162.760	2
162.960	2
163.160	1
163.160	2
163.360	2
163.560	1
163.560	2
163.760	2
163.960	2
164.160	1
164.160	2
164.360	2
164.560	2
164.760	1
164.760	2
164.960	2
165.160	2
165.360	1
165.360	2
165.560	1
165.560	2
165.760	2
166.770	0
166.770	2
167.360	2
167.560	1
167.560	2
167.760	2
167.960	0
167.960	2
168.160	2
168.360	2
168.560	0
168.560	2
168.760	0
168.760	2
168.960	2
169.160	1
169.160	2
169.270	2
169.320	2
169.370	2
169.560	1
169.560	2
169.700	2
169.830	2
169.970	0
170.160	2
170.360	2
170.560	2
170.760	1
170.760	2
170.960	2
171.160	0
171.160	2
171.270	2
171.320	2
171.370	2
171.560	2
171.760	0
171.760	2
171.960	0
171.960	2
172.160	2
172.360	1
172.360	2
172.560	2
172.760	1
172.760	2
172.820	2
172.870	2
172.920	2
172.960	1
173.030	2
173.080	2
173.130	2
173.170	0
173.360	2
173.560	2
173.760	2
173.960	1
173.960	2
174.090	2
174.230	2
174.360	0
174.360	2
174.560	2
174.760	2
174.960	0
174.960	2
175.160	0
175.160	2
175.300	2
175.430	2
175.560	1
175.560	2
175.620	2
175.670	2
175.720	2
175.770	2
175.960	1
175.960	2
176.020	2
176.070	2
176.120	2
176.170	2
176.360	0
176.560	2
176.760	2
176.960	2
177.160	1
177.160	2
177.360	2
177.560	0
177.560	2
177.670	2
177.720	2
177.770	2
177.960	2
178.160	0
178.160	2
178.360	0
178.360	2
178.560	2
178.760	1
178.760	2
178.960	2
179.160	1
179.160	2
179.220	2
179.270	2
179.360	1
179.430	2
179.480	2
179.570	0
179.570	2
179.760	2
179.960	2
180.160	2
180.360	1
180.360	2
180.560	2
180.760	0
180.760	2
180.960	2
181.160	2
181.360	0
181.360	2
181.560	0
181.560	2
181.760	2
181.960	1
181.960	2
182.070	2
182.120	2
182.170	2
182.360	1
182.360	2
182.490	2
182.630	2
182.770	0
182.960	2
183.160	2
183.360	2
183.560	1
183.560	2
183.760	2
183.960	0
183.960	2
184.070	2
184.120	2
184.360	2
184.560	0
184.560	2
184.760	0
184.760	2
184.960	2
185.160	1
185.160	2
185.360	2
185.560	1
185.560	2
185.670	2
185.760	1
185.830	2
185.880	2
185.970	0
185.970	1
186.160	2
186.360	2
186.560	1
186.560	2
186.760	1
186.760	2
186.890	2
187.030	2
187.160	0
187.160	1
187.160	2
187.360	2
187.560	2
187.760	0
187.760	1
187.760	2
187.960	1
188.100	2
188.160	2
188.230	2
188.360	1
188.360	2
188.470	2
188.520	2
188.570	2
188.760	1
188.760	2
188.820	2
188.870	2
188.970	2
189.160	0
189.160	1
189.360	2
189.560	2
189.760	1
189.760	2
189.960	1
189.960	2
190.160	2
190.360	0
190.360	1
190.360	2
190.470	2
190.520	2
190.570	2
190.760	2
190.960	0
190.960	1
190.960	2
191.160	0
191.160	1
191.360	2
191.560	1
191.560	2
191.760	2
191.960	1
191.960	2
192.070	2
192.160	1
192.230	2
192.370	0
192.370	2
192.760	2
192.960	2
193.160	1
193.160	2
193.360	2
193.560	2
193.580	0
193.760	2
193.960	2
194.160	2
194.360	2
194.380	0
194.560	2
194.760	1
194.760	2
194.820	2
194.870	2
194.920	2
194.970	2
195.160	1
195.160	2
195.290	2
195.370	2
195.430	2
195.470	2
195.580	0
195.760	2
195.960	2
196.160	2
196.170	0
196.360	1
196.360	2
196.560	2
196.760	0
196.760	2
196.870	2
196.970	2
197.160	2
197.360	2
197.560	0
197.560	2
197.760	2
197.820	2
197.870	2
197.930	2
198.060	2
198.160	2
198.260	2
198.360	1
198.360	2
198.470	2
198.560	1
198.630	2
198.680	2
198.770	0
198.960	2
199.160	2
199.360	2
199.560	1
199.560	2
199.690	2
199.830	2
199.960	2
200.160	2
200.360	2
200.560	2
200.760	2
200.890	2
201.030	2
201.160	1
201.160	2
201.220	2
201.270	2
201.320	2
201.370	2
201.560	1
201.560	2
201.620	2
201.670	2
201.720	2
201.770	2
201.860	2
201.980	0
202.160	2
202.360	2
202.560	2
202.760	1
202.760	2
202.960	2
203.160	2
203.270	2
203.320	2
203.370	2
203.560	2
203.660	2
203.760	2
203.960	2
204.060	2
204.160	2
204.270	2
204.360	1
204.360	2
204.560	1
204.560	2
204.620	1
204.620	2
204.670	2
204.730	1
204.730	2
204.870	2
204.920	2
204.960	1
205.030	2
205.080	2
205.170	0
205.170	1
205.170	2
205.360	2
205.560	2
205.760	2
205.960	1
205.960	2
206.160	2
206.360	0
206.360	2
206.560	2
206.760	2
206.960	2
207.160	0
207.160	2
207.360	2
207.560	1
207.560	2
207.670	2
207.720	2
207.770	2
207.960	1
207.960	2
208.100	2
208.160	2
208.230	2
208.270	2
208.370	0
208.560	2
208.760	2
208.960	2
208.970	0
209.160	1
209.160	2
209.360	2
209.560	2
209.570	0
209.770	2
209.960	2
210.160	2
210.360	2
210.370	0
210.560	2
210.620	1
210.620	2
210.670	2
210.730	2
210.870	2
210.960	2
211.070	2
211.160	1
211.160	2
211.270	2
211.360	1
211.430	2
211.570	0
211.570	2
211.760	2
211.960	2
212.160	2
212.360	0
212.360	1
212.360	2
212.500	2
212.630	2
212.760	2
212.960	2
213.160	2
213.360	2
213.560	2
213.830	2
213.960	1
213.960	2
214.020	2
214.070	2
214.120	2
214.170	2
214.360	1
214.360	2
214.470	2
214.570	2
214.670	2
214.770	0
214.770	2
214.970	2
215.170	2
215.260	2
215.360	2
215.370	0
215.470	2
215.560	1
215.560	2
215.670	2
215.760	2
215.970	2
216.170	2
216.360	2
216.560	2
216.770	2
216.870	2
216.960	2
217.060	2
217.160	1
217.160	2
217.360	2
217.560	1
217.560	2
217.770	1
217.830	2
217.990	2
222.560	2
224.160	2
225.960	2
227.560	2
228.370	2
229.570	2
