0.480	0
13.720	1
13.720	2
14.690	0
16.520	2
24.000	0
26.950	2
27.540	2
27.730	1
28.320	1
28.530	2
28.720	2
29.850	2
31.880	2
33.270	2
33.860	2
34.050	1
34.640	1
34.840	2
35.040	2
38.780	1
39.370	1
39.590	2
40.170	2
40.360	1
40.950	1
41.160	2
41.350	2
41.940	1
42.530	1
43.340	2
43.520	1
44.110	1
44.320	2
44.510	0
44.710	0
45.890	1
45.890	2
47.860	1
48.250	2
49.050	1
49.050	2
49.830	2
50.630	2
51.410	2
52.200	2
52.990	2
53.780	2
54.570	2
55.170	0
55.360	2
56.150	2
56.940	2
57.730	2
58.520	0
58.520	2
59.310	2
60.090	2
60.890	2
61.670	2
63.450	0
64.040	2
64.840	2
65.620	2
66.410	2
66.810	0
67.200	2
67.990	2
68.780	2
69.570	2
73.600	2
82.610	1
84.570	2
87.730	2
88.520	2
89.300	2
90.100	2
92.070	2
93.260	2
94.040	2
94.830	2
96.410	2
98.780	2
100.360	2
101.150	2
101.940	2
102.730	2
103.520	2
104.310	2
105.020	1
105.890	2
107.470	2
107.870	0
109.840	2
110.620	2
112.200	2
112.990	2
113.780	2
114.180	0
115.360	2
116.940	2
117.730	2
118.520	2
119.310	2
122.470	2
126.410	2
128.780	2
131.860	1
133.140	0
134.310	2
135.890	1
136.280	0
141.020	1
141.810	1
142.600	0
143.390	1
144.190	0
144.190	2
144.580	2
144.970	1
145.770	0
146.540	1
146.540	2
147.340	0
147.740	0
148.120	1
148.930	0
149.700	1
150.500	0
151.280	1
152.080	0
152.860	1
153.650	1
156.020	1
156.020	2
157.210	0
157.600	1
159.180	1
160.760	1
161.550	0
162.330	1
163.910	1
164.700	1
168.650	1
169.840	0
170.230	1
171.810	1
173.000	0
173.390	1
174.180	0
174.970	1
175.760	0
176.160	0
176.540	1
177.340	0
178.120	1
178.910	1
178.910	2
181.280	1
182.860	1
184.440	1
185.630	0
186.020	1
189.180	1
189.960	1
