42.250	0
42.590	0
42.920	0
43.250	0
43.580	0
43.580	1
43.580	2
44.020	0
44.350	0
44.680	0
45.010	0
45.340	0
45.340	1
45.780	0
46.120	0
46.440	0
46.780	0
47.110	0
47.110	1
47.110	2
47.550	0
47.880	0
48.210	0
48.430	0
48.650	0
48.980	0
49.310	0
49.650	0
49.970	0
50.310	0
50.640	0
50.640	1
50.640	2
51.080	0
51.410	0
51.740	0
52.070	0
52.400	0
52.400	1
52.840	0
53.180	0
53.500	0
53.830	0
54.170	0
54.170	1
54.610	0
55.270	0
55.490	0
55.490	1
55.710	0
56.040	0
56.370	0
56.700	0
57.030	0
57.360	0
57.690	0
58.140	0
58.140	2
58.250	2
58.360	2
58.470	0
58.470	2
58.800	0
58.800	2
59.020	0
59.020	2
59.130	0
59.130	2
59.250	2
59.460	0
59.460	1
59.690	2
59.900	0
59.900	2
60.020	2
60.230	0
60.350	2
60.560	0
60.560	2
60.780	0
60.780	2
60.900	2
61.020	2
61.230	2
61.460	2
61.670	0
61.670	2
61.790	2
61.890	2
62.000	0
62.000	2
62.330	0
62.330	2
62.550	0
62.550	2
62.770	2
62.890	2
63.100	0
63.430	0
63.430	2
63.550	2
63.760	0
63.880	2
64.090	0
64.090	2
64.320	0
64.320	2
64.540	2
65.200	0
65.420	2
65.530	0
65.530	2
65.860	0
65.860	2
66.080	0
66.080	2
66.190	2
66.310	2
66.520	0
66.520	1
66.960	0
66.960	2
67.080	2
67.290	0
67.620	0
67.620	2
67.840	0
67.840	2
67.960	2
68.070	2
68.190	2
68.520	2
68.720	0
69.170	2
69.390	2
69.610	0
69.610	1
69.830	2
70.160	0
70.490	0
70.820	0
71.150	0
71.480	0
71.810	0
72.250	0
72.250	2
72.370	2
72.590	0
72.590	2
72.920	2
73.140	0
73.140	2
73.250	2
73.370	2
73.580	0
73.580	1
74.020	0
74.020	2
74.140	2
74.350	0
74.350	2
74.680	0
74.680	2
74.900	0
74.900	2
75.020	2
75.130	2
75.580	2
75.780	0
75.780	2
75.900	2
76.120	0
76.120	2
76.230	2
76.450	0
76.450	2
76.670	0
76.670	2
76.890	2
77.010	2
77.220	0
77.340	2
77.550	0
77.550	2
77.670	2
77.880	0
77.990	2
78.210	0
78.210	2
78.430	0
78.430	2
78.660	2
78.870	0
78.870	1
78.870	2
79.310	0
79.310	2
79.650	2
79.980	0
79.980	2
80.200	2
80.310	2
80.420	2
80.640	0
81.080	0
81.080	2
81.200	2
81.300	2
81.410	0
81.520	2
81.740	0
81.740	2
81.960	0
81.960	2
82.190	2
82.310	2
82.400	1
82.640	2
82.840	0
82.840	2
82.960	2
83.170	0
83.170	2
83.290	2
83.510	2
83.730	0
84.270	0
112.840	0
112.840	2
113.060	2
113.180	0
113.180	2
113.290	2
113.500	0
113.510	2
113.730	0
113.730	2
113.960	2
114.170	0
114.170	2
114.400	2
114.520	2
114.610	0
114.610	2
114.720	2
114.830	2
114.940	0
114.940	2
115.050	2
115.270	0
115.270	2
115.490	0
115.490	2
115.720	2
115.930	0
115.930	1
115.930	2
116.370	0
116.370	2
116.490	2
116.590	2
116.710	0
116.820	2
117.030	0
117.030	2
117.250	0
117.250	2
117.490	2
117.700	0
117.700	2
117.930	2
118.130	0
118.360	2
118.470	0
118.470	2
118.580	2
118.800	0
118.800	2
119.020	0
119.020	2
119.240	0
119.240	2
119.570	0
119.900	0
119.900	2
120.020	2
120.120	2
120.230	0
120.560	0
120.560	2
120.790	0
120.790	2
121.010	2
121.220	0
121.230	2
121.670	0
121.890	2
122.000	0
122.000	2
122.110	2
122.330	0
122.330	2
122.550	0
122.550	2
122.770	2
122.990	0
122.990	2
123.430	0
123.430	2
123.550	2
123.760	0
123.880	2
124.090	0
124.090	2
124.310	0
124.310	2
124.540	2
124.660	2
124.760	2
124.990	2
125.190	0
125.190	2
125.640	2
125.860	0
125.860	2
126.080	0
126.080	1
126.080	2
126.300	2
126.530	2
126.630	0
126.960	0
126.960	2
127.300	0
127.410	2
127.620	0
127.620	2
127.850	0
127.850	2
128.070	2
128.280	0
128.520	2
128.720	0
128.840	2
129.060	0
129.170	1
129.170	2
129.390	0
129.390	2
129.610	0
129.610	2
129.840	2
130.050	0
130.050	1
130.050	2
130.490	0
130.490	2
130.710	2
130.820	0
130.940	2
131.150	0
131.150	2
131.370	0
131.370	2
131.600	2
132.050	2
132.250	0
132.250	2
132.480	2
132.590	0
132.700	2
132.920	0
132.920	2
133.140	0
133.140	2
133.360	0
133.360	2
133.690	0
134.020	0
134.020	2
134.140	2
134.240	2
134.350	0
134.350	2
134.460	2
134.680	0
134.680	2
134.900	0
134.900	2
135.130	2
135.340	0
135.340	2
135.780	0
135.780	2
136.120	0
136.120	2
136.230	2
136.450	0
136.450	2
136.670	0
136.670	2
136.890	2
137.110	0
137.110	2
137.550	2
138.000	2
138.220	2
138.440	2
138.570	2
138.670	2
138.890	2
139.110	2
141.080	0
141.300	2
141.410	0
141.410	1
141.520	2
141.740	0
141.740	2
141.960	0
141.960	2
142.190	2
142.400	0
142.400	1
142.400	2
142.640	2
142.840	0
142.840	2
142.960	2
143.170	0
143.290	2
143.510	0
143.510	2
143.730	0
143.730	2
143.950	2
144.160	0
144.160	1
144.400	2
144.610	0
144.610	2
144.830	2
144.940	0
145.050	2
145.270	0
145.270	1
145.490	2
145.720	2
145.930	0
145.930	1
146.170	2
146.370	0
146.370	2
146.700	0
146.820	2
147.030	0
147.030	1
147.250	0
147.480	2
147.690	1
147.800	0
148.140	0
148.260	2
148.360	2
148.470	0
148.580	2
148.800	0
148.800	2
149.020	0
149.020	2
149.250	2
149.460	0
149.460	1
149.460	2
149.900	0
149.900	2
150.230	0
150.350	2
150.570	0
150.570	2
150.780	0
150.780	2
151.010	2
151.230	0
151.230	2
151.670	0
151.890	2
152.000	0
152.110	2
152.330	0
152.330	2
152.550	0
152.550	2
152.780	2
152.990	0
152.990	2
153.220	2
153.430	0
153.430	2
153.880	2
154.310	0
154.310	1
154.860	0
155.190	0
155.190	2
155.530	0
155.640	2
155.860	0
155.860	2
156.080	0
156.080	2
156.310	2
156.520	0
156.520	1
156.960	0
156.960	2
157.180	2
157.410	2
157.620	0
157.620	2
157.840	0
157.840	2
158.070	2
158.280	0
158.280	1
158.720	0
158.720	2
158.950	2
159.060	0
159.170	2
159.380	0
159.610	2
159.840	2
160.050	1
160.490	0
160.490	2
160.710	2
160.820	0
160.940	2
161.150	0
161.150	1
161.370	0
161.370	2
161.600	2
161.810	1
161.920	0
162.250	0
162.250	2
162.590	0
162.700	2
162.920	0
162.920	2
163.140	0
163.140	2
163.370	2
163.580	0
163.580	1
163.580	2
164.020	0
164.020	2
164.140	2
164.350	0
164.680	0
164.680	2
164.900	0
164.900	2
165.130	2
165.340	0
165.780	0
165.780	2
166.120	0
166.230	2
166.450	0
166.450	2
166.670	0
166.670	2
166.900	2
167.110	2
167.550	0
167.550	2
167.880	2
167.990	2
168.210	2
168.430	0
168.430	2
168.660	2
168.980	0
168.980	2
169.310	0
169.640	0
169.920	0
170.630	1
171.080	0
171.740	0
171.960	0
172.400	1
172.450	0
172.840	0
173.170	0
173.500	0
173.500	1
174.610	0
174.940	0
175.270	0
175.270	1
175.490	0
175.930	1
176.370	0
176.700	1
176.750	0
177.030	0
177.690	0
177.690	1
178.130	0
178.520	0
178.800	0
179.020	0
179.460	1
179.510	0
179.900	0
180.290	0
180.560	1
180.780	0
181.660	0
182.330	0
182.330	1
182.550	0
182.990	0
182.990	1
183.430	0
183.760	0
183.760	1
184.750	1
185.200	0
186.080	0
186.570	0
186.960	0
187.290	0
187.620	0
187.620	1
188.720	0
189.050	0
189.390	1
189.600	0
190.880	0
191.150	0
191.530	0
191.810	0
192.250	0
192.640	0
192.910	0
193.300	0
193.630	0
194.070	0
194.400	0
194.730	0
196.210	2
196.650	2
197.540	0
197.670	2
197.770	2
197.880	0
197.880	1
197.990	2
198.210	0
198.210	2
198.420	2
198.660	2
198.780	2
198.870	0
198.870	1
199.110	2
199.310	0
199.310	2
199.430	2
199.640	0
199.760	2
199.980	0
199.980	2
200.200	0
200.200	2
200.310	0
200.310	2
200.430	2
200.630	0
200.630	1
201.080	0
201.080	2
201.300	2
201.410	0
201.520	2
201.740	0
201.740	1
201.960	2
202.190	2
202.400	0
202.400	1
202.640	2
202.840	0
202.840	2
202.960	2
203.180	0
203.290	2
203.500	0
203.500	1
203.730	0
203.730	2
203.950	2
204.160	1
204.270	0
204.610	0
204.610	2
204.730	2
204.830	2
204.940	0
204.940	1
205.050	2
205.270	0
205.270	2
205.480	2
205.720	2
205.930	0
205.930	1
205.930	2
206.370	0
206.370	2
207.030	0
207.040	2
207.250	0
207.250	2
207.480	2
207.690	0
207.690	1
207.920	2
208.130	0
208.360	2
208.470	0
208.580	2
208.800	0
208.800	1
209.020	0
209.020	2
209.250	2
209.460	0
209.460	1
209.700	2
209.900	0
209.900	2
210.350	2
210.560	0
210.560	1
210.780	0
211.010	2
211.220	1
211.330	0
211.660	0
211.890	2
212.000	0
212.000	1
212.110	2
212.330	0
212.330	2
212.550	0
212.780	2
212.990	0
212.990	1
213.230	2
213.430	0
213.430	2
213.550	2
213.760	0
213.880	2
214.090	0
214.090	2
214.210	2
214.310	0
214.430	2
214.540	2
214.750	0
214.750	1
214.980	2
215.200	0
215.420	2
215.530	0
215.640	2
215.860	0
215.860	1
216.310	2
216.520	0
216.520	1
216.960	0
216.960	2
217.180	2
217.290	0
217.410	2
217.620	0
217.620	1
217.840	0
217.840	2
218.070	2
218.280	1
218.390	0
218.510	2
218.720	0
218.720	2
218.950	2
219.050	0
219.050	1
219.170	2
219.390	0
219.390	2
219.840	2
220.050	1
220.270	2
220.490	0
220.490	2
220.610	2
220.820	0
220.930	2
221.150	0
221.150	2
221.370	0
221.370	2
221.600	2
221.710	2
221.810	0
221.810	1
222.250	0
222.250	2
222.480	2
222.590	0
222.700	2
222.920	0
223.130	0
223.370	2
223.580	1
224.020	0
224.020	2
224.350	2
224.470	2
224.680	0
224.680	1
224.900	0
225.340	1
225.450	0
225.780	2
226.230	2
226.900	2
227.120	2
227.550	2
228.000	2
228.440	2
