0.250	0
0.720	0
1.200	0
1.680	0
1.910	0
2.150	0
2.630	0
3.100	0
3.580	0
4.060	0
4.530	0
5.010	0
5.480	0
5.960	0
6.440	0
6.910	0
7.390	0
7.860	0
8.340	0
8.820	0
9.290	0
9.530	2
9.770	0
10.250	0
10.720	0
11.200	0
11.440	2
11.670	0
12.150	0
12.630	0
13.100	0
13.340	0
13.340	2
14.890	1
15.010	1
15.480	0
15.960	0
16.430	0
16.910	0
17.390	0
17.870	0
18.340	0
18.820	0
19.290	0
19.770	0
20.240	0
20.610	1
20.720	0
21.200	0
21.680	0
22.150	0
22.510	1
22.620	0
23.100	0
23.580	0
24.050	0
24.430	1
24.530	0
25.010	0
25.480	0
25.960	0
26.440	0
26.910	0
27.390	0
27.860	0
28.220	1
28.340	0
30.720	0
30.720	2
31.200	0
31.200	1
31.200	2
31.680	0
31.910	2
32.020	1
32.150	0
32.150	1
32.150	2
32.390	2
32.630	0
32.630	2
32.860	1
32.860	2
33.100	0
33.100	2
33.340	2
33.580	0
33.580	2
33.810	2
33.930	1
34.050	0
34.290	0
34.290	1
34.290	2
34.530	0
34.530	2
34.770	1
34.770	2
35.010	0
35.010	2
35.140	2
35.480	0
35.480	2
35.720	2
35.830	1
35.960	0
35.960	1
35.960	2
36.190	1
36.200	2
36.440	0
36.440	2
36.670	1
36.670	2
36.910	0
37.390	0
37.390	2
37.620	2
37.740	1
37.860	0
38.100	1
38.100	2
38.340	0
38.340	2
38.580	2
38.820	0
38.820	2
39.050	2
39.180	2
39.290	0
39.290	2
39.530	2
39.650	1
39.770	0
39.770	1
39.770	2
40.000	2
40.010	1
40.250	0
40.250	2
40.480	2
40.720	0
40.720	2
41.090	2
41.200	0
41.200	2
41.430	2
41.560	1
41.670	0
41.910	1
41.910	2
42.150	0
42.150	2
42.390	1
42.390	2
42.630	0
42.630	2
43.100	0
43.100	2
43.340	2
43.450	1
43.580	0
43.580	1
43.580	2
43.810	1
43.810	2
44.060	0
44.060	2
44.290	2
44.530	0
44.530	2
44.660	2
44.770	2
45.010	0
45.010	2
45.240	2
45.360	1
45.480	0
45.480	2
45.720	2
45.960	0
45.960	2
46.440	0
46.440	2
46.910	0
46.910	2
47.390	0
47.390	2
47.620	2
47.870	0
47.870	2
48.340	0
48.340	2
48.820	0
48.820	2
49.290	0
49.290	2
49.530	2
49.770	0
49.770	2
50.250	0
50.250	2
50.720	0
50.720	2
51.080	1
51.200	0
51.200	2
51.430	2
51.680	0
51.680	2
52.150	0
52.150	2
52.630	0
52.630	2
52.980	1
53.100	0
53.340	1
53.340	2
53.580	2
54.530	2
54.890	1
55.010	1
55.250	2
55.480	2
55.960	2
56.790	1
56.820	1
56.910	1
57.150	2
58.820	1
61.200	0
61.200	2
61.430	1
61.430	2
61.670	0
61.670	1
61.670	2
61.910	2
62.150	0
62.150	2
62.390	2
62.500	1
62.620	0
62.620	1
62.620	2
62.750	2
62.860	0
62.860	1
62.860	2
63.100	0
63.100	2
63.340	2
63.580	0
63.580	1
63.700	2
63.810	2
64.060	0
64.060	2
64.290	2
64.530	0
64.530	1
64.530	2
64.650	2
64.770	2
65.010	0
65.010	2
65.240	2
65.480	0
65.480	1
65.480	2
65.610	2
65.720	2
65.960	0
65.960	2
66.200	2
66.310	1
66.430	0
66.430	1
66.430	2
66.560	2
66.670	1
66.670	2
66.910	0
66.910	2
67.150	2
67.390	0
67.390	1
67.510	2
67.620	2
67.750	2
67.870	0
67.870	2
68.100	2
68.220	1
68.280	2
68.340	0
68.340	1
68.340	2
68.460	2
68.580	0
68.580	1
68.580	2
68.820	0
68.820	2
69.050	2
69.290	0
69.290	1
69.290	2
69.420	2
69.530	2
69.770	0
69.770	2
70.000	2
70.120	1
70.240	0
70.240	1
70.240	2
70.370	2
70.480	0
70.480	1
70.480	2
70.720	0
70.720	2
70.960	2
71.200	0
71.200	1
71.320	2
71.430	2
71.670	2
71.680	0
71.910	2
72.150	0
72.150	1
72.150	2
72.270	2
72.390	2
72.630	0
72.630	2
72.860	2
73.100	0
73.100	1
73.100	2
73.230	2
73.340	2
73.580	0
73.580	2
73.810	2
73.930	1
74.050	0
74.050	1
74.050	2
74.180	2
74.290	1
74.290	2
74.530	0
74.530	2
74.770	1
74.770	2
75.010	0
75.010	1
75.130	2
75.240	2
75.370	2
75.480	2
75.490	0
75.600	1
75.600	2
75.720	2
75.840	1
75.950	1
76.080	2
76.200	2
76.440	0
76.440	2
76.670	2
76.910	0
76.910	1
76.910	2
77.030	2
77.150	2
77.390	0
77.390	2
77.620	2
77.740	1
77.860	0
77.860	1
77.860	2
77.990	2
78.100	0
78.100	2
78.340	0
78.340	2
78.580	2
78.810	1
78.810	2
78.820	0
78.940	2
79.050	2
79.290	0
79.290	2
79.530	2
79.770	0
79.770	1
79.770	2
79.890	2
80.000	2
80.240	2
80.250	0
80.480	2
80.720	0
80.720	1
80.720	2
80.840	2
80.950	2
81.200	0
81.200	2
81.430	2
81.550	1
81.670	0
81.670	1
81.670	2
81.910	2
82.150	0
82.150	2
82.390	2
82.620	0
82.620	1
82.620	2
82.750	2
82.860	2
82.990	2
83.100	0
83.100	2
83.340	2
83.460	1
83.520	2
83.580	0
83.580	1
83.700	2
83.810	2
84.060	0
84.060	2
84.290	2
84.530	0
84.530	1
84.530	2
84.660	2
84.770	2
84.900	2
85.010	0
85.010	2
85.240	2
85.480	0
85.480	1
85.480	2
85.720	0
85.720	2
85.960	0
85.960	2
86.200	2
86.430	1
86.430	2
86.440	0
86.560	2
86.670	2
86.800	2
86.910	0
86.910	2
87.150	2
87.390	0
87.390	1
87.390	2
87.510	2
87.620	0
87.620	2
87.860	0
87.860	2
88.100	2
88.340	0
88.340	1
88.340	2
88.460	2
88.580	2
88.820	0
88.820	2
89.050	2
89.170	1
89.290	0
89.290	1
89.290	2
89.530	0
89.530	2
89.770	2
90.250	2
90.720	2
91.200	2
91.430	2
91.670	0
91.670	2
91.910	2
92.150	0
92.280	2
92.390	2
92.520	2
92.620	2
92.630	0
92.860	2
92.980	0
93.340	2
93.580	0
93.580	2
93.810	2
94.050	0
94.180	2
94.290	2
94.420	2
94.530	0
94.530	2
94.770	2
94.890	0
95.240	0
95.240	2
95.480	0
95.480	2
95.720	2
95.960	0
96.090	2
96.200	2
96.330	2
96.430	2
96.440	0
96.670	2
96.910	0
97.150	2
97.390	0
97.390	2
97.620	2
97.860	0
97.990	2
98.100	2
98.230	2
98.340	0
98.340	2
98.580	2
98.810	1
99.060	2
99.180	2
99.290	0
99.290	2
99.530	2
99.770	0
99.770	1
99.890	2
100.000	2
100.240	0
100.240	2
100.480	2
100.720	0
100.720	1
100.720	2
100.960	2
101.200	0
101.200	2
101.430	2
101.670	0
101.670	1
101.670	2
101.800	2
101.910	2
102.040	2
102.150	0
102.150	2
102.390	2
102.620	1
102.750	2
102.860	2
103.100	0
103.100	2
103.340	2
103.580	0
103.580	1
103.700	2
103.810	2
104.050	2
104.060	0
104.290	2
104.530	0
104.530	1
104.650	2
104.770	2
105.010	0
105.240	2
105.480	0
105.480	1
105.480	2
105.610	2
105.720	2
105.850	2
105.960	0
105.960	2
106.190	2
106.320	0
106.430	0
106.430	1
106.430	2
106.560	2
106.670	2
106.680	0
106.910	0
106.910	2
107.150	2
107.390	0
107.390	1
107.510	2
107.620	2
107.750	2
107.860	0
107.860	2
108.100	2
108.220	0
108.330	1
108.460	2
108.580	2
108.710	2
108.820	0
108.820	2
109.050	2
109.290	0
109.290	1
109.290	2
109.420	2
109.530	2
109.660	2
109.770	0
109.770	2
110.000	2
110.130	0
110.240	1
110.240	2
110.370	0
110.370	2
110.480	0
110.480	2
110.610	2
110.720	0
110.720	2
110.960	2
111.190	0
111.190	1
111.320	2
111.430	2
111.570	2
111.670	0
111.670	2
111.910	2
112.150	0
112.150	1
112.150	2
112.270	2
112.380	2
112.520	2
112.620	0
112.860	2
113.100	0
113.230	2
113.340	2
113.470	2
113.580	0
113.580	2
113.810	2
114.060	0
114.290	0
114.290	2
114.530	0
114.530	2
114.770	2
115.010	0
115.140	2
115.240	2
115.380	2
115.480	0
115.480	2
115.720	2
115.960	0
116.200	0
116.200	2
116.330	2
116.430	0
116.430	2
116.670	2
116.910	0
117.040	2
117.150	2
117.280	2
117.390	0
117.390	2
117.620	2
117.870	0
118.100	0
118.100	2
118.230	2
118.340	0
118.340	2
118.580	2
118.820	0
118.950	2
119.290	0
119.290	2
119.530	2
119.770	0
120.130	2
120.250	0
120.720	0
121.190	0
134.900	1
137.390	0
137.770	1
137.870	0
138.340	0
138.710	1
138.820	0
139.290	0
139.770	0
140.250	0
140.610	1
140.720	0
141.200	0
141.580	1
141.670	0
142.150	0
143.100	0
143.580	0
144.050	0
144.410	1
144.530	0
145.010	0
145.390	1
145.480	0
145.960	0
146.330	1
146.440	0
146.910	0
147.390	0
147.860	0
148.230	1
148.820	0
149.290	0
149.770	0
150.720	0
151.200	0
151.670	0
152.150	0
152.630	0
153.100	0
153.580	0
153.950	1
154.060	0
154.530	0
155.010	0
155.480	0
155.850	1
155.960	0
156.440	0
156.910	0
157.390	0
157.870	0
158.340	0
158.820	0
159.290	0
159.650	1
159.770	0
160.250	0
160.720	0
161.200	0
161.570	1
161.680	0
162.150	0
162.630	0
163.100	0
163.470	1
163.580	0
165.000	0
165.960	0
166.440	0
166.910	0
167.270	0
167.630	0
167.870	0
168.340	0
168.820	0
169.290	0
169.770	0
170.250	0
170.720	0
171.200	0
171.680	0
172.150	0
172.630	0
172.980	1
173.100	0
173.580	0
174.060	0
174.530	0
175.010	0
175.490	0
175.960	0
176.440	0
176.790	1
176.910	0
177.390	0
177.870	0
178.340	0
178.820	0
179.300	0
179.770	0
180.250	0
180.600	1
180.720	0
180.720	2
181.200	0
181.670	0
182.150	0
182.510	1
182.630	0
182.870	0
186.320	1
186.440	1
188.230	1
188.340	1
190.130	1
190.250	1
193.940	1
195.840	1
195.960	1
196.080	0
197.750	1
197.870	1
198.720	1
204.430	1
206.340	1
