0.520	0
0.910	0
1.300	1
1.550	1
2.020	0
2.310	1
3.060	1
3.520	0
3.560	0
3.810	0
4.320	1
4.570	1
5.070	0
5.320	0
5.580	1
5.820	1
5.820	2
6.080	1
6.520	0
7.300	1
8.020	0
8.680	1
8.800	1
9.520	0
10.300	1
11.020	0
11.580	1
11.670	1
11.800	1
12.050	1
12.300	1
12.520	0
13.170	1
13.300	1
14.020	0
14.800	1
16.320	1
16.570	1
18.520	0
19.300	1
21.060	1
21.310	1
22.580	1
23.580	1
23.770	1
24.050	1
24.050	2
24.330	1
24.330	2
24.520	0
24.520	2
25.080	0
25.280	2
25.290	1
25.550	0
25.550	1
26.020	0
26.580	0
26.580	2
26.800	1
26.800	2
27.050	0
27.050	1
27.520	0
28.080	0
28.080	2
28.310	1
28.550	0
28.550	1
29.020	0
29.580	0
29.580	2
30.050	0
30.050	1
30.330	1
30.520	0
30.520	2
31.080	0
31.290	2
31.550	0
31.550	1
32.020	0
32.580	0
33.050	0
33.050	1
33.520	0
34.080	0
34.290	2
34.550	0
34.550	1
35.020	0
35.580	0
35.580	1
35.580	2
35.770	1
36.050	0
36.050	1
36.050	2
36.520	0
36.520	2
37.080	0
37.300	1
37.300	2
37.550	0
37.550	1
37.810	1
38.020	0
38.580	0
38.580	1
38.580	2
38.810	1
38.810	2
39.050	0
39.050	1
39.520	0
40.080	0
40.080	2
40.550	0
40.550	1
41.020	0
41.580	0
41.580	2
42.050	0
42.050	1
42.340	1
42.520	0
42.520	2
43.080	0
43.560	0
44.020	0
44.580	0
45.050	0
45.520	0
46.080	0
46.560	0
47.020	0
47.580	0
47.580	1
47.580	2
47.770	1
48.050	0
48.050	1
48.050	2
48.520	0
48.520	2
48.890	2
49.080	0
49.080	2
49.270	2
49.550	0
49.550	2
49.830	2
50.020	0
50.020	2
50.390	2
50.580	0
50.580	2
50.770	2
50.960	1
51.050	0
51.050	2
51.330	2
51.520	0
51.520	2
51.890	2
52.080	0
52.080	2
52.270	2
52.550	0
52.550	2
53.020	0
53.020	2
53.390	2
53.580	0
53.770	2
54.050	0
54.050	2
54.520	0
54.520	2
54.900	2
55.090	0
55.290	2
55.550	0
55.550	2
55.850	1
55.850	2
56.020	0
56.020	2
56.400	2
56.580	0
56.930	1
57.050	0
57.050	2
57.340	2
57.520	0
57.520	2
57.900	2
58.090	0
58.090	2
58.280	1
58.280	2
58.550	0
58.550	2
58.840	2
59.020	0
59.020	2
59.580	0
59.580	2
59.770	2
60.050	0
60.050	2
60.340	2
60.520	0
62.020	0
62.810	1
63.520	0
64.570	1
65.020	0
65.770	0
66.050	0
66.330	0
66.520	0
68.020	0
68.800	1
69.520	0
70.300	1
71.020	0
71.770	0
72.050	0
72.340	0
72.520	0
72.520	2
73.160	1
73.290	1
73.790	1
74.160	0
74.400	0
75.810	1
76.150	0
77.720	1
77.810	0
78.190	0
78.830	1
79.870	1
79.950	0
80.340	1
81.600	1
81.850	1
82.470	0
82.860	1
83.360	1
83.740	1
85.370	0
85.880	1
86.510	1
95.000	0
95.440	0
95.890	0
96.220	0
96.560	0
96.780	0
97.230	0
97.670	0
97.920	2
98.010	0
98.220	2
98.340	0
98.570	0
99.010	0
99.110	2
99.460	0
99.790	0
100.130	0
100.350	0
100.800	0
101.250	0
101.580	0
101.920	0
102.140	0
102.590	0
103.040	0
103.370	0
103.700	0
103.930	0
104.370	0
104.820	0
105.160	0
105.480	0
105.700	0
106.160	0
106.610	0
106.950	0
107.280	0
107.500	0
107.950	0
108.390	0
108.730	0
109.060	0
109.280	0
109.300	2
109.730	0
109.730	2
110.180	0
110.190	2
110.510	0
110.530	2
110.850	0
110.860	2
111.070	0
111.090	2
111.520	0
111.520	2
111.960	0
111.980	2
112.300	0
112.320	2
112.630	0
112.650	2
112.860	0
112.870	2
113.080	1
113.310	0
113.310	2
113.750	0
113.750	2
114.090	0
114.090	2
114.420	0
114.440	2
114.650	0
114.660	2
115.090	0
115.090	2
115.540	0
115.540	2
115.870	0
115.890	2
116.210	0
116.220	2
116.430	0
116.880	2
117.560	1
117.750	1
118.030	1
118.220	0
118.670	1
118.850	1
119.030	1
119.210	1
119.410	1
119.620	1
120.010	0
120.450	2
121.050	1
121.350	1
121.670	1
121.790	0
123.580	0
124.030	2
124.340	1
124.590	1
124.840	1
125.220	1
125.370	0
126.100	1
126.350	1
126.610	1
126.860	1
127.150	0
127.590	2
127.860	1
128.120	1
128.620	1
128.940	0
129.380	1
129.380	2
129.880	1
130.260	1
130.730	0
131.170	2
131.640	1
131.770	1
132.020	1
132.400	1
132.510	0
132.620	0
133.280	1
133.530	1
133.780	1
134.300	0
134.740	1
134.740	2
135.040	1
135.550	1
135.920	1
136.080	0
136.520	1
137.060	1
137.870	0
137.870	2
138.100	2
138.320	0
138.760	0
138.780	2
138.990	1
139.100	0
139.100	2
139.440	0
139.440	2
139.670	2
139.880	1
140.100	0
140.120	2
140.330	1
140.550	0
140.550	2
140.780	1
140.890	0
140.900	2
141.220	0
141.220	1
141.220	2
141.440	0
141.670	1
141.670	2
141.890	0
141.890	2
142.120	1
142.340	0
142.340	2
142.560	1
142.670	0
142.670	2
143.010	0
143.010	1
143.010	2
143.230	0
143.230	2
143.460	2
143.680	0
143.680	2
143.900	1
144.120	0
144.130	2
144.350	1
144.460	0
144.460	2
144.800	0
144.800	1
144.800	2
145.020	0
145.460	0
145.910	0
146.250	0
146.580	0
146.800	0
147.250	0
147.700	0
148.030	0
148.370	0
148.590	0
149.040	0
149.480	0
149.820	0
150.150	0
150.380	0
150.820	0
151.270	0
151.600	0
151.940	0
152.160	0
152.160	2
152.390	2
152.610	0
152.610	2
153.050	0
153.390	0
153.390	2
153.720	0
153.740	2
153.950	0
153.960	2
154.170	2
154.400	0
154.400	2
154.840	0
155.180	0
155.190	2
155.510	0
155.510	2
155.730	0
155.750	2
155.960	2
156.180	0
156.180	2
156.630	0
156.960	0
156.980	2
157.300	0
157.300	2
157.520	0
157.520	2
157.970	0
157.970	2
158.410	0
158.750	0
158.750	2
159.080	0
159.100	2
159.310	0
159.540	2
159.760	0
159.980	1
160.200	0
160.430	1
160.540	0
160.870	0
160.870	1
160.870	2
161.100	0
161.540	0
161.770	1
161.770	2
161.990	0
162.320	0
162.660	0
162.660	1
162.660	2
162.880	0
163.330	0
163.780	0
163.780	2
164.000	1
164.110	0
164.450	0
164.450	1
164.450	2
164.670	0
165.110	0
165.110	2
165.340	1
165.560	0
165.560	2
165.790	1
165.900	0
165.900	1
165.900	2
166.230	0
166.230	1
166.230	2
166.460	0
166.460	2
166.900	0
166.900	2
167.180	1
167.180	2
167.350	0
167.350	2
167.680	0
167.680	2
168.020	0
168.020	2
168.240	0
168.240	2
168.690	0
168.690	2
168.970	1
169.130	0
169.130	2
169.470	0
169.470	2
169.800	0
169.800	2
170.030	0
170.030	2
170.470	0
170.470	2
170.750	1
170.920	0
170.920	2
171.260	0
171.260	2
171.590	0
171.590	2
171.820	0
171.820	2
172.160	1
172.260	0
172.260	2
172.540	1
172.540	2
172.710	0
172.710	2
173.040	0
173.040	2
173.380	0
173.380	2
173.600	0
173.600	2
174.050	0
174.050	2
174.490	0
174.490	2
174.830	0
174.830	2
175.160	0
175.160	2
175.390	0
175.830	0
175.830	2
176.280	0
176.280	2
176.620	0
176.620	2
176.950	0
176.950	2
177.180	0
177.620	0
177.620	2
178.070	0
178.070	2
178.400	0
178.400	2
178.740	0
178.740	2
178.960	0
179.410	0
179.410	2
179.850	0
179.850	2
180.190	0
180.190	2
180.520	0
180.520	2
180.750	0
180.750	2
181.190	0
181.190	2
181.640	0
181.640	2
181.980	0
181.980	2
182.310	0
182.310	2
182.540	0
182.540	2
182.980	0
182.980	2
183.430	0
183.430	2
183.760	0
183.760	2
184.100	0
184.100	2
184.320	0
184.320	2
184.770	0
184.770	2
185.210	0
185.210	2
185.550	0
185.550	2
185.880	0
185.880	2
186.110	0
186.110	2
186.550	0
186.550	2
187.000	0
187.000	2
187.340	0
187.340	2
187.670	0
187.670	2
187.890	0
187.890	2
188.340	0
188.340	2
188.790	0
188.790	2
189.120	0
189.120	2
189.460	0
189.460	2
189.680	0
190.130	0
190.130	2
190.570	0
190.570	2
190.910	0
190.910	2
191.240	0
191.240	2
191.470	0
191.910	0
191.910	2
192.360	0
192.360	2
192.690	0
192.690	2
193.030	0
193.030	2
193.250	0
193.700	0
193.700	2
194.150	0
194.150	2
194.480	0
194.480	2
194.820	0
194.820	2
