7.170	1
8.000	0
8.000	2
8.640	0
8.640	2
9.270	0
9.700	2
10.330	0
10.330	2
11.810	2
13.930	1
14.760	0
14.770	2
15.400	0
15.400	2
16.030	0
16.460	2
17.090	0
17.090	2
18.570	1
18.570	2
19.200	2
20.680	0
20.680	2
20.830	2
21.100	2
21.320	2
21.520	1
21.940	0
22.140	2
22.350	0
22.580	1
22.580	2
22.690	2
22.790	1
23.210	1
23.630	2
23.720	2
23.840	2
24.060	0
24.060	2
24.270	2
24.480	2
24.700	1
24.700	2
24.900	0
25.520	2
25.730	0
25.960	2
26.070	2
26.390	1
26.600	1
26.800	2
26.960	1
27.020	2
27.090	2
27.230	2
27.310	2
27.440	0
27.440	2
27.560	2
27.860	0
28.280	0
28.900	2
29.110	0
29.340	2
29.550	0
30.330	2
30.390	0
30.470	2
30.540	2
30.820	0
31.030	2
31.240	0
31.240	2
31.660	0
32.280	2
32.490	0
32.720	2
33.350	0
34.310	2
37.580	0
37.580	2
38.000	0
38.000	2
38.530	0
38.850	0
39.040	2
39.270	0
39.480	2
40.320	2
40.540	2
40.750	2
40.960	0
40.960	2
41.170	2
41.380	0
41.810	0
41.810	2
42.420	2
42.650	0
42.650	2
42.860	2
44.000	2
44.130	2
44.210	2
44.340	0
44.340	2
45.190	2
45.610	0
45.810	2
46.020	0
46.240	2
47.080	2
47.300	2
47.510	2
47.720	0
47.720	2
47.930	2
48.140	0
48.570	0
48.570	2
49.180	2
49.410	0
49.620	2
49.830	0
50.680	0
50.760	2
51.040	2
51.100	0
51.100	1
51.530	1
51.740	0
51.740	1
51.940	1
52.370	0
52.370	1
52.790	0
53.000	0
53.210	0
53.210	1
53.420	0
53.640	1
54.060	1
54.280	2
54.480	0
54.480	1
55.110	0
55.320	0
55.320	2
56.170	0
56.170	2
56.380	0
56.590	1
57.230	2
57.860	0
57.860	1
58.080	1
58.080	2
58.290	1
58.500	1
58.710	2
59.130	0
59.130	1
59.330	2
59.540	0
59.760	0
59.760	2
59.980	1
60.190	1
60.400	1
60.600	2
60.820	1
60.820	2
61.030	2
61.240	0
61.240	1
61.240	2
61.660	0
61.660	2
62.080	0
62.080	2
62.700	2
62.930	0
63.140	2
63.350	0
64.200	0
64.280	2
64.350	2
64.620	0
64.620	2
65.470	0
65.470	2
65.890	0
66.090	2
66.310	0
66.310	2
66.520	2
67.360	2
67.580	2
67.790	2
68.000	0
68.000	2
68.850	0
68.850	2
69.470	2
69.690	0
69.900	2
70.110	0
70.960	0
71.040	2
71.250	2
71.380	0
71.380	1
71.600	1
71.600	2
71.810	1
72.020	0
72.020	1
72.020	2
72.230	1
72.650	0
72.650	1
72.850	2
73.070	0
73.280	2
73.500	1
73.710	1
73.710	2
73.920	1
74.340	2
74.550	2
74.760	0
74.760	1
74.760	2
74.970	2
75.180	0
75.180	2
75.600	0
75.600	2
76.230	2
76.460	0
76.660	2
76.880	0
77.720	0
77.800	2
77.870	2
78.080	2
78.140	0
78.140	2
78.360	1
78.360	2
78.570	1
78.780	2
78.990	1
79.410	0
79.610	2
79.820	0
80.040	2
80.470	2
81.100	2
81.310	2
81.520	0
81.520	2
82.360	0
82.360	2
82.990	2
83.190	0
83.220	0
83.420	2
83.640	1
83.640	2
83.850	1
84.040	2
84.560	2
84.690	2
84.770	2
84.900	0
84.900	2
85.330	0
85.330	2
85.540	2
85.750	0
85.750	1
86.170	0
86.370	2
86.590	0
86.800	2
87.020	1
87.640	2
87.860	0
87.860	2
88.070	2
88.280	0
88.280	2
88.710	0
89.130	0
89.130	2
89.750	2
89.980	0
90.180	2
90.800	2
90.820	0
91.250	0
92.510	0
92.510	2
93.150	0
93.150	2
93.780	0
94.200	2
94.840	0
94.840	2
96.950	1
98.420	0
99.270	1
99.690	0
100.120	0
100.540	0
100.750	1
100.960	1
101.800	0
101.800	1
102.650	0
103.490	0
104.340	1
105.180	0
105.180	2
106.030	0
106.650	2
106.880	0
107.090	2
107.300	0
107.510	1
107.720	0
107.720	2
108.370	2
108.560	1
108.990	0
109.200	1
109.410	0
109.830	0
110.680	1
111.100	0
111.520	0
112.790	2
113.430	2
113.630	0
113.630	2
114.060	0
114.480	2
114.490	0
115.120	2
116.170	0
116.170	2
117.440	0
117.440	2
118.710	0
118.710	2
119.130	0
119.130	2
119.340	0
119.550	1
119.970	0
120.170	0
120.170	2
120.400	0
120.610	2
120.820	1
121.030	0
121.450	1
121.870	2
122.080	2
122.090	0
122.510	0
122.510	2
122.930	0
122.930	2
123.140	0
123.140	1
123.550	2
123.770	0
123.770	2
123.990	1
123.990	2
124.200	0
124.200	2
124.410	0
124.410	2
124.830	1
125.120	2
125.330	2
125.470	0
125.470	2
125.680	1
125.680	2
125.890	1
126.100	0
126.100	2
126.310	0
126.310	2
126.740	0
126.930	2
127.160	0
127.160	2
127.270	2
127.370	0
127.370	2
127.690	2
127.800	1
128.420	0
128.420	2
128.630	2
128.850	0
128.850	2
129.060	1
129.270	0
129.480	0
129.690	0
129.690	1
129.690	2
130.310	2
130.540	0
130.960	0
131.360	2
131.590	0
131.590	2
131.740	2
131.800	0
131.880	2
131.950	2
132.160	2
132.230	0
132.230	2
132.650	0
132.860	0
133.070	0
133.070	1
133.500	0
133.700	0
133.910	0
133.910	2
134.340	1
134.550	0
135.610	0
135.610	2
136.030	0
136.450	0
136.450	2
136.660	0
137.290	0
137.290	2
137.720	2
137.930	0
138.240	0
138.360	1
138.570	1
138.990	0
138.990	2
139.200	1
139.200	2
139.410	1
139.620	0
139.830	1
139.830	2
140.050	1
140.050	2
140.260	0
140.450	2
140.680	0
140.790	2
140.890	0
140.890	1
140.890	2
141.100	1
141.210	2
141.320	1
141.940	2
142.150	2
142.360	2
142.370	0
142.580	1
142.790	2
143.000	0
143.210	0
143.210	1
143.210	2
143.830	2
144.060	0
144.060	2
144.270	2
144.890	2
145.110	0
145.400	2
145.610	2
145.750	0
145.750	2
146.170	2
146.380	0
146.590	1
147.010	0
147.210	0
147.210	2
147.430	0
147.650	2
147.860	1
148.080	0
148.640	2
148.710	1
148.910	2
149.120	0
149.120	2
149.550	0
149.970	0
149.970	2
150.180	0
150.590	2
150.820	0
151.030	2
151.240	0
151.240	1
151.240	2
151.450	0
151.450	2
151.650	2
151.880	1
152.090	0
152.510	0
152.510	2
152.720	2
152.930	1
153.150	0
153.350	2
153.570	2
153.780	0
153.970	2
154.200	0
154.200	2
154.410	0
154.410	2
154.620	1
154.840	1
155.460	2
155.680	2
155.880	0
155.880	2
156.520	0
156.730	0
157.350	2
157.580	0
157.580	2
157.790	2
158.630	0
158.920	2
159.130	2
159.270	0
159.270	2
159.900	0
160.540	0
160.730	2
160.740	0
160.960	0
161.170	2
161.380	1
161.600	0
162.440	2
162.650	0
162.650	2
162.860	2
163.070	0
163.500	0
163.500	2
164.110	2
164.340	0
164.550	2
165.170	2
165.180	0
165.610	0
