36.120	0
36.120	1
36.120	2
36.270	2
36.540	1
36.540	2
36.680	1
36.680	2
36.950	1
36.950	2
37.090	1
37.090	2
37.230	1
37.790	1
37.790	2
38.900	1
38.900	2
40.010	0
40.010	1
40.010	2
40.700	2
40.980	1
40.980	2
41.120	1
41.120	2
42.230	0
42.230	1
42.230	2
43.350	1
43.350	2
44.460	1
44.460	2
45.010	0
45.150	2
45.430	2
45.570	1
45.570	2
45.840	1
45.840	2
45.980	1
45.980	2
47.790	1
48.900	0
48.900	1
48.900	2
49.590	2
49.870	2
50.010	1
50.010	2
51.120	0
51.120	1
51.120	2
52.230	1
52.230	2
53.340	2
53.900	0
54.040	2
54.310	2
54.450	2
54.730	1
54.730	2
54.870	1
54.870	2
55.560	2
56.670	2
56.680	1
57.790	0
57.790	1
57.790	2
58.480	2
58.750	1
58.750	2
58.900	2
60.010	0
60.010	1
60.010	2
61.120	1
61.120	2
62.230	1
62.230	2
62.790	0
62.930	2
63.200	2
63.340	2
63.620	2
63.760	2
64.450	1
64.450	2
65.560	1
65.560	2
66.680	0
66.680	1
66.680	2
67.370	2
67.640	1
67.640	2
67.790	1
67.790	2
68.900	0
68.900	1
68.900	2
70.010	2
71.120	1
71.120	2
71.680	0
71.680	1
71.680	2
71.820	2
72.090	1
72.090	2
72.230	0
72.230	1
72.230	2
72.510	1
72.510	2
72.650	1
72.650	2
72.790	0
72.790	1
73.340	1
73.340	2
73.900	0
74.450	0
74.450	1
74.450	2
75.010	0
75.560	1
76.120	0
76.260	2
76.530	2
76.680	0
76.680	2
77.230	0
77.790	1
78.340	0
78.900	0
78.900	1
78.900	2
79.450	0
80.010	0
80.010	1
80.010	2
80.560	0
80.700	2
80.980	2
81.120	0
81.120	1
81.120	2
81.400	1
81.400	2
81.530	1
81.530	2
81.670	0
82.230	1
82.230	2
82.790	0
83.340	0
83.340	1
83.340	2
83.900	0
84.450	2
85.010	0
85.150	2
85.420	1
85.420	2
85.560	0
85.560	2
86.120	0
86.680	1
87.230	0
87.790	0
87.790	1
87.790	2
88.340	0
88.900	0
88.900	1
88.900	2
89.450	0
89.590	2
89.870	2
90.010	2
90.280	1
90.280	2
90.420	1
90.420	2
91.120	1
91.120	2
91.670	0
92.230	0
92.230	1
92.230	2
92.790	0
93.340	1
93.340	2
93.900	0
94.040	2
94.310	1
94.310	2
94.450	0
94.450	2
95.010	0
95.570	1
96.120	0
96.670	2
96.680	0
97.230	0
97.790	0
97.790	2
98.340	0
98.480	2
98.760	2
98.900	0
98.900	2
99.170	1
99.170	2
99.310	1
99.310	2
99.450	0
100.010	1
100.010	2
100.560	0
101.120	0
101.120	1
101.120	2
101.680	0
102.230	1
102.230	2
102.790	0
102.930	2
103.200	1
103.200	2
103.340	0
103.340	2
103.900	0
104.450	0
104.450	1
104.450	2
105.010	0
105.560	0
105.560	2
106.120	0
106.680	0
106.680	2
107.230	0
107.230	1
107.230	2
107.380	2
107.650	1
107.650	2
107.790	1
107.790	2
108.060	1
108.060	2
108.200	0
108.200	1
108.200	2
108.620	0
108.620	1
108.620	2
108.900	1
108.900	2
109.450	0
110.040	1
110.420	0
110.840	0
111.120	1
111.120	2
111.670	0
111.810	2
112.090	1
112.090	2
112.230	0
112.230	1
112.230	2
112.790	0
113.340	1
115.480	0
115.480	2
116.120	0
116.260	2
116.540	2
116.950	1
116.950	2
117.090	1
117.090	2
118.340	0
118.900	1
118.900	2
119.310	0
119.730	0
120.010	1
120.010	2
120.560	0
120.710	2
120.980	2
121.150	1
121.540	0
121.950	0
122.230	1
122.230	2
122.790	0
123.340	0
123.340	1
123.340	2
123.900	0
124.460	2
125.010	0
125.150	2
125.420	2
125.560	1
125.560	2
125.840	1
125.840	2
125.980	1
125.980	2
127.790	1
127.790	2
128.900	0
128.900	1
128.900	2
129.590	2
129.870	2
130.010	1
130.010	2
131.120	0
131.120	1
131.120	2
133.260	0
133.260	1
133.260	2
133.900	0
134.040	2
134.310	2
134.730	2
134.870	2
136.670	2
137.790	0
137.790	1
137.790	2
138.480	2
138.750	2
138.900	2
139.310	0
139.730	0
140.010	1
140.010	2
140.560	0
141.120	0
141.120	2
141.980	0
142.790	0
142.790	1
142.790	2
142.930	2
143.200	2
143.340	1
143.350	2
143.620	1
143.620	2
143.760	0
143.760	1
143.760	2
143.900	1
144.170	0
144.460	1
145.010	0
145.570	1
145.570	2
145.980	0
146.400	0
146.680	1
146.680	2
147.230	0
147.370	2
147.650	2
147.790	0
147.790	1
147.790	2
148.340	0
148.900	0
148.900	1
148.900	2
151.040	0
151.040	1
151.040	2
151.680	0
151.810	2
152.090	2
152.510	1
152.510	2
152.650	1
152.650	2
153.900	0
154.870	0
155.290	0
155.570	1
155.570	2
156.120	0
156.260	2
156.530	2
156.680	1
156.680	2
157.090	0
157.510	0
157.790	1
157.790	2
158.340	0
158.900	0
158.900	1
158.900	2
159.450	0
160.560	0
160.700	2
160.980	1
160.980	2
161.120	1
161.120	2
161.390	1
161.390	2
161.530	1
161.530	2
161.730	2
162.230	2
163.340	1
163.340	2
164.450	0
164.450	1
164.450	2
165.150	2
165.420	1
165.420	2
165.570	2
166.670	2
166.680	0
166.680	1
168.820	0
168.820	1
168.820	2
169.450	0
169.590	2
169.870	2
170.280	2
170.420	2
171.010	1
172.230	1
172.230	2
173.340	0
173.340	1
173.340	2
174.040	2
174.310	1
174.310	2
174.460	2
174.870	0
175.290	0
175.570	1
176.120	0
176.670	0
176.670	2
177.790	2
178.340	0
178.340	1
178.340	2
178.490	2
178.760	1
178.760	2
178.900	0
178.900	1
178.900	2
179.170	1
179.170	2
179.310	1
179.310	2
179.450	0
179.450	1
179.450	2
180.010	1
180.010	2
180.560	0
181.120	0
181.120	1
181.120	2
181.680	0
182.230	1
182.230	2
182.790	0
182.930	2
183.200	1
183.200	2
183.340	0
183.340	1
183.340	2
183.900	0
184.460	1
185.010	0
185.560	0
185.560	1
185.560	2
186.120	0
186.680	0
186.680	2
187.230	0
187.370	2
187.650	2
187.790	0
187.790	1
187.790	2
188.060	1
188.060	2
188.200	1
188.200	2
188.340	0
188.340	2
188.900	1
188.900	2
189.450	0
190.010	0
190.010	1
190.010	2
190.560	0
191.120	1
191.120	2
191.670	0
191.810	2
192.090	2
192.230	0
192.230	1
192.230	2
192.790	0
193.340	0
193.340	1
193.340	2
193.900	0
194.450	0
194.450	1
194.450	2
195.010	0
195.560	0
195.560	2
196.120	0
196.260	2
196.530	2
196.680	2
196.950	1
196.950	2
197.090	1
197.090	2
197.790	2
198.340	0
198.900	0
198.900	1
198.900	2
199.450	0
200.010	1
200.010	2
200.560	0
200.700	2
200.980	2
201.120	0
201.120	2
201.670	0
202.230	0
202.230	1
202.230	2
202.790	0
203.340	0
203.340	1
203.340	2
203.900	0
204.450	0
204.450	1
204.450	2
205.010	0
205.150	2
205.420	2
205.560	2
205.570	0
205.840	2
205.980	1
205.980	2
206.120	0
206.120	2
206.680	1
206.680	2
207.230	0
207.790	0
207.790	2
208.340	0
208.900	1
208.900	2
209.450	0
209.590	2
209.870	2
210.010	0
210.010	2
210.560	0
211.120	1
211.120	2
211.680	0
212.230	0
212.230	2
212.790	0
213.340	0
213.340	1
213.340	2
213.900	0
213.900	1
213.900	2
214.040	2
214.310	2
214.460	1
214.460	2
214.730	1
214.730	2
214.870	1
214.870	2
215.010	1
215.570	1
215.570	2
216.680	1
216.680	2
217.240	1
217.790	0
217.790	1
217.790	2
218.480	2
218.760	2
218.900	1
218.900	2
220.010	0
220.010	1
220.010	2
221.120	1
221.120	2
222.230	1
222.230	2
222.790	0
222.930	2
223.200	2
223.350	2
223.620	1
223.620	2
223.760	1
223.760	2
224.450	1
224.450	2
226.680	0
226.680	1
226.680	2
227.370	2
227.640	1
227.640	2
227.790	1
227.790	2
228.900	0
228.900	1
228.900	2
230.010	1
230.010	2
231.120	1
231.120	2
231.670	0
231.820	2
232.090	2
232.230	2
232.500	1
232.510	2
232.650	1
232.650	2
233.340	2
234.450	1
234.450	2
235.560	1
236.260	2
236.530	1
236.530	2
236.680	2
237.790	0
237.790	1
237.790	2
238.900	1
238.900	2
240.010	1
240.010	2
240.560	0
240.710	2
240.980	2
241.120	2
241.400	2
241.530	1
241.530	2
242.230	1
242.230	2
243.340	1
243.340	2
244.450	0
244.450	1
244.450	2
245.150	2
245.420	1
245.420	2
245.570	2
246.680	0
246.680	1
247.790	1
247.790	2
248.900	1
248.900	2
