0.410	0
0.870	0
2.210	0
2.650	0
4.450	0
5.570	0
6.690	0
6.690	1
8.030	0
8.480	1
9.380	0
10.270	0
10.940	0
11.170	0
11.610	0
12.060	1
12.290	2
12.400	0
12.960	0
12.960	2
13.400	0
13.850	0
14.750	0
15.190	0
15.200	2
15.640	0
15.640	1
15.640	2
15.980	2
16.320	2
16.540	0
16.540	2
16.980	0
16.980	2
17.320	2
17.430	0
17.430	1
17.430	2
17.660	2
17.780	2
18.100	0
18.100	2
18.330	0
18.330	2
18.780	0
18.780	2
19.220	0
19.220	1
19.220	2
19.450	2
19.560	0
19.560	2
19.900	0
19.900	2
20.120	0
20.120	2
20.460	2
20.570	0
20.570	2
20.910	2
21.010	1
21.010	2
21.350	0
21.350	2
21.690	2
21.920	0
21.920	2
22.360	0
22.360	2
22.800	0
22.800	1
22.800	2
23.140	2
23.460	0
23.480	2
23.710	0
23.710	2
24.140	0
24.150	2
24.590	0
24.590	1
24.590	2
24.940	2
24.950	0
25.270	0
25.270	2
25.500	0
25.500	2
25.940	0
25.940	2
26.280	2
26.380	0
26.380	1
26.390	2
26.730	0
26.730	2
26.950	2
27.060	0
27.060	2
27.290	0
27.290	2
27.730	0
27.730	2
28.070	2
28.180	1
28.180	2
28.510	0
28.520	2
28.850	2
29.070	2
29.520	0
29.520	2
29.750	2
29.860	2
29.970	0
29.970	1
29.970	2
30.200	2
30.310	2
30.630	0
30.630	2
30.870	0
30.870	2
31.310	0
31.310	2
31.760	0
31.760	1
31.760	2
32.110	0
32.110	2
32.430	0
32.430	2
32.660	0
32.660	2
33.110	0
33.110	2
33.440	2
33.550	0
33.550	1
33.550	2
33.780	2
33.890	0
33.890	2
34.230	0
34.230	2
34.450	0
34.450	2
34.890	0
34.900	2
35.340	0
35.340	1
35.340	2
35.680	0
35.680	2
36.020	2
36.240	2
36.690	0
36.690	2
37.130	0
37.130	1
37.130	2
37.360	2
37.470	2
37.790	0
37.810	2
38.030	0
38.030	2
38.470	0
38.480	2
38.920	0
38.920	1
38.920	2
39.270	2
39.280	0
39.600	0
39.600	2
39.830	0
39.830	2
40.160	2
40.270	0
40.270	2
40.710	0
40.710	1
40.710	2
41.060	0
41.060	2
41.280	2
41.390	0
41.390	2
41.620	0
41.620	2
42.060	0
42.060	2
42.290	2
42.400	2
42.500	1
42.500	2
42.840	0
42.840	2
43.180	2
