0.250	0
0.720	0
1.200	0
1.670	0
2.150	0
2.630	0
3.100	0
3.580	0
4.050	0
4.530	0
5.010	0
5.480	0
5.960	0
6.430	0
6.910	0
7.390	0
7.860	0
8.340	0
8.820	0
9.290	0
9.530	2
9.770	0
10.240	0
10.720	0
11.200	0
11.430	2
11.670	0
12.150	0
12.630	0
13.100	0
13.340	2
15.480	0
15.960	0
16.430	0
16.910	0
17.390	0
17.870	0
18.340	0
19.290	0
19.770	0
20.240	0
20.720	0
21.200	0
21.670	0
22.150	0
22.620	0
23.100	0
23.580	0
24.050	0
24.530	0
25.010	0
25.480	0
25.960	0
26.430	0
26.910	0
27.390	0
27.860	0
28.340	0
30.720	0
30.950	1
31.200	0
31.430	1
31.680	0
31.910	2
32.150	0
32.390	2
32.630	0
32.860	1
32.860	2
33.100	0
33.340	2
33.580	0
33.810	2
34.050	0
34.290	0
34.290	1
34.290	2
34.530	0
34.760	1
35.010	0
35.240	1
35.240	2
35.480	0
35.720	2
35.960	0
36.190	1
36.190	2
36.440	0
36.670	1
36.670	2
36.910	0
37.150	2
37.390	0
37.620	2
37.870	0
38.100	1
38.100	2
38.340	0
38.820	0
39.050	2
39.290	0
39.770	0
40.000	1
40.000	2
40.250	0
40.480	1
40.480	2
40.720	0
41.200	0
41.430	2
41.670	0
41.910	1
41.910	2
42.150	0
42.380	1
42.380	2
42.630	0
42.860	1
42.860	2
43.100	0
43.580	0
43.810	1
43.810	2
44.060	0
44.290	2
44.530	0
44.770	2
45.010	0
45.480	0
45.720	1
45.720	2
45.960	0
46.440	0
46.910	0
47.390	0
47.620	0
47.620	2
47.860	0
48.340	0
48.820	0
49.290	0
49.530	2
49.770	0
50.250	0
50.720	0
51.200	0
51.430	2
51.670	0
52.150	0
52.630	0
53.100	0
53.340	1
53.340	2
55.240	1
55.240	2
57.150	2
61.200	0
61.430	1
61.430	2
61.670	0
61.670	1
61.800	2
61.910	2
62.150	0
62.150	2
62.380	2
62.500	1
62.620	0
62.620	1
62.620	2
62.750	2
62.860	0
62.860	1
62.860	2
63.100	0
63.100	2
63.340	2
63.580	0
63.580	1
63.580	2
63.700	2
63.810	2
64.050	0
64.050	2
64.290	2
64.530	0
64.530	1
64.530	2
64.650	2
64.760	0
64.760	2
65.010	0
65.010	2
65.240	1
65.240	2
65.480	0
65.480	1
65.480	2
65.610	2
65.720	2
65.960	0
65.960	2
66.190	2
66.430	0
66.430	1
66.430	2
66.670	1
66.670	2
66.910	0
66.910	2
67.150	2
67.390	0
67.390	1
67.510	2
67.620	2
67.750	2
67.860	0
68.100	2
68.340	0
68.340	1
68.340	2
68.460	2
68.580	0
68.580	2
68.820	0
68.820	2
69.050	1
69.050	2
69.290	0
69.290	1
69.410	2
69.530	2
69.650	2
69.770	0
69.770	2
70.000	2
70.240	0
70.240	1
70.240	2
70.370	2
70.480	0
70.480	1
70.480	2
70.720	0
70.720	2
70.960	2
71.200	0
71.200	1
71.320	2
71.430	2
71.670	0
71.670	2
71.910	2
72.150	0
72.150	1
72.150	2
72.270	2
72.380	0
72.380	1
72.380	2
72.630	0
72.860	1
72.860	2
73.100	0
73.100	1
73.100	2
73.220	2
73.340	2
73.580	0
73.810	2
73.930	1
74.050	0
74.050	1
74.050	2
74.290	1
74.290	2
74.530	0
74.770	2
75.010	0
75.010	1
75.130	2
75.240	2
75.480	0
75.600	1
75.600	2
75.720	2
75.830	1
75.960	0
75.960	1
75.960	2
76.080	2
76.200	2
76.440	0
76.440	2
76.670	2
76.910	0
76.910	1
76.910	2
77.030	2
77.150	2
77.390	0
77.620	2
77.860	0
77.860	1
78.100	0
78.100	2
78.340	0
78.340	2
78.570	2
78.820	0
78.820	1
78.940	2
79.050	2
79.290	0
79.290	2
79.530	2
79.770	0
79.770	1
79.770	2
79.890	2
80.000	0
80.000	1
80.000	2
80.250	0
80.480	2
80.720	0
80.720	1
80.720	2
80.840	2
80.950	1
80.950	2
81.200	0
81.200	2
81.430	2
81.550	1
81.670	0
81.670	1
81.670	2
81.910	2
82.150	0
82.150	2
82.390	2
82.620	0
82.620	1
82.750	2
82.860	2
83.100	0
83.100	2
83.340	2
83.580	0
83.580	1
83.580	2
83.700	2
83.810	2
84.050	2
84.060	0
84.290	2
84.530	0
84.530	1
84.530	2
84.650	2
84.770	2
85.010	0
85.010	2
85.240	2
85.480	0
85.480	1
85.480	2
85.720	0
85.720	2
85.960	0
85.960	2
86.190	2
86.430	0
86.430	1
86.560	2
86.670	2
86.910	0
86.910	2
87.150	2
87.390	0
87.390	1
87.510	2
87.620	0
87.620	2
87.860	0
88.100	2
88.340	0
88.340	1
88.340	2
88.460	2
88.580	2
88.820	0
88.820	2
89.050	2
89.290	0
89.290	1
89.290	2
89.520	0
89.530	2
89.770	2
91.200	2
91.430	2
91.670	0
91.670	2
91.910	2
92.150	0
92.280	2
92.390	2
92.520	2
92.620	0
92.620	2
92.860	2
92.980	0
93.340	2
93.580	0
93.580	2
93.810	1
93.810	2
94.050	0
94.190	2
94.290	2
94.420	2
94.530	0
94.530	2
94.770	2
94.890	0
95.130	0
95.240	0
95.240	2
95.480	0
95.480	2
95.720	2
95.960	0
96.090	2
96.190	1
96.190	2
96.330	2
96.430	0
96.430	2
96.670	2
96.910	0
97.150	2
97.390	0
97.390	2
97.620	1
97.620	2
97.860	0
97.990	2
98.100	1
98.100	2
98.230	2
98.340	0
98.340	2
98.580	2
98.810	0
98.810	1
98.940	2
99.050	2
99.180	2
99.290	0
99.290	2
99.530	2
99.770	0
99.770	1
99.770	2
99.890	2
100.000	1
100.000	2
100.130	2
100.240	0
100.240	2
100.480	2
100.720	0
100.720	1
100.720	2
100.840	2
100.950	0
100.950	2
101.090	2
101.200	0
101.200	2
101.430	2
101.670	0
101.670	1
101.670	2
101.800	2
101.910	2
102.040	2
102.150	0
102.150	2
102.380	2
102.620	0
102.620	1
102.750	2
102.860	0
102.860	2
102.990	2
103.100	0
103.100	2
103.340	2
103.580	0
103.580	1
103.700	2
103.810	1
103.810	2
103.940	2
104.050	0
104.050	2
104.290	2
104.530	0
104.530	1
104.530	2
104.650	2
104.760	2
105.010	0
105.240	1
105.240	2
105.480	0
105.480	1
105.480	2
105.610	2
105.720	2
105.850	2
105.960	0
105.960	2
106.190	2
106.430	0
106.430	1
106.430	2
106.560	2
106.670	0
106.670	2
106.800	2
106.910	0
106.910	2
107.150	2
107.390	0
107.390	1
107.510	2
107.620	1
107.620	2
107.750	2
107.860	0
107.860	2
108.100	2
108.220	0
108.330	1
108.330	2
108.460	2
108.570	0
108.570	2
108.710	2
108.810	2
108.820	0
109.050	1
109.050	2
109.290	0
109.290	1
109.290	2
109.420	2
109.530	1
109.530	2
109.660	2
109.770	0
109.770	2
110.000	2
110.130	0
110.240	1
110.240	2
110.370	0
110.370	2
110.480	0
110.480	2
110.720	0
110.720	2
110.960	2
111.190	0
111.190	1
111.320	2
111.430	2
111.670	0
111.670	2
111.910	2
112.150	0
112.150	1
112.150	2
112.270	2
112.380	1
112.380	2
112.520	2
112.620	0
112.620	2
112.860	2
113.100	0
113.230	2
113.340	2
113.470	2
113.580	0
113.580	2
113.810	2
114.060	0
114.290	0
114.290	2
114.420	2
114.530	0
114.530	2
114.770	2
115.010	0
115.140	2
115.240	2
115.380	2
115.480	0
115.480	2
115.720	2
115.960	0
116.190	0
116.190	2
116.330	2
116.430	0
116.430	2
116.670	2
116.910	0
117.040	2
117.150	2
117.280	2
117.390	0
117.390	2
117.620	2
117.860	0
118.100	0
118.100	2
118.230	2
118.340	0
118.340	2
118.580	2
118.820	0
118.950	2
119.050	2
119.180	2
119.290	0
119.290	2
119.530	2
119.770	0
120.000	2
120.140	2
120.240	0
120.240	2
120.480	2
120.720	0
120.850	2
120.960	2
121.200	0
121.430	2
124.760	1
137.390	0
137.860	0
138.340	0
138.820	0
139.290	0
139.770	0
140.240	0
140.720	0
141.200	0
141.670	0
142.150	0
142.630	0
143.100	0
143.580	0
144.050	0
144.530	0
145.010	0
145.480	0
145.960	0
146.440	0
146.910	0
147.390	0
147.860	0
148.340	0
148.820	0
149.290	0
149.770	0
150.250	0
150.720	0
151.200	0
151.670	0
152.150	0
152.630	0
153.100	0
153.580	0
154.060	0
154.530	0
155.010	0
155.480	0
155.960	0
156.430	0
156.910	0
157.390	0
157.860	0
158.340	0
158.820	0
159.290	0
159.770	0
160.240	0
160.720	0
161.190	0
161.680	0
162.150	0
162.630	0
163.100	0
163.580	0
165.960	0
166.430	0
166.910	0
167.270	0
167.630	0
167.860	0
168.340	0
168.820	0
169.290	0
169.770	0
170.240	0
170.720	0
171.200	0
171.670	0
172.150	0
172.630	0
173.100	0
173.580	0
173.580	2
174.050	0
174.530	0
174.530	2
175.010	0
175.130	2
175.480	0
175.480	2
175.960	0
175.960	2
176.440	0
176.910	0
177.390	0
177.390	2
177.860	0
178.340	0
178.820	0
179.290	0
179.770	0
179.770	2
180.250	0
180.250	2
180.720	0
180.720	2
180.840	2
180.960	2
181.200	0
181.200	2
181.440	2
181.670	0
182.150	0
182.150	2
182.400	2
182.630	0
182.630	2
182.870	0
188.110	2
188.820	2
188.940	2
189.060	2
189.540	2
