0.470	0
1.040	0
1.040	2
1.620	0
2.190	0
2.190	2
2.760	0
3.330	0
3.330	1
3.330	2
3.900	0
4.190	0
4.470	1
4.470	2
4.620	0
5.040	0
5.610	0
5.610	2
6.190	0
6.760	0
6.760	1
6.760	2
7.330	0
7.900	0
7.900	1
7.900	2
8.470	0
9.040	0
9.040	2
9.620	0
10.190	0
10.190	2
10.760	0
11.330	0
11.330	2
11.900	0
12.470	0
12.470	2
13.040	0
13.330	0
13.620	2
13.760	0
14.190	0
14.760	0
14.760	2
15.330	0
15.900	0
15.900	2
16.470	0
17.040	0
17.040	1
17.040	2
17.620	0
18.190	0
18.190	1
18.190	2
18.760	0
19.330	0
19.330	2
19.900	0
20.480	0
20.480	2
21.040	0
21.620	0
21.620	2
22.190	0
22.470	0
22.760	1
22.760	2
22.900	0
23.330	0
23.900	0
23.900	2
24.470	0
25.040	0
25.040	2
25.610	0
26.190	0
26.190	1
26.190	2
26.760	0
27.330	0
27.330	2
27.900	0
28.470	0
28.470	2
29.040	0
29.620	0
29.620	2
30.190	0
30.760	0
30.760	2
31.330	0
31.620	0
31.900	1
31.900	2
32.040	0
32.470	0
33.040	0
33.040	2
33.620	0
34.190	0
34.190	2
34.760	0
35.330	0
35.330	2
35.900	0
36.470	0
36.470	2
37.040	0
37.620	0
37.620	2
38.190	0
38.760	0
38.760	2
39.330	0
39.900	0
39.900	1
39.900	2
40.470	0
40.760	0
41.040	2
41.190	0
41.610	0
42.190	0
42.190	2
42.760	0
43.330	0
43.330	2
43.900	0
44.470	0
44.470	2
45.040	0
45.620	0
45.620	2
46.190	0
46.760	0
46.760	2
47.330	0
47.910	0
47.910	2
48.470	0
49.040	0
49.040	2
49.610	0
49.900	0
50.190	1
50.190	2
50.330	0
50.760	0
51.330	0
51.330	2
51.900	0
52.470	0
52.470	2
53.040	0
53.620	0
53.620	2
54.190	0
54.760	0
54.760	2
55.330	0
55.900	0
55.900	2
56.470	0
57.050	0
57.050	2
57.620	0
58.190	0
58.190	2
58.760	0
59.040	0
59.330	2
59.470	0
59.900	0
60.470	0
60.470	2
61.040	0
61.620	0
61.620	2
62.190	0
62.760	0
62.760	1
62.760	2
63.330	0
63.900	0
63.900	1
63.900	2
64.470	0
65.040	0
65.040	2
65.620	0
66.190	0
66.190	2
66.760	0
67.330	0
67.330	2
67.900	0
68.190	0
68.470	1
68.470	2
68.620	0
69.040	0
69.620	0
69.620	2
70.190	0
70.760	0
70.760	2
71.330	0
71.900	0
71.900	2
72.470	0
73.040	0
73.040	2
73.610	0
74.190	0
74.190	2
74.760	0
75.330	0
75.330	2
75.900	0
76.470	0
76.470	2
77.040	0
77.330	0
77.620	2
77.760	0
78.190	0
78.760	0
78.760	2
79.330	0
79.900	0
79.900	2
80.470	0
81.040	0
81.040	2
81.610	0
82.190	0
82.190	2
82.760	0
83.330	0
83.330	2
83.900	0
84.480	0
84.480	2
85.040	0
85.620	0
85.620	2
86.190	0
86.470	0
86.760	2
86.900	0
87.330	0
87.900	0
87.900	2
88.470	0
89.050	0
89.050	2
89.620	0
90.190	0
90.190	2
90.760	0
91.330	0
91.330	2
91.900	0
92.470	0
92.470	2
93.040	0
93.620	0
93.620	2
94.190	0
94.760	0
94.760	2
95.330	0
95.610	0
95.900	2
96.040	0
96.470	0
97.040	0
97.040	2
97.610	0
98.190	0
98.190	2
98.760	0
99.330	0
99.330	2
99.900	0
100.470	0
100.470	2
101.040	0
101.620	0
101.620	2
102.190	0
102.760	0
102.760	2
103.330	0
103.900	0
103.900	2
104.470	0
104.760	0
105.040	2
105.190	0
105.610	0
106.190	0
106.190	2
106.760	0
107.330	0
107.330	2
107.900	0
109.040	0
110.190	0
111.330	0
112.470	0
113.620	0
114.760	0
115.900	0
117.040	0
118.190	0
119.330	0
120.470	0
121.620	0
122.760	0
123.900	0
125.040	0
126.190	0
127.330	0
128.470	0
129.620	0
130.760	0
131.900	0
133.040	0
134.190	0
135.330	0
135.900	0
135.900	2
136.470	0
137.040	0
137.040	2
137.620	0
138.190	0
138.190	2
138.760	0
139.330	2
139.340	0
139.900	0
140.470	0
140.470	2
141.040	0
141.330	0
141.620	2
141.760	0
142.190	0
142.760	0
142.760	2
143.330	0
143.900	0
143.900	2
144.470	0
145.040	0
145.050	2
145.620	0
146.190	0
146.190	1
146.190	2
146.760	0
147.330	0
147.330	2
147.900	0
148.480	0
148.480	2
149.040	0
149.620	0
149.620	2
150.190	0
150.470	0
150.760	1
150.760	2
150.900	0
151.330	0
151.900	0
151.900	2
152.470	0
153.050	0
153.050	2
153.610	0
154.190	0
154.190	2
154.760	0
155.330	0
155.330	2
155.900	0
156.470	0
156.470	2
157.040	0
157.620	0
157.620	2
158.190	0
158.760	0
158.760	2
159.330	0
159.620	0
159.900	1
159.900	2
160.050	0
160.470	0
161.040	0
161.040	2
161.610	0
162.190	0
162.190	2
162.760	0
163.330	0
163.330	1
163.330	2
163.900	0
164.470	0
164.470	2
165.040	0
165.620	0
165.620	2
166.190	0
166.760	0
166.760	2
167.330	0
167.900	0
167.900	1
167.900	2
168.470	0
168.760	0
169.040	2
169.190	0
169.610	0
170.190	0
170.190	2
170.760	0
171.330	0
171.330	2
171.900	0
172.470	0
172.470	2
173.040	0
173.620	0
173.620	1
173.620	2
174.190	0
174.760	0
174.760	2
175.330	0
175.900	0
175.900	2
176.470	0
177.040	0
177.040	2
177.620	0
177.900	0
178.190	1
178.190	2
178.330	0
178.760	0
179.330	0
179.330	1
179.330	2
179.900	0
180.470	0
180.470	2
181.040	0
181.620	0
181.620	1
181.620	2
182.190	0
182.760	0
182.760	1
182.760	2
183.330	0
183.900	0
183.900	1
183.900	2
184.470	0
185.050	0
185.050	2
185.620	0
186.190	0
186.190	1
186.190	2
186.760	0
