0.240	0
0.480	2
0.720	0
0.960	2
1.190	0
1.430	2
1.670	0
1.670	2
1.910	2
2.140	0
2.390	2
2.620	0
2.860	2
3.100	0
3.340	2
3.570	0
3.570	2
3.810	2
4.050	0
4.290	2
4.530	0
4.770	2
5.000	0
5.240	2
5.480	0
5.480	2
5.720	2
5.950	0
6.190	2
6.430	0
6.670	2
6.910	0
7.150	2
7.380	0
7.380	2
7.620	2
7.860	0
8.100	2
8.340	0
8.580	2
8.810	0
9.050	2
9.290	0
9.290	2
9.530	2
9.760	0
10.010	2
10.240	0
10.480	2
10.720	0
10.960	2
11.190	0
11.190	2
11.430	2
11.670	0
11.910	2
12.140	0
12.390	2
12.620	0
12.860	2
13.100	0
13.100	2
13.340	2
13.570	0
13.810	2
14.050	0
14.290	2
14.530	0
14.770	2
15.000	0
15.000	2
15.240	2
15.480	0
15.720	2
15.950	0
16.200	2
16.430	0
16.670	2
16.910	0
16.910	2
17.140	2
17.380	0
17.620	2
17.860	0
18.100	2
18.340	0
18.580	2
18.810	0
18.810	2
19.050	2
19.290	0
19.530	2
19.760	0
20.000	2
20.240	0
20.480	2
20.720	0
20.720	2
20.960	2
21.190	0
21.430	2
21.670	0
21.910	2
22.140	0
22.390	2
22.620	0
22.620	2
22.860	2
23.100	0
23.340	2
23.570	0
23.810	2
24.050	0
24.290	2
24.530	0
24.530	2
24.760	2
25.000	0
25.240	2
25.480	0
25.720	2
25.950	0
26.190	2
26.430	0
26.430	2
26.670	2
26.910	0
27.150	2
27.380	0
27.620	2
27.860	0
28.100	2
28.330	2
28.340	0
28.570	2
28.810	0
29.050	2
29.290	0
29.530	2
29.760	0
30.000	2
30.240	0
30.240	2
30.480	2
30.720	0
30.960	2
31.190	0
31.430	2
31.670	0
31.910	2
32.140	0
32.140	2
32.380	2
32.620	0
32.860	2
33.100	0
33.340	2
33.570	0
33.810	2
34.050	0
34.050	2
34.290	2
34.530	0
34.760	2
35.000	0
35.240	2
35.480	0
35.720	2
35.950	0
35.950	2
36.190	2
36.430	0
36.670	2
36.910	0
37.150	2
37.380	0
37.620	2
37.860	0
37.860	2
38.100	2
38.330	0
38.570	2
38.810	0
39.050	2
39.290	0
39.530	2
39.760	0
39.760	2
40.000	2
40.240	0
40.480	2
40.720	0
40.960	2
41.190	0
41.430	2
41.670	0
41.670	2
41.910	2
42.140	0
42.380	2
42.620	0
42.620	1
42.860	2
43.100	0
43.340	2
43.570	0
43.570	1
43.810	2
43.930	1
44.050	0
44.050	1
44.290	2
44.530	1
44.770	2
45.240	2
45.480	1
45.480	2
45.720	2
45.950	0
46.070	2
46.190	2
46.310	2
46.430	0
46.430	1
46.670	2
46.910	0
46.910	2
47.020	2
47.150	2
47.380	0
47.380	1
47.380	2
47.620	2
47.740	2
47.860	0
47.860	2
47.980	2
48.100	2
48.220	2
48.340	0
48.340	1
48.460	2
48.570	2
48.810	0
48.930	2
49.050	2
49.290	0
49.290	1
49.290	2
49.530	2
49.640	1
49.770	0
49.880	2
50.000	2
50.120	2
50.240	0
50.240	1
50.480	2
50.720	0
50.720	2
50.830	2
50.950	2
51.190	0
51.190	1
51.190	2
51.430	2
51.670	0
51.670	2
51.790	2
51.910	2
52.030	2
52.150	0
52.150	1
52.380	2
52.620	0
52.740	2
52.860	2
53.100	0
53.100	1
53.340	2
53.570	0
53.690	2
53.810	2
53.930	2
54.050	0
54.050	1
54.290	2
54.530	0
54.640	2
54.760	2
55.000	0
55.000	1
55.000	2
55.240	2
55.360	1
55.480	0
55.480	2
55.720	2
55.840	2
55.950	0
55.950	1
56.190	2
56.430	0
56.550	2
56.670	2
56.910	0
56.910	1
57.030	2
57.140	2
57.380	0
57.500	2
57.620	2
57.740	2
57.860	0
57.860	1
58.100	2
58.340	0
58.450	2
58.570	2
58.810	0
58.810	1
59.050	2
59.290	0
59.530	2
59.760	0
59.760	1
60.000	2
60.240	0
60.360	2
60.480	2
60.710	0
60.710	1
60.950	2
61.070	1
61.190	0
61.430	2
61.550	2
61.670	0
61.670	1
61.910	2
62.140	0
62.260	2
62.380	2
62.620	0
62.620	1
62.860	2
63.100	0
63.340	2
63.450	2
63.570	0
63.570	1
63.700	2
63.810	2
64.050	0
64.170	2
64.290	2
64.410	2
64.530	0
64.530	1
64.650	2
64.760	2
65.000	0
65.120	2
65.240	2
65.360	2
65.480	0
65.480	1
65.720	2
65.950	0
66.070	2
66.190	2
66.430	0
66.430	1
66.670	2
66.790	1
66.910	0
67.140	2
67.380	0
67.380	1
67.620	2
67.860	0
67.980	2
68.100	2
68.340	0
68.340	1
68.570	2
68.810	0
69.050	2
69.290	0
69.290	1
69.530	2
69.760	0
69.880	2
70.000	2
70.240	0
70.240	1
70.480	2
70.720	0
70.950	2
71.070	2
71.190	0
71.190	1
71.430	2
71.670	0
71.790	2
71.910	2
72.140	0
72.140	1
72.140	2
72.380	2
72.500	1
72.620	0
72.860	2
72.980	2
73.100	0
73.100	1
73.340	2
73.570	0
73.690	2
73.810	2
74.050	0
74.050	1
74.290	2
74.410	2
74.530	0
74.530	2
74.760	2
74.880	2
75.000	0
75.000	1
75.240	2
75.480	0
75.480	2
75.600	2
75.720	2
75.950	0
75.950	1
75.950	2
76.190	2
76.430	0
76.430	2
76.670	2
76.790	2
76.910	0
76.910	1
77.030	2
77.150	2
77.380	0
77.500	2
77.620	2
77.860	0
77.860	1
77.860	2
78.100	2
78.210	1
78.340	0
78.570	2
78.690	2
78.810	0
78.810	1
79.050	2
79.290	0
79.400	2
79.530	2
79.760	0
79.760	1
79.760	2
80.000	2
80.240	0
80.480	2
80.720	0
80.720	1
80.950	2
81.190	0
81.310	2
81.430	2
81.670	0
81.670	1
81.910	2
82.150	0
82.380	2
82.500	2
82.620	0
82.620	1
82.860	2
83.100	0
83.220	2
83.340	2
83.570	0
83.570	1
83.570	2
83.810	2
83.930	1
84.050	0
84.290	2
84.530	0
84.530	1
84.760	2
85.000	0
85.120	2
85.240	2
85.480	0
85.480	1
85.720	2
85.950	0
86.070	2
86.190	2
86.310	2
86.430	0
86.430	1
86.670	2
86.910	0
87.030	2
87.140	2
87.270	2
87.380	0
87.380	1
87.380	2
87.620	2
87.860	0
88.100	2
88.220	2
88.340	0
88.340	1
88.460	2
88.570	2
88.810	0
88.930	2
89.050	2
89.290	0
89.290	1
89.290	2
89.410	2
89.530	2
89.640	1
89.770	0
89.880	2
90.000	2
90.120	2
90.240	0
90.240	1
90.480	0
90.480	2
90.720	0
90.830	2
90.950	2
91.190	0
91.190	1
91.430	2
91.670	0
91.910	2
92.030	2
92.140	0
92.150	1
92.380	2
92.620	0
92.740	2
92.860	2
93.100	0
93.100	1
93.100	2
93.330	2
93.570	0
93.690	2
93.810	2
93.930	2
94.050	0
94.050	1
94.290	2
94.530	0
94.640	2
94.760	2
95.000	0
95.000	1
95.240	2
95.360	1
95.480	0
95.720	2
95.950	0
95.950	1
96.190	2
96.430	0
96.550	2
96.670	2
96.910	0
96.910	1
97.140	2
97.380	0
97.500	2
97.620	2
97.740	2
97.860	0
97.860	1
98.100	2
98.330	0
98.450	2
98.570	2
98.700	2
98.810	0
98.810	1
99.050	2
99.170	2
99.290	0
99.530	2
99.640	2
99.760	0
99.760	1
99.890	2
100.000	2
100.240	0
100.360	2
100.480	2
100.720	0
100.720	1
100.840	2
100.950	2
101.070	1
101.190	0
101.430	2
101.670	0
101.670	1
101.910	2
102.140	0
102.260	2
102.380	2
102.620	0
102.620	1
102.860	2
103.100	0
103.330	2
103.570	0
103.570	1
103.810	2
104.050	0
104.170	2
104.290	2
104.530	0
104.530	1
104.760	2
105.000	0
105.240	2
105.480	0
105.480	1
105.720	2
105.950	0
106.070	1
106.070	2
106.190	0
106.190	1
106.190	2
106.430	0
106.430	1
106.670	1
106.670	2
106.790	1
106.910	0
107.140	2
107.270	2
107.380	0
107.380	1
107.510	2
107.620	2
107.860	0
107.980	2
108.100	2
108.340	0
108.340	1
108.460	2
108.570	2
108.810	0
108.930	2
109.050	2
109.170	2
109.290	0
109.290	1
109.530	2
109.760	0
109.880	2
110.000	2
110.240	0
110.240	1
110.240	2
110.480	2
110.720	0
110.950	2
111.080	2
111.190	0
111.190	1
111.430	2
111.670	0
111.790	2
111.910	2
112.150	0
112.150	1
112.380	2
112.500	1
112.620	0
112.740	2
112.860	2
112.980	2
113.100	0
113.100	1
113.340	2
113.570	0
113.690	2
113.810	2
114.050	0
114.050	1
114.050	2
114.290	2
114.530	0
114.760	2
114.890	2
115.000	0
115.000	1
115.240	2
115.480	0
115.600	2
115.720	2
115.840	2
115.950	0
115.950	1
116.190	2
116.430	0
116.550	2
116.670	2
116.790	2
116.910	0
116.910	1
117.140	2
117.270	2
117.380	0
117.500	2
117.620	2
117.860	0
117.860	1
117.860	2
118.100	1
118.100	2
118.220	2
118.340	0
118.570	2
118.690	2
118.810	0
118.810	1
119.050	2
119.290	0
119.400	2
119.530	2
119.760	0
119.760	1
119.760	2
120.000	2
120.120	2
120.240	0
120.480	2
120.600	2
120.720	0
120.720	1
120.950	2
121.190	0
121.310	2
121.430	2
121.670	0
121.670	1
121.910	2
122.140	0
122.380	2
122.500	2
122.620	0
122.620	1
122.620	2
122.860	0
122.860	2
123.100	0
123.340	2
123.570	0
123.570	1
123.810	2
123.930	1
124.050	0
124.290	2
124.530	0
124.530	1
124.760	2
125.000	0
125.120	2
125.240	2
125.370	2
125.480	0
125.480	1
125.720	2
125.950	0
126.190	2
126.310	2
126.430	0
126.430	1
126.670	2
126.790	2
126.910	0
127.020	2
127.150	2
127.380	0
127.380	1
127.620	2
127.860	0
128.100	2
128.220	2
128.340	0
128.340	1
128.570	2
128.810	0
128.930	2
129.050	2
129.290	0
129.290	1
129.530	2
129.640	1
129.760	0
130.000	2
130.120	2
130.240	0
130.240	1
130.480	2
130.720	0
130.830	2
130.950	2
131.190	0
131.190	1
131.190	2
131.430	2
131.670	0
131.910	2
132.030	2
132.150	0
132.150	1
132.380	2
132.620	0
132.740	2
132.860	2
133.100	0
133.100	1
133.330	2
133.570	0
133.810	2
133.930	2
134.050	0
134.050	1
134.290	2
134.530	0
134.640	2
134.760	2
135.000	0
135.000	1
135.240	2
135.360	1
135.480	0
135.720	2
135.840	2
135.960	0
135.960	1
136.190	0
136.190	2
136.430	0
136.550	2
136.670	0
136.670	1
136.670	2
136.910	0
136.910	1
137.140	1
137.150	2
137.260	1
137.390	0
137.620	2
137.740	2
137.860	0
137.860	1
138.100	2
138.220	2
138.340	0
138.450	2
138.570	2
138.810	0
138.810	1
139.050	2
139.290	0
139.530	2
139.650	2
139.770	0
139.770	1
140.000	2
140.240	0
140.360	2
140.480	2
140.720	0
140.720	1
140.950	2
141.070	1
141.190	0
141.430	2
141.550	2
141.670	0
141.670	1
141.910	2
142.140	0
142.260	2
142.380	2
142.620	0
142.620	1
142.860	2
143.100	0
143.330	2
143.570	0
143.570	1
143.810	2
144.050	0
144.170	2
144.290	2
144.530	0
144.530	1
144.760	2
145.000	0
145.240	2
145.360	2
145.480	0
145.480	1
145.720	2
145.950	0
146.070	2
146.190	2
146.430	0
146.430	1
146.430	2
146.670	2
146.790	1
146.910	0
147.140	2
147.380	0
147.380	1
147.620	2
147.860	0
147.980	2
148.100	2
148.330	0
148.330	1
148.570	2
148.810	0
149.050	2
149.170	2
149.280	1
149.530	2
149.880	2
150.000	2
150.240	1
150.240	2
150.950	2
151.070	2
151.190	1
151.430	1
151.430	2
151.550	1
151.780	1
151.780	2
151.910	2
152.140	0
152.140	1
152.140	2
152.380	2
152.500	1
152.620	0
152.860	2
153.100	0
153.100	1
153.340	2
153.570	0
153.690	2
153.810	2
154.050	0
154.050	1
154.050	2
154.290	2
154.530	0
154.760	2
154.880	2
155.000	0
155.000	1
155.240	2
155.480	0
155.590	2
155.720	2
155.950	0
155.950	1
156.190	2
156.430	0
156.670	2
156.790	2
156.910	0
156.910	1
157.030	2
157.150	2
157.380	0
157.500	2
157.620	2
157.860	0
157.860	1
157.860	2
158.100	2
158.220	1
158.340	0
158.570	2
158.810	0
158.810	1
159.050	2
159.290	0
159.410	2
159.530	2
159.650	2
159.760	0
159.760	1
159.760	2
160.000	2
160.240	0
160.480	2
160.600	2
160.720	0
160.720	1
160.950	2
161.190	0
161.310	2
161.430	2
161.670	0
161.670	1
161.910	2
162.140	0
162.380	2
162.500	2
162.620	0
162.620	1
162.860	2
163.100	0
163.220	2
163.330	2
163.570	0
163.570	1
163.810	2
163.930	1
164.050	0
164.290	2
164.410	2
164.530	0
164.530	1
164.760	2
165.000	0
165.120	2
165.240	2
165.480	0
165.480	1
165.480	2
165.720	2
165.950	0
166.190	2
166.310	2
166.430	0
166.430	1
166.670	0
166.670	2
166.910	0
167.020	2
167.150	2
167.380	0
167.380	1
167.620	2
167.860	0
168.100	2
168.340	0
168.340	1
168.570	2
168.810	0
168.930	2
169.050	2
169.290	0
169.290	1
169.530	2
169.640	1
169.770	0
170.000	2
170.120	2
170.240	0
170.240	1
170.480	2
170.720	0
170.830	2
170.950	2
171.190	0
171.190	1
171.430	2
171.670	0
171.910	2
172.150	0
172.150	1
172.380	2
172.620	0
172.740	2
172.860	2
173.100	0
173.100	1
173.340	2
173.570	0
173.810	2
173.930	2
174.050	0
174.050	1
174.290	0
174.290	2
174.530	0
174.640	2
174.760	0
174.760	2
175.000	0
175.000	1
175.240	2
175.360	1
175.480	0
175.720	2
175.830	2
175.950	0
175.950	1
176.190	2
176.430	0
176.550	2
176.670	0
176.670	1
176.670	2
176.910	0
176.910	1
177.140	2
177.380	0
177.620	2
177.740	2
177.860	0
177.860	1
178.100	0
178.100	2
178.340	0
178.450	2
178.570	0
178.570	2
178.810	0
178.810	1
179.050	1
179.050	2
179.530	2
179.640	2
179.760	1
180.000	2
180.360	2
180.480	2
180.710	1
180.710	2
180.950	2
181.070	1
181.430	1
181.430	2
181.550	2
181.670	1
181.910	2
182.260	1
182.260	2
182.380	2
182.620	1
182.620	2
182.860	2
182.980	1
183.100	0
183.100	1
183.340	2
183.450	2
183.570	0
183.570	1
183.810	2
184.050	0
184.290	2
184.530	0
184.530	1
184.760	2
185.000	0
185.240	2
185.360	2
185.480	0
185.480	1
185.720	2
185.950	0
186.070	2
186.190	2
186.430	0
186.430	1
186.670	2
186.790	1
186.910	0
187.140	2
187.260	2
187.380	0
187.380	1
187.620	2
187.860	0
187.980	2
188.100	2
188.330	0
188.340	1
188.570	2
188.810	0
189.050	2
189.170	2
189.290	0
189.290	1
189.520	2
189.760	0
189.880	2
190.000	2
190.240	0
190.240	1
190.480	2
190.720	0
190.950	2
191.070	2
191.190	0
191.190	1
191.430	2
191.670	0
191.790	2
191.910	2
192.140	0
192.140	1
192.380	2
192.500	1
192.620	0
192.860	2
192.980	2
193.100	0
193.100	1
193.340	2
193.570	0
193.690	2
193.810	2
194.050	0
194.050	1
194.290	2
194.530	0
194.760	2
195.000	0
195.000	1
195.240	2
195.480	0
195.600	2
195.720	2
195.950	0
195.950	1
196.190	2
196.430	0
196.670	2
196.910	0
196.910	1
197.140	2
197.380	0
197.500	2
197.620	2
197.860	0
197.860	1
198.100	2
198.210	1
198.340	0
198.570	2
198.690	2
198.810	0
198.810	1
199.050	2
199.290	0
199.410	2
199.530	2
199.760	0
199.760	1
200.000	2
200.240	0
200.480	2
200.720	0
200.720	1
200.950	2
201.190	0
201.310	2
201.430	2
201.670	0
201.670	1
201.910	2
202.020	1
202.150	0
202.380	2
202.620	0
202.620	1
202.860	2
203.100	0
203.210	2
203.340	2
203.570	0
203.570	1
203.810	2
204.050	0
204.290	2
204.530	0
204.530	1
204.760	2
205.000	0
205.120	2
205.240	2
205.480	0
205.480	1
205.720	2
205.950	0
206.180	1
206.190	2
206.310	2
206.430	0
206.430	1
206.670	2
206.910	0
207.020	2
207.140	2
207.380	0
207.380	1
207.620	2
207.740	1
207.860	0
208.100	2
208.340	0
208.340	1
208.570	2
208.810	0
208.930	2
209.050	2
209.290	0
209.290	1
209.530	2
209.760	0
210.000	2
210.120	2
210.240	0
210.240	1
210.480	2
210.720	0
210.830	2
210.950	2
211.190	0
211.190	1
211.430	2
211.670	0
211.910	2
212.150	0
212.390	2
212.620	0
212.760	2
212.860	2
213.100	0
213.340	2
213.570	0
213.800	1
213.810	2
213.930	2
214.050	0
214.050	1
214.290	2
214.530	0
214.640	2
214.760	2
215.000	0
215.000	1
215.240	2
215.480	0
215.720	2
215.950	0
215.950	1
216.190	2
216.430	0
216.550	2
216.670	2
216.910	0
216.910	1
217.140	2
217.260	1
217.380	0
217.620	2
217.740	2
217.860	0
217.860	1
218.100	2
218.340	0
218.450	2
218.570	2
218.810	0
218.810	1
219.050	2
219.290	0
219.530	2
219.760	0
219.760	1
220.000	2
220.240	0
220.360	2
220.480	2
220.720	0
220.720	1
220.950	2
221.070	1
221.190	0
221.420	1
221.430	2
221.550	2
221.670	0
221.670	1
221.910	2
222.140	0
222.260	2
222.380	2
222.620	0
222.620	1
222.860	2
223.100	0
223.340	2
223.570	0
223.570	1
223.810	2
224.050	0
224.170	2
224.290	2
224.530	0
224.530	1
224.760	2
224.880	1
225.000	0
225.230	1
225.240	2
225.360	2
225.480	1
225.720	2
226.070	2
226.190	2
226.430	1
227.130	1
227.140	2
227.260	2
227.380	1
227.610	0
227.620	2
227.980	2
228.100	2
228.340	0
228.340	1
228.570	2
228.690	1
228.810	0
229.050	2
229.170	2
229.290	0
229.290	1
229.530	2
229.760	0
229.880	2
230.000	2
230.240	0
230.240	1
230.480	2
230.720	0
230.950	2
231.190	1
231.200	0
231.430	2
231.670	0
231.790	2
231.910	2
232.150	0
232.150	1
232.380	2
232.500	1
232.620	0
232.860	2
233.100	0
233.100	1
233.330	2
233.570	0
233.690	2
233.810	2
234.050	0
234.050	1
234.290	2
234.530	0
234.760	2
234.880	2
235.000	0
235.000	1
235.240	2
235.480	0
235.600	2
235.720	2
235.950	0
235.950	1
236.180	1
236.190	2
236.310	1
236.430	0
236.670	2
236.790	2
236.910	0
236.910	1
237.150	2
237.380	0
237.500	2
237.620	2
237.860	0
237.860	1
238.100	2
238.340	0
238.570	2
238.690	2
238.810	0
238.810	1
239.050	2
239.290	0
239.400	2
239.530	2
239.760	0
239.760	1
240.000	2
240.120	1
240.240	0
240.480	2
240.720	0
241.200	0
241.310	2
241.430	2
241.670	0
241.670	1
242.150	0
242.380	2
242.500	2
242.620	0
242.620	1
242.860	2
243.100	0
243.210	2
243.340	2
243.570	0
243.570	1
243.810	2
243.930	1
244.050	0
244.290	2
244.530	0
244.530	1
244.760	2
244.770	0
245.000	0
245.120	2
245.240	2
245.480	0
245.480	1
245.720	2
245.950	0
246.190	2
246.310	2
246.430	0
246.430	1
246.670	2
246.910	0
247.030	2
247.150	1
247.150	2
247.380	0
247.380	1
247.620	2
247.740	1
247.860	0
248.100	2
248.210	2
248.340	0
248.340	1
248.570	0
248.570	2
248.810	0
248.930	2
249.050	2
249.290	0
249.290	1
249.530	2
249.770	0
250.000	2
250.120	2
250.240	0
250.240	1
250.480	2
250.720	0
250.720	1
250.720	2
250.830	2
250.960	1
250.960	2
251.190	0
251.190	1
251.190	2
251.430	2
251.550	1
251.670	0
251.910	2
252.150	0
252.150	1
252.380	2
252.620	0
252.740	2
252.860	2
253.100	0
253.100	1
253.330	2
253.580	0
253.810	2
253.930	2
254.050	0
254.050	1
254.290	2
254.530	0
254.530	1
254.640	2
254.760	2
255.000	0
255.000	1
255.240	2
255.360	1
255.480	0
255.720	2
255.830	2
255.950	0
255.950	1
256.190	2
256.430	0
256.550	2
256.670	2
256.910	0
256.910	1
257.140	2
257.380	0
257.620	2
257.740	2
257.860	0
257.860	1
258.090	0
258.100	2
258.340	0
258.450	2
258.570	2
258.810	0
258.810	1
259.050	2
259.170	1
259.290	0
259.530	2
259.640	2
259.760	0
259.760	1
260.000	2
260.240	0
260.360	2
260.480	2
260.720	0
260.720	1
260.950	2
261.190	0
261.430	2
261.550	2
261.670	0
261.670	1
261.900	1
261.910	2
262.030	0
262.140	0
262.260	2
262.380	2
262.390	1
262.620	0
262.620	1
262.860	2
262.980	1
263.100	0
263.330	2
263.450	2
263.570	0
263.570	1
263.810	2
264.050	0
264.170	2
264.290	2
264.530	0
264.530	1
264.760	2
265.000	0
265.240	2
265.360	2
265.480	0
265.480	1
265.720	2
265.960	0
266.070	2
266.190	2
266.200	1
266.430	0
266.430	1
266.670	2
266.790	1
266.910	0
267.140	2
267.260	2
267.380	0
267.380	1
267.620	0
267.620	2
267.860	0
267.980	2
268.100	2
268.340	0
268.340	1
268.570	2
268.810	0
269.050	2
269.170	2
269.290	0
269.290	1
269.530	2
269.770	0
269.880	2
270.000	1
270.000	2
270.240	0
270.240	1
270.480	2
270.590	1
270.720	0
270.950	2
271.070	2
271.190	0
271.190	1
271.430	2
271.670	0
271.780	2
271.910	0
271.910	2
272.150	0
272.150	1
272.380	2
272.620	0
272.860	2
272.980	2
273.100	0
273.100	1
273.330	2
273.570	0
273.690	2
273.810	2
273.820	1
274.050	0
274.050	1
274.290	2
274.400	1
274.530	0
274.760	2
274.880	2
275.000	0
275.000	1
275.240	0
275.240	2
275.480	0
275.590	2
275.720	2
275.950	0
275.950	1
276.190	2
276.430	0
276.670	2
276.790	2
276.910	0
276.910	1
277.140	2
277.380	0
277.500	2
277.620	2
277.860	0
277.860	1
278.100	2
278.220	1
278.340	0
278.570	2
278.690	2
278.810	0
278.810	1
279.050	2
279.290	0
279.400	2
279.530	2
279.760	0
279.760	1
280.000	2
280.130	0
280.240	0
280.480	2
280.600	2
280.720	0
280.720	1
280.950	2
281.190	0
281.310	2
281.430	0
281.430	2
281.670	0
281.670	1
281.910	2
282.020	1
282.150	0
282.380	2
282.500	2
282.620	0
282.620	1
282.860	2
283.100	0
283.210	2
283.340	2
283.570	0
283.570	1
283.810	2
284.050	0
284.290	2
284.530	0
284.530	1
284.760	2
285.000	0
285.000	2
285.120	2
285.240	2
285.480	0
285.480	1
285.720	2
285.830	1
285.960	0
286.190	2
286.310	2
286.430	0
286.430	1
286.670	0
286.670	2
286.910	0
287.020	2
287.140	2
287.380	0
287.380	1
287.620	2
287.860	0
288.100	2
288.340	0
288.340	1
288.570	2
288.810	0
288.930	2
289.050	2
289.290	0
289.290	1
289.530	2
289.640	1
289.770	0
290.000	1
290.000	2
290.120	2
290.240	0
290.240	1
290.480	0
290.480	2
290.720	0
290.830	2
290.950	2
291.190	0
291.190	1
291.430	2
291.670	0
291.910	2
292.020	2
292.150	0
292.150	1
292.380	2
292.620	0
292.620	2
292.740	2
292.860	0
292.860	2
293.100	0
293.100	1
293.340	2
293.450	1
293.580	0
293.810	2
293.930	2
294.050	0
294.050	1
294.290	2
294.530	0
294.640	2
294.760	2
295.000	0
295.000	1
295.240	2
295.480	0
295.720	2
295.830	2
295.950	1
295.960	0
296.190	2
296.430	0
296.430	2
296.550	2
296.670	0
296.670	2
296.910	0
296.910	1
297.150	2
297.260	1
297.380	0
297.620	2
297.740	2
297.860	0
297.860	1
298.100	2
298.340	0
298.450	2
298.570	2
298.810	0
298.810	1
298.810	2
299.050	2
299.290	0
299.530	2
299.640	2
299.760	0
299.760	1
300.000	2
300.240	0
300.240	2
300.360	2
300.480	1
300.480	2
300.720	0
300.720	1
300.950	2
301.070	1
301.190	0
301.430	2
301.550	2
301.670	0
301.670	1
301.910	2
302.140	0
302.260	2
302.380	2
302.620	0
302.620	1
302.860	2
303.100	0
303.330	2
303.450	2
303.570	0
303.570	1
303.810	2
304.050	0
304.050	2
304.170	2
304.290	0
304.290	2
304.530	0
304.530	1
304.760	2
304.880	1
305.000	0
305.240	2
305.360	2
305.480	0
305.480	1
305.720	2
305.950	0
306.070	2
306.190	2
306.430	0
306.430	1
306.670	2
306.910	0
307.140	2
307.260	2
307.380	0
307.380	1
307.620	2
307.860	0
307.980	2
308.100	1
308.100	2
308.340	0
308.340	1
308.570	2
308.690	1
308.820	0
309.050	2
309.170	2
309.290	0
309.290	1
309.530	0
309.530	2
309.760	0
309.880	2
310.000	2
310.240	0
310.240	1
310.480	2
310.720	0
310.950	2
311.070	2
311.190	0
311.190	1
311.430	0
311.430	2
311.670	0
311.670	2
311.780	2
311.910	0
311.910	1
311.910	2
312.140	0
312.140	1
312.380	2
312.500	1
312.620	0
312.860	2
312.980	2
313.100	0
313.100	1
313.340	2
313.570	0
313.690	2
313.810	2
314.050	0
314.050	1
314.290	2
314.530	0
314.760	2
314.880	2
315.000	0
315.000	1
315.240	0
315.240	2
315.480	0
315.480	1
315.600	2
315.720	0
315.720	1
315.720	2
315.960	0
315.960	1
316.190	2
316.310	1
316.430	0
316.670	2
316.790	2
316.910	0
316.910	1
317.150	2
317.380	0
317.500	2
317.620	2
317.860	0
317.860	1
318.100	2
318.340	0
318.570	2
318.690	2
318.810	0
318.810	1
319.050	2
319.290	0
319.400	2
319.530	2
319.760	0
319.760	1
320.000	2
320.120	1
320.240	0
320.480	2
320.600	2
320.720	0
320.720	1
320.960	2
321.190	0
321.310	2
321.430	2
321.670	0
321.670	1
321.910	2
322.150	0
322.380	2
322.500	2
322.620	0
322.620	1
322.860	0
322.860	2
323.100	0
323.100	1
323.210	2
323.340	1
323.340	2
323.570	0
323.570	1
323.810	2
323.930	1
324.050	0
324.290	2
324.530	0
324.530	1
324.760	2
325.000	0
325.120	2
325.240	2
325.480	0
325.480	1
325.720	2
325.960	0
326.190	2
326.310	2
326.430	0
326.430	1
326.670	2
326.910	0
327.030	2
327.150	1
327.150	2
327.380	0
327.380	1
327.620	2
327.740	1
327.860	0
328.100	2
328.340	0
328.340	1
328.570	2
328.580	0
328.810	0
328.930	2
329.050	2
329.290	0
329.290	1
329.530	2
329.640	2
329.770	0
330.000	2
330.120	2
330.240	0
330.240	1
330.480	2
330.720	0
330.720	1
330.830	2
330.960	1
330.960	2
331.190	0
331.190	1
331.430	2
331.550	1
331.670	0
331.910	2
332.020	2
332.150	0
332.150	1
332.380	2
332.620	0
332.740	2
332.860	0
332.860	2
333.100	0
333.100	1
333.340	2
333.580	0
333.810	2
333.930	2
334.050	0
334.050	1
334.290	2
334.530	0
334.640	2
334.770	1
334.770	2
335.000	0
335.000	1
335.240	2
335.360	1
335.480	0
335.720	2
335.950	1
335.960	0
336.190	2
336.430	0
336.550	2
336.670	2
336.910	0
336.910	1
337.140	2
337.380	0
337.620	2
337.860	0
337.860	1
338.100	2
338.330	0
338.580	2
338.810	0
338.810	1
339.160	1
339.290	0
339.540	2
339.760	0
340.010	2
340.240	0
340.490	2
340.720	0
340.960	2
341.190	0
341.440	2
341.670	0
342.140	0
342.390	2
342.620	0
342.870	2
343.100	0
343.350	2
343.570	0
343.820	2
344.050	0
344.300	2
344.530	0
345.000	0
345.480	0
345.720	2
345.950	0
346.200	2
346.430	0
346.910	0
347.380	0
347.630	2
347.860	0
348.110	2
348.340	0
348.810	0
349.060	2
349.290	0
349.540	2
349.760	0
350.020	2
350.240	0
350.730	0
351.440	0
351.440	2
353.580	0
353.820	0
353.820	2
354.060	0
354.310	2
354.540	0
354.780	2
355.260	0
355.260	2
355.740	2
357.640	0
357.870	0
359.070	0
361.210	0
361.690	0
362.160	0
362.880	0
365.020	0
365.260	0
365.500	0
