0.480	0
22.610	0
24.570	1
25.160	1
26.150	1
26.740	0
26.740	1
26.960	2
27.540	2
27.730	1
28.320	0
28.320	1
28.720	0
28.720	2
29.310	1
30.890	1
31.480	0
31.480	1
32.460	1
32.730	2
33.060	1
33.270	2
34.040	1
34.630	1
34.840	2
35.040	2
35.620	1
36.210	1
37.200	1
37.790	1
38.780	1
39.050	2
39.590	2
39.780	0
40.170	2
40.360	1
40.950	1
41.160	2
41.350	2
41.940	1
42.220	2
42.530	1
43.520	1
43.790	2
44.110	1
44.320	2
44.510	0
44.700	0
45.880	1
45.880	2
46.670	2
47.460	2
47.860	1
48.250	2
48.450	0
49.040	1
49.040	2
49.830	2
50.620	2
51.410	2
52.200	2
52.990	2
53.780	2
54.570	2
54.770	0
55.360	2
56.150	2
56.940	2
58.520	2
59.310	2
60.490	0
61.080	0
61.670	2
62.460	2
63.250	2
63.450	0
64.040	2
64.830	2
65.620	2
66.410	2
66.810	0
67.200	2
67.990	2
68.780	2
69.570	2
73.600	2
82.610	1
85.760	0
85.760	1
86.350	1
88.130	1
88.910	0
89.310	2
90.090	2
90.500	1
92.460	2
93.250	2
94.040	2
94.830	2
95.620	2
96.410	2
97.200	2
97.990	2
98.780	2
99.570	2
100.360	2
101.150	2
101.940	2
102.730	2
103.520	2
104.300	2
105.100	2
107.460	1
107.460	2
107.860	0
109.040	2
109.830	2
110.620	0
110.620	2
111.020	0
111.410	2
112.200	2
112.990	2
113.780	2
114.180	0
114.570	2
115.170	0
115.360	2
116.150	2
116.940	2
117.340	0
117.730	2
120.090	2
120.890	2
121.670	2
122.460	2
123.250	2
124.040	2
124.240	0
124.830	2
125.620	2
126.410	2
127.200	2
127.400	0
127.990	2
128.780	2
130.360	2
131.150	2
131.940	2
133.130	0
133.520	2
135.100	2
137.460	2
139.040	2
139.830	2
140.620	2
141.020	1
142.600	0
143.390	1
144.570	0
144.960	1
145.760	0
146.540	1
147.340	0
147.740	0
148.120	0
148.120	1
148.920	0
149.700	1
150.500	0
151.280	0
151.280	1
152.070	0
152.860	1
153.650	1
156.020	1
156.810	0
157.210	0
157.600	1
158.390	0
159.170	1
160.950	1
161.550	0
162.330	1
163.520	0
163.910	1
164.700	1
166.280	1
168.650	1
169.450	0
169.840	0
170.230	1
171.800	1
172.400	0
172.600	0
173.000	0
174.170	0
174.960	1
175.760	0
176.160	0
176.540	1
177.340	0
178.120	1
178.910	1
178.910	2
181.280	1
182.470	0
182.860	1
183.650	0
184.440	1
185.630	0
186.020	1
186.210	1
187.590	1
188.780	0
189.170	1
189.960	1
192.330	1
225.360	0
257.680	1
257.790	1
258.660	1
