1.290	2
1.670	1
2.050	2
2.090	2
2.450	2
2.540	2
3.450	2
3.600	2
3.720	1
4.480	2
5.320	2
5.450	2
5.770	1
6.030	2
6.140	2
6.190	2
6.420	2
6.960	2
7.350	2
7.560	2
7.860	1
8.190	2
8.350	2
8.580	2
8.740	2
8.850	0
8.850	2
9.100	0
9.180	2
9.360	0
9.360	2
9.550	2
9.910	2
10.240	2
10.720	2
10.900	0
10.900	2
11.160	0
11.230	2
11.410	0
11.410	1
11.410	2
11.650	2
11.800	2
12.060	2
12.310	2
12.560	2
12.680	2
12.840	2
12.950	0
12.950	2
13.290	2
13.590	2
13.980	1
14.230	2
14.350	2
14.390	2
14.620	2
14.760	2
15.000	0
15.260	0
15.560	2
15.630	2
15.760	2
15.910	2
16.180	2
16.410	2
16.660	2
16.790	2
17.050	0
17.310	0
17.310	1
17.310	2
17.580	2
17.690	2
17.950	2
18.080	1
18.460	1
18.460	2
18.590	0
18.730	2
18.850	1
19.100	0
19.360	0
19.620	0
19.620	2
19.730	2
19.860	2
20.010	2
20.130	1
20.220	2
20.510	1
20.770	1
20.890	1
21.160	0
21.410	0
21.410	1
21.690	2
21.790	2
22.050	2
22.180	1
22.300	2
22.560	1
22.560	2
22.700	0
22.830	2
22.950	1
23.050	2
23.210	0
23.960	2
24.110	2
24.230	1
24.330	2
24.620	1
24.990	1
25.260	0
25.790	2
25.900	2
26.280	1
26.670	1
26.670	2
26.800	0
26.930	2
27.060	1
27.310	0
27.570	0
27.830	2
27.940	2
28.210	2
28.340	1
28.720	1
28.720	2
28.970	2
29.360	0
29.620	0
29.900	2
30.000	2
30.260	2
30.390	1
30.640	2
30.770	1
30.770	2
30.900	0
31.030	2
31.160	1
31.410	0
31.670	0
32.170	2
32.320	2
32.440	1
32.530	2
32.820	1
32.820	2
33.070	2
33.200	1
33.460	0
33.720	0
33.980	0
33.980	2
34.100	2
34.360	2
34.490	1
34.610	2
34.870	1
34.870	2
35.000	0
35.140	2
35.260	1
35.360	2
35.510	0
35.770	0
36.030	0
36.140	2
36.270	2
36.420	2
36.540	1
36.930	1
37.300	1
37.570	0
37.820	0
37.820	1
38.080	0
38.080	1
38.080	2
38.200	2
38.460	2
38.590	1
38.710	2
38.970	1
38.970	2
39.010	2
39.110	0
39.240	2
39.360	1
39.460	2
39.620	0
40.250	2
40.370	2
40.520	2
40.770	1
41.030	1
41.400	1
41.670	0
41.920	0
42.200	2
42.310	2
42.570	2
42.690	1
43.080	1
43.080	2
43.210	0
43.340	2
43.460	1
43.720	0
43.980	0
44.350	2
44.470	2
44.620	2
44.750	1
44.840	2
45.130	1
45.130	2
45.500	1
45.500	2
46.300	2
46.410	2
47.050	2
47.170	2
47.210	2
47.310	0
47.440	2
47.580	2
47.670	2
47.950	0
48.240	2
48.360	2
48.450	2
48.580	2
48.730	2
49.230	2
49.610	2
49.770	2
49.870	0
50.130	0
50.130	2
50.390	0
50.390	2
50.510	2
50.770	2
50.900	1
51.150	2
51.280	1
51.280	2
51.410	0
51.550	2
51.670	1
51.670	2
51.930	0
52.180	0
52.180	2
52.440	0
52.440	2
52.550	2
52.680	2
52.830	2
52.950	1
53.040	2
53.330	1
53.330	2
53.710	1
53.710	2
53.870	2
53.980	0
54.230	0
54.490	0
54.490	2
54.610	2
54.870	2
55.000	1
55.380	1
55.380	2
55.420	2
55.520	0
55.650	2
55.770	1
55.770	2
56.030	0
56.280	0
56.280	2
56.540	0
56.780	2
56.930	2
57.050	1
57.440	1
57.440	2
57.830	1
57.830	2
58.090	0
58.350	0
58.350	2
58.730	2
58.990	2
59.120	1
59.370	2
59.500	1
59.500	2
60.640	0
60.640	2
60.900	0
60.900	2
62.190	0
62.190	2
62.460	2
62.820	2
63.080	2
63.210	1
63.330	2
63.460	2
63.590	1
63.590	2
63.720	0
63.850	2
63.980	1
64.230	0
64.650	2
64.870	2
64.990	2
65.140	2
65.260	1
65.350	2
65.410	2
65.520	1
65.610	2
66.280	0
66.540	0
66.540	2
66.790	0
66.920	2
67.180	2
67.310	1
67.560	2
67.690	1
67.690	2
67.820	0
67.960	2
68.080	1
68.340	0
68.590	0
68.590	2
68.970	2
69.090	2
69.240	2
69.360	1
69.450	2
69.740	1
70.120	1
70.120	2
70.280	2
70.390	0
70.920	2
71.020	2
71.410	1
71.530	2
71.790	1
71.790	2
71.830	2
71.930	0
72.060	2
72.180	1
72.180	2
72.440	0
72.690	0
72.950	0
73.190	2
73.340	2
73.590	1
73.850	1
74.220	1
74.220	2
74.490	2
75.520	1
75.930	2
76.160	1
76.160	2
77.170	2
77.950	1
78.320	2
78.840	0
79.620	1
80.640	0
80.640	1
81.030	1
81.030	2
81.160	1
81.670	1
81.910	2
82.690	0
83.220	2
83.330	2
83.720	1
83.970	2
84.100	1
84.100	2
84.230	0
84.370	2
84.490	1
84.490	2
84.750	0
85.000	0
85.260	0
85.260	2
85.500	2
85.650	2
85.900	1
86.150	1
86.530	1
86.530	2
86.800	0
87.330	2
87.430	2
87.820	1
88.340	0
88.470	2
88.590	1
88.850	0
88.850	2
89.100	0
89.360	0
89.360	2
89.480	2
89.540	2
89.600	2
89.750	2
89.870	1
90.250	1
90.630	1
90.630	2
90.790	2
90.900	0
90.900	2
91.150	0
91.410	0
91.410	2
91.700	1
91.920	1
92.310	1
92.440	0
92.440	2
92.570	2
92.690	1
92.950	0
92.950	2
93.210	0
93.290	2
93.460	0
93.460	2
93.640	2
93.980	1
94.360	1
94.610	1
94.730	1
95.000	0
95.000	2
95.260	0
95.510	0
96.030	1
96.410	1
96.540	0
96.670	2
96.800	1
97.050	0
97.310	0
97.560	0
97.950	2
98.080	1
98.460	1
98.840	1
99.100	0
99.360	0
99.620	0
99.620	2
100.130	1
100.510	1
100.510	2
100.640	0
100.780	2
100.900	1
101.160	0
101.410	0
101.670	0
101.780	2
101.910	2
102.060	2
102.180	1
102.570	1
102.940	1
103.210	0
103.460	0
103.720	0
103.720	2
103.840	2
104.230	1
104.350	2
104.610	1
104.610	2
104.750	0
104.880	2
105.000	1
105.260	0
105.510	0
105.770	0
106.160	2
106.290	1
106.410	1
106.490	2
106.670	1
106.670	2
106.820	2
107.040	1
107.040	2
107.310	0
107.310	2
107.560	0
107.820	0
107.820	2
107.940	2
108.110	1
108.340	1
108.720	1
108.850	0
108.850	2
108.980	2
109.110	1
109.360	0
109.360	2
109.610	0
109.870	0
109.870	2
109.990	2
110.390	1
110.770	1
110.770	2
111.150	1
111.410	0
111.410	2
111.670	0
111.750	2
111.920	0
111.920	2
112.040	2
112.280	2
112.440	1
112.820	1
112.820	2
112.950	0
113.210	1
113.460	0
113.460	2
114.260	1
114.490	1
114.870	1
115.250	1
115.250	2
115.510	0
115.770	0
116.030	0
116.150	2
116.410	2
116.540	1
116.660	2
116.920	1
116.920	2
116.960	2
117.190	2
117.310	1
117.570	0
117.570	2
117.820	0
118.080	0
118.080	2
118.260	2
118.590	1
118.630	2
119.350	1
119.620	0
119.620	2
119.870	0
120.130	0
120.250	2
120.640	1
120.680	2
121.020	1
121.020	2
121.060	2
121.290	2
121.410	1
121.670	0
121.670	2
121.930	0
122.300	2
122.370	2
122.540	2
122.720	1
122.720	2
123.450	1
123.450	2
123.720	0
123.720	2
123.970	0
124.230	0
124.230	2
124.420	2
124.560	1
124.750	1
125.070	1
125.110	2
125.260	0
125.260	2
125.390	2
125.430	2
125.520	1
125.770	0
125.770	2
126.030	0
126.100	1
126.280	0
126.400	2
126.470	2
126.530	2
126.800	1
127.560	1
127.820	0
127.820	2
128.080	0
128.150	1
128.330	0
128.520	2
128.850	1
128.890	2
129.180	1
129.360	0
129.360	2
129.500	2
129.620	1
129.690	1
129.870	0
129.880	2
130.390	0
131.120	2
131.920	0
131.920	2
132.180	0
132.260	1
132.440	0
132.560	2
132.950	1
132.990	2
133.320	2
133.370	2
133.600	2
133.720	1
133.970	0
133.970	2
134.230	0
134.490	0
134.490	2
134.610	2
134.670	2
135.000	1
135.040	2
135.760	1
136.030	0
136.030	2
136.280	0
136.540	0
136.540	2
136.670	2
137.050	1
137.090	2
137.420	2
137.470	2
137.700	2
137.820	1
138.080	0
138.080	2
138.340	0
138.710	2
139.130	1
139.490	1
139.860	1
140.020	2
140.830	2
141.160	1
141.200	2
141.540	1
141.930	1
142.740	2
142.880	2
143.210	1
143.250	2
143.570	2
143.960	2
144.930	2
145.100	2
145.260	1
145.300	2
145.620	2
145.910	2
146.830	2
146.980	2
147.150	2
147.350	2
148.330	0
148.330	2
148.590	0
148.850	0
148.850	2
148.970	2
149.360	1
149.400	2
149.730	2
149.870	0
149.870	2
150.010	2
150.130	1
150.200	1
150.390	0
150.390	2
150.640	0
150.720	2
150.900	0
150.900	2
150.950	2
151.080	2
151.410	1
151.410	2
151.450	2
151.780	1
151.780	2
152.170	1
152.170	2
152.330	2
152.440	0
152.440	2
152.690	0
152.950	0
152.950	1
152.950	2
153.070	2
153.460	1
153.830	2
153.840	1
153.880	2
153.980	0
153.980	2
154.110	2
154.230	1
154.490	0
154.490	2
154.740	0
154.820	2
155.000	0
155.000	2
155.390	2
155.550	1
155.640	1
155.890	1
156.270	1
156.270	2
156.430	2
156.540	0
156.540	2
156.800	0
156.800	2
157.050	0
157.050	1
157.050	2
157.180	2
157.570	1
157.950	1
158.080	0
158.210	2
158.340	1
158.590	0
158.850	0
159.110	0
159.220	2
159.350	2
159.490	2
159.620	1
159.710	2
160.000	1
160.000	2
160.640	0
160.900	0
161.170	2
161.280	2
161.540	2
161.670	1
161.920	2
162.050	1
162.050	2
162.180	0
162.320	2
162.440	1
162.690	0
164.740	0
165.020	2
165.280	2
165.380	2
165.770	1
165.890	2
166.020	2
166.150	1
166.150	2
166.190	2
166.280	0
166.420	2
166.540	1
166.800	0
167.050	0
167.430	2
167.550	2
167.700	2
167.820	1
168.210	1
168.580	1
168.580	2
168.850	0
169.380	2
169.490	2
169.870	1
169.990	2
170.250	1
170.250	2
170.290	2
170.390	0
170.520	2
170.640	1
170.640	2
170.900	0
171.150	0
171.410	0
171.650	2
171.800	2
172.310	1
172.680	1
172.950	0
173.480	2
173.590	2
173.980	1
174.230	2
174.360	1
174.360	2
174.490	0
174.620	2
174.750	1
175.000	0
175.260	0
175.520	0
175.630	2
175.760	2
175.910	2
176.030	1
176.120	2
176.410	1
176.410	2
176.660	2
176.790	1
179.140	2
179.640	2
181.160	0
181.690	2
181.790	2
182.050	2
182.180	1
182.300	2
182.430	2
182.560	1
182.560	2
182.600	2
182.690	0
182.830	2
182.950	1
182.950	2
183.020	1
183.210	0
183.460	0
183.720	0
183.960	2
184.110	2
184.360	1
184.620	1
184.860	2
184.990	1
184.990	2
185.150	2
185.260	0
185.790	2
185.900	2
186.280	1
186.540	2
186.670	1
186.670	2
186.800	0
186.930	2
187.060	1
187.310	0
187.570	0
187.690	2
187.820	0
187.940	2
188.060	2
188.210	2
188.340	1
188.430	2
188.720	1
188.720	2
188.970	1
189.090	1
189.250	2
189.640	2
190.000	2
190.390	1
190.640	2
190.770	1
190.770	2
190.900	0
191.030	2
191.160	1
191.410	0
191.670	0
191.930	0
192.040	2
192.170	2
192.320	2
193.590	1
193.710	1
193.710	2
193.870	2
193.980	0
194.230	0
194.510	2
194.610	2
194.870	2
195.000	1
195.120	2
195.380	1
195.380	2
195.420	2
195.550	2
196.050	2
196.540	0
196.540	2
196.680	2
196.800	1
197.050	0
197.570	0
197.570	2
197.900	1
198.100	2
198.210	2
198.590	1
198.630	2
198.960	2
199.010	2
199.110	0
199.110	2
199.240	2
199.360	1
199.430	1
199.620	0
199.620	2
199.870	0
199.940	2
200.130	0
200.130	1
200.130	2
200.460	1
200.680	1
200.770	1
201.010	1
201.010	2
201.270	2
201.400	1
201.560	2
201.670	0
201.670	2
202.000	1
202.200	2
202.310	2
202.510	1
202.700	1
203.060	2
203.080	1
203.210	0
203.210	2
203.340	2
203.460	1
203.540	1
203.720	0
203.720	2
203.980	0
204.050	2
204.230	0
204.230	2
204.350	2
204.420	2
204.620	2
204.750	1
204.900	2
205.130	1
205.130	2
205.500	1
205.660	2
205.790	2
206.410	2
206.830	2
207.050	2
207.170	2
207.210	2
207.450	2
207.580	2
208.580	2
208.730	2
208.940	2
209.230	2
209.480	2
209.610	2
209.770	2
210.510	2
210.770	2
211.150	2
211.280	2
211.320	2
211.550	2
211.680	2
211.770	2
212.680	2
212.830	2
213.040	2
213.110	2
