58.310	0
59.820	2
62.310	0
62.310	2
63.310	1
63.310	2
64.310	0
64.310	2
65.310	1
65.310	2
67.310	1
67.310	2
68.640	2
69.310	1
70.310	0
70.310	2
71.310	1
71.310	2
72.310	0
72.310	2
73.310	1
73.310	2
74.310	0
74.310	2
75.310	1
75.310	2
76.310	0
76.310	2
76.820	2
77.310	1
77.310	2
78.310	0
78.310	2
79.310	1
79.310	2
80.310	0
80.310	2
81.310	1
81.310	2
82.700	0
82.700	2
83.310	1
83.310	2
84.640	2
85.310	1
86.310	0
86.310	2
87.310	1
87.310	2
88.310	0
88.310	2
89.310	1
89.310	2
90.310	0
90.310	2
91.310	1
91.310	2
92.310	0
92.310	2
93.310	1
93.310	2
94.310	0
94.310	2
95.310	1
95.310	2
96.310	0
96.310	2
97.310	1
97.310	2
98.200	0
98.200	1
98.200	2
98.310	0
99.310	1
99.310	2
100.640	2
101.310	1
102.310	0
102.310	2
103.310	1
103.310	2
104.310	0
104.310	2
105.310	1
105.310	2
106.310	0
106.310	2
107.310	1
107.310	2
108.310	0
108.310	2
108.810	2
109.310	1
110.310	0
110.310	2
111.310	1
111.310	2
112.310	0
112.310	2
113.310	1
113.310	2
114.310	0
114.310	2
115.310	1
115.310	2
116.640	2
117.310	1
117.310	2
118.310	0
118.310	2
119.310	1
119.310	2
120.310	0
120.310	2
120.820	2
121.310	1
121.310	2
122.310	0
122.310	2
123.310	1
123.310	2
153.270	1
154.820	2
155.820	2
158.310	0
158.310	2
159.310	1
159.310	2
160.310	0
160.310	2
161.310	1
161.310	2
161.720	0
162.020	0
162.440	0
163.310	1
163.310	2
164.640	2
165.310	1
165.660	0
165.910	0
166.310	0
166.310	2
167.310	1
167.310	2
167.420	0
168.310	0
168.310	2
169.310	1
169.310	2
169.720	0
170.020	0
170.440	0
171.310	1
171.310	2
171.420	0
172.640	2
172.920	0
173.310	1
174.310	0
174.310	2
175.310	1
175.310	2
175.420	0
176.310	0
176.310	2
177.310	1
177.310	2
177.720	0
178.020	0
178.440	0
179.310	1
179.310	2
179.420	0
180.640	2
181.310	1
181.660	0
181.910	0
182.310	0
182.310	2
183.310	1
183.310	2
183.420	0
184.310	0
184.310	2
185.310	1
185.310	2
185.720	0
186.020	0
186.440	0
187.310	1
187.310	2
188.810	2
188.920	0
189.180	1
190.310	0
190.310	2
190.810	2
191.310	1
191.310	2
191.810	2
192.310	0
192.310	2
192.810	2
193.310	1
193.310	2
193.810	2
194.020	0
194.450	0
194.810	2
195.310	1
195.310	2
195.420	0
195.810	2
196.640	2
196.810	2
197.310	1
197.670	0
197.810	2
198.310	0
198.310	2
198.810	2
199.310	1
199.310	2
199.810	2
200.310	0
200.310	2
200.810	2
201.310	1
201.310	2
201.430	0
201.810	2
202.020	0
202.440	0
202.810	2
203.310	1
203.310	2
203.420	0
203.810	2
204.640	2
204.810	2
204.920	0
205.310	1
205.810	2
206.310	0
206.310	2
206.810	2
207.310	1
207.310	2
207.420	0
207.810	2
208.310	0
208.310	2
208.810	2
209.310	1
209.310	2
209.810	2
210.020	0
210.450	0
210.810	2
211.310	1
211.310	2
211.420	0
211.810	2
212.640	2
212.810	2
213.310	1
213.660	0
213.810	2
214.310	0
214.310	2
214.810	2
215.310	1
215.310	2
215.810	2
216.310	0
216.310	2
216.810	2
217.310	1
217.310	2
217.430	0
217.430	2
217.810	2
218.020	0
218.440	0
218.810	2
219.310	1
219.310	2
219.420	0
219.810	2
220.810	2
220.930	0
221.180	1
221.810	2
