8.640	2
9.270	0
10.330	2
15.400	2
16.030	0
17.090	2
18.570	2
20.680	0
20.890	2
21.100	2
21.320	2
21.520	1
21.920	0
22.140	2
22.340	0
22.370	0
22.580	2
23.630	2
23.850	2
24.060	0
24.060	2
24.270	2
24.480	2
24.700	2
24.900	0
25.520	2
25.720	0
25.750	0
25.960	2
26.800	2
26.960	2
27.170	2
27.310	2
27.380	2
27.440	0
27.440	2
27.650	2
27.860	0
27.860	2
28.080	2
28.280	0
28.900	2
29.130	0
29.340	2
29.550	0
30.180	2
30.390	0
30.470	2
30.600	2
30.820	0
31.030	2
31.240	2
31.660	0
32.060	0
32.510	0
32.720	2
33.350	0
37.580	0
37.580	2
38.000	0
38.220	2
38.420	1
38.830	0
39.040	2
39.250	0
39.480	2
40.320	2
40.540	2
40.750	2
40.960	0
40.960	2
41.170	2
41.380	0
41.380	2
41.800	0
41.800	2
42.200	0
42.420	2
42.650	0
42.650	2
42.860	2
43.070	0
43.500	1
44.000	2
44.070	2
44.130	2
44.210	2
44.340	0
44.340	2
44.550	2
45.610	0
46.010	0
46.240	2
46.450	0
47.510	2
47.720	0
47.720	2
47.930	2
48.140	0
48.560	0
48.560	2
49.410	0
49.410	2
49.830	0
50.680	0
51.100	0
51.740	0
51.950	1
52.370	0
52.790	0
53.000	0
53.420	0
53.640	1
54.480	0
55.320	0
55.320	2
56.170	0
56.380	0
56.590	1
57.860	0
58.080	2
59.130	0
59.530	0
59.760	0
59.760	2
60.400	1
60.600	2
60.820	2
61.030	2
61.240	0
61.240	2
61.450	2
61.660	0
62.080	0
62.080	2
62.930	0
63.350	0
64.200	0
64.280	2
64.350	2
64.490	2
64.560	2
64.620	0
64.620	2
65.870	0
66.080	2
66.310	0
66.520	2
67.360	2
67.580	2
67.790	2
68.000	0
68.000	2
68.210	2
68.840	0
68.840	2
69.690	0
69.700	2
71.040	2
71.250	2
71.380	0
71.600	2
71.810	2
72.020	0
72.020	2
72.230	1
72.650	0
73.050	0
73.050	2
73.280	0
73.280	2
73.920	1
74.120	2
74.340	2
74.550	2
74.760	0
74.760	2
74.970	2
75.180	0
75.600	0
75.600	2
76.220	2
76.460	0
76.460	2
76.880	0
77.720	0
77.800	2
78.080	2
78.140	0
78.140	2
78.360	2
78.570	2
78.780	2
78.990	1
79.410	0
79.820	0
80.040	2
80.680	1
80.880	2
81.100	2
81.310	2
81.520	0
81.520	2
81.730	2
82.360	0
82.360	2
83.190	0
84.560	2
84.690	2
84.770	2
84.900	0
84.900	2
85.330	0
85.750	1
86.170	0
86.570	2
86.580	0
86.800	2
87.860	2
88.070	2
88.280	0
88.280	2
89.130	0
89.130	2
89.750	2
89.980	0
90.800	2
90.810	0
93.780	0
96.950	2
98.420	0
98.420	2
99.270	1
99.690	0
100.110	0
100.540	0
100.960	1
101.800	0
102.430	1
102.650	0
103.490	0
104.340	1
105.180	0
105.180	2
106.030	0
106.880	0
107.720	0
108.560	1
109.830	0
111.100	0
111.520	0
113.630	0
113.630	2
114.060	0
115.320	2
116.170	2
117.440	0
117.440	2
118.700	2
118.710	0
118.920	2
119.130	0
119.130	2
119.340	0
119.550	1
119.970	0
120.170	0
120.170	2
120.390	0
120.610	2
120.820	1
121.030	0
122.080	0
122.080	2
122.510	0
122.930	0
122.930	2
123.140	0
123.140	1
123.330	0
123.770	0
124.200	2
124.410	0
124.620	1
124.830	1
125.040	1
125.120	2
125.330	2
125.460	2
125.470	0
125.680	1
125.680	2
125.890	1
126.100	0
126.310	1
126.520	1
126.520	2
126.730	0
126.930	2
127.260	1
127.370	0
127.370	2
127.680	1
127.680	2
127.790	1
128.200	1
128.420	0
128.420	2
128.630	2
128.840	2
128.850	0
129.060	1
129.270	0
129.270	2
129.480	0
129.690	0
130.310	2
130.540	0
130.960	0
131.590	0
131.800	0
131.800	2
131.880	2
131.950	2
132.010	2
132.230	0
132.230	2
132.650	0
132.860	0
133.070	1
133.490	0
133.700	0
133.910	0
133.910	2
134.340	1
134.550	0
134.970	1
135.600	0
135.600	2
136.450	0
136.450	2
136.660	0
136.660	1
137.290	0
137.290	2
137.510	1
137.720	1
137.720	2
137.930	0
138.240	0
138.350	1
138.350	2
138.570	1
138.670	1
138.990	0
138.990	2
139.200	1
139.200	2
139.410	1
139.620	0
139.830	1
139.830	2
140.040	1
140.040	2
140.250	0
140.450	2
140.680	0
140.790	2
140.890	0
140.890	2
141.210	2
141.320	1
141.320	2
141.880	2
141.940	2
142.370	0
142.370	2
142.580	1
142.790	2
143.000	0
143.210	0
143.830	2
144.060	0
144.270	2
145.110	0
145.320	2
145.400	2
145.530	2
145.750	0
145.750	2
146.170	2
146.380	0
146.590	1
146.590	2
147.000	0
147.210	0
147.210	2
147.430	0
147.650	2
147.860	1
148.070	0
148.710	1
149.120	0
149.120	2
149.550	0
149.970	0
149.970	2
150.180	0
150.180	1
150.820	0
151.240	0
151.240	1
151.240	2
151.450	0
151.450	2
151.870	1
151.870	2
152.090	0
152.090	1
152.510	0
152.510	2
152.720	1
152.720	2
152.930	1
153.140	0
153.350	1
153.350	2
153.450	2
153.570	2
153.760	0
153.970	2
154.200	0
154.310	2
154.410	0
154.410	2
154.730	1
154.730	2
154.830	1
155.460	2
155.680	2
155.880	0
155.880	2
156.310	2
156.520	0
156.730	0
156.730	2
157.580	0
157.580	1
157.790	2
158.000	1
158.630	0
159.060	2
159.270	0
159.270	2
159.910	0
160.110	1
160.730	2
160.740	0
160.940	0
161.170	2
161.380	1
161.600	0
162.010	1
162.650	0
162.650	2
162.860	2
163.070	2
163.490	0
163.490	2
164.110	2
164.340	0
165.170	0
165.170	2
