0.5921 	 1 
0.6037 	 2 
0.9985 	 1 
1.1378 	 2 
1.1378 	 0 
1.4048 	 0 
1.4164 	 2 
1.6834 	 2 
1.9389 	 1 
1.9505 	 2 
2.2175 	 0 
2.2175 	 2 
2.5078 	 2 
2.7864 	 1 
2.7864 	 2 
3.0534 	 2 
3.1927 	 1 
3.3321 	 0 
3.3321 	 2 
3.4598 	 1 
3.5875 	 0 
3.5991 	 2 
3.8545 	 1 
3.8661 	 2 
4.1215 	 2 
4.4002 	 0 
4.4002 	 2 
4.6788 	 2 
4.9691 	 1 
5.2477 	 2 
5.3754 	 1 
5.5147 	 0 
5.5147 	 2 
5.6773 	 1 
5.7702 	 2 
5.7702 	 0 
6.0372 	 2 
6.3042 	 1 
6.3158 	 2 
6.5596 	 2 
6.5829 	 0 
6.8615 	 2 
7.1285 	 1 
7.1401 	 2 
7.4188 	 2 
7.5349 	 1 
7.6626 	 0 
7.6742 	 2 
7.8251 	 1 
7.9528 	 1 
8.2083 	 2 
8.2199 	 0 
8.2199 	 1 
8.3476 	 1 
8.4753 	 1 
8.7539 	 0 
8.7539 	 2 
9.0326 	 2 
9.3112 	 1 
9.3112 	 2 
9.5898 	 2 
9.7059 	 1 
9.8453 	 0 
9.8453 	 2 
9.9846 	 1 
10.1123 	 2 
10.1123 	 0 
10.3793 	 2 
10.6463 	 1 
10.6696 	 2 
10.9482 	 0 
10.9482 	 2 
11.2268 	 2 
11.4823 	 1 
11.4939 	 2 
11.6216 	 2 
11.7841 	 2 
11.9002 	 1 
12.0512 	 2 
12.0512 	 0 
12.1905 	 1 
12.3066 	 0 
12.3182 	 2 
12.5852 	 2 
12.5852 	 1 
12.8639 	 2 
13.1309 	 2 
13.1425 	 0 
13.4211 	 2 
13.6882 	 1 
13.6998 	 2 
13.9668 	 2 
14.0945 	 1 
14.2338 	 2 
14.2338 	 0 
14.3732 	 1 
14.4893 	 0 
14.5009 	 2 
14.7447 	 1 
14.7563 	 2 
15.0349 	 1 
15.0465 	 2 
15.3020 	 2 
15.3252 	 0 
15.3252 	 2 
15.5922 	 2 
15.8708 	 1 
15.8708 	 2 
16.1379 	 2 
16.2656 	 1 
16.3933 	 1 
16.3933 	 0 
16.4049 	 2 
16.5442 	 1 
16.6487 	 2 
16.8229 	 1 
16.9506 	 1 
17.2176 	 1 
17.3569 	 1 
17.4962 	 0 
17.7633 	 2 
18.0419 	 1 
18.0535 	 2 
18.1812 	 1 
18.2973 	 2 
18.4599 	 1 
18.5876 	 2 
18.5992 	 0 
18.7269 	 1 
18.8546 	 2 
18.8546 	 0 
19.1100 	 2 
19.1216 	 1 
19.3887 	 2 
19.6673 	 0 
19.6673 	 2 
19.9343 	 2 
20.2130 	 1 
20.2130 	 2 
20.4684 	 2 
20.6077 	 1 
20.7586 	 0 
20.7586 	 2 
20.8980 	 1 
21.0257 	 2 
21.0257 	 0 
21.2927 	 2 
21.2927 	 1 
21.5829 	 1 
21.6990 	 1 
21.6990 	 0 
21.8384 	 0 
22.4189 	 1 
22.4305 	 2 
22.7091 	 2 
22.8252 	 1 
22.9645 	 2 
22.9645 	 0 
23.1271 	 1 
23.2200 	 0 
23.2316 	 2 
23.4986 	 2 
23.7772 	 1 
23.7772 	 2 
24.0559 	 2 
24.0675 	 0 
24.3345 	 2 
24.5899 	 1 
24.6015 	 2 
24.8802 	 2 
24.9963 	 1 
25.1472 	 0 
25.1472 	 2 
25.2865 	 1 
25.4142 	 2 
25.4142 	 0 
25.6813 	 1 
25.6929 	 2 
25.9483 	 2 
26.0760 	 1 
26.1457 	 1 
26.2502 	 1 
26.2502 	 2 
26.3779 	 1 
26.5172 	 1 
26.6449 	 1 
26.7610 	 2 
26.9235 	 1 
27.1790 	 1 
27.4460 	 2 
27.4692 	 0 
28.2935 	 1 
28.3980 	 2 
28.4096 	 1 
28.5489 	 1 
28.6766 	 1 
28.8160 	 1 
28.9321 	 2 
29.0946 	 1 
29.3500 	 1 
29.4197 	 2 
29.6054 	 1 
29.8957 	 1 
29.9073 	 0 
29.9073 	 2 
30.1976 	 1 
30.3253 	 1 
30.4530 	 1 
30.6039 	 0 
31.1496 	 1 
31.1612 	 2 
31.4514 	 2 
31.5443 	 1 
31.6836 	 2 
31.6836 	 0 
31.8229 	 1 
31.9390 	 0 
31.9507 	 2 
32.2177 	 2 
32.4731 	 1 
32.4847 	 2 
32.7634 	 0 
32.7750 	 2 
33.0420 	 2 
33.3090 	 1 
33.3206 	 2 
33.5993 	 2 
33.7154 	 1 
33.8547 	 2 
33.8663 	 0 
33.9940 	 1 
34.1217 	 2 
34.1217 	 0 
34.4004 	 2 
34.4004 	 1 
34.6558 	 2 
34.9460 	 0 
34.9576 	 2 
35.2247 	 2 
35.4917 	 1 
35.5033 	 2 
35.7936 	 2 
35.9097 	 1 
36.0490 	 0 
36.0490 	 2 
36.1999 	 1 
36.3160 	 0 
36.3160 	 2 
36.5830 	 2 
36.8501 	 1 
36.8617 	 2 
37.1287 	 2 
37.1403 	 0 
37.4073 	 2 
37.6744 	 1 
37.6860 	 2 
37.9646 	 2 
38.0923 	 1 
38.2200 	 0 
38.2200 	 2 
38.4871 	 1 
38.7541 	 2 
38.7657 	 0 
38.9050 	 1 
39.0327 	 1 
39.3114 	 0 
39.8571 	 1 
39.8687 	 2 
40.1473 	 2 
40.2634 	 1 
40.4027 	 0 
40.4143 	 2 
40.5420 	 1 
40.6698 	 0 
40.6698 	 2 
40.9368 	 2 
41.2038 	 1 
41.2154 	 2 
41.4824 	 2 
41.4941 	 0 
41.7611 	 2 
42.0281 	 2 
42.0281 	 1 
42.2371 	 1 
42.3184 	 2 
42.4345 	 1 
42.5738 	 2 
42.5738 	 0 
42.7015 	 1 
42.8292 	 0 
42.8408 	 2 
43.1078 	 2 
43.1078 	 1 
43.3865 	 2 
43.6651 	 0 
43.6767 	 2 
43.9554 	 2 
44.2224 	 2 
44.2224 	 1 
44.5127 	 2 
44.6171 	 1 
44.7681 	 2 
44.7681 	 0 
44.9074 	 1 
45.0235 	 0 
45.0351 	 2 
45.1628 	 1 
45.3021 	 2 
45.5692 	 1 
45.5692 	 2 
45.8362 	 0 
45.8362 	 2 
46.1148 	 2 
46.3819 	 1 
46.3935 	 2 
46.4515 	 2 
46.6721 	 2 
46.7882 	 1 
46.9275 	 0 
46.9275 	 2 
47.0668 	 1 
47.1829 	 2 
47.1946 	 1 
47.3339 	 1 
47.4616 	 0 
47.4616 	 1 
47.4732 	 2 
47.7402 	 1 
48.0073 	 0 
48.0073 	 1 
