0.2786 	 0 
0.2786 	 2 
0.2786 	 1 
0.4180 	 1 
0.4180 	 2 
0.5341 	 2 
0.5341 	 0 
0.5341 	 1 
0.6850 	 2 
0.6850 	 1 
0.8127 	 0 
0.8127 	 1 
0.8243 	 2 
0.9520 	 2 
0.9520 	 1 
1.0913 	 2 
1.0913 	 1 
1.0913 	 0 
1.2307 	 1 
1.2307 	 0 
1.2307 	 2 
1.3700 	 1 
1.3700 	 0 
1.3700 	 2 
1.4977 	 2 
1.5093 	 0 
1.5093 	 1 
1.6370 	 0 
1.6370 	 1 
1.6370 	 2 
1.7763 	 1 
1.7763 	 0 
1.7763 	 2 
1.9156 	 1 
1.9156 	 0 
1.9156 	 2 
2.0550 	 2 
2.0550 	 1 
2.1943 	 2 
2.1943 	 0 
2.1943 	 1 
2.3336 	 0 
2.3336 	 1 
2.3336 	 2 
2.4729 	 2 
2.4729 	 1 
2.4729 	 0 
2.6006 	 1 
2.6122 	 2 
2.7400 	 0 
2.7400 	 2 
2.7400 	 1 
2.8677 	 1 
2.8677 	 0 
2.8793 	 2 
3.0070 	 0 
3.0070 	 1 
3.0186 	 2 
3.1463 	 2 
3.1463 	 1 
3.2740 	 0 
3.2740 	 1 
3.2856 	 2 
3.4017 	 1 
3.4133 	 2 
3.5410 	 0 
3.5410 	 2 
3.5410 	 1 
3.6804 	 1 
3.6920 	 0 
3.6920 	 2 
3.8197 	 0 
3.8197 	 2 
3.8197 	 1 
3.9590 	 2 
3.9590 	 1 
4.0983 	 0 
4.0983 	 2 
4.0983 	 1 
4.2260 	 1 
4.2376 	 2 
4.3770 	 2 
4.3770 	 1 
4.3770 	 0 
4.5047 	 2 
4.5047 	 1 
4.6324 	 1 
4.6440 	 0 
4.6440 	 2 
4.7717 	 2 
4.7717 	 1 
4.8994 	 0 
4.8994 	 1 
4.9110 	 2 
5.0503 	 2 
5.0503 	 1 
5.1780 	 0 
5.1780 	 1 
5.1897 	 2 
5.3058 	 1 
5.3174 	 2 
5.4567 	 0 
5.4567 	 2 
5.4567 	 1 
5.5960 	 0 
5.5960 	 1 
5.5960 	 2 
5.7353 	 1 
5.7353 	 2 
5.7353 	 0 
5.8630 	 2 
5.8630 	 1 
5.8630 	 0 
6.0024 	 2 
6.0024 	 1 
6.1301 	 1 
6.1301 	 2 
6.2810 	 1 
6.2810 	 0 
6.2810 	 2 
6.4087 	 2 
6.4087 	 1 
6.5480 	 0 
6.5480 	 2 
6.5480 	 1 
6.6873 	 1 
6.6990 	 2 
6.6990 	 0 
6.8267 	 0 
6.8267 	 1 
6.8267 	 2 
6.9660 	 2 
6.9660 	 1 
7.0937 	 1 
7.0937 	 2 
7.0937 	 0 
7.2330 	 1 
7.2446 	 2 
7.3723 	 2 
7.3723 	 0 
7.3839 	 1 
7.5117 	 2 
7.5117 	 1 
7.6394 	 0 
7.6394 	 2 
7.6394 	 1 
7.7671 	 1 
7.7671 	 2 
7.9064 	 1 
7.9064 	 0 
7.9064 	 2 
8.0341 	 1 
8.0341 	 2 
8.1850 	 2 
8.1850 	 1 
8.3127 	 2 
8.4637 	 2 
8.4753 	 1 
8.5914 	 2 
8.7307 	 2 
8.7307 	 0 
8.7307 	 1 
8.9745 	 1 
8.9977 	 2 
9.1371 	 1 
9.1487 	 2 
9.2648 	 0 
9.2764 	 1 
9.2764 	 2 
9.4041 	 1 
9.4041 	 2 
9.4041 	 0 
9.5318 	 1 
9.5434 	 0 
9.5434 	 2 
9.6711 	 2 
9.6711 	 1 
9.8104 	 2 
9.8104 	 1 
9.8220 	 0 
9.9381 	 2 
9.9381 	 1 
9.9498 	 0 
10.0775 	 1 
10.0775 	 0 
10.0775 	 2 
10.2168 	 1 
10.2168 	 2 
10.3561 	 1 
10.3677 	 0 
10.3677 	 2 
10.4954 	 0 
10.5070 	 2 
10.5070 	 1 
10.6231 	 0 
10.6347 	 2 
10.6347 	 1 
10.7741 	 2 
10.7741 	 1 
10.9018 	 2 
10.9018 	 0 
10.9018 	 1 
11.0411 	 1 
11.0527 	 2 
11.1688 	 2 
11.1688 	 0 
11.1688 	 1 
11.3197 	 2 
11.3197 	 1 
11.4474 	 2 
11.4474 	 1 
11.4474 	 0 
11.5868 	 1 
11.5868 	 2 
11.7145 	 1 
11.7145 	 2 
11.7145 	 0 
11.8538 	 2 
11.9931 	 0 
11.9931 	 2 
11.9931 	 1 
12.1324 	 2 
12.1324 	 1 
12.2601 	 1 
12.2601 	 0 
12.2717 	 2 
12.3878 	 2 
12.5388 	 0 
12.5388 	 2 
12.5504 	 1 
12.6781 	 1 
12.6781 	 2 
12.8174 	 2 
12.8290 	 1 
12.9451 	 1 
12.9451 	 2 
13.0961 	 0 
13.0961 	 2 
13.0961 	 1 
13.2238 	 2 
13.2238 	 1 
13.3631 	 0 
13.3631 	 1 
13.3631 	 2 
13.5024 	 2 
13.5024 	 1 
13.6301 	 0 
13.6417 	 1 
13.6417 	 2 
13.7694 	 1 
13.7810 	 2 
13.9088 	 2 
13.9088 	 1 
13.9088 	 0 
14.0481 	 2 
14.0481 	 1 
14.1874 	 2 
14.1874 	 1 
14.1874 	 0 
14.3267 	 1 
14.3383 	 0 
14.3383 	 2 
14.4544 	 1 
14.4660 	 0 
14.4660 	 2 
14.6054 	 0 
14.6054 	 2 
14.6054 	 1 
14.7331 	 0 
14.7331 	 2 
14.7331 	 1 
14.8724 	 1 
14.8840 	 0 
14.8840 	 2 
15.0001 	 0 
15.0117 	 1 
15.0117 	 2 
15.1510 	 1 
15.1510 	 2 
15.2787 	 0 
15.2903 	 1 
15.2903 	 2 
15.4297 	 1 
15.4413 	 2 
15.5458 	 0 
15.5574 	 1 
15.5574 	 2 
15.7083 	 2 
15.7083 	 1 
15.8360 	 2 
15.8360 	 1 
15.8360 	 0 
15.9753 	 2 
15.9753 	 1 
15.9753 	 0 
16.1030 	 1 
16.1030 	 0 
16.1030 	 2 
16.2424 	 2 
16.2424 	 1 
16.3701 	 1 
16.3701 	 0 
16.3701 	 2 
16.4978 	 1 
16.4978 	 2 
16.6371 	 2 
16.6371 	 0 
16.6487 	 1 
16.7764 	 1 
16.7764 	 2 
16.9041 	 0 
16.9157 	 1 
16.9157 	 2 
17.0434 	 2 
17.0434 	 1 
17.1944 	 0 
17.1944 	 2 
17.2060 	 1 
17.3221 	 1 
17.3221 	 2 
17.4614 	 1 
17.4614 	 2 
17.4614 	 0 
17.5891 	 1 
17.5891 	 0 
17.6123 	 2 
17.7052 	 1 
17.7284 	 2 
17.7284 	 0 
17.8678 	 2 
17.8678 	 1 
18.0071 	 1 
18.0071 	 0 
18.0071 	 2 
18.1348 	 2 
18.1464 	 1 
18.1464 	 0 
18.2741 	 1 
18.2857 	 2 
18.2857 	 0 
18.4134 	 1 
18.4134 	 2 
18.5644 	 1 
18.5644 	 0 
18.5644 	 2 
18.6921 	 1 
18.6921 	 0 
18.6921 	 2 
18.8198 	 0 
18.8314 	 1 
18.8314 	 2 
18.9591 	 1 
18.9591 	 2 
18.9591 	 0 
19.0984 	 2 
19.0984 	 0 
19.0984 	 1 
19.2261 	 1 
19.2377 	 2 
19.2377 	 0 
19.3654 	 0 
19.3654 	 2 
19.3654 	 1 
19.5048 	 2 
19.5048 	 1 
19.6441 	 2 
19.6441 	 1 
19.6441 	 0 
19.7834 	 2 
19.7834 	 0 
19.7834 	 1 
19.9111 	 2 
19.9111 	 1 
19.9227 	 0 
20.0504 	 2 
20.0620 	 1 
20.1898 	 2 
20.1898 	 1 
20.1898 	 0 
20.3291 	 0 
20.3291 	 2 
20.3291 	 1 
20.4568 	 1 
20.4684 	 0 
20.4684 	 2 
20.5961 	 1 
20.6077 	 2 
20.7354 	 0 
20.7354 	 1 
20.7354 	 2 
20.8747 	 2 
20.8747 	 1 
21.0141 	 1 
21.0141 	 0 
21.0141 	 2 
21.1418 	 2 
21.1534 	 1 
21.2695 	 0 
21.2695 	 1 
21.2811 	 2 
21.4204 	 1 
21.4204 	 2 
21.5597 	 1 
21.5597 	 2 
21.5597 	 0 
21.6990 	 2 
21.8268 	 0 
21.8268 	 1 
21.8268 	 2 
21.9661 	 2 
21.9777 	 1 
22.0590 	 1 
22.0938 	 0 
22.0938 	 1 
22.0938 	 2 
22.2331 	 2 
22.2447 	 1 
22.3724 	 2 
22.3724 	 0 
22.3724 	 1 
22.5117 	 2 
22.5117 	 0 
22.5117 	 1 
22.6395 	 1 
22.6511 	 2 
22.6511 	 0 
22.7788 	 1 
22.7788 	 2 
22.9297 	 2 
22.9297 	 0 
22.9297 	 1 
23.0690 	 1 
23.0690 	 2 
23.0690 	 0 
23.1967 	 0 
23.2083 	 1 
23.2083 	 2 
23.3361 	 2 
23.3361 	 0 
23.3361 	 1 
23.4754 	 2 
23.4754 	 0 
23.4754 	 1 
23.6031 	 0 
23.6031 	 1 
23.6147 	 2 
23.7424 	 0 
23.7424 	 1 
23.7540 	 2 
23.8933 	 2 
23.8933 	 1 
24.0210 	 0 
24.0210 	 2 
24.0210 	 1 
24.1604 	 1 
24.1604 	 2 
24.1720 	 0 
24.2881 	 0 
24.2997 	 1 
24.2997 	 2 
24.4274 	 1 
24.4390 	 2 
24.5667 	 2 
24.5667 	 0 
24.5667 	 1 
24.6944 	 2 
24.6944 	 1 
24.8337 	 2 
24.8337 	 1 
24.8454 	 0 
24.9615 	 1 
24.9731 	 2 
25.1008 	 1 
25.1008 	 0 
25.1008 	 2 
25.2401 	 2 
25.2401 	 1 
25.3678 	 0 
25.3678 	 2 
25.3794 	 1 
25.4955 	 2 
25.5071 	 1 
25.6348 	 1 
25.6348 	 0 
25.6464 	 2 
25.7741 	 1 
25.7741 	 2 
25.9251 	 2 
25.9251 	 0 
25.9251 	 1 
26.0528 	 2 
26.0528 	 1 
26.1805 	 1 
26.1921 	 2 
26.2037 	 1 
26.2037 	 0 
26.2385 	 1 
26.2966 	 1 
26.3198 	 2 
26.4591 	 1 
26.4591 	 2 
26.4707 	 0 
26.6101 	 1 
26.6101 	 2 
26.7378 	 0 
26.7378 	 1 
26.7378 	 2 
26.8655 	 2 
26.8655 	 1 
27.0164 	 2 
27.0164 	 1 
27.0164 	 0 
27.1441 	 1 
27.1557 	 2 
27.2951 	 2 
27.2951 	 1 
27.2951 	 0 
27.4228 	 2 
27.4228 	 1 
27.4344 	 0 
27.5505 	 2 
27.5505 	 0 
27.5505 	 1 
27.6898 	 2 
27.7014 	 1 
27.8407 	 2 
27.8407 	 1 
27.9684 	 2 
27.9684 	 1 
28.1078 	 0 
28.1194 	 1 
28.1194 	 2 
28.2471 	 2 
28.2471 	 1 
28.3864 	 0 
28.3864 	 2 
28.3980 	 1 
28.5257 	 1 
28.5257 	 2 
28.5257 	 0 
28.6534 	 1 
28.6534 	 2 
28.6534 	 0 
28.7927 	 0 
28.7927 	 1 
28.7927 	 2 
28.9205 	 1 
28.9321 	 2 
28.9321 	 0 
29.0482 	 1 
29.0598 	 2 
29.1991 	 2 
29.1991 	 1 
29.1991 	 0 
29.3384 	 2 
29.3384 	 1 
29.4777 	 0 
29.4777 	 2 
29.4777 	 1 
29.6054 	 2 
29.6054 	 1 
29.7332 	 1 
29.7332 	 2 
29.7332 	 0 
29.8841 	 2 
29.8841 	 1 
30.0118 	 2 
30.0118 	 1 
30.1627 	 2 
30.2904 	 0 
30.2904 	 1 
30.3020 	 2 
30.4298 	 2 
30.4298 	 1 
30.5575 	 2 
30.5575 	 1 
30.5691 	 0 
30.6968 	 1 
30.6968 	 2 
30.6968 	 0 
30.8129 	 1 
30.8129 	 0 
30.8245 	 2 
30.9638 	 1 
30.9638 	 2 
31.0915 	 1 
31.0915 	 0 
31.1031 	 2 
31.2308 	 2 
31.2308 	 1 
31.2308 	 0 
31.3585 	 1 
31.3702 	 0 
31.3702 	 2 
31.4050 	 1 
31.4979 	 2 
31.5095 	 1 
31.6488 	 2 
31.6488 	 1 
31.6488 	 0 
31.7765 	 1 
31.7765 	 0 
31.7881 	 2 
31.9042 	 0 
31.9158 	 2 
31.9158 	 1 
32.0435 	 1 
32.0435 	 0 
32.0551 	 2 
32.1945 	 1 
32.1945 	 2 
32.1945 	 0 
32.3222 	 1 
32.3222 	 2 
32.3338 	 0 
32.4615 	 0 
32.4615 	 1 
32.4615 	 2 
32.6008 	 1 
32.6008 	 2 
32.7285 	 2 
32.7401 	 1 
32.8678 	 1 
32.8795 	 2 
32.9956 	 0 
33.0072 	 1 
33.0072 	 2 
33.1465 	 1 
33.1465 	 2 
33.2742 	 2 
33.2742 	 1 
33.2742 	 0 
33.4135 	 1 
33.4135 	 2 
33.5528 	 2 
33.5528 	 1 
33.5528 	 0 
33.6805 	 2 
33.6922 	 1 
33.8199 	 2 
33.8199 	 0 
33.8315 	 1 
33.9592 	 1 
33.9592 	 2 
34.0869 	 0 
34.0985 	 2 
34.0985 	 1 
34.2262 	 2 
34.2262 	 1 
34.3655 	 0 
34.3655 	 2 
34.3655 	 1 
34.5049 	 2 
34.6442 	 2 
34.6442 	 1 
34.6442 	 0 
34.9112 	 1 
34.9228 	 2 
35.0621 	 1 
35.0621 	 2 
35.1898 	 2 
35.1898 	 0 
35.1898 	 1 
35.3176 	 1 
35.3292 	 2 
35.4569 	 1 
35.4569 	 0 
35.4685 	 2 
35.5962 	 2 
35.5962 	 1 
35.7355 	 2 
35.7355 	 1 
35.7355 	 0 
35.8632 	 2 
35.8632 	 1 
36.0141 	 2 
36.0141 	 1 
36.0141 	 0 
36.1419 	 1 
36.1535 	 2 
36.2812 	 1 
36.2812 	 2 
36.2812 	 0 
36.4205 	 2 
36.4205 	 1 
36.5598 	 2 
36.5598 	 1 
36.6991 	 2 
36.6991 	 1 
36.8385 	 1 
36.8385 	 0 
36.8385 	 2 
36.9778 	 1 
36.9778 	 0 
36.9778 	 2 
37.1171 	 1 
37.1171 	 2 
37.2332 	 2 
37.2332 	 1 
37.3725 	 0 
37.3725 	 1 
37.3841 	 2 
37.5118 	 2 
37.5118 	 1 
37.6395 	 1 
37.6395 	 0 
37.6512 	 2 
37.7789 	 1 
37.7789 	 2 
37.9182 	 1 
37.9182 	 0 
37.9298 	 2 
38.0575 	 2 
38.0575 	 1 
38.1852 	 1 
38.1968 	 2 
38.3129 	 2 
38.3245 	 1 
38.4522 	 0 
38.4522 	 1 
38.4522 	 2 
38.6148 	 2 
38.6148 	 1 
38.7425 	 2 
38.7425 	 1 
38.8818 	 2 
38.8934 	 1 
39.0095 	 1 
39.0095 	 0 
39.0211 	 2 
39.1605 	 2 
39.2998 	 1 
39.2998 	 0 
39.2998 	 2 
39.4275 	 1 
39.4275 	 2 
39.5668 	 1 
39.5668 	 2 
39.5668 	 0 
39.6945 	 1 
39.6945 	 2 
39.8222 	 0 
39.8338 	 2 
39.8338 	 1 
39.9732 	 1 
39.9848 	 2 
40.1009 	 0 
40.1009 	 1 
40.1125 	 2 
40.2402 	 2 
40.2402 	 1 
40.3795 	 1 
40.3795 	 0 
40.3795 	 2 
40.5188 	 1 
40.5188 	 2 
40.5188 	 0 
40.6581 	 0 
40.6581 	 2 
40.6581 	 1 
40.7859 	 1 
40.7859 	 2 
40.7859 	 0 
40.9136 	 1 
40.9252 	 0 
40.9252 	 2 
41.0529 	 1 
41.0529 	 2 
41.0645 	 0 
41.1922 	 1 
41.2038 	 0 
41.2038 	 2 
41.3315 	 2 
41.4708 	 0 
41.4708 	 1 
41.4708 	 2 
41.6102 	 2 
41.6102 	 0 
41.6102 	 1 
41.7495 	 2 
41.7495 	 1 
41.7495 	 0 
41.8888 	 1 
41.8888 	 0 
41.9004 	 2 
42.0165 	 1 
42.0165 	 0 
42.0165 	 2 
42.1558 	 1 
42.1558 	 0 
42.1674 	 2 
42.2835 	 1 
42.2951 	 2 
42.2951 	 0 
42.4229 	 1 
42.4229 	 2 
42.5622 	 2 
42.5622 	 0 
42.5622 	 1 
42.6899 	 2 
42.6899 	 1 
42.8292 	 1 
42.8292 	 0 
42.8292 	 2 
42.9685 	 0 
42.9685 	 2 
42.9685 	 1 
43.1078 	 2 
43.1078 	 1 
43.2356 	 1 
43.2356 	 2 
43.3749 	 1 
43.3865 	 2 
43.3865 	 0 
43.5142 	 2 
43.6535 	 2 
43.6535 	 1 
43.7928 	 2 
43.8741 	 0 
43.9089 	 1 
43.9205 	 2 
44.0599 	 1 
44.0599 	 2 
44.1992 	 1 
44.1992 	 2 
44.1992 	 0 
44.3269 	 1 
44.3269 	 2 
44.4662 	 0 
44.4662 	 2 
44.4778 	 1 
44.5939 	 2 
44.5939 	 1 
44.7332 	 0 
44.7332 	 2 
44.7449 	 1 
44.8610 	 1 
44.8726 	 2 
45.0119 	 2 
45.0119 	 0 
45.0119 	 1 
45.1396 	 2 
45.1396 	 0 
45.1512 	 1 
45.2905 	 2 
45.2905 	 1 
45.2905 	 0 
45.4182 	 2 
45.4298 	 1 
45.5459 	 0 
45.5576 	 2 
45.5576 	 1 
45.6969 	 1 
45.6969 	 2 
45.8246 	 2 
45.8246 	 0 
45.8246 	 1 
45.9755 	 1 
45.9755 	 2 
46.1032 	 0 
46.1032 	 2 
46.1032 	 1 
46.2425 	 1 
46.2425 	 2 
46.3702 	 2 
46.3702 	 0 
46.3702 	 1 
46.5096 	 2 
46.5096 	 1 
46.6373 	 1 
46.6373 	 0 
46.6489 	 2 
46.7766 	 1 
46.7766 	 2 
46.9159 	 2 
46.9275 	 1 
46.9275 	 0 
47.0552 	 1 
47.0552 	 2 
47.1946 	 2 
47.1946 	 1 
47.1946 	 0 
47.3223 	 2 
47.3339 	 1 
47.4616 	 2 
47.4616 	 1 
47.6009 	 1 
47.6009 	 2 
47.7402 	 1 
47.7402 	 2 
47.8679 	 2 
47.8912 	 1 
48.0073 	 0 
48.0073 	 2 
48.0189 	 1 
48.1466 	 1 
48.1466 	 2 
48.2859 	 0 
48.2975 	 2 
48.2975 	 1 
48.4252 	 2 
48.4368 	 1 
48.5645 	 0 
48.5645 	 1 
48.5645 	 2 
48.6922 	 1 
48.6922 	 2 
48.7039 	 0 
48.8316 	 0 
48.8432 	 1 
48.8432 	 2 
48.9709 	 1 
48.9709 	 2 
49.1102 	 0 
49.1102 	 1 
49.1102 	 2 
49.2495 	 1 
49.2495 	 2 
49.3888 	 2 
49.3888 	 1 
49.3888 	 0 
49.5282 	 2 
49.5282 	 1 
49.5282 	 0 
49.6559 	 2 
49.6675 	 1 
49.6675 	 0 
49.7952 	 1 
49.8068 	 2 
49.8068 	 0 
49.9229 	 0 
49.9229 	 1 
49.9345 	 2 
50.0738 	 2 
50.0738 	 1 
50.0738 	 0 
50.2132 	 2 
50.2132 	 1 
50.2132 	 0 
50.3525 	 1 
50.3525 	 0 
50.3641 	 2 
50.4802 	 0 
50.4802 	 2 
50.4802 	 1 
50.6195 	 1 
50.6311 	 2 
50.7588 	 1 
50.7588 	 2 
50.7588 	 0 
50.8981 	 2 
50.8981 	 1 
51.0259 	 2 
51.0259 	 0 
51.0259 	 1 
51.1536 	 1 
51.1536 	 2 
51.2929 	 2 
51.2929 	 0 
51.2929 	 1 
51.4206 	 1 
51.4206 	 2 
51.5599 	 2 
51.5715 	 0 
51.5715 	 1 
51.6992 	 2 
51.6992 	 1 
51.8269 	 0 
51.8269 	 1 
51.8385 	 2 
51.9546 	 2 
51.9663 	 1 
52.1172 	 2 
52.1172 	 0 
52.1288 	 1 
52.2449 	 2 
52.2449 	 1 
52.3842 	 1 
52.3842 	 2 
52.3958 	 0 
52.5235 	 1 
52.5235 	 2 
52.5816 	 1 
52.6396 	 1 
52.6512 	 2 
52.6629 	 0 
52.7906 	 1 
52.8022 	 2 
52.9299 	 1 
52.9299 	 2 
53.0692 	 2 
53.0692 	 1 
53.1969 	 0 
53.1969 	 1 
53.2085 	 2 
53.3362 	 1 
53.3362 	 2 
53.4756 	 2 
53.4872 	 1 
53.4872 	 0 
53.6149 	 2 
53.6149 	 0 
53.6149 	 1 
53.7426 	 1 
53.7426 	 0 
53.7542 	 2 
53.8819 	 1 
53.8819 	 0 
53.8819 	 2 
54.0212 	 2 
54.0212 	 1 
54.0212 	 0 
54.1489 	 2 
54.1605 	 1 
54.1605 	 0 
54.2883 	 0 
54.2883 	 1 
54.2883 	 2 
54.4276 	 0 
54.4276 	 2 
54.4392 	 1 
54.5669 	 2 
54.5669 	 1 
54.7062 	 2 
54.7062 	 1 
54.8455 	 0 
54.8455 	 2 
54.8455 	 1 
54.9849 	 1 
54.9849 	 2 
55.1126 	 1 
55.1126 	 0 
55.1126 	 2 
55.2519 	 2 
55.2519 	 1 
55.3796 	 1 
55.3912 	 0 
55.3912 	 2 
55.5189 	 2 
55.5189 	 1 
55.6582 	 1 
55.6582 	 0 
55.6582 	 2 
55.7976 	 2 
55.7976 	 1 
55.9369 	 2 
55.9369 	 1 
55.9369 	 0 
56.0646 	 1 
56.0646 	 2 
56.2039 	 1 
56.2039 	 2 
56.3432 	 2 
56.4477 	 1 
56.4941 	 2 
56.5058 	 1 
56.6219 	 2 
56.7612 	 0 
56.7612 	 2 
56.7612 	 1 
56.8889 	 1 
56.9005 	 2 
57.0166 	 1 
57.0282 	 2 
57.0282 	 0 
57.1559 	 1 
57.1559 	 2 
57.2952 	 1 
57.2952 	 2 
57.2952 	 0 
57.4346 	 2 
57.4346 	 1 
57.5739 	 2 
57.5739 	 1 
57.7016 	 2 
57.7132 	 1 
57.8525 	 2 
57.8525 	 1 
57.8525 	 0 
57.9686 	 1 
57.9918 	 2 
58.1312 	 2 
58.1312 	 1 
58.1312 	 0 
58.2589 	 1 
58.2589 	 2 
58.3982 	 0 
58.3982 	 2 
58.3982 	 1 
58.5259 	 2 
58.5375 	 1 
58.5375 	 0 
58.6652 	 1 
58.6768 	 2 
58.6768 	 0 
58.8161 	 1 
58.8161 	 2 
58.9439 	 0 
58.9439 	 2 
58.9439 	 1 
59.0832 	 1 
59.0948 	 2 
59.0948 	 0 
59.2225 	 2 
59.2225 	 0 
59.2225 	 1 
59.3502 	 2 
59.3502 	 1 
59.3618 	 0 
59.4895 	 2 
59.4895 	 0 
59.4895 	 1 
59.6172 	 1 
59.6172 	 0 
59.6288 	 2 
59.7566 	 2 
59.7566 	 1 
59.7566 	 0 
59.8843 	 2 
59.8843 	 1 
60.0236 	 2 
60.0236 	 0 
60.0236 	 1 
60.1629 	 2 
60.1629 	 1 
60.2906 	 2 
60.2906 	 0 
60.3022 	 1 
60.4299 	 2 
60.4299 	 1 
60.5576 	 1 
60.5576 	 0 
60.5693 	 2 
60.6970 	 1 
60.7086 	 2 
60.8479 	 1 
60.8479 	 2 
60.8595 	 0 
60.9756 	 1 
60.9756 	 2 
61.1033 	 1 
61.1149 	 2 
61.1149 	 0 
61.2194 	 1 
61.3007 	 1 
61.3703 	 1 
61.3820 	 0 
61.3936 	 2 
61.5213 	 1 
61.5213 	 2 
61.6606 	 0 
61.6606 	 2 
61.6606 	 1 
61.7883 	 2 
61.7883 	 1 
61.9392 	 1 
61.9392 	 2 
61.9392 	 0 
62.0669 	 1 
62.0785 	 2 
62.2179 	 1 
62.2179 	 0 
62.2179 	 2 
62.3456 	 1 
62.3456 	 0 
62.3572 	 2 
62.4849 	 2 
62.4849 	 0 
62.4849 	 1 
62.6126 	 0 
62.6126 	 1 
62.6242 	 2 
62.7635 	 1 
62.7635 	 2 
62.7635 	 0 
62.8912 	 1 
62.8912 	 2 
62.9029 	 0 
63.0306 	 0 
63.0422 	 1 
63.0422 	 2 
63.1699 	 2 
63.1699 	 1 
63.1699 	 0 
63.3092 	 0 
63.3092 	 2 
63.3092 	 1 
63.4485 	 1 
63.4485 	 2 
63.5762 	 1 
63.5762 	 0 
63.5762 	 2 
63.7156 	 1 
63.7156 	 2 
63.8433 	 1 
63.8549 	 2 
63.8549 	 0 
63.9826 	 2 
63.9826 	 1 
64.1219 	 1 
64.1335 	 2 
64.2496 	 1 
64.2612 	 2 
64.4005 	 1 
64.4005 	 2 
64.4005 	 0 
64.5283 	 1 
64.5399 	 2 
64.6560 	 1 
64.6560 	 2 
64.6560 	 0 
64.7953 	 2 
64.8069 	 1 
64.9346 	 2 
64.9346 	 1 
65.0739 	 2 
65.0855 	 1 
65.2132 	 1 
65.2132 	 0 
65.2249 	 2 
65.3642 	 1 
65.3642 	 2 
65.4803 	 2 
65.4803 	 1 
65.4919 	 0 
65.6196 	 2 
65.6196 	 1 
65.6196 	 0 
65.7473 	 0 
65.7473 	 2 
65.7473 	 1 
65.8866 	 2 
65.8866 	 1 
66.0259 	 0 
66.0259 	 2 
66.0259 	 1 
66.1537 	 2 
66.1537 	 1 
66.2930 	 2 
66.2930 	 0 
66.2930 	 1 
66.4323 	 1 
66.4323 	 2 
66.5716 	 1 
66.5716 	 2 
66.5716 	 0 
66.6993 	 0 
66.7109 	 1 
66.7109 	 2 
66.8270 	 0 
66.8386 	 1 
66.8386 	 2 
66.9663 	 1 
66.9663 	 2 
66.9663 	 0 
67.1057 	 1 
67.1057 	 2 
67.1057 	 0 
67.2450 	 2 
67.2450 	 1 
67.3843 	 0 
67.3843 	 2 
67.3843 	 1 
67.5236 	 2 
67.5236 	 1 
67.6629 	 2 
67.6629 	 0 
67.6629 	 1 
67.7907 	 1 
67.8023 	 2 
67.9300 	 0 
67.9300 	 2 
67.9300 	 1 
68.0577 	 1 
68.0693 	 2 
68.1970 	 1 
68.1970 	 0 
68.2086 	 2 
68.3363 	 1 
68.3479 	 2 
68.4756 	 0 
68.4756 	 1 
68.4756 	 2 
68.6034 	 2 
68.6034 	 1 
68.7427 	 2 
68.7427 	 0 
68.7543 	 1 
68.8704 	 1 
68.8820 	 2 
69.0097 	 1 
69.0097 	 0 
69.0213 	 2 
69.1490 	 2 
69.1490 	 1 
69.2883 	 2 
69.2883 	 1 
69.5670 	 2 
69.5786 	 1 
69.7063 	 2 
69.8340 	 1 
69.8340 	 2 
69.9733 	 2 
69.9849 	 1 
70.1127 	 2 
70.1243 	 1 
70.2404 	 1 
70.2404 	 2 
70.3797 	 1 
70.3797 	 0 
70.3913 	 2 
70.5190 	 2 
70.5190 	 1 
70.6583 	 2 
70.6583 	 1 
70.6583 	 0 
70.7860 	 2 
70.7860 	 1 
70.9370 	 0 
70.9370 	 1 
70.9370 	 2 
71.0647 	 1 
71.0763 	 2 
71.2040 	 1 
71.2040 	 0 
71.2040 	 2 
71.3433 	 2 
71.3433 	 1 
71.4710 	 2 
71.4826 	 1 
71.5871 	 2 
71.7613 	 2 
71.7613 	 0 
71.7613 	 1 
71.9006 	 2 
72.0399 	 1 
72.0399 	 2 
72.1560 	 2 
72.1560 	 0 
72.1560 	 1 
72.2953 	 0 
72.2953 	 1 
72.3069 	 2 
72.4346 	 1 
72.4346 	 0 
72.4346 	 2 
72.5624 	 0 
72.5740 	 1 
72.5740 	 2 
72.7017 	 1 
72.7017 	 0 
72.7017 	 2 
72.8294 	 1 
72.8294 	 2 
72.8294 	 0 
72.9571 	 1 
72.9571 	 2 
73.0964 	 2 
73.0964 	 0 
73.0964 	 1 
73.2241 	 1 
73.2357 	 2 
73.3634 	 1 
73.3634 	 0 
73.3634 	 2 
73.4795 	 2 
73.5028 	 1 
73.6305 	 1 
73.6305 	 0 
73.6305 	 2 
73.7814 	 1 
73.7814 	 2 
73.9091 	 2 
73.9091 	 1 
73.9091 	 0 
74.0484 	 2 
74.1878 	 2 
74.1878 	 0 
74.1994 	 1 
74.3271 	 2 
74.3271 	 1 
74.4664 	 2 
74.4664 	 0 
74.4664 	 1 
74.5941 	 2 
74.5941 	 1 
74.7218 	 0 
74.7218 	 1 
74.7218 	 2 
74.8727 	 1 
74.8727 	 2 
75.0005 	 1 
75.0005 	 0 
75.0005 	 2 
75.1282 	 2 
75.1398 	 1 
75.2791 	 0 
75.2791 	 2 
75.2791 	 1 
75.4068 	 1 
75.4068 	 0 
75.4184 	 2 
75.5461 	 0 
75.5461 	 1 
75.5577 	 2 
75.6738 	 0 
75.6738 	 1 
75.6854 	 2 
75.8132 	 1 
75.8132 	 0 
75.8132 	 2 
75.9525 	 2 
75.9525 	 0 
75.9525 	 1 
76.0918 	 0 
76.0918 	 2 
76.0918 	 1 
76.2195 	 2 
76.3588 	 1 
76.3588 	 0 
76.3704 	 2 
76.5098 	 2 
76.5098 	 1 
76.6375 	 1 
76.6375 	 0 
76.6491 	 2 
76.7884 	 2 
76.7884 	 1 
76.9161 	 1 
76.9161 	 0 
76.9161 	 2 
77.0554 	 1 
77.0554 	 2 
77.1831 	 1 
77.1831 	 0 
77.1947 	 2 
77.3224 	 2 
77.3224 	 1 
77.4502 	 2 
77.4502 	 1 
77.4618 	 0 
77.5895 	 2 
77.5895 	 1 
77.7172 	 0 
77.7172 	 1 
77.7172 	 2 
77.8565 	 2 
77.9958 	 0 
78.0074 	 1 
78.0074 	 2 
78.1235 	 2 
78.2745 	 1 
78.2745 	 2 
78.4138 	 2 
78.5415 	 0 
78.5415 	 2 
78.5531 	 1 
78.6692 	 2 
78.6924 	 1 
78.7853 	 1 
78.8201 	 2 
78.9595 	 2 
79.0872 	 2 
79.0872 	 0 
79.0872 	 1 
79.2149 	 1 
79.2265 	 2 
79.2265 	 0 
79.3542 	 2 
79.3542 	 0 
79.3542 	 1 
79.4819 	 1 
79.4935 	 2 
79.6328 	 1 
79.6328 	 0 
79.6328 	 2 
79.7605 	 1 
79.7605 	 0 
79.7605 	 2 
79.8999 	 2 
79.8999 	 1 
79.8999 	 0 
80.0392 	 1 
80.0392 	 0 
80.0392 	 2 
80.1785 	 1 
80.1785 	 0 
80.1785 	 2 
80.3178 	 1 
80.3178 	 2 
80.4455 	 1 
80.4455 	 0 
80.4571 	 2 
80.5849 	 1 
80.5965 	 2 
80.7242 	 2 
80.7242 	 1 
80.7242 	 0 
80.8635 	 1 
80.8635 	 2 
80.9912 	 1 
80.9912 	 0 
80.9912 	 2 
81.1421 	 2 
81.1421 	 1 
81.2582 	 1 
81.2815 	 2 
81.3976 	 1 
81.3976 	 2 
81.5253 	 1 
81.5369 	 2 
81.5369 	 0 
81.6762 	 1 
81.6762 	 2 
81.8155 	 1 
81.8155 	 0 
81.8155 	 2 
81.9432 	 1 
81.9548 	 2 
82.0825 	 0 
82.0825 	 2 
82.0825 	 1 
82.2219 	 0 
82.2219 	 1 
82.2219 	 2 
82.3496 	 0 
82.3496 	 1 
82.3612 	 2 
82.4889 	 2 
82.4889 	 1 
82.6282 	 0 
82.6398 	 2 
82.6514 	 1 
82.7675 	 2 
82.7675 	 0 
82.7791 	 1 
82.9068 	 1 
82.9068 	 2 
82.9068 	 0 
83.0462 	 1 
83.0462 	 0 
83.0462 	 2 
83.1855 	 1 
83.1855 	 0 
83.1855 	 2 
83.3132 	 2 
83.3248 	 1 
83.4525 	 1 
83.4525 	 2 
83.4525 	 0 
83.5918 	 2 
83.5918 	 0 
83.5918 	 1 
83.7195 	 1 
83.7312 	 2 
83.7312 	 0 
83.8705 	 1 
83.8705 	 2 
83.9982 	 0 
84.0098 	 2 
84.0098 	 1 
84.1491 	 2 
84.1491 	 1 
84.1491 	 0 
84.2884 	 1 
84.2884 	 0 
84.2884 	 2 
84.4161 	 1 
84.4161 	 0 
84.4278 	 2 
84.5555 	 1 
84.5555 	 0 
84.5555 	 2 
84.6948 	 2 
84.6948 	 0 
84.6948 	 1 
84.8225 	 2 
84.8225 	 1 
84.8225 	 0 
84.9734 	 2 
84.9734 	 0 
84.9734 	 1 
85.1011 	 1 
85.1011 	 2 
85.1011 	 0 
85.2405 	 1 
85.2521 	 2 
85.3682 	 2 
85.3682 	 0 
85.3682 	 1 
85.5191 	 2 
85.5307 	 1 
85.6468 	 2 
85.6468 	 1 
85.6584 	 0 
85.7977 	 2 
85.7977 	 1 
85.7977 	 0 
85.9138 	 1 
85.9254 	 0 
85.9254 	 2 
86.0532 	 1 
86.0532 	 2 
86.1809 	 1 
86.1925 	 0 
86.1925 	 2 
86.3086 	 1 
86.3086 	 2 
86.4595 	 0 
86.4595 	 2 
86.4595 	 1 
86.5872 	 2 
86.5872 	 1 
86.7265 	 1 
86.7265 	 0 
86.7381 	 2 
86.8542 	 2 
86.8542 	 1 
87.0168 	 2 
87.0168 	 1 
87.0168 	 0 
87.1445 	 0 
87.1445 	 1 
87.1445 	 2 
87.2722 	 0 
87.2838 	 2 
87.2838 	 1 
87.4115 	 1 
87.4231 	 2 
87.5276 	 1 
87.5508 	 0 
87.5508 	 1 
87.5508 	 2 
87.6902 	 2 
87.6902 	 1 
87.8295 	 1 
87.8295 	 2 
87.8295 	 0 
87.9572 	 1 
87.9572 	 2 
88.0965 	 0 
88.1081 	 1 
88.1081 	 2 
88.2242 	 2 
88.2358 	 1 
88.3751 	 1 
88.3751 	 0 
88.3751 	 2 
88.5029 	 1 
88.5145 	 0 
88.5145 	 2 
88.6422 	 1 
88.6422 	 0 
88.6422 	 2 
88.7815 	 1 
88.7815 	 2 
88.7815 	 0 
88.9092 	 1 
88.9092 	 0 
88.9092 	 2 
89.0485 	 2 
89.0485 	 1 
89.0485 	 0 
89.1878 	 2 
89.1878 	 1 
89.1878 	 0 
89.3272 	 2 
89.3272 	 1 
89.4665 	 0 
89.4665 	 2 
89.4665 	 1 
89.5942 	 1 
89.6058 	 0 
89.6058 	 2 
89.7335 	 2 
89.7335 	 0 
89.7335 	 1 
89.8728 	 2 
89.8728 	 1 
90.0005 	 1 
90.0122 	 2 
90.0122 	 0 
90.1399 	 1 
90.1399 	 0 
90.1515 	 2 
90.2792 	 1 
90.2792 	 2 
90.2908 	 0 
90.4185 	 1 
90.4185 	 2 
90.5578 	 2 
90.5578 	 1 
90.5578 	 0 
90.6971 	 1 
90.6971 	 2 
90.8249 	 2 
90.8249 	 0 
90.8249 	 1 
90.9642 	 2 
90.9642 	 1 
91.0919 	 0 
91.0919 	 2 
91.0919 	 1 
91.2428 	 2 
91.3589 	 1 
91.3821 	 0 
91.3821 	 2 
91.5098 	 2 
91.6492 	 1 
91.6492 	 0 
91.6492 	 2 
91.7885 	 1 
91.7885 	 0 
91.7885 	 2 
91.9162 	 2 
91.9162 	 1 
91.9162 	 0 
92.0555 	 2 
92.0555 	 1 
92.1948 	 2 
92.1948 	 0 
92.1948 	 1 
92.3225 	 1 
92.3225 	 0 
92.3341 	 2 
92.4619 	 1 
92.4619 	 0 
92.4735 	 2 
92.5083 	 1 
92.6012 	 2 
92.6128 	 1 
92.7405 	 1 
92.7405 	 0 
92.7521 	 2 
92.8798 	 2 
92.8914 	 1 
93.0191 	 1 
93.0191 	 2 
93.0191 	 0 
93.1585 	 2 
93.1585 	 0 
93.1585 	 1 
93.2862 	 1 
93.2978 	 2 
93.2978 	 0 
93.4255 	 0 
93.4255 	 2 
93.4255 	 1 
93.5648 	 1 
93.5648 	 2 
93.5648 	 0 
93.7041 	 0 
93.7041 	 1 
93.7041 	 2 
93.8434 	 1 
93.8434 	 2 
93.8434 	 0 
93.9828 	 0 
93.9828 	 1 
93.9828 	 2 
94.1105 	 0 
94.1105 	 1 
94.1221 	 2 
94.2498 	 1 
94.2498 	 2 
94.3891 	 0 
94.3891 	 1 
94.3891 	 2 
94.5168 	 2 
94.5168 	 0 
94.5168 	 1 
94.6445 	 1 
94.6445 	 0 
94.6561 	 2 
94.7722 	 1 
94.7839 	 2 
94.9232 	 1 
94.9232 	 0 
94.9232 	 2 
95.0509 	 1 
95.0625 	 2 
95.1902 	 2 
95.1902 	 1 
95.1902 	 0 
95.3179 	 1 
95.3179 	 2 
95.4572 	 1 
95.4572 	 2 
95.4572 	 0 
95.5849 	 1 
95.5849 	 2 
95.7359 	 1 
95.7475 	 2 
95.7475 	 0 
95.8752 	 2 
96.0029 	 1 
96.0145 	 0 
96.0145 	 2 
96.1306 	 1 
96.2583 	 1 
96.2815 	 2 
96.2932 	 0 
96.4209 	 1 
96.4209 	 2 
96.5486 	 0 
96.5602 	 2 
96.5602 	 1 
96.6879 	 1 
96.6879 	 2 
96.8272 	 1 
96.8388 	 0 
96.8388 	 2 
96.9665 	 2 
96.9665 	 1 
97.1059 	 2 
97.1059 	 0 
97.1059 	 1 
97.2452 	 1 
97.2452 	 2 
97.2452 	 0 
97.3729 	 2 
97.3729 	 0 
97.3729 	 1 
97.5122 	 1 
97.5122 	 0 
97.5122 	 2 
97.6515 	 1 
97.6515 	 0 
97.6515 	 2 
97.7908 	 2 
97.7908 	 1 
97.9185 	 1 
97.9302 	 0 
97.9302 	 2 
98.0695 	 2 
98.0695 	 1 
98.0695 	 0 
98.1972 	 2 
98.1972 	 1 
98.1972 	 0 
98.3365 	 2 
98.3365 	 0 
98.3365 	 1 
98.4758 	 2 
98.4758 	 0 
98.4758 	 1 
98.6151 	 1 
98.6151 	 2 
98.7429 	 0 
98.7429 	 2 
98.7429 	 1 
98.8706 	 1 
98.8706 	 2 
99.0099 	 1 
99.0099 	 0 
99.0215 	 2 
99.1492 	 2 
99.1492 	 1 
99.3001 	 2 
99.3001 	 1 
99.3001 	 0 
99.4278 	 2 
99.4278 	 1 
99.5439 	 0 
99.5556 	 1 
99.5556 	 2 
99.6949 	 2 
99.7065 	 1 
99.8226 	 1 
99.8226 	 0 
99.8342 	 2 
99.9619 	 1 
99.9619 	 2 
100.1128 	 1 
100.1128 	 0 
100.1128 	 2 
100.2405 	 1 
100.2522 	 2 
100.3799 	 0 
100.3799 	 2 
100.3799 	 1 
100.5192 	 1 
100.5192 	 2 
100.6353 	 2 
100.6353 	 1 
100.6353 	 0 
100.7746 	 2 
100.7862 	 1 
100.9139 	 1 
100.9139 	 2 
100.9139 	 0 
101.0532 	 1 
101.0532 	 0 
101.0532 	 2 
101.1810 	 0 
101.1810 	 1 
101.1926 	 2 
101.2390 	 1 
101.3203 	 1 
101.3203 	 2 
101.4596 	 2 
101.4596 	 1 
101.4596 	 0 
101.5989 	 2 
101.5989 	 1 
101.7266 	 2 
101.7266 	 1 
101.7266 	 0 
101.8659 	 2 
101.8659 	 1 
102.0053 	 2 
102.0053 	 0 
102.0169 	 1 
102.1446 	 2 
102.1446 	 1 
102.1446 	 0 
102.2723 	 0 
102.2839 	 2 
102.2839 	 1 
102.4116 	 2 
102.4232 	 1 
102.5625 	 2 
102.5625 	 1 
102.5625 	 0 
102.6786 	 2 
102.6902 	 0 
102.6902 	 1 
102.8180 	 0 
102.8180 	 1 
102.8180 	 2 
102.9573 	 1 
102.9573 	 2 
103.0966 	 0 
103.0966 	 1 
103.0966 	 2 
103.2359 	 1 
103.2475 	 2 
103.3636 	 0 
103.3636 	 1 
103.3752 	 2 
103.5029 	 2 
103.5029 	 1 
103.6307 	 0 
103.6307 	 2 
103.6423 	 1 
103.7700 	 1 
103.7700 	 2 
103.9093 	 0 
103.9093 	 1 
103.9093 	 2 
104.0370 	 2 
104.0486 	 1 
104.1763 	 1 
104.1763 	 0 
104.1879 	 2 
104.3156 	 2 
104.3156 	 1 
104.4666 	 1 
104.4666 	 0 
104.4666 	 2 
104.5014 	 1 
104.5943 	 2 
104.7452 	 2 
104.7452 	 1 
104.7452 	 0 
104.8729 	 1 
104.8845 	 2 
105.0122 	 0 
105.0122 	 1 
105.0122 	 2 
105.1400 	 1 
105.1400 	 2 
105.2793 	 1 
105.2793 	 2 
105.2793 	 0 
105.4186 	 1 
105.4186 	 2 
105.5463 	 1 
105.5579 	 2 
105.5579 	 0 
105.5927 	 1 
105.6740 	 1 
105.6740 	 2 
105.8249 	 2 
105.8249 	 0 
105.8366 	 1 
105.9643 	 2 
105.9643 	 1 
106.0920 	 0 
106.0920 	 1 
106.1036 	 2 
106.2313 	 1 
106.2313 	 2 
106.3706 	 1 
106.3706 	 2 
106.6609 	 1 
106.6609 	 2 
106.6609 	 0 
106.8002 	 2 
106.9163 	 2 
106.9279 	 1 
107.0440 	 2 
107.0556 	 1 
107.1949 	 0 
107.1949 	 2 
107.1949 	 1 
107.3342 	 1 
107.3342 	 2 
107.4620 	 2 
107.4620 	 0 
107.4620 	 1 
107.6013 	 1 
107.6013 	 2 
107.7406 	 1 
107.7406 	 2 
107.7406 	 0 
107.8799 	 2 
107.9960 	 0 
108.0076 	 2 
108.0076 	 1 
108.1237 	 1 
108.1353 	 2 
108.2630 	 0 
108.2630 	 2 
108.2630 	 1 
108.4140 	 2 
108.4140 	 0 
108.4140 	 1 
108.5417 	 1 
108.5417 	 2 
108.6810 	 2 
108.6810 	 1 
108.8203 	 2 
108.8203 	 0 
108.8319 	 1 
108.9596 	 1 
108.9596 	 2 
109.0990 	 0 
109.0990 	 2 
109.0990 	 1 
109.2267 	 1 
109.2267 	 2 
109.3660 	 1 
109.3660 	 0 
109.3660 	 2 
109.4937 	 2 
109.5053 	 1 
109.6330 	 1 
109.6330 	 2 
109.6330 	 0 
109.7723 	 2 
109.7723 	 1 
109.9000 	 1 
109.9117 	 2 
109.9117 	 0 
110.0394 	 2 
110.1787 	 0 
110.1787 	 1 
110.1787 	 2 
110.3180 	 0 
110.3180 	 1 
110.3180 	 2 
110.4573 	 0 
110.4573 	 1 
110.4573 	 2 
110.5850 	 2 
110.5850 	 1 
110.5850 	 0 
110.7244 	 2 
110.7244 	 1 
110.7244 	 0 
110.8521 	 2 
110.8521 	 1 
110.8637 	 0 
110.9914 	 1 
111.0030 	 2 
111.0030 	 0 
111.1307 	 2 
111.2700 	 1 
111.2700 	 2 
111.2700 	 0 
111.4093 	 2 
111.4093 	 1 
111.4093 	 0 
111.5487 	 0 
111.5487 	 1 
111.5487 	 2 
111.6764 	 1 
111.6880 	 0 
111.6880 	 2 
111.8157 	 0 
111.8157 	 1 
111.8157 	 2 
111.9666 	 2 
111.9666 	 1 
112.0943 	 2 
112.0943 	 1 
112.0943 	 0 
112.2220 	 1 
112.2220 	 2 
112.3614 	 2 
112.3614 	 1 
112.3614 	 0 
112.4891 	 2 
112.5007 	 1 
112.6284 	 1 
112.6284 	 2 
112.6284 	 0 
112.7677 	 1 
112.7677 	 2 
112.9070 	 1 
112.9070 	 2 
112.9070 	 0 
113.0347 	 2 
113.1857 	 2 
113.1973 	 1 
113.3250 	 2 
113.4527 	 2 
113.4643 	 1 
113.6152 	 1 
113.6965 	 1 
113.7197 	 2 
113.8707 	 2 
113.9984 	 1 
113.9984 	 0 
113.9984 	 2 
114.1261 	 2 
114.1261 	 1 
114.1261 	 0 
114.2538 	 1 
114.2654 	 2 
114.2654 	 0 
114.3931 	 2 
114.4047 	 1 
114.5440 	 2 
114.5440 	 0 
114.5440 	 1 
114.6717 	 1 
114.6717 	 2 
114.8111 	 1 
114.8111 	 0 
114.8111 	 2 
114.9504 	 2 
114.9504 	 1 
114.9504 	 0 
115.0897 	 2 
115.0897 	 0 
115.0897 	 1 
115.2290 	 2 
115.2290 	 1 
115.3567 	 0 
115.3567 	 1 
115.3567 	 2 
115.4961 	 2 
115.4961 	 1 
115.6238 	 2 
115.6238 	 1 
115.6238 	 0 
115.7747 	 1 
115.7747 	 2 
115.9024 	 2 
115.9024 	 0 
115.9024 	 1 
116.0417 	 1 
116.0417 	 2 
116.1694 	 2 
116.1694 	 1 
116.1810 	 0 
116.3088 	 1 
116.3204 	 2 
116.4365 	 1 
116.4365 	 0 
116.4481 	 2 
116.5758 	 2 
116.7151 	 2 
116.7151 	 0 
116.7151 	 1 
116.8544 	 2 
116.8544 	 1 
116.9937 	 1 
116.9937 	 2 
116.9937 	 0 
117.1331 	 1 
117.1331 	 0 
117.1331 	 2 
117.2608 	 1 
117.2608 	 2 
117.2608 	 0 
117.4001 	 2 
117.4001 	 1 
117.5394 	 1 
117.5394 	 2 
117.5394 	 0 
117.6671 	 2 
117.6787 	 1 
117.8180 	 2 
117.8180 	 0 
117.8180 	 1 
117.9458 	 0 
117.9458 	 2 
117.9458 	 1 
118.0967 	 2 
118.0967 	 0 
118.0967 	 1 
118.2244 	 1 
118.2360 	 2 
118.3637 	 2 
118.3637 	 0 
118.3637 	 1 
118.5030 	 2 
118.5030 	 0 
118.5030 	 1 
118.6307 	 2 
118.6307 	 1 
118.6307 	 0 
118.7701 	 1 
118.7701 	 2 
118.9094 	 0 
118.9094 	 2 
118.9094 	 1 
119.0487 	 1 
119.0487 	 2 
119.0603 	 0 
119.1880 	 2 
119.1880 	 0 
119.1880 	 1 
119.3273 	 2 
119.3273 	 0 
119.3273 	 1 
119.4667 	 1 
119.4667 	 2 
119.4667 	 0 
119.6060 	 2 
119.6060 	 0 
119.6060 	 1 
119.7337 	 1 
119.7337 	 2 
119.7337 	 0 
119.8730 	 2 
119.8730 	 1 
120.0123 	 2 
120.0123 	 1 
120.0123 	 0 
120.1517 	 1 
120.1633 	 2 
120.1633 	 0 
120.2910 	 2 
120.2910 	 0 
120.2910 	 1 
120.4187 	 0 
120.4187 	 2 
120.4187 	 1 
120.5464 	 1 
120.5464 	 0 
120.5580 	 2 
120.6857 	 1 
120.6857 	 0 
120.6973 	 2 
120.8250 	 0 
120.8250 	 2 
120.8366 	 1 
120.9644 	 2 
120.9644 	 1 
121.0921 	 1 
121.1037 	 2 
121.1037 	 0 
121.2198 	 0 
121.2198 	 2 
121.2314 	 1 
121.3475 	 1 
121.3591 	 0 
121.3591 	 2 
121.4868 	 1 
121.4868 	 2 
121.6261 	 1 
121.6261 	 0 
121.6261 	 2 
121.7654 	 1 
121.7654 	 2 
121.7654 	 0 
121.9048 	 0 
121.9048 	 1 
121.9164 	 2 
122.0441 	 1 
122.0557 	 0 
122.0557 	 2 
122.1834 	 0 
122.1834 	 1 
122.1950 	 2 
122.3111 	 0 
122.3111 	 1 
122.3111 	 2 
122.4388 	 2 
122.4388 	 1 
122.4388 	 0 
122.5898 	 2 
122.5898 	 1 
122.7175 	 0 
122.7175 	 2 
122.7175 	 1 
122.8568 	 2 
122.8568 	 1 
122.8568 	 0 
122.9961 	 0 
122.9961 	 1 
123.0077 	 2 
123.1354 	 2 
123.1354 	 1 
123.2747 	 1 
123.2747 	 2 
123.4141 	 2 
123.4141 	 1 
123.5418 	 2 
123.5418 	 0 
123.5418 	 1 
123.6927 	 2 
123.6927 	 1 
123.8204 	 2 
123.8204 	 0 
123.8320 	 1 
123.9597 	 1 
123.9713 	 2 
123.9713 	 0 
124.1107 	 1 
124.1107 	 0 
124.1107 	 2 
124.2384 	 2 
124.2384 	 0 
124.2500 	 1 
124.3777 	 2 
124.3777 	 1 
124.5170 	 1 
124.5170 	 2 
124.6447 	 0 
124.6447 	 1 
124.6447 	 2 
