0.0116 	 1 
0.5805 	 0 
0.5805 	 1 
0.5921 	 2 
0.8940 	 0 
1.1378 	 1 
1.1378 	 0 
1.1378 	 2 
1.3119 	 1 
1.4048 	 2 
1.6718 	 2 
1.6718 	 1 
1.6718 	 0 
2.0782 	 2 
2.2291 	 2 
2.2291 	 0 
2.2407 	 1 
2.5078 	 2 
2.7864 	 1 
2.7864 	 2 
3.0766 	 2 
3.3321 	 2 
3.3321 	 1 
3.3437 	 0 
3.5991 	 2 
3.6107 	 0 
3.8545 	 2 
3.8545 	 1 
3.8661 	 0 
4.1099 	 1 
4.1215 	 0 
4.1332 	 2 
4.3770 	 1 
4.3886 	 2 
4.3886 	 0 
4.9226 	 2 
4.9226 	 0 
4.9226 	 1 
5.4799 	 0 
5.4799 	 1 
5.4799 	 2 
6.0256 	 1 
6.0256 	 0 
6.0256 	 2 
6.2810 	 1 
6.3042 	 2 
6.5596 	 1 
6.5712 	 2 
6.5712 	 0 
7.1169 	 1 
7.1169 	 2 
7.4304 	 2 
7.6626 	 2 
7.6626 	 0 
7.6626 	 1 
7.9644 	 1 
8.0922 	 1 
8.2199 	 1 
8.2199 	 2 
8.2199 	 0 
8.4869 	 1 
8.7655 	 2 
8.7655 	 1 
8.7771 	 0 
9.0442 	 0 
9.2996 	 2 
9.3112 	 1 
9.3112 	 0 
9.5666 	 1 
9.5782 	 0 
9.8337 	 2 
9.8453 	 0 
9.8453 	 1 
10.3909 	 2 
10.3909 	 0 
10.4025 	 1 
10.9482 	 2 
10.9482 	 1 
10.9598 	 0 
11.2268 	 2 
11.4939 	 0 
11.4939 	 2 
11.4939 	 1 
11.6796 	 1 
12.0279 	 2 
12.0279 	 1 
12.1673 	 1 
12.5736 	 0 
12.5852 	 1 
12.5852 	 2 
12.7478 	 1 
12.7594 	 2 
12.7594 	 0 
13.1193 	 2 
13.1193 	 0 
13.1193 	 1 
13.6766 	 2 
13.6766 	 0 
13.6766 	 1 
14.0365 	 1 
14.0481 	 0 
14.2338 	 1 
14.2338 	 0 
14.7563 	 0 
14.7563 	 2 
14.7563 	 1 
14.8608 	 1 
14.8608 	 2 
14.8608 	 0 
15.1046 	 0 
15.1046 	 1 
15.3020 	 2 
15.3020 	 1 
15.6967 	 1 
15.7199 	 0 
15.8476 	 1 
15.8476 	 0 
15.8476 	 2 
16.1959 	 2 
16.2075 	 0 
16.2075 	 1 
16.3468 	 1 
16.3933 	 0 
16.4049 	 1 
16.4049 	 2 
16.7996 	 1 
16.7996 	 0 
16.8112 	 2 
16.9273 	 0 
16.9390 	 1 
16.9390 	 2 
17.4962 	 0 
17.4962 	 2 
18.0303 	 2 
18.0303 	 0 
18.5760 	 1 
18.5760 	 2 
18.5876 	 0 
19.1332 	 2 
19.1332 	 1 
19.1332 	 0 
19.6673 	 1 
19.6673 	 0 
19.6673 	 2 
19.9459 	 0 
20.2130 	 1 
20.2130 	 2 
20.2246 	 0 
20.7586 	 2 
20.7586 	 1 
20.7702 	 0 
21.2811 	 2 
21.2927 	 1 
21.2927 	 0 
21.7571 	 1 
21.8384 	 1 
21.8384 	 2 
21.8384 	 0 
22.1054 	 1 
22.3724 	 2 
22.3724 	 0 
22.3724 	 1 
22.9413 	 0 
22.9413 	 1 
22.9529 	 2 
23.2200 	 1 
23.4986 	 1 
23.5102 	 2 
23.5102 	 0 
23.7772 	 2 
23.8005 	 1 
24.0443 	 1 
24.0443 	 2 
24.0559 	 0 
24.5667 	 2 
24.5899 	 1 
25.1240 	 1 
25.1240 	 2 
25.1240 	 0 
25.6697 	 2 
25.6813 	 1 
25.6813 	 0 
25.9483 	 2 
26.0992 	 1 
26.2153 	 1 
26.2153 	 2 
26.2269 	 0 
26.4824 	 2 
26.4940 	 1 
26.7726 	 2 
26.7726 	 1 
26.7726 	 0 
27.3183 	 0 
27.3183 	 1 
27.3183 	 2 
27.8523 	 2 
27.8639 	 1 
27.8639 	 0 
28.4096 	 2 
28.9437 	 0 
28.9437 	 1 
28.9437 	 2 
29.2455 	 2 
29.3965 	 1 
29.4081 	 2 
29.4777 	 0 
30.0466 	 2 
30.0466 	 1 
30.0466 	 0 
30.3137 	 2 
30.3253 	 0 
30.4414 	 1 
30.5923 	 2 
30.6039 	 1 
30.6039 	 0 
31.1263 	 2 
31.1263 	 0 
31.5791 	 1 
31.6488 	 2 
31.6488 	 0 
31.6604 	 1 
32.2061 	 1 
32.2061 	 2 
32.2061 	 0 
32.5079 	 2 
32.7285 	 1 
32.7517 	 2 
33.2858 	 2 
33.2858 	 1 
33.2974 	 0 
33.8431 	 0 
33.8431 	 1 
33.8547 	 2 
34.2727 	 1 
34.4236 	 1 
34.4352 	 0 
34.4352 	 2 
34.5513 	 1 
34.5629 	 2 
34.8067 	 2 
34.8415 	 1 
