0.4992 	 0 
0.4992 	 1 
0.4992 	 2 
0.6850 	 1 
0.6850 	 2 
0.8475 	 0 
0.8475 	 1 
0.8475 	 2 
1.0101 	 0 
1.0101 	 1 
1.0101 	 2 
1.1610 	 2 
1.1610 	 1 
1.1726 	 0 
1.2074 	 1 
1.2190 	 2 
1.5906 	 1 
1.6138 	 0 
1.6138 	 2 
1.7415 	 1 
1.7531 	 0 
1.7531 	 2 
2.0782 	 2 
2.1711 	 2 
2.3220 	 1 
2.3336 	 2 
2.8677 	 2 
2.8677 	 1 
2.8677 	 0 
3.3901 	 1 
3.4249 	 2 
3.4482 	 0 
3.9706 	 1 
3.9822 	 2 
3.9822 	 0 
4.3421 	 1 
4.3537 	 0 
4.3654 	 2 
4.9110 	 1 
4.9226 	 0 
4.9226 	 2 
5.0736 	 1 
5.0852 	 2 
5.0852 	 0 
5.2361 	 1 
5.4335 	 1 
5.4451 	 2 
5.6192 	 1 
5.6308 	 2 
5.6424 	 0 
5.9907 	 1 
6.0140 	 2 
6.1765 	 1 
6.1881 	 2 
6.1881 	 0 
6.5596 	 2 
6.7106 	 1 
6.7338 	 2 
6.7338 	 0 
7.0356 	 2 
7.1401 	 2 
7.2678 	 1 
7.2795 	 0 
7.2795 	 2 
7.8251 	 1 
7.8251 	 2 
7.8367 	 0 
8.3592 	 0 
8.3592 	 2 
8.3592 	 1 
8.6843 	 2 
9.1138 	 2 
9.1138 	 1 
9.2415 	 1 
9.2532 	 0 
9.2648 	 2 
9.4041 	 1 
9.4157 	 0 
9.4157 	 2 
9.7872 	 1 
10.0078 	 2 
10.0078 	 0 
10.5186 	 2 
10.5186 	 1 
10.5302 	 0 
10.9018 	 1 
10.9134 	 2 
11.0759 	 1 
11.0875 	 2 
11.0875 	 0 
11.4126 	 1 
11.4242 	 0 
11.4242 	 2 
11.6100 	 2 
11.6100 	 1 
11.6448 	 2 
11.9583 	 2 
11.9931 	 1 
12.1673 	 1 
12.1789 	 0 
12.1789 	 2 
12.7245 	 1 
12.7361 	 0 
12.7361 	 2 
13.1425 	 2 
13.2702 	 1 
13.2702 	 2 
13.2702 	 0 
13.4211 	 2 
13.5372 	 2 
13.6301 	 1 
13.6417 	 2 
13.6417 	 0 
13.7927 	 1 
13.8159 	 0 
13.8159 	 2 
14.1061 	 2 
14.1990 	 1 
14.2338 	 2 
14.2919 	 2 
14.3499 	 2 
14.3499 	 1 
14.3615 	 0 
14.6750 	 1 
14.6982 	 0 
14.8724 	 1 
14.8840 	 2 
14.8956 	 0 
15.2671 	 1 
15.4180 	 1 
15.4297 	 0 
15.4413 	 2 
15.5341 	 1 
15.7083 	 0 
15.7431 	 1 
15.8244 	 2 
15.9869 	 2 
15.9869 	 1 
15.9985 	 0 
16.1727 	 1 
16.3585 	 0 
16.3585 	 1 
16.3701 	 2 
16.5094 	 1 
16.5210 	 0 
16.5326 	 2 
17.0783 	 1 
17.0899 	 0 
17.4382 	 1 
17.4498 	 0 
17.6007 	 2 
17.6007 	 0 
17.6123 	 1 
17.9606 	 0 
17.9722 	 1 
17.9722 	 2 
18.1464 	 1 
18.1580 	 0 
18.1580 	 2 
18.3902 	 2 
18.5295 	 1 
18.5295 	 2 
18.5992 	 2 
18.6921 	 2 
18.6921 	 1 
18.7037 	 0 
18.9243 	 2 
18.9939 	 1 
19.2377 	 2 
19.2377 	 1 
19.2493 	 0 
19.5396 	 1 
19.5628 	 1 
19.5860 	 0 
19.7370 	 2 
19.7718 	 1 
19.7834 	 2 
19.7834 	 0 
20.1317 	 1 
20.1433 	 0 
20.1433 	 2 
20.3059 	 2 
20.3059 	 1 
20.3291 	 0 
20.6890 	 1 
20.7006 	 2 
20.7006 	 0 
20.8631 	 1 
20.8747 	 2 
20.8747 	 0 
21.4204 	 1 
21.4204 	 0 
21.7687 	 1 
21.9429 	 1 
22.0125 	 0 
22.3260 	 0 
22.3376 	 2 
22.3376 	 1 
22.5117 	 1 
22.5234 	 2 
22.5234 	 0 
22.8833 	 1 
22.8949 	 0 
22.8949 	 2 
23.0574 	 2 
23.0690 	 1 
23.2316 	 2 
23.4986 	 2 
23.6147 	 2 
23.6147 	 1 
23.6263 	 0 
24.1488 	 1 
24.1604 	 0 
24.1604 	 2 
24.2765 	 1 
24.5203 	 1 
24.5203 	 2 
24.5319 	 0 
24.7060 	 1 
24.7176 	 2 
24.7293 	 0 
24.9034 	 1 
25.0776 	 2 
25.0776 	 1 
25.0776 	 0 
25.2401 	 1 
25.2517 	 2 
25.2633 	 0 
25.6000 	 1 
25.6116 	 0 
25.7741 	 2 
25.7741 	 1 
25.7858 	 0 
26.3546 	 1 
26.3546 	 0 
26.3546 	 2 
26.7029 	 2 
26.7029 	 1 
26.8771 	 0 
26.8887 	 1 
26.8887 	 2 
27.0745 	 1 
27.0745 	 2 
27.0861 	 0 
27.2370 	 1 
27.2370 	 0 
27.2370 	 2 
27.3763 	 1 
27.4924 	 2 
27.5505 	 1 
27.7478 	 1 
27.7595 	 2 
27.7711 	 0 
27.8756 	 2 
27.9800 	 2 
27.9800 	 1 
27.9917 	 0 
28.1310 	 1 
28.2819 	 1 
28.2935 	 2 
28.3051 	 0 
28.5025 	 1 
28.5257 	 0 
28.5257 	 2 
28.6883 	 1 
28.6999 	 2 
28.8392 	 2 
28.8740 	 2 
29.0482 	 2 
29.0598 	 0 
29.0598 	 1 
29.4313 	 1 
29.6171 	 2 
29.9421 	 2 
30.1627 	 1 
30.1743 	 0 
30.1743 	 2 
30.4646 	 1 
30.5110 	 0 
30.5807 	 2 
30.7200 	 1 
30.7200 	 0 
30.7200 	 2 
31.0102 	 2 
31.2424 	 1 
31.2541 	 0 
31.2541 	 2 
31.6372 	 2 
31.6604 	 0 
31.7068 	 2 
31.7765 	 1 
31.7997 	 2 
31.7997 	 0 
31.9158 	 2 
32.3338 	 1 
32.3454 	 2 
32.3454 	 0 
32.5195 	 2 
32.7401 	 2 
32.8678 	 1 
32.8911 	 2 
32.9027 	 0 
32.9839 	 1 
33.2045 	 2 
33.2045 	 1 
33.2045 	 0 
33.4135 	 1 
33.4251 	 2 
33.4251 	 0 
33.7618 	 1 
33.7734 	 2 
33.9476 	 1 
33.9708 	 2 
33.9824 	 0 
34.3307 	 1 
34.3423 	 0 
34.5049 	 1 
34.5165 	 0 
34.6790 	 1 
34.8299 	 1 
35.0389 	 1 
35.0389 	 2 
35.0505 	 0 
35.4220 	 1 
35.4220 	 0 
35.4220 	 2 
35.5962 	 1 
35.6078 	 0 
35.6078 	 2 
35.7703 	 1 
35.7936 	 2 
35.8864 	 2 
35.9445 	 1 
35.9561 	 0 
35.9561 	 2 
36.1070 	 1 
36.1419 	 2 
36.2463 	 2 
36.6991 	 0 
36.6991 	 1 
36.7107 	 2 
36.8849 	 2 
36.9894 	 2 
37.0823 	 1 
37.1055 	 2 
37.2448 	 1 
37.2448 	 0 
37.2564 	 2 
37.3725 	 1 
37.4538 	 1 
37.4654 	 2 
37.6163 	 2 
37.6163 	 1 
37.6163 	 0 
37.7789 	 1 
37.7905 	 2 
37.7905 	 0 
38.1620 	 1 
38.1852 	 0 
38.3245 	 1 
38.3361 	 2 
38.6961 	 1 
38.6961 	 0 
38.8818 	 0 
38.8818 	 1 
39.2417 	 1 
39.4043 	 1 
39.4159 	 2 
39.8687 	 2 
39.9615 	 1 
39.9732 	 0 
39.9732 	 2 
40.1473 	 2 
40.2518 	 2 
40.3563 	 2 
40.4956 	 1 
40.5072 	 2 
40.5304 	 0 
40.5537 	 1 
40.6117 	 2 
40.7975 	 2 
40.8903 	 1 
40.9020 	 2 
40.9020 	 0 
41.0761 	 1 
41.0877 	 2 
41.0877 	 0 
41.2851 	 1 
41.4592 	 1 
41.4708 	 2 
41.4708 	 0 
41.6102 	 1 
41.6218 	 0 
41.6218 	 2 
41.8191 	 1 
41.9236 	 2 
41.9701 	 1 
42.0281 	 2 
42.1442 	 1 
42.1442 	 0 
42.1558 	 2 
42.3648 	 2 
42.4577 	 2 
42.5273 	 1 
42.5390 	 2 
42.6899 	 1 
42.7015 	 2 
42.7015 	 0 
42.8408 	 1 
43.0614 	 1 
43.2588 	 1 
43.2588 	 2 
43.2588 	 0 
43.5955 	 1 
43.6187 	 0 
43.6187 	 2 
44.1760 	 1 
44.1760 	 2 
44.3385 	 1 
44.3501 	 0 
44.3501 	 2 
44.5010 	 1 
44.6752 	 1 
44.8145 	 0 
44.8145 	 1 
44.8145 	 2 
44.8958 	 1 
45.1512 	 2 
45.2557 	 1 
45.2673 	 0 
45.2673 	 2 
45.4415 	 1 
45.4531 	 2 
45.4531 	 0 
45.9755 	 1 
45.9755 	 0 
45.9871 	 2 
46.4399 	 1 
46.5212 	 0 
46.5212 	 1 
46.5328 	 2 
47.0668 	 1 
47.0785 	 2 
47.0785 	 0 
47.6241 	 0 
47.6241 	 2 
47.6241 	 1 
47.9724 	 1 
47.9840 	 2 
47.9956 	 0 
48.3323 	 2 
48.3439 	 0 
48.5181 	 1 
48.5297 	 0 
48.5297 	 2 
48.6922 	 1 
48.7155 	 0 
48.7503 	 2 
48.8780 	 1 
48.8896 	 2 
48.9012 	 0 
49.0638 	 1 
49.2495 	 1 
49.2495 	 2 
49.2495 	 0 
49.6327 	 0 
49.6327 	 1 
49.6443 	 2 
49.7952 	 0 
49.7952 	 1 
49.8068 	 2 
50.1899 	 2 
50.3409 	 2 
50.3409 	 1 
50.3525 	 0 
50.8633 	 1 
50.8633 	 0 
50.8749 	 2 
51.2580 	 1 
51.2697 	 2 
51.3625 	 2 
51.4206 	 1 
51.4206 	 0 
51.4322 	 2 
51.6063 	 2 
51.8966 	 2 
51.9779 	 1 
51.9779 	 2 
51.9895 	 0 
52.3146 	 1 
52.3378 	 0 
52.3378 	 2 
52.8834 	 1 
52.8951 	 0 
52.9067 	 2 
53.0576 	 1 
53.0692 	 2 
53.0692 	 0 
53.3943 	 1 
53.4175 	 2 
53.5568 	 1 
53.5917 	 2 
53.6033 	 0 
53.9632 	 1 
53.9748 	 2 
53.9748 	 0 
54.1373 	 1 
54.1489 	 0 
54.1605 	 2 
54.5088 	 1 
54.5205 	 2 
54.6714 	 1 
54.6946 	 0 
54.6946 	 2 
55.0429 	 1 
55.0545 	 0 
55.0545 	 2 
55.2287 	 1 
55.2403 	 0 
55.2519 	 2 
55.7743 	 0 
55.7743 	 2 
55.7743 	 1 
56.3084 	 2 
56.3084 	 1 
56.3200 	 0 
56.6683 	 1 
56.6799 	 2 
56.6799 	 0 
57.0863 	 2 
57.2140 	 1 
57.2372 	 0 
57.2372 	 2 
57.3997 	 1 
57.4113 	 2 
57.4113 	 0 
57.9454 	 0 
57.9454 	 2 
58.0615 	 2 
58.5143 	 1 
58.5259 	 2 
58.5259 	 0 
58.7581 	 2 
58.8161 	 2 
58.9090 	 1 
58.9322 	 2 
58.9322 	 0 
59.0600 	 1 
59.0716 	 0 
59.0716 	 2 
59.4547 	 1 
59.4547 	 0 
59.4663 	 2 
59.6172 	 1 
59.6288 	 2 
59.6288 	 0 
59.9888 	 1 
60.0004 	 2 
60.1513 	 1 
60.1629 	 2 
60.1745 	 0 
60.7318 	 1 
60.7434 	 0 
60.7434 	 2 
61.0801 	 1 
61.2426 	 1 
61.2775 	 2 
61.2775 	 0 
61.6141 	 1 
61.6258 	 2 
61.7999 	 1 
61.8115 	 0 
61.8115 	 2 
62.3456 	 1 
62.3456 	 2 
62.3572 	 0 
62.4965 	 2 
62.8912 	 1 
62.8912 	 0 
62.9029 	 2 
63.2860 	 2 
63.4253 	 1 
63.4253 	 0 
63.4253 	 2 
63.5530 	 2 
63.5530 	 1 
63.7272 	 2 
63.7852 	 1 
63.7968 	 0 
63.8084 	 2 
63.9710 	 1 
63.9710 	 2 
63.9826 	 0 
64.1219 	 2 
64.2148 	 2 
64.2961 	 2 
64.3773 	 0 
64.4122 	 2 
64.5050 	 0 
64.5050 	 1 
64.5050 	 2 
64.8301 	 2 
64.8882 	 2 
64.8998 	 1 
65.0507 	 0 
65.0507 	 1 
65.0507 	 2 
65.4454 	 1 
65.4571 	 2 
65.4687 	 0 
65.5615 	 1 
65.5732 	 2 
65.7357 	 2 
66.0376 	 2 
66.1304 	 0 
66.1420 	 1 
66.1420 	 2 
66.3859 	 2 
66.5252 	 2 
66.6761 	 2 
66.7806 	 2 
66.9547 	 2 
67.0244 	 2 
67.1289 	 2 
67.2566 	 1 
67.2566 	 2 
67.2682 	 0 
67.4191 	 1 
67.4540 	 2 
67.5933 	 1 
67.5933 	 2 
67.6397 	 0 
67.7790 	 1 
67.8023 	 2 
67.8139 	 0 
67.8719 	 1 
67.8835 	 0 
67.8951 	 2 
67.9648 	 2 
68.1506 	 2 
68.1506 	 1 
68.1622 	 0 
68.3131 	 1 
68.3131 	 0 
68.3247 	 2 
68.6962 	 1 
68.7195 	 0 
68.7195 	 2 
68.8588 	 2 
68.8588 	 1 
69.2303 	 1 
69.2535 	 0 
69.4161 	 2 
69.4161 	 1 
69.4277 	 0 
69.6599 	 2 
69.7760 	 1 
69.9617 	 1 
69.9733 	 2 
69.9849 	 0 
70.3100 	 1 
70.5074 	 2 
70.5074 	 1 
70.5306 	 0 
70.8441 	 1 
70.8673 	 2 
70.8673 	 0 
71.0647 	 1 
71.0647 	 2 
71.0879 	 0 
71.4942 	 2 
71.4942 	 0 
71.6220 	 1 
71.6336 	 2 
71.6336 	 0 
72.0167 	 1 
72.1676 	 1 
72.1792 	 2 
72.1908 	 0 
72.3302 	 1 
72.5507 	 2 
72.5507 	 1 
72.5856 	 0 
72.7133 	 1 
72.7249 	 2 
72.7249 	 0 
73.0732 	 1 
73.0848 	 0 
73.2357 	 1 
73.2473 	 2 
73.3054 	 2 
73.3751 	 0 
73.4563 	 2 
73.8046 	 2 
73.8046 	 1 
73.8046 	 0 
74.2110 	 2 
74.3503 	 2 
74.5941 	 1 
74.6173 	 2 
74.6986 	 2 
74.6986 	 1 
74.8844 	 1 
74.8844 	 0 
74.8844 	 2 
75.0701 	 1 
75.0817 	 2 
75.2210 	 0 
75.2327 	 1 
75.2327 	 2 
75.3720 	 1 
75.4765 	 2 
75.7551 	 1 
75.7551 	 2 
75.7667 	 0 
75.9409 	 2 
75.9409 	 1 
75.9525 	 0 
76.1266 	 1 
76.3704 	 2 
76.5098 	 1 
76.5098 	 2 
76.5098 	 0 
76.8580 	 2 
77.0322 	 1 
77.0322 	 2 
77.0438 	 0 
77.6011 	 1 
77.6011 	 2 
77.6127 	 0 
77.9958 	 2 
78.1468 	 0 
78.1468 	 2 
78.1584 	 1 
78.6808 	 1 
78.6924 	 0 
78.7040 	 2 
79.0639 	 0 
79.0756 	 2 
79.2381 	 1 
79.2381 	 0 
79.2381 	 2 
79.7722 	 1 
79.7838 	 2 
80.1321 	 1 
80.1437 	 2 
80.3294 	 1 
80.3410 	 2 
80.7010 	 1 
80.7242 	 2 
80.8983 	 2 
80.8983 	 1 
81.1886 	 2 
81.2234 	 1 
81.2466 	 1 
81.2582 	 2 
81.2815 	 2 
81.2815 	 1 
81.4208 	 2 
81.4208 	 1 
81.4324 	 0 
81.7691 	 1 
81.8039 	 2 
81.8155 	 0 
81.9432 	 1 
81.9664 	 2 
82.0477 	 1 
82.0477 	 2 
82.0477 	 0 
82.3612 	 1 
82.3612 	 2 
82.5005 	 0 
82.5005 	 1 
82.5121 	 2 
82.5237 	 0 
82.9185 	 2 
82.9185 	 0 
83.0578 	 2 
83.0578 	 1 
83.0926 	 0 
83.6151 	 1 
83.6151 	 2 
83.6151 	 0 
83.8356 	 2 
83.9634 	 1 
83.9982 	 2 
84.0911 	 1 
84.1607 	 2 
84.1839 	 0 
84.1839 	 1 
84.4974 	 2 
84.5322 	 2 
84.7180 	 1 
84.7412 	 0 
84.7412 	 2 
85.1127 	 1 
85.1244 	 0 
85.1244 	 2 
85.2521 	 1 
85.2637 	 0 
85.2753 	 2 
85.4843 	 1 
85.6236 	 1 
85.6236 	 2 
85.6352 	 0 
85.7977 	 1 
85.7977 	 2 
85.8093 	 0 
86.1693 	 1 
86.1925 	 2 
86.1925 	 0 
86.3318 	 1 
86.3434 	 0 
86.3434 	 2 
86.7149 	 2 
86.7265 	 0 
86.8659 	 2 
86.8775 	 0 
86.8775 	 1 
87.2838 	 0 
87.4115 	 2 
87.4231 	 0 
87.4231 	 1 
87.5276 	 2 
87.9688 	 0 
87.9688 	 1 
87.9804 	 2 
88.1546 	 2 
88.2474 	 2 
88.5377 	 1 
88.5377 	 2 
88.5493 	 0 
88.9092 	 1 
88.9208 	 2 
88.9208 	 0 
89.0834 	 1 
89.0950 	 2 
89.1066 	 0 
89.2459 	 1 
89.3736 	 2 
89.4317 	 2 
89.4433 	 1 
89.4549 	 0 
89.4897 	 2 
89.6058 	 1 
89.6174 	 2 
89.6174 	 0 
89.8032 	 1 
89.8380 	 2 
89.9077 	 2 
89.9889 	 1 
90.0238 	 2 
90.1399 	 1 
90.1515 	 2 
90.1515 	 0 
90.3837 	 2 
90.4882 	 2 
90.5114 	 2 
90.5346 	 1 
90.5927 	 2 
90.6971 	 1 
90.6971 	 0 
90.7088 	 2 
91.2428 	 2 
91.2428 	 1 
91.2544 	 0 
91.5911 	 1 
91.6143 	 0 
91.6259 	 2 
91.8001 	 1 
92.1716 	 1 
92.3225 	 1 
92.3225 	 0 
92.3341 	 2 
92.6824 	 1 
92.7057 	 2 
92.7057 	 1 
92.8450 	 1 
92.8566 	 0 
92.8566 	 2 
92.8914 	 1 
93.2397 	 1 
93.2513 	 2 
93.2513 	 0 
93.4139 	 1 
93.4255 	 2 
93.9828 	 2 
93.9828 	 1 
93.9944 	 0 
94.3311 	 0 
94.3311 	 1 
94.3427 	 2 
94.4936 	 1 
94.5052 	 2 
94.5168 	 0 
94.6910 	 1 
94.7490 	 2 
94.8419 	 1 
94.8535 	 2 
94.8651 	 0 
95.0393 	 1 
95.0393 	 0 
95.0393 	 2 
95.1786 	 2 
95.4224 	 2 
95.4340 	 0 
95.5849 	 1 
95.5849 	 2 
95.5966 	 0 
95.9565 	 0 
95.9565 	 1 
95.9565 	 2 
