0.0348 	 2 
0.0348 	 1 
0.0464 	 0 
0.9288 	 0 
0.9288 	 2 
0.9288 	 1 
1.1262 	 2 
1.1378 	 1 
1.1378 	 0 
2.0201 	 1 
2.2175 	 2 
2.2175 	 1 
2.2175 	 0 
2.5310 	 1 
3.0883 	 2 
3.0999 	 1 
3.0999 	 0 
3.2972 	 0 
3.2972 	 1 
3.2972 	 2 
3.4598 	 1 
3.6339 	 0 
3.6339 	 1 
3.6339 	 2 
3.8429 	 2 
3.8429 	 0 
3.8545 	 1 
4.1448 	 1 
4.1448 	 0 
4.1448 	 2 
4.3886 	 0 
4.3886 	 1 
4.3886 	 2 
5.2941 	 0 
5.2941 	 2 
5.3058 	 1 
5.5263 	 1 
5.5263 	 2 
5.5263 	 0 
5.8630 	 2 
5.8630 	 0 
5.8630 	 1 
6.0488 	 2 
6.0488 	 0 
6.0488 	 1 
6.3623 	 2 
6.3623 	 0 
6.3739 	 1 
6.5596 	 1 
6.5596 	 0 
6.5596 	 2 
7.1053 	 2 
7.1169 	 1 
7.1285 	 0 
7.4536 	 1 
7.4536 	 2 
7.4652 	 0 
7.6626 	 1 
7.6626 	 0 
7.6626 	 2 
8.0341 	 2 
8.0341 	 1 
8.0341 	 0 
8.2199 	 2 
8.2199 	 1 
8.2315 	 0 
8.3592 	 1 
8.5333 	 1 
8.5333 	 2 
8.5449 	 0 
8.7423 	 0 
8.7423 	 1 
8.7423 	 2 
9.1022 	 1 
9.1138 	 2 
9.3344 	 2 
9.3344 	 1 
9.3460 	 0 
9.4737 	 1 
9.6479 	 1 
9.6479 	 2 
9.6595 	 0 
9.8569 	 1 
9.8569 	 0 
9.8685 	 2 
10.4490 	 2 
10.7276 	 2 
10.7392 	 0 
10.7392 	 1 
10.9366 	 1 
10.9366 	 0 
10.9366 	 2 
11.4939 	 0 
11.4939 	 2 
11.4939 	 1 
11.6100 	 1 
11.8073 	 2 
11.8190 	 0 
11.8190 	 1 
12.0279 	 0 
12.0279 	 2 
12.0279 	 1 
12.1673 	 0 
12.1789 	 1 
12.1789 	 2 
12.3066 	 1 
12.3066 	 0 
12.3182 	 2 
12.4575 	 1 
12.4575 	 0 
12.4575 	 2 
12.5852 	 2 
12.5852 	 1 
12.5852 	 0 
12.7594 	 2 
12.9103 	 0 
12.9103 	 2 
12.9103 	 1 
13.0728 	 0 
13.0728 	 2 
13.0844 	 1 
13.4792 	 0 
13.4792 	 2 
13.4792 	 1 
13.6998 	 0 
13.7114 	 2 
13.9900 	 2 
14.0016 	 0 
14.0016 	 1 
14.1990 	 2 
14.1990 	 1 
14.2106 	 0 
14.7331 	 1 
14.7447 	 0 
15.0698 	 2 
15.0814 	 0 
15.0814 	 1 
15.2671 	 1 
15.2671 	 0 
15.2671 	 2 
15.3948 	 1 
15.5341 	 1 
15.6502 	 1 
15.8360 	 2 
15.8476 	 1 
16.1379 	 2 
16.1379 	 0 
16.1379 	 1 
16.2656 	 1 
16.3817 	 2 
16.3933 	 0 
16.3933 	 1 
16.6835 	 1 
16.6951 	 2 
16.6951 	 0 
16.9390 	 1 
16.9390 	 2 
16.9390 	 0 
17.2408 	 1 
17.2408 	 2 
17.2408 	 0 
17.4614 	 1 
17.4614 	 2 
17.4730 	 0 
18.0419 	 1 
18.0419 	 2 
18.3554 	 0 
18.3554 	 2 
18.3554 	 1 
18.5876 	 1 
18.5876 	 0 
18.5876 	 2 
18.9127 	 1 
18.9243 	 2 
18.9243 	 0 
19.1449 	 2 
19.1449 	 1 
19.4932 	 0 
19.4932 	 1 
19.6905 	 1 
19.6905 	 0 
19.6905 	 2 
19.8415 	 1 
20.0040 	 2 
20.0040 	 0 
20.0156 	 1 
20.2246 	 2 
20.2246 	 1 
20.2246 	 0 
20.5380 	 2 
20.7819 	 1 
20.7819 	 2 
20.7819 	 0 
21.1069 	 2 
21.1069 	 0 
21.1069 	 1 
21.3043 	 0 
21.3043 	 2 
21.3043 	 1 
21.8616 	 2 
21.8616 	 0 
21.8732 	 1 
22.1983 	 2 
22.2099 	 0 
22.2099 	 1 
22.4073 	 1 
22.4073 	 2 
22.4073 	 0 
22.9645 	 0 
22.9645 	 2 
22.9761 	 1 
23.2200 	 1 
23.2200 	 2 
23.4870 	 1 
23.4870 	 2 
23.6379 	 2 
23.7888 	 1 
23.7888 	 2 
23.7888 	 0 
23.9978 	 1 
23.9978 	 2 
23.9978 	 0 
24.2300 	 2 
24.3345 	 1 
24.3345 	 0 
24.3345 	 2 
24.5435 	 2 
24.5435 	 0 
24.5551 	 1 
24.7176 	 0 
24.7176 	 1 
24.8454 	 2 
24.8454 	 1 
24.8454 	 0 
25.0892 	 0 
25.0892 	 2 
25.0892 	 1 
25.3794 	 0 
25.3794 	 1 
25.3794 	 2 
25.5187 	 2 
25.6232 	 0 
25.6232 	 1 
25.6232 	 2 
25.7741 	 2 
25.9019 	 1 
25.9019 	 0 
25.9019 	 2 
26.0296 	 1 
26.1457 	 2 
26.1457 	 0 
26.1457 	 1 
26.7494 	 2 
26.7494 	 1 
27.0280 	 2 
27.0280 	 0 
27.0396 	 1 
27.2718 	 2 
27.2718 	 0 
27.2718 	 1 
27.5969 	 2 
27.5969 	 1 
27.5969 	 0 
27.8291 	 2 
27.8407 	 1 
27.9917 	 1 
27.9917 	 2 
28.1426 	 1 
28.1426 	 2 
28.1426 	 0 
28.3632 	 0 
28.3748 	 2 
28.3748 	 1 
28.6999 	 0 
28.6999 	 2 
28.6999 	 1 
28.9088 	 2 
28.9205 	 1 
29.2107 	 2 
29.2223 	 1 
29.2223 	 0 
29.4545 	 0 
29.4545 	 2 
29.4661 	 1 
29.6171 	 1 
29.7680 	 1 
29.7680 	 2 
29.7680 	 0 
30.0118 	 1 
30.3137 	 2 
30.3137 	 0 
30.3137 	 1 
30.5342 	 1 
30.5342 	 0 
30.5459 	 2 
31.1147 	 2 
31.1263 	 1 
31.1263 	 0 
31.4166 	 2 
31.4282 	 1 
31.4282 	 0 
31.6488 	 2 
31.6488 	 1 
31.6488 	 0 
32.1829 	 1 
32.1829 	 2 
32.4731 	 2 
32.4847 	 1 
32.4847 	 0 
32.7053 	 0 
32.7053 	 2 
32.7053 	 1 
33.2626 	 2 
33.2742 	 1 
33.3555 	 2 
33.5877 	 0 
33.5877 	 1 
33.5877 	 2 
33.8199 	 2 
33.8315 	 1 
33.8315 	 0 
33.9824 	 1 
33.9824 	 2 
34.1217 	 1 
34.1217 	 2 
34.1217 	 0 
34.3655 	 1 
34.3771 	 0 
34.3771 	 2 
34.6674 	 1 
34.6790 	 0 
34.6790 	 2 
34.8183 	 1 
34.9112 	 2 
34.9228 	 0 
34.9228 	 1 
35.2363 	 0 
35.2363 	 2 
35.2363 	 1 
35.4453 	 1 
35.4453 	 2 
35.4569 	 0 
35.7820 	 1 
35.7820 	 0 
35.7820 	 2 
36.0258 	 2 
36.0258 	 0 
36.0258 	 1 
36.5714 	 2 
36.5714 	 1 
36.8849 	 1 
36.8849 	 2 
36.8965 	 0 
37.1055 	 2 
37.1055 	 1 
37.1055 	 0 
37.4886 	 1 
37.4886 	 2 
37.4886 	 0 
37.6860 	 1 
37.6860 	 2 
37.8253 	 1 
37.9995 	 1 
37.9995 	 2 
37.9995 	 0 
38.2200 	 0 
38.2200 	 1 
38.2200 	 2 
38.5800 	 2 
38.5800 	 0 
38.5800 	 1 
38.7657 	 2 
38.7657 	 1 
38.7657 	 0 
39.0908 	 1 
39.0908 	 0 
39.1024 	 2 
39.3114 	 2 
39.3114 	 1 
39.3114 	 0 
39.3578 	 1 
39.6481 	 1 
39.8571 	 2 
39.8571 	 0 
39.8571 	 1 
40.1821 	 2 
40.1937 	 0 
40.1937 	 1 
40.4027 	 1 
40.4027 	 0 
40.4027 	 2 
40.7510 	 0 
40.7510 	 1 
40.7510 	 2 
40.9484 	 1 
40.9484 	 2 
41.2851 	 1 
41.2967 	 0 
41.2967 	 2 
41.4592 	 1 
41.4592 	 0 
41.4592 	 2 
41.7263 	 1 
41.7379 	 2 
41.8888 	 1 
41.8888 	 0 
41.8888 	 2 
42.0281 	 0 
42.0281 	 2 
42.0281 	 1 
42.1326 	 0 
42.1442 	 1 
42.1442 	 2 
42.4229 	 2 
42.4229 	 1 
42.4229 	 0 
42.5622 	 0 
42.5738 	 1 
42.5738 	 2 
42.7247 	 1 
42.7247 	 2 
42.8756 	 2 
42.8756 	 0 
42.8756 	 1 
43.1078 	 0 
43.1195 	 1 
43.1195 	 2 
43.4213 	 0 
43.4213 	 2 
43.4329 	 1 
43.6651 	 1 
43.6651 	 0 
43.6651 	 2 
44.2456 	 1 
44.2456 	 2 
44.5707 	 0 
44.5707 	 2 
44.5707 	 1 
44.8029 	 2 
44.8029 	 1 
44.8029 	 0 
45.1048 	 1 
45.1048 	 0 
45.1164 	 2 
45.3370 	 1 
45.3370 	 2 
45.3370 	 0 
45.6388 	 2 
45.6504 	 1 
45.6504 	 0 
45.8710 	 1 
45.8710 	 2 
45.8826 	 0 
46.0452 	 2 
46.1961 	 2 
46.1961 	 1 
46.1961 	 0 
46.3819 	 1 
46.3935 	 2 
46.3935 	 0 
46.4515 	 2 
46.4515 	 1 
46.7418 	 2 
46.7418 	 0 
46.7418 	 1 
46.9507 	 2 
46.9507 	 0 
46.9507 	 1 
47.1365 	 2 
47.2758 	 1 
47.2758 	 0 
47.2874 	 2 
47.4732 	 1 
47.4848 	 0 
47.4848 	 2 
47.5312 	 1 
47.8563 	 0 
47.8563 	 2 
47.8563 	 1 
48.0421 	 0 
48.0421 	 2 
48.0653 	 1 
48.4020 	 1 
48.5994 	 1 
48.5994 	 2 
48.5994 	 0 
48.9361 	 0 
48.9361 	 1 
48.9361 	 2 
49.1334 	 1 
49.1334 	 0 
49.1334 	 2 
49.4585 	 1 
49.6559 	 1 
49.6675 	 0 
49.6675 	 2 
49.9693 	 0 
49.9810 	 2 
49.9810 	 1 
50.1783 	 0 
50.1783 	 1 
50.1783 	 2 
50.5034 	 1 
50.7588 	 1 
50.7588 	 2 
51.0955 	 0 
51.0955 	 2 
51.0955 	 1 
51.3045 	 1 
51.3161 	 0 
51.3161 	 2 
51.6412 	 0 
51.6412 	 2 
51.6412 	 1 
52.1520 	 2 
52.1636 	 1 
52.1636 	 0 
52.3958 	 2 
52.3958 	 0 
52.3958 	 1 
52.9647 	 1 
53.3130 	 2 
53.3246 	 0 
53.3246 	 1 
53.5104 	 1 
53.5220 	 0 
53.5220 	 2 
53.8587 	 1 
53.8587 	 2 
53.8587 	 0 
54.0677 	 2 
54.0677 	 1 
54.2070 	 1 
54.3927 	 2 
54.3927 	 0 
54.4044 	 1 
54.6017 	 2 
54.6017 	 1 
54.6017 	 0 
54.9500 	 2 
54.9500 	 0 
55.1590 	 2 
55.1590 	 0 
55.1590 	 1 
55.4841 	 2 
55.4841 	 1 
55.4841 	 0 
55.6815 	 0 
55.6815 	 2 
55.6815 	 1 
56.0181 	 0 
56.0181 	 2 
56.0298 	 1 
56.2271 	 2 
56.2271 	 1 
56.5406 	 0 
56.5522 	 2 
56.5522 	 1 
56.7496 	 2 
56.7496 	 1 
56.7496 	 0 
57.0979 	 1 
57.3301 	 1 
57.3301 	 0 
57.3301 	 2 
57.6203 	 1 
57.6203 	 2 
57.6203 	 0 
57.8641 	 1 
57.8641 	 2 
57.8641 	 0 
58.0499 	 2 
58.0615 	 1 
58.2008 	 1 
58.4214 	 2 
58.4330 	 1 
58.5607 	 1 
58.7117 	 0 
58.7233 	 1 
58.7233 	 2 
58.9206 	 0 
58.9206 	 1 
58.9206 	 2 
59.1761 	 2 
59.3038 	 0 
59.3154 	 1 
59.3154 	 2 
59.5244 	 2 
59.5360 	 0 
59.5360 	 1 
59.6753 	 2 
59.8262 	 0 
59.8262 	 2 
59.8262 	 1 
60.0584 	 2 
60.0584 	 0 
60.0584 	 1 
60.2093 	 2 
60.2093 	 0 
60.2093 	 1 
60.3254 	 2 
60.3371 	 0 
60.3371 	 1 
60.4532 	 2 
60.4532 	 0 
60.4532 	 1 
60.5809 	 1 
60.5809 	 2 
60.5809 	 0 
60.9176 	 1 
60.9176 	 0 
60.9292 	 2 
61.1149 	 1 
61.1149 	 2 
61.1149 	 0 
61.4980 	 2 
61.4980 	 0 
61.4980 	 1 
61.6954 	 1 
62.0205 	 2 
62.0321 	 1 
62.0321 	 0 
62.2295 	 0 
62.2295 	 1 
62.2411 	 2 
62.6010 	 2 
62.6126 	 0 
62.6126 	 1 
62.7751 	 1 
62.7751 	 2 
63.1002 	 0 
63.1002 	 1 
63.1002 	 2 
63.3208 	 0 
63.3208 	 1 
63.3208 	 2 
63.6691 	 2 
63.6807 	 0 
63.6807 	 1 
63.8665 	 1 
63.8781 	 2 
64.0290 	 1 
64.1916 	 1 
64.1916 	 0 
64.2032 	 2 
64.4122 	 0 
64.4238 	 2 
64.4238 	 1 
64.7721 	 2 
64.7721 	 1 
64.7721 	 0 
64.9462 	 1 
64.9578 	 2 
65.2713 	 1 
65.2713 	 2 
65.2713 	 0 
65.4919 	 0 
65.4919 	 1 
65.5035 	 2 
65.8402 	 2 
65.8518 	 1 
65.8518 	 0 
66.0608 	 2 
66.0724 	 1 
66.3626 	 2 
66.3742 	 1 
66.3742 	 0 
66.6180 	 2 
66.6297 	 1 
66.6297 	 0 
66.7922 	 0 
66.9199 	 1 
66.9199 	 2 
66.9315 	 0 
67.1521 	 1 
67.1637 	 2 
67.3263 	 2 
67.4540 	 2 
67.4540 	 1 
67.4540 	 0 
67.6862 	 2 
67.6862 	 0 
67.6862 	 1 
68.0112 	 0 
68.0112 	 2 
68.0112 	 1 
68.2086 	 1 
68.2086 	 0 
68.2086 	 2 
68.4060 	 2 
68.4060 	 0 
68.4640 	 1 
68.4756 	 2 
68.4756 	 0 
68.5569 	 1 
68.5685 	 0 
68.6150 	 2 
68.6266 	 1 
68.7311 	 0 
68.7311 	 2 
68.7427 	 1 
68.8588 	 1 
68.9517 	 0 
68.9517 	 2 
69.0910 	 2 
69.0910 	 0 
69.1026 	 1 
69.1606 	 1 
69.2651 	 0 
69.2651 	 1 
69.2651 	 2 
69.3812 	 1 
69.3928 	 2 
69.5205 	 1 
69.5205 	 0 
69.5205 	 2 
69.6483 	 2 
69.6715 	 1 
69.8108 	 2 
69.8108 	 0 
69.8108 	 1 
70.6932 	 2 
70.6932 	 0 
70.6932 	 1 
70.9137 	 2 
70.9137 	 0 
70.9137 	 1 
71.2853 	 0 
71.2853 	 2 
71.2853 	 1 
71.4710 	 1 
71.4826 	 2 
71.6220 	 1 
71.7729 	 2 
71.7845 	 0 
71.7845 	 1 
72.0167 	 1 
72.0167 	 0 
72.0167 	 2 
72.5856 	 2 
72.5972 	 1 
72.9107 	 1 
72.9107 	 0 
72.9107 	 2 
73.1196 	 2 
73.1196 	 0 
73.1196 	 1 
73.4331 	 2 
73.4331 	 0 
73.4331 	 1 
73.6653 	 1 
73.6653 	 2 
73.9788 	 1 
73.9788 	 2 
73.9788 	 0 
74.1994 	 1 
74.1994 	 2 
74.1994 	 0 
74.7799 	 2 
74.7799 	 1 
74.7799 	 0 
75.0701 	 2 
75.0701 	 1 
75.0817 	 0 
75.3255 	 1 
75.3255 	 0 
75.3255 	 2 
75.6390 	 2 
75.6390 	 1 
75.6506 	 0 
75.8944 	 0 
75.8944 	 2 
75.8944 	 1 
76.0454 	 0 
76.0454 	 1 
76.1847 	 0 
76.1847 	 1 
76.1847 	 2 
76.3124 	 1 
76.4169 	 2 
76.4285 	 0 
76.4285 	 1 
76.5678 	 2 
76.7187 	 0 
76.7187 	 1 
76.7187 	 2 
76.8464 	 1 
76.9625 	 0 
76.9625 	 2 
76.9625 	 1 
77.0902 	 2 
77.1019 	 1 
77.2296 	 1 
77.2296 	 2 
77.2296 	 0 
77.4734 	 2 
77.4734 	 1 
77.4734 	 0 
77.8217 	 1 
77.8217 	 0 
77.8217 	 2 
78.0423 	 1 
78.0423 	 2 
78.0423 	 0 
78.3325 	 2 
78.3325 	 0 
78.3441 	 1 
78.5647 	 0 
78.5647 	 1 
78.5647 	 2 
78.8317 	 2 
79.1336 	 2 
79.4355 	 0 
79.4355 	 1 
79.4355 	 2 
79.6793 	 1 
79.6793 	 2 
79.6793 	 0 
79.8302 	 1 
79.9695 	 1 
79.9695 	 0 
79.9695 	 2 
80.4920 	 2 
80.4920 	 0 
80.5036 	 1 
80.7358 	 1 
80.7358 	 0 
80.7358 	 2 
81.0493 	 2 
81.0493 	 1 
81.0609 	 0 
81.2698 	 2 
81.2698 	 1 
81.5601 	 2 
81.5717 	 1 
81.5717 	 0 
81.8155 	 1 
81.8155 	 2 
81.8155 	 0 
82.1290 	 0 
82.1290 	 1 
82.1290 	 2 
82.3960 	 1 
82.4076 	 2 
82.6979 	 2 
82.6979 	 0 
82.6979 	 1 
82.9185 	 2 
82.9185 	 0 
82.9185 	 1 
83.3132 	 2 
83.4641 	 2 
83.4641 	 1 
83.6267 	 1 
83.7892 	 0 
83.7892 	 2 
83.8008 	 1 
84.0098 	 2 
84.0098 	 1 
84.0098 	 0 
84.5555 	 1 
84.5555 	 2 
84.7064 	 1 
84.8341 	 1 
84.8341 	 2 
84.8341 	 0 
85.0779 	 1 
85.0779 	 0 
85.0779 	 2 
85.4030 	 2 
85.6468 	 2 
85.6468 	 1 
85.9254 	 0 
85.9254 	 2 
85.9254 	 1 
86.1693 	 2 
86.1693 	 1 
86.1693 	 0 
86.4827 	 0 
86.4827 	 2 
86.4827 	 1 
86.6801 	 1 
86.6801 	 2 
87.0168 	 0 
87.0168 	 2 
87.0284 	 1 
87.2258 	 0 
87.2258 	 2 
87.2374 	 1 
88.1546 	 2 
88.1546 	 0 
88.1662 	 1 
88.3751 	 2 
88.3751 	 0 
88.3751 	 1 
88.9324 	 2 
88.9324 	 1 
88.9440 	 0 
89.1182 	 1 
89.2459 	 2 
89.2575 	 1 
89.2575 	 0 
89.4549 	 1 
89.4549 	 2 
89.4549 	 0 
89.8264 	 1 
89.8264 	 2 
90.0238 	 1 
90.0238 	 2 
90.0354 	 0 
90.1747 	 1 
90.1747 	 2 
90.1863 	 0 
90.3256 	 2 
90.3372 	 1 
90.3372 	 0 
90.5346 	 2 
90.5346 	 1 
90.5462 	 0 
90.9061 	 2 
90.9061 	 1 
90.9061 	 0 
91.1151 	 0 
91.1151 	 1 
91.1151 	 2 
91.4286 	 2 
91.4402 	 0 
91.4402 	 1 
91.6376 	 0 
91.6376 	 2 
91.6376 	 1 
92.2064 	 2 
92.2064 	 1 
92.5083 	 2 
92.5083 	 0 
92.5083 	 1 
92.7289 	 0 
92.7289 	 2 
92.7289 	 1 
92.8798 	 2 
92.8798 	 1 
93.2746 	 2 
93.2746 	 1 
93.5648 	 2 
93.5764 	 0 
93.5764 	 1 
93.8086 	 2 
93.8086 	 0 
93.8086 	 1 
94.1453 	 2 
94.3775 	 2 
94.3891 	 0 
94.3891 	 1 
94.6910 	 2 
94.6910 	 0 
94.7026 	 1 
94.9116 	 2 
94.9232 	 0 
94.9232 	 1 
95.4456 	 2 
95.4572 	 1 
95.7591 	 0 
95.7591 	 2 
95.7707 	 1 
95.9797 	 2 
95.9797 	 0 
95.9797 	 1 
97.0246 	 1 
97.0942 	 0 
97.0942 	 2 
97.0942 	 1 
97.6515 	 1 
97.9650 	 1 
98.1740 	 0 
98.1856 	 2 
98.1856 	 1 
98.5455 	 1 
98.7545 	 2 
98.7661 	 1 
98.9170 	 1 
99.0795 	 1 
99.0795 	 0 
99.0795 	 2 
99.3117 	 1 
99.3117 	 0 
99.3117 	 2 
99.6252 	 1 
99.6252 	 2 
99.6252 	 0 
99.8690 	 2 
100.1709 	 2 
100.1709 	 0 
100.1825 	 1 
100.3915 	 2 
100.3915 	 0 
100.3915 	 1 
100.6933 	 2 
100.9371 	 2 
100.9371 	 0 
100.9488 	 1 
101.2274 	 2 
101.2390 	 1 
101.2390 	 0 
101.4712 	 2 
101.4712 	 0 
101.4712 	 1 
101.7266 	 2 
102.0285 	 2 
102.0285 	 0 
102.0285 	 1 
102.2142 	 1 
102.3303 	 2 
102.3303 	 1 
102.3303 	 0 
102.5509 	 1 
102.5509 	 2 
102.5509 	 0 
103.1198 	 1 
103.1198 	 2 
103.2591 	 1 
103.4217 	 1 
103.4217 	 2 
103.4217 	 0 
103.6655 	 2 
103.6655 	 0 
103.6655 	 1 
103.8164 	 1 
103.9673 	 0 
103.9673 	 1 
103.9790 	 2 
104.5014 	 0 
104.5130 	 1 
104.5130 	 2 
104.7220 	 0 
104.7220 	 2 
104.7336 	 1 
105.2793 	 2 
105.6160 	 2 
105.6276 	 0 
105.6276 	 1 
