0.0464 	 1 
0.3135 	 2 
0.5921 	 1 
0.6037 	 2 
0.8824 	 2 
1.1378 	 0 
1.1494 	 2 
1.4164 	 0 
1.4164 	 2 
1.4280 	 1 
1.6834 	 0 
1.6834 	 2 
1.6951 	 1 
1.9389 	 2 
1.9505 	 1 
2.2291 	 2 
2.2291 	 0 
2.5078 	 2 
2.7748 	 2 
2.7748 	 1 
3.0650 	 2 
3.3321 	 0 
3.3321 	 2 
3.4714 	 1 
3.5875 	 0 
3.5991 	 2 
3.8545 	 1 
3.8545 	 2 
4.1215 	 2 
4.4118 	 2 
4.4118 	 0 
4.6788 	 2 
4.9575 	 1 
4.9691 	 2 
5.2477 	 2 
5.3754 	 1 
5.5147 	 2 
5.5147 	 0 
5.7702 	 0 
5.7818 	 2 
5.7934 	 1 
6.0372 	 2 
6.0372 	 0 
6.3042 	 1 
6.3042 	 2 
6.5596 	 2 
6.8499 	 2 
7.1285 	 1 
7.1285 	 2 
7.4072 	 2 
7.6742 	 0 
7.6858 	 2 
7.9644 	 1 
8.2199 	 0 
8.2199 	 1 
8.3476 	 1 
8.4753 	 1 
8.6378 	 0 
8.7655 	 2 
8.7655 	 0 
9.0326 	 2 
9.3112 	 2 
9.3112 	 1 
9.5782 	 2 
9.8453 	 2 
9.8453 	 0 
9.9498 	 1 
10.1123 	 2 
10.1239 	 0 
10.3677 	 2 
10.6580 	 1 
10.6696 	 2 
10.9482 	 2 
10.9598 	 0 
11.2268 	 2 
11.4939 	 1 
11.4939 	 2 
11.7841 	 2 
12.0395 	 2 
12.0512 	 0 
12.3066 	 2 
12.3182 	 0 
12.5852 	 1 
12.5852 	 2 
12.8522 	 1 
12.8639 	 2 
13.1309 	 2 
13.1425 	 0 
13.4211 	 2 
13.6882 	 1 
13.6882 	 2 
13.9668 	 2 
14.2338 	 0 
14.2454 	 2 
14.5009 	 0 
14.5125 	 2 
14.7679 	 0 
14.7679 	 2 
15.0233 	 1 
15.0349 	 2 
15.3136 	 2 
15.3368 	 0 
15.6038 	 2 
15.8592 	 1 
15.8708 	 2 
16.1379 	 2 
16.3933 	 0 
16.4049 	 2 
16.6487 	 2 
16.8112 	 1 
16.9506 	 1 
16.9506 	 2 
17.2176 	 1 
17.3569 	 1 
17.7633 	 2 
18.0419 	 1 
18.0419 	 2 
18.2973 	 2 
18.5876 	 2 
18.5992 	 0 
18.7269 	 1 
18.8546 	 2 
19.1100 	 2 
19.1216 	 1 
19.2726 	 0 
19.2958 	 1 
19.3887 	 2 
19.6557 	 2 
19.9227 	 2 
20.0853 	 0 
20.2130 	 1 
20.2130 	 2 
20.4684 	 2 
20.7470 	 2 
20.7586 	 0 
21.0257 	 2 
21.2927 	 1 
21.2927 	 2 
21.5133 	 2 
21.7107 	 1 
21.8268 	 2 
21.8384 	 0 
21.8500 	 1 
22.4189 	 2 
22.4189 	 1 
22.6975 	 2 
22.9761 	 0 
22.9761 	 2 
23.2200 	 0 
23.4870 	 2 
23.7656 	 1 
23.7772 	 2 
24.0675 	 0 
24.0675 	 2 
24.3345 	 2 
24.5899 	 1 
24.6015 	 2 
24.8918 	 2 
25.1472 	 0 
25.1588 	 2 
25.4142 	 0 
25.4142 	 2 
25.6813 	 1 
25.6929 	 2 
25.9599 	 2 
26.2385 	 1 
26.2502 	 2 
26.3895 	 1 
26.5172 	 1 
26.6449 	 1 
26.7726 	 2 
26.9235 	 1 
27.1906 	 1 
27.4460 	 2 
27.5737 	 1 
28.3980 	 2 
28.4096 	 0 
28.4096 	 1 
28.5489 	 1 
28.6766 	 1 
28.8160 	 1 
28.9205 	 2 
29.0946 	 1 
29.3500 	 1 
29.4197 	 2 
29.6054 	 1 
29.8841 	 0 
29.8957 	 2 
29.8957 	 1 
30.0118 	 1 
30.0466 	 2 
30.1976 	 1 
30.3253 	 1 
30.4646 	 1 
30.6039 	 0 
30.8709 	 2 
31.1496 	 1 
31.1496 	 2 
31.4398 	 2 
31.5443 	 0 
31.6836 	 0 
31.6952 	 2 
31.8578 	 1 
31.9507 	 0 
31.9623 	 2 
32.2177 	 2 
32.4731 	 1 
32.4847 	 2 
32.7750 	 2 
33.0420 	 2 
33.2974 	 1 
33.3090 	 2 
33.5993 	 2 
33.7270 	 1 
33.8547 	 0 
33.8663 	 2 
34.0172 	 1 
34.1217 	 0 
34.1333 	 2 
34.4004 	 1 
34.4120 	 2 
34.6558 	 2 
34.8299 	 0 
34.9576 	 2 
35.2247 	 2 
35.4917 	 2 
35.4917 	 1 
35.7936 	 2 
35.9097 	 0 
36.0606 	 0 
36.0606 	 2 
36.3160 	 2 
36.3160 	 0 
36.5946 	 2 
36.8501 	 2 
36.8501 	 1 
37.1287 	 2 
37.1403 	 0 
37.4073 	 2 
37.4190 	 1 
37.6744 	 1 
37.6860 	 2 
37.9762 	 2 
38.2200 	 2 
38.2200 	 0 
38.4987 	 0 
38.9050 	 1 
39.0211 	 1 
39.1837 	 0 
39.4855 	 1 
39.8454 	 1 
39.8687 	 2 
40.1357 	 2 
40.4027 	 0 
40.4143 	 2 
40.6698 	 2 
40.9368 	 2 
41.2038 	 1 
41.2038 	 2 
41.4941 	 2 
41.7727 	 2 
42.0281 	 1 
42.0281 	 2 
42.3184 	 2 
42.4461 	 1 
42.5738 	 0 
42.5854 	 2 
42.7131 	 1 
42.8408 	 0 
42.8524 	 2 
43.1078 	 2 
43.1078 	 1 
43.3749 	 2 
43.6651 	 2 
43.8509 	 1 
44.0715 	 1 
44.2108 	 2 
44.2108 	 1 
44.6171 	 1 
44.6752 	 0 
44.7681 	 2 
44.7681 	 0 
44.9654 	 2 
45.0235 	 2 
45.3021 	 2 
45.5576 	 1 
45.5692 	 2 
45.8478 	 2 
45.8478 	 0 
46.1148 	 2 
46.1845 	 1 
46.3819 	 2 
46.3935 	 1 
46.4515 	 2 
46.6721 	 2 
46.9275 	 0 
46.9275 	 2 
47.1946 	 2 
47.3339 	 1 
47.4500 	 0 
47.4616 	 1 
47.4616 	 2 
47.5893 	 0 
48.0189 	 0 
