0.00000 	 0
0.00000 	 2
0.30000 	 2
0.59813 	 1
0.60000 	 2
0.89375 	 2
0.89687 	 0
1.04750 	 0
1.20063 	 2
1.49812 	 2
1.79625 	 2
1.79750 	 1
2.09625 	 2
2.09750 	 0
2.24625 	 2
2.39688 	 2
2.40188 	 0
2.69813 	 2
2.99375 	 1
2.99563 	 2
3.29813 	 0
3.29938 	 2
3.45063 	 0
3.60313 	 2
3.74188 	 0
3.89188 	 2
4.04500 	 0
4.19438 	 1
4.20000 	 2
4.49375 	 2
4.49563 	 0
4.79250 	 2
4.80313 	 0
5.09813 	 2
5.39875 	 2
5.40313 	 1
5.69875 	 0
5.70125 	 2
5.84750 	 0
5.99563 	 2
6.29625 	 2
6.59375 	 2
6.60125 	 1
6.89813 	 2
7.05188 	 2
7.19500 	 2
7.19938 	 0
7.49813 	 2
7.79500 	 2
7.80000 	 1
8.09125 	 2
8.09688 	 0
8.24313 	 0
8.40000 	 2
8.54438 	 0
8.69875 	 2
8.84750 	 0
8.99563 	 1
8.99750 	 2
9.29187 	 0
9.29500 	 2
