0.00000 	 0
0.00000 	 2
0.59437 	 1
0.59562 	 2
0.89625 	 2
1.19625 	 0
1.19750 	 2
1.49562 	 2
1.64187 	 0
1.79437 	 2
1.79687 	 1
2.09500 	 2
2.39000 	 0
2.39687 	 2
2.69937 	 2
2.99500 	 2
2.99562 	 1
3.30000 	 2
3.59500 	 0
3.59625 	 2
3.89937 	 2
4.04687 	 0
4.19437 	 1
4.19562 	 2
4.50000 	 2
4.79500 	 2
4.79750 	 0
5.40000 	 2
5.40125 	 1
5.69625 	 2
5.99625 	 2
6.00000 	 0
6.29500 	 2
6.44437 	 0
6.59375 	 1
6.59687 	 2
6.89937 	 2
7.19937 	 0
7.20062 	 2
7.49875 	 2
7.79312 	 1
7.79625 	 2
8.09812 	 2
8.39562 	 2
8.40000 	 0
8.69687 	 2
8.85125 	 0
8.99750 	 2
9.00187 	 1
9.29625 	 2
9.59625 	 2
9.60000 	 0
10.19812 	 1
10.20375 	 2
10.50062 	 2
10.79438 	 2
10.79813 	 0
11.09750 	 2
11.24812 	 0
11.39500 	 1
11.39687 	 2
11.70562 	 2
11.99687 	 2
12.00000 	 0
12.29625 	 2
12.59625 	 1
12.59875 	 2
12.89625 	 2
13.05063 	 0
13.19250 	 2
13.49500 	 2
13.64750 	 0
13.79438 	 1
13.80125 	 2
14.09625 	 2
14.24875 	 0
14.39188 	 2
14.69313 	 2
14.99750 	 2
15.00063 	 1
15.29000 	 2
15.59500 	 2
15.59625 	 0
15.89500 	 2
16.04313 	 0
16.19250 	 2
16.19938 	 1
16.49750 	 2
16.64563 	 0
16.79625 	 2
17.09625 	 2
17.40063 	 2
17.40125 	 1
17.69187 	 2
17.99562 	 0
17.99812 	 2
18.30187 	 2
18.44750 	 0
18.59750 	 2
18.60000 	 1
18.90000 	 2
