0.00000 	 0
0.00000 	 2
0.24740 	 2
0.24740 	 1
0.37083 	 0
0.49531 	 2
0.50104 	 1
0.74115 	 2
0.74479 	 0
0.99375 	 2
1.00052 	 1
1.00208 	 0
1.06302 	 1
1.12500 	 1
1.18698 	 1
1.24740 	 2
1.24948 	 1
1.37187 	 1
1.37604 	 2
1.49792 	 2
1.62083 	 0
1.74531 	 0
1.74583 	 2
1.99740 	 2
1.99844 	 0
2.11979 	 1
2.24583 	 1
2.25052 	 2
2.37135 	 0
2.49479 	 1
2.49635 	 2
2.74583 	 2
2.74740 	 1
2.74740 	 0
2.99635 	 2
3.00156 	 0
3.25260 	 2
3.37187 	 2
3.49948 	 1
3.50156 	 2
3.61927 	 0
3.74687 	 2
3.99531 	 2
3.99740 	 0
4.12083 	 1
4.24687 	 2
4.37187 	 0
4.49687 	 1
4.50260 	 2
4.74635 	 0
4.74792 	 2
4.99792 	 0
5.00104 	 2
5.24792 	 2
5.37083 	 2
5.37917 	 1
5.50052 	 2
5.62604 	 0
5.74583 	 1
5.75052 	 2
5.87240 	 1
5.99948 	 2
6.00000 	 0
6.13021 	 1
6.24740 	 2
6.37135 	 0
6.49948 	 2
6.50156 	 1
6.62552 	 0
6.74583 	 2
6.99740 	 2
7.00052 	 0
7.24531 	 2
7.24688 	 1
7.49583 	 2
7.61927 	 1
7.74531 	 2
7.75312 	 0
7.87292 	 2
7.99531 	 2
7.99740 	 0
8.12396 	 1
8.24323 	 2
8.24635 	 1
8.37396 	 0
8.37396 	 1
8.49896 	 1
8.50260 	 2
8.74323 	 2
8.74375 	 0
8.74687 	 1
8.99375 	 0
8.99583 	 2
9.24844 	 2
9.49896 	 1
9.50104 	 2
9.61771 	 0
9.75156 	 2
