0.00000 	 0
0.00000 	 2
0.24479 	 2
0.49740 	 1
0.49740 	 2
0.74896 	 2
0.75208 	 0
0.99635 	 0
1.00208 	 2
1.24375 	 2
1.49583 	 1
1.49635 	 2
1.74740 	 2
1.87135 	 2
1.87187 	 1
2.49740 	 2
2.49792 	 1
2.74844 	 0
2.74896 	 2
2.99740 	 2
3.00208 	 0
3.24740 	 2
3.24844 	 0
3.37917 	 0
3.49844 	 1
3.49948 	 2
3.62083 	 0
3.62187 	 2
3.75365 	 2
3.87240 	 2
3.99896 	 2
4.00104 	 0
4.24896 	 2
4.49688 	 2
4.49948 	 1
4.74740 	 2
4.75000 	 0
4.99531 	 0
4.99688 	 2
5.24688 	 2
5.49844 	 1
5.49896 	 2
5.74844 	 2
5.87656 	 1
5.99479 	 2
6.24896 	 2
6.37396 	 2
6.49740 	 1
6.50104 	 2
6.62135 	 2
6.74531 	 0
6.74688 	 2
6.87396 	 0
6.87656 	 2
6.99948 	 2
7.24375 	 2
7.24740 	 0
7.37448 	 0
7.49688 	 2
7.50208 	 1
7.62083 	 2
7.62396 	 0
7.74531 	 2
7.87656 	 2
