0.00000 	 0
0.00000 	 2
0.49583 	 2
0.75000 	 0
0.99948 	 2
1.00000 	 1
1.49219 	 2
1.74792 	 0
2.00312 	 2
2.24271 	 0
2.49635 	 2
2.74219 	 0
2.99271 	 2
3.24479 	 0
3.49479 	 1
3.49740 	 2
3.99323 	 2
3.99896 	 0
4.49219 	 2
4.74635 	 0
4.99635 	 1
5.00052 	 2
5.49948 	 2
5.74375 	 0
5.99844 	 2
6.23802 	 0
6.49844 	 2
6.75000 	 0
6.99531 	 2
7.24583 	 0
7.49219 	 1
7.50104 	 2
7.99792 	 2
8.01146 	 0
8.49792 	 2
8.75156 	 0
8.99844 	 1
9.00000 	 2
9.49427 	 2
9.74479 	 0
9.98698 	 2
10.24427 	 0
10.50260 	 2
10.74219 	 0
10.99427 	 2
11.24427 	 0
11.49635 	 2
11.50104 	 1
11.99479 	 2
11.99740 	 0
12.49271 	 2
12.75156 	 0
12.99948 	 1
13.00677 	 2
13.49583 	 2
13.75000 	 0
14.00000 	 2
14.25000 	 0
14.50000 	 2
14.75000 	 0
14.99844 	 2
15.25000 	 0
15.50000 	 1
15.50000 	 2
