0.00000 	 0
0.24688 	 2
0.37500 	 2
0.49479 	 1
0.75000 	 2
0.87500 	 2
1.00000 	 0
1.25208 	 2
1.36979 	 2
1.50417 	 1
1.73646 	 2
1.87917 	 2
2.00000 	 0
2.24063 	 2
2.36771 	 0
2.37344 	 2
2.49792 	 1
2.61979 	 0
2.74167 	 2
2.87344 	 2
2.99479 	 0
3.25313 	 2
3.37917 	 2
3.50469 	 1
3.75000 	 2
3.87604 	 2
3.99740 	 0
4.24479 	 2
4.37292 	 2
4.49792 	 1
4.75729 	 2
4.86979 	 2
4.99375 	 0
5.24740 	 2
5.36719 	 2
5.49219 	 1
5.75000 	 2
5.88438 	 2
5.99740 	 0
6.24792 	 2
6.37031 	 2
6.37135 	 0
6.50052 	 1
6.62135 	 0
6.75156 	 2
6.87760 	 2
6.99844 	 0
7.25625 	 2
7.36823 	 2
7.49427 	 1
7.75000 	 2
7.86198 	 2
