0.00000 	 0
0.00000 	 2
0.16389 	 0
0.16736 	 2
0.32917 	 2
0.33125 	 0
0.49826 	 2
0.50000 	 0
0.66042 	 1
0.66319 	 2
0.82951 	 2
0.99930 	 0
1.00104 	 2
1.16389 	 0
1.16736 	 2
1.33055 	 0
1.33507 	 2
1.49618 	 2
1.49930 	 0
1.66493 	 2
1.66840 	 1
1.83160 	 2
1.99861 	 2
2.00104 	 0
2.16736 	 2
2.33159 	 1
2.33229 	 2
2.50069 	 2
2.66215 	 2
2.66250 	 0
2.82916 	 0
2.82951 	 2
3.00034 	 2
3.00139 	 0
3.16458 	 0
3.16632 	 2
3.33090 	 1
3.33298 	 2
3.50104 	 2
3.66284 	 0
3.66597 	 2
3.83020 	 0
3.83472 	 2
3.99757 	 2
3.99861 	 0
4.16354 	 0
4.16979 	 2
4.33229 	 1
4.33402 	 2
4.49652 	 2
4.66770 	 1
4.83020 	 1
4.99201 	 2
4.99965 	 0
5.16354 	 2
5.16388 	 0
5.32708 	 0
5.33124 	 2
5.49722 	 2
5.49756 	 0
5.66041 	 0
5.66215 	 2
5.83263 	 0
5.83333 	 2
5.99444 	 2
6.00173 	 1
6.16631 	 2
6.32742 	 0
6.32847 	 2
6.49687 	 0
6.50208 	 2
6.66388 	 0
6.66527 	 2
6.82916 	 2
6.83124 	 0
6.99999 	 1
6.99999 	 2
7.16423 	 2
7.32985 	 0
7.33298 	 2
7.49583 	 2
7.66562 	 1
7.66840 	 2
7.83055 	 2
7.99305 	 2
7.99444 	 0
8.15798 	 2
8.16041 	 0
8.32881 	 0
8.33020 	 2
8.49444 	 2
8.49617 	 0
8.66492 	 1
8.66596 	 2
8.83124 	 2
8.99478 	 0
8.99964 	 2
9.16180 	 0
9.16735 	 2
9.32985 	 2
9.32985 	 0
9.49687 	 2
9.49964 	 0
9.66006 	 2
9.66214 	 1
9.83055 	 2
9.99305 	 1
10.16631 	 1
10.33089 	 2
10.33367 	 0
10.49582 	 0
10.49652 	 2
