0.00000 	 2
0.00000 	 0
0.30612 	 2
0.30612 	 0
0.61225 	 2
0.61225 	 1
0.91837 	 2
1.07143 	 1
1.22449 	 2
1.22449 	 1
1.37755 	 1
1.53061 	 2
1.53061 	 0
1.83673 	 2
1.83674 	 1
1.98980 	 0
2.14286 	 2
2.14286 	 0
2.29592 	 1
2.44898 	 2
2.44898 	 0
2.75510 	 2
2.75510 	 0
3.06122 	 2
3.06122 	 1
3.36735 	 2
3.52041 	 1
3.67347 	 2
3.67347 	 1
3.82653 	 1
3.97959 	 2
3.97959 	 0
4.28571 	 2
4.28571 	 1
4.43878 	 0
4.59184 	 2
4.59184 	 0
4.74490 	 1
4.89796 	 2
4.89796 	 0
5.20408 	 2
5.20408 	 0
5.35714 	 0
5.51021 	 1
5.51021 	 2
5.66327 	 0
5.81633 	 2
5.96939 	 0
6.12245 	 2
6.27551 	 1
6.42857 	 2
6.58163 	 0
6.73470 	 2
6.88776 	 0
7.04082 	 1
7.04082 	 2
7.19388 	 0
7.34694 	 0
7.34694 	 2
7.65306 	 0
7.65306 	 2
7.80612 	 0
7.95919 	 1
7.95919 	 2
8.11225 	 0
8.26531 	 2
8.41837 	 0
8.57143 	 2
8.72449 	 1
8.87755 	 2
9.03061 	 0
9.18368 	 2
9.33674 	 0
9.48980 	 1
9.48980 	 2
9.64286 	 0
9.79592 	 0
9.79592 	 2
10.10204 	 0
10.10204 	 2
10.40817 	 1
10.40817 	 2
10.71429 	 2
10.86735 	 0
11.02041 	 2
11.17347 	 0
11.32653 	 2
11.47959 	 0
11.63266 	 1
11.63266 	 2
11.78572 	 0
11.93878 	 2
12.09184 	 0
12.24490 	 0
12.24490 	 2
12.55102 	 0
12.55102 	 2
12.85715 	 1
12.85715 	 2
13.16327 	 2
13.31633 	 0
13.46939 	 2
13.62245 	 0
13.77551 	 2
13.92857 	 0
14.08164 	 1
14.08164 	 2
14.23470 	 0
14.38776 	 2
14.54082 	 0
14.69388 	 0
14.69388 	 2
15.00000 	 0
15.00000 	 2
15.30613 	 1
15.30613 	 2
15.61225 	 2
15.76531 	 1
15.91837 	 0
15.91837 	 2
16.07143 	 0
16.22449 	 2
16.37755 	 0
16.53062 	 1
16.53062 	 2
16.68368 	 0
16.83674 	 0
16.83674 	 2
17.14286 	 0
17.14286 	 2
17.44898 	 0
17.44898 	 2
17.75511 	 1
17.75511 	 2
18.06123 	 2
18.21429 	 1
18.36735 	 0
18.36735 	 2
18.52041 	 0
18.67347 	 2
18.82653 	 0
18.97960 	 1
18.97960 	 2
19.13266 	 0
19.28572 	 0
19.28572 	 2
19.59184 	 2
19.89796 	 0
19.89796 	 2
20.20409 	 1
20.20409 	 2
20.51021 	 2
20.81633 	 2
20.96939 	 0
21.12245 	 2
21.27551 	 0
21.42858 	 1
21.42858 	 2
21.58164 	 0
21.73470 	 0
21.73470 	 2
22.04082 	 2
22.34694 	 0
22.34694 	 2
22.65307 	 1
22.65307 	 2
22.95919 	 2
23.26531 	 2
23.41837 	 0
23.57143 	 2
23.72449 	 0
23.87756 	 1
23.87756 	 2
24.03062 	 0
24.18368 	 0
24.18368 	 2
24.48980 	 0
24.48980 	 2
24.79592 	 0
24.79592 	 2
24.94898 	 0
25.10205 	 1
25.10205 	 2
25.40817 	 2
25.56123 	 1
25.71429 	 0
25.71429 	 2
26.02041 	 0
26.02041 	 2
26.17347 	 0
26.32654 	 1
26.32654 	 2
26.63266 	 2
26.93878 	 0
26.93878 	 2
27.24490 	 0
27.24490 	 2
27.39796 	 0
27.55103 	 1
27.55103 	 2
27.85715 	 2
28.01021 	 1
28.16327 	 0
28.16327 	 2
28.46939 	 0
28.46939 	 2
28.62245 	 0
28.77552 	 1
28.77552 	 2
29.08164 	 2
29.38776 	 0
29.69388 	 0
30.00001 	 1
30.45919 	 0
30.91837 	 0
31.22450 	 1
31.37756 	 0
31.83674 	 0
32.14286 	 0
32.44899 	 1
32.90817 	 0
33.36735 	 0
33.67348 	 1
33.82654 	 0
34.28572 	 0
34.28572 	 2
34.43878 	 0
34.59184 	 2
34.74490 	 0
34.89797 	 1
34.89797 	 2
35.20409 	 2
35.35715 	 0
35.51021 	 0
35.51021 	 2
35.81633 	 2
35.81633 	 0
36.12246 	 1
36.12246 	 2
36.42858 	 2
36.73470 	 0
36.73470 	 2
36.88776 	 0
37.04082 	 2
37.19388 	 0
37.34695 	 1
37.34695 	 2
37.65307 	 2
37.80613 	 0
37.95919 	 0
37.95919 	 2
38.26531 	 2
38.26531 	 0
38.57144 	 1
38.57144 	 2
38.87756 	 2
39.18368 	 0
39.48980 	 0
39.48980 	 2
39.79593 	 1
40.10205 	 2
40.25511 	 1
40.40817 	 0
40.56123 	 1
40.71429 	 0
40.71429 	 2
40.86735 	 0
41.02042 	 1
41.32654 	 2
41.63266 	 0
41.93878 	 0
41.93878 	 2
42.24491 	 1
42.55103 	 2
42.70409 	 1
42.85715 	 0
43.01021 	 1
43.16327 	 0
43.16327 	 2
43.31633 	 0
43.46940 	 1
43.77552 	 2
44.08164 	 0
44.08164 	 2
44.23470 	 0
44.23470 	 2
44.38776 	 2
44.54082 	 1
44.54082 	 2
44.69389 	 2
44.84695 	 2
45.00001 	 2
45.15307 	 2
45.15307 	 0
45.30613 	 2
45.30613 	 0
45.45919 	 2
45.61225 	 2
45.61225 	 0
45.76531 	 2
45.91838 	 2
46.07144 	 2
46.07144 	 1
46.22450 	 2
46.37756 	 2
46.53062 	 2
46.53062 	 0
46.68368 	 2
46.68368 	 0
46.83674 	 2
46.98980 	 2
46.98980 	 1
47.14287 	 2
47.29593 	 2
47.44899 	 2
47.60205 	 2
47.60205 	 0
47.75511 	 2
47.75511 	 0
47.90817 	 2
48.06123 	 2
48.06123 	 0
48.21429 	 2
48.36736 	 2
48.52042 	 2
48.52042 	 1
48.67348 	 2
48.82654 	 2
48.97960 	 2
48.97960 	 0
49.13266 	 2
49.28572 	 2
49.28572 	 0
49.43878 	 2
49.59184 	 2
49.59185 	 1
49.74491 	 2
49.89797 	 2
50.05103 	 2
50.05103 	 0
50.20409 	 2
50.20409 	 0
50.35715 	 2
50.51021 	 2
50.51021 	 0
50.66327 	 2
50.81633 	 2
50.81634 	 1
50.96940 	 2
50.96940 	 0
51.12246 	 2
51.12246 	 0
51.27552 	 2
51.42858 	 2
51.42858 	 0
51.58164 	 2
51.73470 	 2
51.73470 	 0
51.88776 	 2
52.04082 	 2
52.04083 	 1
52.19389 	 2
52.34695 	 2
52.50001 	 2
52.50001 	 0
52.65307 	 2
52.65307 	 0
52.80613 	 2
52.95919 	 2
52.95919 	 0
53.11225 	 2
53.26531 	 2
53.26532 	 1
53.41838 	 2
53.41838 	 0
53.57144 	 2
53.57144 	 0
53.72450 	 2
53.87756 	 0
54.18368 	 0
54.48981 	 1
54.64287 	 1
54.94899 	 1
55.25511 	 1
55.71430 	 1
55.86736 	 1
56.32654 	 0
56.63266 	 0
56.93879 	 1
57.09185 	 1
57.39797 	 1
57.70409 	 1
58.16328 	 1
58.31634 	 1
58.77552 	 2
58.77552 	 0
59.08164 	 2
59.38776 	 2
59.38777 	 1
59.69389 	 1
59.84695 	 1
60.00001 	 0
60.15307 	 1
60.30613 	 1
60.45919 	 1
60.61226 	 0
60.76532 	 0
60.91838 	 1
61.07144 	 1
61.22450 	 2
61.22450 	 0
61.53062 	 2
61.83674 	 2
61.83675 	 1
62.14287 	 1
62.29593 	 1
62.44899 	 0
62.60205 	 1
62.75511 	 1
62.90817 	 1
63.06124 	 0
63.21430 	 0
63.36736 	 1
63.52042 	 1
63.67348 	 0
63.97960 	 1
64.13266 	 1
64.28573 	 1
64.43879 	 1
64.74491 	 1
65.05103 	 1
65.81634 	 0
66.12246 	 0
66.42858 	 1
66.58164 	 1
66.73471 	 1
66.88777 	 1
67.19389 	 1
67.50001 	 1
68.26532 	 0
68.57144 	 0
68.72450 	 0
68.80103 	 1
68.87756 	 1
69.03062 	 0
69.18369 	 0
69.41328 	 1
69.48981 	 1
69.48981 	 0
69.64287 	 0
69.94899 	 0
70.02552 	 1
70.10205 	 1
70.10205 	 0
70.40818 	 0
70.63777 	 1
70.71430 	 1
71.02042 	 0
71.17348 	 0
71.25001 	 1
71.32654 	 1
71.47960 	 0
71.63267 	 0
71.86226 	 1
71.93879 	 1
71.93879 	 0
72.09185 	 0
72.39797 	 0
72.47450 	 1
72.55103 	 1
72.55103 	 0
72.85716 	 0
73.08675 	 1
73.16328 	 1
73.46940 	 0
74.08165 	 1
74.23471 	 1
75.00001 	 1
75.15307 	 1
75.30614 	 0
75.61226 	 0
75.91838 	 0
76.53063 	 1
76.68369 	 1
77.44899 	 1
77.60205 	 1
77.75512 	 0
78.06124 	 0
78.36736 	 1
78.52042 	 0
78.97961 	 0
79.43879 	 0
79.89797 	 0
80.12756 	 1
80.20410 	 1
80.51022 	 0
80.73981 	 1
80.81634 	 1
80.96940 	 0
81.42859 	 0
81.88777 	 0
82.34695 	 0
82.57654 	 1
82.65308 	 1
82.95920 	 0
83.18879 	 1
