0.00000 	 0
0.00000 	 2
0.18125 	 0
0.33229 	 2
0.66667 	 1
0.66701 	 2
0.83125 	 0
0.99826 	 2
1.15729 	 0
1.32917 	 2
1.66458 	 2
1.99861 	 2
2.00000 	 1
2.00139 	 0
2.15764 	 0
2.33021 	 2
2.66562 	 0
2.67083 	 2
2.82986 	 0
2.99896 	 2
3.33125 	 2
3.33333 	 1
3.66284 	 0
3.66944 	 2
3.84236 	 0
3.99791 	 2
4.33472 	 2
4.66354 	 0
4.66631 	 2
4.66666 	 1
4.83090 	 0
4.99826 	 2
5.32812 	 0
5.33263 	 2
5.51319 	 0
5.66562 	 2
5.99999 	 1
6.00173 	 2
6.16319 	 0
6.33333 	 2
6.48784 	 0
6.66458 	 2
6.99860 	 2
7.33090 	 2
7.33263 	 0
7.33333 	 1
7.49235 	 0
7.66319 	 2
7.99895 	 0
7.99999 	 2
8.16735 	 0
8.33159 	 2
8.66666 	 1
8.66909 	 2
8.99791 	 2
8.99930 	 0
9.17638 	 0
9.33298 	 2
9.66839 	 2
9.99756 	 2
9.99999 	 1
10.00207 	 0
10.16770 	 0
10.33089 	 2
