0.00000 	 0
0.12500 	 1
0.25000 	 0
0.50000 	 1
0.87500 	 1
1.12500 	 1
1.25000 	 0
1.50000 	 1
1.62500 	 1
1.87500 	 1
2.00000 	 0
2.12500 	 1
2.25000 	 0
2.50000 	 1
2.62500 	 1
2.87500 	 1
3.12500 	 1
3.25000 	 0
3.50000 	 1
3.87500 	 1
4.00000 	 0
4.12500 	 1
4.25000 	 0
4.50000 	 1
4.62500 	 1
4.87500 	 1
5.12500 	 1
5.25000 	 0
5.50000 	 1
5.87500 	 1
6.00000 	 0
6.12500 	 1
6.25000 	 0
6.50000 	 1
6.75000 	 1
6.87500 	 0
6.87500 	 1
7.12500 	 1
7.25000 	 0
7.50000 	 1
7.62500 	 1
7.87500 	 1
