0.012	2
0.348	2
0.476	2
0.499	1
0.522	2
1.045	2
1.068	0
1.091	2
1.126	2
1.207	2
1.579	2
1.602	1
1.637	2
1.660	2
2.136	2
2.159	0
2.183	2
2.682	2
2.705	1
2.728	2
2.763	2
3.216	2
3.251	0
3.262	2
3.762	2
3.785	1
4.307	2
4.331	0
4.354	2
4.389	2
4.865	1
4.899	2
4.923	2
4.992	2
5.410	0
5.433	2
5.933	2
5.956	1
5.991	2
6.095	2
6.478	2
6.502	0
6.525	2
7.036	1
7.094	2
7.117	2
7.163	2
7.570	2
7.581	0
7.616	2
7.651	2
8.092	2
8.115	1
8.150	2
8.475	2
8.499	0
8.522	2
8.661	2
8.684	0
8.719	2
8.766	2
9.218	1
9.253	2
9.764	2
9.799	0
9.810	2
10.310	2
10.321	1
10.368	2
10.844	2
10.879	0
10.902	2
11.389	2
11.413	1
11.494	2
11.935	2
11.958	0
11.981	2
12.005	2
12.492	2
12.516	1
12.539	2
12.574	2
13.073	0
13.201	2
13.584	2
13.607	1
13.642	2
14.118	2
14.141	0
14.164	2
14.222	2
14.663	2
14.687	1
14.710	2
14.733	2
15.070	0
15.221	2
15.244	0
15.267	2
15.778	1
15.836	2
15.917	2
16.300	2
16.312	1
16.324	0
16.347	2
16.881	1
16.927	2
17.415	2
17.438	0
17.461	2
17.485	2
17.961	1
18.483	2
18.506	0
18.530	2
19.029	2
19.052	1
19.098	2
19.574	2
19.598	0
19.621	2
20.120	2
20.143	1
20.167	2
20.201	2
20.225	2
20.654	2
20.677	0
20.701	2
21.200	2
21.223	1
21.258	2
21.769	0
22.326	1
22.384	2
22.442	2
22.860	2
22.883	0
22.906	2
22.941	2
23.429	1
23.951	2
23.975	0
23.998	2
24.485	2
24.509	1
24.532	2
25.043	2
25.066	0
25.089	2
25.588	2
25.612	1
25.635	2
25.670	2
