0.012	0
0.267	1
0.279	0
0.522	1
0.534	2
0.801	1
0.929	1
0.952	1
1.080	1
1.103	0
1.335	1
1.358	1
1.382	0
1.614	1
1.625	2
1.904	1
2.020	1
2.171	1
2.194	0
2.276	1
2.415	1
2.450	1
2.461	0
2.717	1
2.717	2
2.995	1
3.100	1
3.135	1
3.262	1
3.286	0
3.529	1
3.564	0
3.808	1
3.820	2
4.087	1
4.203	1
4.226	1
4.365	1
4.377	0
4.644	1
4.656	0
4.899	1
4.899	2
5.178	1
5.283	1
5.317	1
5.457	1
5.480	0
5.700	1
5.735	0
5.735	1
5.979	1
5.991	2
6.258	1
6.385	1
6.420	1
6.548	1
6.560	0
6.803	1
6.827	0
7.070	1
7.082	2
7.372	1
7.488	1
7.512	1
7.616	1
7.639	1
7.651	0
7.883	1
7.918	0
7.918	1
8.162	1
8.173	2
8.452	1
8.580	1
