0.255	1
0.267	0
0.348	0
0.395	1
0.406	0
0.522	1
0.546	0
0.546	2
0.627	0
0.801	1
0.813	0
0.894	0
1.068	1
1.091	0
1.091	2
1.173	0
1.207	1
1.207	2
1.347	1
1.358	0
1.625	1
1.637	0
1.637	2
1.881	2
1.892	0
1.892	1
2.159	0
2.159	1
2.183	0
2.183	2
2.438	1
2.450	0
2.566	1
2.577	0
2.624	0
2.705	1
2.728	0
2.728	2
2.984	1
2.995	0
3.077	0
3.262	0
3.262	1
3.274	2
3.402	0
3.518	2
3.529	1
3.541	0
3.680	0
3.808	0
3.808	1
3.820	2
3.936	1
3.947	0
4.075	1
4.087	0
4.203	2
4.214	0
4.214	1
4.342	0
4.342	1
4.365	0
4.365	2
4.621	1
4.632	0
4.714	0
4.760	1
4.772	0
4.876	0
4.888	1
4.911	0
4.911	2
4.992	0
5.166	1
5.178	0
5.259	0
5.433	1
5.457	0
5.457	2
5.538	0
5.561	2
5.573	1
5.712	0
5.712	1
5.979	1
6.002	0
6.002	2
6.246	2
6.258	0
6.258	1
6.525	1
6.548	0
6.548	2
6.792	1
6.815	0
6.931	1
6.943	0
6.989	0
7.070	1
7.094	0
7.094	2
7.349	1
7.361	0
7.442	0
7.616	1
7.639	2
7.767	0
7.883	2
7.895	0
7.895	1
8.034	0
