0.023	2
0.070	2
0.708	2
0.731	0
0.766	2
0.801	2
0.964	2
0.987	1
1.022	2
1.057	2
1.091	2
1.707	2
1.730	0
1.753	2
1.800	2
1.962	2
2.009	2
2.101	2
2.206	2
2.229	0
2.252	2
2.287	2
2.473	2
2.519	2
2.705	2
2.728	0
2.752	2
2.786	2
3.204	2
3.228	0
3.251	2
3.483	1
3.506	2
3.553	2
3.959	2
3.982	0
4.017	2
4.040	2
4.063	2
4.470	2
4.516	2
4.702	2
4.737	0
4.772	2
4.969	2
4.981	1
5.016	2
5.074	2
5.457	2
5.503	2
5.550	2
5.724	0
5.770	2
6.014	2
6.200	2
6.223	0
6.246	2
6.281	2
6.502	2
6.711	2
6.734	0
6.769	2
6.803	2
7.210	2
7.233	0
7.256	2
7.279	2
7.454	2
7.477	1
7.523	2
7.976	2
7.999	0
8.046	2
8.533	2
8.707	2
8.742	0
8.754	2
8.777	2
8.986	1
9.009	2
9.033	2
9.067	2
9.462	2
9.509	2
9.543	2
9.706	2
9.729	0
9.764	2
9.950	2
10.228	0
10.263	2
10.472	2
10.542	2
10.704	2
10.728	0
10.751	2
10.786	2
10.983	2
11.029	2
11.204	2
11.227	0
11.250	2
11.459	2
11.482	1
11.505	2
11.540	2
11.958	2
11.981	0
12.016	2
12.040	2
12.458	2
12.504	2
12.539	2
12.713	2
12.736	0
12.771	2
12.980	1
13.015	2
13.050	2
13.084	2
13.468	2
13.514	2
13.711	2
13.735	0
13.769	2
13.955	2
14.002	2
14.211	2
14.234	0
14.269	2
14.303	2
14.466	2
14.536	2
14.710	2
14.733	0
14.756	2
14.954	2
15.000	2
15.047	2
15.209	2
15.232	0
15.256	2
15.488	1
