0.012	0
0.360	0
0.511	1
0.882	0
1.057	0
1.405	0
1.567	1
1.765	0
1.916	1
2.113	0
2.461	0
2.624	1
2.984	0
3.170	0
3.518	0
3.669	1
3.866	0
4.029	1
4.214	0
4.563	0
4.725	1
5.074	1
5.271	0
5.619	0
5.782	1
6.142	0
6.327	0
6.676	0
6.827	1
7.187	1
7.372	0
7.721	0
7.883	1
8.255	0
8.429	0
8.777	0
8.940	1
9.300	0
9.485	0
9.834	0
9.985	1
10.182	0
10.182	2
10.530	0
10.879	0
11.041	1
11.413	0
11.587	0
11.935	0
12.098	1
12.283	0
12.283	2
12.643	0
12.992	0
13.142	1
13.514	0
13.688	0
14.036	0
14.199	1
14.385	2
14.396	0
14.571	0
14.745	0
15.093	0
15.256	1
15.615	0
15.801	0
16.149	0
16.300	1
16.498	0
16.498	2
16.672	0
21.571	1
22.616	1
22.814	0
22.988	0
23.673	1
24.729	1
24.915	0
25.089	0
25.263	0
25.693	1
25.774	1
25.972	0
26.030	1
26.122	1
26.320	0
26.389	1
26.401	0
26.471	1
26.494	0
26.668	0
26.738	1
26.831	1
27.016	0
27.191	0
27.376	0
27.794	1
27.887	1
28.073	0
28.143	1
28.224	1
28.247	0
28.421	0
28.491	1
28.502	0
28.584	1
28.595	0
28.781	0
28.851	1
28.932	1
29.129	0
29.304	0
29.478	0
29.640	1
29.814	1
29.896	1
29.989	1
30.174	0
30.348	0
30.534	0
30.685	1
30.883	0
30.952	1
31.045	1
31.231	0
31.405	0
31.591	0
31.742	1
31.916	1
31.997	1
32.090	1
32.287	0
32.461	0
32.636	0
32.798	1
32.984	0
33.054	1
33.146	1
33.332	0
33.506	0
33.692	0
33.843	1
34.017	1
34.203	1
34.377	1
34.551	1
34.725	1
34.900	1
35.074	1
35.167	1
35.248	1
35.445	0
35.619	0
35.794	0
35.956	1
36.130	1
36.304	1
36.479	1
36.653	1
36.827	1
37.001	1
37.175	1
37.268	1
37.361	1
37.547	0
37.721	0
