0.221	1
0.221	2
0.441	0
0.453	1
0.569	1
0.685	2
0.801	1
0.906	0
0.917	1
1.149	1
1.161	2
1.382	0
1.382	1
1.498	1
1.614	1
1.625	2
1.730	1
1.846	0
1.846	1
2.078	1
2.090	2
2.310	0
2.310	1
2.426	1
2.554	2
2.659	1
2.775	0
2.775	1
3.007	1
3.019	2
3.239	0
3.239	1
3.355	1
3.471	1
3.483	2
3.587	1
3.704	0
3.704	1
3.936	1
3.947	2
4.052	1
4.168	0
4.168	1
4.400	1
4.412	2
4.516	1
4.632	0
4.632	1
4.865	1
4.876	2
4.981	1
5.097	0
5.097	1
5.213	1
5.329	1
5.341	2
5.445	1
5.561	0
5.561	1
5.805	1
5.805	2
5.909	1
6.026	0
6.026	1
6.269	1
6.269	2
6.374	1
6.490	0
6.490	1
6.734	1
6.734	2
6.850	1
6.954	0
6.966	1
7.082	1
7.198	1
7.198	2
7.314	1
7.430	1
7.663	0
7.895	0
8.127	0
8.591	0
9.056	0
9.230	1
9.288	1
9.520	0
9.985	0
10.449	0
10.913	0
11.088	1
11.146	0
11.146	1
11.378	1
11.389	2
11.494	1
11.610	0
11.842	0
11.842	1
11.854	2
12.074	0
12.074	1
12.190	1
12.307	1
12.318	2
12.423	0
12.423	1
12.539	0
12.771	1
13.003	0
13.003	1
13.235	1
13.247	2
13.351	1
13.468	0
13.700	0
13.700	1
13.711	2
13.932	0
13.932	1
14.048	1
14.176	1
14.176	2
14.280	0
14.292	1
14.396	0
14.640	1
14.861	0
14.872	1
15.325	0
15.337	1
15.337	2
15.790	0
15.801	1
16.266	0
16.266	1
16.277	2
16.486	0
16.498	1
16.730	0
16.730	1
17.194	0
17.194	1
17.206	2
17.659	0
17.659	1
18.123	0
18.123	1
18.135	2
18.355	1
18.588	0
18.599	2
18.820	1
19.284	1
19.516	0
19.516	1
19.749	0
19.749	1
19.981	0
19.981	1
20.213	0
20.213	1
20.445	0
20.457	2
20.677	1
21.142	1
21.374	0
21.374	1
21.606	0
21.606	1
21.838	0
21.850	1
22.071	0
22.082	1
22.303	0
22.547	1
22.547	2
22.779	0
23.011	1
23.011	2
23.243	0
23.475	1
23.475	2
23.591	1
23.708	0
23.940	1
23.940	2
24.172	0
24.404	1
24.404	2
24.636	0
24.869	1
24.880	2
25.101	0
25.333	1
25.345	2
25.449	1
25.565	0
25.797	1
25.809	2
26.030	0
26.262	1
26.273	2
26.494	0
26.726	1
26.738	2
26.958	0
26.958	1
27.191	1
27.202	2
27.423	0
27.423	1
27.655	1
27.667	2
27.887	0
28.119	1
28.131	2
28.352	0
28.595	1
28.595	2
28.816	0
28.816	1
29.060	1
29.060	2
29.280	0
29.292	1
29.524	1
29.524	2
29.745	0
29.756	1
29.872	1
30.105	1
30.221	0
30.337	1
30.453	1
30.674	0
30.685	1
30.801	1
31.033	1
31.150	0
31.150	1
31.382	1
31.614	0
31.614	1
31.730	1
31.962	1
32.078	0
32.194	1
32.311	1
32.543	0
32.543	1
32.659	1
32.891	1
33.007	0
33.007	1
33.239	1
33.472	0
33.483	2
33.588	1
33.820	1
33.936	0
33.948	2
34.064	0
34.180	0
34.400	0
34.412	2
34.563	0
34.795	0
34.865	0
34.865	1
34.876	2
35.039	1
35.097	1
35.329	0
35.341	2
35.445	1
35.677	1
35.794	0
35.805	2
35.921	0
36.037	0
36.258	0
36.270	2
36.420	0
36.722	0
36.734	1
36.734	2
36.908	1
36.966	1
37.187	0
37.663	1
38.127	0
38.592	1
39.056	0
39.520	1
39.985	0
40.449	1
40.914	0
41.146	1
41.390	2
41.610	1
41.842	0
41.842	1
42.307	1
42.318	2
42.771	0
43.003	1
43.247	2
43.468	1
43.700	0
43.700	1
44.176	1
44.176	2
44.629	0
46.498	0
48.356	1
48.832	0
49.296	0
49.296	2
49.308	1
49.331	0
49.389	0
50.213	1
50.689	0
51.154	0
51.154	2
51.165	1
51.188	0
52.082	1
52.198	1
52.431	0
52.547	0
52.814	0
53.011	0
53.011	2
53.023	1
53.058	0
53.940	1
54.056	1
54.288	0
54.404	0
54.869	0
54.880	1
54.880	2
54.915	0
