0.012	2
0.070	2
0.476	1
0.522	2
0.627	2
0.650	1
0.673	2
0.708	2
0.964	2
0.975	1
1.010	2
1.045	2
1.126	2
1.149	1
1.173	2
1.300	2
1.324	0
1.347	2
1.370	2
1.405	2
1.800	2
1.811	1
1.846	2
2.148	1
2.171	2
2.299	2
2.322	1
2.345	2
2.380	2
2.461	2
2.485	0
2.485	1
2.543	2
2.659	0
2.682	2
2.740	2
3.135	2
3.146	1
3.170	2
3.204	2
3.309	1
3.379	2
3.646	1
3.704	2
3.796	2
3.808	1
3.843	2
3.889	2
3.959	2
3.982	0
4.017	2
4.063	2
4.307	2
4.458	2
4.481	1
4.528	2
4.795	2
4.818	1
4.841	2
4.876	2
4.969	2
4.992	1
5.016	2
5.050	2
5.143	1
5.178	2
5.201	2
5.294	2
5.317	0
5.341	2
5.375	2
5.399	2
5.793	2
5.817	1
5.840	2
5.956	2
5.979	1
6.037	2
6.293	2
6.316	1
6.339	2
6.455	2
6.478	1
6.513	2
6.548	2
6.629	2
6.653	0
6.676	2
6.734	2
7.140	1
7.175	2
7.198	2
7.477	1
7.512	2
7.535	2
7.639	2
7.651	1
7.686	2
7.721	2
7.802	2
7.814	1
7.848	2
7.964	2
7.988	0
8.069	2
8.464	2
8.475	1
8.510	2
8.545	2
8.626	2
8.649	1
8.673	2
8.719	2
8.963	2
8.986	1
9.009	2
9.125	2
9.149	1
9.172	2
9.218	2
9.300	2
9.323	0
9.346	2
9.369	2
9.404	2
9.787	2
9.810	1
9.845	2
10.136	2
10.147	1
10.182	2
10.205	2
10.321	1
10.461	2
10.484	1
10.507	2
