0.023	0
0.302	0
0.313	1
0.313	2
0.337	0
0.615	1
0.778	1
0.940	0
0.940	2
0.952	1
0.964	0
1.091	1
1.405	1
1.567	0
1.579	1
1.579	2
1.602	0
1.881	1
2.043	0
2.055	1
2.078	0
2.206	2
2.519	0
2.519	1
2.554	0
2.833	2
2.995	0
2.995	1
3.019	0
3.146	1
3.471	2
3.622	1
3.785	0
3.785	1
3.808	0
4.098	0
4.098	2
4.110	1
4.122	0
4.412	1
4.574	0
4.574	1
4.598	0
4.737	2
5.039	0
5.050	1
5.074	0
5.364	2
5.515	0
5.526	1
5.550	0
5.666	1
5.828	1
5.991	2
6.142	1
6.304	0
6.316	1
6.339	0
6.618	0
6.629	1
6.629	2
6.653	0
6.931	1
7.094	0
7.105	1
7.129	0
7.256	2
7.407	1
7.570	0
7.581	1
7.605	0
7.895	2
8.046	0
8.046	1
8.069	0
8.197	1
8.522	2
8.835	0
8.835	1
8.870	0
9.149	0
9.149	2
9.160	1
9.183	0
9.462	1
9.625	0
9.625	1
9.660	0
9.787	2
