0.023	1
0.360	2
0.372	0
0.395	1
0.430	0
0.499	0
0.511	1
0.731	2
0.743	0
0.766	1
0.801	0
1.115	0
1.173	0
1.231	2
1.277	1
1.324	1
1.486	2
1.498	0
1.521	1
1.556	0
1.730	1
1.776	1
1.974	1
1.985	2
1.997	0
2.020	1
2.055	0
2.368	0
2.519	0
2.519	1
2.728	2
2.752	0
2.775	1
3.111	0
3.228	2
3.262	0
3.274	1
3.483	2
3.495	0
3.518	1
3.553	0
3.727	1
3.727	2
3.773	1
3.971	1
3.982	2
3.994	0
4.017	1
4.052	0
4.226	1
4.272	1
4.354	0
4.423	0
4.516	0
4.528	1
4.737	2
4.748	0
4.772	1
4.795	0
5.108	0
5.224	2
5.271	0
5.271	1
5.480	2
5.492	0
5.526	1
5.550	0
5.863	0
5.921	0
5.979	2
6.014	0
6.026	1
6.223	1
6.235	2
6.246	0
6.269	1
6.304	0
6.478	1
6.525	1
6.606	0
6.769	0
6.769	1
6.978	2
7.001	0
7.024	1
7.117	0
7.117	1
7.221	1
7.233	2
7.245	0
7.268	1
7.303	0
7.361	0
7.477	1
7.477	2
7.512	0
7.523	1
7.732	2
7.767	1
7.860	0
