0.4412 	 1 
0.4528 	 0 
0.4528 	 2 
1.1029 	 0 
1.1029 	 2 
1.1029 	 1 
1.5790 	 0 
1.5790 	 2 
1.7183 	 2 
1.7299 	 1 
2.0434 	 0 
2.0434 	 2 
2.0434 	 1 
2.3452 	 2 
2.3452 	 1 
2.3452 	 0 
2.6703 	 1 
2.6703 	 2 
2.9722 	 0 
2.9838 	 2 
2.9838 	 1 
3.2856 	 0 
3.2972 	 2 
3.5991 	 0 
3.6107 	 2 
3.6107 	 1 
3.9242 	 2 
4.0867 	 2 
4.2376 	 0 
4.2376 	 2 
4.2493 	 1 
4.5511 	 0 
4.5627 	 2 
4.5627 	 1 
4.8646 	 2 
4.8646 	 0 
4.8762 	 1 
5.1780 	 2 
5.4915 	 2 
5.4915 	 1 
5.4915 	 0 
5.8050 	 0 
5.8166 	 2 
6.1185 	 0 
6.1301 	 1 
6.1301 	 2 
6.4435 	 2 
6.6061 	 2 
6.6061 	 1 
6.6177 	 0 
6.7570 	 2 
6.7570 	 0 
6.7686 	 1 
7.0589 	 2 
7.0589 	 0 
7.0705 	 1 
7.3723 	 0 
7.3839 	 2 
7.3839 	 1 
7.7090 	 2 
8.0109 	 2 
8.0109 	 0 
8.0109 	 1 
8.3244 	 2 
8.3244 	 0 
8.6378 	 2 
8.6378 	 0 
8.6494 	 1 
8.9629 	 2 
9.1138 	 2 
9.2648 	 2 
9.2764 	 1 
9.5782 	 1 
9.5782 	 2 
9.5782 	 0 
9.9033 	 0 
9.9033 	 1 
9.9033 	 2 
10.2168 	 2 
10.2168 	 1 
10.5070 	 0 
10.5070 	 2 
10.5186 	 1 
10.8553 	 1 
10.8553 	 2 
11.1572 	 1 
11.1572 	 2 
11.1572 	 0 
11.4707 	 2 
11.7841 	 2 
11.7957 	 1 
12.0976 	 1 
12.0976 	 2 
12.0976 	 0 
12.4111 	 1 
12.4111 	 2 
12.4111 	 0 
12.7245 	 2 
12.7361 	 1 
13.0264 	 2 
13.0380 	 0 
13.0380 	 1 
13.3515 	 2 
13.3515 	 0 
13.3631 	 1 
13.6649 	 0 
13.6766 	 1 
13.6766 	 2 
13.9784 	 2 
14.1410 	 2 
14.3035 	 2 
14.6054 	 0 
14.6054 	 1 
14.6054 	 2 
14.9304 	 1 
14.9304 	 0 
14.9304 	 2 
15.2439 	 2 
15.5458 	 0 
15.5574 	 1 
15.5574 	 2 
15.8708 	 2 
16.1843 	 0 
16.1843 	 2 
16.1843 	 1 
16.5094 	 2 
16.5094 	 1 
16.6835 	 2 
16.8229 	 1 
16.8229 	 2 
16.9738 	 2 
17.1247 	 2 
17.1247 	 1 
17.1247 	 0 
17.4498 	 2 
17.4498 	 0 
17.4498 	 1 
17.7400 	 2 
17.7517 	 0 
17.7633 	 1 
18.0651 	 2 
18.0651 	 1 
18.0767 	 0 
18.3786 	 2 
18.3786 	 0 
18.3902 	 1 
18.7037 	 1 
18.7037 	 2 
18.7037 	 0 
19.0055 	 2 
19.0171 	 0 
19.3190 	 2 
19.3306 	 1 
19.6441 	 2 
19.6441 	 1 
19.6441 	 0 
19.9576 	 1 
19.9576 	 0 
19.9576 	 2 
20.2710 	 0 
20.2826 	 2 
20.5845 	 2 
20.9212 	 2 
21.2230 	 1 
21.2230 	 2 
21.2230 	 0 
21.5481 	 2 
21.8500 	 1 
21.8616 	 2 
22.1518 	 0 
22.1634 	 2 
22.1634 	 1 
22.4769 	 0 
22.4769 	 2 
22.4769 	 1 
22.7904 	 0 
22.7904 	 1 
22.8020 	 2 
23.1039 	 1 
23.1039 	 0 
23.1155 	 2 
23.4173 	 0 
23.4173 	 1 
23.4405 	 2 
23.7424 	 2 
23.7424 	 1 
23.7424 	 0 
24.0559 	 0 
24.0675 	 2 
24.2068 	 2 
24.3577 	 0 
24.3693 	 2 
24.3693 	 1 
24.6828 	 2 
24.6828 	 0 
24.6828 	 1 
24.9847 	 2 
24.9847 	 0 
24.9847 	 1 
25.3098 	 0 
25.3214 	 2 
25.6116 	 2 
25.6116 	 1 
25.6116 	 0 
25.9251 	 0 
25.9367 	 2 
26.0876 	 2 
26.2385 	 0 
26.2502 	 1 
26.2502 	 2 
26.5752 	 1 
26.5868 	 2 
26.7494 	 2 
26.8887 	 1 
26.8887 	 2 
27.1906 	 1 
27.2022 	 0 
27.2022 	 2 
27.3647 	 2 
27.5156 	 2 
27.5156 	 1 
27.5156 	 0 
27.6550 	 2 
27.8059 	 1 
27.8175 	 2 
28.1310 	 1 
28.1310 	 0 
28.1426 	 2 
28.4561 	 1 
28.4677 	 2 
28.7695 	 2 
28.7695 	 0 
28.7695 	 1 
28.9437 	 2 
29.0714 	 0 
29.0946 	 2 
29.2571 	 2 
29.3849 	 0 
29.3965 	 2 
29.3965 	 1 
29.5126 	 2 
29.6983 	 1 
29.7099 	 0 
29.7215 	 2 
