0.4876 	 1 
0.6153 	 1 
0.7314 	 1 
0.8475 	 1 
0.9520 	 1 
1.0681 	 1 
1.1842 	 0 
1.7067 	 1 
1.7183 	 2 
1.9621 	 0 
1.9621 	 1 
1.9621 	 2 
2.2059 	 2 
2.4381 	 2 
2.4497 	 0 
2.6819 	 1 
2.6935 	 2 
2.9257 	 0 
2.9373 	 2 
3.1811 	 2 
3.1811 	 0 
3.4366 	 2 
3.6688 	 1 
3.6804 	 2 
3.9126 	 2 
3.9242 	 0 
4.1564 	 2 
4.1564 	 1 
4.4002 	 2 
4.4118 	 1 
4.4118 	 0 
4.6440 	 2 
4.6440 	 1 
4.8878 	 2 
5.1316 	 0 
5.6424 	 1 
5.6424 	 2 
5.8630 	 2 
5.8863 	 0 
6.1301 	 2 
6.3739 	 2 
6.3739 	 0 
6.6177 	 2 
6.6177 	 1 
6.8731 	 2 
7.1053 	 0 
7.1053 	 2 
7.1053 	 1 
7.3723 	 2 
7.6045 	 2 
7.6161 	 1 
7.8483 	 2 
7.8600 	 0 
8.0922 	 2 
8.0922 	 1 
8.3360 	 2 
8.3476 	 0 
8.5798 	 1 
8.5798 	 2 
8.8236 	 2 
8.8236 	 0 
9.0558 	 2 
9.0674 	 0 
9.3344 	 2 
9.5782 	 1 
9.5782 	 2 
9.8104 	 2 
9.8220 	 0 
10.0659 	 2 
10.2980 	 2 
10.2980 	 0 
10.5419 	 2 
10.5419 	 1 
10.7857 	 2 
10.7973 	 0 
11.0411 	 0 
11.0527 	 2 
11.3081 	 2 
11.5403 	 2 
11.5403 	 1 
11.7841 	 2 
12.0279 	 2 
12.2601 	 2 
12.2717 	 0 
12.5156 	 1 
12.5156 	 2 
12.7594 	 2 
12.7594 	 0 
12.9916 	 2 
13.0032 	 0 
13.2586 	 2 
13.5024 	 2 
13.5140 	 1 
13.7346 	 2 
13.7578 	 0 
14.0132 	 2 
14.2454 	 2 
14.2571 	 0 
14.4893 	 2 
14.5009 	 1 
14.7447 	 2 
14.9769 	 1 
14.9769 	 0 
14.9769 	 2 
15.2439 	 2 
15.4761 	 1 
15.4761 	 2 
15.7083 	 2 
15.7199 	 0 
15.9637 	 2 
16.1959 	 2 
16.2075 	 0 
16.4397 	 1 
16.4513 	 2 
16.5790 	 2 
16.6835 	 2 
16.6835 	 0 
16.9273 	 0 
16.9390 	 2 
16.9506 	 1 
17.4382 	 2 
17.4382 	 1 
17.6704 	 2 
17.6820 	 0 
17.8329 	 1 
17.9490 	 2 
18.1696 	 0 
18.1928 	 2 
18.4134 	 1 
18.4134 	 2 
18.6456 	 1 
18.6456 	 2 
18.9010 	 0 
18.9010 	 2 
18.9127 	 1 
19.1565 	 2 
19.4003 	 1 
19.6093 	 2 
19.6441 	 0 
19.8995 	 2 
20.1201 	 2 
20.1317 	 0 
20.3755 	 2 
20.3755 	 1 
20.6193 	 2 
20.6193 	 0 
20.8747 	 2 
20.8747 	 0 
21.1302 	 2 
21.3740 	 0 
21.3856 	 1 
21.3856 	 2 
21.6178 	 2 
21.6294 	 0 
21.8616 	 2 
22.1170 	 0 
22.1170 	 2 
22.3492 	 2 
22.3608 	 1 
22.5698 	 0 
22.5814 	 2 
22.8368 	 0 
22.8368 	 1 
22.8368 	 2 
23.0922 	 2 
23.3361 	 1 
23.5683 	 2 
23.5799 	 0 
23.5915 	 1 
23.8353 	 2 
24.0675 	 2 
24.0791 	 0 
24.0791 	 1 
24.3345 	 1 
24.5667 	 2 
24.5667 	 0 
24.8221 	 0 
24.8221 	 2 
24.9731 	 2 
25.3330 	 1 
25.7974 	 2 
26.3082 	 2 
26.3082 	 1 
26.7726 	 2 
26.7958 	 0 
27.0048 	 1 
27.0745 	 2 
27.2951 	 1 
27.5505 	 0 
27.7711 	 2 
27.9800 	 2 
28.0265 	 0 
28.2355 	 2 
28.2471 	 1 
28.5025 	 0 
28.7579 	 2 
28.7579 	 0 
29.2455 	 1 
29.2455 	 2 
29.5010 	 2 
29.5010 	 0 
29.7099 	 1 
29.7448 	 2 
29.9654 	 2 
