0.0580 	 0 
0.3367 	 2 
0.6153 	 2 
0.8940 	 2 
1.1726 	 2 
1.1842 	 0 
1.1842 	 1 
1.4629 	 2 
1.7299 	 2 
2.0085 	 2 
2.1711 	 0 
2.2988 	 2 
2.2988 	 0 
2.5658 	 2 
2.8444 	 2 
3.1231 	 2 
3.4133 	 2 
3.4133 	 1 
3.4366 	 0 
3.6920 	 2 
3.9706 	 2 
4.2493 	 2 
4.5279 	 2 
4.5395 	 0 
4.8065 	 2 
5.0852 	 2 
5.3638 	 2 
5.6424 	 2 
5.6541 	 1 
5.9327 	 2 
6.4784 	 2 
6.6293 	 0 
6.7686 	 2 
6.7686 	 0 
7.0356 	 2 
7.3143 	 2 
7.6045 	 2 
7.8832 	 2 
7.8948 	 1 
8.1618 	 2 
8.4288 	 2 
8.7191 	 2 
8.9977 	 2 
9.0093 	 0 
9.2764 	 2 
9.5550 	 2 
9.8337 	 2 
10.1123 	 2 
10.1123 	 1 
10.1355 	 0 
10.4025 	 2 
10.6812 	 2 
10.9598 	 2 
11.0991 	 0 
11.2385 	 0 
11.2385 	 2 
11.5171 	 2 
11.6100 	 1 
11.7957 	 2 
12.0744 	 2 
12.3530 	 2 
12.3646 	 1 
12.6433 	 2 
12.9103 	 2 
13.1889 	 1 
13.1889 	 2 
13.4676 	 2 
13.4792 	 0 
13.7462 	 2 
14.0365 	 2 
14.3035 	 2 
14.4544 	 2 
14.4660 	 1 
14.5821 	 1 
14.6054 	 0 
14.8724 	 2 
15.4297 	 2 
15.7083 	 2 
15.7199 	 0 
15.9869 	 2 
16.2656 	 2 
16.5442 	 2 
16.8229 	 2 
16.8345 	 1 
16.8461 	 0 
17.1131 	 2 
17.6588 	 2 
17.9374 	 2 
17.9490 	 0 
18.2161 	 2 
18.4947 	 2 
18.7849 	 2 
19.0636 	 2 
19.0752 	 0 
19.0752 	 1 
19.3422 	 2 
19.8995 	 2 
20.1781 	 2 
20.1898 	 0 
20.4568 	 2 
20.7354 	 2 
21.0141 	 2 
21.2927 	 2 
21.3159 	 1 
21.5829 	 2 
21.8500 	 2 
22.1286 	 2 
22.4073 	 2 
22.4189 	 0 
22.6859 	 2 
22.9645 	 2 
23.2200 	 0 
23.2200 	 1 
23.2432 	 2 
23.2432 	 0 
23.5218 	 1 
23.5334 	 2 
23.5450 	 1 
23.8121 	 2 
23.8237 	 1 
24.0907 	 2 
24.3693 	 2 
24.5203 	 0 
24.6480 	 2 
24.9266 	 2 
25.2053 	 2 
25.4839 	 2 
25.7625 	 2 
25.7741 	 1 
25.7858 	 0 
26.0528 	 2 
26.3198 	 2 
26.6101 	 2 
26.8423 	 2 
26.9003 	 0 
27.1673 	 2 
27.3531 	 2 
28.0033 	 2 
28.0149 	 1 
28.2819 	 2 
28.9901 	 0 
29.1178 	 2 
29.1294 	 0 
29.3965 	 2 
