0.1045 	 1 
0.2206 	 2 
0.2206 	 0 
0.4876 	 2 
0.7663 	 2 
0.7663 	 1 
1.0333 	 0 
1.3003 	 2 
1.5790 	 2 
1.8344 	 1 
1.8344 	 2 
2.1130 	 2 
2.3800 	 0 
2.3917 	 2 
2.6471 	 2 
2.9257 	 1 
2.9257 	 2 
3.1927 	 2 
3.2044 	 0 
3.4714 	 2 
3.7268 	 0 
3.7384 	 2 
3.9938 	 2 
4.0054 	 1 
4.1448 	 2 
4.1448 	 0 
4.4118 	 2 
4.5395 	 2 
4.5511 	 0 
4.8065 	 2 
5.0852 	 1 
5.0852 	 2 
5.3638 	 0 
5.6308 	 2 
5.9095 	 2 
6.1649 	 2 
6.1649 	 1 
6.4435 	 2 
6.7106 	 0 
6.7106 	 2 
6.9776 	 2 
7.2446 	 2 
7.2562 	 1 
7.5117 	 2 
7.5233 	 0 
7.7903 	 1 
7.8019 	 2 
8.0573 	 0 
8.0573 	 2 
8.3244 	 1 
8.3244 	 2 
8.4637 	 0 
8.7307 	 2 
8.7307 	 1 
8.8700 	 2 
8.8700 	 0 
9.0093 	 1 
9.1254 	 1 
9.1371 	 2 
9.4041 	 2 
9.4157 	 1 
9.6711 	 2 
9.6827 	 0 
9.9381 	 2 
10.2168 	 2 
10.4838 	 2 
10.4954 	 1 
10.7741 	 2 
11.0295 	 2 
11.0295 	 0 
11.2849 	 2 
11.5519 	 2 
11.5751 	 1 
11.8422 	 2 
11.8422 	 0 
12.1092 	 2 
12.3762 	 2 
12.3878 	 0 
12.6433 	 2 
12.6549 	 1 
12.7942 	 2 
12.7942 	 0 
13.0496 	 2 
13.1889 	 1 
13.1889 	 2 
13.2005 	 0 
13.4560 	 2 
13.7346 	 1 
13.7346 	 2 
13.9900 	 2 
14.0132 	 0 
14.2687 	 2 
14.5357 	 2 
14.8027 	 2 
14.8143 	 1 
15.0814 	 2 
15.3484 	 2 
15.3600 	 0 
15.6154 	 2 
15.8941 	 2 
15.9057 	 1 
16.1727 	 2 
16.1727 	 0 
16.4281 	 1 
16.4281 	 2 
16.6951 	 1 
16.7068 	 0 
16.7068 	 2 
16.9622 	 2 
16.9738 	 1 
17.1131 	 0 
17.1131 	 2 
17.3685 	 2 
17.5078 	 0 
17.5195 	 2 
17.7749 	 2 
18.0419 	 2 
18.0535 	 1 
18.3205 	 2 
18.3205 	 0 
18.5992 	 2 
18.8662 	 2 
18.8662 	 0 
19.1216 	 2 
19.1332 	 1 
19.4003 	 2 
19.6673 	 2 
19.6789 	 0 
19.9343 	 2 
20.2014 	 2 
20.2246 	 1 
20.4800 	 2 
20.4916 	 0 
20.7586 	 2 
21.0257 	 2 
21.0257 	 0 
21.2927 	 2 
21.3043 	 1 
21.4320 	 0 
21.4436 	 2 
21.6990 	 2 
21.8384 	 2 
21.8384 	 0 
22.1054 	 2 
22.3724 	 2 
22.3840 	 1 
22.6511 	 2 
22.6627 	 0 
22.9181 	 2 
23.1735 	 0 
23.1967 	 2 
23.2316 	 0 
23.4522 	 1 
23.7308 	 2 
23.9978 	 2 
23.9978 	 0 
24.2765 	 2 
24.5435 	 1 
24.5435 	 2 
24.8105 	 2 
24.8221 	 0 
25.0776 	 2 
25.0776 	 1 
25.3446 	 2 
25.3562 	 0 
25.6116 	 2 
25.6232 	 1 
25.7625 	 0 
25.7625 	 2 
26.0180 	 2 
26.0180 	 1 
26.1573 	 0 
26.1573 	 2 
26.4243 	 2 
26.6913 	 2 
26.7029 	 1 
26.9700 	 2 
26.9816 	 0 
27.2486 	 2 
27.5156 	 2 
27.7711 	 2 
27.7827 	 1 
28.0613 	 2 
28.3167 	 2 
28.3283 	 0 
28.5838 	 2 
28.8508 	 2 
28.8740 	 1 
29.1294 	 2 
29.1410 	 0 
29.4081 	 2 
29.6751 	 2 
29.6751 	 0 
29.9421 	 2 
29.9537 	 1 
