0.0116 	 0 
0.0232 	 2 
0.3831 	 2 
0.3947 	 1 
0.7546 	 0 
0.7546 	 2 
0.7546 	 1 
0.9288 	 2 
1.1262 	 2 
1.4861 	 2 
1.8576 	 2 
1.8808 	 1 
2.2059 	 2 
2.2175 	 0 
2.4033 	 2 
2.5774 	 2 
2.6006 	 1 
2.9489 	 2 
3.3088 	 2 
3.3205 	 1 
3.6688 	 2 
3.6804 	 0 
4.0403 	 2 
4.4002 	 2 
4.7485 	 1 
4.7601 	 2 
4.7717 	 1 
5.1200 	 2 
5.1200 	 1 
5.1316 	 0 
5.3174 	 2 
5.4915 	 2 
5.5147 	 1 
5.8630 	 2 
6.2229 	 2 
6.2229 	 1 
6.5712 	 2 
6.5829 	 0 
6.7686 	 2 
6.9428 	 1 
6.9428 	 2 
7.3259 	 2 
7.5697 	 2 
7.6858 	 2 
7.6974 	 1 
8.0573 	 1 
8.0689 	 2 
8.0689 	 0 
8.2779 	 2 
8.4405 	 2 
8.4521 	 1 
8.5566 	 1 
8.8120 	 2 
8.8352 	 1 
9.1719 	 2 
9.1835 	 1 
9.5434 	 2 
9.5550 	 0 
9.9265 	 1 
9.9265 	 2 
10.2980 	 2 
10.3097 	 0 
10.4722 	 1 
10.6463 	 2 
10.6580 	 0 
10.8437 	 2 
11.0179 	 2 
11.0179 	 0 
11.2152 	 1 
11.3894 	 2 
11.3894 	 1 
11.4010 	 0 
11.6216 	 1 
11.7493 	 2 
11.7609 	 0 
12.1092 	 2 
12.1208 	 1 
12.4807 	 2 
12.4923 	 0 
12.6665 	 2 
12.8522 	 2 
13.2238 	 2 
13.5837 	 2 
13.5953 	 1 
13.9436 	 2 
13.9552 	 0 
13.9552 	 1 
14.1410 	 2 
14.3267 	 2 
14.3383 	 1 
14.7098 	 2 
15.0581 	 2 
15.0814 	 1 
15.4297 	 2 
15.4297 	 1 
15.4413 	 0 
15.6270 	 2 
15.8128 	 2 
15.8128 	 1 
16.1727 	 2 
16.5326 	 2 
16.8925 	 2 
16.9041 	 0 
17.1015 	 2 
17.2756 	 1 
17.2756 	 2 
17.6356 	 2 
17.9955 	 2 
18.3670 	 2 
18.3786 	 0 
18.5760 	 2 
18.7501 	 0 
18.7501 	 2 
19.1216 	 2 
19.4699 	 2 
19.4932 	 1 
19.8415 	 2 
19.8531 	 0 
20.0504 	 2 
20.2246 	 2 
20.2246 	 1 
20.5845 	 2 
20.9444 	 2 
20.9560 	 1 
21.3275 	 2 
21.3391 	 0 
21.5133 	 1 
21.6874 	 2 
21.6990 	 0 
21.8848 	 2 
22.0473 	 1 
22.0590 	 0 
22.3724 	 1 
22.4189 	 2 
22.8252 	 0 
22.9645 	 1 
23.1735 	 2 
23.1851 	 1 
23.5566 	 0 
23.7308 	 1 
23.9166 	 2 
24.2881 	 0 
24.2881 	 2 
24.4854 	 2 
24.6712 	 2 
25.0311 	 2 
25.1472 	 2 
25.3910 	 2 
25.5768 	 1 
25.7509 	 0 
25.7509 	 2 
25.9831 	 1 
26.1108 	 1 
26.1341 	 2 
26.3779 	 1 
26.4824 	 2 
26.6101 	 1 
26.8423 	 2 
26.8655 	 1 
27.2138 	 2 
27.2254 	 0 
27.4228 	 2 
27.5969 	 2 
27.6085 	 1 
27.9568 	 2 
28.2122 	 1 
28.3283 	 2 
28.3864 	 1 
28.5489 	 1 
28.6883 	 2 
28.6999 	 1 
28.6999 	 0 
28.8972 	 2 
29.0714 	 2 
29.0830 	 1 
29.4429 	 2 
29.5590 	 1 
29.7912 	 2 
30.0002 	 2 
