0.4644 	 2 
1.1494 	 0 
1.1610 	 2 
1.4629 	 2 
1.4629 	 1 
1.7647 	 2 
2.1014 	 2 
2.1130 	 0 
2.4381 	 0 
2.4381 	 2 
2.7632 	 2 
2.7748 	 1 
2.9838 	 0 
3.0883 	 2 
3.3205 	 1 
3.4249 	 2 
3.4366 	 0 
3.7732 	 0 
3.7732 	 2 
3.9822 	 2 
3.9822 	 0 
4.0983 	 1 
4.1099 	 2 
4.4118 	 2 
4.7601 	 2 
4.7601 	 0 
5.0852 	 0 
5.0852 	 2 
5.4102 	 1 
5.4102 	 2 
5.7353 	 2 
6.0720 	 2 
6.0720 	 0 
6.3971 	 2 
6.4087 	 0 
6.7338 	 2 
6.7338 	 1 
6.9428 	 0 
7.0473 	 2 
7.2795 	 1 
7.3839 	 2 
7.3839 	 0 
7.7090 	 0 
7.7090 	 2 
8.0341 	 2 
8.0457 	 1 
8.2547 	 0 
8.3592 	 2 
8.7075 	 0 
8.7191 	 2 
9.0210 	 1 
9.0442 	 2 
9.2415 	 2 
9.2415 	 0 
9.3576 	 2 
9.3576 	 1 
9.6827 	 2 
10.0310 	 0 
10.0310 	 2 
10.3561 	 0 
10.3561 	 2 
10.6812 	 2 
10.6812 	 0 
10.6812 	 1 
11.0063 	 2 
11.3313 	 2 
11.3429 	 1 
11.6564 	 2 
11.6564 	 0 
11.9815 	 2 
11.9931 	 1 
12.3298 	 0 
12.3298 	 2 
12.4575 	 2 
12.5736 	 2 
12.5736 	 1 
12.6665 	 2 
12.8871 	 1 
12.8871 	 2 
13.0032 	 0 
13.3166 	 1 
13.6185 	 2 
13.8971 	 1 
14.3035 	 2 
14.3151 	 0 
14.3151 	 1 
14.6286 	 2 
14.6286 	 1 
14.9420 	 2 
15.3020 	 0 
15.3020 	 2 
15.6154 	 1 
15.6154 	 2 
15.6386 	 0 
15.9405 	 1 
16.1611 	 0 
16.1611 	 2 
16.2772 	 2 
16.5094 	 1 
16.5094 	 2 
16.6023 	 0 
16.6255 	 2 
16.9390 	 0 
16.9390 	 2 
17.1595 	 2 
17.1595 	 0 
17.2640 	 1 
17.2756 	 2 
17.5775 	 1 
17.5891 	 2 
17.9258 	 2 
17.9258 	 0 
18.1696 	 1 
18.2509 	 0 
18.2509 	 2 
18.2625 	 1 
18.5760 	 1 
18.7733 	 0 
18.8894 	 2 
19.1216 	 2 
19.1332 	 1 
19.2377 	 0 
19.2493 	 2 
19.5628 	 2 
19.5744 	 1 
19.5744 	 0 
19.7834 	 2 
19.7834 	 0 
19.8995 	 2 
19.8995 	 1 
20.2130 	 2 
20.5613 	 1 
20.5729 	 2 
20.5729 	 0 
20.8747 	 2 
20.8980 	 0 
21.2230 	 1 
21.2230 	 2 
21.5249 	 2 
21.7803 	 1 
21.8732 	 2 
21.8848 	 0 
22.2099 	 2 
22.2215 	 0 
22.5350 	 1 
22.5350 	 2 
22.7556 	 0 
22.8368 	 2 
23.0806 	 1 
23.1967 	 2 
23.1967 	 0 
23.2316 	 0 
23.5218 	 2 
23.5334 	 0 
23.8353 	 2 
23.8585 	 1 
24.1720 	 2 
24.4390 	 1 
24.5203 	 0 
24.5551 	 1 
24.8454 	 2 
24.8570 	 0 
25.1704 	 2 
25.1704 	 1 
25.4839 	 2 
25.8322 	 2 
25.8322 	 0 
26.1573 	 2 
26.1573 	 1 
26.1689 	 0 
26.2966 	 2 
26.4707 	 2 
26.4824 	 1 
26.6913 	 2 
26.7029 	 0 
26.8074 	 2 
27.1441 	 2 
27.1441 	 0 
27.4808 	 2 
27.7014 	 2 
27.7014 	 0 
27.8059 	 1 
27.8175 	 2 
28.1194 	 1 
28.1194 	 2 
28.4444 	 2 
28.4561 	 0 
28.7811 	 2 
28.7811 	 0 
28.7927 	 1 
29.1178 	 1 
29.3152 	 0 
29.3268 	 2 
29.4313 	 2 
29.4429 	 1 
29.6519 	 2 
29.6635 	 1 
29.7680 	 0 
29.7912 	 2 
