0.1045 	 2 
0.1161 	 0 
0.5108 	 2 
0.5805 	 0 
0.7198 	 2 
0.8243 	 2 
0.9404 	 2 
1.0449 	 0 
1.2887 	 2 
1.2887 	 1 
1.4164 	 2 
1.5209 	 0 
1.5325 	 2 
1.7415 	 1 
1.7647 	 2 
1.9737 	 2 
1.9853 	 0 
2.2175 	 0 
2.2175 	 2 
2.3568 	 2 
2.4613 	 0 
2.4613 	 2 
2.6006 	 2 
2.6935 	 2 
2.9141 	 2 
2.9257 	 0 
3.0418 	 1 
3.1579 	 1 
3.1695 	 2 
3.4017 	 0 
3.4017 	 2 
3.6455 	 2 
3.8661 	 0 
3.8661 	 2 
4.0983 	 1 
4.3305 	 1 
4.3305 	 0 
4.4698 	 2 
4.5743 	 1 
4.8065 	 0 
4.9226 	 2 
5.2709 	 0 
5.4915 	 1 
5.5031 	 2 
5.7353 	 0 
5.9791 	 2 
6.1997 	 1 
6.2113 	 0 
6.4319 	 2 
6.4319 	 1 
6.9079 	 2 
7.1401 	 0 
7.1634 	 2 
7.2795 	 2 
7.5000 	 1 
7.6161 	 0 
7.7555 	 2 
7.9761 	 2 
8.0457 	 1 
8.0805 	 0 
8.5449 	 2 
8.9165 	 2 
9.2299 	 1 
9.3693 	 2 
9.7292 	 0 
9.9498 	 2 
9.9614 	 0 
10.1820 	 1 
10.1936 	 2 
10.3097 	 1 
10.4258 	 0 
10.6928 	 1 
10.7044 	 2 
10.8902 	 0 
10.9018 	 2 
11.0295 	 1 
11.1224 	 2 
11.3662 	 0 
11.4823 	 1 
11.6216 	 1 
11.8306 	 0 
12.0628 	 2 
12.0744 	 1 
12.1789 	 1 
12.2950 	 0 
12.5388 	 2 
12.5388 	 1 
12.7710 	 0 
12.7710 	 2 
13.0032 	 2 
13.0148 	 1 
13.2354 	 0 
13.4676 	 2 
13.6998 	 2 
13.7114 	 0 
13.9436 	 1 
13.9436 	 2 
14.1642 	 2 
14.1758 	 0 
14.4080 	 1 
14.5705 	 2 
14.6518 	 0 
14.8840 	 2 
15.0698 	 0 
15.1162 	 0 
15.2091 	 2 
15.3484 	 1 
15.5806 	 0 
15.8244 	 2 
15.8244 	 1 
16.0566 	 2 
16.0566 	 0 
16.2888 	 1 
16.2888 	 2 
16.5094 	 2 
16.5210 	 0 
16.6371 	 1 
16.6487 	 2 
16.7532 	 1 
16.9854 	 0 
17.1015 	 1 
17.2292 	 0 
17.2292 	 2 
17.3453 	 1 
17.4498 	 2 
17.4614 	 0 
17.6820 	 1 
17.6936 	 2 
17.8097 	 1 
17.9258 	 0 
18.0651 	 1 
18.2044 	 2 
18.3902 	 2 
18.4018 	 0 
18.6340 	 2 
18.8662 	 0 
19.0868 	 1 
19.1100 	 2 
19.3306 	 2 
19.3306 	 0 
19.5744 	 2 
19.7950 	 0 
20.2710 	 0 
20.5032 	 1 
20.5148 	 2 
20.7354 	 0 
21.2114 	 2 
21.2114 	 0 
21.6062 	 1 
21.6758 	 0 
22.0241 	 2 
22.1402 	 0 
22.1518 	 2 
22.6046 	 2 
22.6162 	 0 
22.9181 	 2 
23.0806 	 0 
23.0922 	 2 
23.5450 	 2 
23.5450 	 0 
24.0210 	 2 
24.0210 	 0 
24.4854 	 0 
24.7176 	 2 
24.7293 	 1 
24.7293 	 0 
24.9498 	 2 
24.9615 	 0 
25.1937 	 1 
25.1937 	 2 
25.3214 	 1 
25.4259 	 0 
25.6464 	 2 
25.8902 	 2 
25.8902 	 0 
26.1341 	 2 
26.3663 	 0 
26.4824 	 1 
26.6913 	 1 
26.8307 	 2 
26.8307 	 0 
27.0512 	 1 
27.0629 	 2 
27.1790 	 1 
27.2951 	 2 
27.3067 	 0 
27.5389 	 1 
27.7711 	 0 
27.7711 	 2 
28.0033 	 2 
28.0033 	 1 
28.2355 	 0 
28.4793 	 1 
28.4793 	 2 
28.7115 	 2 
28.7115 	 0 
28.9437 	 2 
28.9437 	 1 
29.1643 	 2 
29.1759 	 0 
29.4081 	 1 
29.5938 	 2 
29.6403 	 0 
29.8841 	 2 
