0.6618 	 1 
1.1378 	 1 
1.1610 	 2 
1.5557 	 2 
1.5673 	 0 
1.9969 	 0 
1.9969 	 1 
2.0085 	 2 
2.4149 	 1 
2.4265 	 0 
2.4381 	 2 
2.8444 	 0 
2.8444 	 1 
2.8677 	 2 
3.2740 	 1 
3.2856 	 0 
3.7268 	 0 
3.7384 	 1 
3.7500 	 2 
4.1564 	 0 
4.1680 	 1 
4.1912 	 2 
4.5859 	 0 
4.5976 	 1 
4.6092 	 2 
5.0503 	 0 
5.4915 	 1 
5.4915 	 0 
5.5031 	 2 
5.9327 	 0 
6.3507 	 0 
6.3623 	 1 
6.3623 	 2 
6.7918 	 0 
7.2214 	 0 
7.2214 	 1 
7.2330 	 2 
7.6394 	 0 
7.6626 	 2 
7.6626 	 1 
8.0689 	 0 
8.0805 	 1 
8.0922 	 2 
8.5101 	 0 
8.5101 	 2 
8.9629 	 0 
8.9629 	 2 
9.3925 	 0 
9.8104 	 1 
9.8104 	 0 
9.8569 	 2 
9.9962 	 2 
10.2632 	 0 
10.7044 	 0 
10.7044 	 1 
11.1340 	 1 
11.1340 	 0 
11.1572 	 2 
11.5635 	 0 
11.6100 	 2 
11.6216 	 1 
11.6912 	 2 
12.0163 	 0 
12.4459 	 2 
12.4459 	 0 
12.4459 	 1 
12.8755 	 2 
12.8871 	 0 
13.3166 	 0 
13.3283 	 1 
13.3283 	 2 
13.7462 	 0 
14.1758 	 0 
14.1874 	 1 
14.1990 	 2 
14.6054 	 0 
14.6170 	 1 
14.6402 	 1 
14.6518 	 2 
15.0465 	 0 
15.0581 	 1 
15.0814 	 2 
15.4993 	 0 
15.4993 	 2 
15.9289 	 0 
15.9405 	 1 
15.9405 	 2 
16.3585 	 1 
16.3585 	 0 
16.8112 	 1 
16.8112 	 0 
16.8112 	 2 
17.0202 	 2 
17.2292 	 2 
17.2408 	 0 
17.6704 	 0 
17.6704 	 1 
17.6704 	 2 
18.0883 	 0 
18.1000 	 1 
18.1000 	 2 
18.5295 	 0 
18.5295 	 2 
18.5411 	 1 
18.9707 	 0 
19.3887 	 0 
19.4003 	 1 
19.4119 	 2 
19.8298 	 0 
20.2710 	 1 
20.2710 	 0 
20.2942 	 2 
20.5729 	 2 
20.7122 	 0 
21.1534 	 1 
21.1534 	 0 
21.1650 	 2 
21.5713 	 0 
21.5829 	 1 
21.6062 	 2 
22.0125 	 0 
22.0241 	 1 
22.0357 	 2 
22.4537 	 0 
22.8717 	 0 
22.8717 	 2 
22.8717 	 1 
23.3128 	 0 
23.3244 	 2 
23.7424 	 0 
23.7540 	 1 
23.7772 	 2 
24.0791 	 2 
24.1836 	 0 
24.6248 	 0 
24.6364 	 1 
24.6480 	 2 
25.0659 	 0 
25.0776 	 1 
25.0776 	 2 
25.4955 	 0 
25.5071 	 1 
25.5071 	 2 
25.9367 	 0 
26.3779 	 0 
26.3779 	 2 
26.3779 	 1 
26.7726 	 2 
26.8190 	 0 
27.2486 	 0 
27.2602 	 2 
27.2602 	 1 
27.6782 	 2 
27.6782 	 0 
28.1194 	 2 
28.1194 	 0 
28.1194 	 1 
28.5489 	 0 
28.5722 	 1 
28.5722 	 2 
28.8856 	 2 
28.9901 	 1 
29.0017 	 2 
29.0017 	 0 
29.4429 	 0 
29.8609 	 0 
29.8609 	 1 
29.8609 	 2 
