0.0580 	 2 
0.0580 	 1 
0.0697 	 0 
0.3019 	 0 
0.3135 	 2 
0.3135 	 1 
0.6734 	 2 
0.6850 	 0 
0.8011 	 1 
0.8011 	 2 
0.8011 	 0 
1.1610 	 0 
1.1610 	 2 
1.2539 	 2 
1.2655 	 1 
1.2655 	 0 
1.3584 	 2 
1.3584 	 1 
1.3584 	 0 
1.4396 	 2 
1.4977 	 2 
1.4977 	 0 
1.5441 	 2 
1.5441 	 0 
1.5441 	 1 
1.5906 	 2 
1.8924 	 0 
1.9040 	 1 
1.9156 	 2 
2.1478 	 0 
2.1595 	 2 
2.2756 	 2 
2.2756 	 1 
2.2756 	 0 
2.5194 	 2 
2.6471 	 1 
2.6471 	 2 
2.8909 	 2 
3.0186 	 1 
3.0186 	 0 
3.0186 	 2 
3.2624 	 1 
3.2624 	 2 
3.3901 	 1 
3.3901 	 0 
3.4017 	 2 
3.7616 	 1 
3.7616 	 0 
3.7616 	 2 
4.1332 	 2 
4.1332 	 1 
4.1332 	 0 
4.3654 	 2 
4.3886 	 2 
4.5047 	 1 
4.5047 	 0 
4.5047 	 2 
4.8646 	 2 
4.8762 	 1 
4.8762 	 0 
5.2361 	 2 
5.2361 	 0 
5.2361 	 1 
5.5612 	 2 
5.6308 	 1 
5.6424 	 2 
5.8514 	 2 
5.8514 	 0 
5.9791 	 2 
5.9791 	 1 
5.9791 	 0 
6.2229 	 2 
6.3507 	 0 
6.3623 	 2 
6.3623 	 1 
6.7106 	 0 
6.7222 	 2 
6.7222 	 1 
6.9079 	 2 
7.1053 	 1 
7.1053 	 2 
7.3375 	 2 
7.3375 	 1 
7.4652 	 1 
7.4652 	 2 
7.4652 	 0 
7.8367 	 2 
7.8483 	 1 
8.0573 	 2 
8.1966 	 0 
8.2083 	 2 
8.2083 	 1 
8.5682 	 1 
8.5682 	 0 
8.5798 	 2 
8.8120 	 2 
8.9397 	 0 
8.9397 	 1 
8.9513 	 2 
9.1835 	 0 
9.1835 	 2 
9.1951 	 1 
9.3112 	 1 
9.3112 	 0 
9.3112 	 2 
9.5434 	 2 
9.6827 	 1 
9.6827 	 0 
9.6943 	 2 
10.0542 	 2 
10.0542 	 0 
10.0542 	 1 
10.2980 	 2 
10.2980 	 0 
10.4374 	 0 
10.4374 	 2 
10.4374 	 1 
10.6696 	 2 
10.7973 	 0 
10.7973 	 1 
10.8089 	 2 
11.1572 	 2 
11.1572 	 1 
11.1572 	 0 
11.5287 	 2 
11.5403 	 1 
11.7841 	 2 
11.9118 	 2 
11.9118 	 1 
11.9118 	 0 
12.1440 	 2 
12.1440 	 1 
12.2834 	 2 
12.2834 	 1 
12.2834 	 0 
12.6433 	 2 
12.6433 	 1 
12.6433 	 0 
13.0148 	 1 
13.0148 	 2 
13.0148 	 0 
13.2586 	 1 
13.2702 	 2 
13.3979 	 2 
13.3979 	 0 
13.3979 	 1 
13.7694 	 0 
13.7694 	 2 
13.7694 	 1 
14.0132 	 1 
14.0132 	 2 
14.1177 	 0 
14.1293 	 2 
14.1293 	 1 
14.5009 	 0 
14.5009 	 1 
14.5009 	 2 
14.7447 	 2 
14.8724 	 1 
14.8724 	 0 
14.8724 	 2 
15.1046 	 2 
15.1162 	 1 
15.2439 	 1 
15.2439 	 2 
15.2439 	 0 
15.6038 	 1 
15.6038 	 0 
15.6154 	 2 
15.9753 	 0 
15.9869 	 2 
15.9869 	 1 
16.2191 	 2 
16.3585 	 2 
16.3585 	 0 
16.3585 	 1 
16.7184 	 2 
16.7300 	 0 
16.7300 	 1 
16.9738 	 2 
17.1015 	 0 
17.1015 	 1 
17.1015 	 2 
17.4614 	 0 
17.4730 	 1 
17.4730 	 2 
17.7052 	 0 
17.7052 	 1 
17.7052 	 2 
17.8213 	 2 
17.8445 	 2 
17.8561 	 1 
18.0767 	 0 
18.0767 	 2 
18.2044 	 1 
18.2044 	 0 
18.2161 	 2 
18.3554 	 0 
18.3554 	 1 
18.3554 	 2 
18.5644 	 0 
18.5760 	 1 
18.5760 	 2 
18.9359 	 1 
18.9359 	 2 
18.9359 	 0 
19.1913 	 2 
19.3306 	 2 
19.3306 	 1 
19.3422 	 0 
19.6789 	 0 
19.6905 	 1 
19.6905 	 2 
20.0504 	 2 
20.0504 	 0 
20.0504 	 1 
20.2942 	 2 
20.4220 	 2 
20.4220 	 1 
20.4220 	 0 
20.6541 	 2 
20.7935 	 0 
20.7935 	 2 
20.8051 	 1 
21.0373 	 2 
21.0373 	 1 
21.1650 	 0 
21.1650 	 1 
21.1766 	 2 
21.5249 	 0 
21.5249 	 1 
21.5365 	 2 
21.7687 	 2 
21.8964 	 0 
21.9080 	 1 
21.9080 	 2 
22.1518 	 2 
22.2795 	 1 
22.2795 	 2 
22.2795 	 0 
22.5350 	 2 
22.6511 	 1 
22.6511 	 0 
22.6511 	 2 
23.0110 	 0 
23.0110 	 1 
23.0226 	 2 
23.2200 	 2 
23.3825 	 1 
23.3825 	 2 
23.6263 	 2 
23.7540 	 0 
23.7540 	 1 
23.7540 	 2 
24.0094 	 1 
24.0210 	 2 
24.1255 	 0 
24.1255 	 2 
24.1371 	 1 
24.2649 	 2 
24.4971 	 2 
24.4971 	 1 
24.4971 	 0 
24.7409 	 1 
24.7409 	 2 
24.7525 	 0 
24.8802 	 1 
24.8802 	 2 
24.8802 	 0 
24.9847 	 2 
25.1124 	 2 
25.2517 	 2 
25.2517 	 0 
25.2517 	 1 
25.6116 	 1 
25.6232 	 2 
25.8554 	 2 
25.9715 	 0 
25.9715 	 1 
25.9831 	 2 
26.3546 	 2 
26.3546 	 0 
26.3546 	 1 
26.5985 	 1 
26.5985 	 2 
26.7262 	 2 
26.7262 	 0 
26.7262 	 1 
26.9584 	 0 
26.9700 	 2 
26.9700 	 1 
27.0861 	 0 
27.0977 	 2 
27.0977 	 1 
27.4460 	 2 
27.4460 	 0 
27.4460 	 1 
27.6898 	 2 
27.8291 	 1 
27.8291 	 0 
27.8291 	 2 
28.0845 	 2 
28.2006 	 1 
28.2122 	 0 
28.2122 	 2 
28.4561 	 2 
28.5722 	 0 
28.5722 	 1 
28.5722 	 2 
28.8160 	 2 
28.9321 	 0 
28.9437 	 2 
28.9437 	 1 
29.1759 	 2 
29.3152 	 1 
29.3152 	 0 
29.3152 	 2 
29.5590 	 2 
29.5590 	 1 
29.6867 	 1 
29.6867 	 2 
29.6867 	 0 
29.9305 	 1 
29.9305 	 2 
30.0582 	 2 
30.0582 	 0 
30.0582 	 1 
30.1627 	 2 
30.4181 	 0 
30.4181 	 1 
30.4298 	 2 
30.7897 	 0 
30.7897 	 2 
30.7897 	 1 
31.0335 	 2 
31.0451 	 1 
31.1728 	 2 
31.1728 	 0 
31.1728 	 1 
31.5327 	 2 
31.5327 	 0 
31.5443 	 1 
31.7533 	 2 
31.7533 	 1 
31.9042 	 2 
31.9042 	 0 
31.9158 	 1 
32.0203 	 2 
32.2757 	 0 
32.2757 	 1 
32.2757 	 2 
32.5195 	 1 
32.5195 	 2 
32.6473 	 0 
32.6473 	 1 
32.6473 	 2 
32.8911 	 1 
32.8911 	 2 
33.0188 	 1 
33.0188 	 0 
33.0188 	 2 
33.3787 	 0 
33.3787 	 1 
33.3903 	 2 
33.7618 	 2 
33.7618 	 0 
33.7618 	 1 
33.9940 	 2 
34.1333 	 1 
34.1333 	 0 
34.1333 	 2 
34.3771 	 2 
34.5049 	 1 
34.5049 	 0 
34.5049 	 2 
34.8648 	 0 
34.8764 	 1 
34.8764 	 2 
35.2363 	 0 
35.2363 	 2 
35.2363 	 1 
35.4801 	 2 
35.6078 	 1 
35.6078 	 0 
35.6078 	 2 
35.8516 	 2 
35.8516 	 1 
35.9793 	 0 
35.9793 	 1 
35.9909 	 2 
36.3508 	 0 
36.3508 	 1 
36.3508 	 2 
36.5946 	 1 
36.5946 	 2 
36.5946 	 0 
36.7224 	 0 
36.7224 	 2 
36.7224 	 1 
36.9662 	 0 
36.9662 	 2 
36.9662 	 1 
37.0939 	 2 
37.0939 	 0 
37.1055 	 1 
37.1868 	 2 
37.4654 	 0 
37.4654 	 1 
37.4654 	 2 
37.7092 	 2 
37.7092 	 0 
37.8253 	 0 
37.8253 	 1 
37.8253 	 2 
38.1968 	 0 
38.1968 	 1 
38.1968 	 2 
38.4522 	 0 
38.4522 	 2 
38.4522 	 1 
38.5800 	 0 
38.5800 	 1 
38.5800 	 2 
38.8122 	 0 
38.8122 	 1 
38.8238 	 2 
38.9515 	 2 
38.9515 	 0 
38.9515 	 1 
39.3114 	 0 
39.3114 	 1 
39.3114 	 2 
39.6829 	 0 
39.6829 	 1 
39.6829 	 2 
39.8106 	 2 
39.9267 	 2 
40.0660 	 2 
40.0660 	 0 
40.0660 	 1 
40.4259 	 2 
40.4259 	 0 
40.4259 	 1 
40.7975 	 2 
40.7975 	 1 
40.7975 	 0 
41.1690 	 2 
41.1690 	 0 
41.1690 	 1 
41.4128 	 2 
41.4128 	 1 
41.5405 	 0 
41.5405 	 2 
41.5405 	 1 
41.7727 	 1 
41.7843 	 2 
41.9004 	 1 
41.9004 	 0 
41.9120 	 2 
42.2719 	 1 
42.2719 	 0 
42.2835 	 2 
42.6434 	 0 
42.6434 	 2 
42.6551 	 1 
42.8873 	 2 
42.8989 	 1 
43.0150 	 0 
43.0266 	 2 
43.0498 	 1 
43.3865 	 0 
43.3865 	 2 
43.3981 	 1 
43.7464 	 0 
43.7580 	 2 
43.7580 	 1 
44.1295 	 2 
44.1295 	 0 
44.1295 	 1 
44.3733 	 1 
44.3733 	 2 
44.5010 	 2 
44.5010 	 0 
44.5010 	 1 
44.7332 	 0 
44.7449 	 1 
44.7449 	 2 
44.8726 	 2 
44.8726 	 0 
44.8726 	 1 
45.2325 	 0 
45.2325 	 1 
45.2441 	 2 
45.4647 	 2 
45.6040 	 0 
45.6040 	 2 
45.6156 	 1 
45.8478 	 2 
45.9871 	 2 
45.9871 	 0 
45.9871 	 1 
46.2425 	 2 
46.3586 	 1 
46.3586 	 0 
46.3586 	 2 
46.7185 	 2 
46.7185 	 1 
46.7185 	 0 
47.0901 	 0 
47.0901 	 1 
47.0901 	 2 
47.3339 	 1 
47.3339 	 2 
47.4616 	 0 
47.4732 	 2 
47.4732 	 1 
47.7054 	 2 
47.7054 	 1 
47.8331 	 1 
47.8331 	 0 
47.8331 	 2 
48.2046 	 2 
48.2046 	 0 
48.2046 	 1 
48.4484 	 2 
48.5761 	 2 
48.5761 	 0 
48.5878 	 1 
48.8083 	 2 
48.8200 	 1 
48.9477 	 0 
48.9477 	 1 
48.9593 	 2 
49.0405 	 2 
49.0870 	 2 
49.3192 	 2 
49.3308 	 1 
49.3308 	 0 
49.5630 	 2 
49.6791 	 2 
49.6791 	 1 
49.6791 	 0 
50.0506 	 2 
50.0506 	 1 
50.2944 	 2 
50.2944 	 1 
50.4337 	 2 
50.4337 	 0 
50.4337 	 1 
50.6659 	 2 
50.6659 	 0 
50.6776 	 1 
50.8053 	 0 
50.8053 	 2 
50.8053 	 1 
51.1536 	 0 
51.1652 	 1 
51.1652 	 2 
51.5367 	 1 
51.5367 	 2 
51.5367 	 0 
51.7805 	 2 
51.9082 	 0 
51.9082 	 2 
51.9082 	 1 
52.2797 	 0 
52.2797 	 2 
52.2797 	 1 
52.6396 	 1 
52.6396 	 0 
52.6396 	 2 
52.8834 	 2 
53.0112 	 0 
53.0228 	 2 
53.0228 	 1 
53.2434 	 2 
53.3943 	 1 
53.4291 	 2 
53.6381 	 2 
53.7542 	 2 
53.7542 	 1 
53.7542 	 0 
54.1257 	 2 
54.1257 	 0 
54.1373 	 1 
54.4972 	 2 
54.4972 	 0 
54.5088 	 1 
54.7410 	 2 
54.7527 	 1 
54.8804 	 0 
54.8804 	 1 
54.8804 	 2 
55.2403 	 1 
55.2403 	 0 
55.2403 	 2 
55.6002 	 0 
55.6118 	 1 
55.6118 	 2 
55.9833 	 0 
55.9833 	 1 
55.9833 	 2 
56.2271 	 1 
56.2271 	 2 
56.3548 	 2 
56.3548 	 1 
56.3548 	 0 
56.5870 	 2 
56.5986 	 1 
56.7263 	 2 
56.7263 	 1 
56.7263 	 0 
57.0863 	 0 
57.0863 	 1 
57.0979 	 2 
57.4578 	 2 
57.4578 	 0 
57.4578 	 1 
57.7016 	 2 
57.8409 	 0 
57.8409 	 2 
57.8409 	 1 
58.0731 	 2 
58.2008 	 0 
58.2124 	 1 
58.2124 	 2 
58.5723 	 1 
58.5723 	 2 
58.5723 	 0 
58.8045 	 2 
58.9439 	 1 
58.9439 	 2 
59.1877 	 2 
59.3154 	 2 
59.3270 	 0 
59.3270 	 1 
59.5592 	 1 
59.5592 	 2 
59.6869 	 1 
59.6869 	 2 
59.6869 	 0 
60.0468 	 0 
60.0468 	 1 
60.0468 	 2 
60.4067 	 0 
60.4183 	 1 
60.4299 	 2 
60.6621 	 1 
60.6621 	 2 
60.7898 	 2 
60.7898 	 0 
60.7898 	 1 
61.1614 	 0 
61.1614 	 1 
61.1730 	 2 
61.4052 	 2 
61.4168 	 0 
61.4168 	 1 
61.5329 	 0 
61.5329 	 2 
61.5329 	 1 
61.9044 	 2 
61.9044 	 1 
62.1482 	 2 
62.1482 	 1 
62.2759 	 0 
62.2875 	 2 
62.2875 	 1 
62.5197 	 2 
62.5197 	 1 
62.6590 	 2 
62.6590 	 1 
62.6590 	 0 
63.0073 	 0 
63.0190 	 2 
63.0190 	 1 
63.3789 	 0 
63.3905 	 1 
63.3905 	 2 
63.6343 	 2 
63.7620 	 0 
63.7620 	 1 
63.7620 	 2 
64.1219 	 0 
64.1335 	 2 
64.1335 	 1 
64.4702 	 2 
64.4934 	 2 
64.4934 	 1 
64.4934 	 0 
64.7488 	 2 
64.8766 	 2 
64.8766 	 1 
64.8766 	 0 
65.0971 	 2 
65.2481 	 1 
65.2597 	 0 
65.2829 	 2 
65.4919 	 2 
65.6080 	 1 
65.6080 	 2 
65.6080 	 0 
65.8286 	 2 
65.9795 	 1 
65.9795 	 0 
65.9795 	 2 
66.3510 	 1 
66.3510 	 0 
66.3510 	 2 
66.5948 	 1 
66.5948 	 2 
66.7225 	 1 
66.7341 	 0 
66.7341 	 2 
66.9663 	 2 
67.0941 	 0 
67.0941 	 1 
67.0941 	 2 
67.2102 	 2 
67.4540 	 2 
67.4540 	 0 
67.4656 	 1 
67.8371 	 1 
67.8371 	 2 
68.0693 	 2 
68.0809 	 1 
68.1970 	 2 
68.2086 	 0 
68.2086 	 1 
68.4408 	 1 
68.4408 	 2 
68.5685 	 0 
68.5685 	 1 
68.5685 	 2 
68.9400 	 0 
68.9400 	 2 
68.9400 	 1 
69.2883 	 0 
69.2883 	 2 
69.3000 	 1 
69.5554 	 2 
69.5554 	 1 
69.6599 	 2 
69.6947 	 0 
69.6947 	 1 
69.7063 	 2 
69.9269 	 2 
70.0546 	 2 
70.0546 	 1 
70.0546 	 0 
70.4145 	 1 
70.4145 	 0 
70.4261 	 2 
70.7976 	 1 
70.7976 	 2 
71.0415 	 2 
71.1692 	 0 
71.1692 	 2 
71.1692 	 1 
71.4130 	 2 
71.4130 	 1 
71.5407 	 2 
71.5407 	 1 
71.5407 	 0 
71.9006 	 0 
71.9006 	 1 
71.9122 	 2 
72.1444 	 2 
72.2721 	 0 
72.2837 	 1 
72.2837 	 2 
72.5159 	 0 
72.5159 	 1 
72.5159 	 2 
72.6668 	 0 
72.6668 	 2 
72.6668 	 1 
72.7946 	 2 
72.9107 	 1 
72.9223 	 2 
73.0268 	 2 
73.0268 	 1 
73.0384 	 0 
73.2590 	 0 
73.2706 	 2 
73.3867 	 1 
73.3867 	 0 
73.3867 	 2 
73.7582 	 1 
73.7698 	 2 
73.7698 	 0 
74.0020 	 2 
74.1297 	 0 
74.1297 	 1 
74.1297 	 2 
74.3735 	 1 
74.3735 	 2 
74.5012 	 2 
74.7102 	 2 
74.7102 	 0 
74.8611 	 1 
74.8727 	 2 
74.8727 	 0 
75.2443 	 2 
75.2443 	 1 
75.2559 	 0 
75.4881 	 2 
75.6158 	 1 
75.6158 	 2 
75.6158 	 0 
75.7551 	 2 
75.8596 	 1 
75.8596 	 0 
75.8712 	 2 
75.9757 	 2 
75.9873 	 1 
76.0918 	 2 
76.1963 	 1 
76.1963 	 2 
76.1963 	 0 
76.3472 	 0 
76.3472 	 1 
76.3472 	 2 
76.7187 	 1 
76.7303 	 0 
76.7303 	 2 
76.9625 	 1 
76.9741 	 2 
77.0902 	 0 
77.1019 	 1 
77.1019 	 2 
77.2412 	 2 
77.3224 	 1 
77.3457 	 2 
77.4502 	 1 
77.4502 	 0 
77.4618 	 2 
77.5895 	 2 
77.8333 	 0 
77.8333 	 1 
77.8333 	 2 
78.1932 	 0 
78.2048 	 2 
78.2048 	 1 
78.3325 	 2 
78.4486 	 2 
78.4486 	 1 
78.5763 	 2 
78.5763 	 0 
78.5763 	 1 
78.9362 	 2 
78.9478 	 1 
79.3078 	 2 
79.3078 	 0 
79.3194 	 1 
79.5748 	 2 
79.6909 	 2 
79.6909 	 0 
79.7025 	 1 
79.8650 	 0 
79.8650 	 2 
80.0624 	 1 
80.0624 	 2 
80.0624 	 0 
80.2946 	 1 
80.2946 	 2 
80.4107 	 2 
80.7938 	 1 
80.7938 	 0 
80.7938 	 2 
81.1654 	 0 
81.1654 	 2 
81.1654 	 1 
81.3511 	 2 
81.5369 	 0 
81.5369 	 1 
81.5485 	 2 
81.9084 	 2 
81.9084 	 0 
81.9200 	 1 
82.2683 	 0 
82.2683 	 1 
82.2799 	 2 
82.6398 	 0 
82.6514 	 1 
82.6514 	 2 
82.8952 	 2 
82.8952 	 1 
83.0229 	 2 
83.0229 	 0 
83.0229 	 1 
83.2551 	 2 
83.2668 	 1 
83.3829 	 0 
83.3829 	 1 
83.3945 	 2 
83.7544 	 0 
83.7544 	 2 
83.7660 	 1 
84.1259 	 0 
84.1259 	 1 
84.1375 	 2 
84.3697 	 2 
84.3697 	 1 
84.5090 	 0 
84.5090 	 2 
84.5090 	 1 
84.8805 	 1 
84.8805 	 2 
84.8805 	 0 
85.1127 	 2 
85.1127 	 0 
85.2405 	 2 
85.2405 	 1 
85.2405 	 0 
85.6120 	 1 
85.6120 	 0 
85.6120 	 2 
85.8558 	 2 
85.8558 	 1 
85.9719 	 0 
85.9835 	 2 
85.9835 	 1 
86.2273 	 2 
86.3550 	 1 
86.3550 	 0 
86.3550 	 2 
86.4827 	 2 
86.6104 	 2 
86.7149 	 0 
86.7265 	 2 
86.7265 	 1 
86.8542 	 2 
86.9703 	 0 
86.9703 	 1 
86.9703 	 2 
87.0864 	 0 
87.0864 	 2 
87.2258 	 2 
87.3419 	 1 
87.3419 	 2 
87.4696 	 1 
87.4696 	 0 
87.4696 	 2 
87.6089 	 2 
87.7250 	 2 
87.8411 	 2 
87.9688 	 2 
88.0849 	 2 
88.2010 	 2 
88.2010 	 0 
88.2010 	 1 
88.5725 	 1 
88.5725 	 2 
88.5725 	 0 
88.7002 	 2 
88.8163 	 2 
88.8163 	 0 
88.8163 	 1 
88.9440 	 0 
88.9440 	 2 
88.9440 	 1 
89.1878 	 2 
89.2923 	 2 
89.5478 	 2 
89.6755 	 0 
89.6755 	 1 
89.6871 	 2 
89.9309 	 2 
90.0470 	 0 
90.0470 	 2 
90.0586 	 1 
90.3024 	 1 
90.3024 	 2 
90.4301 	 1 
90.4301 	 2 
90.4301 	 0 
90.7900 	 0 
90.8016 	 1 
90.8016 	 2 
91.1383 	 2 
91.1732 	 2 
91.1848 	 1 
91.5447 	 1 
91.5447 	 2 
91.5447 	 0 
91.7769 	 2 
91.7769 	 1 
91.9046 	 2 
91.9046 	 0 
91.9046 	 1 
92.1484 	 1 
92.1484 	 2 
92.1484 	 0 
92.2761 	 1 
92.2761 	 2 
92.2761 	 0 
92.6476 	 1 
92.6476 	 2 
92.6476 	 0 
92.8798 	 2 
93.0075 	 0 
93.0075 	 2 
93.0075 	 1 
93.2513 	 2 
93.3907 	 1 
93.3907 	 0 
93.3907 	 2 
93.7506 	 0 
93.7622 	 2 
93.7738 	 1 
94.1221 	 2 
94.1221 	 0 
94.1221 	 1 
94.2498 	 2 
94.4936 	 2 
94.4936 	 0 
94.4936 	 1 
94.7374 	 2 
94.7490 	 1 
94.8651 	 0 
94.8767 	 1 
94.8767 	 2 
95.1205 	 1 
95.1205 	 2 
95.2366 	 0 
95.2483 	 2 
95.2483 	 1 
95.6082 	 1 
95.6082 	 0 
95.6082 	 2 
95.7359 	 2 
95.8520 	 2 
95.8520 	 1 
95.8520 	 0 
95.9913 	 2 
95.9913 	 0 
95.9913 	 1 
96.2235 	 1 
96.2235 	 2 
96.3396 	 2 
96.3396 	 0 
96.3396 	 1 
96.4325 	 2 
96.7111 	 0 
96.7227 	 2 
96.9085 	 2 
96.9085 	 0 
96.9085 	 1 
97.0826 	 2 
97.0826 	 0 
97.0942 	 1 
97.4541 	 2 
97.4541 	 0 
97.4658 	 1 
97.7096 	 2 
97.7096 	 1 
97.8373 	 2 
97.8373 	 1 
97.8373 	 0 
98.0695 	 2 
98.0695 	 1 
98.1972 	 0 
98.1972 	 2 
98.2088 	 1 
98.3597 	 2 
98.5687 	 2 
98.5687 	 1 
98.5687 	 0 
98.9402 	 0 
98.9402 	 2 
98.9402 	 1 
99.0795 	 2 
99.1840 	 2 
99.3117 	 0 
99.3117 	 1 
99.3234 	 2 
99.4743 	 2 
99.6833 	 0 
99.6949 	 2 
99.9271 	 2 
100.0548 	 2 
100.0548 	 1 
100.0548 	 0 
100.1825 	 2 
100.2986 	 0 
100.2986 	 2 
100.2986 	 1 
100.4263 	 1 
100.4263 	 2 
100.5772 	 2 
100.6701 	 1 
100.6701 	 0 
100.6817 	 2 
100.7862 	 0 
100.7978 	 1 
100.7978 	 2 
101.0300 	 2 
101.1693 	 1 
101.1693 	 2 
101.1693 	 0 
101.5409 	 1 
101.5409 	 0 
101.5409 	 2 
101.9008 	 0 
101.9124 	 1 
101.9124 	 2 
102.1446 	 0 
102.1446 	 2 
102.1562 	 1 
102.2839 	 0 
102.2839 	 1 
102.2839 	 2 
102.4464 	 2 
102.4580 	 1 
102.5509 	 2 
102.6438 	 1 
102.6438 	 0 
102.6554 	 2 
102.8180 	 2 
102.9108 	 2 
102.9108 	 1 
103.0153 	 0 
103.0153 	 1 
103.0269 	 2 
104.1415 	 2 
104.1415 	 0 
104.1415 	 1 
107.1717 	 2 
107.1833 	 0 
107.1949 	 1 
107.2762 	 1 
107.2762 	 2 
107.3691 	 2 
107.3691 	 1 
107.4736 	 1 
107.4736 	 2 
107.4736 	 0 
107.9844 	 2 
108.0889 	 2 
108.2050 	 2 
108.5649 	 1 
108.5765 	 2 
108.8203 	 2 
108.9364 	 1 
108.9364 	 0 
108.9480 	 2 
109.1802 	 2 
109.3195 	 2 
109.3195 	 0 
109.3195 	 1 
109.4937 	 2 
109.5634 	 1 
109.5866 	 2 
109.6098 	 2 
109.6795 	 0 
109.6911 	 1 
109.6911 	 2 
109.9233 	 2 
109.9233 	 1 
110.0510 	 1 
110.0510 	 0 
110.0626 	 2 
110.4225 	 0 
110.4225 	 2 
110.4225 	 1 
110.7940 	 2 
110.7940 	 1 
110.7940 	 0 
111.0378 	 2 
111.1771 	 2 
111.1771 	 1 
111.1771 	 0 
111.5371 	 1 
111.5371 	 2 
111.5371 	 0 
111.8970 	 0 
111.8970 	 1 
111.9086 	 2 
112.2801 	 2 
112.2801 	 1 
112.2801 	 0 
112.5239 	 2 
112.6516 	 2 
112.6516 	 1 
112.6632 	 0 
112.8954 	 2 
113.0115 	 0 
113.0115 	 2 
113.0115 	 1 
113.2321 	 2 
113.3830 	 2 
113.3830 	 0 
113.3946 	 1 
113.7546 	 2 
113.7546 	 1 
113.7546 	 0 
113.9403 	 2 
114.1377 	 1 
114.1609 	 2 
114.4976 	 0 
114.4976 	 2 
114.5092 	 1 
114.7182 	 2 
114.8575 	 0 
114.8691 	 1 
114.8691 	 2 
115.0897 	 2 
115.2406 	 1 
115.2406 	 2 
115.2406 	 0 
115.4728 	 2 
115.6122 	 0 
115.6122 	 2 
115.6122 	 1 
115.8560 	 2 
115.8560 	 1 
115.9837 	 0 
115.9837 	 1 
115.9837 	 2 
116.3436 	 0 
116.3552 	 2 
116.3552 	 1 
116.7151 	 2 
116.7151 	 0 
116.7267 	 1 
116.9589 	 0 
116.9589 	 2 
117.0982 	 2 
117.0982 	 0 
117.0982 	 1 
117.3537 	 2 
117.4698 	 1 
117.4698 	 0 
117.4698 	 2 
117.8297 	 2 
117.8297 	 0 
117.8297 	 1 
118.0735 	 2 
118.2012 	 2 
118.2012 	 1 
118.4450 	 2 
118.5843 	 0 
118.5843 	 2 
118.5843 	 1 
118.8281 	 2 
118.9442 	 0 
118.9442 	 1 
118.9558 	 2 
119.3157 	 1 
119.3157 	 0 
119.3157 	 2 
119.6873 	 1 
119.6873 	 0 
119.6873 	 2 
119.9195 	 2 
119.9311 	 1 
120.0588 	 1 
120.0588 	 2 
120.0588 	 0 
120.4303 	 0 
120.4303 	 2 
120.4303 	 1 
120.6857 	 2 
120.7902 	 1 
120.7902 	 0 
120.7902 	 2 
121.0224 	 2 
121.1617 	 2 
121.1617 	 1 
121.1617 	 0 
121.4171 	 2 
121.5332 	 2 
121.5449 	 1 
121.5449 	 0 
121.7771 	 2 
121.7887 	 1 
121.9048 	 0 
121.9048 	 1 
121.9164 	 2 
122.2763 	 0 
122.2763 	 1 
122.2763 	 2 
122.6478 	 0 
122.6478 	 1 
122.6478 	 2 
122.8916 	 2 
123.0193 	 1 
123.0193 	 2 
123.0309 	 0 
123.3908 	 2 
123.3908 	 0 
123.3908 	 1 
123.6114 	 2 
123.7507 	 2 
123.7624 	 1 
124.1339 	 1 
124.1339 	 2 
124.1339 	 0 
124.3777 	 0 
124.3777 	 1 
124.3777 	 2 
124.5054 	 1 
124.5054 	 0 
124.5054 	 2 
124.7376 	 0 
124.7492 	 2 
124.8653 	 1 
124.8653 	 0 
124.8653 	 2 
125.2368 	 1 
125.2368 	 2 
125.2368 	 0 
125.6083 	 0 
125.6083 	 2 
125.6083 	 1 
125.8522 	 2 
125.8522 	 1 
125.9683 	 2 
125.9683 	 0 
125.9799 	 1 
126.0379 	 2 
126.3514 	 1 
126.3514 	 0 
126.3514 	 2 
126.7113 	 0 
126.7113 	 1 
126.7229 	 2 
126.9667 	 2 
127.0944 	 2 
127.0944 	 1 
127.1060 	 0 
127.3266 	 2 
127.3382 	 1 
127.4659 	 0 
127.4659 	 1 
127.4659 	 2 
127.7098 	 2 
127.8259 	 0 
127.8375 	 1 
127.8375 	 2 
128.1974 	 1 
128.1974 	 0 
128.2090 	 2 
128.5689 	 1 
128.5689 	 0 
128.5689 	 2 
128.8127 	 2 
128.9520 	 0 
128.9520 	 1 
128.9520 	 2 
129.2074 	 2 
129.3119 	 0 
129.3235 	 1 
129.3235 	 2 
129.6834 	 1 
129.6834 	 0 
129.6834 	 2 
130.0550 	 2 
130.0550 	 0 
130.0666 	 1 
130.2872 	 2 
130.4149 	 0 
130.4149 	 1 
130.4265 	 2 
130.6587 	 2 
130.6703 	 1 
130.7980 	 2 
130.7980 	 1 
130.7980 	 0 
131.1579 	 1 
131.1579 	 0 
131.1579 	 2 
131.4133 	 1 
131.4133 	 0 
131.4133 	 2 
131.5410 	 0 
131.5410 	 2 
131.5527 	 1 
131.7732 	 0 
131.7732 	 2 
131.7849 	 1 
131.9126 	 0 
131.9126 	 1 
131.9126 	 2 
132.0287 	 2 
132.2841 	 0 
132.2841 	 2 
132.4234 	 2 
132.5279 	 2 
132.6440 	 2 
132.6440 	 1 
132.6440 	 0 
133.0155 	 1 
133.0155 	 2 
133.2593 	 1 
133.2709 	 2 
133.3870 	 2 
133.3870 	 0 
133.3986 	 1 
133.6308 	 1 
133.6308 	 2 
133.7585 	 0 
133.7585 	 2 
133.7585 	 1 
134.0952 	 1 
134.0952 	 0 
134.0952 	 2 
134.5016 	 0 
134.5016 	 2 
134.5016 	 1 
134.7454 	 2 
134.8731 	 0 
134.8731 	 2 
134.8731 	 1 
135.2330 	 0 
135.2446 	 1 
135.2446 	 2 
135.6045 	 1 
135.6045 	 0 
135.6161 	 2 
135.9761 	 2 
135.9761 	 1 
136.2199 	 2 
136.2199 	 1 
136.3592 	 1 
136.3592 	 2 
136.3592 	 0 
136.5914 	 2 
136.6030 	 1 
136.7191 	 2 
136.7191 	 0 
136.7191 	 1 
137.0790 	 0 
137.0906 	 1 
137.0906 	 2 
137.4505 	 2 
137.4505 	 1 
137.4621 	 0 
137.7059 	 2 
137.7059 	 1 
137.8337 	 1 
137.8337 	 0 
137.8453 	 2 
138.2052 	 1 
138.2052 	 0 
138.2052 	 2 
138.5651 	 0 
138.5767 	 1 
138.5767 	 2 
138.9366 	 2 
138.9366 	 0 
138.9482 	 1 
139.1920 	 2 
139.1920 	 1 
139.3081 	 2 
139.3197 	 0 
139.3313 	 1 
139.3313 	 2 
139.5635 	 1 
139.5635 	 2 
139.6796 	 0 
139.6912 	 1 
139.6912 	 2 
140.0512 	 0 
140.0512 	 1 
140.0628 	 2 
140.4227 	 0 
140.4227 	 1 
140.4227 	 2 
140.6665 	 2 
140.8058 	 0 
140.8058 	 2 
140.8058 	 1 
141.0496 	 2 
141.1657 	 0 
141.1773 	 2 
141.1773 	 1 
141.5256 	 0 
141.5372 	 2 
141.5372 	 1 
141.8971 	 0 
141.9088 	 2 
141.9088 	 1 
142.1526 	 2 
142.2803 	 0 
142.2803 	 2 
142.2803 	 1 
142.5241 	 2 
142.5241 	 1 
142.6402 	 0 
142.6518 	 1 
142.6518 	 2 
143.0117 	 1 
143.0117 	 0 
143.0233 	 2 
143.2555 	 0 
143.2555 	 2 
143.2671 	 1 
143.3948 	 2 
143.6270 	 2 
143.6386 	 1 
143.7663 	 1 
143.7663 	 0 
143.7663 	 2 
143.8708 	 1 
143.8941 	 2 
144.1379 	 2 
144.1379 	 0 
144.1379 	 1 
144.4978 	 0 
144.4978 	 2 
144.4978 	 1 
144.8693 	 2 
144.8693 	 1 
145.1131 	 1 
145.1131 	 2 
145.2408 	 0 
145.2408 	 1 
145.2408 	 2 
145.4846 	 0 
145.4846 	 1 
145.4846 	 2 
145.6123 	 1 
145.6123 	 2 
145.6123 	 0 
145.8097 	 2 
145.9606 	 1 
145.9606 	 0 
145.9722 	 2 
146.3438 	 0 
146.3554 	 2 
146.5992 	 2 
146.7269 	 0 
146.7269 	 2 
146.7269 	 1 
147.0868 	 2 
147.0868 	 0 
147.0984 	 1 
147.2145 	 2 
147.4583 	 2 
147.4583 	 1 
147.4583 	 0 
147.8415 	 0 
147.8415 	 2 
147.8415 	 1 
148.0737 	 2 
148.0737 	 1 
148.2130 	 0 
148.2130 	 2 
148.2130 	 1 
148.4452 	 2 
148.4452 	 1 
148.5497 	 2 
148.5497 	 0 
148.5497 	 1 
148.9328 	 0 
148.9444 	 2 
148.9444 	 1 
149.1882 	 2 
149.3043 	 2 
149.3159 	 1 
149.3159 	 0 
149.5597 	 2 
149.5597 	 1 
149.6874 	 1 
149.6874 	 2 
149.6874 	 0 
150.0590 	 1 
150.0590 	 2 
150.0590 	 0 
150.4189 	 0 
150.4305 	 2 
150.4305 	 1 
150.5350 	 2 
150.7904 	 1 
150.8020 	 0 
150.8020 	 2 
151.0342 	 2 
151.0342 	 1 
151.1619 	 2 
151.1735 	 1 
151.1735 	 0 
151.4057 	 1 
151.4057 	 2 
151.5334 	 0 
151.5334 	 2 
151.5334 	 1 
151.9049 	 1 
151.9049 	 0 
151.9049 	 2 
152.1255 	 2 
152.2765 	 2 
152.2765 	 0 
152.2765 	 1 
152.5203 	 2 
152.6480 	 1 
152.6596 	 2 
152.6596 	 0 
152.9034 	 2 
153.0195 	 0 
153.0195 	 2 
153.0195 	 1 
153.3794 	 0 
153.3910 	 1 
153.3910 	 2 
153.7509 	 0 
153.7625 	 1 
153.7625 	 2 
154.0063 	 2 
154.1341 	 2 
154.1341 	 0 
154.1341 	 1 
154.3663 	 2 
154.3779 	 1 
154.4940 	 0 
154.5056 	 2 
154.5056 	 1 
154.8655 	 2 
154.8655 	 0 
154.8655 	 1 
155.1093 	 2 
155.2370 	 0 
155.2486 	 2 
155.2602 	 1 
155.4808 	 2 
155.4808 	 1 
155.6201 	 0 
155.6201 	 2 
155.6201 	 1 
155.9800 	 1 
155.9917 	 2 
155.9917 	 0 
156.1078 	 2 
156.2239 	 2 
156.2239 	 1 
156.2819 	 2 
156.3400 	 1 
156.3400 	 0 
156.3516 	 2 
156.7231 	 2 
156.7231 	 0 
156.7231 	 1 
156.9669 	 1 
156.9669 	 2 
157.0946 	 0 
157.0946 	 1 
157.0946 	 2 
157.3384 	 2 
157.3384 	 1 
157.4661 	 2 
157.4661 	 0 
157.4661 	 1 
157.8260 	 1 
157.8260 	 2 
157.8260 	 0 
158.1976 	 1 
158.1976 	 0 
158.2092 	 2 
158.4414 	 2 
158.5807 	 0 
158.5807 	 1 
158.5807 	 2 
158.9406 	 0 
158.9406 	 2 
158.9522 	 1 
159.3005 	 0 
159.3121 	 2 
159.3121 	 1 
159.6836 	 2 
159.6836 	 0 
159.6952 	 1 
159.9274 	 1 
159.9274 	 2 
159.9274 	 0 
160.0551 	 1 
160.0551 	 2 
160.0551 	 0 
160.2990 	 2 
160.4151 	 2 
160.4267 	 0 
160.4267 	 1 
160.6240 	 0 
160.6240 	 2 
160.6240 	 1 
160.7866 	 0 
160.7866 	 1 
160.7982 	 2 
161.1465 	 0 
161.1581 	 1 
161.1581 	 2 
161.4019 	 2 
161.4135 	 1 
161.5412 	 2 
161.5412 	 0 
161.5412 	 1 
161.9011 	 2 
161.9011 	 0 
161.9127 	 1 
162.2727 	 2 
162.2727 	 0 
162.2843 	 1 
162.5397 	 2 
162.6442 	 1 
162.6442 	 0 
162.6442 	 2 
162.8880 	 1 
162.8880 	 2 
163.0157 	 0 
163.0157 	 1 
163.0157 	 2 
163.2595 	 1 
163.2595 	 2 
163.3872 	 0 
163.3988 	 1 
163.3988 	 2 
163.7587 	 1 
163.7587 	 2 
163.7587 	 0 
164.1186 	 0 
164.1302 	 1 
164.1302 	 2 
164.3741 	 1 
164.3741 	 2 
164.5018 	 0 
164.5018 	 1 
164.5018 	 2 
164.7456 	 2 
164.8733 	 2 
164.8733 	 0 
164.8733 	 1 
165.2332 	 0 
165.2332 	 1 
165.2332 	 2 
165.4886 	 2 
165.6047 	 0 
165.6047 	 1 
165.6047 	 2 
165.8485 	 2 
165.9762 	 0 
165.9878 	 1 
165.9878 	 2 
166.2200 	 2 
166.2200 	 1 
166.3594 	 2 
166.3594 	 1 
166.7193 	 0 
166.7193 	 2 
166.7193 	 1 
167.0908 	 1 
167.0908 	 2 
167.0908 	 0 
167.3346 	 2 
167.3346 	 1 
167.4623 	 0 
167.4623 	 1 
167.4623 	 2 
167.8222 	 0 
167.8338 	 1 
167.8338 	 2 
168.0893 	 2 
168.1937 	 1 
168.1937 	 0 
168.2054 	 2 
168.5653 	 2 
168.5769 	 1 
168.8207 	 2 
168.8207 	 1 
168.9484 	 0 
168.9484 	 1 
168.9484 	 2 
169.1806 	 2 
169.1922 	 1 
169.3199 	 0 
169.3199 	 1 
169.3199 	 2 
169.6798 	 2 
169.6798 	 0 
169.6798 	 1 
170.0513 	 1 
170.0513 	 2 
170.0513 	 0 
170.2951 	 2 
170.4345 	 0 
170.4345 	 2 
170.4345 	 1 
170.7944 	 0 
170.7944 	 2 
170.7944 	 1 
171.1311 	 1 
171.1427 	 0 
171.1427 	 2 
171.3981 	 2 
171.5258 	 0 
171.5374 	 2 
171.5374 	 1 
171.7812 	 0 
171.7812 	 2 
171.7812 	 1 
171.9089 	 0 
171.9089 	 2 
171.9089 	 1 
172.1527 	 0 
172.1527 	 2 
172.2805 	 1 
172.2805 	 0 
172.2805 	 2 
172.3269 	 2 
172.4082 	 2 
172.6404 	 0 
172.6520 	 1 
172.6520 	 2 
173.0119 	 2 
173.0119 	 0 
173.0235 	 1 
173.2557 	 2 
173.3950 	 2 
173.4066 	 1 
173.4066 	 0 
173.5227 	 2 
173.7549 	 2 
173.7549 	 0 
173.7665 	 1 
174.1148 	 2 
174.1148 	 0 
174.1264 	 1 
174.1613 	 2 
174.1613 	 1 
174.4980 	 0 
174.4980 	 1 
174.5096 	 2 
174.7418 	 1 
174.7418 	 2 
174.8695 	 2 
174.8695 	 1 
174.8811 	 0 
175.1133 	 2 
175.1133 	 1 
175.2410 	 0 
175.2410 	 2 
175.2526 	 1 
175.6009 	 1 
175.6009 	 0 
175.6125 	 2 
175.9724 	 0 
175.9840 	 1 
175.9840 	 2 
176.2162 	 1 
176.2162 	 2 
176.3556 	 0 
176.3556 	 1 
176.3556 	 2 
176.5994 	 2 
176.7155 	 0 
176.7271 	 1 
176.7271 	 2 
177.0870 	 0 
177.0870 	 2 
177.0870 	 1 
177.4585 	 1 
177.4585 	 2 
177.7023 	 2 
177.7023 	 1 
177.8416 	 2 
177.8416 	 1 
177.8416 	 0 
178.0738 	 1 
178.0738 	 2 
178.2015 	 0 
178.2015 	 1 
178.2132 	 2 
178.5731 	 2 
178.5731 	 0 
178.5731 	 1 
178.9446 	 0 
178.9446 	 2 
178.9446 	 1 
179.1884 	 1 
179.1884 	 2 
179.3161 	 2 
179.3161 	 1 
179.3161 	 0 
179.9430 	 1 
179.9546 	 2 
180.5584 	 2 
181.8006 	 2 
182.0096 	 2 
