1.0217 	 1 
2.0201 	 1 
2.3917 	 1 
3.8661 	 1 
7.9528 	 0 
8.4172 	 0 
8.6494 	 1 
8.9165 	 0 
9.2880 	 0 
9.6363 	 1 
9.6479 	 0 
10.1587 	 0 
10.2632 	 1 
10.3793 	 0 
10.8785 	 0 
10.9946 	 1 
11.2501 	 1 
11.2617 	 0 
11.6216 	 0 
11.6216 	 1 
11.7493 	 0 
12.1092 	 1 
12.1324 	 0 
12.3414 	 2 
12.3414 	 0 
12.7129 	 2 
12.8522 	 0 
13.0844 	 2 
13.2238 	 0 
13.5837 	 0 
13.8391 	 1 
13.8623 	 0 
14.3151 	 1 
14.3151 	 0 
14.8027 	 1 
14.8143 	 0 
15.1742 	 0 
15.1742 	 1 
15.5574 	 0 
15.6619 	 0 
15.8244 	 0 
16.3004 	 0 
16.7880 	 0 
17.7284 	 1 
17.7865 	 0 
17.8794 	 1 
18.0071 	 1 
18.0187 	 0 
18.1348 	 2 
18.2277 	 1 
18.2857 	 0 
18.5179 	 0 
18.7617 	 0 
18.8662 	 1 
19.0288 	 0 
19.2261 	 2 
19.2610 	 0 
19.5048 	 0 
19.7370 	 0 
20.0272 	 0 
20.2710 	 2 
20.4800 	 0 
20.6541 	 2 
20.8631 	 2 
21.3972 	 2 
22.4653 	 1 
23.6379 	 0 
24.1255 	 1 
24.4854 	 0 
24.8454 	 0 
25.0892 	 1 
25.3330 	 0 
25.4491 	 1 
25.5768 	 0 
26.0528 	 1 
26.4243 	 0 
26.7842 	 0 
27.0280 	 1 
27.2718 	 0 
27.3879 	 0 
27.5156 	 0 
27.9917 	 1 
28.3516 	 0 
28.7231 	 0 
28.9553 	 1 
29.1991 	 0 
29.3152 	 1 
29.4429 	 0 
29.9305 	 1 
30.0582 	 2 
30.2904 	 0 
30.6503 	 0 
30.8941 	 1 
31.2889 	 1 
31.3818 	 0 
31.8578 	 1 
32.2293 	 0 
32.5892 	 0 
32.8214 	 1 
33.0768 	 0 
33.1813 	 1 
33.3090 	 0 
33.7966 	 1 
34.1682 	 0 
34.5281 	 0 
34.7603 	 1 
35.0041 	 1 
35.0041 	 0 
35.1318 	 1 
35.1318 	 0 
35.2479 	 2 
35.2479 	 0 
35.2595 	 1 
35.4801 	 2 
35.7239 	 2 
35.7355 	 1 
35.9677 	 2 
35.9677 	 1 
36.0954 	 0 
36.2115 	 0 
36.4437 	 2 
36.4553 	 0 
36.6875 	 1 
36.6875 	 2 
36.9197 	 2 
36.9313 	 0 
37.0590 	 1 
37.1751 	 2 
37.1868 	 0 
37.4190 	 0 
37.4190 	 2 
37.6512 	 2 
37.6512 	 1 
37.6628 	 0 
37.8950 	 2 
38.1504 	 2 
38.1504 	 0 
38.2665 	 2 
38.3942 	 0 
38.3942 	 2 
38.6264 	 2 
38.6264 	 1 
38.8702 	 2 
39.1024 	 2 
39.1140 	 1 
39.1140 	 0 
39.3462 	 2 
39.3578 	 0 
39.5552 	 2 
39.6016 	 1 
39.8338 	 2 
39.9732 	 0 
40.0776 	 2 
40.0893 	 0 
40.3215 	 2 
40.3331 	 0 
40.5537 	 2 
40.5653 	 1 
40.7975 	 2 
40.8091 	 0 
40.9252 	 1 
41.0413 	 2 
41.0529 	 0 
41.2851 	 2 
41.2967 	 0 
41.5289 	 2 
41.5289 	 1 
41.7727 	 2 
41.9004 	 0 
42.0165 	 2 
42.2487 	 2 
42.2603 	 0 
42.3648 	 1 
42.3764 	 2 
42.3880 	 0 
42.4925 	 1 
42.4925 	 2 
42.7363 	 2 
42.7363 	 0 
42.8640 	 0 
42.8756 	 1 
42.9801 	 2 
42.9917 	 0 
42.9917 	 1 
43.2123 	 2 
43.2356 	 1 
43.3633 	 2 
43.4794 	 1 
43.7116 	 2 
43.8277 	 0 
43.8509 	 2 
43.9322 	 2 
44.1876 	 2 
44.1992 	 0 
44.4314 	 2 
44.4314 	 1 
44.6752 	 2 
44.6752 	 0 
44.8029 	 1 
44.9190 	 0 
44.9190 	 2 
45.0932 	 2 
45.1628 	 0 
45.1628 	 1 
45.1744 	 2 
45.3950 	 2 
45.3950 	 1 
45.3950 	 0 
45.6388 	 2 
45.8826 	 2 
45.8942 	 0 
46.1148 	 1 
46.1264 	 0 
46.1264 	 2 
46.3702 	 1 
46.6024 	 2 
46.8114 	 2 
46.8579 	 0 
47.1017 	 0 
47.3339 	 1 
47.3455 	 2 
47.5777 	 2 
47.7054 	 0 
47.8215 	 2 
47.8331 	 0 
48.0653 	 0 
48.0653 	 2 
48.2975 	 2 
48.3091 	 1 
48.5529 	 0 
48.5529 	 2 
48.6690 	 1 
48.7851 	 2 
48.7967 	 0 
49.0289 	 2 
49.0405 	 0 
49.2727 	 2 
49.2727 	 1 
49.5049 	 2 
49.6559 	 0 
49.7604 	 2 
49.9926 	 2 
50.0042 	 0 
50.2364 	 2 
50.2364 	 1 
50.4570 	 2 
50.7124 	 2 
50.7240 	 0 
50.7356 	 1 
50.9678 	 2 
51.2000 	 2 
51.2116 	 1 
51.3974 	 1 
51.4438 	 2 
51.5715 	 0 
51.6876 	 2 
51.6992 	 0 
51.9198 	 2 
51.9430 	 0 
52.1636 	 2 
52.1752 	 1 
52.4074 	 2 
52.4190 	 0 
52.5351 	 1 
52.6745 	 0 
52.8951 	 2 
52.9067 	 0 
53.1389 	 1 
53.1389 	 2 
53.3827 	 2 
53.5104 	 0 
53.6149 	 2 
53.6265 	 0 
53.7194 	 1 
53.8587 	 2 
53.8703 	 0 
54.1025 	 1 
54.1025 	 2 
54.3347 	 1 
54.3579 	 2 
54.5785 	 2 
54.6017 	 0 
54.8455 	 0 
55.0777 	 1 
55.0777 	 2 
55.3215 	 2 
55.4609 	 0 
55.5537 	 2 
55.5654 	 0 
55.7976 	 2 
55.8092 	 0 
56.0414 	 2 
56.0530 	 1 
56.2852 	 2 
56.2968 	 0 
56.5290 	 2 
56.5290 	 0 
56.7728 	 2 
56.7844 	 0 
57.0050 	 2 
57.0166 	 1 
57.2488 	 2 
57.3765 	 1 
57.3881 	 0 
57.4926 	 2 
57.5042 	 1 
57.7364 	 2 
57.7480 	 0 
57.8641 	 2 
57.9802 	 1 
57.9802 	 2 
58.0615 	 1 
58.2240 	 2 
58.2240 	 0 
58.4678 	 0 
58.4678 	 2 
58.4678 	 1 
58.6884 	 2 
58.9090 	 1 
58.9439 	 2 
59.1877 	 2 
59.3154 	 0 
59.4083 	 2 
59.6637 	 2 
59.6753 	 0 
59.8959 	 2 
59.9191 	 2 
59.9191 	 1 
60.1397 	 2 
60.1629 	 0 
60.2906 	 1 
60.3951 	 2 
60.4183 	 0 
60.6273 	 2 
60.6505 	 0 
60.8827 	 2 
60.8827 	 1 
61.1265 	 2 
61.2542 	 0 
61.3703 	 2 
61.3703 	 0 
61.6025 	 2 
61.6141 	 0 
61.8463 	 2 
61.8463 	 1 
62.0902 	 2 
62.3107 	 2 
62.3456 	 0 
62.5778 	 0 
62.8100 	 2 
62.8216 	 1 
63.0538 	 2 
63.2976 	 2 
63.3092 	 0 
63.5414 	 2 
63.5530 	 0 
63.7852 	 2 
63.7968 	 1 
64.0290 	 0 
64.0290 	 2 
64.1567 	 1 
64.2612 	 2 
64.2728 	 0 
64.2728 	 1 
64.5050 	 2 
64.5166 	 0 
64.7488 	 2 
64.7605 	 1 
65.0043 	 2 
65.1320 	 0 
65.2365 	 2 
65.3642 	 2 
65.3642 	 1 
65.4803 	 2 
65.4919 	 0 
65.6080 	 2 
65.6080 	 0 
65.7241 	 2 
65.7357 	 1 
65.8518 	 2 
65.9563 	 0 
65.9679 	 2 
65.9911 	 1 
66.0956 	 2 
66.0956 	 0 
66.2117 	 2 
66.4439 	 2 
66.4555 	 1 
66.6993 	 1 
66.9315 	 2 
67.0592 	 0 
67.1753 	 0 
67.1753 	 2 
67.1869 	 1 
67.3030 	 2 
67.4191 	 2 
67.4307 	 0 
67.6513 	 2 
67.6629 	 1 
67.8951 	 2 
67.9068 	 0 
68.0112 	 1 
68.1273 	 1 
68.1506 	 2 
68.1506 	 0 
68.3828 	 0 
68.3828 	 2 
68.4989 	 2 
68.6266 	 1 
68.6266 	 2 
68.6382 	 0 
68.8704 	 2 
69.1026 	 2 
69.1142 	 0 
69.2303 	 2 
69.2303 	 1 
69.3580 	 2 
69.3580 	 0 
69.5902 	 1 
69.5902 	 2 
69.6831 	 1 
69.8340 	 2 
70.0430 	 2 
70.0778 	 0 
70.0894 	 1 
70.3216 	 0 
70.5538 	 2 
70.7976 	 2 
70.9370 	 0 
71.0415 	 2 
71.0531 	 0 
71.2853 	 2 
71.2969 	 0 
71.5291 	 1 
71.5291 	 2 
71.7729 	 0 
71.7729 	 2 
71.9006 	 1 
72.0051 	 2 
72.0167 	 0 
72.2489 	 2 
72.4927 	 1 
72.4927 	 2 
72.7365 	 2 
72.8758 	 0 
72.9803 	 1 
72.9803 	 2 
73.2241 	 2 
73.2357 	 0 
73.3402 	 2 
73.4679 	 1 
73.4679 	 2 
73.5956 	 2 
73.7117 	 2 
73.7117 	 0 
73.9439 	 2 
73.9556 	 0 
74.1761 	 2 
74.4316 	 2 
74.4316 	 1 
74.6754 	 2 
74.8031 	 0 
74.9076 	 2 
74.9192 	 1 
75.1514 	 2 
75.1630 	 0 
75.2675 	 2 
75.4068 	 1 
75.4068 	 2 
75.6390 	 2 
75.6506 	 0 
75.8828 	 2 
75.8828 	 0 
76.1266 	 1 
76.1266 	 0 
76.3588 	 2 
76.3704 	 0 
76.3704 	 1 
76.6142 	 2 
76.8464 	 2 
76.8580 	 0 
76.9741 	 2 
77.0902 	 1 
77.1019 	 0 
77.1019 	 2 
77.3341 	 2 
77.3341 	 0 
77.3341 	 1 
77.8217 	 2 
77.8217 	 0 
77.8217 	 1 
78.0655 	 0 
78.2745 	 2 
78.3093 	 1 
78.5415 	 2 
78.6808 	 0 
78.7853 	 2 
78.7969 	 0 
79.0291 	 2 
79.0407 	 0 
79.2729 	 2 
79.2845 	 1 
79.5167 	 2 
79.5167 	 0 
79.6328 	 1 
79.7605 	 2 
79.7605 	 0 
79.9927 	 2 
80.0044 	 0 
80.0044 	 1 
80.2366 	 2 
80.2366 	 1 
80.4804 	 2 
80.6197 	 0 
80.7242 	 2 
80.9564 	 2 
80.9680 	 0 
81.0957 	 0 
81.2002 	 2 
81.2118 	 1 
81.2931 	 1 
81.4440 	 0 
81.6878 	 2 
81.6994 	 0 
81.9316 	 2 
82.1754 	 2 
82.1754 	 1 
82.4192 	 2 
82.5469 	 0 
82.6630 	 0 
82.6630 	 2 
82.8952 	 2 
82.9068 	 0 
83.1390 	 2 
83.1390 	 1 
83.3829 	 2 
83.3829 	 0 
83.4990 	 1 
83.6267 	 2 
83.6383 	 0 
83.6383 	 1 
83.8705 	 0 
83.8705 	 2 
83.9866 	 1 
84.1027 	 2 
84.1143 	 1 
84.3581 	 2 
84.4858 	 0 
84.5903 	 2 
84.6019 	 0 
84.8341 	 2 
84.8457 	 0 
85.0779 	 1 
85.0779 	 2 
85.3217 	 2 
85.5539 	 2 
85.5655 	 0 
85.7861 	 2 
85.8093 	 0 
85.9254 	 1 
86.0415 	 2 
86.0532 	 1 
86.2854 	 2 
86.4247 	 0 
86.5292 	 2 
86.5408 	 0 
86.7730 	 0 
86.7730 	 2 
87.0052 	 2 
87.0168 	 1 
87.2606 	 0 
87.2606 	 2 
87.4928 	 2 
87.5044 	 0 
87.7366 	 2 
87.7482 	 0 
87.9804 	 2 
87.9804 	 1 
88.2126 	 2 
88.3403 	 1 
88.3519 	 0 
88.4680 	 2 
88.7002 	 2 
88.7118 	 0 
88.8279 	 2 
88.9440 	 2 
88.9440 	 1 
89.1878 	 2 
89.1878 	 0 
89.3272 	 0 
89.4200 	 2 
89.4433 	 0 
89.6639 	 2 
89.6755 	 1 
89.9193 	 2 
89.9193 	 1 
90.1515 	 2 
90.2792 	 0 
90.3953 	 2 
90.4069 	 1 
90.6391 	 2 
90.6507 	 0 
90.8829 	 2 
90.8829 	 1 
91.1151 	 2 
91.1267 	 0 
91.2544 	 1 
91.3705 	 2 
91.3821 	 0 
91.6027 	 2 
91.6259 	 0 
91.8465 	 2 
91.8465 	 1 
92.0903 	 2 
92.3341 	 2 
92.3458 	 0 
92.5547 	 2 
92.5896 	 0 
92.5896 	 2 
92.8102 	 2 
92.8102 	 1 
93.0656 	 2 
93.2978 	 2 
93.3094 	 0 
93.5416 	 2 
93.5532 	 0 
93.7854 	 1 
93.7854 	 2 
94.0176 	 2 
94.2730 	 2 
94.5168 	 2 
94.5168 	 0 
94.7490 	 2 
94.7606 	 1 
94.9928 	 2 
94.9928 	 0 
95.1205 	 1 
95.2366 	 2 
95.2483 	 0 
95.4805 	 2 
95.4921 	 0 
95.7243 	 1 
95.7243 	 2 
95.9681 	 2 
96.0958 	 0 
96.2003 	 2 
96.4441 	 2 
96.4557 	 0 
96.5834 	 0 
96.6879 	 2 
96.6879 	 1 
96.9317 	 0 
96.9317 	 2 
97.1755 	 0 
97.4077 	 2 
97.6515 	 2 
97.6515 	 0 
97.6631 	 1 
97.8837 	 2 
98.1507 	 0 
98.3829 	 2 
98.3946 	 0 
98.6151 	 1 
98.6151 	 2 
98.8590 	 2 
98.8706 	 0 
98.9867 	 1 
99.1028 	 1 
99.1144 	 0 
99.1144 	 2 
99.3466 	 2 
99.3466 	 0 
99.5904 	 1 
99.5904 	 2 
99.8342 	 2 
99.9619 	 0 
100.0664 	 2 
100.0780 	 0 
100.3102 	 2 
100.3218 	 0 
100.5540 	 2 
100.5656 	 1 
100.8094 	 2 
101.0416 	 2 
101.0532 	 0 
101.2738 	 2 
101.2971 	 0 
101.5293 	 1 
101.5293 	 2 
101.7731 	 2 
101.9008 	 0 
102.0053 	 2 
102.1214 	 1 
102.2375 	 2 
102.2491 	 0 
102.4929 	 2 
102.4929 	 1 
102.7251 	 2 
102.7483 	 0 
102.8528 	 1 
102.9805 	 2 
102.9921 	 0 
103.2243 	 2 
103.2359 	 0 
103.4681 	 1 
103.4681 	 2 
103.7119 	 2 
103.8280 	 1 
103.8396 	 0 
103.9557 	 2 
104.0718 	 1 
104.1879 	 2 
104.1995 	 0 
104.3040 	 2 
104.4317 	 2 
104.4317 	 1 
104.5014 	 1 
104.6639 	 2 
104.6756 	 0 
104.9078 	 2 
104.9310 	 0 
104.9310 	 1 
105.1632 	 2 
105.3954 	 2 
105.4070 	 1 
105.6392 	 2 
105.7669 	 0 
105.8714 	 1 
105.8830 	 0 
105.8830 	 2 
106.1268 	 0 
106.1268 	 2 
106.3590 	 2 
106.3706 	 1 
106.6028 	 2 
106.6144 	 0 
106.7305 	 1 
106.8698 	 0 
107.0904 	 2 
107.1020 	 0 
107.3226 	 2 
107.5780 	 2 
107.6941 	 0 
107.8219 	 0 
107.8219 	 2 
108.0541 	 2 
108.0657 	 0 
108.2979 	 1 
108.2979 	 2 
108.5417 	 2 
108.7739 	 2 
108.7971 	 0 
109.0177 	 2 
109.0409 	 0 
109.1454 	 1 
109.2615 	 2 
109.2731 	 1 
109.5169 	 2 
109.6446 	 0 
109.7259 	 2 
109.7607 	 0 
109.8768 	 2 
109.9929 	 2 
110.0045 	 0 
110.2367 	 1 
110.2367 	 2 
110.4805 	 2 
110.4922 	 0 
110.7127 	 2 
110.7360 	 0 
110.9682 	 2 
110.9682 	 0 
111.2004 	 2 
111.2120 	 1 
111.4442 	 2 
111.5835 	 0 
111.6880 	 2 
111.6996 	 1 
111.9318 	 2 
111.9434 	 0 
112.0595 	 1 
112.0595 	 2 
112.0595 	 0 
112.1756 	 2 
112.1756 	 1 
112.4194 	 2 
112.4194 	 0 
112.6632 	 2 
112.6748 	 0 
112.9070 	 2 
113.1508 	 1 
113.3830 	 2 
113.4991 	 0 
113.6152 	 2 
113.8590 	 2 
113.8707 	 0 
114.1029 	 2 
114.1145 	 1 
114.3467 	 2 
114.3583 	 0 
114.4744 	 1 
114.5905 	 0 
114.8343 	 2 
114.8459 	 0 
115.0781 	 1 
115.0781 	 2 
115.3219 	 2 
115.5541 	 2 
115.5657 	 0 
115.7979 	 2 
115.8095 	 0 
116.0417 	 2 
116.0417 	 1 
116.2855 	 2 
116.5293 	 2 
116.5410 	 0 
116.7615 	 2 
116.7732 	 0 
117.0054 	 2 
117.0170 	 1 
117.2492 	 2 
117.3885 	 0 
117.4930 	 2 
117.5046 	 0 
117.7368 	 2 
117.7484 	 0 
117.9806 	 2 
117.9806 	 1 
118.2128 	 2 
118.2244 	 0 
118.3405 	 1 
118.4682 	 0 
118.4682 	 2 
118.7004 	 2 
118.7120 	 0 
118.9326 	 1 
118.9326 	 2 
119.1880 	 2 
119.3041 	 1 
119.3157 	 0 
119.4318 	 2 
119.6640 	 2 
119.6756 	 0 
119.8034 	 0 
119.8034 	 2 
119.9195 	 1 
119.9195 	 2 
120.1517 	 2 
120.1633 	 0 
120.3955 	 2 
120.4071 	 1 
120.4071 	 0 
120.6393 	 2 
120.8715 	 2 
120.8831 	 1 
121.1385 	 2 
121.3707 	 2 
121.6029 	 2 
121.6145 	 0 
121.8467 	 2 
121.8583 	 1 
122.0905 	 2 
122.1021 	 0 
122.2182 	 1 
122.3459 	 0 
122.5665 	 2 
122.5781 	 0 
122.8103 	 1 
122.8103 	 2 
123.0658 	 2 
123.2980 	 2 
123.3096 	 0 
123.5418 	 2 
123.5418 	 1 
123.5534 	 0 
123.7740 	 2 
123.7740 	 1 
124.0294 	 2 
124.2732 	 0 
124.5170 	 2 
124.5286 	 0 
124.7492 	 1 
124.7492 	 2 
124.9698 	 1 
124.9930 	 2 
125.1323 	 0 
125.2368 	 0 
125.4806 	 2 
125.4922 	 0 
125.7128 	 2 
125.7244 	 1 
125.9683 	 2 
125.9683 	 0 
126.0727 	 1 
126.2005 	 2 
126.2121 	 0 
126.4443 	 2 
126.4443 	 0 
126.6416 	 2 
126.6881 	 2 
126.6997 	 1 
126.9319 	 2 
127.0596 	 0 
127.1641 	 2 
127.4195 	 0 
127.4195 	 2 
127.5472 	 0 
127.6517 	 2 
127.7330 	 1 
127.8955 	 0 
127.8955 	 2 
128.1509 	 0 
128.6269 	 2 
128.6385 	 1 
128.8591 	 0 
128.8591 	 2 
129.1029 	 2 
129.1146 	 0 
129.3351 	 2 
129.5906 	 2 
129.5906 	 0 
129.5906 	 1 
129.8344 	 2 
129.9621 	 1 
130.0666 	 2 
130.0782 	 0 
130.3104 	 2 
130.3220 	 0 
130.5542 	 2 
130.5658 	 1 
130.7980 	 2 
130.8096 	 0 
130.9373 	 0 
131.0418 	 2 
131.2856 	 2 
131.2972 	 0 
131.5178 	 2 
131.5294 	 1 
131.7616 	 2 
132.0054 	 2 
132.0171 	 0 
132.2493 	 2 
132.4931 	 2 
132.5047 	 1 
132.7253 	 2 
132.7253 	 1 
132.8646 	 0 
132.9691 	 2 
132.9807 	 0 
133.2129 	 2 
133.4567 	 2 
133.4799 	 1 
133.7005 	 2 
133.7121 	 0 
133.8282 	 1 
133.9443 	 2 
133.9559 	 0 
134.1881 	 2 
134.1997 	 0 
134.4203 	 2 
134.4319 	 1 
134.6757 	 2 
134.8151 	 0 
134.9079 	 2 
135.1517 	 2 
135.1634 	 0 
135.3956 	 2 
135.3956 	 1 
135.6278 	 2 
135.8832 	 2 
135.8832 	 0 
136.0109 	 2 
136.1270 	 2 
136.3708 	 1 
136.3708 	 0 
136.3708 	 2 
136.6146 	 2 
136.7423 	 0 
136.8468 	 2 
137.0906 	 2 
137.1022 	 0 
137.3344 	 1 
137.3344 	 2 
137.5782 	 2 
137.5898 	 0 
137.6943 	 1 
137.8220 	 2 
137.8220 	 0 
138.0542 	 2 
138.0659 	 0 
138.2980 	 2 
138.3097 	 1 
138.5419 	 2 
138.6812 	 0 
138.7973 	 0 
138.7973 	 2 
138.9018 	 1 
138.9134 	 2 
139.0411 	 0 
139.2501 	 2 
139.2733 	 1 
139.3313 	 1 
139.5055 	 2 
139.7377 	 2 
139.7493 	 1 
139.7609 	 0 
139.9931 	 2 
140.0047 	 0 
140.2369 	 2 
140.2485 	 1 
140.4807 	 2 
140.6200 	 0 
140.7245 	 2 
140.9683 	 2 
140.9800 	 0 
141.2005 	 2 
141.2122 	 1 
141.4444 	 2 
141.4560 	 0 
141.5837 	 1 
141.6882 	 2 
141.6998 	 0 
141.9320 	 2 
141.9436 	 0 
142.1758 	 1 
142.1758 	 2 
142.4196 	 2 
142.5473 	 0 
142.6634 	 2 
142.7795 	 1 
142.7795 	 2 
142.9072 	 0 
142.9072 	 2 
143.0233 	 2 
143.1394 	 1 
143.1394 	 2 
143.3948 	 0 
143.6038 	 2 
143.6270 	 0 
144.1030 	 2 
144.1146 	 1 
144.3585 	 2 
144.4746 	 0 
144.5907 	 2 
144.8461 	 0 
145.0783 	 2 
145.0783 	 1 
145.3105 	 2 
145.3221 	 0 
145.4382 	 1 
145.5659 	 2 
145.5659 	 0 
145.7865 	 2 
145.8097 	 0 
146.0419 	 2 
146.0419 	 1 
146.0419 	 0 
146.2857 	 2 
146.5295 	 2 
146.5295 	 1 
146.5411 	 0 
146.7617 	 2 
146.7733 	 0 
147.0055 	 2 
147.0171 	 1 
147.2493 	 2 
147.4932 	 2 
147.5048 	 0 
147.7370 	 0 
147.9808 	 1 
147.9808 	 2 
148.2246 	 2 
148.3523 	 0 
148.4568 	 2 
148.4684 	 0 
148.7122 	 2 
148.7122 	 0 
148.9444 	 2 
148.9560 	 1 
149.1882 	 2 
149.1998 	 0 
149.3159 	 1 
149.4320 	 0 
149.4320 	 2 
149.6758 	 2 
149.6758 	 0 
149.9196 	 1 
149.9196 	 2 
150.1518 	 2 
150.2912 	 0 
150.3956 	 2 
150.6278 	 2 
150.6511 	 0 
150.8833 	 2 
150.8833 	 1 
150.9529 	 1 
151.1271 	 2 
151.1271 	 0 
151.2548 	 0 
151.3593 	 2 
151.3825 	 1 
151.3825 	 0 
151.6031 	 2 
151.8469 	 1 
151.8469 	 2 
152.0907 	 2 
152.2300 	 0 
152.3345 	 2 
152.3461 	 0 
152.5783 	 2 
152.5899 	 0 
152.8105 	 2 
152.8221 	 1 
152.9615 	 2 
153.0543 	 2 
153.0659 	 0 
153.3098 	 2 
153.3214 	 0 
153.5303 	 2 
153.5420 	 0 
153.7858 	 2 
153.7858 	 1 
154.0296 	 2 
154.1573 	 0 
154.2385 	 2 
154.2734 	 0 
154.5056 	 2 
154.5172 	 0 
154.7494 	 2 
154.7610 	 1 
155.2370 	 2 
155.2486 	 0 
155.4692 	 2 
155.4808 	 0 
155.7130 	 2 
155.7362 	 1 
155.9568 	 2 
156.0961 	 0 
156.2006 	 2 
156.4444 	 2 
156.4444 	 1 
156.4561 	 0 
156.5373 	 1 
156.6883 	 1 
156.6883 	 2 
156.9321 	 2 
156.9321 	 0 
157.1759 	 2 
157.1759 	 0 
157.4081 	 2 
157.4197 	 0 
157.6519 	 2 
157.6635 	 1 
157.9073 	 2 
158.0350 	 0 
158.1395 	 2 
158.1511 	 1 
158.3833 	 2 
158.3949 	 0 
158.4994 	 2 
158.6271 	 2 
158.6271 	 1 
158.8709 	 0 
158.8709 	 2 
159.1147 	 2 
159.1147 	 0 
159.1147 	 1 
159.3353 	 2 
159.5907 	 2 
159.5907 	 1 
159.8229 	 2 
159.9623 	 0 
160.0784 	 2 
160.3106 	 2 
160.3222 	 0 
160.5544 	 2 
160.5660 	 1 
160.7982 	 2 
160.7982 	 0 
160.9259 	 1 
161.0536 	 2 
161.0536 	 0 
161.2742 	 2 
161.2858 	 0 
161.5180 	 2 
161.5296 	 1 
161.7734 	 2 
161.8663 	 0 
161.9011 	 0 
162.0056 	 2 
162.0172 	 0 
162.2494 	 2 
162.2610 	 0 
162.4932 	 1 
162.4932 	 2 
162.7371 	 2 
162.9809 	 2 
162.9809 	 0 
163.2247 	 2 
163.2247 	 0 
163.4569 	 1 
163.4685 	 2 
163.7007 	 2 
163.8400 	 0 
163.9445 	 2 
163.9561 	 0 
164.1883 	 2 
164.1999 	 0 
164.4321 	 2 
164.4321 	 1 
164.5482 	 1 
164.6759 	 2 
164.6759 	 0 
164.7920 	 1 
164.9081 	 2 
164.9197 	 0 
164.9197 	 1 
165.1519 	 2 
165.1635 	 0 
165.3957 	 1 
165.3957 	 2 
165.6395 	 2 
165.7789 	 0 
165.8834 	 2 
166.1272 	 2 
166.1388 	 0 
166.2549 	 0 
166.3710 	 1 
166.3710 	 2 
166.6032 	 2 
166.6148 	 0 
166.8586 	 0 
167.0908 	 2 
167.3346 	 2 
167.3462 	 1 
167.5088 	 2 
167.5668 	 2 
167.8222 	 0 
167.8222 	 2 
168.0544 	 2 
168.0660 	 0 
168.2982 	 1 
168.2982 	 2 
168.5304 	 2 
168.5420 	 0 
168.7742 	 1 
168.7859 	 2 
168.7975 	 0 
169.0180 	 2 
169.0413 	 0 
169.2735 	 1 
169.2735 	 2 
169.5057 	 2 
169.6450 	 0 
169.7495 	 2 
169.7611 	 0 
169.9933 	 2 
170.0049 	 0 
170.2371 	 2 
170.2487 	 1 
170.4809 	 2 
170.7131 	 1 
170.7247 	 2 
170.7363 	 0 
170.9569 	 2 
170.9685 	 0 
171.2007 	 2 
171.2123 	 1 
171.4445 	 2 
171.5839 	 0 
171.6883 	 2 
171.9205 	 2 
171.9438 	 0 
172.1760 	 1 
172.1760 	 2 
172.4198 	 0 
172.4198 	 2 
172.5475 	 1 
172.6520 	 2 
172.6636 	 0 
172.8958 	 2 
172.9074 	 0 
173.1396 	 2 
173.1396 	 1 
173.3834 	 2 
173.5111 	 1 
173.5227 	 0 
173.6272 	 2 
173.7433 	 1 
173.8710 	 2 
173.8826 	 0 
173.9871 	 2 
174.1148 	 1 
174.1148 	 2 
174.1613 	 1 
174.3586 	 2 
174.3586 	 0 
174.5908 	 2 
174.6024 	 0 
174.6024 	 1 
174.8346 	 2 
175.0785 	 2 
175.0785 	 1 
175.3107 	 2 
175.5545 	 2 
175.7983 	 2 
175.8099 	 0 
176.0421 	 2 
176.0421 	 1 
176.2859 	 0 
176.2859 	 2 
176.5413 	 0 
176.7619 	 2 
176.7851 	 0 
177.0057 	 2 
177.0173 	 1 
177.2495 	 2 
177.2495 	 0 
177.4933 	 0 
177.4933 	 2 
177.7371 	 2 
177.7488 	 0 
177.9810 	 1 
177.9810 	 2 
178.2248 	 2 
178.4686 	 2 
178.4802 	 0 
178.7008 	 2 
178.7124 	 0 
178.9446 	 2 
178.9446 	 1 
179.1884 	 2 
179.3161 	 0 
179.3974 	 2 
179.4322 	 0 
179.6760 	 0 
179.9082 	 2 
179.9198 	 1 
180.1520 	 2 
180.1636 	 0 
180.3958 	 2 
180.4074 	 0 
180.6396 	 2 
180.6512 	 0 
180.8834 	 1 
180.8834 	 2 
181.1156 	 2 
181.2550 	 0 
181.3711 	 1 
181.3711 	 2 
181.6033 	 2 
181.6149 	 0 
181.7426 	 2 
181.7426 	 0 
181.8471 	 1 
181.8587 	 2 
182.0909 	 2 
182.0909 	 0 
182.3347 	 2 
182.3347 	 1 
182.5785 	 2 
182.8107 	 2 
182.8223 	 1 
183.0545 	 2 
183.2983 	 2 
183.3099 	 0 
183.5305 	 2 
183.5421 	 0 
183.7627 	 2 
183.7743 	 1 
184.0181 	 2 
184.0298 	 0 
184.1459 	 1 
184.2736 	 0 
184.5058 	 2 
184.5174 	 0 
184.7496 	 1 
184.7496 	 2 
184.9934 	 2 
185.1211 	 1 
185.1327 	 0 
185.2372 	 1 
185.2372 	 2 
185.2488 	 0 
185.4810 	 2 
185.4926 	 0 
185.7016 	 1 
185.7132 	 2 
185.7712 	 1 
185.9570 	 2 
186.2008 	 2 
186.2124 	 0 
186.4446 	 2 
186.4562 	 0 
186.6768 	 2 
186.6884 	 1 
186.9322 	 2 
187.0600 	 0 
187.0600 	 2 
187.1412 	 2 
187.1761 	 0 
187.3966 	 1 
187.4199 	 0 
187.4199 	 2 
187.6521 	 2 
187.6521 	 1 
187.8959 	 2 
187.9075 	 0 
188.1397 	 2 
188.1513 	 0 
188.3835 	 2 
188.3951 	 0 
188.6157 	 1 
188.6273 	 2 
188.8595 	 2 
188.9988 	 0 
189.1033 	 1 
189.1149 	 2 
189.3471 	 2 
189.3587 	 0 
189.4748 	 0 
189.4864 	 2 
189.5793 	 2 
189.5909 	 1 
189.8347 	 2 
189.8347 	 0 
190.0669 	 2 
190.0785 	 0 
190.0902 	 1 
190.5662 	 1 
190.5662 	 2 
190.7984 	 1 
190.9377 	 0 
191.0538 	 2 
191.2860 	 0 
191.2860 	 2 
191.2860 	 1 
191.5182 	 1 
191.5298 	 2 
191.7736 	 0 
191.7736 	 2 
192.0174 	 2 
192.0174 	 0 
192.2496 	 2 
192.2612 	 0 
192.4934 	 2 
192.5050 	 1 
192.7372 	 2 
192.9810 	 1 
192.9810 	 2 
192.9927 	 0 
193.2132 	 2 
193.2249 	 1 
193.2249 	 0 
193.4687 	 1 
193.4687 	 2 
193.7125 	 2 
193.9447 	 2 
193.9563 	 0 
194.1769 	 2 
194.2001 	 0 
194.4323 	 1 
194.4323 	 2 
194.6761 	 2 
194.8038 	 0 
194.9083 	 2 
194.9199 	 1 
194.9315 	 0 
195.1637 	 0 
195.1637 	 2 
195.3959 	 1 
195.3959 	 2 
195.6397 	 0 
195.6397 	 2 
195.7674 	 1 
195.8835 	 2 
195.8951 	 0 
196.1157 	 2 
196.1273 	 0 
196.3247 	 2 
196.3712 	 2 
196.3712 	 1 
196.6034 	 2 
196.7427 	 0 
196.8588 	 2 
197.0910 	 2 
197.1026 	 0 
197.2071 	 1 
197.2071 	 2 
197.3232 	 2 
197.3232 	 1 
197.3928 	 1 
197.5670 	 2 
197.5786 	 0 
197.8108 	 1 
197.8340 	 0 
198.2984 	 2 
198.2984 	 1 
198.5422 	 2 
198.7744 	 2 
198.7976 	 0 
199.0182 	 2 
199.2620 	 2 
199.2620 	 1 
199.5059 	 2 
199.7497 	 2 
199.7613 	 0 
199.9935 	 2 
200.0051 	 0 
200.2257 	 2 
200.2257 	 0 
200.2373 	 1 
200.4811 	 2 
200.4927 	 0 
200.6204 	 0 
200.7249 	 2 
200.7365 	 1 
200.9571 	 2 
200.9687 	 0 
201.2009 	 2 
201.2125 	 1 
201.4447 	 2 
201.4563 	 0 
201.6885 	 1 
201.6885 	 2 
201.7001 	 0 
201.9323 	 0 
201.9323 	 2 
202.1761 	 1 
202.1761 	 0 
202.1761 	 2 
202.4083 	 2 
202.5477 	 0 
202.6522 	 2 
202.6638 	 1 
202.6638 	 0 
202.8960 	 2 
202.9076 	 0 
203.1398 	 1 
203.1398 	 2 
203.3836 	 2 
203.3952 	 0 
203.5113 	 1 
203.6158 	 2 
203.6274 	 0 
203.8596 	 2 
203.8712 	 0 
204.1034 	 1 
204.1034 	 2 
204.3472 	 0 
204.3472 	 2 
204.4865 	 0 
204.5910 	 2 
204.8232 	 2 
204.8348 	 0 
204.9509 	 2 
205.0786 	 2 
205.0786 	 1 
205.3224 	 0 
205.3224 	 2 
205.5663 	 0 
205.5663 	 1 
205.5663 	 2 
