0.1858 	 0 
0.1858 	 1 
0.3019 	 1 
0.4063 	 1 
0.5224 	 1 
0.6269 	 1 
0.6269 	 0 
0.8475 	 0 
0.8591 	 1 
1.1842 	 1 
1.3119 	 1 
1.5209 	 0 
1.5209 	 1 
1.7415 	 1 
1.9621 	 0 
2.8677 	 1 
3.1115 	 1 
3.7500 	 0 
3.9590 	 2 
4.1796 	 0 
4.1796 	 1 
4.1912 	 2 
4.4002 	 2 
4.6208 	 0 
4.6208 	 2 
4.8530 	 2 
4.9575 	 1 
4.9575 	 2 
5.0736 	 2 
5.0736 	 1 
5.0736 	 0 
5.2941 	 2 
5.5147 	 0 
5.5147 	 2 
5.7353 	 2 
5.9559 	 0 
5.9559 	 1 
5.9559 	 2 
6.1881 	 2 
6.4087 	 2 
6.4087 	 0 
6.6293 	 2 
6.8499 	 2 
6.8499 	 0 
6.8499 	 1 
7.0705 	 2 
7.2911 	 2 
7.2911 	 0 
7.5117 	 2 
7.7439 	 1 
7.7439 	 0 
7.7439 	 2 
7.9644 	 2 
8.0805 	 1 
8.1734 	 2 
8.1850 	 0 
8.4056 	 2 
8.5217 	 1 
8.6262 	 0 
8.6262 	 1 
8.6378 	 2 
8.7423 	 2 
8.8584 	 1 
8.8584 	 2 
9.0674 	 0 
9.0674 	 1 
9.0906 	 2 
9.1951 	 1 
9.2996 	 1 
9.4041 	 1 
9.5202 	 1 
9.5202 	 0 
9.7408 	 2 
9.7408 	 1 
9.7408 	 0 
9.8685 	 1 
9.9614 	 0 
10.0775 	 1 
10.1936 	 1 
10.4025 	 0 
10.4141 	 1 
10.5186 	 1 
10.6347 	 1 
10.8437 	 0 
11.0643 	 2 
11.2965 	 0 
11.2965 	 2 
11.2965 	 1 
11.5171 	 2 
11.7377 	 0 
11.7377 	 2 
11.9583 	 2 
12.0744 	 2 
12.1789 	 0 
12.1905 	 2 
12.1905 	 1 
12.4111 	 2 
12.6200 	 0 
12.6200 	 2 
12.6317 	 1 
12.8406 	 2 
12.8406 	 0 
12.8522 	 1 
13.0728 	 0 
13.0728 	 2 
13.0728 	 1 
13.2934 	 2 
13.5140 	 0 
13.5140 	 2 
13.5256 	 1 
13.7346 	 2 
13.9668 	 1 
13.9668 	 0 
13.9668 	 2 
14.1874 	 2 
14.3964 	 0 
14.3964 	 2 
14.4080 	 1 
14.6170 	 2 
14.8492 	 1 
14.8492 	 0 
14.8492 	 2 
15.0698 	 2 
15.0814 	 1 
15.2903 	 0 
15.2903 	 2 
15.3020 	 1 
15.4993 	 2 
15.7431 	 2 
15.7431 	 1 
15.7431 	 0 
15.9521 	 2 
16.1843 	 2 
16.1843 	 1 
16.1843 	 0 
16.4049 	 2 
16.6255 	 2 
16.6255 	 0 
16.6255 	 1 
16.8461 	 2 
17.0667 	 2 
17.0783 	 0 
17.0783 	 1 
17.2873 	 2 
17.4034 	 2 
17.5195 	 1 
17.5195 	 2 
17.5195 	 0 
17.7400 	 2 
17.9606 	 0 
17.9722 	 1 
18.1812 	 2 
18.4018 	 2 
18.4018 	 1 
18.4018 	 0 
18.6224 	 2 
18.8430 	 2 
18.8546 	 1 
18.8546 	 0 
19.0636 	 2 
19.1797 	 2 
19.2958 	 0 
19.2958 	 1 
19.2958 	 2 
19.5164 	 2 
19.7370 	 0 
19.7370 	 2 
19.9576 	 2 
20.1781 	 1 
20.1781 	 2 
20.1781 	 0 
20.3987 	 2 
20.6193 	 2 
20.6309 	 1 
20.6309 	 0 
20.8515 	 1 
20.8515 	 2 
21.0721 	 0 
21.0721 	 2 
21.0721 	 1 
21.2927 	 2 
21.5133 	 0 
21.5133 	 2 
21.5133 	 1 
21.6294 	 1 
21.9545 	 0 
21.9661 	 1 
22.1867 	 1 
22.1867 	 0 
22.3028 	 1 
22.6395 	 1 
22.8484 	 0 
22.8484 	 1 
22.9645 	 1 
23.1851 	 0 
23.2316 	 1 
23.2896 	 0 
23.3477 	 2 
23.5102 	 2 
23.6263 	 2 
23.7424 	 1 
23.7424 	 2 
23.7424 	 0 
23.9630 	 2 
24.1836 	 0 
24.1836 	 2 
24.4042 	 2 
24.5203 	 2 
24.6248 	 0 
24.6248 	 2 
24.6248 	 1 
24.8454 	 2 
25.0659 	 0 
25.0659 	 2 
25.2865 	 2 
25.5071 	 1 
25.5187 	 0 
25.5187 	 2 
25.7393 	 2 
25.9599 	 2 
25.9599 	 0 
26.1805 	 2 
26.4011 	 2 
26.4011 	 0 
26.4127 	 1 
26.6217 	 2 
26.8423 	 2 
26.8539 	 0 
27.0629 	 2 
27.2951 	 0 
27.2951 	 2 
27.2951 	 1 
27.5156 	 2 
27.7362 	 0 
27.7362 	 2 
27.9452 	 2 
28.0729 	 2 
28.1774 	 2 
28.1774 	 0 
28.1890 	 1 
28.3864 	 2 
28.6302 	 2 
28.6302 	 0 
28.8508 	 2 
29.0714 	 2 
29.0714 	 1 
29.0714 	 0 
29.2920 	 2 
29.5126 	 0 
29.5126 	 2 
29.7332 	 2 
29.9537 	 0 
29.9537 	 1 
29.9654 	 2 
30.1859 	 2 
30.3949 	 2 
30.4065 	 0 
30.6271 	 0 
30.6271 	 2 
30.8477 	 2 
30.8477 	 0 
30.8477 	 1 
31.1728 	 1 
31.2889 	 0 
31.2889 	 2 
31.5095 	 2 
31.6256 	 2 
31.7301 	 0 
31.7417 	 2 
31.9623 	 2 
32.1829 	 2 
32.1829 	 0 
32.4034 	 2 
32.5195 	 2 
32.6240 	 2 
32.6240 	 0 
32.6240 	 1 
32.7866 	 2 
33.0652 	 2 
33.0768 	 0 
33.2858 	 2 
33.5180 	 0 
33.5180 	 2 
33.5180 	 1 
33.7386 	 2 
33.9592 	 2 
33.9592 	 0 
34.1798 	 2 
34.2843 	 2 
34.4004 	 1 
34.4004 	 0 
34.4120 	 2 
34.6210 	 2 
34.8415 	 2 
34.8415 	 0 
35.0389 	 2 
35.1898 	 2 
35.2943 	 1 
35.2943 	 2 
35.2943 	 0 
35.5149 	 2 
35.7355 	 0 
35.7355 	 2 
35.9561 	 2 
36.1767 	 0 
36.1767 	 2 
36.1883 	 1 
36.3973 	 2 
36.6179 	 0 
36.6295 	 2 
36.6411 	 1 
36.8617 	 2 
37.0707 	 0 
37.0707 	 1 
37.0707 	 2 
37.1868 	 2 
37.1868 	 1 
37.3029 	 2 
37.3029 	 1 
37.4306 	 2 
37.5234 	 0 
37.5351 	 2 
37.7324 	 2 
37.9530 	 2 
38.1736 	 2 
38.1852 	 0 
38.2897 	 1 
38.3942 	 2 
38.6264 	 0 
38.6264 	 2 
38.8470 	 1 
38.8470 	 2 
39.0676 	 0 
39.0676 	 2 
39.2882 	 0 
39.2882 	 1 
39.2882 	 2 
39.5088 	 2 
39.7293 	 2 
39.7410 	 1 
39.7410 	 0 
39.9499 	 2 
39.9615 	 0 
40.0660 	 1 
40.1705 	 2 
40.4027 	 2 
40.5188 	 2 
40.6349 	 2 
40.6349 	 1 
40.8439 	 2 
41.0761 	 0 
41.0761 	 2 
41.2851 	 2 
41.5057 	 2 
41.7379 	 0 
41.7379 	 2 
41.9585 	 2 
42.1790 	 0 
42.1790 	 2 
42.3996 	 1 
42.4112 	 2 
42.6086 	 2 
42.6086 	 0 
42.8408 	 2 
42.8524 	 0 
43.0614 	 2 
43.0614 	 0 
43.2820 	 0 
43.2936 	 1 
43.2936 	 2 
43.5142 	 2 
43.7348 	 2 
43.7348 	 0 
43.9554 	 2 
43.9554 	 0 
43.9670 	 1 
44.1760 	 0 
44.1876 	 1 
44.1876 	 2 
44.4082 	 2 
44.6288 	 0 
44.6288 	 1 
44.8493 	 2 
45.0699 	 0 
45.0699 	 1 
45.0699 	 2 
45.2905 	 2 
45.5111 	 2 
45.5227 	 0 
45.7317 	 2 
45.9523 	 2 
45.9639 	 1 
45.9639 	 0 
46.1845 	 2 
46.3935 	 2 
46.4051 	 1 
46.4051 	 0 
46.6141 	 2 
46.8463 	 0 
46.8463 	 2 
46.8463 	 1 
47.0668 	 0 
47.0668 	 2 
47.2990 	 2 
47.5080 	 2 
47.5196 	 0 
47.7286 	 0 
47.7286 	 1 
47.7402 	 2 
47.9492 	 2 
47.9608 	 0 
48.1698 	 2 
48.1814 	 0 
48.4020 	 0 
48.4020 	 2 
48.6226 	 0 
48.6226 	 1 
48.6226 	 2 
48.8432 	 2 
49.0522 	 1 
49.0522 	 0 
49.0638 	 2 
49.2844 	 0 
49.2844 	 2 
49.5049 	 1 
49.5049 	 2 
49.5049 	 0 
49.7371 	 2 
49.9577 	 1 
49.9577 	 0 
49.9693 	 2 
50.3989 	 0 
50.6195 	 2 
50.6195 	 0 
50.6311 	 1 
50.7356 	 1 
50.8517 	 0 
50.9562 	 1 
51.0723 	 1 
51.2813 	 2 
51.2929 	 0 
51.2929 	 1 
51.7341 	 0 
51.9546 	 2 
52.1752 	 2 
52.1752 	 0 
52.1868 	 1 
52.3842 	 2 
52.6164 	 1 
52.6280 	 2 
52.6280 	 0 
52.8486 	 2 
52.8718 	 1 
53.0692 	 1 
53.0692 	 0 
53.0692 	 2 
53.2898 	 2 
53.5104 	 2 
53.5104 	 0 
53.7310 	 2 
53.8355 	 2 
53.9632 	 0 
53.9632 	 2 
53.9632 	 1 
54.1722 	 2 
54.3927 	 2 
54.3927 	 0 
54.6133 	 2 
54.8455 	 2 
54.8455 	 0 
54.8571 	 1 
55.0661 	 2 
55.2867 	 2 
55.2867 	 0 
55.2867 	 1 
55.5073 	 2 
55.7279 	 2 
55.7279 	 0 
55.7395 	 1 
55.9485 	 2 
56.1807 	 1 
56.1807 	 2 
56.1807 	 0 
56.3897 	 2 
56.6219 	 2 
56.6219 	 0 
56.6335 	 1 
56.8424 	 2 
57.0630 	 2 
57.0630 	 0 
57.2836 	 2 
57.2952 	 0 
57.5042 	 2 
57.5042 	 0 
57.5158 	 1 
57.7364 	 2 
57.7480 	 0 
57.7480 	 1 
57.9570 	 2 
57.9570 	 0 
57.9570 	 1 
58.1660 	 2 
58.3982 	 0 
58.3982 	 2 
58.6188 	 2 
58.8394 	 2 
58.8394 	 1 
58.8394 	 0 
59.0600 	 2 
59.2805 	 0 
59.2922 	 2 
59.7333 	 2 
59.7333 	 0 
59.9539 	 2 
60.1745 	 2 
60.1745 	 0 
60.1745 	 1 
60.3951 	 2 
60.6157 	 2 
60.6273 	 0 
60.8479 	 2 
60.8479 	 1 
61.0685 	 0 
61.0685 	 1 
61.0685 	 2 
61.2775 	 2 
61.5097 	 0 
61.5097 	 2 
61.5213 	 1 
61.7302 	 2 
61.9392 	 1 
61.9508 	 0 
61.9624 	 2 
62.1830 	 2 
62.3920 	 2 
62.4036 	 0 
62.6242 	 2 
62.8448 	 1 
62.8448 	 2 
62.8448 	 0 
63.0654 	 1 
63.0654 	 2 
63.2860 	 2 
63.2976 	 0 
63.5066 	 2 
63.5066 	 1 
63.6227 	 2 
63.7272 	 1 
63.7388 	 0 
63.7388 	 2 
63.9594 	 2 
64.1800 	 0 
64.1800 	 2 
64.4005 	 2 
64.6211 	 1 
64.6211 	 0 
64.6211 	 2 
64.8301 	 2 
65.0623 	 2 
65.0739 	 0 
65.0739 	 1 
65.2829 	 2 
65.5151 	 0 
65.5151 	 1 
65.5151 	 2 
65.7241 	 2 
65.9447 	 0 
65.9447 	 1 
65.9447 	 2 
66.1769 	 2 
66.3975 	 0 
66.3975 	 2 
66.6180 	 2 
66.8386 	 2 
66.8502 	 0 
67.2798 	 0 
67.2914 	 2 
67.2914 	 1 
67.5120 	 2 
67.7326 	 0 
67.7326 	 2 
67.9532 	 2 
68.1738 	 0 
68.1738 	 1 
68.1738 	 2 
68.3944 	 2 
68.6150 	 2 
68.6266 	 0 
68.6266 	 1 
68.8472 	 2 
69.0561 	 1 
69.0678 	 2 
69.0678 	 0 
69.2883 	 2 
69.4973 	 1 
69.5089 	 2 
69.5089 	 0 
69.7295 	 2 
69.8456 	 2 
69.9501 	 1 
69.9501 	 2 
69.9501 	 0 
70.1707 	 2 
70.4029 	 0 
70.4029 	 2 
70.6235 	 2 
70.7396 	 2 
70.8441 	 0 
70.8441 	 1 
70.8441 	 2 
71.0647 	 2 
71.2853 	 2 
71.2853 	 0 
71.5175 	 2 
71.7264 	 2 
71.7264 	 0 
71.7380 	 1 
71.9470 	 2 
72.1792 	 2 
72.1792 	 0 
72.3998 	 2 
72.5624 	 0 
72.6204 	 2 
72.8410 	 2 
73.0616 	 0 
73.0616 	 1 
73.0616 	 2 
73.2822 	 2 
73.5028 	 0 
73.5144 	 2 
73.7350 	 2 
73.9556 	 1 
73.9556 	 0 
73.9556 	 2 
74.1761 	 2 
74.3851 	 1 
74.3967 	 2 
74.3967 	 0 
74.6173 	 2 
74.8379 	 2 
74.8379 	 0 
75.0005 	 0 
75.0005 	 2 
75.0121 	 1 
75.0701 	 2 
75.2907 	 0 
75.2907 	 1 
75.2907 	 2 
75.4881 	 2 
75.7319 	 0 
75.7319 	 1 
75.7319 	 2 
75.9641 	 2 
76.4053 	 1 
76.5214 	 1 
77.0670 	 0 
77.0670 	 1 
77.5082 	 0 
77.9610 	 0 
78.0423 	 2 
78.0423 	 1 
78.4022 	 2 
78.4022 	 1 
78.4022 	 0 
78.8434 	 0 
79.2845 	 0 
79.7257 	 1 
79.7373 	 0 
79.8418 	 1 
80.1669 	 0 
80.1785 	 1 
80.6197 	 0 
80.6313 	 1 
81.0725 	 0 
81.4208 	 1 
81.5137 	 0 
81.7342 	 1 
81.9548 	 0 
82.3960 	 0 
82.4076 	 1 
82.8372 	 1 
82.8488 	 0 
83.2900 	 0 
83.4990 	 2 
83.5106 	 1 
83.7312 	 0 
83.7312 	 2 
83.9517 	 2 
84.1839 	 1 
84.1839 	 0 
84.1839 	 2 
84.4045 	 2 
84.6251 	 2 
84.6251 	 0 
84.8457 	 2 
84.9618 	 1 
84.9618 	 2 
85.0663 	 1 
85.0663 	 2 
85.0663 	 0 
85.2869 	 2 
85.5075 	 0 
85.5075 	 2 
85.7281 	 2 
85.8442 	 1 
85.9487 	 0 
85.9603 	 2 
85.9603 	 1 
86.1809 	 2 
86.2970 	 1 
86.4015 	 2 
86.4015 	 0 
86.6220 	 2 
86.7381 	 2 
86.8426 	 0 
86.8426 	 1 
86.8426 	 2 
87.0632 	 2 
87.2838 	 2 
87.2954 	 0 
87.5044 	 2 
87.7366 	 2 
87.7366 	 0 
87.7366 	 1 
87.9572 	 2 
88.0733 	 1 
88.1778 	 2 
88.1778 	 0 
88.3984 	 2 
88.5145 	 1 
88.6190 	 0 
88.6190 	 1 
88.6306 	 2 
88.7351 	 2 
88.8512 	 1 
88.8512 	 2 
89.0601 	 1 
89.0717 	 0 
89.1878 	 1 
89.2923 	 1 
89.4084 	 1 
89.5129 	 0 
89.7335 	 0 
89.7335 	 1 
89.9541 	 0 
90.0818 	 1 
90.3953 	 0 
90.4069 	 1 
90.7436 	 1 
90.8481 	 0 
91.0687 	 2 
91.2893 	 2 
91.2893 	 0 
91.2893 	 1 
91.5098 	 2 
91.7304 	 2 
91.7420 	 0 
91.9394 	 2 
92.1716 	 1 
92.1716 	 0 
92.1832 	 2 
92.4038 	 2 
92.6244 	 0 
92.6244 	 2 
92.8450 	 2 
92.8566 	 0 
92.9495 	 2 
93.0656 	 2 
93.0656 	 1 
93.0656 	 0 
93.2862 	 2 
93.5068 	 2 
93.5068 	 0 
93.7273 	 2 
93.8434 	 2 
93.9015 	 0 
93.9595 	 2 
93.9595 	 0 
93.9595 	 1 
94.1801 	 2 
94.4007 	 2 
94.4007 	 0 
94.6213 	 2 
94.8419 	 2 
94.8419 	 1 
95.0625 	 2 
95.2831 	 2 
95.2947 	 0 
95.5037 	 2 
95.5037 	 1 
95.7243 	 2 
95.7243 	 0 
95.7359 	 1 
95.9565 	 2 
96.1654 	 0 
96.1771 	 2 
96.1887 	 1 
96.3976 	 2 
96.5021 	 1 
96.6182 	 0 
96.6182 	 2 
96.8504 	 2 
97.0710 	 0 
97.0710 	 2 
97.2800 	 2 
97.3961 	 1 
97.5006 	 0 
97.5122 	 1 
97.5122 	 2 
97.7328 	 2 
97.9534 	 2 
97.9650 	 1 
97.9650 	 0 
98.1740 	 2 
98.3946 	 2 
98.3946 	 0 
98.3946 	 1 
98.6151 	 2 
98.8473 	 0 
98.8473 	 2 
99.0679 	 2 
99.2769 	 1 
99.2885 	 0 
99.2885 	 2 
99.5091 	 2 
99.7297 	 0 
99.7297 	 2 
99.9503 	 2 
100.1709 	 2 
100.1825 	 0 
100.1825 	 1 
100.4031 	 2 
100.5192 	 1 
100.6237 	 0 
100.6237 	 2 
100.8443 	 2 
101.0649 	 0 
101.0649 	 2 
101.0649 	 1 
101.2971 	 2 
101.5060 	 2 
101.5176 	 0 
101.7266 	 2 
101.9588 	 0 
101.9588 	 2 
101.9704 	 1 
102.1794 	 2 
102.4000 	 2 
102.4000 	 0 
102.5974 	 1 
102.6090 	 2 
102.7483 	 2 
102.8412 	 2 
102.8412 	 0 
103.0618 	 2 
103.2824 	 2 
103.2824 	 0 
103.5146 	 2 
103.7235 	 0 
103.7351 	 2 
103.7351 	 1 
103.9441 	 2 
104.1647 	 0 
104.1763 	 2 
104.1763 	 1 
104.2924 	 1 
104.3853 	 2 
104.6059 	 1 
104.6175 	 2 
104.6175 	 0 
104.8497 	 2 
105.0703 	 0 
105.2909 	 2 
105.5115 	 2 
105.7321 	 2 
105.7321 	 0 
105.9527 	 2 
106.1732 	 2 
106.1849 	 0 
106.3010 	 2 
106.4054 	 1 
106.4054 	 2 
106.6260 	 2 
106.6260 	 0 
106.8466 	 2 
106.8466 	 0 
107.0672 	 2 
107.0672 	 0 
107.1717 	 2 
107.2878 	 0 
107.2878 	 2 
107.2878 	 1 
107.5084 	 2 
107.5200 	 0 
107.7290 	 2 
107.9496 	 0 
107.9496 	 2 
108.1702 	 0 
108.1818 	 1 
108.1818 	 2 
108.4024 	 2 
108.6229 	 2 
108.6229 	 0 
108.8435 	 2 
109.0641 	 2 
109.2847 	 2 
109.2963 	 0 
109.5053 	 2 
109.7375 	 2 
109.7375 	 0 
109.8420 	 2 
109.9581 	 2 
110.1787 	 0 
110.1787 	 2 
110.3993 	 0 
110.3993 	 2 
110.6199 	 2 
110.7244 	 2 
110.8405 	 1 
110.8405 	 2 
110.8521 	 0 
111.0610 	 2 
111.2816 	 2 
111.2932 	 0 
111.5022 	 2 
111.7344 	 2 
111.7344 	 1 
111.7344 	 0 
111.9550 	 2 
112.1756 	 0 
112.1756 	 1 
112.2337 	 2 
112.3962 	 2 
112.6168 	 2 
112.6168 	 0 
112.6284 	 1 
112.8374 	 2 
113.0580 	 2 
113.0696 	 0 
113.2902 	 2 
113.5107 	 1 
113.5107 	 0 
113.5107 	 2 
113.6965 	 2 
113.9519 	 2 
113.9519 	 1 
113.9519 	 0 
114.1725 	 2 
114.3931 	 2 
114.4047 	 0 
114.4047 	 1 
114.6137 	 0 
114.6137 	 2 
114.8343 	 2 
115.0665 	 2 
115.0665 	 0 
115.1942 	 2 
115.2406 	 2 
115.2755 	 0 
115.2871 	 1 
115.2871 	 2 
115.4380 	 2 
115.4961 	 0 
115.7283 	 2 
115.7283 	 0 
115.7399 	 1 
115.9488 	 2 
115.9488 	 0 
116.1694 	 0 
116.1694 	 1 
116.1810 	 2 
116.3900 	 2 
116.6106 	 0 
116.6106 	 1 
116.6106 	 2 
116.8312 	 2 
117.0634 	 1 
117.0634 	 0 
117.0634 	 2 
117.1795 	 1 
117.2956 	 2 
117.5046 	 0 
117.5162 	 1 
117.5162 	 2 
117.9574 	 0 
118.1780 	 2 
118.1780 	 1 
118.3985 	 0 
118.5146 	 1 
118.8397 	 2 
118.8397 	 0 
118.8513 	 1 
119.2925 	 0 
119.5015 	 2 
119.7221 	 0 
119.7337 	 2 
119.7337 	 1 
119.9427 	 2 
120.1749 	 2 
120.1749 	 0 
120.3955 	 2 
120.6161 	 0 
120.6277 	 2 
120.6277 	 1 
120.8483 	 2 
121.0572 	 2 
121.0572 	 0 
121.2778 	 2 
121.2894 	 1 
121.5100 	 2 
121.5100 	 0 
121.5100 	 1 
121.7190 	 2 
121.9512 	 2 
121.9512 	 0 
122.1718 	 2 
122.3924 	 2 
122.3924 	 0 
122.4040 	 1 
122.6246 	 2 
122.8336 	 2 
122.8452 	 0 
122.8452 	 1 
123.0658 	 2 
123.2863 	 0 
123.2863 	 1 
123.2863 	 2 
123.5069 	 2 
123.7275 	 0 
123.7275 	 2 
123.7275 	 1 
123.9481 	 2 
124.1687 	 0 
124.1687 	 1 
124.1803 	 2 
124.3893 	 2 
124.6099 	 0 
124.6215 	 2 
124.8305 	 1 
124.8421 	 0 
124.8421 	 2 
125.0627 	 1 
125.0627 	 0 
125.0627 	 2 
125.2717 	 2 
125.5039 	 0 
125.5039 	 2 
125.5039 	 1 
125.7244 	 2 
125.9566 	 0 
125.9566 	 2 
125.9566 	 1 
126.1656 	 2 
126.3514 	 1 
126.3978 	 0 
126.3978 	 2 
126.6184 	 2 
126.8390 	 0 
126.8390 	 1 
126.8390 	 2 
127.0596 	 1 
127.2802 	 0 
127.2802 	 1 
127.2802 	 2 
127.5124 	 2 
127.7214 	 1 
127.7214 	 0 
127.7330 	 2 
127.9420 	 0 
127.9536 	 2 
128.1741 	 0 
128.1741 	 2 
128.3715 	 2 
128.6153 	 2 
128.6269 	 0 
128.6269 	 1 
128.8359 	 2 
129.0565 	 2 
129.0565 	 1 
129.0681 	 0 
129.2771 	 2 
129.5093 	 2 
129.5093 	 0 
129.5093 	 1 
129.7299 	 2 
129.9505 	 0 
129.9505 	 1 
129.9505 	 2 
130.1711 	 2 
130.2872 	 1 
130.3917 	 0 
130.3917 	 2 
130.4033 	 1 
130.6239 	 2 
130.8328 	 2 
130.8444 	 0 
131.0650 	 1 
131.0650 	 2 
131.2856 	 0 
131.2856 	 1 
131.2856 	 2 
131.5062 	 2 
131.5062 	 1 
131.7268 	 2 
131.7384 	 0 
131.9474 	 2 
132.1680 	 1 
132.1796 	 2 
132.1796 	 0 
132.3886 	 2 
132.6092 	 2 
132.6208 	 0 
132.8298 	 2 
132.9575 	 2 
133.0620 	 2 
133.0620 	 0 
133.0736 	 1 
133.2825 	 2 
133.4915 	 1 
133.5031 	 0 
133.5031 	 2 
133.7353 	 2 
133.9443 	 0 
133.9559 	 2 
134.1765 	 2 
134.3855 	 2 
134.3971 	 0 
134.6177 	 2 
134.8383 	 1 
134.8383 	 2 
134.9892 	 2 
135.2795 	 0 
135.2911 	 2 
135.5000 	 2 
135.7322 	 1 
135.7322 	 0 
135.7322 	 2 
135.9528 	 2 
136.1618 	 1 
136.1734 	 0 
136.1734 	 2 
136.3940 	 2 
136.6146 	 2 
136.6146 	 1 
136.6262 	 0 
136.8468 	 2 
137.0558 	 1 
137.0674 	 0 
137.0674 	 2 
137.2764 	 2 
137.3925 	 2 
137.5086 	 2 
137.5086 	 0 
137.5086 	 1 
137.7176 	 2 
137.9498 	 0 
137.9498 	 2 
137.9498 	 1 
138.1703 	 2 
138.3909 	 0 
138.4025 	 1 
138.4025 	 2 
138.6231 	 2 
138.8321 	 2 
138.8437 	 0 
139.0643 	 2 
139.2849 	 2 
139.2849 	 0 
139.2849 	 1 
139.3429 	 1 
139.5055 	 2 
139.7261 	 2 
139.7261 	 1 
139.7261 	 0 
139.9467 	 2 
140.0628 	 2 
140.1673 	 1 
140.1789 	 0 
140.1789 	 2 
140.3878 	 2 
140.6084 	 2 
140.6200 	 0 
140.8290 	 2 
141.0612 	 0 
141.0612 	 2 
141.2818 	 2 
141.5024 	 1 
141.5024 	 2 
141.5024 	 0 
141.7346 	 2 
141.9436 	 1 
141.9436 	 0 
141.9552 	 2 
142.1642 	 0 
142.1758 	 2 
142.3964 	 2 
142.3964 	 0 
142.6054 	 2 
142.6054 	 0 
142.8376 	 1 
142.8376 	 2 
142.8492 	 0 
143.0581 	 2 
143.2787 	 0 
143.2903 	 2 
143.5109 	 2 
143.6154 	 1 
143.6270 	 0 
143.7431 	 1 
143.7547 	 2 
144.1727 	 0 
144.4049 	 2 
144.6139 	 0 
145.0667 	 0 
145.5078 	 0 
145.6472 	 2 
145.8561 	 2 
145.9490 	 1 
145.9606 	 0 
146.3902 	 0 
146.5992 	 2 
146.8082 	 2 
146.8430 	 0 
147.2842 	 0 
147.4003 	 1 
147.7254 	 1 
147.7370 	 0 
147.7370 	 2 
147.9576 	 2 
148.1781 	 0 
148.1781 	 1 
148.6193 	 0 
149.0721 	 0 
149.3275 	 1 
149.3856 	 2 
149.5133 	 0 
149.9429 	 0 
149.9545 	 1 
150.1867 	 1 
150.3840 	 1 
150.3956 	 0 
150.7091 	 2 
150.8368 	 0 
151.0458 	 1 
151.0574 	 2 
153.0659 	 0 
153.2749 	 2 
153.5071 	 2 
153.5071 	 0 
153.5071 	 1 
153.7277 	 2 
153.9483 	 2 
153.9483 	 0 
154.1689 	 2 
154.4011 	 2 
154.4011 	 0 
154.4011 	 1 
154.6101 	 2 
154.8307 	 2 
154.8307 	 0 
155.0629 	 2 
155.2834 	 2 
155.2834 	 1 
155.2834 	 0 
155.5040 	 2 
155.7130 	 1 
155.7246 	 2 
155.7246 	 0 
155.9452 	 2 
156.1658 	 0 
156.1774 	 2 
156.1774 	 1 
156.3980 	 2 
156.6186 	 2 
156.6186 	 0 
156.8392 	 2 
157.0598 	 0 
157.0598 	 2 
157.0598 	 1 
157.2804 	 2 
157.5010 	 1 
157.5010 	 0 
157.5010 	 2 
157.7215 	 2 
157.9537 	 2 
157.9537 	 1 
157.9537 	 0 
158.1743 	 2 
158.3717 	 1 
158.3949 	 2 
158.3949 	 0 
158.6155 	 2 
158.8361 	 2 
158.8477 	 0 
159.0567 	 2 
159.2773 	 0 
159.2889 	 2 
159.5095 	 2 
159.6140 	 2 
159.7185 	 1 
159.7301 	 2 
159.7301 	 0 
160.1480 	 1 
160.1712 	 0 
160.3918 	 2 
160.6124 	 1 
160.6124 	 0 
160.6240 	 2 
160.8330 	 2 
160.9839 	 1 
161.0536 	 0 
161.0652 	 2 
161.2742 	 2 
161.4948 	 0 
161.5064 	 1 
161.5064 	 2 
161.7270 	 2 
161.9476 	 2 
161.9476 	 0 
162.1682 	 2 
162.3888 	 1 
162.3888 	 0 
162.4004 	 2 
162.6093 	 2 
162.8299 	 2 
162.8299 	 0 
162.8299 	 1 
163.0505 	 2 
163.2827 	 2 
163.2943 	 0 
163.2943 	 1 
163.5033 	 2 
163.7239 	 0 
163.7239 	 2 
163.9329 	 2 
164.1651 	 0 
164.1767 	 1 
164.1767 	 2 
164.3973 	 2 
164.6063 	 2 
164.6179 	 0 
164.6179 	 1 
164.8385 	 2 
165.0590 	 0 
165.0590 	 1 
165.0590 	 2 
165.2796 	 2 
165.5002 	 2 
165.5118 	 0 
165.7208 	 2 
165.9414 	 0 
165.9530 	 2 
165.9530 	 1 
166.1736 	 2 
166.3826 	 1 
166.3942 	 0 
166.3942 	 2 
166.6148 	 0 
166.6264 	 2 
166.6264 	 1 
166.9399 	 1 
166.9515 	 0 
166.9515 	 2 
167.2882 	 1 
167.7293 	 0 
167.7293 	 2 
167.7410 	 1 
167.9499 	 2 
168.1705 	 2 
168.1821 	 1 
168.1821 	 0 
168.4027 	 2 
168.6117 	 0 
168.6117 	 2 
168.6233 	 1 
168.8323 	 2 
169.0645 	 1 
169.0645 	 0 
169.5173 	 1 
169.7379 	 1 
169.7379 	 2 
169.9701 	 1 
170.1790 	 0 
170.1790 	 1 
170.3880 	 1 
170.3996 	 0 
170.3996 	 2 
170.6202 	 1 
170.6202 	 0 
170.6202 	 2 
171.4561 	 2 
171.6535 	 1 
171.6767 	 2 
171.9438 	 2 
172.0715 	 2 
172.3153 	 2 
173.7317 	 2 
173.8478 	 2 
173.9987 	 2 
174.4283 	 1 
174.8695 	 1 
175.5545 	 1 
175.6241 	 2 
175.9724 	 2 
176.4136 	 1 
176.4136 	 2 
177.2844 	 2 
177.4121 	 2 
178.1783 	 2 
178.2828 	 2 
178.5266 	 1 
178.6776 	 1 
179.9779 	 1 
180.3146 	 2 
180.8370 	 2 
180.9531 	 1 
180.9647 	 2 
181.0808 	 1 
181.9632 	 1 
182.1722 	 1 
182.2883 	 1 
182.5088 	 1 
183.2867 	 0 
183.4957 	 2 
183.7163 	 0 
183.7279 	 1 
183.7279 	 2 
183.9369 	 2 
184.1691 	 1 
184.1691 	 0 
184.1691 	 2 
184.3897 	 2 
184.6219 	 1 
184.6219 	 0 
184.6219 	 2 
184.8424 	 2 
185.0630 	 2 
185.0630 	 0 
185.2836 	 2 
185.5042 	 0 
185.5042 	 2 
185.5042 	 1 
185.7364 	 2 
185.9454 	 0 
185.9454 	 2 
186.1660 	 2 
186.3982 	 0 
186.3982 	 2 
186.3982 	 1 
186.6188 	 2 
186.8394 	 2 
186.8394 	 0 
186.8394 	 1 
187.0483 	 2 
187.2805 	 2 
187.2805 	 1 
187.2805 	 0 
187.5011 	 2 
187.7217 	 2 
187.7217 	 0 
187.7333 	 1 
187.9423 	 2 
188.1745 	 0 
188.1745 	 1 
188.1745 	 2 
188.3951 	 2 
188.6157 	 2 
188.6157 	 0 
188.8363 	 2 
189.0569 	 2 
189.0569 	 0 
189.0569 	 1 
189.2775 	 2 
189.4980 	 2 
189.5097 	 1 
189.5097 	 0 
189.7186 	 2 
189.9508 	 0 
189.9508 	 2 
189.9508 	 1 
190.1714 	 2 
190.3920 	 0 
190.3920 	 2 
190.6126 	 2 
190.8332 	 0 
190.8332 	 2 
191.2744 	 2 
191.2860 	 0 
191.5066 	 2 
191.7272 	 1 
191.7272 	 0 
191.7272 	 2 
191.9361 	 2 
192.1683 	 2 
192.1683 	 0 
192.3889 	 2 
192.6095 	 1 
192.6211 	 0 
192.6211 	 2 
192.8301 	 2 
193.0623 	 2 
193.0623 	 0 
193.0739 	 1 
193.2829 	 2 
193.4919 	 1 
193.5035 	 0 
193.5151 	 2 
193.7357 	 2 
193.8750 	 1 
193.9447 	 2 
193.9447 	 0 
194.1769 	 2 
194.3975 	 2 
194.3975 	 0 
194.3975 	 1 
194.6064 	 2 
194.6180 	 1 
194.8386 	 0 
194.8386 	 2 
195.0592 	 2 
195.0708 	 1 
195.2566 	 1 
195.2798 	 2 
195.2914 	 0 
195.5004 	 2 
195.5004 	 1 
195.7210 	 2 
195.7326 	 0 
195.9416 	 2 
195.9532 	 1 
196.1738 	 0 
196.1738 	 1 
196.1738 	 2 
196.3944 	 2 
196.6150 	 0 
196.6150 	 2 
196.6266 	 1 
196.8356 	 2 
196.9517 	 2 
197.0561 	 1 
197.0561 	 2 
197.0561 	 0 
197.2767 	 2 
197.4973 	 0 
197.5089 	 2 
197.7179 	 2 
197.9501 	 2 
197.9501 	 0 
198.1707 	 2 
198.3797 	 2 
198.3913 	 0 
198.6119 	 2 
198.8325 	 0 
198.8325 	 2 
198.8441 	 1 
199.0531 	 2 
199.2737 	 0 
199.2737 	 2 
199.4942 	 2 
199.5059 	 1 
199.7148 	 1 
199.7264 	 2 
199.7264 	 0 
199.9354 	 2 
200.1676 	 2 
200.1676 	 0 
200.3998 	 2 
200.6088 	 1 
200.6088 	 0 
200.6204 	 2 
200.8410 	 2 
201.0268 	 1 
201.0616 	 0 
201.0616 	 2 
201.2822 	 2 
201.3867 	 2 
201.5028 	 1 
201.5028 	 0 
201.5144 	 2 
201.7234 	 2 
201.9439 	 2 
201.9439 	 1 
201.9439 	 0 
202.1645 	 2 
202.3967 	 1 
202.3967 	 2 
202.3967 	 0 
202.6173 	 2 
202.8379 	 2 
202.8379 	 0 
203.0585 	 2 
203.0817 	 1 
203.2791 	 0 
203.2791 	 2 
203.2907 	 1 
203.4997 	 2 
203.7203 	 2 
203.7319 	 0 
203.9525 	 2 
204.1034 	 0 
204.1731 	 2 
204.3820 	 2 
204.6026 	 2 
204.6142 	 0 
204.6142 	 1 
204.8348 	 2 
205.0554 	 2 
205.0554 	 0 
205.4966 	 2 
205.5082 	 0 
205.7172 	 2 
205.9378 	 1 
205.9378 	 0 
205.9494 	 2 
206.1584 	 2 
206.3906 	 0 
206.3906 	 2 
206.5415 	 2 
206.6112 	 2 
206.8317 	 0 
206.8434 	 2 
206.8434 	 1 
207.0291 	 2 
207.2845 	 0 
207.2845 	 2 
207.2845 	 1 
207.5051 	 1 
207.5051 	 2 
207.9463 	 1 
208.0508 	 1 
208.1553 	 1 
208.1669 	 0 
208.6081 	 0 
209.0609 	 0 
209.5020 	 0 
209.5833 	 2 
209.5949 	 1 
209.9432 	 1 
209.9548 	 2 
209.9548 	 0 
210.3960 	 1 
210.3960 	 0 
210.8256 	 0 
210.8256 	 1 
211.3945 	 1 
211.7195 	 1 
212.1723 	 0 
212.1839 	 1 
212.4045 	 1 
212.6135 	 0 
213.0663 	 0 
213.2869 	 1 
213.5075 	 0 
213.9487 	 0 
214.0299 	 1 
214.3898 	 1 
214.3898 	 0 
214.8310 	 0 
215.0516 	 2 
215.0632 	 1 
215.2838 	 1 
215.2838 	 2 
215.2838 	 0 
215.3999 	 1 
215.5044 	 1 
215.6321 	 1 
215.7250 	 0 
215.7366 	 1 
215.9456 	 2 
215.9456 	 0 
215.9572 	 1 
216.1662 	 0 
216.2823 	 1 
216.6190 	 1 
216.6190 	 0 
217.0601 	 0 
217.2807 	 0 
217.2807 	 1 
217.3968 	 1 
217.5013 	 0 
217.7451 	 1 
217.9425 	 2 
217.9425 	 1 
217.9541 	 0 
218.2792 	 1 
218.2792 	 0 
218.2908 	 2 
218.4069 	 0 
218.6159 	 2 
218.6275 	 0 
218.6275 	 1 
