0.3599 	 2 
0.9288 	 2 
0.9288 	 0 
0.9404 	 1 
1.2074 	 2 
1.4861 	 0 
1.4861 	 1 
1.4861 	 2 
1.7531 	 0 
1.7647 	 1 
1.7647 	 2 
2.0317 	 1 
2.0317 	 2 
2.0317 	 0 
2.3220 	 0 
2.3220 	 2 
2.6355 	 2 
2.6355 	 0 
2.6355 	 1 
2.9373 	 0 
2.9373 	 1 
2.9373 	 2 
3.2160 	 2 
3.2160 	 1 
3.2160 	 0 
3.5062 	 0 
3.5178 	 2 
3.7965 	 1 
3.7965 	 0 
3.7965 	 2 
4.0635 	 2 
4.0635 	 0 
4.0635 	 1 
4.3537 	 0 
4.3537 	 2 
4.3537 	 1 
4.6556 	 1 
4.6556 	 0 
4.6556 	 2 
4.9575 	 1 
4.9575 	 2 
4.9575 	 0 
5.2245 	 0 
5.2361 	 1 
5.2361 	 2 
5.5147 	 1 
5.5147 	 0 
5.5147 	 2 
5.8282 	 0 
5.8282 	 2 
6.1068 	 1 
6.1068 	 0 
6.1068 	 2 
6.3739 	 1 
6.3855 	 0 
6.3855 	 2 
6.6641 	 0 
6.6757 	 2 
6.6757 	 1 
6.9660 	 0 
6.9660 	 2 
6.9776 	 1 
7.2562 	 0 
7.2562 	 2 
7.2562 	 1 
7.5465 	 1 
7.5465 	 2 
7.5581 	 0 
7.8251 	 0 
7.8251 	 2 
7.8251 	 1 
8.1270 	 1 
8.1270 	 0 
8.1386 	 2 
8.3940 	 1 
8.4056 	 0 
8.4172 	 2 
8.6843 	 2 
8.6959 	 0 
8.6959 	 1 
8.9745 	 0 
8.9745 	 2 
8.9745 	 1 
9.2648 	 2 
9.2764 	 0 
9.2764 	 1 
9.5550 	 2 
9.5550 	 0 
9.5666 	 1 
9.8569 	 1 
9.8569 	 2 
9.8569 	 0 
9.9730 	 2 
10.0194 	 2 
10.0891 	 2 
10.1355 	 2 
10.1355 	 0 
10.1355 	 1 
10.4374 	 1 
10.4374 	 0 
10.4490 	 2 
10.7276 	 1 
10.7276 	 2 
10.7276 	 0 
10.9946 	 2 
10.9946 	 1 
10.9946 	 0 
11.2849 	 1 
11.2965 	 0 
11.2965 	 2 
11.5868 	 2 
11.5984 	 0 
11.8770 	 2 
11.8770 	 0 
11.8770 	 1 
12.1673 	 0 
12.1673 	 2 
12.1789 	 1 
12.4343 	 1 
12.4343 	 2 
12.4343 	 0 
12.7245 	 0 
12.7361 	 2 
13.0264 	 0 
13.0264 	 1 
13.0264 	 2 
13.2934 	 2 
13.2934 	 0 
13.3050 	 1 
13.5953 	 2 
13.5953 	 0 
13.6069 	 1 
13.8855 	 0 
13.8971 	 2 
13.8971 	 1 
14.1758 	 2 
14.1874 	 0 
14.1874 	 1 
14.4776 	 0 
14.4776 	 1 
14.4776 	 2 
14.7447 	 1 
14.7447 	 0 
14.7563 	 2 
15.0349 	 2 
15.0349 	 1 
15.3368 	 0 
15.3368 	 2 
15.3368 	 1 
15.6038 	 2 
15.6038 	 1 
15.6038 	 0 
15.8941 	 2 
15.8941 	 0 
15.8941 	 1 
16.1727 	 2 
16.4862 	 2 
16.4862 	 0 
16.4978 	 1 
16.7648 	 1 
16.7648 	 0 
16.7648 	 2 
17.0667 	 2 
17.3569 	 2 
17.3569 	 1 
17.3569 	 0 
17.6472 	 2 
17.6472 	 0 
17.6588 	 1 
17.7749 	 2 
17.8445 	 2 
17.8910 	 2 
17.9026 	 1 
17.9258 	 0 
18.2044 	 0 
18.2161 	 2 
18.2161 	 1 
18.4947 	 2 
18.4947 	 0 
18.4947 	 1 
18.7617 	 0 
18.7733 	 2 
18.7733 	 1 
19.0404 	 2 
19.0636 	 1 
19.3422 	 2 
19.3422 	 1 
19.3422 	 0 
19.9343 	 2 
19.9343 	 0 
19.9343 	 1 
20.2130 	 1 
20.2130 	 0 
20.2130 	 2 
20.5032 	 2 
20.5148 	 0 
20.5148 	 1 
20.8051 	 2 
20.8167 	 1 
21.0953 	 0 
21.0953 	 1 
21.0953 	 2 
21.3856 	 2 
21.3972 	 0 
21.3972 	 1 
21.6758 	 0 
21.6758 	 1 
21.6758 	 2 
21.9661 	 2 
21.9777 	 1 
21.9777 	 0 
22.2563 	 2 
22.2679 	 0 
22.2679 	 1 
22.5466 	 0 
22.5466 	 1 
22.5466 	 2 
22.8368 	 1 
22.8368 	 0 
22.8368 	 2 
23.1271 	 2 
23.4173 	 1 
23.4173 	 0 
23.4173 	 2 
23.7076 	 2 
23.7076 	 0 
23.7076 	 1 
23.9978 	 0 
23.9978 	 2 
23.9978 	 1 
24.2765 	 2 
24.5667 	 0 
24.5667 	 1 
24.5783 	 2 
24.8454 	 0 
24.8454 	 1 
24.8454 	 2 
25.1472 	 1 
25.1472 	 0 
25.1472 	 2 
25.4259 	 0 
25.4259 	 2 
25.7161 	 0 
25.7161 	 2 
25.7277 	 1 
26.0180 	 0 
26.0180 	 2 
26.0180 	 1 
26.2966 	 2 
26.2966 	 1 
26.2966 	 0 
26.5985 	 2 
26.8887 	 0 
26.8887 	 2 
26.8887 	 1 
27.1790 	 1 
27.1790 	 2 
27.1790 	 0 
27.4576 	 1 
27.4692 	 2 
27.4692 	 0 
27.7362 	 2 
27.7595 	 0 
27.9220 	 2 
28.0381 	 2 
28.0381 	 0 
28.0497 	 1 
28.3283 	 2 
28.3283 	 0 
28.3400 	 1 
28.5954 	 1 
28.6070 	 2 
28.6186 	 0 
28.8972 	 2 
28.8972 	 0 
28.9088 	 1 
29.1643 	 2 
29.1759 	 1 
29.1991 	 2 
29.4661 	 2 
29.4777 	 1 
29.4777 	 0 
29.7564 	 2 
29.7680 	 0 
29.7680 	 1 
30.0350 	 2 
30.0582 	 1 
30.3253 	 2 
30.3369 	 1 
30.3369 	 0 
30.6271 	 2 
30.6271 	 1 
30.6387 	 0 
30.9058 	 1 
30.9058 	 2 
30.9174 	 0 
31.1960 	 2 
31.2076 	 0 
31.2076 	 1 
31.4979 	 0 
31.4979 	 1 
31.5095 	 2 
31.7765 	 2 
31.7765 	 0 
31.7765 	 1 
32.0668 	 2 
32.0668 	 0 
32.0784 	 1 
32.3454 	 2 
32.3570 	 0 
32.3686 	 1 
32.6356 	 0 
32.6473 	 2 
32.6473 	 1 
32.9375 	 0 
32.9375 	 2 
32.9375 	 1 
33.2278 	 0 
33.2278 	 1 
33.2278 	 2 
33.5180 	 2 
33.8083 	 1 
33.8083 	 2 
33.8083 	 0 
34.0869 	 2 
34.0869 	 0 
34.0869 	 1 
34.3771 	 1 
34.3771 	 0 
34.3771 	 2 
34.6674 	 1 
34.6674 	 0 
34.6674 	 2 
34.8183 	 2 
34.9693 	 1 
34.9693 	 2 
34.9693 	 0 
35.2595 	 1 
35.2595 	 2 
35.2595 	 0 
35.5265 	 0 
35.5265 	 2 
35.5265 	 1 
35.8168 	 2 
35.8284 	 1 
36.1070 	 2 
36.1070 	 1 
36.1070 	 0 
36.3857 	 0 
36.3857 	 1 
36.3857 	 2 
36.6643 	 2 
36.6759 	 1 
36.6759 	 0 
36.9662 	 0 
36.9662 	 2 
36.9778 	 1 
37.2564 	 1 
37.2564 	 2 
37.2564 	 0 
37.4538 	 2 
37.5351 	 2 
37.5351 	 0 
37.5351 	 1 
37.8137 	 0 
37.8137 	 1 
37.8253 	 2 
38.1388 	 2 
38.1388 	 1 
38.4406 	 1 
38.4406 	 2 
38.4406 	 0 
38.7077 	 0 
38.7077 	 2 
38.7077 	 1 
38.9979 	 2 
39.0095 	 0 
39.0095 	 1 
39.2766 	 0 
39.2766 	 2 
39.2882 	 1 
39.5668 	 1 
39.5668 	 2 
39.5668 	 0 
39.8571 	 1 
39.8571 	 2 
39.8571 	 0 
40.1473 	 1 
40.1473 	 2 
40.1473 	 0 
40.4376 	 2 
40.4492 	 1 
40.4492 	 0 
40.7278 	 2 
40.7394 	 1 
40.7394 	 0 
41.0064 	 2 
41.0064 	 0 
41.0064 	 1 
41.2967 	 2 
41.3083 	 0 
41.3083 	 1 
41.5753 	 2 
41.5869 	 0 
41.5985 	 1 
41.8772 	 1 
41.8772 	 0 
41.8772 	 2 
42.1674 	 2 
42.1674 	 0 
42.1790 	 1 
42.4461 	 0 
42.4461 	 1 
42.4461 	 2 
42.7363 	 2 
42.7363 	 0 
43.0266 	 0 
43.0266 	 2 
43.0382 	 1 
43.3052 	 0 
43.3168 	 1 
43.3168 	 2 
43.5955 	 0 
43.5955 	 1 
43.5955 	 2 
43.8044 	 2 
43.8857 	 2 
43.8857 	 1 
44.1876 	 2 
44.1876 	 0 
44.1876 	 1 
44.4662 	 2 
44.4662 	 0 
44.4778 	 1 
44.7565 	 1 
44.7565 	 0 
44.7565 	 2 
45.0467 	 0 
45.0467 	 2 
45.0583 	 1 
45.3370 	 0 
45.3370 	 2 
45.3486 	 1 
45.6156 	 0 
45.6272 	 1 
45.6272 	 2 
45.9059 	 2 
45.9175 	 1 
45.9175 	 0 
46.1961 	 2 
46.1961 	 1 
46.1961 	 0 
46.4051 	 2 
46.4980 	 1 
46.4980 	 2 
46.7882 	 1 
46.7882 	 2 
46.7882 	 0 
47.0668 	 0 
47.0668 	 2 
47.0785 	 1 
47.3455 	 2 
47.3571 	 1 
47.3571 	 0 
47.6357 	 0 
47.6473 	 2 
47.6473 	 1 
47.9260 	 0 
47.9260 	 1 
47.9260 	 2 
48.2046 	 0 
48.2046 	 2 
48.2162 	 1 
48.4833 	 0 
48.4949 	 2 
48.5065 	 1 
48.8083 	 2 
48.8083 	 0 
48.8083 	 1 
49.0870 	 1 
49.0870 	 2 
49.0870 	 0 
49.3772 	 2 
49.3772 	 0 
49.3772 	 1 
49.6559 	 2 
49.6675 	 0 
49.9577 	 1 
49.9577 	 0 
49.9577 	 2 
50.2248 	 1 
50.2248 	 2 
50.2248 	 0 
50.5266 	 2 
50.5266 	 0 
50.5382 	 1 
50.8053 	 2 
50.8169 	 0 
50.8169 	 1 
51.1071 	 0 
51.1071 	 2 
51.1071 	 1 
51.3974 	 1 
51.3974 	 2 
51.3974 	 0 
51.6876 	 0 
51.6876 	 1 
51.6876 	 2 
51.9779 	 1 
51.9779 	 2 
52.2797 	 1 
52.2797 	 0 
52.2797 	 2 
52.5584 	 0 
52.5584 	 2 
52.5584 	 1 
52.8370 	 0 
52.8370 	 2 
52.8486 	 1 
53.1156 	 0 
53.1156 	 2 
53.1273 	 1 
53.4059 	 1 
53.4059 	 2 
53.4059 	 0 
53.6961 	 1 
53.6961 	 2 
53.6961 	 0 
53.9748 	 1 
53.9748 	 0 
53.9748 	 2 
54.2650 	 2 
54.2650 	 1 
54.2650 	 0 
54.5553 	 0 
54.5669 	 2 
54.5669 	 1 
54.8455 	 0 
54.8455 	 2 
54.8455 	 1 
55.1242 	 0 
55.1242 	 2 
55.1358 	 1 
55.4260 	 0 
55.4260 	 1 
55.4376 	 2 
55.7047 	 2 
55.7163 	 0 
55.7279 	 1 
56.0181 	 2 
56.0181 	 1 
56.2852 	 0 
56.2852 	 2 
56.2852 	 1 
56.5870 	 0 
56.5870 	 2 
56.5870 	 1 
56.8657 	 0 
56.8657 	 2 
56.8657 	 1 
57.1443 	 1 
57.1443 	 0 
57.1559 	 2 
57.3185 	 2 
57.4346 	 0 
57.4346 	 2 
57.4462 	 1 
57.7248 	 1 
57.7248 	 0 
57.7248 	 2 
58.0151 	 0 
58.0151 	 2 
58.0267 	 1 
58.0615 	 1 
58.0615 	 2 
58.3053 	 2 
58.3053 	 0 
58.3169 	 1 
58.5839 	 0 
58.5839 	 2 
58.5956 	 1 
58.8858 	 2 
58.8858 	 1 
58.8858 	 0 
59.1644 	 2 
59.1644 	 1 
59.1644 	 0 
59.4431 	 0 
59.4431 	 2 
59.4547 	 1 
59.7217 	 2 
59.7217 	 0 
59.7333 	 1 
60.0120 	 0 
60.0120 	 2 
60.0120 	 1 
60.3138 	 0 
60.3138 	 2 
60.3138 	 1 
60.4764 	 2 
60.6041 	 2 
60.6041 	 1 
60.8827 	 0 
60.8943 	 1 
60.8943 	 2 
61.1962 	 1 
61.1962 	 0 
61.2078 	 2 
61.4980 	 1 
61.4980 	 0 
61.4980 	 2 
61.7651 	 0 
61.7651 	 1 
61.7651 	 2 
62.0785 	 2 
62.0785 	 0 
62.0785 	 1 
62.3688 	 1 
62.3688 	 2 
62.3688 	 0 
62.6358 	 2 
62.6358 	 0 
62.6474 	 1 
62.9261 	 1 
62.9261 	 2 
62.9261 	 0 
63.2163 	 2 
63.2163 	 0 
63.2163 	 1 
63.5182 	 0 
63.5182 	 1 
63.5298 	 2 
63.7968 	 0 
63.8084 	 1 
63.8084 	 2 
64.0755 	 2 
64.0755 	 1 
64.0871 	 0 
64.3657 	 2 
64.3657 	 1 
64.3773 	 0 
64.6444 	 2 
64.6560 	 1 
64.6560 	 0 
64.9346 	 0 
64.9346 	 2 
64.9462 	 1 
65.2365 	 0 
65.2365 	 2 
65.2365 	 1 
65.5151 	 1 
65.5151 	 2 
65.5151 	 0 
65.8054 	 2 
65.8054 	 0 
66.0956 	 0 
66.1072 	 2 
66.1072 	 1 
66.3859 	 0 
66.3975 	 2 
66.3975 	 1 
66.6645 	 0 
66.6761 	 1 
66.6877 	 2 
66.9663 	 2 
66.9663 	 1 
66.9663 	 0 
67.2450 	 0 
67.2450 	 2 
67.2450 	 1 
67.5352 	 0 
67.5352 	 2 
67.5352 	 1 
67.8255 	 0 
67.8371 	 2 
67.8371 	 1 
68.1157 	 0 
68.1157 	 2 
68.1273 	 1 
68.4060 	 1 
68.4060 	 0 
68.4060 	 2 
68.6962 	 1 
68.6962 	 2 
68.6962 	 0 
68.9749 	 2 
68.9865 	 0 
68.9865 	 1 
69.2651 	 2 
69.2767 	 1 
69.2767 	 0 
69.5438 	 2 
69.5438 	 0 
69.5438 	 1 
69.6715 	 2 
69.7876 	 2 
70.1243 	 0 
70.1243 	 2 
70.1823 	 1 
70.3913 	 2 
70.7280 	 1 
70.7280 	 0 
70.7396 	 2 
71.0182 	 0 
71.0182 	 2 
71.0182 	 1 
71.1459 	 2 
71.2737 	 2 
71.5871 	 1 
71.5871 	 2 
71.5987 	 0 
71.8774 	 0 
71.8774 	 1 
71.8774 	 2 
72.0167 	 2 
72.1560 	 2 
72.4230 	 0 
72.4346 	 1 
72.4346 	 2 
72.7249 	 0 
72.7365 	 2 
72.7365 	 1 
73.0268 	 2 
73.0268 	 0 
73.0384 	 1 
73.3054 	 2 
73.3170 	 0 
73.3286 	 1 
73.8975 	 0 
73.9091 	 1 
73.9091 	 2 
74.1645 	 0 
74.1645 	 1 
74.1645 	 2 
74.2806 	 2 
74.3387 	 2 
74.3967 	 2 
74.5012 	 2 
74.5593 	 2 
74.6173 	 2 
74.7218 	 2 
74.7334 	 1 
74.7334 	 0 
75.0237 	 0 
75.0237 	 1 
75.0353 	 2 
75.3371 	 0 
75.3371 	 1 
75.3488 	 2 
75.6158 	 2 
75.6274 	 1 
75.6274 	 0 
75.9176 	 2 
75.9176 	 0 
75.9176 	 1 
76.1963 	 0 
76.2079 	 2 
76.4981 	 1 
76.4981 	 2 
76.4981 	 0 
76.7768 	 2 
76.7768 	 0 
76.7884 	 1 
77.0670 	 0 
77.0670 	 2 
77.0786 	 1 
77.3689 	 1 
77.3689 	 2 
77.3689 	 0 
77.6475 	 1 
77.6475 	 2 
77.6475 	 0 
77.9262 	 1 
77.9262 	 2 
77.9262 	 0 
78.2164 	 1 
78.2164 	 2 
78.2164 	 0 
78.5067 	 0 
78.5067 	 2 
78.5067 	 1 
78.7853 	 0 
78.7969 	 1 
78.7969 	 2 
79.0872 	 0 
79.0872 	 2 
79.0872 	 1 
79.3426 	 1 
79.3426 	 2 
79.3658 	 0 
79.6561 	 2 
79.6561 	 0 
79.6677 	 1 
79.9579 	 1 
79.9579 	 0 
79.9579 	 2 
80.2366 	 2 
80.2366 	 0 
80.2482 	 1 
80.5268 	 0 
80.5268 	 1 
80.5268 	 2 
80.8171 	 1 
80.8287 	 2 
81.1073 	 2 
81.1073 	 0 
81.1073 	 1 
81.2815 	 2 
81.3859 	 0 
81.3859 	 2 
81.3859 	 1 
81.6762 	 0 
81.6762 	 1 
81.6762 	 2 
81.9664 	 1 
81.9664 	 0 
81.9664 	 2 
82.2567 	 1 
82.2567 	 0 
82.2683 	 2 
82.5469 	 2 
82.5469 	 0 
82.5469 	 1 
82.6979 	 2 
82.7559 	 2 
82.8256 	 0 
82.8256 	 2 
82.8256 	 1 
83.1158 	 1 
83.1158 	 2 
83.1158 	 0 
83.2551 	 1 
83.2668 	 2 
83.2668 	 0 
83.3945 	 1 
83.4061 	 2 
83.4061 	 0 
83.4990 	 2 
83.5802 	 2 
83.6847 	 1 
83.6963 	 2 
83.6963 	 0 
83.8356 	 2 
83.9053 	 2 
83.9634 	 2 
83.9634 	 1 
83.9982 	 2 
84.2768 	 2 
84.2768 	 1 
84.5671 	 0 
84.5671 	 1 
84.5903 	 2 
84.8573 	 0 
84.8573 	 1 
84.8573 	 2 
85.1476 	 0 
85.1476 	 1 
85.1476 	 2 
85.4494 	 2 
85.5888 	 2 
85.7049 	 2 
85.7281 	 0 
85.7281 	 1 
85.9835 	 2 
86.0067 	 1 
86.0183 	 0 
86.0183 	 2 
86.2970 	 1 
86.2970 	 2 
86.2970 	 0 
86.5872 	 1 
86.5872 	 2 
86.8659 	 2 
86.8659 	 0 
86.8775 	 1 
87.1561 	 0 
87.1561 	 1 
87.1561 	 2 
87.4463 	 0 
87.4463 	 2 
87.4463 	 1 
87.7250 	 2 
87.7250 	 0 
87.7366 	 1 
88.0268 	 2 
88.0268 	 1 
88.0268 	 0 
88.3171 	 0 
88.3171 	 2 
88.3287 	 1 
88.5841 	 2 
88.5957 	 1 
88.5957 	 0 
88.8860 	 2 
88.9092 	 1 
88.9092 	 0 
89.1762 	 1 
89.1762 	 0 
89.1762 	 2 
89.4665 	 2 
89.4781 	 1 
89.4781 	 0 
89.7567 	 2 
89.7683 	 0 
89.7683 	 1 
90.0354 	 2 
90.0354 	 0 
90.0470 	 1 
90.3372 	 2 
90.3372 	 0 
90.3372 	 1 
90.6159 	 1 
90.6159 	 2 
90.6275 	 0 
90.8249 	 2 
90.9061 	 1 
90.9061 	 2 
90.9177 	 0 
91.2080 	 1 
91.2080 	 2 
91.4750 	 0 
91.4866 	 2 
91.4866 	 1 
91.7769 	 0 
91.7769 	 2 
91.7769 	 1 
92.0671 	 1 
92.0671 	 0 
92.0671 	 2 
92.3574 	 0 
92.3574 	 2 
92.3574 	 1 
92.6360 	 2 
92.6360 	 0 
92.6476 	 1 
92.8566 	 2 
92.9379 	 0 
92.9495 	 2 
92.9495 	 1 
93.2049 	 2 
93.2049 	 1 
93.2165 	 0 
93.5184 	 2 
93.5184 	 0 
93.5184 	 1 
93.8086 	 0 
93.8202 	 2 
94.0873 	 1 
94.0989 	 2 
94.0989 	 0 
94.3891 	 1 
94.3891 	 0 
94.3891 	 2 
94.6445 	 2 
94.6561 	 1 
94.9464 	 0 
94.9580 	 1 
94.9696 	 2 
95.2483 	 1 
95.2483 	 2 
95.2599 	 0 
95.5269 	 2 
95.5269 	 0 
95.5269 	 1 
95.8171 	 2 
95.8288 	 0 
95.8288 	 1 
96.0958 	 2 
96.1074 	 1 
96.1074 	 0 
96.3860 	 2 
96.3860 	 0 
96.3860 	 1 
96.6647 	 2 
96.6763 	 1 
96.6763 	 0 
96.9665 	 2 
96.9665 	 1 
96.9781 	 0 
97.2684 	 2 
97.2684 	 0 
97.2684 	 1 
97.5470 	 2 
97.5586 	 0 
97.5586 	 1 
97.8373 	 0 
97.8373 	 1 
97.8489 	 2 
98.1391 	 2 
98.1391 	 1 
98.4178 	 1 
98.4178 	 2 
98.4178 	 0 
98.6964 	 0 
98.6964 	 2 
98.6964 	 1 
98.9867 	 2 
98.9867 	 0 
98.9983 	 1 
99.2769 	 2 
99.2769 	 0 
99.2769 	 1 
99.5672 	 0 
99.5672 	 1 
99.5672 	 2 
99.8574 	 2 
99.8690 	 1 
99.8690 	 0 
100.1244 	 2 
100.1244 	 1 
100.1244 	 0 
100.4031 	 2 
100.7166 	 0 
100.7166 	 2 
100.7282 	 1 
100.9836 	 2 
100.9836 	 0 
100.9952 	 1 
101.2738 	 2 
101.2738 	 1 
101.2738 	 0 
101.5757 	 1 
101.5873 	 0 
101.5873 	 2 
101.8543 	 0 
101.8543 	 2 
101.8659 	 1 
102.1330 	 1 
102.1446 	 0 
102.1562 	 2 
102.2955 	 1 
102.2955 	 2 
102.2955 	 0 
102.4348 	 1 
102.4348 	 0 
102.4348 	 2 
102.7251 	 2 
103.0385 	 2 
103.0385 	 0 
103.0385 	 1 
103.3056 	 2 
103.3056 	 0 
103.3056 	 1 
103.5958 	 1 
103.5958 	 0 
103.5958 	 2 
103.8861 	 1 
103.8861 	 0 
103.8861 	 2 
104.1763 	 2 
104.1879 	 1 
104.1879 	 0 
104.4666 	 2 
104.4666 	 0 
104.4782 	 1 
104.7452 	 0 
104.7452 	 1 
104.7568 	 2 
105.0239 	 1 
105.0355 	 2 
105.3257 	 2 
105.3257 	 1 
105.3373 	 0 
105.6160 	 0 
105.6160 	 2 
105.6160 	 1 
105.9062 	 0 
105.9062 	 2 
105.9062 	 1 
106.1965 	 0 
106.2081 	 2 
106.2081 	 1 
106.4983 	 2 
106.4983 	 0 
106.4983 	 1 
106.7886 	 2 
106.7886 	 1 
106.7886 	 0 
107.0556 	 0 
107.0556 	 2 
107.0672 	 1 
107.3459 	 2 
107.3459 	 1 
107.3459 	 0 
107.6361 	 2 
107.6361 	 1 
107.6361 	 0 
107.9263 	 2 
107.9263 	 1 
107.9263 	 0 
108.1934 	 0 
108.1934 	 2 
108.2050 	 1 
108.4952 	 2 
108.4952 	 0 
108.4952 	 1 
108.7971 	 0 
108.7971 	 1 
108.7971 	 2 
109.0873 	 1 
109.0873 	 2 
109.3660 	 1 
109.3660 	 2 
109.3776 	 0 
109.6562 	 2 
109.9465 	 0 
109.9465 	 2 
109.9581 	 1 
110.2251 	 2 
110.2367 	 1 
110.2367 	 0 
110.5154 	 1 
110.5154 	 0 
110.5154 	 2 
110.8172 	 1 
110.8172 	 2 
110.8172 	 0 
111.0959 	 0 
111.1075 	 2 
111.1191 	 1 
111.3977 	 0 
111.3977 	 2 
111.3977 	 1 
111.6648 	 2 
111.6764 	 0 
111.9782 	 2 
111.9782 	 0 
111.9782 	 1 
112.2685 	 0 
112.2685 	 1 
112.2685 	 2 
112.5471 	 2 
112.5471 	 0 
112.5587 	 1 
112.8374 	 1 
112.8490 	 0 
112.8490 	 2 
113.1276 	 2 
113.1276 	 0 
113.1392 	 1 
113.4179 	 2 
113.4179 	 1 
113.4179 	 0 
113.7197 	 0 
113.7197 	 2 
113.7197 	 1 
113.9868 	 1 
113.9868 	 0 
113.9868 	 2 
114.2886 	 2 
114.2886 	 0 
114.5673 	 1 
114.5673 	 2 
114.5673 	 0 
114.8459 	 0 
114.8459 	 1 
114.8459 	 2 
115.1129 	 1 
115.1129 	 2 
115.1245 	 0 
115.4148 	 0 
115.4148 	 2 
115.4264 	 1 
115.7050 	 2 
115.7050 	 1 
115.7050 	 0 
115.9953 	 2 
116.0069 	 0 
116.2507 	 0 
116.2739 	 1 
116.2855 	 2 
116.5874 	 2 
116.8660 	 1 
116.8776 	 0 
116.8776 	 2 
117.1563 	 1 
117.1563 	 0 
117.1563 	 2 
117.4349 	 0 
117.4465 	 2 
117.4465 	 1 
117.7020 	 2 
117.7484 	 1 
118.0270 	 2 
118.0270 	 1 
118.0270 	 0 
118.3173 	 2 
118.5959 	 1 
118.5959 	 0 
118.6075 	 2 
118.8978 	 2 
119.1880 	 1 
119.1880 	 0 
119.1880 	 2 
119.3390 	 2 
119.4551 	 2 
119.4667 	 0 
119.4783 	 1 
119.7453 	 0 
119.7453 	 1 
119.7569 	 2 
120.0472 	 1 
120.0472 	 0 
120.0472 	 2 
120.3258 	 2 
120.3258 	 1 
120.3258 	 0 
120.5580 	 2 
120.6044 	 1 
120.6277 	 2 
120.7089 	 2 
120.9063 	 1 
120.9063 	 0 
120.9179 	 2 
121.1849 	 2 
121.4868 	 2 
121.4868 	 0 
121.4868 	 1 
121.7654 	 0 
121.7654 	 2 
121.7654 	 1 
122.0557 	 0 
122.0557 	 2 
122.0557 	 1 
122.3343 	 2 
122.3692 	 0 
122.6246 	 2 
122.6362 	 0 
122.6362 	 1 
122.9148 	 1 
122.9148 	 0 
122.9148 	 2 
123.2051 	 1 
123.2051 	 2 
123.2167 	 0 
123.4837 	 0 
123.4837 	 1 
123.4837 	 2 
123.7856 	 2 
123.7972 	 1 
123.7972 	 0 
124.0642 	 0 
124.0642 	 2 
124.0758 	 1 
124.3661 	 0 
124.3661 	 1 
124.3661 	 2 
124.6563 	 2 
124.6679 	 1 
124.6679 	 0 
124.9466 	 2 
124.9466 	 1 
124.9466 	 0 
125.2252 	 0 
125.2368 	 1 
125.2368 	 2 
125.5155 	 2 
125.5155 	 1 
125.5155 	 0 
125.8057 	 2 
125.8173 	 0 
126.0960 	 1 
126.0960 	 0 
126.0960 	 2 
126.3746 	 0 
126.3746 	 2 
126.3862 	 1 
126.6765 	 0 
126.6765 	 1 
126.6765 	 2 
126.9667 	 1 
126.9667 	 2 
126.9667 	 0 
127.2570 	 2 
127.2570 	 1 
127.2570 	 0 
127.5472 	 1 
127.5472 	 2 
127.5472 	 0 
127.7098 	 2 
127.8259 	 2 
127.8259 	 1 
127.8259 	 0 
128.1277 	 2 
128.1277 	 1 
128.1277 	 0 
128.3947 	 1 
128.4063 	 2 
128.4063 	 0 
128.6966 	 2 
128.6966 	 0 
128.6966 	 1 
128.9868 	 0 
128.9868 	 2 
128.9868 	 1 
129.2771 	 0 
129.2771 	 2 
129.2771 	 1 
129.5673 	 2 
129.5673 	 0 
129.5673 	 1 
129.8344 	 1 
129.8344 	 2 
129.8344 	 0 
130.1362 	 1 
130.1362 	 0 
130.1362 	 2 
130.4265 	 2 
130.7167 	 0 
130.7167 	 1 
130.7283 	 2 
130.9954 	 1 
130.9954 	 0 
130.9954 	 2 
131.2856 	 1 
131.2972 	 2 
131.2972 	 0 
131.5875 	 0 
131.5875 	 2 
131.8661 	 0 
131.8777 	 1 
131.8777 	 2 
132.1680 	 1 
132.1680 	 0 
132.1680 	 2 
132.4466 	 0 
132.4582 	 1 
132.4582 	 2 
132.7369 	 2 
132.7485 	 0 
132.7485 	 1 
133.0271 	 0 
133.0271 	 2 
133.0271 	 1 
133.3058 	 0 
133.3174 	 2 
133.3174 	 1 
133.5960 	 0 
133.5960 	 1 
133.5960 	 2 
133.8863 	 2 
133.8863 	 0 
133.8979 	 1 
134.1881 	 0 
134.1881 	 2 
134.1881 	 1 
134.4668 	 2 
134.4784 	 0 
134.7454 	 0 
134.7454 	 2 
134.7570 	 1 
135.0473 	 2 
135.0589 	 1 
135.3491 	 1 
135.3491 	 0 
135.3607 	 2 
135.6045 	 2 
135.6161 	 0 
135.6161 	 1 
135.8948 	 2 
135.9064 	 0 
135.9064 	 1 
136.4869 	 0 
136.4869 	 2 
136.4985 	 1 
136.7655 	 0 
136.7655 	 2 
136.7655 	 1 
137.0442 	 2 
137.0442 	 1 
137.3344 	 2 
137.3344 	 0 
137.3460 	 1 
137.6363 	 0 
137.6479 	 1 
137.6595 	 2 
137.7756 	 2 
137.8801 	 1 
137.8801 	 0 
137.8801 	 2 
138.2052 	 2 
138.2052 	 1 
138.2052 	 0 
138.4722 	 2 
138.7741 	 1 
138.7741 	 2 
138.9250 	 0 
138.9250 	 1 
138.9250 	 2 
139.3429 	 2 
139.3546 	 1 
139.6332 	 2 
139.9467 	 0 
139.9583 	 1 
139.9583 	 2 
140.2253 	 0 
140.2369 	 1 
140.2369 	 2 
140.5272 	 2 
140.5272 	 0 
140.5388 	 1 
140.8058 	 2 
140.8174 	 1 
141.1077 	 0 
141.1077 	 2 
141.1077 	 1 
141.3747 	 1 
141.3979 	 0 
141.3979 	 2 
141.6766 	 2 
141.6882 	 0 
141.6882 	 1 
141.9668 	 2 
141.9784 	 0 
142.2571 	 2 
142.2687 	 1 
142.2687 	 0 
142.5473 	 0 
142.5473 	 2 
142.5473 	 1 
142.8259 	 0 
142.8259 	 2 
142.8376 	 1 
143.1278 	 0 
143.1278 	 1 
143.1278 	 2 
143.4064 	 2 
143.4180 	 1 
143.6967 	 1 
143.6967 	 2 
143.6967 	 0 
143.9985 	 0 
143.9985 	 1 
143.9985 	 2 
144.2888 	 2 
144.5790 	 0 
144.5907 	 2 
144.5907 	 1 
144.8577 	 1 
144.8577 	 2 
144.8577 	 0 
145.1479 	 2 
145.1595 	 1 
145.1595 	 0 
145.4498 	 0 
145.4498 	 2 
145.4614 	 1 
145.7400 	 0 
145.7400 	 1 
145.7400 	 2 
146.0187 	 2 
146.0187 	 0 
146.0303 	 1 
146.3089 	 1 
146.3089 	 0 
146.3089 	 2 
146.5992 	 2 
146.5992 	 0 
146.8778 	 2 
146.8778 	 0 
146.8778 	 1 
147.1681 	 1 
147.1681 	 0 
147.1681 	 2 
147.4467 	 0 
147.4583 	 1 
147.4583 	 2 
147.7370 	 2 
147.7370 	 0 
147.7486 	 1 
148.0272 	 2 
148.0388 	 1 
148.0388 	 0 
148.3291 	 0 
148.3291 	 1 
148.3291 	 2 
148.6077 	 2 
148.6193 	 1 
148.6193 	 0 
148.9096 	 2 
148.9096 	 0 
148.9096 	 1 
149.1998 	 0 
149.2114 	 2 
149.2114 	 1 
149.4785 	 2 
149.4785 	 0 
149.4901 	 1 
149.7687 	 0 
149.7687 	 2 
149.7687 	 1 
150.0473 	 2 
150.0590 	 0 
150.0590 	 1 
150.3492 	 1 
150.3492 	 2 
150.3492 	 0 
150.6278 	 2 
150.6395 	 0 
150.6395 	 1 
150.9065 	 2 
150.9181 	 1 
150.9413 	 2 
151.1967 	 2 
151.1967 	 1 
151.4870 	 2 
151.4870 	 1 
151.4870 	 0 
151.7656 	 0 
151.7656 	 2 
151.7772 	 1 
152.0559 	 2 
152.0675 	 1 
152.0675 	 0 
152.3461 	 0 
152.3461 	 2 
152.3577 	 1 
152.6364 	 0 
152.6364 	 2 
152.6480 	 1 
152.9266 	 1 
152.9266 	 2 
152.9266 	 0 
153.2169 	 1 
153.2169 	 0 
153.2169 	 2 
153.4955 	 2 
153.5071 	 0 
153.5071 	 1 
153.7974 	 2 
153.7974 	 0 
153.8090 	 1 
154.0760 	 0 
154.0760 	 2 
154.0876 	 1 
154.3779 	 2 
154.3779 	 0 
154.3779 	 1 
154.6565 	 2 
154.6565 	 0 
154.6681 	 1 
154.9584 	 0 
154.9584 	 2 
154.9584 	 1 
155.2370 	 2 
155.2370 	 0 
155.2486 	 1 
155.5156 	 2 
155.5156 	 0 
155.5273 	 1 
155.8059 	 2 
155.8175 	 0 
155.8175 	 1 
156.1078 	 1 
156.1078 	 2 
156.1078 	 0 
156.3748 	 0 
156.3864 	 2 
156.3864 	 1 
156.6650 	 0 
156.6650 	 2 
156.6766 	 1 
156.9669 	 0 
156.9785 	 1 
156.9785 	 2 
157.2571 	 0 
157.2571 	 2 
157.2571 	 1 
157.5242 	 2 
157.5242 	 0 
157.5242 	 1 
157.8376 	 2 
157.8376 	 1 
157.8376 	 0 
158.1163 	 2 
158.4065 	 0 
158.4298 	 1 
158.4298 	 2 
158.7084 	 2 
158.7084 	 0 
158.7084 	 1 
158.9870 	 2 
158.9870 	 0 
158.9870 	 1 
159.1612 	 2 
159.2657 	 2 
159.5675 	 1 
159.5675 	 0 
159.5675 	 2 
159.8578 	 2 
159.8578 	 0 
159.8694 	 1 
160.1480 	 2 
160.1480 	 1 
160.1480 	 0 
160.4267 	 0 
160.4267 	 1 
160.4267 	 2 
160.7285 	 0 
160.7285 	 2 
160.7285 	 1 
160.9956 	 1 
160.9956 	 0 
160.9956 	 2 
161.2858 	 2 
161.2974 	 1 
161.2974 	 0 
161.5761 	 0 
161.5761 	 2 
161.5877 	 1 
161.8779 	 1 
161.8779 	 0 
161.8779 	 2 
162.1566 	 0 
162.1682 	 1 
162.1682 	 2 
162.4352 	 0 
162.4468 	 1 
162.4468 	 2 
162.7138 	 2 
163.0157 	 0 
163.0157 	 2 
163.0273 	 1 
163.3059 	 0 
163.3176 	 1 
163.3176 	 2 
163.5962 	 1 
163.6078 	 0 
163.6078 	 2 
163.8864 	 2 
163.8980 	 0 
164.1883 	 0 
164.1883 	 2 
164.1883 	 1 
164.4785 	 2 
164.4785 	 0 
164.4785 	 1 
164.7456 	 0 
164.7572 	 2 
164.7572 	 1 
165.0474 	 2 
165.0474 	 0 
165.0474 	 1 
165.3261 	 2 
165.3261 	 0 
165.3261 	 1 
165.6163 	 1 
165.6163 	 0 
165.6163 	 2 
165.9066 	 1 
165.9066 	 0 
165.9066 	 2 
166.1852 	 2 
166.1968 	 0 
166.1968 	 1 
166.4871 	 1 
166.4871 	 0 
166.4871 	 2 
166.7773 	 0 
166.7773 	 2 
166.7773 	 1 
167.0560 	 2 
167.0560 	 1 
167.0676 	 0 
167.3578 	 0 
167.3578 	 1 
167.3578 	 2 
167.6481 	 2 
167.6481 	 0 
167.6597 	 1 
167.9267 	 2 
167.9267 	 0 
167.9267 	 1 
168.2170 	 2 
168.2170 	 0 
168.2286 	 1 
168.4956 	 2 
168.5072 	 0 
168.5072 	 1 
168.7975 	 2 
168.7975 	 0 
168.7975 	 1 
169.0993 	 0 
169.0993 	 2 
169.0993 	 1 
169.3780 	 0 
169.3780 	 2 
169.3780 	 1 
169.6682 	 2 
169.6682 	 1 
169.6682 	 0 
169.9468 	 1 
169.9468 	 0 
169.9468 	 2 
170.2255 	 0 
170.2255 	 2 
170.2255 	 1 
170.5157 	 0 
170.5157 	 1 
170.5157 	 2 
170.8060 	 1 
170.8060 	 2 
170.8060 	 0 
171.0962 	 0 
171.0962 	 1 
171.1078 	 2 
171.2356 	 2 
171.3981 	 0 
171.3981 	 1 
171.3981 	 2 
171.6767 	 2 
171.6767 	 0 
171.6767 	 1 
171.9554 	 1 
171.9670 	 2 
171.9670 	 0 
172.2572 	 0 
172.2572 	 1 
172.2572 	 2 
172.5359 	 0 
172.5359 	 2 
172.5475 	 1 
172.8261 	 2 
172.8261 	 1 
172.8261 	 0 
173.1048 	 0 
173.1164 	 2 
173.3950 	 0 
173.4066 	 1 
173.4066 	 2 
173.6853 	 2 
173.6969 	 1 
173.6969 	 0 
173.9523 	 1 
173.9523 	 2 
173.9639 	 0 
174.1497 	 2 
174.2658 	 2 
174.5444 	 0 
174.5560 	 1 
174.5560 	 2 
174.8346 	 1 
174.8346 	 0 
174.8346 	 2 
175.1133 	 0 
175.1249 	 1 
175.1249 	 2 
175.4151 	 2 
175.4268 	 0 
175.4268 	 1 
175.7054 	 1 
175.7054 	 0 
175.7170 	 2 
176.0073 	 2 
176.0189 	 1 
176.2743 	 2 
176.2859 	 1 
176.2859 	 0 
176.5761 	 0 
176.5761 	 2 
176.5761 	 1 
176.8664 	 0 
176.8664 	 1 
176.8780 	 2 
177.1334 	 0 
177.1334 	 2 
177.1450 	 1 
177.4237 	 1 
177.4237 	 0 
177.4237 	 2 
177.7255 	 1 
177.7255 	 0 
177.7371 	 2 
177.9926 	 2 
178.0158 	 1 
178.0158 	 0 
178.2712 	 1 
178.2712 	 0 
178.2828 	 2 
178.5963 	 0 
178.6079 	 2 
178.6079 	 1 
178.8981 	 2 
178.8981 	 1 
179.1652 	 0 
179.1768 	 2 
179.1768 	 1 
179.4670 	 1 
179.4670 	 2 
179.4670 	 0 
179.7457 	 0 
179.7457 	 1 
179.7457 	 2 
180.0127 	 2 
180.0243 	 0 
180.0359 	 1 
180.3262 	 1 
180.3262 	 0 
180.3378 	 2 
180.4655 	 1 
180.4771 	 2 
180.5932 	 0 
180.5932 	 2 
180.6048 	 1 
180.8718 	 0 
180.8834 	 1 
180.8834 	 2 
181.1853 	 2 
181.1969 	 0 
181.1969 	 1 
181.4988 	 2 
181.4988 	 0 
181.5220 	 1 
181.7774 	 2 
181.7890 	 0 
181.7890 	 1 
182.0793 	 2 
182.0793 	 0 
182.0793 	 1 
182.3579 	 2 
182.3579 	 0 
182.3695 	 1 
182.6366 	 1 
182.6366 	 0 
182.6366 	 2 
182.9268 	 0 
182.9268 	 1 
182.9268 	 2 
183.2171 	 2 
183.2171 	 0 
183.2171 	 1 
183.5073 	 2 
183.5073 	 1 
183.5073 	 0 
183.7976 	 2 
183.7976 	 1 
183.7976 	 0 
184.0762 	 0 
184.0762 	 2 
184.0762 	 1 
184.3664 	 0 
184.3664 	 2 
184.3664 	 1 
184.6567 	 0 
184.6567 	 2 
184.6683 	 1 
184.9469 	 2 
184.9469 	 1 
184.9469 	 0 
185.2372 	 0 
185.2488 	 2 
185.2488 	 1 
185.3997 	 2 
185.5158 	 2 
185.5274 	 1 
185.5274 	 0 
185.7596 	 2 
185.8293 	 0 
185.8293 	 2 
186.1195 	 2 
186.1195 	 0 
186.1312 	 1 
186.3982 	 0 
186.3982 	 1 
186.4098 	 2 
186.6884 	 0 
186.6884 	 2 
186.6884 	 1 
186.9903 	 0 
186.9903 	 2 
187.2689 	 2 
187.2689 	 1 
187.2805 	 0 
187.5592 	 2 
187.5592 	 0 
187.5592 	 1 
187.8378 	 1 
187.8378 	 0 
187.8378 	 2 
188.1281 	 2 
188.1397 	 0 
188.4183 	 0 
188.4183 	 1 
188.4183 	 2 
188.6970 	 0 
188.6970 	 2 
188.6970 	 1 
188.9756 	 2 
188.9756 	 1 
188.9756 	 0 
189.2659 	 2 
189.2659 	 1 
189.2659 	 0 
189.5561 	 2 
189.5561 	 1 
189.5561 	 0 
189.8347 	 2 
189.8347 	 1 
189.8347 	 0 
190.0902 	 2 
190.1250 	 1 
190.1250 	 0 
190.3456 	 2 
190.4385 	 2 
190.7171 	 0 
190.7171 	 1 
190.7287 	 2 
190.9957 	 2 
190.9957 	 0 
190.9957 	 1 
191.0422 	 2 
191.1699 	 2 
191.2744 	 1 
191.2744 	 2 
191.5878 	 1 
191.5878 	 2 
191.5878 	 0 
191.8549 	 1 
191.8549 	 0 
191.8549 	 2 
192.0058 	 2 
192.4238 	 1 
192.4238 	 2 
192.4238 	 0 
192.7140 	 2 
193.0275 	 0 
193.0391 	 2 
193.0391 	 1 
193.3177 	 2 
193.3177 	 1 
193.3177 	 0 
193.5848 	 2 
193.8866 	 2 
193.8982 	 1 
193.8982 	 0 
194.1653 	 2 
194.1653 	 0 
194.1769 	 1 
194.4671 	 1 
194.4671 	 0 
194.4787 	 2 
194.6064 	 2 
194.7341 	 1 
194.7341 	 2 
194.7458 	 0 
195.0592 	 0 
195.0708 	 2 
195.3495 	 2 
195.3495 	 0 
195.3611 	 1 
195.6049 	 0 
195.6049 	 2 
195.6049 	 1 
195.9068 	 2 
195.9068 	 1 
195.9068 	 0 
196.1854 	 1 
196.1854 	 2 
196.1854 	 0 
196.4640 	 1 
196.4640 	 2 
196.4640 	 0 
196.7543 	 0 
196.7659 	 1 
196.7659 	 2 
197.0445 	 1 
197.0445 	 2 
197.0445 	 0 
197.3348 	 0 
197.3348 	 2 
197.6250 	 0 
197.6250 	 1 
197.6250 	 2 
197.9153 	 0 
197.9153 	 1 
197.9153 	 2 
198.2055 	 1 
198.2055 	 2 
198.2055 	 0 
198.4958 	 1 
198.5074 	 2 
198.5074 	 0 
198.6583 	 2 
198.7164 	 2 
198.7744 	 0 
198.7744 	 2 
198.7860 	 1 
198.8789 	 2 
199.0763 	 0 
199.0763 	 1 
199.0879 	 2 
199.3549 	 0 
199.3549 	 2 
199.3665 	 1 
199.6568 	 2 
199.9354 	 1 
199.9354 	 0 
199.9354 	 2 
200.2257 	 1 
200.2373 	 2 
200.2373 	 0 
200.5275 	 1 
200.5275 	 0 
200.5275 	 2 
200.8178 	 2 
200.8178 	 1 
201.0964 	 2 
201.0964 	 0 
201.1080 	 1 
201.3751 	 1 
201.3751 	 2 
201.3751 	 0 
201.6537 	 0 
201.6653 	 1 
201.6653 	 2 
201.9556 	 0 
201.9556 	 1 
201.9556 	 2 
202.2342 	 1 
202.2342 	 0 
202.2342 	 2 
202.5128 	 1 
202.5128 	 0 
202.5244 	 2 
202.8031 	 1 
202.8031 	 2 
202.8031 	 0 
203.0701 	 0 
203.0817 	 1 
203.0933 	 2 
203.3836 	 1 
203.3836 	 2 
203.3836 	 0 
203.5345 	 2 
203.6274 	 2 
203.9641 	 0 
203.9641 	 1 
203.9641 	 2 
204.2427 	 2 
204.5330 	 1 
204.5446 	 2 
204.5446 	 0 
204.8232 	 2 
204.8232 	 1 
204.8348 	 0 
205.1251 	 0 
205.1251 	 1 
205.1367 	 2 
205.4153 	 2 
205.4269 	 0 
205.7056 	 0 
205.7172 	 2 
205.7172 	 1 
205.9958 	 0 
205.9958 	 2 
205.9958 	 1 
206.2861 	 0 
206.2861 	 1 
206.2977 	 2 
206.5647 	 0 
206.5763 	 2 
206.5763 	 1 
206.8434 	 2 
206.8666 	 1 
206.8666 	 0 
206.8782 	 2 
207.1568 	 0 
207.1684 	 1 
207.1684 	 2 
207.4587 	 1 
207.4587 	 0 
207.4587 	 2 
207.7489 	 2 
207.7489 	 0 
207.7605 	 1 
208.0276 	 0 
208.0392 	 2 
208.0392 	 1 
208.3178 	 0 
208.3294 	 1 
208.3294 	 2 
208.5965 	 2 
208.5965 	 0 
208.5965 	 1 
208.9099 	 0 
208.9215 	 2 
209.1770 	 0 
209.1770 	 1 
209.2002 	 2 
209.4672 	 0 
209.4672 	 2 
209.4672 	 1 
209.7459 	 2 
209.7575 	 0 
209.7575 	 1 
210.0361 	 2 
210.0361 	 1 
210.0361 	 0 
210.3147 	 0 
210.3263 	 2 
210.3263 	 1 
210.5934 	 1 
210.6050 	 2 
210.6166 	 0 
210.8256 	 2 
210.8836 	 2 
210.8952 	 1 
210.8952 	 0 
211.1855 	 1 
211.1971 	 2 
211.4757 	 2 
211.4757 	 1 
211.4757 	 0 
211.7660 	 0 
211.7776 	 2 
211.7892 	 1 
212.0562 	 1 
212.0678 	 2 
212.0678 	 0 
212.3581 	 0 
212.3581 	 1 
212.3581 	 2 
212.6367 	 0 
212.6483 	 1 
212.6483 	 2 
212.9386 	 1 
212.9386 	 2 
212.9386 	 0 
213.2172 	 2 
213.2172 	 0 
213.2172 	 1 
213.5075 	 1 
213.5075 	 0 
213.5191 	 2 
213.7977 	 0 
213.8093 	 1 
213.8093 	 2 
214.0764 	 0 
214.0764 	 1 
214.0764 	 2 
214.3666 	 0 
214.3666 	 2 
214.3666 	 1 
214.6337 	 2 
214.6337 	 1 
214.9471 	 0 
214.9471 	 1 
214.9587 	 2 
215.2374 	 2 
215.2374 	 0 
215.2490 	 1 
215.5160 	 2 
215.5276 	 1 
215.5276 	 0 
215.8179 	 1 
215.8179 	 2 
215.8179 	 0 
216.1081 	 0 
216.1081 	 2 
216.1081 	 1 
216.3751 	 1 
216.3751 	 0 
216.3868 	 2 
216.6538 	 1 
216.6538 	 0 
216.6654 	 2 
216.9556 	 2 
216.9556 	 1 
216.9556 	 0 
217.2459 	 2 
217.2459 	 0 
217.2575 	 1 
217.5478 	 0 
217.5478 	 2 
217.5594 	 1 
217.8264 	 0 
217.8264 	 1 
217.8380 	 2 
218.1283 	 1 
218.1283 	 2 
218.1283 	 0 
218.4069 	 1 
218.4069 	 2 
218.4069 	 0 
218.6855 	 0 
218.6971 	 1 
218.6971 	 2 
218.9874 	 2 
218.9874 	 1 
218.9874 	 0 
219.2660 	 1 
219.2660 	 0 
219.2660 	 2 
219.5447 	 2 
219.5563 	 1 
219.5563 	 0 
219.8581 	 0 
219.8581 	 1 
219.8581 	 2 
220.1252 	 0 
220.1252 	 1 
220.1252 	 2 
220.4038 	 2 
220.4154 	 0 
220.7173 	 1 
220.7173 	 2 
220.7173 	 0 
220.9727 	 1 
220.9843 	 0 
220.9843 	 2 
221.2629 	 0 
221.2746 	 2 
221.2746 	 1 
221.5532 	 2 
221.5532 	 0 
221.5532 	 1 
221.8434 	 0 
221.8434 	 2 
221.8434 	 1 
222.1453 	 0 
222.1453 	 2 
222.1453 	 1 
222.4239 	 2 
222.4472 	 0 
222.4472 	 1 
222.7374 	 2 
223.0277 	 0 
223.0393 	 2 
223.0393 	 1 
223.2947 	 1 
223.2947 	 2 
223.3063 	 0 
223.5966 	 2 
223.5966 	 1 
223.6082 	 0 
223.8868 	 1 
223.8868 	 2 
223.8868 	 0 
224.1771 	 2 
224.1771 	 1 
224.1771 	 0 
224.4557 	 2 
224.4673 	 1 
224.4673 	 0 
224.7459 	 2 
224.7576 	 0 
224.7576 	 1 
225.0478 	 1 
225.0594 	 2 
225.3380 	 1 
225.3380 	 2 
225.3497 	 0 
225.4774 	 2 
225.6051 	 2 
225.6167 	 1 
225.6167 	 0 
225.9069 	 2 
225.9069 	 1 
225.9069 	 0 
226.1856 	 1 
226.1972 	 2 
226.1972 	 0 
226.4758 	 0 
226.4758 	 2 
226.4874 	 1 
226.7777 	 0 
226.7893 	 2 
226.7893 	 1 
227.0563 	 0 
227.0563 	 2 
227.0563 	 1 
227.3350 	 2 
227.3466 	 1 
227.6252 	 2 
227.6252 	 0 
227.6368 	 1 
227.9039 	 0 
227.9155 	 1 
227.9155 	 2 
228.1941 	 0 
228.1941 	 2 
228.1941 	 1 
228.4844 	 2 
228.4844 	 0 
228.4960 	 1 
228.7746 	 2 
228.7862 	 1 
228.7862 	 0 
229.0649 	 2 
229.0765 	 1 
229.0765 	 0 
229.3551 	 2 
229.3667 	 1 
229.3667 	 0 
229.6570 	 2 
229.9472 	 2 
229.9472 	 0 
229.9472 	 1 
230.2259 	 1 
230.2259 	 2 
230.2259 	 0 
230.5161 	 2 
230.5161 	 0 
230.5161 	 1 
230.8180 	 2 
230.8180 	 1 
230.8180 	 0 
231.0966 	 1 
231.0966 	 0 
231.0966 	 2 
231.3985 	 0 
231.3985 	 2 
231.3985 	 1 
231.6539 	 2 
231.6771 	 1 
231.6771 	 0 
231.9790 	 0 
231.9906 	 2 
232.1995 	 2 
232.2576 	 0 
232.2576 	 1 
232.2692 	 2 
232.5362 	 2 
232.5362 	 0 
232.5362 	 1 
232.8265 	 2 
232.8381 	 0 
232.8381 	 1 
233.1167 	 0 
233.1167 	 2 
233.1283 	 1 
233.4070 	 2 
233.4070 	 1 
233.4070 	 0 
233.7088 	 0 
233.7205 	 2 
233.7205 	 1 
233.9875 	 2 
233.9875 	 1 
233.9875 	 0 
234.2661 	 2 
234.2777 	 0 
234.5680 	 2 
234.5680 	 1 
234.5680 	 0 
234.8466 	 0 
234.8466 	 2 
234.8466 	 1 
235.1369 	 0 
235.1369 	 2 
235.1369 	 1 
235.4155 	 2 
235.4271 	 0 
235.4387 	 1 
235.7058 	 0 
235.7174 	 2 
235.7174 	 1 
236.0076 	 0 
236.0076 	 1 
236.0192 	 2 
236.2863 	 0 
236.2979 	 1 
236.2979 	 2 
236.5765 	 0 
236.5881 	 1 
236.5881 	 2 
236.8668 	 2 
236.8784 	 1 
236.8784 	 0 
237.1454 	 0 
237.1454 	 1 
237.1454 	 2 
237.4473 	 1 
237.4473 	 0 
237.4473 	 2 
237.7259 	 2 
237.7259 	 0 
237.7375 	 1 
238.0161 	 0 
238.0161 	 2 
238.0278 	 1 
238.3064 	 0 
238.3064 	 2 
238.3064 	 1 
238.5966 	 0 
238.5966 	 1 
238.6083 	 2 
238.8985 	 2 
238.8985 	 1 
239.1771 	 1 
239.1888 	 0 
239.1888 	 2 
239.3281 	 2 
239.4674 	 0 
239.4906 	 2 
239.6299 	 2 
239.7576 	 2 
239.7693 	 0 
240.0479 	 2 
240.0479 	 0 
240.0595 	 1 
240.3265 	 0 
240.3265 	 2 
240.3381 	 1 
240.5123 	 2 
240.7561 	 2 
240.8838 	 2 
240.8954 	 0 
240.9070 	 1 
241.1973 	 1 
241.1973 	 0 
241.2089 	 2 
241.4759 	 1 
241.4759 	 0 
241.4875 	 2 
241.7662 	 1 
241.7662 	 0 
241.7778 	 2 
242.0448 	 2 
242.0448 	 1 
242.0564 	 0 
242.3351 	 2 
242.3351 	 1 
242.3467 	 0 
242.6253 	 1 
242.6253 	 0 
242.6253 	 2 
242.9039 	 0 
242.9272 	 2 
242.9272 	 1 
243.2058 	 0 
243.2058 	 2 
243.2058 	 1 
243.5193 	 0 
243.5309 	 2 
243.7979 	 0 
243.7979 	 2 
243.8211 	 2 
244.0766 	 0 
244.0766 	 1 
244.0766 	 2 
244.3668 	 0 
244.3668 	 2 
244.3668 	 1 
244.6454 	 0 
244.6454 	 2 
244.6454 	 1 
244.9357 	 0 
244.9357 	 2 
244.9357 	 1 
245.2143 	 2 
245.2143 	 1 
245.2143 	 0 
245.4814 	 2 
245.4930 	 0 
245.4930 	 1 
245.7948 	 2 
245.8064 	 0 
245.8064 	 1 
246.0967 	 2 
246.0967 	 0 
246.1083 	 1 
246.3637 	 2 
246.3637 	 0 
246.3637 	 1 
246.6540 	 0 
246.6656 	 1 
246.6656 	 2 
246.9442 	 2 
246.9442 	 1 
246.9442 	 0 
247.2345 	 2 
247.2345 	 0 
247.2461 	 1 
247.5363 	 0 
247.5363 	 1 
247.5363 	 2 
247.8150 	 2 
247.8150 	 1 
247.8150 	 0 
248.0936 	 2 
248.1168 	 1 
248.1168 	 0 
248.4071 	 0 
248.4071 	 2 
248.4071 	 1 
248.6857 	 2 
248.6857 	 0 
248.6857 	 1 
248.9760 	 0 
248.9760 	 1 
248.9760 	 2 
249.2546 	 2 
249.2778 	 1 
249.2778 	 0 
249.5565 	 0 
249.5565 	 2 
249.5565 	 1 
249.6958 	 2 
249.7538 	 2 
249.8003 	 2 
250.1137 	 1 
250.1137 	 0 
250.1137 	 2 
250.4272 	 0 
250.4388 	 2 
250.7059 	 2 
250.7175 	 1 
250.7175 	 0 
250.9729 	 2 
250.9845 	 1 
250.9845 	 0 
251.2747 	 2 
251.2863 	 1 
251.2863 	 0 
251.5650 	 2 
251.5766 	 0 
251.5766 	 1 
251.8552 	 0 
251.8668 	 1 
251.8668 	 2 
252.1339 	 1 
252.1339 	 0 
252.1339 	 2 
252.4357 	 0 
252.4357 	 2 
252.4357 	 1 
252.7376 	 2 
252.7376 	 0 
252.7376 	 1 
253.0162 	 0 
253.0162 	 2 
253.0278 	 1 
253.2949 	 2 
253.2949 	 0 
253.2949 	 1 
253.5851 	 1 
253.5851 	 2 
253.5967 	 0 
253.8754 	 0 
253.8754 	 2 
253.8754 	 1 
254.1772 	 1 
254.1772 	 2 
254.1772 	 0 
254.4559 	 2 
254.4675 	 0 
254.4675 	 1 
254.7345 	 1 
254.7345 	 2 
254.7345 	 0 
255.0364 	 2 
255.0480 	 1 
255.0480 	 0 
255.3382 	 0 
255.3382 	 2 
255.3382 	 1 
255.6053 	 0 
255.6169 	 2 
255.6169 	 1 
255.9187 	 1 
255.9187 	 0 
255.9187 	 2 
256.1974 	 0 
256.1974 	 1 
256.1974 	 2 
256.4876 	 2 
256.4876 	 0 
256.4992 	 1 
256.7663 	 1 
256.7663 	 0 
256.7663 	 2 
257.0681 	 2 
257.0681 	 0 
257.0681 	 1 
257.3351 	 2 
257.3351 	 0 
257.3468 	 1 
257.6254 	 2 
257.6370 	 0 
257.6370 	 1 
257.9156 	 0 
257.9156 	 2 
257.9156 	 1 
258.1943 	 0 
258.2059 	 1 
258.2059 	 2 
258.4845 	 0 
258.4845 	 2 
258.4961 	 1 
258.7748 	 1 
258.7748 	 2 
258.7748 	 0 
259.0534 	 2 
259.3205 	 1 
259.3205 	 0 
259.3205 	 2 
259.6107 	 2 
259.6223 	 1 
259.6223 	 0 
259.8893 	 0 
259.9010 	 1 
259.9010 	 2 
260.2028 	 0 
260.2028 	 2 
260.4815 	 2 
260.4931 	 0 
260.4931 	 1 
260.7717 	 2 
260.7717 	 0 
260.7717 	 1 
261.0736 	 2 
261.0736 	 0 
261.0736 	 1 
261.3290 	 0 
261.3290 	 2 
261.3290 	 1 
261.3870 	 2 
261.6541 	 0 
261.6657 	 2 
261.6657 	 1 
261.9327 	 1 
261.9443 	 2 
261.9443 	 0 
262.2229 	 2 
262.2229 	 0 
262.2229 	 1 
262.4668 	 2 
262.5132 	 0 
262.5248 	 2 
262.5596 	 2 
262.6873 	 2 
262.7918 	 0 
262.7918 	 2 
262.7918 	 1 
263.0937 	 1 
263.0937 	 2 
263.0937 	 0 
263.3723 	 2 
263.6510 	 0 
263.6626 	 2 
263.6626 	 1 
263.9644 	 1 
263.9644 	 2 
263.9644 	 0 
264.2083 	 2 
264.5566 	 2 
264.5566 	 1 
264.5566 	 0 
264.8236 	 2 
264.8352 	 1 
264.8352 	 0 
265.1254 	 0 
265.1371 	 2 
265.1371 	 1 
265.4157 	 2 
265.7059 	 2 
265.7059 	 1 
265.7059 	 0 
266.0078 	 2 
266.0078 	 1 
266.0078 	 0 
266.2748 	 2 
266.2748 	 1 
266.2864 	 0 
266.5767 	 0 
266.5767 	 2 
266.5767 	 1 
266.8553 	 0 
266.8669 	 1 
266.8669 	 2 
267.1340 	 2 
267.1456 	 0 
267.1456 	 1 
267.4126 	 1 
267.4242 	 0 
267.4242 	 2 
268.0047 	 0 
268.0047 	 2 
268.0163 	 1 
268.3066 	 1 
268.3066 	 2 
268.3066 	 0 
268.4923 	 2 
268.5736 	 2 
268.5852 	 0 
268.5968 	 1 
268.6549 	 2 
268.8639 	 0 
268.8871 	 1 
268.8871 	 2 
269.1773 	 2 
269.1773 	 1 
269.1773 	 0 
269.4444 	 1 
269.4444 	 0 
269.4444 	 2 
269.7462 	 0 
269.7462 	 2 
269.7462 	 1 
270.0481 	 2 
270.3267 	 0 
270.3383 	 2 
270.3383 	 1 
270.6170 	 0 
270.6170 	 1 
270.6170 	 2 
270.8956 	 2 
270.8956 	 0 
270.9072 	 1 
271.1859 	 2 
271.1975 	 0 
271.1975 	 1 
271.4761 	 2 
271.4761 	 1 
271.4761 	 0 
271.7547 	 1 
271.7547 	 0 
271.7547 	 2 
272.0334 	 0 
272.0334 	 2 
272.0450 	 1 
272.3236 	 2 
272.3352 	 0 
272.3352 	 1 
272.6139 	 2 
272.6139 	 0 
272.6255 	 1 
272.8809 	 1 
272.8925 	 0 
272.8925 	 2 
273.1828 	 2 
273.1828 	 0 
273.1828 	 1 
273.4730 	 2 
273.8097 	 0 
273.8097 	 1 
273.8097 	 2 
274.0767 	 1 
274.0767 	 2 
274.0767 	 0 
274.6456 	 1 
274.6456 	 2 
274.6456 	 0 
274.9127 	 1 
274.9127 	 2 
274.9127 	 0 
275.1797 	 2 
275.4932 	 1 
275.4932 	 0 
275.4932 	 2 
275.7950 	 0 
275.7950 	 1 
275.8066 	 2 
276.0853 	 2 
276.1201 	 1 
276.1201 	 0 
276.3639 	 0 
276.3639 	 1 
276.3639 	 2 
276.6425 	 2 
276.9676 	 2 
276.9792 	 1 
276.9792 	 0 
277.2463 	 0 
277.2463 	 2 
277.2463 	 1 
277.3972 	 2 
277.5365 	 2 
277.8035 	 2 
277.8035 	 1 
277.8035 	 0 
278.0822 	 2 
278.3956 	 0 
278.3956 	 1 
278.4073 	 2 
278.6743 	 2 
278.6743 	 1 
278.6743 	 0 
278.9645 	 2 
278.9761 	 1 
278.9761 	 0 
279.2548 	 2 
279.2548 	 1 
279.2548 	 0 
279.5450 	 1 
279.5450 	 0 
279.5450 	 2 
279.8469 	 2 
279.8469 	 1 
279.8469 	 0 
280.1255 	 2 
280.1255 	 1 
280.1371 	 0 
280.4158 	 2 
280.4274 	 1 
280.4274 	 0 
280.7060 	 0 
280.7060 	 1 
280.7060 	 2 
280.9731 	 1 
280.9731 	 2 
280.9963 	 0 
281.2749 	 1 
281.2749 	 0 
281.2749 	 2 
281.5768 	 0 
281.5768 	 1 
281.5768 	 2 
281.8554 	 1 
281.8554 	 0 
281.8554 	 2 
282.1573 	 2 
282.1689 	 1 
282.1689 	 0 
282.4359 	 1 
282.4359 	 2 
282.4475 	 0 
282.7494 	 1 
282.7494 	 2 
283.0280 	 0 
283.0396 	 1 
283.0396 	 2 
283.1906 	 2 
283.3067 	 0 
283.3067 	 2 
283.3067 	 1 
283.5969 	 1 
283.5969 	 2 
283.5969 	 0 
283.8872 	 0 
283.8988 	 2 
283.8988 	 1 
284.1426 	 0 
284.1426 	 2 
284.1658 	 1 
284.4677 	 0 
284.4677 	 2 
284.7347 	 1 
284.7347 	 2 
284.7347 	 0 
285.0249 	 2 
285.0249 	 1 
285.0249 	 0 
285.1759 	 2 
285.3036 	 2 
285.3036 	 0 
285.3152 	 1 
285.4545 	 2 
285.5706 	 2 
285.5822 	 0 
285.5822 	 1 
285.7215 	 2 
285.7796 	 2 
285.8609 	 0 
285.8841 	 2 
285.9654 	 2 
286.0118 	 2 
286.0698 	 2 
286.1163 	 2 
286.1279 	 0 
286.1395 	 1 
286.4414 	 0 
286.4530 	 2 
286.4530 	 1 
286.5807 	 1 
286.5923 	 2 
286.6968 	 2 
287.0219 	 0 
287.0335 	 1 
287.0335 	 2 
287.1728 	 2 
287.3121 	 2 
287.6256 	 0 
287.6256 	 1 
287.6372 	 2 
287.8926 	 2 
287.8926 	 0 
287.8926 	 1 
288.2061 	 0 
288.2061 	 1 
288.2177 	 2 
288.4963 	 2 
288.5079 	 0 
288.7982 	 0 
288.7982 	 1 
288.7982 	 2 
289.0652 	 2 
289.0768 	 1 
289.0768 	 0 
289.3671 	 0 
289.3671 	 1 
289.3787 	 2 
289.6573 	 1 
289.6689 	 2 
289.9476 	 0 
289.9476 	 1 
289.9592 	 2 
290.2262 	 1 
290.2262 	 0 
290.2262 	 2 
290.2610 	 2 
290.2610 	 1 
290.5165 	 0 
290.5281 	 1 
290.5281 	 2 
290.8067 	 2 
290.8183 	 1 
290.8183 	 0 
291.0970 	 0 
291.0970 	 2 
291.1086 	 1 
291.3872 	 0 
291.3872 	 2 
291.3988 	 1 
291.6775 	 1 
291.6775 	 0 
291.6775 	 2 
291.9677 	 2 
291.9677 	 0 
291.9793 	 1 
292.2580 	 2 
292.2580 	 1 
292.2580 	 0 
292.5366 	 1 
292.5366 	 2 
292.5366 	 0 
292.8152 	 0 
292.8152 	 2 
292.8268 	 1 
293.1055 	 2 
293.1055 	 1 
293.1055 	 0 
293.3957 	 0 
293.3957 	 2 
293.4073 	 1 
293.6860 	 1 
293.6860 	 0 
293.6860 	 2 
293.9646 	 2 
293.9762 	 0 
293.9762 	 1 
294.2549 	 0 
294.2665 	 2 
294.5567 	 1 
294.5567 	 2 
294.5567 	 0 
294.8238 	 0 
294.8354 	 1 
294.8354 	 2 
295.1256 	 1 
295.1256 	 2 
295.1256 	 0 
295.4275 	 1 
295.4275 	 0 
295.4275 	 2 
295.7061 	 1 
295.7061 	 0 
295.7061 	 2 
295.9964 	 1 
296.0080 	 2 
296.0080 	 0 
296.2982 	 1 
296.2982 	 2 
296.2982 	 0 
296.5769 	 2 
296.5769 	 0 
296.5885 	 1 
296.8671 	 0 
296.8671 	 2 
296.8787 	 1 
297.1341 	 2 
297.1458 	 0 
297.1458 	 1 
297.4360 	 2 
297.4476 	 1 
297.4476 	 0 
297.7030 	 0 
297.7146 	 2 
297.7146 	 1 
298.0165 	 0 
298.0165 	 2 
298.0165 	 1 
298.3184 	 2 
298.3184 	 1 
298.3184 	 0 
298.5854 	 0 
298.5970 	 1 
298.5970 	 2 
298.8873 	 2 
299.1775 	 0 
299.1775 	 1 
299.1775 	 2 
299.4561 	 0 
299.4561 	 1 
299.4561 	 2 
299.7464 	 2 
299.7464 	 1 
299.7464 	 0 
300.0250 	 2 
300.0366 	 0 
300.0483 	 1 
300.3385 	 2 
300.3385 	 1 
300.3385 	 0 
300.6404 	 1 
300.6404 	 0 
300.6404 	 2 
300.8842 	 0 
300.8958 	 2 
300.9074 	 1 
301.1976 	 1 
301.1976 	 0 
301.2093 	 2 
301.4879 	 2 
301.4879 	 0 
301.4879 	 1 
301.7549 	 0 
301.7549 	 2 
301.7549 	 1 
302.0568 	 2 
302.0568 	 0 
302.0568 	 1 
302.3470 	 0 
302.3586 	 1 
302.3586 	 2 
302.5096 	 2 
302.6373 	 1 
302.6373 	 0 
302.6489 	 2 
302.9159 	 2 
303.2062 	 0 
303.2178 	 1 
303.2178 	 2 
303.4964 	 2 
303.7983 	 0 
303.7983 	 2 
303.8099 	 1 
304.0653 	 0 
304.0653 	 2 
304.0653 	 1 
304.3556 	 0 
304.3672 	 2 
304.3672 	 1 
304.6458 	 1 
304.6574 	 0 
304.6574 	 2 
304.9361 	 0 
304.9477 	 2 
304.9477 	 1 
305.2147 	 2 
305.2147 	 0 
305.2263 	 1 
305.5049 	 1 
305.5049 	 0 
305.5049 	 2 
305.7836 	 1 
305.7836 	 2 
305.7952 	 0 
306.0971 	 2 
306.0971 	 1 
306.0971 	 0 
306.3641 	 2 
306.3641 	 1 
306.3641 	 0 
306.6659 	 0 
306.6659 	 2 
306.6659 	 1 
306.9562 	 0 
306.9562 	 2 
306.9678 	 1 
307.2464 	 2 
307.2464 	 1 
307.2580 	 0 
307.5483 	 2 
307.5483 	 0 
307.5483 	 1 
307.8037 	 1 
307.8153 	 0 
307.8153 	 2 
308.1172 	 2 
308.4190 	 0 
308.4190 	 2 
308.4190 	 1 
308.6977 	 1 
308.6977 	 2 
308.6977 	 0 
308.9879 	 1 
308.9879 	 2 
308.9879 	 0 
309.2666 	 2 
309.2782 	 0 
309.2898 	 1 
309.5684 	 0 
309.5684 	 2 
309.5800 	 1 
309.8587 	 2 
309.8587 	 1 
309.8587 	 0 
310.1373 	 2 
310.1373 	 0 
310.1373 	 1 
310.4160 	 2 
310.4276 	 0 
310.4276 	 1 
310.7062 	 1 
310.7062 	 0 
310.7062 	 2 
310.9849 	 1 
310.9849 	 0 
310.9849 	 2 
311.2635 	 2 
311.2751 	 0 
311.2751 	 1 
311.5654 	 2 
311.5654 	 1 
311.5654 	 0 
311.8440 	 2 
311.8556 	 0 
311.8556 	 1 
312.1459 	 2 
312.1575 	 0 
312.1575 	 1 
312.4361 	 2 
312.4477 	 1 
312.4477 	 0 
312.7380 	 2 
313.0166 	 2 
313.0166 	 0 
313.0166 	 1 
313.2952 	 1 
313.2952 	 2 
313.3068 	 0 
313.5971 	 2 
313.5971 	 1 
313.5971 	 0 
313.8757 	 2 
313.8757 	 1 
313.8757 	 0 
314.1660 	 0 
314.1660 	 1 
314.1776 	 2 
314.4678 	 1 
314.4678 	 2 
314.4678 	 0 
314.7349 	 1 
314.7349 	 2 
314.7349 	 0 
315.0367 	 0 
315.0367 	 2 
315.0367 	 1 
315.3270 	 2 
315.3386 	 0 
315.3386 	 1 
315.6172 	 0 
315.6172 	 1 
315.6172 	 2 
315.9075 	 2 
315.9075 	 0 
315.9075 	 1 
316.1861 	 2 
316.1861 	 0 
316.1977 	 1 
316.4880 	 0 
316.4880 	 2 
316.4880 	 1 
316.7202 	 2 
316.7434 	 2 
316.7898 	 2 
316.7898 	 0 
317.0453 	 1 
317.0453 	 2 
317.0453 	 0 
317.3471 	 2 
317.3471 	 1 
317.3471 	 0 
317.6374 	 2 
317.6374 	 1 
317.6374 	 0 
317.9160 	 2 
317.9276 	 0 
317.9276 	 1 
318.2063 	 2 
318.2063 	 0 
318.2063 	 1 
318.4965 	 0 
318.4965 	 2 
318.5081 	 1 
318.7868 	 0 
318.7868 	 1 
318.7868 	 2 
319.0886 	 2 
319.0886 	 1 
319.0886 	 0 
319.3556 	 2 
319.3673 	 1 
319.3673 	 0 
319.6575 	 2 
319.6575 	 1 
319.6691 	 0 
319.9478 	 2 
319.9478 	 0 
319.9478 	 1 
320.2264 	 0 
320.2264 	 2 
320.2264 	 1 
320.5050 	 1 
320.5166 	 0 
320.5166 	 2 
320.7721 	 2 
320.7953 	 1 
320.8069 	 2 
320.8069 	 0 
321.0971 	 2 
321.1088 	 0 
321.1088 	 1 
321.3874 	 2 
321.3874 	 1 
321.3990 	 0 
321.6776 	 2 
321.6776 	 0 
321.6776 	 1 
321.9563 	 2 
321.9679 	 1 
322.2581 	 1 
322.2698 	 2 
322.2698 	 0 
322.4091 	 2 
322.5368 	 2 
322.5368 	 0 
322.8270 	 1 
322.8270 	 0 
322.8270 	 2 
323.0941 	 2 
323.0941 	 0 
323.1057 	 1 
323.3843 	 1 
323.3843 	 2 
323.3843 	 0 
323.6629 	 1 
323.6629 	 2 
323.6746 	 0 
323.9648 	 0 
323.9764 	 1 
323.9764 	 2 
324.2318 	 2 
324.3363 	 2 
324.5685 	 0 
324.5801 	 1 
324.5801 	 2 
324.8472 	 2 
324.8472 	 1 
324.8472 	 0 
325.0794 	 2 
325.1374 	 0 
325.1490 	 2 
325.1490 	 1 
325.4161 	 2 
325.4277 	 1 
325.4393 	 0 
325.7179 	 2 
325.7179 	 1 
325.7179 	 0 
325.9966 	 2 
326.0082 	 1 
326.2868 	 0 
326.2868 	 2 
326.2868 	 1 
326.5771 	 0 
326.5887 	 2 
326.8673 	 0 
326.8673 	 1 
326.8673 	 2 
327.1459 	 0 
327.1459 	 2 
327.1459 	 1 
327.4362 	 2 
327.4362 	 1 
327.4362 	 0 
327.7264 	 2 
327.7264 	 0 
328.0283 	 2 
328.0283 	 1 
328.0283 	 0 
328.3069 	 2 
328.3185 	 1 
328.3185 	 0 
328.5856 	 1 
328.5856 	 2 
328.5856 	 0 
328.8874 	 2 
328.8990 	 1 
328.8990 	 0 
329.1661 	 1 
329.1661 	 0 
329.1661 	 2 
329.4447 	 2 
329.4447 	 1 
329.4447 	 0 
329.7350 	 1 
329.7350 	 0 
329.7350 	 2 
330.0252 	 2 
330.0368 	 0 
330.0484 	 1 
330.3271 	 1 
330.3271 	 0 
330.3271 	 2 
330.6173 	 0 
330.6173 	 2 
330.6289 	 1 
330.8960 	 0 
330.9076 	 2 
330.9076 	 1 
331.2094 	 1 
331.2094 	 2 
331.2094 	 0 
331.4649 	 1 
331.4649 	 0 
331.4765 	 2 
331.7667 	 2 
331.7667 	 0 
331.7667 	 1 
332.0570 	 0 
332.0570 	 2 
332.0570 	 1 
332.3472 	 2 
332.3588 	 1 
332.3588 	 0 
332.6375 	 2 
332.6375 	 0 
332.6491 	 1 
332.9161 	 0 
332.9161 	 1 
332.9161 	 2 
333.2063 	 1 
333.2063 	 0 
333.2063 	 2 
333.4850 	 2 
333.4966 	 1 
333.4966 	 0 
333.7868 	 2 
333.7868 	 1 
333.7868 	 0 
334.0655 	 0 
334.0771 	 2 
334.0771 	 1 
334.3673 	 2 
334.3673 	 0 
334.3673 	 1 
334.6576 	 2 
334.6576 	 0 
334.9478 	 1 
334.9478 	 0 
334.9478 	 2 
335.2265 	 1 
335.2381 	 0 
335.2381 	 2 
335.5167 	 2 
335.5167 	 0 
335.5283 	 1 
335.8070 	 1 
335.8070 	 2 
335.8070 	 0 
336.0856 	 0 
336.0972 	 1 
336.0972 	 2 
336.3759 	 1 
336.3759 	 0 
336.3759 	 2 
336.6545 	 2 
336.6661 	 0 
336.6661 	 1 
336.7010 	 1 
336.7010 	 2 
336.9564 	 2 
336.9680 	 1 
336.9680 	 0 
337.2466 	 0 
337.2466 	 2 
337.2582 	 1 
337.5369 	 2 
337.5369 	 0 
337.5485 	 1 
337.8271 	 2 
337.8271 	 0 
337.8387 	 1 
338.1174 	 2 
338.1290 	 1 
338.4076 	 0 
338.4192 	 2 
338.4192 	 1 
338.6863 	 1 
338.6863 	 0 
338.6863 	 2 
338.9765 	 1 
338.9765 	 0 
338.9765 	 2 
339.2551 	 2 
339.2668 	 1 
339.5686 	 1 
339.5686 	 2 
339.5686 	 0 
339.8473 	 0 
339.8473 	 2 
339.8589 	 1 
340.1143 	 2 
340.4045 	 1 
340.4045 	 2 
340.4045 	 0 
340.6948 	 2 
340.6948 	 1 
340.7064 	 0 
340.9618 	 2 
340.9734 	 1 
340.9850 	 0 
341.2405 	 0 
341.2405 	 1 
341.2405 	 2 
341.5423 	 1 
341.5423 	 0 
341.5423 	 2 
341.8093 	 0 
341.8210 	 1 
341.8210 	 2 
342.0996 	 0 
342.0996 	 2 
342.1112 	 1 
342.3898 	 2 
342.4015 	 1 
342.4015 	 0 
342.6917 	 2 
342.7033 	 1 
342.9936 	 0 
343.0052 	 2 
343.0052 	 1 
343.2838 	 0 
343.2838 	 2 
343.2838 	 1 
343.5857 	 2 
343.5857 	 0 
343.5857 	 1 
343.8643 	 2 
343.8759 	 0 
343.8875 	 1 
344.1546 	 0 
344.1662 	 1 
344.1662 	 2 
344.4448 	 2 
344.4448 	 0 
344.4448 	 1 
344.7351 	 1 
344.7351 	 2 
344.7351 	 0 
345.0253 	 1 
345.0253 	 2 
345.0253 	 0 
345.3156 	 0 
345.3156 	 1 
345.3156 	 2 
345.5826 	 2 
345.5942 	 1 
345.5942 	 0 
345.8728 	 1 
345.8728 	 2 
345.8728 	 0 
346.1631 	 2 
346.1631 	 0 
346.1747 	 1 
346.4417 	 0 
346.4533 	 1 
346.4533 	 2 
346.7436 	 1 
346.7436 	 0 
346.7436 	 2 
347.0338 	 2 
347.0338 	 1 
347.0338 	 0 
347.3241 	 2 
347.3357 	 1 
347.6259 	 1 
347.6259 	 2 
347.6259 	 0 
347.9046 	 2 
347.9046 	 0 
347.9162 	 1 
348.2064 	 2 
348.2064 	 0 
348.2064 	 1 
348.4851 	 0 
348.4967 	 2 
348.7869 	 2 
348.7869 	 1 
348.7869 	 0 
349.0656 	 2 
349.0656 	 0 
349.0656 	 1 
349.3558 	 2 
349.3558 	 0 
349.3674 	 1 
349.6461 	 2 
349.6461 	 0 
349.6577 	 1 
349.9247 	 2 
349.9363 	 0 
349.9363 	 1 
350.1917 	 2 
350.2034 	 1 
350.2034 	 0 
350.4936 	 1 
350.4936 	 2 
350.5052 	 0 
350.7955 	 2 
350.8187 	 1 
351.0857 	 0 
351.0857 	 1 
351.0857 	 2 
351.4224 	 2 
351.7243 	 0 
351.7243 	 1 
351.7359 	 2 
351.9797 	 2 
352.3048 	 1 
352.3048 	 0 
352.3048 	 2 
352.9085 	 1 
352.9085 	 2 
353.6863 	 2 
353.8024 	 2 
353.9185 	 2 
353.9185 	 1 
353.9185 	 0 
355.1492 	 1 
355.1492 	 2 
355.1492 	 0 
356.4727 	 2 
356.5192 	 2 
356.5772 	 2 
356.6353 	 2 
356.6817 	 2 
356.7862 	 2 
356.9023 	 2 
356.9488 	 2 
357.0184 	 2 
357.1345 	 2 
357.2042 	 2 
357.3551 	 2 
357.5873 	 2 
357.7382 	 2 
357.8776 	 2 
358.3071 	 2 
