2.7167 	 0 
6.5480 	 2 
6.5712 	 2 
6.7106 	 2 
6.7918 	 2 
6.7918 	 1 
6.7918 	 0 
7.0124 	 1 
7.0124 	 2 
7.1401 	 2 
7.2446 	 2 
7.2446 	 1 
7.3491 	 2 
7.4768 	 2 
7.4768 	 1 
7.4768 	 0 
7.9296 	 2 
7.9296 	 0 
7.9296 	 1 
8.1618 	 2 
8.3824 	 2 
8.3824 	 1 
8.3824 	 0 
8.6146 	 2 
8.8352 	 2 
8.8352 	 1 
8.8352 	 0 
9.0674 	 2 
9.2880 	 0 
9.2880 	 1 
9.2996 	 2 
9.4157 	 2 
9.7408 	 2 
9.7408 	 0 
9.7524 	 1 
10.1936 	 1 
10.1936 	 0 
10.2052 	 2 
10.6580 	 1 
10.6580 	 2 
10.6580 	 0 
11.1107 	 0 
11.1107 	 2 
11.1107 	 1 
11.5519 	 0 
11.5635 	 2 
11.5635 	 1 
11.6216 	 2 
11.6216 	 1 
12.0163 	 0 
12.0163 	 2 
12.0163 	 1 
12.2485 	 2 
12.4691 	 2 
12.4691 	 0 
12.4691 	 1 
12.5852 	 2 
12.7013 	 2 
12.9335 	 2 
12.9335 	 0 
12.9335 	 1 
13.0496 	 2 
13.1773 	 2 
13.3747 	 1 
13.3747 	 0 
13.3863 	 2 
13.6069 	 2 
13.8275 	 0 
13.8391 	 1 
13.8391 	 2 
14.0713 	 2 
14.2919 	 2 
14.2919 	 1 
14.2919 	 0 
14.5241 	 2 
14.7447 	 0 
14.7447 	 1 
14.7447 	 2 
15.1975 	 1 
15.1975 	 2 
15.1975 	 0 
15.4297 	 2 
15.6502 	 1 
15.6502 	 0 
15.6619 	 2 
15.8824 	 2 
16.1030 	 2 
16.1030 	 1 
16.1030 	 0 
16.3468 	 2 
16.5674 	 2 
16.5674 	 1 
16.5674 	 0 
17.0086 	 0 
17.0086 	 1 
17.0202 	 2 
17.2640 	 2 
17.4730 	 2 
17.4730 	 1 
17.4730 	 0 
17.7052 	 2 
17.9142 	 0 
17.9258 	 2 
17.9258 	 1 
18.1580 	 2 
18.3786 	 0 
18.3786 	 1 
18.3902 	 2 
18.8314 	 0 
18.8314 	 2 
18.8314 	 1 
19.0520 	 2 
19.2842 	 1 
19.2842 	 0 
19.2958 	 2 
19.5164 	 2 
19.7370 	 1 
19.7370 	 0 
19.7486 	 2 
19.9808 	 2 
20.2014 	 2 
20.2014 	 1 
20.2014 	 0 
20.3291 	 2 
20.4452 	 2 
20.6541 	 1 
20.6541 	 0 
20.6541 	 2 
20.8863 	 2 
21.1069 	 0 
21.1069 	 1 
21.1185 	 2 
21.3391 	 2 
21.4436 	 2 
21.4436 	 1 
21.4436 	 0 
21.5597 	 1 
21.5597 	 0 
21.5597 	 2 
21.6758 	 2 
21.7803 	 2 
21.8964 	 2 
22.0125 	 1 
22.0125 	 2 
22.0125 	 0 
22.2447 	 1 
22.2447 	 2 
22.2447 	 0 
22.4653 	 2 
22.4653 	 0 
22.4653 	 1 
22.5814 	 2 
22.6975 	 1 
22.6975 	 2 
22.6975 	 0 
22.9297 	 1 
22.9297 	 2 
22.9297 	 0 
23.1503 	 1 
23.1503 	 2 
23.1619 	 0 
23.3709 	 0 
23.3709 	 1 
23.3825 	 2 
23.6031 	 0 
23.6031 	 2 
23.6031 	 1 
23.8353 	 0 
23.8353 	 1 
23.8353 	 2 
24.0559 	 2 
24.0559 	 1 
24.0559 	 0 
24.2765 	 2 
24.2765 	 0 
24.2881 	 1 
24.5087 	 2 
24.5087 	 0 
24.5203 	 1 
24.7409 	 2 
24.7409 	 0 
24.7409 	 1 
24.9615 	 2 
24.9731 	 0 
24.9731 	 1 
25.1937 	 1 
25.1937 	 2 
25.1937 	 0 
25.4259 	 2 
25.4259 	 0 
25.4259 	 1 
25.6580 	 0 
25.6580 	 1 
25.6580 	 2 
25.8786 	 1 
25.8786 	 0 
25.8786 	 2 
26.0992 	 1 
26.0992 	 0 
26.0992 	 2 
26.2269 	 2 
26.3314 	 0 
26.3314 	 1 
26.3430 	 2 
26.5636 	 1 
26.5636 	 2 
26.5636 	 0 
26.7842 	 2 
26.7842 	 0 
26.7958 	 1 
27.0048 	 0 
27.0164 	 1 
27.0164 	 2 
27.1325 	 2 
27.2370 	 2 
27.2486 	 0 
27.2486 	 1 
27.4692 	 1 
27.4692 	 2 
27.4692 	 0 
27.6898 	 0 
27.7014 	 1 
27.7014 	 2 
27.9220 	 0 
27.9220 	 2 
27.9220 	 1 
28.0381 	 2 
28.1542 	 2 
28.1542 	 0 
28.1542 	 1 
28.3748 	 2 
28.3864 	 0 
28.3864 	 1 
28.6070 	 0 
28.6070 	 2 
28.6070 	 1 
28.8276 	 2 
28.8276 	 0 
28.8276 	 1 
29.0598 	 0 
29.0598 	 1 
29.0598 	 2 
29.2920 	 0 
29.2920 	 2 
29.2920 	 1 
29.4081 	 2 
29.5126 	 2 
29.5126 	 0 
29.5126 	 1 
29.7332 	 0 
29.7332 	 2 
29.7448 	 1 
29.8609 	 2 
29.9654 	 2 
29.9654 	 1 
29.9654 	 0 
30.1976 	 1 
30.1976 	 0 
30.1976 	 2 
30.4181 	 2 
30.4298 	 1 
30.4298 	 0 
30.6387 	 0 
30.6387 	 2 
30.6503 	 1 
30.7664 	 2 
30.8709 	 0 
30.8709 	 2 
30.8825 	 1 
31.1031 	 0 
31.1031 	 1 
31.1147 	 2 
31.2308 	 2 
31.3353 	 2 
31.3353 	 0 
31.3353 	 1 
31.5559 	 2 
31.5559 	 0 
31.5559 	 1 
31.7881 	 2 
31.7881 	 0 
31.7881 	 1 
32.0087 	 2 
32.0087 	 1 
32.0203 	 0 
32.2409 	 0 
32.2409 	 1 
32.2409 	 2 
32.4615 	 0 
32.4615 	 2 
32.4615 	 1 
32.6937 	 2 
32.7053 	 1 
32.7053 	 0 
32.9259 	 0 
32.9259 	 2 
32.9259 	 1 
33.0420 	 2 
33.1465 	 0 
33.1465 	 2 
33.1581 	 1 
33.3671 	 0 
33.3787 	 2 
33.3787 	 1 
33.4948 	 2 
33.5993 	 2 
33.5993 	 0 
33.6109 	 1 
33.8315 	 1 
33.8315 	 2 
33.8315 	 0 
34.0521 	 2 
34.0637 	 0 
34.0637 	 1 
34.2843 	 0 
34.2843 	 1 
34.2843 	 2 
34.5165 	 0 
34.5165 	 2 
34.5165 	 1 
34.7371 	 1 
34.7371 	 0 
34.7487 	 2 
34.9693 	 2 
34.9693 	 1 
34.9693 	 0 
35.1898 	 2 
35.1898 	 0 
35.2015 	 1 
35.4220 	 1 
35.4220 	 0 
35.4220 	 2 
35.6542 	 0 
35.6542 	 2 
35.6542 	 1 
35.8748 	 2 
35.8748 	 0 
35.8864 	 1 
36.1070 	 0 
36.1070 	 2 
36.1070 	 1 
36.3276 	 1 
36.3276 	 2 
36.3276 	 0 
36.5598 	 0 
36.5598 	 2 
36.5598 	 1 
36.6759 	 2 
36.7920 	 0 
36.7920 	 1 
36.7920 	 2 
36.9081 	 2 
37.0126 	 2 
37.0126 	 0 
37.0126 	 1 
37.1287 	 2 
37.2448 	 2 
37.2448 	 1 
37.2448 	 0 
37.4654 	 2 
37.4654 	 0 
37.4770 	 1 
37.6860 	 2 
37.6976 	 1 
37.6976 	 0 
37.9066 	 0 
37.9182 	 1 
37.9182 	 2 
38.1504 	 0 
38.1504 	 1 
38.1504 	 2 
38.3710 	 0 
38.3826 	 2 
38.3826 	 1 
38.6032 	 2 
38.6032 	 0 
38.6032 	 1 
38.8238 	 2 
38.8238 	 0 
38.8238 	 1 
39.0560 	 2 
39.0560 	 0 
39.0676 	 1 
39.2882 	 1 
39.2882 	 2 
39.2882 	 0 
39.5088 	 2 
39.5204 	 0 
39.5204 	 1 
39.7410 	 0 
39.7410 	 2 
39.7410 	 1 
39.8571 	 2 
39.9615 	 0 
39.9615 	 2 
39.9732 	 1 
40.1937 	 0 
40.1937 	 1 
40.2054 	 2 
40.3215 	 2 
40.4143 	 0 
40.4259 	 1 
40.4259 	 2 
40.6465 	 0 
40.6465 	 1 
40.6465 	 2 
40.7626 	 2 
40.8787 	 2 
40.8787 	 0 
40.8787 	 1 
41.1109 	 1 
41.1109 	 0 
41.1109 	 2 
41.3315 	 1 
41.3315 	 0 
41.3315 	 2 
41.5521 	 1 
41.5521 	 0 
41.5521 	 2 
41.7843 	 2 
41.7843 	 0 
41.7843 	 1 
42.0165 	 1 
42.0165 	 2 
42.0165 	 0 
42.2371 	 1 
42.2371 	 2 
42.2371 	 0 
42.4577 	 0 
42.4693 	 1 
42.4693 	 2 
42.5854 	 2 
42.6899 	 2 
42.6899 	 0 
42.7015 	 1 
42.9221 	 2 
42.9221 	 0 
42.9337 	 1 
43.1427 	 2 
43.1543 	 0 
43.1543 	 1 
43.3749 	 0 
43.3749 	 2 
43.3749 	 1 
43.4910 	 2 
43.6071 	 1 
43.6071 	 2 
43.6071 	 0 
43.8393 	 1 
43.8393 	 2 
43.8393 	 0 
43.9554 	 2 
44.0599 	 0 
44.0599 	 1 
44.0599 	 2 
44.2805 	 1 
44.2805 	 2 
44.2805 	 0 
44.5127 	 2 
44.5127 	 0 
44.5127 	 1 
44.7449 	 1 
44.7449 	 0 
44.7449 	 2 
44.9654 	 1 
44.9654 	 2 
44.9654 	 0 
45.1860 	 2 
45.1860 	 0 
45.1976 	 1 
45.4182 	 0 
45.4182 	 2 
45.4182 	 1 
45.6504 	 0 
45.6504 	 2 
45.6504 	 1 
45.7665 	 2 
45.8710 	 2 
45.8710 	 0 
45.8826 	 1 
46.1032 	 1 
46.1032 	 0 
46.1032 	 2 
46.3354 	 0 
46.3354 	 1 
46.3354 	 2 
46.5560 	 2 
46.5560 	 1 
46.5560 	 0 
46.7882 	 0 
46.7882 	 1 
46.7882 	 2 
47.0088 	 1 
47.0088 	 2 
47.0088 	 0 
47.1249 	 2 
47.2410 	 2 
47.2410 	 0 
47.2410 	 1 
47.4732 	 2 
47.4732 	 0 
47.4732 	 1 
47.6938 	 0 
47.6938 	 2 
47.6938 	 1 
47.9144 	 0 
47.9260 	 2 
47.9260 	 1 
48.0421 	 2 
48.1466 	 1 
48.1466 	 2 
48.1466 	 0 
48.3672 	 2 
48.3788 	 0 
48.3788 	 1 
48.6110 	 2 
48.6110 	 0 
48.6110 	 1 
48.8316 	 2 
48.8316 	 0 
48.8316 	 1 
49.0522 	 0 
49.0522 	 2 
49.0638 	 1 
49.2727 	 0 
49.2844 	 1 
49.2844 	 2 
49.5049 	 2 
49.5049 	 0 
49.5166 	 1 
49.7371 	 0 
49.7371 	 1 
49.7371 	 2 
49.9693 	 2 
49.9693 	 1 
49.9693 	 0 
50.2015 	 2 
50.2015 	 0 
50.2015 	 1 
50.4221 	 1 
50.4221 	 0 
50.4337 	 2 
50.5382 	 2 
50.6543 	 0 
50.6543 	 2 
50.7008 	 2 
50.7704 	 2 
50.7704 	 1 
50.7704 	 0 
50.8749 	 0 
50.8865 	 2 
50.9330 	 2 
50.9910 	 2 
50.9910 	 1 
51.1071 	 2 
51.1071 	 1 
51.1071 	 0 
51.2232 	 2 
51.3277 	 1 
51.3277 	 2 
51.3277 	 0 
51.5599 	 1 
51.5599 	 2 
51.5599 	 0 
51.7805 	 2 
51.7921 	 1 
51.7921 	 0 
52.0127 	 2 
52.0127 	 0 
52.0243 	 1 
52.2333 	 0 
52.2449 	 1 
52.2449 	 2 
52.4655 	 2 
52.4655 	 0 
52.4655 	 1 
52.6977 	 1 
52.6977 	 0 
52.6977 	 2 
52.9183 	 0 
52.9183 	 2 
52.9299 	 1 
53.1505 	 0 
53.1505 	 1 
53.1505 	 2 
53.3711 	 2 
53.3711 	 1 
53.3711 	 0 
53.6033 	 0 
53.6033 	 2 
53.6149 	 1 
53.8355 	 0 
53.8355 	 2 
53.8355 	 1 
54.0561 	 0 
54.0561 	 2 
54.0561 	 1 
54.2766 	 0 
54.2883 	 2 
54.2883 	 1 
54.5088 	 2 
54.5088 	 0 
54.5205 	 1 
54.7410 	 0 
54.7410 	 2 
54.7410 	 1 
54.8571 	 2 
54.9616 	 0 
54.9732 	 2 
54.9732 	 1 
55.1938 	 1 
55.1938 	 2 
55.1938 	 0 
55.3099 	 2 
55.4144 	 2 
55.4260 	 0 
55.4260 	 1 
55.6466 	 2 
55.6466 	 0 
55.6582 	 1 
55.8788 	 2 
55.8788 	 1 
55.8788 	 0 
56.0994 	 0 
56.0994 	 2 
56.0994 	 1 
56.3200 	 2 
56.3316 	 0 
56.3316 	 1 
56.5522 	 0 
56.5638 	 1 
56.5638 	 2 
56.6799 	 2 
56.7844 	 1 
56.7844 	 0 
56.7844 	 2 
57.0050 	 2 
57.0050 	 0 
57.0166 	 1 
57.1211 	 2 
57.2372 	 0 
57.2372 	 2 
57.2488 	 1 
57.4694 	 0 
57.4694 	 2 
57.4694 	 1 
57.6900 	 0 
57.6900 	 2 
57.6900 	 1 
57.9222 	 0 
57.9222 	 2 
57.9222 	 1 
58.1428 	 0 
58.1428 	 2 
58.1428 	 1 
58.3750 	 0 
58.3750 	 2 
58.3866 	 1 
58.4911 	 2 
58.5956 	 0 
58.6072 	 2 
58.6072 	 1 
58.8278 	 0 
58.8278 	 2 
58.8394 	 1 
59.0483 	 0 
59.0600 	 1 
59.0600 	 2 
59.2805 	 1 
59.2805 	 2 
59.2805 	 0 
59.5127 	 2 
59.5127 	 1 
59.5127 	 0 
59.7333 	 0 
59.7333 	 2 
59.7333 	 1 
59.9655 	 1 
59.9655 	 2 
59.9655 	 0 
60.1861 	 0 
60.1977 	 1 
60.1977 	 2 
60.4183 	 0 
60.4183 	 2 
60.4299 	 1 
60.6505 	 2 
60.6505 	 0 
60.6505 	 1 
60.8711 	 0 
60.8711 	 2 
60.8827 	 1 
61.1033 	 2 
61.1033 	 0 
61.1033 	 1 
61.3355 	 2 
61.3355 	 0 
61.3355 	 1 
61.4400 	 2 
61.4864 	 2 
61.5097 	 2 
61.5445 	 0 
61.5561 	 2 
61.5561 	 1 
61.6258 	 2 
61.6722 	 2 
61.7883 	 2 
61.7883 	 1 
61.7883 	 0 
62.0205 	 1 
62.0205 	 0 
62.0205 	 2 
62.2411 	 1 
62.2411 	 0 
62.2411 	 2 
62.4617 	 2 
62.4617 	 1 
62.4733 	 0 
62.6939 	 2 
62.6939 	 0 
62.6939 	 1 
62.9145 	 0 
62.9145 	 2 
62.9261 	 1 
63.1467 	 2 
63.1467 	 0 
63.1583 	 1 
63.2744 	 2 
63.3673 	 0 
63.3789 	 1 
63.3789 	 2 
63.5995 	 0 
63.5995 	 2 
63.6111 	 1 
63.8317 	 0 
63.8317 	 1 
63.8317 	 2 
63.9478 	 2 
64.0522 	 2 
64.0522 	 0 
64.0639 	 1 
64.2728 	 0 
64.2844 	 2 
64.2844 	 1 
64.5166 	 0 
64.5166 	 2 
64.5166 	 1 
64.7372 	 2 
64.7372 	 0 
64.7488 	 1 
64.9694 	 2 
64.9694 	 1 
64.9694 	 0 
65.1900 	 2 
65.1900 	 0 
65.1900 	 1 
65.3061 	 2 
65.4222 	 0 
65.4222 	 2 
65.4222 	 1 
65.6544 	 2 
65.6544 	 1 
65.6544 	 0 
65.7705 	 2 
67.4772 	 2 
67.4772 	 0 
67.4888 	 1 
67.9300 	 2 
67.9300 	 0 
67.9300 	 1 
68.1506 	 0 
68.1506 	 1 
68.1506 	 2 
68.3828 	 2 
68.3828 	 1 
68.3828 	 0 
68.6150 	 2 
68.8356 	 0 
68.8356 	 1 
68.8356 	 2 
69.2883 	 0 
69.3000 	 2 
69.3000 	 1 
69.6250 	 0 
69.6366 	 1 
69.6366 	 2 
69.7411 	 2 
69.7411 	 1 
69.7411 	 0 
69.8688 	 2 
69.9733 	 1 
69.9733 	 2 
69.9733 	 0 
70.2055 	 2 
70.2055 	 1 
70.2055 	 0 
70.6467 	 0 
70.6583 	 2 
70.6583 	 1 
71.1111 	 0 
71.1111 	 2 
71.1111 	 1 
71.2388 	 2 
71.5523 	 0 
71.5639 	 1 
71.5639 	 2 
71.6800 	 2 
71.7845 	 1 
71.7845 	 0 
71.7845 	 2 
72.0167 	 2 
72.0167 	 0 
72.0283 	 1 
72.4695 	 0 
72.4695 	 2 
72.4695 	 1 
72.7481 	 2 
72.9339 	 0 
72.9339 	 1 
72.9339 	 2 
73.2706 	 2 
73.3751 	 1 
73.3867 	 2 
73.3867 	 0 
73.6073 	 2 
73.8395 	 1 
73.8395 	 0 
73.8395 	 2 
73.9556 	 2 
74.0717 	 2 
74.2922 	 2 
74.2922 	 0 
74.2922 	 1 
74.7450 	 2 
74.7450 	 0 
74.7450 	 1 
75.1978 	 0 
75.1978 	 1 
75.2094 	 2 
75.4184 	 2 
75.6506 	 0 
75.6622 	 2 
75.6622 	 1 
76.1034 	 1 
76.1034 	 0 
76.1150 	 2 
76.5678 	 1 
76.5678 	 0 
76.5678 	 2 
76.9045 	 2 
77.0206 	 1 
77.0206 	 0 
77.0206 	 2 
77.2412 	 2 
77.4734 	 2 
77.4734 	 0 
77.4734 	 1 
77.9262 	 1 
77.9262 	 2 
77.9262 	 0 
78.1584 	 2 
78.3906 	 1 
78.3906 	 0 
78.3906 	 2 
78.8317 	 1 
78.8317 	 0 
78.8434 	 2 
79.0523 	 2 
79.0639 	 0 
79.0639 	 1 
79.2845 	 0 
79.2961 	 1 
79.2961 	 2 
79.5400 	 2 
79.7373 	 0 
79.7373 	 1 
79.7489 	 2 
80.2017 	 0 
80.2017 	 1 
80.2133 	 2 
80.4455 	 2 
80.5500 	 2 
80.6545 	 0 
80.6545 	 2 
80.6545 	 1 
80.7590 	 2 
80.8751 	 2 
80.8751 	 0 
80.8751 	 1 
81.1073 	 2 
81.1073 	 1 
81.1073 	 0 
81.3279 	 2 
81.3279 	 1 
81.5601 	 2 
81.5601 	 0 
81.5601 	 1 
81.6762 	 2 
81.7807 	 2 
81.7807 	 1 
82.0129 	 0 
82.0245 	 1 
82.0245 	 2 
82.2451 	 0 
82.2451 	 2 
82.2451 	 1 
82.4657 	 2 
82.4657 	 1 
82.4657 	 0 
82.5818 	 2 
82.6979 	 0 
82.6979 	 1 
82.6979 	 2 
82.9185 	 2 
82.9301 	 0 
82.9301 	 1 
83.1507 	 2 
83.1507 	 1 
83.1507 	 0 
83.3712 	 0 
83.3712 	 2 
83.3712 	 1 
83.6034 	 0 
83.6034 	 1 
83.6034 	 2 
83.8356 	 2 
83.8356 	 0 
83.8356 	 1 
84.0562 	 2 
84.0562 	 0 
84.0562 	 1 
84.2768 	 0 
84.2884 	 1 
84.2884 	 2 
84.4045 	 2 
84.5090 	 2 
84.5206 	 1 
84.5206 	 0 
84.7412 	 0 
84.7412 	 2 
84.7412 	 1 
84.9618 	 0 
84.9618 	 2 
84.9734 	 1 
85.1940 	 0 
85.1940 	 1 
85.1940 	 2 
85.4146 	 0 
85.4146 	 2 
85.4262 	 1 
85.6468 	 2 
85.6584 	 0 
85.6584 	 1 
85.8674 	 2 
85.8790 	 1 
85.8790 	 0 
86.0996 	 0 
86.0996 	 1 
86.0996 	 2 
86.3318 	 1 
86.3318 	 2 
86.3318 	 0 
86.5640 	 1 
86.5640 	 2 
86.5640 	 0 
86.7846 	 2 
86.7846 	 1 
86.7846 	 0 
87.0052 	 0 
87.0168 	 2 
87.0168 	 1 
87.2374 	 2 
87.2374 	 0 
87.2374 	 1 
87.4696 	 1 
87.4696 	 2 
87.4696 	 0 
87.6902 	 1 
87.6902 	 0 
87.6902 	 2 
87.9224 	 1 
87.9224 	 0 
87.9224 	 2 
88.1546 	 1 
88.1546 	 2 
88.1546 	 0 
88.3751 	 1 
88.3751 	 2 
88.3751 	 0 
88.6073 	 1 
88.6073 	 2 
88.6073 	 0 
88.8279 	 1 
88.8279 	 2 
89.0601 	 1 
89.0601 	 2 
89.0601 	 0 
89.2923 	 1 
89.2923 	 2 
89.2923 	 0 
89.4665 	 2 
89.5245 	 2 
89.7335 	 1 
89.7335 	 0 
89.7451 	 2 
89.9657 	 2 
89.9657 	 0 
89.9773 	 1 
90.1979 	 1 
90.1979 	 0 
90.1979 	 2 
90.4185 	 2 
90.4185 	 0 
90.4301 	 1 
90.6391 	 0 
90.6507 	 2 
90.6507 	 1 
90.8713 	 0 
90.8829 	 1 
90.8829 	 2 
91.1151 	 0 
91.1151 	 2 
91.1151 	 1 
91.3241 	 0 
91.3357 	 1 
91.3357 	 2 
91.5563 	 2 
91.5563 	 0 
91.5563 	 1 
91.7885 	 0 
91.7885 	 2 
91.7885 	 1 
92.0091 	 2 
92.0207 	 0 
92.0207 	 1 
92.2413 	 1 
92.2413 	 0 
92.2413 	 2 
92.4154 	 2 
92.4619 	 1 
92.4619 	 0 
92.4619 	 2 
92.5780 	 2 
92.6941 	 2 
92.6941 	 0 
92.6941 	 1 
92.9263 	 1 
92.9263 	 0 
92.9263 	 2 
93.1468 	 2 
93.1468 	 0 
93.1585 	 1 
93.3674 	 2 
93.3674 	 1 
93.3674 	 0 
93.6112 	 0 
93.6112 	 2 
93.6112 	 1 
93.8318 	 0 
93.8318 	 1 
93.8318 	 2 
94.0524 	 2 
94.0524 	 0 
94.0640 	 1 
94.2730 	 0 
94.2846 	 1 
94.2846 	 2 
94.5052 	 2 
94.5052 	 0 
94.5168 	 1 
94.7490 	 2 
94.7490 	 1 
94.7490 	 0 
94.8651 	 2 
94.9696 	 1 
94.9696 	 0 
94.9696 	 2 
95.1902 	 1 
95.1902 	 2 
95.1902 	 0 
95.3063 	 2 
95.4224 	 0 
95.4224 	 2 
95.4224 	 1 
95.6430 	 1 
95.6430 	 2 
95.7591 	 2 
95.8752 	 2 
95.9913 	 2 
96.0958 	 2 
96.2119 	 2 
96.3280 	 2 
96.4441 	 2 
96.5602 	 0 
96.5602 	 2 
96.5602 	 1 
97.0130 	 2 
97.0130 	 0 
97.0130 	 1 
97.2452 	 2 
97.4658 	 0 
97.4658 	 1 
97.4774 	 2 
97.6980 	 2 
97.9185 	 1 
97.9185 	 0 
97.9302 	 2 
98.1624 	 2 
98.3829 	 1 
98.3829 	 2 
98.3829 	 0 
98.4990 	 2 
98.8241 	 0 
98.8357 	 2 
98.8357 	 1 
99.2885 	 0 
99.2885 	 1 
99.3001 	 2 
99.5207 	 2 
99.7413 	 1 
99.7413 	 0 
99.7413 	 2 
99.8574 	 2 
99.9735 	 2 
99.9735 	 1 
100.1941 	 0 
100.2057 	 2 
100.2057 	 1 
100.3102 	 2 
100.6469 	 1 
100.6469 	 0 
100.6585 	 2 
100.8675 	 2 
101.0997 	 0 
101.0997 	 2 
101.1113 	 1 
101.3551 	 2 
101.5525 	 0 
101.5641 	 1 
101.5641 	 2 
101.7963 	 2 
102.0169 	 0 
102.0169 	 1 
102.0285 	 2 
102.1446 	 2 
102.4697 	 0 
102.4697 	 2 
102.4697 	 1 
102.6902 	 2 
102.9224 	 0 
102.9224 	 2 
102.9224 	 1 
103.1546 	 2 
103.3752 	 2 
103.3752 	 0 
103.3868 	 1 
103.6074 	 1 
103.6074 	 2 
103.8396 	 1 
103.8396 	 0 
103.8396 	 2 
103.9557 	 2 
104.2924 	 0 
104.2924 	 1 
104.2924 	 2 
104.5014 	 2 
104.7452 	 0 
104.7452 	 1 
104.7452 	 2 
104.9658 	 2 
105.1980 	 0 
105.1980 	 1 
105.1980 	 2 
105.4186 	 2 
105.4302 	 1 
105.6508 	 1 
105.6508 	 0 
105.6624 	 2 
106.1036 	 0 
106.1036 	 1 
106.1152 	 2 
106.3358 	 2 
106.5564 	 0 
106.5564 	 1 
106.5680 	 2 
106.7886 	 2 
107.0092 	 0 
107.0208 	 2 
107.0208 	 1 
107.2414 	 2 
107.4736 	 0 
107.4736 	 1 
107.4736 	 2 
107.5897 	 2 
107.9147 	 0 
107.9263 	 1 
107.9263 	 2 
108.1469 	 2 
108.3791 	 2 
108.3791 	 1 
108.3791 	 0 
108.8319 	 1 
108.8319 	 2 
108.8319 	 0 
109.0641 	 2 
109.0757 	 1 
109.2847 	 0 
109.2963 	 2 
109.2963 	 1 
109.7375 	 0 
109.7375 	 1 
109.7491 	 2 
109.9697 	 2 
110.1903 	 0 
110.1903 	 1 
110.2019 	 2 
110.4225 	 2 
110.5270 	 0 
110.5386 	 1 
110.5386 	 2 
110.6547 	 1 
110.6547 	 2 
110.6547 	 0 
110.7592 	 2 
110.7592 	 1 
110.8753 	 0 
110.8753 	 2 
110.8753 	 1 
110.9914 	 2 
111.1075 	 1 
111.1075 	 2 
111.1075 	 0 
111.3281 	 2 
111.3397 	 1 
111.3397 	 0 
111.5487 	 2 
111.5603 	 1 
111.7809 	 2 
111.7809 	 0 
111.7925 	 1 
112.0131 	 2 
112.0131 	 0 
112.0131 	 1 
112.2337 	 2 
112.2337 	 0 
112.2453 	 1 
112.4659 	 2 
112.4659 	 0 
112.4659 	 1 
112.6864 	 2 
112.6980 	 0 
112.6980 	 1 
112.9186 	 2 
112.9186 	 0 
112.9302 	 1 
113.1508 	 2 
113.1508 	 1 
113.1508 	 0 
113.3714 	 1 
113.3714 	 0 
113.3714 	 2 
113.6036 	 2 
113.6036 	 0 
113.6036 	 1 
113.8126 	 1 
113.8126 	 0 
113.8242 	 2 
114.0564 	 1 
114.0564 	 2 
114.0564 	 0 
114.2770 	 2 
114.2770 	 0 
114.2770 	 1 
114.3931 	 2 
114.5092 	 0 
114.5092 	 1 
114.5208 	 2 
114.7414 	 1 
114.7414 	 2 
114.7414 	 0 
114.9620 	 0 
114.9620 	 2 
114.9736 	 1 
115.1942 	 0 
115.1942 	 2 
115.1942 	 1 
115.3103 	 2 
115.4148 	 0 
115.4148 	 2 
115.4264 	 1 
115.6470 	 2 
115.6470 	 0 
115.6586 	 1 
115.8792 	 0 
115.8792 	 1 
115.8792 	 2 
116.1114 	 2 
116.3320 	 1 
116.3320 	 2 
116.3320 	 0 
116.5526 	 2 
116.5642 	 0 
116.5642 	 1 
116.7848 	 1 
116.7848 	 0 
116.7848 	 2 
117.0054 	 2 
117.0170 	 1 
117.0170 	 0 
117.2376 	 2 
117.2376 	 1 
117.2376 	 0 
117.4698 	 2 
117.4698 	 1 
117.4698 	 0 
117.6903 	 2 
117.7020 	 1 
117.7020 	 0 
117.9225 	 2 
117.9225 	 1 
117.9225 	 0 
118.0386 	 2 
118.1431 	 2 
118.1431 	 0 
118.1547 	 1 
118.3753 	 2 
118.3753 	 0 
118.3869 	 1 
118.4914 	 2 
118.6075 	 2 
118.6075 	 0 
118.6075 	 1 
118.8281 	 2 
118.8281 	 1 
118.8281 	 0 
118.9558 	 2 
119.0603 	 1 
119.0603 	 0 
119.0603 	 2 
119.2925 	 0 
119.2925 	 1 
119.2925 	 2 
119.5131 	 1 
119.5131 	 0 
119.5131 	 2 
119.7337 	 1 
119.7337 	 0 
119.7453 	 2 
119.8498 	 2 
119.9659 	 2 
119.9659 	 0 
119.9659 	 1 
120.1981 	 1 
120.1981 	 2 
120.1981 	 0 
120.3142 	 2 
120.4187 	 1 
120.4187 	 2 
120.4187 	 0 
120.6509 	 2 
120.6509 	 1 
120.6509 	 0 
120.8715 	 0 
120.8831 	 2 
120.8831 	 1 
121.1037 	 0 
121.1037 	 2 
121.1153 	 1 
121.3243 	 2 
121.3359 	 1 
121.3359 	 0 
121.5565 	 1 
121.5565 	 2 
121.5565 	 0 
121.7771 	 0 
121.7887 	 2 
121.7887 	 1 
122.0209 	 2 
122.0209 	 1 
122.0209 	 0 
122.2415 	 2 
122.2415 	 0 
122.2415 	 1 
122.4620 	 0 
122.4620 	 1 
122.4620 	 2 
122.6942 	 0 
122.6942 	 1 
122.6942 	 2 
122.9264 	 1 
122.9264 	 0 
122.9264 	 2 
123.1470 	 2 
123.1470 	 0 
123.1470 	 1 
123.3676 	 1 
123.3792 	 2 
123.3792 	 0 
123.5998 	 2 
123.5998 	 0 
123.6114 	 1 
123.8320 	 2 
123.8320 	 1 
123.8320 	 0 
124.0526 	 2 
124.0526 	 0 
124.0642 	 1 
124.2848 	 1 
124.2848 	 2 
124.2848 	 0 
124.5054 	 2 
124.5170 	 1 
124.5170 	 0 
124.7492 	 2 
124.7492 	 1 
124.7492 	 0 
124.9698 	 2 
124.9698 	 1 
124.9698 	 0 
125.0743 	 2 
125.1904 	 0 
125.2020 	 2 
125.2020 	 1 
125.3181 	 0 
125.3181 	 2 
125.3181 	 1 
125.4226 	 0 
125.4342 	 2 
125.5387 	 2 
125.6548 	 1 
125.6548 	 2 
125.6548 	 0 
125.7593 	 2 
125.8754 	 2 
125.8754 	 0 
125.8754 	 1 
126.0960 	 2 
126.0960 	 0 
126.1076 	 1 
126.2121 	 2 
126.3282 	 2 
126.3282 	 0 
126.3398 	 1 
126.5604 	 1 
126.5604 	 2 
126.5604 	 0 
126.7810 	 2 
126.7810 	 0 
126.7926 	 1 
127.0132 	 2 
127.0132 	 0 
127.0132 	 1 
127.2337 	 0 
127.2337 	 2 
127.2454 	 1 
127.4659 	 0 
127.4659 	 2 
127.4659 	 1 
127.6981 	 1 
127.6981 	 2 
127.7214 	 1 
127.9187 	 1 
127.9187 	 0 
127.9187 	 2 
128.1509 	 0 
128.1509 	 2 
128.1509 	 1 
128.3715 	 2 
128.3831 	 0 
128.3831 	 1 
128.6037 	 2 
128.6037 	 0 
128.6037 	 1 
128.8243 	 2 
128.8243 	 0 
128.8359 	 1 
129.0565 	 1 
129.0565 	 2 
129.0565 	 0 
129.2887 	 1 
129.2887 	 2 
129.2887 	 0 
129.5093 	 2 
129.5093 	 0 
129.5209 	 1 
129.7415 	 2 
129.7415 	 0 
129.7415 	 1 
129.9621 	 2 
129.9621 	 0 
129.9737 	 1 
130.1943 	 0 
130.1943 	 2 
130.1943 	 1 
130.4149 	 2 
130.4265 	 1 
130.4265 	 0 
130.6471 	 1 
130.6471 	 2 
130.6471 	 0 
130.8677 	 0 
130.8793 	 1 
130.8793 	 2 
131.0999 	 2 
131.0999 	 0 
131.1115 	 1 
131.3321 	 0 
131.3321 	 1 
131.3321 	 2 
131.5527 	 2 
131.5527 	 0 
131.5527 	 1 
131.7849 	 1 
131.7849 	 2 
131.7849 	 0 
132.0171 	 0 
132.0171 	 2 
132.0171 	 1 
132.2376 	 2 
132.2376 	 1 
132.2376 	 0 
132.4582 	 2 
132.4582 	 0 
132.4698 	 1 
132.6904 	 2 
132.6904 	 0 
132.7020 	 1 
132.9226 	 2 
132.9226 	 0 
132.9226 	 1 
133.1432 	 0 
133.1432 	 2 
133.1548 	 1 
133.3754 	 2 
133.3754 	 0 
133.3754 	 1 
133.5960 	 2 
133.5960 	 0 
133.6076 	 1 
133.8282 	 2 
133.8398 	 1 
133.8398 	 0 
134.0604 	 0 
134.0604 	 1 
134.0604 	 2 
134.2810 	 0 
134.2810 	 1 
134.2810 	 2 
134.5132 	 1 
134.5132 	 0 
134.5132 	 2 
134.7454 	 1 
134.7454 	 0 
134.7454 	 2 
134.8499 	 2 
134.9660 	 2 
134.9660 	 0 
134.9660 	 1 
135.1866 	 2 
135.1866 	 0 
135.1982 	 1 
135.4188 	 2 
135.4188 	 0 
135.4304 	 1 
135.6510 	 1 
135.6510 	 2 
135.6510 	 0 
135.7671 	 2 
135.8716 	 0 
135.8832 	 1 
135.8832 	 2 
135.9877 	 2 
136.1038 	 0 
136.1038 	 1 
136.1038 	 2 
136.3244 	 2 
136.3360 	 0 
136.3360 	 1 
136.5566 	 0 
136.5566 	 1 
136.5566 	 2 
136.7771 	 2 
136.7771 	 0 
136.7888 	 1 
136.9977 	 0 
137.0093 	 2 
137.0093 	 1 
137.2299 	 0 
137.2415 	 2 
137.2415 	 1 
137.4621 	 2 
137.4737 	 1 
137.4737 	 0 
137.6943 	 2 
137.6943 	 1 
137.6943 	 0 
137.9149 	 0 
137.9149 	 1 
137.9149 	 2 
138.0310 	 2 
138.1471 	 1 
138.1471 	 2 
138.1471 	 0 
138.3793 	 0 
138.3793 	 1 
138.3793 	 2 
138.5999 	 2 
138.5999 	 0 
138.6115 	 1 
138.8205 	 2 
138.8321 	 1 
138.8321 	 0 
139.0527 	 2 
139.0643 	 1 
139.0643 	 0 
139.2849 	 0 
139.2849 	 2 
139.2965 	 1 
139.5055 	 0 
139.5171 	 1 
139.5171 	 2 
139.7377 	 1 
139.7377 	 2 
139.7377 	 0 
139.9699 	 0 
139.9699 	 1 
139.9699 	 2 
140.2021 	 2 
140.2021 	 1 
140.2021 	 0 
142.0249 	 0 
142.0249 	 2 
142.0249 	 1 
142.4660 	 0 
142.4660 	 1 
142.4776 	 2 
142.5821 	 2 
142.6982 	 1 
142.6982 	 0 
142.6982 	 2 
142.9304 	 2 
142.9304 	 0 
142.9304 	 1 
143.1742 	 2 
143.3716 	 0 
143.3832 	 1 
143.3832 	 2 
143.6386 	 2 
143.8360 	 2 
143.8360 	 0 
143.8360 	 1 
143.9521 	 2 
144.0682 	 2 
144.1843 	 2 
144.2888 	 2 
144.2888 	 0 
144.2888 	 1 
144.4049 	 2 
144.5094 	 2 
144.5094 	 0 
144.5210 	 1 
144.7532 	 1 
144.7532 	 2 
144.7532 	 0 
145.1944 	 1 
145.1944 	 0 
145.2060 	 2 
145.4382 	 2 
145.6588 	 1 
145.6588 	 2 
145.6588 	 0 
146.1116 	 1 
146.1116 	 2 
146.1116 	 0 
146.3322 	 2 
146.3438 	 1 
146.5644 	 0 
146.5644 	 1 
146.5644 	 2 
147.0171 	 1 
147.0171 	 0 
147.0171 	 2 
147.4699 	 0 
147.4815 	 1 
147.4815 	 2 
147.5976 	 2 
147.9227 	 2 
147.9227 	 0 
147.9227 	 1 
148.1549 	 0 
148.1549 	 1 
148.1549 	 2 
148.3871 	 1 
148.3871 	 0 
148.3871 	 2 
148.8399 	 0 
148.8399 	 2 
148.8399 	 1 
148.9560 	 2 
149.0721 	 2 
149.2927 	 0 
149.2927 	 1 
149.2927 	 2 
149.6294 	 2 
149.7455 	 0 
149.7455 	 2 
149.7455 	 1 
149.9661 	 0 
149.9661 	 2 
150.1983 	 0 
150.1983 	 1 
150.1983 	 2 
150.3144 	 2 
150.4189 	 2 
150.6511 	 1 
150.6511 	 2 
150.6511 	 0 
150.9297 	 2 
151.1039 	 0 
151.1155 	 2 
151.1155 	 1 
151.4522 	 2 
151.5566 	 0 
151.5566 	 2 
151.5566 	 1 
151.6727 	 2 
151.7888 	 0 
151.7888 	 2 
151.7888 	 1 
152.0210 	 2 
152.0210 	 0 
152.0210 	 1 
152.2532 	 2 
152.4622 	 0 
152.4738 	 1 
152.4738 	 2 
152.9266 	 1 
152.9266 	 0 
152.9382 	 2 
153.1472 	 2 
153.3794 	 2 
153.3794 	 0 
153.3794 	 1 
153.4955 	 2 
153.6000 	 2 
153.6116 	 1 
153.8322 	 0 
153.8438 	 1 
153.8438 	 2 
154.2850 	 0 
154.2850 	 1 
154.2850 	 2 
154.7494 	 0 
154.7494 	 2 
154.7494 	 1 
154.8771 	 2 
155.0861 	 0 
155.0861 	 2 
155.2022 	 0 
155.2022 	 2 
155.2022 	 1 
155.3183 	 2 
155.4228 	 1 
155.4228 	 2 
155.4228 	 0 
155.6550 	 2 
155.6550 	 1 
155.6550 	 0 
155.8756 	 2 
156.1078 	 2 
156.1078 	 1 
156.1078 	 0 
156.2239 	 2 
156.3283 	 0 
156.3283 	 2 
156.3400 	 1 
156.5605 	 0 
156.5605 	 2 
156.5605 	 1 
156.7811 	 0 
156.7811 	 2 
156.7927 	 1 
157.0133 	 2 
157.0133 	 1 
157.2339 	 1 
157.2339 	 0 
157.2455 	 2 
157.4661 	 0 
157.4661 	 2 
157.4777 	 1 
157.6983 	 0 
157.6983 	 1 
157.6983 	 2 
157.9189 	 1 
157.9189 	 2 
157.9189 	 0 
158.1511 	 0 
158.1511 	 2 
158.1511 	 1 
158.3717 	 2 
158.3833 	 0 
158.3833 	 1 
158.6039 	 0 
158.6039 	 1 
158.6039 	 2 
158.8245 	 0 
158.8361 	 1 
158.8361 	 2 
159.0567 	 1 
159.0567 	 0 
159.0567 	 2 
159.2773 	 1 
159.2773 	 0 
159.2773 	 2 
159.5095 	 1 
159.5095 	 0 
159.5095 	 2 
159.7417 	 0 
159.7417 	 1 
159.7417 	 2 
159.9623 	 0 
159.9623 	 2 
159.9739 	 1 
160.1945 	 1 
160.1945 	 2 
160.1945 	 0 
160.2990 	 2 
160.4151 	 2 
160.4267 	 1 
160.4267 	 0 
160.6473 	 1 
160.6473 	 2 
160.6473 	 0 
160.8678 	 2 
160.8678 	 0 
160.8795 	 1 
161.1000 	 2 
161.1000 	 0 
161.1117 	 1 
161.3322 	 0 
161.3322 	 1 
161.3322 	 2 
161.5528 	 0 
161.5528 	 1 
161.5528 	 2 
161.7850 	 0 
161.7850 	 1 
161.7850 	 2 
162.0172 	 0 
162.0172 	 1 
162.0172 	 2 
162.1333 	 2 
162.2378 	 0 
162.2378 	 2 
162.2378 	 1 
162.4584 	 0 
162.4700 	 1 
162.4700 	 2 
162.6906 	 2 
162.6906 	 0 
162.7022 	 1 
162.9228 	 0 
162.9228 	 1 
162.9228 	 2 
163.1434 	 2 
163.1550 	 1 
163.1550 	 0 
163.3640 	 2 
163.3640 	 0 
163.3640 	 1 
163.5962 	 0 
163.5962 	 2 
163.6078 	 1 
163.8400 	 2 
163.8400 	 0 
163.8400 	 1 
164.0606 	 2 
164.2812 	 1 
164.2812 	 0 
164.2928 	 2 
164.5134 	 1 
164.5134 	 2 
164.5134 	 0 
164.7340 	 0 
164.7340 	 2 
164.7456 	 1 
164.9662 	 0 
164.9662 	 2 
164.9778 	 1 
165.1868 	 2 
165.1868 	 0 
165.1984 	 1 
165.4190 	 0 
165.4190 	 2 
165.4306 	 1 
165.6512 	 2 
165.6512 	 1 
165.6512 	 0 
165.8834 	 2 
165.8834 	 0 
165.8834 	 1 
165.9995 	 2 
166.1039 	 2 
166.3361 	 1 
166.3361 	 2 
166.3361 	 0 
166.5219 	 2 
166.5567 	 1 
166.5567 	 2 
166.5567 	 0 
166.7773 	 0 
166.7889 	 2 
166.7889 	 1 
167.0095 	 0 
167.0095 	 1 
167.0095 	 2 
167.2301 	 0 
167.2301 	 2 
167.2417 	 1 
167.4623 	 0 
167.4739 	 2 
167.4739 	 1 
167.6945 	 1 
167.6945 	 0 
167.6945 	 2 
167.9151 	 0 
167.9151 	 2 
167.9267 	 1 
168.1473 	 0 
168.1473 	 2 
168.1473 	 1 
168.3795 	 1 
168.3795 	 2 
168.3795 	 0 
168.6001 	 0 
168.6001 	 2 
168.6117 	 1 
168.8323 	 2 
168.8323 	 1 
168.8323 	 0 
169.0529 	 2 
169.0529 	 0 
169.0645 	 1 
169.2851 	 0 
169.2851 	 1 
169.2967 	 2 
169.4128 	 2 
169.5173 	 0 
169.5173 	 2 
169.5173 	 1 
169.6334 	 2 
169.7379 	 1 
169.7379 	 2 
169.8540 	 2 
169.9701 	 1 
169.9701 	 0 
169.9701 	 2 
170.0862 	 2 
170.1907 	 2 
170.1907 	 1 
170.3068 	 2 
170.3068 	 1 
170.4112 	 1 
170.4229 	 2 
170.5273 	 2 
170.6434 	 2 
170.6434 	 1 
170.7595 	 2 
170.8756 	 2 
170.8756 	 1 
170.9917 	 2 
171.1078 	 1 
171.1078 	 0 
171.1078 	 2 
171.2936 	 2 
171.3400 	 2 
171.3400 	 1 
171.5606 	 1 
171.5606 	 2 
171.5606 	 0 
171.7928 	 0 
171.7928 	 1 
171.7928 	 2 
172.0134 	 2 
172.0134 	 0 
172.0134 	 1 
172.2456 	 2 
172.2456 	 1 
172.2456 	 0 
172.3501 	 2 
172.4662 	 0 
172.4662 	 1 
172.4662 	 2 
172.6984 	 2 
172.6984 	 0 
172.6984 	 1 
172.9190 	 0 
172.9190 	 1 
172.9190 	 2 
173.1512 	 2 
173.1512 	 0 
173.1512 	 1 
173.3718 	 0 
173.3718 	 2 
173.3718 	 1 
173.6040 	 2 
173.6040 	 1 
173.6040 	 0 
173.8362 	 2 
173.8362 	 1 
173.8362 	 0 
174.0568 	 1 
174.0684 	 0 
174.0684 	 2 
174.2774 	 0 
174.2890 	 2 
174.2890 	 1 
174.5096 	 1 
174.5096 	 2 
174.5096 	 0 
174.7418 	 1 
174.7418 	 0 
174.7418 	 2 
174.9740 	 1 
174.9740 	 2 
175.1946 	 2 
175.1946 	 1 
175.1946 	 0 
175.4268 	 0 
175.4268 	 2 
175.4268 	 1 
175.6473 	 2 
175.6473 	 1 
175.6473 	 0 
175.8795 	 2 
175.8795 	 1 
175.8795 	 0 
176.1001 	 0 
176.1001 	 2 
176.1001 	 1 
176.3323 	 1 
176.3323 	 0 
176.3323 	 2 
176.5529 	 2 
176.5645 	 0 
176.5645 	 1 
176.7851 	 2 
176.7967 	 0 
176.7967 	 1 
177.0173 	 2 
177.0173 	 1 
177.0173 	 0 
177.2379 	 0 
177.2379 	 2 
177.2379 	 1 
177.4585 	 0 
177.4701 	 1 
177.4701 	 2 
177.7023 	 0 
177.7023 	 1 
177.7023 	 2 
177.9229 	 0 
177.9229 	 1 
177.9229 	 2 
178.1551 	 0 
178.1551 	 1 
178.1551 	 2 
178.3757 	 2 
178.3757 	 0 
178.3757 	 1 
178.6079 	 0 
178.6079 	 2 
178.6079 	 1 
178.8285 	 2 
178.8285 	 0 
178.8285 	 1 
179.0607 	 2 
179.0607 	 0 
179.0607 	 1 
179.2813 	 0 
179.2813 	 1 
179.2813 	 2 
179.5135 	 1 
179.5135 	 2 
179.5135 	 0 
179.7341 	 0 
179.7457 	 1 
179.7457 	 2 
179.9663 	 2 
179.9663 	 1 
179.9663 	 0 
180.1985 	 1 
180.1985 	 0 
180.1985 	 2 
180.4307 	 0 
180.4307 	 2 
180.4307 	 1 
180.6512 	 0 
180.6512 	 1 
180.6512 	 2 
180.8834 	 2 
180.8834 	 0 
180.8834 	 1 
181.1040 	 2 
181.1040 	 1 
181.1040 	 0 
181.3362 	 2 
181.3362 	 0 
181.3362 	 1 
181.5568 	 1 
181.5568 	 2 
181.5568 	 0 
181.7890 	 1 
181.7890 	 2 
181.7890 	 0 
182.0096 	 1 
182.0096 	 0 
182.0096 	 2 
182.2418 	 2 
182.2534 	 0 
182.4624 	 0 
182.4740 	 2 
182.4740 	 1 
182.6946 	 0 
182.6946 	 2 
182.7062 	 1 
182.9152 	 2 
182.9268 	 0 
182.9268 	 1 
183.1474 	 2 
183.1474 	 1 
183.1474 	 0 
183.3680 	 0 
183.3796 	 1 
183.3796 	 2 
183.6002 	 2 
183.6118 	 1 
183.6118 	 0 
183.8324 	 0 
183.8324 	 1 
183.8324 	 2 
184.0646 	 1 
184.0646 	 0 
184.0646 	 2 
184.2852 	 0 
184.2852 	 2 
184.2852 	 1 
184.5058 	 2 
184.5058 	 0 
184.5174 	 1 
184.7380 	 1 
184.7380 	 2 
184.7380 	 0 
184.9702 	 1 
184.9702 	 2 
184.9702 	 0 
185.1907 	 2 
185.1907 	 0 
185.1907 	 1 
185.3068 	 2 
185.4229 	 2 
185.4229 	 0 
185.4229 	 1 
185.6551 	 1 
185.6551 	 0 
185.6551 	 2 
185.7712 	 2 
185.8757 	 2 
185.8757 	 1 
186.0963 	 2 
186.1079 	 0 
186.1079 	 1 
186.3285 	 2 
186.3401 	 0 
186.3401 	 1 
186.5607 	 2 
186.5607 	 0 
186.5607 	 1 
186.7929 	 2 
186.7929 	 0 
186.7929 	 1 
187.0135 	 1 
187.0135 	 0 
187.0135 	 2 
187.2341 	 2 
187.2457 	 1 
187.2457 	 0 
187.4663 	 0 
187.4663 	 2 
187.4779 	 1 
187.6985 	 0 
187.6985 	 1 
187.6985 	 2 
187.9307 	 1 
187.9307 	 2 
187.9307 	 0 
188.1513 	 1 
188.1513 	 0 
188.1513 	 2 
188.3719 	 1 
188.3719 	 2 
188.3719 	 0 
188.6041 	 1 
188.6041 	 2 
188.6041 	 0 
188.8247 	 2 
188.8363 	 1 
188.8363 	 0 
189.0569 	 0 
189.0569 	 1 
189.0569 	 2 
189.2891 	 1 
189.2891 	 2 
189.2891 	 0 
189.5213 	 1 
189.5213 	 2 
189.5213 	 0 
189.6374 	 2 
189.7419 	 2 
189.7419 	 1 
189.7419 	 0 
189.9624 	 2 
189.9741 	 1 
189.9741 	 0 
190.1946 	 2 
190.1946 	 0 
190.1946 	 1 
190.4268 	 1 
190.4268 	 0 
190.4268 	 2 
190.6474 	 0 
190.6474 	 2 
190.6474 	 1 
190.8796 	 1 
190.8796 	 0 
190.8796 	 2 
191.1002 	 2 
191.1118 	 0 
191.1118 	 1 
191.3324 	 2 
191.3324 	 1 
191.3440 	 0 
191.5530 	 2 
191.5530 	 0 
191.5646 	 1 
191.7852 	 1 
191.7852 	 2 
191.7852 	 0 
192.0174 	 2 
192.0174 	 0 
192.0174 	 1 
192.2380 	 0 
192.2380 	 2 
192.2496 	 1 
192.4586 	 0 
192.4702 	 1 
192.4702 	 2 
192.7024 	 1 
192.7024 	 0 
192.7024 	 2 
192.9230 	 0 
192.9230 	 2 
192.9346 	 1 
193.1552 	 1 
193.1552 	 0 
193.1552 	 2 
193.3758 	 2 
193.3758 	 1 
193.3758 	 0 
193.6080 	 0 
193.6080 	 1 
193.6080 	 2 
193.8286 	 1 
193.8286 	 2 
193.8286 	 0 
194.0608 	 0 
194.0608 	 2 
194.0608 	 1 
194.2814 	 0 
194.2814 	 2 
194.2814 	 1 
194.5136 	 0 
194.5136 	 1 
194.5136 	 2 
194.7341 	 2 
194.7341 	 0 
194.7458 	 1 
194.9663 	 2 
194.9663 	 1 
194.9780 	 0 
195.1985 	 1 
195.1985 	 0 
195.1985 	 2 
195.4191 	 2 
195.4307 	 1 
195.4307 	 0 
195.6513 	 0 
195.6513 	 1 
195.6513 	 2 
195.8719 	 0 
195.8719 	 1 
195.8719 	 2 
196.1041 	 0 
196.1041 	 1 
196.1041 	 2 
196.3247 	 2 
196.3247 	 0 
196.3363 	 1 
196.5569 	 1 
196.5569 	 0 
196.5569 	 2 
196.7427 	 2 
196.7775 	 1 
196.7891 	 0 
196.7891 	 2 
197.0097 	 1 
197.0097 	 2 
197.0097 	 0 
197.2419 	 1 
197.2419 	 2 
197.2419 	 0 
197.4625 	 2 
197.4625 	 0 
197.4741 	 1 
197.6947 	 2 
197.6947 	 1 
197.6947 	 0 
197.9153 	 0 
197.9269 	 1 
197.9269 	 2 
198.1359 	 1 
198.1475 	 0 
198.1475 	 2 
198.3797 	 0 
198.3797 	 2 
198.3797 	 1 
198.6119 	 1 
198.6119 	 0 
198.6119 	 2 
198.8325 	 0 
198.8325 	 1 
198.8325 	 2 
199.0531 	 2 
199.0647 	 1 
199.0647 	 0 
199.1692 	 1 
199.1692 	 2 
199.2853 	 1 
199.2853 	 2 
199.4246 	 2 
199.4478 	 2 
199.5059 	 2 
199.6220 	 2 
199.7264 	 0 
199.7380 	 2 
199.7380 	 1 
199.8309 	 2 
199.8890 	 2 
199.9586 	 2 
199.9586 	 1 
200.0747 	 2 
200.2024 	 2 
200.2024 	 0 
200.2024 	 1 
200.3302 	 2 
202.0252 	 2 
202.0252 	 1 
202.0252 	 0 
202.2690 	 2 
202.3387 	 2 
202.4664 	 2 
202.4780 	 1 
202.4780 	 0 
202.5825 	 2 
202.6986 	 0 
202.6986 	 2 
202.6986 	 1 
202.9308 	 1 
202.9308 	 2 
202.9308 	 0 
203.3720 	 0 
203.3720 	 1 
203.3836 	 2 
203.8364 	 0 
203.8364 	 1 
203.8364 	 2 
204.0686 	 2 
204.1731 	 2 
204.2892 	 0 
204.2892 	 2 
204.2892 	 1 
204.4053 	 2 
204.5098 	 2 
204.5098 	 1 
204.5214 	 0 
204.7420 	 0 
204.7420 	 2 
204.7420 	 1 
205.1947 	 0 
205.1947 	 2 
205.1947 	 1 
205.6591 	 1 
205.6591 	 0 
205.6591 	 2 
206.1119 	 1 
206.1119 	 0 
206.1119 	 2 
206.2396 	 2 
206.3325 	 1 
206.3325 	 2 
206.5647 	 1 
206.5647 	 0 
206.5647 	 2 
207.0175 	 1 
207.0175 	 2 
207.0175 	 0 
207.4703 	 1 
207.4703 	 0 
207.4819 	 2 
207.8070 	 2 
207.8534 	 2 
207.9231 	 1 
207.9231 	 0 
207.9231 	 2 
208.0276 	 2 
208.1437 	 2 
208.3759 	 0 
208.3759 	 1 
208.3759 	 2 
208.8403 	 0 
208.8403 	 2 
208.8403 	 1 
208.9912 	 2 
208.9912 	 1 
209.2118 	 2 
209.2815 	 0 
209.2931 	 2 
209.2931 	 1 
209.7459 	 2 
209.7459 	 1 
209.7459 	 0 
209.9664 	 2 
209.9664 	 0 
209.9664 	 1 
210.1986 	 0 
210.2102 	 1 
210.2102 	 2 
210.6514 	 1 
210.6514 	 2 
210.6514 	 0 
210.7675 	 2 
210.8836 	 2 
211.1158 	 0 
211.1158 	 1 
211.1158 	 2 
211.4409 	 2 
211.5570 	 1 
211.5686 	 0 
211.5686 	 2 
211.7892 	 2 
211.7892 	 1 
212.0214 	 0 
212.0214 	 2 
212.0214 	 1 
212.4742 	 1 
212.4742 	 0 
212.4742 	 2 
212.9270 	 2 
212.9270 	 0 
212.9270 	 1 
213.3798 	 1 
213.3798 	 0 
213.3914 	 2 
213.5075 	 2 
213.6120 	 2 
213.6120 	 1 
213.8326 	 0 
213.8442 	 2 
213.8442 	 1 
214.0880 	 2 
214.2854 	 1 
214.2854 	 0 
214.2854 	 2 
214.5176 	 2 
214.7381 	 1 
214.7381 	 0 
214.7498 	 2 
214.9820 	 2 
215.0864 	 2 
215.1909 	 0 
215.2025 	 1 
215.2025 	 2 
215.3070 	 2 
215.4231 	 2 
215.4231 	 1 
215.6553 	 2 
215.6553 	 0 
215.6553 	 1 
215.7714 	 2 
215.8759 	 1 
215.8759 	 2 
216.1081 	 2 
216.1081 	 0 
216.1081 	 1 
216.2242 	 2 
216.3287 	 2 
216.3287 	 0 
216.3287 	 1 
216.4448 	 2 
216.5609 	 0 
216.5609 	 1 
216.5609 	 2 
216.7815 	 1 
216.7815 	 2 
216.7931 	 0 
217.0137 	 2 
217.0137 	 1 
217.2343 	 0 
217.2459 	 1 
217.2459 	 2 
217.4665 	 0 
217.4665 	 2 
217.4781 	 1 
217.6987 	 2 
217.6987 	 1 
217.6987 	 0 
217.9193 	 2 
217.9193 	 0 
217.9193 	 1 
218.1399 	 2 
218.1515 	 0 
218.1515 	 1 
218.3721 	 2 
218.3721 	 0 
218.3837 	 1 
218.5927 	 0 
218.6043 	 1 
218.6043 	 2 
218.8249 	 2 
218.8249 	 0 
218.8365 	 1 
219.0571 	 1 
219.0571 	 0 
219.0571 	 2 
219.2893 	 0 
219.2893 	 2 
219.2893 	 1 
219.5098 	 2 
219.5098 	 0 
219.5215 	 1 
219.7304 	 2 
219.7420 	 1 
219.9510 	 2 
219.9626 	 0 
219.9626 	 1 
220.1948 	 2 
220.1948 	 0 
220.1948 	 1 
220.4270 	 1 
220.4270 	 2 
220.4270 	 0 
220.6360 	 0 
220.6476 	 1 
220.6476 	 2 
220.7637 	 2 
220.8798 	 1 
220.8798 	 0 
220.8798 	 2 
221.1004 	 2 
221.1004 	 0 
221.1004 	 1 
221.3326 	 1 
221.3326 	 2 
221.3326 	 0 
221.5532 	 0 
221.5532 	 1 
221.5532 	 2 
221.7738 	 2 
221.7854 	 1 
221.7854 	 0 
222.0176 	 1 
222.0176 	 0 
222.0176 	 2 
222.2382 	 0 
222.2382 	 2 
222.2498 	 1 
222.4588 	 1 
222.4588 	 0 
222.4704 	 2 
222.6910 	 2 
222.6910 	 0 
222.7026 	 1 
222.9232 	 2 
222.9232 	 1 
222.9232 	 0 
223.1438 	 2 
223.1438 	 0 
223.1554 	 1 
223.3295 	 2 
223.3411 	 0 
223.3644 	 1 
223.5966 	 2 
223.5966 	 0 
223.6082 	 1 
223.8404 	 2 
223.8404 	 0 
223.8404 	 1 
223.9565 	 2 
224.0145 	 2 
224.0493 	 2 
224.0726 	 1 
224.2815 	 2 
224.2815 	 1 
224.5137 	 2 
224.5137 	 1 
224.5137 	 0 
224.7459 	 0 
224.7459 	 2 
224.7459 	 1 
224.9665 	 2 
224.9665 	 1 
224.9665 	 0 
225.1987 	 1 
225.1987 	 0 
225.1987 	 2 
225.3148 	 2 
225.4193 	 2 
225.4193 	 0 
225.4309 	 1 
225.6515 	 2 
225.6515 	 1 
225.6515 	 0 
225.8605 	 0 
225.8721 	 1 
225.8721 	 2 
226.0927 	 2 
226.0927 	 0 
226.1043 	 1 
226.3249 	 0 
226.3249 	 2 
226.3365 	 1 
226.5571 	 1 
226.5571 	 2 
226.5571 	 0 
226.7777 	 0 
226.7893 	 1 
226.7893 	 2 
227.0099 	 2 
227.0099 	 0 
227.0099 	 1 
227.2305 	 0 
227.2421 	 1 
227.2421 	 2 
227.4627 	 2 
227.4627 	 0 
227.4743 	 1 
227.6949 	 2 
227.6949 	 0 
227.6949 	 1 
227.9155 	 2 
227.9155 	 0 
227.9271 	 1 
228.1477 	 2 
228.1477 	 1 
228.1477 	 0 
228.3799 	 1 
228.3799 	 0 
228.3799 	 2 
228.6005 	 2 
228.6005 	 1 
228.6005 	 0 
228.8210 	 0 
228.8327 	 2 
228.8327 	 1 
229.0532 	 0 
229.0532 	 2 
229.0649 	 1 
229.2854 	 0 
229.2854 	 1 
229.2854 	 2 
229.4015 	 2 
229.5176 	 1 
229.5176 	 0 
229.5176 	 2 
229.7382 	 1 
229.7382 	 0 
229.7382 	 2 
229.8543 	 2 
229.9588 	 0 
229.9704 	 2 
229.9704 	 1 
230.1910 	 2 
230.3071 	 2 
230.4232 	 2 
230.5277 	 2 
230.6554 	 2 
230.7367 	 2 
230.7831 	 2 
230.8760 	 2 
230.9921 	 2 
231.1082 	 0 
231.1082 	 1 
231.1082 	 2 
