0.0813 	 0 
0.0929 	 2 
0.4063 	 2 
0.4063 	 1 
0.4063 	 0 
0.6966 	 2 
0.6966 	 0 
0.7082 	 1 
1.3119 	 0 
1.3235 	 1 
1.3235 	 2 
1.5093 	 1 
1.8112 	 2 
1.9273 	 1 
1.9273 	 2 
2.4265 	 2 
2.5194 	 2 
2.5310 	 1 
2.5310 	 0 
2.7283 	 2 
2.8328 	 2 
3.1347 	 1 
3.1347 	 2 
3.1347 	 0 
3.6339 	 1 
3.6339 	 2 
3.7500 	 2 
3.7500 	 1 
3.7500 	 0 
3.9474 	 2 
3.9474 	 1 
4.0635 	 0 
4.0635 	 1 
4.0635 	 2 
4.2493 	 2 
4.3654 	 0 
4.3654 	 1 
4.3654 	 2 
4.5627 	 1 
4.5627 	 0 
4.5627 	 2 
4.6672 	 0 
4.6672 	 2 
4.6672 	 1 
4.8646 	 2 
4.8646 	 1 
4.8646 	 0 
4.9691 	 1 
4.9691 	 0 
4.9807 	 2 
5.0271 	 2 
5.0736 	 2 
5.0852 	 1 
5.2709 	 2 
5.2709 	 0 
5.5844 	 0 
5.5844 	 1 
5.5960 	 2 
5.9095 	 2 
6.0952 	 2 
6.1997 	 2 
6.1997 	 1 
6.1997 	 0 
6.2810 	 2 
6.3971 	 2 
6.4087 	 1 
6.4900 	 2 
6.5016 	 1 
6.5016 	 0 
6.5945 	 2 
6.7106 	 2 
6.8151 	 0 
6.8151 	 1 
6.8151 	 2 
7.1169 	 0 
7.1169 	 1 
7.1169 	 2 
7.3375 	 2 
7.4188 	 0 
7.4304 	 2 
7.4304 	 1 
7.5349 	 2 
7.7206 	 1 
7.7206 	 0 
7.7322 	 2 
8.0341 	 1 
8.0341 	 0 
8.0457 	 2 
8.3011 	 2 
8.4172 	 2 
8.5449 	 2 
8.6378 	 2 
8.6494 	 0 
8.6494 	 1 
8.7307 	 2 
8.8468 	 2 
8.8468 	 1 
8.9513 	 2 
8.9513 	 1 
9.0558 	 2 
9.1603 	 2 
9.1603 	 0 
9.1603 	 1 
9.2648 	 2 
9.2648 	 1 
9.2648 	 0 
9.4970 	 2 
9.5666 	 1 
9.5666 	 0 
9.5782 	 2 
9.8685 	 0 
9.8801 	 2 
10.1703 	 2 
10.1703 	 1 
10.4722 	 0 
10.4838 	 2 
10.4838 	 1 
10.7741 	 2 
10.9946 	 2 
11.0991 	 2 
11.0991 	 1 
11.0991 	 0 
11.1920 	 2 
11.2965 	 1 
11.2965 	 0 
11.2965 	 2 
11.4010 	 1 
11.4010 	 2 
11.4939 	 2 
11.6216 	 2 
11.7029 	 1 
11.7145 	 0 
11.7145 	 2 
11.9118 	 2 
12.0163 	 2 
12.0163 	 1 
12.0163 	 0 
12.2485 	 2 
12.3182 	 1 
12.3182 	 0 
12.3298 	 2 
12.3646 	 2 
12.4459 	 2 
12.6200 	 2 
12.6200 	 0 
12.6200 	 1 
12.9335 	 0 
12.9335 	 2 
12.9335 	 1 
13.2470 	 2 
13.4444 	 1 
13.4444 	 2 
13.4444 	 0 
13.7462 	 0 
13.7462 	 1 
13.7578 	 2 
13.8623 	 2 
14.6634 	 2 
14.7911 	 2 
14.8027 	 1 
14.8376 	 2 
14.9653 	 1 
14.9653 	 0 
14.9653 	 2 
15.0233 	 2 
15.0814 	 2 
15.0814 	 1 
15.2671 	 2 
15.2787 	 1 
15.3716 	 1 
15.3716 	 2 
15.4645 	 2 
15.6851 	 1 
15.6851 	 0 
15.6851 	 2 
15.9869 	 0 
15.9985 	 2 
15.9985 	 1 
16.3004 	 2 
16.3004 	 0 
16.3004 	 1 
16.5790 	 2 
16.6371 	 2 
16.7184 	 2 
16.8345 	 2 
16.8461 	 1 
16.8461 	 0 
16.9157 	 0 
16.9157 	 2 
16.9157 	 1 
17.1131 	 1 
17.1131 	 0 
17.1131 	 2 
17.2408 	 2 
17.4150 	 0 
17.4150 	 2 
17.5311 	 1 
17.5311 	 2 
17.5311 	 0 
17.7284 	 1 
17.7284 	 2 
17.8213 	 2 
17.8213 	 1 
17.8213 	 0 
18.1348 	 1 
18.1348 	 0 
18.1464 	 2 
18.4366 	 0 
18.4483 	 2 
18.4483 	 1 
18.7501 	 1 
18.7501 	 0 
18.7501 	 2 
19.0752 	 2 
19.0868 	 1 
19.1797 	 2 
19.1913 	 1 
19.2958 	 2 
19.3654 	 1 
19.3654 	 0 
19.3654 	 2 
19.5628 	 0 
19.5628 	 1 
19.5628 	 2 
19.6789 	 1 
19.6789 	 2 
19.6789 	 0 
19.8647 	 2 
19.8647 	 1 
19.8647 	 0 
19.9692 	 0 
19.9808 	 1 
19.9808 	 2 
20.1781 	 1 
20.1781 	 2 
20.2826 	 1 
20.2826 	 2 
20.2826 	 0 
20.5845 	 0 
20.5961 	 1 
20.5961 	 2 
20.8863 	 0 
20.8980 	 1 
20.8980 	 2 
21.1998 	 1 
21.1998 	 2 
21.1998 	 0 
21.5249 	 2 
21.5249 	 1 
21.5249 	 0 
21.6294 	 2 
21.7455 	 2 
21.8151 	 2 
21.8151 	 1 
21.8151 	 0 
22.0125 	 1 
22.0125 	 0 
22.0125 	 2 
22.1170 	 2 
22.1170 	 1 
22.3144 	 1 
22.3144 	 2 
22.3144 	 0 
22.4189 	 2 
22.4189 	 0 
22.4189 	 1 
22.5117 	 2 
22.6162 	 0 
22.6162 	 2 
22.6278 	 1 
22.7207 	 2 
22.7207 	 0 
22.7207 	 1 
22.8020 	 2 
23.0342 	 0 
23.0342 	 1 
23.0342 	 2 
23.3361 	 0 
23.3477 	 1 
23.3477 	 2 
23.6495 	 1 
23.6495 	 0 
23.6495 	 2 
23.9746 	 1 
23.9746 	 2 
23.9746 	 0 
24.0791 	 1 
24.0791 	 2 
24.1836 	 2 
24.2649 	 1 
24.2649 	 2 
24.2649 	 0 
24.4622 	 1 
24.4622 	 0 
24.4622 	 2 
24.5783 	 2 
24.5783 	 1 
24.7641 	 2 
24.8686 	 1 
24.8686 	 0 
24.8802 	 2 
25.0776 	 1 
25.0776 	 0 
25.0776 	 2 
25.1820 	 1 
25.1820 	 0 
25.1820 	 2 
25.4839 	 1 
25.4839 	 0 
25.4839 	 2 
25.7858 	 0 
25.7858 	 1 
25.7974 	 2 
26.0992 	 0 
26.0992 	 2 
26.0992 	 1 
26.4243 	 2 
26.5288 	 2 
26.6449 	 2 
26.7146 	 0 
26.7146 	 2 
26.7146 	 1 
26.9119 	 0 
26.9119 	 2 
26.9235 	 1 
27.2138 	 2 
27.2138 	 1 
27.2138 	 0 
27.3183 	 0 
27.3299 	 1 
27.3299 	 2 
27.5156 	 1 
27.5156 	 2 
27.5156 	 0 
27.6317 	 0 
27.6317 	 2 
27.6317 	 1 
27.9220 	 0 
27.9336 	 1 
27.9336 	 2 
28.1658 	 2 
28.1890 	 1 
28.2355 	 2 
28.2355 	 0 
28.5489 	 0 
28.5489 	 1 
28.5489 	 2 
28.8624 	 2 
28.8740 	 1 
28.9785 	 1 
28.9785 	 2 
29.0946 	 2 
29.1643 	 1 
29.1643 	 0 
29.1643 	 2 
29.3616 	 0 
29.3616 	 1 
29.3616 	 2 
29.4893 	 2 
29.4893 	 1 
29.6519 	 0 
29.6635 	 2 
29.7680 	 2 
29.7680 	 1 
29.7680 	 0 
29.9654 	 2 
29.9770 	 1 
29.9770 	 0 
30.0698 	 1 
30.0698 	 0 
30.0698 	 2 
30.3717 	 1 
30.3717 	 0 
30.3833 	 2 
30.6852 	 0 
30.6852 	 2 
30.6968 	 1 
30.9986 	 1 
30.9986 	 0 
30.9986 	 2 
31.3121 	 1 
31.3121 	 0 
31.3237 	 2 
31.4282 	 2 
31.4398 	 1 
31.5443 	 2 
31.6024 	 1 
31.6140 	 2 
31.6140 	 0 
31.7997 	 1 
31.8113 	 0 
31.8113 	 2 
32.1016 	 2 
32.1132 	 1 
32.1132 	 0 
32.2177 	 1 
32.2177 	 2 
32.2293 	 0 
32.4151 	 0 
32.4151 	 1 
32.4151 	 2 
32.5195 	 0 
32.5312 	 1 
32.5312 	 2 
32.6240 	 2 
32.7517 	 2 
32.8330 	 2 
32.8330 	 1 
32.8330 	 0 
33.0188 	 2 
33.1349 	 2 
33.1349 	 0 
33.1465 	 1 
33.4483 	 0 
33.4483 	 2 
33.4483 	 1 
33.7502 	 2 
33.7502 	 1 
33.7502 	 0 
33.9476 	 2 
33.9592 	 1 
33.9592 	 0 
34.0637 	 0 
34.0637 	 1 
34.0637 	 2 
34.3655 	 0 
34.3655 	 2 
34.3655 	 1 
34.6674 	 1 
34.6674 	 0 
34.6674 	 2 
34.9693 	 2 
34.9693 	 1 
34.9693 	 0 
35.0970 	 2 
35.2711 	 0 
35.2711 	 2 
35.2827 	 1 
35.5846 	 0 
35.5846 	 1 
35.5846 	 2 
35.7007 	 2 
35.8864 	 2 
35.8864 	 0 
35.8980 	 1 
36.0954 	 2 
36.0954 	 1 
36.0954 	 0 
36.1999 	 2 
36.3973 	 2 
36.3973 	 1 
36.5018 	 2 
36.5018 	 0 
36.5018 	 1 
36.8036 	 0 
36.8152 	 2 
36.8152 	 1 
37.1055 	 0 
37.1055 	 1 
37.1171 	 2 
37.4190 	 1 
37.4190 	 2 
37.4306 	 0 
37.5815 	 2 
37.7208 	 1 
37.7324 	 2 
37.9182 	 2 
38.0343 	 1 
38.0343 	 0 
38.0343 	 2 
38.2317 	 1 
38.2317 	 0 
38.2317 	 2 
38.3361 	 1 
38.3361 	 0 
38.3361 	 2 
38.5335 	 2 
38.5335 	 0 
38.5451 	 1 
38.6496 	 2 
38.6496 	 1 
38.6496 	 0 
38.7541 	 2 
38.8470 	 2 
38.8470 	 1 
38.8470 	 0 
38.9515 	 2 
38.9515 	 1 
38.9515 	 0 
39.2417 	 0 
39.2533 	 1 
39.2533 	 2 
39.5552 	 1 
39.5552 	 2 
39.5552 	 0 
39.8687 	 1 
39.8687 	 0 
39.8687 	 2 
40.1705 	 0 
40.1705 	 2 
40.1821 	 1 
40.4840 	 1 
40.4840 	 2 
40.4840 	 0 
40.6814 	 2 
40.7859 	 0 
40.7859 	 2 
40.7859 	 1 
40.9948 	 0 
40.9948 	 2 
40.9948 	 1 
41.2967 	 1 
41.2967 	 2 
41.2967 	 0 
41.4012 	 1 
41.4012 	 2 
41.4012 	 0 
41.7030 	 1 
41.7030 	 0 
41.7146 	 2 
42.0165 	 2 
42.0165 	 0 
42.0165 	 1 
42.3184 	 2 
42.3184 	 1 
42.3184 	 0 
42.6202 	 2 
42.6202 	 1 
42.6202 	 0 
42.8292 	 0 
42.8292 	 2 
42.8292 	 1 
43.1311 	 2 
43.1311 	 1 
43.2356 	 0 
43.2472 	 2 
43.2472 	 1 
44.1527 	 2 
44.4662 	 0 
44.4662 	 2 
44.4662 	 1 
44.7565 	 0 
44.7681 	 2 
44.7681 	 1 
45.0003 	 2 
45.0699 	 1 
45.0815 	 2 
45.2673 	 2 
45.3834 	 2 
45.3834 	 0 
45.3834 	 1 
45.5808 	 2 
45.6969 	 1 
45.6969 	 2 
45.6969 	 0 
45.8942 	 2 
45.8942 	 1 
45.9871 	 0 
45.9987 	 2 
46.1961 	 2 
46.1961 	 1 
46.2890 	 2 
46.3006 	 0 
46.3006 	 1 
46.6024 	 1 
46.6024 	 0 
46.6024 	 2 
46.9043 	 1 
46.9043 	 0 
46.9159 	 2 
47.2178 	 1 
47.2178 	 0 
47.2178 	 2 
47.4500 	 1 
47.5196 	 1 
47.5312 	 0 
47.5312 	 2 
47.7170 	 2 
47.8331 	 1 
47.8331 	 0 
47.8331 	 2 
48.0305 	 2 
48.0305 	 1 
48.1350 	 0 
48.1350 	 2 
48.1350 	 1 
48.3323 	 0 
48.3439 	 2 
48.3439 	 1 
48.6458 	 2 
48.6458 	 0 
48.6458 	 1 
48.7503 	 2 
48.7503 	 1 
49.0522 	 0 
49.0522 	 1 
49.0638 	 2 
49.3424 	 0 
49.3540 	 2 
49.6559 	 1 
49.6675 	 2 
49.6675 	 0 
49.8765 	 0 
49.8765 	 2 
49.9693 	 2 
49.9693 	 1 
49.9810 	 0 
50.1667 	 2 
50.2828 	 2 
50.2828 	 1 
50.2828 	 0 
50.4802 	 2 
50.4802 	 0 
50.5963 	 2 
50.7820 	 2 
50.7820 	 0 
50.7820 	 1 
50.8865 	 1 
50.8865 	 2 
50.8865 	 0 
51.0839 	 2 
51.0955 	 1 
51.2000 	 2 
51.2000 	 0 
51.2000 	 1 
51.5019 	 2 
51.5019 	 0 
51.5019 	 1 
51.8037 	 1 
51.8037 	 2 
51.8037 	 0 
52.1056 	 1 
52.1172 	 0 
52.1172 	 2 
52.3146 	 2 
52.4190 	 1 
52.4190 	 0 
52.4307 	 2 
52.7209 	 0 
52.7209 	 1 
52.7209 	 2 
52.9299 	 2 
53.0344 	 0 
53.0344 	 2 
53.0344 	 1 
53.2317 	 0 
53.2317 	 1 
53.2317 	 2 
53.3362 	 0 
53.3478 	 1 
53.3478 	 2 
53.5452 	 0 
53.5452 	 2 
53.5452 	 1 
53.9516 	 0 
53.9516 	 2 
53.9516 	 1 
54.2534 	 1 
54.2534 	 2 
54.2650 	 0 
54.5553 	 1 
54.5553 	 2 
54.5669 	 0 
54.6714 	 2 
54.7875 	 2 
54.8804 	 2 
55.0661 	 2 
55.1822 	 0 
55.1822 	 1 
55.1822 	 2 
55.3680 	 2 
55.4841 	 1 
55.4841 	 0 
55.4957 	 2 
55.6698 	 0 
55.6815 	 2 
55.6815 	 1 
55.7859 	 2 
55.7859 	 0 
55.7859 	 1 
55.9833 	 1 
55.9949 	 2 
55.9949 	 0 
56.0994 	 2 
56.0994 	 0 
56.0994 	 1 
56.4013 	 1 
56.4013 	 0 
56.4013 	 2 
56.7031 	 1 
56.7031 	 0 
56.7031 	 2 
57.0050 	 1 
57.0166 	 0 
57.0166 	 2 
57.1211 	 2 
57.2372 	 2 
57.2488 	 1 
57.3185 	 2 
57.5158 	 2 
57.6203 	 2 
57.6319 	 1 
57.6319 	 0 
57.7132 	 2 
57.8177 	 2 
57.8293 	 1 
57.8293 	 0 
57.9338 	 2 
57.9338 	 1 
57.9338 	 0 
58.0499 	 2 
58.1312 	 2 
58.1312 	 1 
58.1428 	 0 
58.2356 	 2 
58.4446 	 1 
58.4446 	 2 
58.4446 	 0 
58.5491 	 1 
58.5491 	 2 
58.5491 	 0 
58.8510 	 1 
58.8510 	 2 
58.8510 	 0 
59.1180 	 0 
59.1296 	 2 
59.1528 	 1 
59.4547 	 1 
59.4663 	 2 
59.4663 	 0 
59.6637 	 2 
59.7682 	 1 
59.7682 	 0 
59.7682 	 2 
60.0700 	 0 
60.0700 	 2 
60.0700 	 1 
60.2093 	 0 
60.2210 	 2 
60.3138 	 2 
60.3835 	 2 
60.5809 	 2 
60.5809 	 1 
60.5809 	 0 
60.6854 	 2 
60.7782 	 2 
60.8827 	 2 
60.8827 	 0 
60.8827 	 1 
60.9988 	 1 
60.9988 	 0 
60.9988 	 2 
61.3007 	 2 
61.3007 	 0 
61.3007 	 1 
61.5909 	 2 
61.6025 	 0 
61.6025 	 1 
61.9044 	 2 
61.9044 	 1 
61.9160 	 0 
62.1134 	 2 
62.1946 	 0 
62.2063 	 2 
62.2063 	 1 
62.4965 	 0 
62.5081 	 1 
62.5081 	 2 
62.7171 	 2 
62.7171 	 1 
62.8332 	 1 
62.8332 	 0 
62.8332 	 2 
63.0306 	 2 
63.0306 	 1 
63.0306 	 0 
63.1351 	 1 
63.1467 	 2 
63.3440 	 1 
63.3440 	 2 
63.3440 	 0 
63.7504 	 0 
63.7504 	 2 
63.7504 	 1 
64.0522 	 0 
64.0522 	 2 
64.0639 	 1 
64.3657 	 0 
64.3657 	 2 
64.3657 	 1 
64.6560 	 2 
64.8649 	 2 
64.9810 	 0 
64.9810 	 1 
64.9810 	 2 
65.1784 	 2 
65.2829 	 0 
65.2829 	 2 
65.2829 	 1 
65.3758 	 2 
65.4803 	 2 
65.5848 	 0 
65.5848 	 1 
65.5848 	 2 
65.8982 	 0 
65.8982 	 2 
65.8982 	 1 
66.0956 	 2 
66.1885 	 1 
66.2001 	 2 
66.2930 	 2 
66.5020 	 0 
66.5020 	 2 
66.5020 	 1 
66.8038 	 0 
66.8154 	 1 
66.8154 	 2 
67.1173 	 1 
67.1173 	 2 
67.3263 	 2 
67.4307 	 1 
67.4307 	 0 
67.4307 	 2 
67.5236 	 2 
67.6281 	 2 
67.7326 	 2 
67.7326 	 0 
67.7326 	 1 
67.8255 	 2 
67.9416 	 2 
68.0345 	 2 
68.0345 	 0 
68.3363 	 1 
68.3363 	 0 
68.3479 	 2 
68.5685 	 2 
68.6498 	 2 
68.7311 	 2 
68.9517 	 1 
68.9517 	 2 
68.9517 	 0 
69.2535 	 1 
69.2535 	 2 
69.2535 	 0 
69.5554 	 2 
69.5670 	 1 
69.7644 	 2 
69.8805 	 1 
69.8805 	 2 
69.8805 	 0 
70.0778 	 2 
70.1823 	 1 
70.1823 	 2 
70.1823 	 0 
70.2752 	 2 
70.3913 	 2 
70.4842 	 1 
70.4842 	 0 
70.4842 	 2 
70.7860 	 1 
70.7860 	 0 
70.7976 	 2 
71.0879 	 1 
71.0995 	 2 
71.0995 	 0 
71.1924 	 2 
71.3898 	 1 
71.4014 	 2 
71.6916 	 1 
71.7032 	 0 
71.7148 	 2 
72.0051 	 2 
72.0051 	 1 
72.2141 	 2 
72.3302 	 2 
72.3302 	 1 
72.3302 	 0 
72.4114 	 2 
72.5275 	 2 
72.6320 	 2 
72.6320 	 0 
72.6320 	 1 
72.7249 	 2 
72.8294 	 2 
72.9223 	 1 
72.9339 	 0 
72.9455 	 2 
73.2357 	 1 
73.2357 	 0 
73.2473 	 2 
73.5608 	 2 
73.7001 	 2 
73.7350 	 2 
73.7466 	 1 
73.7814 	 2 
73.8511 	 2 
74.0484 	 2 
74.1645 	 2 
74.1645 	 1 
74.1994 	 2 
74.4432 	 0 
74.4548 	 1 
74.4548 	 2 
74.6638 	 2 
74.7683 	 2 
74.7799 	 1 
74.7799 	 0 
74.9772 	 2 
75.0817 	 1 
75.0817 	 0 
75.0817 	 2 
75.1862 	 2 
75.2907 	 2 
75.4068 	 2 
75.4184 	 0 
75.5113 	 2 
75.6042 	 2 
75.6971 	 2 
75.6971 	 1 
75.6971 	 0 
75.8828 	 2 
75.8944 	 1 
75.8944 	 0 
76.0105 	 0 
76.0105 	 2 
76.1963 	 1 
76.1963 	 2 
76.3008 	 2 
76.3008 	 0 
76.3124 	 1 
76.4981 	 1 
76.4981 	 2 
76.4981 	 0 
76.6026 	 0 
76.6142 	 2 
76.6142 	 1 
76.7071 	 2 
76.8348 	 2 
76.9161 	 1 
76.9161 	 0 
76.9161 	 2 
77.0786 	 0 
77.0786 	 2 
77.0786 	 1 
77.2180 	 1 
77.2180 	 2 
77.2180 	 0 
77.5198 	 0 
77.5314 	 1 
77.5314 	 2 
77.8449 	 2 
77.8565 	 1 
77.9610 	 2 
78.0771 	 2 
78.1468 	 2 
78.1468 	 0 
78.1468 	 1 
78.3325 	 0 
78.3325 	 2 
78.3441 	 1 
78.4370 	 0 
78.4370 	 1 
78.4486 	 2 
78.6460 	 0 
78.6460 	 2 
78.6460 	 1 
78.7273 	 0 
78.7273 	 1 
78.7389 	 2 
78.9478 	 1 
78.9478 	 2 
78.9595 	 0 
79.0059 	 2 
79.0523 	 2 
79.0523 	 1 
79.3658 	 1 
79.3658 	 2 
79.3658 	 0 
79.6561 	 0 
79.6677 	 2 
79.6677 	 1 
79.9695 	 0 
79.9695 	 1 
79.9811 	 2 
80.3062 	 2 
80.4107 	 2 
80.5036 	 2 
80.5849 	 1 
80.5965 	 2 
80.5965 	 0 
80.7822 	 1 
80.7822 	 2 
80.7822 	 0 
80.8867 	 2 
80.8867 	 0 
80.8867 	 1 
81.0841 	 1 
81.0957 	 0 
81.0957 	 2 
81.2002 	 1 
81.2002 	 2 
81.2002 	 0 
81.2815 	 2 
81.3976 	 2 
81.3976 	 0 
81.3976 	 1 
81.5137 	 2 
81.5137 	 1 
81.5137 	 0 
81.5949 	 2 
81.8155 	 0 
81.8155 	 2 
81.8155 	 1 
81.9664 	 2 
82.1058 	 2 
82.1290 	 0 
82.4192 	 0 
82.4308 	 2 
82.4308 	 1 
82.7443 	 2 
82.7443 	 1 
82.7443 	 0 
82.8604 	 1 
82.8604 	 2 
82.9649 	 1 
82.9649 	 2 
83.0346 	 1 
83.0346 	 0 
83.0346 	 2 
83.2319 	 1 
83.2319 	 2 
83.2435 	 0 
83.3480 	 1 
83.3480 	 0 
83.3480 	 2 
83.5454 	 2 
83.5454 	 0 
83.6499 	 2 
83.6499 	 1 
83.6499 	 0 
83.8473 	 0 
83.8473 	 2 
83.8589 	 1 
83.9517 	 0 
83.9634 	 2 
83.9634 	 1 
84.2652 	 1 
84.2652 	 2 
84.2652 	 0 
84.4742 	 2 
84.5671 	 2 
84.5671 	 1 
84.5671 	 0 
84.8689 	 1 
84.8689 	 0 
84.8689 	 2 
85.1940 	 2 
85.3101 	 2 
85.4146 	 2 
85.4843 	 1 
85.4959 	 0 
85.4959 	 2 
85.6816 	 2 
85.6816 	 0 
85.6932 	 1 
85.7977 	 0 
85.7977 	 2 
85.9951 	 2 
85.9951 	 1 
85.9951 	 0 
86.0996 	 1 
86.0996 	 2 
86.2970 	 2 
86.2970 	 0 
86.2970 	 1 
86.4015 	 1 
86.4131 	 0 
86.4131 	 2 
86.6220 	 1 
86.6453 	 2 
86.7149 	 2 
86.7149 	 1 
86.7265 	 0 
87.0168 	 2 
87.0168 	 0 
87.0168 	 1 
87.3186 	 1 
87.3186 	 0 
87.3302 	 2 
87.6437 	 2 
87.6553 	 1 
87.7482 	 2 
87.8527 	 2 
87.9340 	 1 
87.9340 	 0 
87.9340 	 2 
88.1313 	 1 
88.1313 	 0 
88.1313 	 2 
88.2474 	 1 
88.2474 	 0 
88.2590 	 2 
88.4332 	 2 
88.4448 	 1 
88.4448 	 0 
88.5493 	 0 
88.5493 	 2 
88.5493 	 1 
88.7467 	 0 
88.7467 	 1 
88.7467 	 2 
88.8512 	 0 
88.8512 	 2 
88.8628 	 1 
89.1530 	 0 
89.1646 	 1 
89.1646 	 2 
89.3388 	 2 
89.4665 	 0 
89.4665 	 2 
89.4665 	 1 
89.7683 	 1 
89.7683 	 0 
89.7683 	 2 
89.9773 	 2 
90.0934 	 0 
90.0934 	 1 
90.1050 	 2 
90.1979 	 2 
90.2095 	 1 
90.3256 	 2 
90.3837 	 2 
90.3837 	 1 
90.3837 	 0 
90.5810 	 1 
90.5810 	 2 
90.5810 	 0 
90.6971 	 2 
90.8829 	 2 
90.8829 	 1 
90.8945 	 0 
90.9990 	 0 
90.9990 	 1 
90.9990 	 2 
91.1964 	 1 
91.1964 	 0 
91.1964 	 2 
91.3009 	 1 
91.3009 	 0 
91.3125 	 2 
91.4170 	 2 
91.4750 	 2 
91.5447 	 2 
91.6027 	 1 
91.6027 	 0 
91.6143 	 2 
91.6956 	 2 
91.8349 	 2 
91.9162 	 1 
91.9162 	 0 
91.9162 	 2 
92.2297 	 1 
92.2297 	 0 
92.2297 	 2 
92.5199 	 2 
92.5199 	 0 
92.5315 	 1 
92.7289 	 2 
92.7289 	 0 
92.7289 	 1 
92.8334 	 2 
92.8450 	 1 
93.1352 	 1 
93.1352 	 2 
93.1352 	 0 
93.4371 	 2 
93.4487 	 1 
93.7506 	 2 
93.7506 	 1 
93.7506 	 0 
94.0408 	 0 
94.0408 	 2 
94.0640 	 1 
94.3543 	 1 
94.3543 	 2 
94.3543 	 0 
94.6561 	 1 
94.6678 	 0 
94.6678 	 2 
94.7606 	 2 
94.8651 	 0 
94.8651 	 1 
94.8767 	 2 
94.9696 	 1 
94.9812 	 2 
95.1670 	 0 
95.1786 	 2 
95.1786 	 1 
95.2831 	 0 
95.2831 	 1 
95.2831 	 2 
95.5849 	 1 
95.5849 	 0 
95.5849 	 2 
95.8752 	 1 
95.8752 	 2 
95.8868 	 0 
96.1887 	 0 
96.1887 	 1 
96.2003 	 2 
96.4673 	 0 
96.4673 	 2 
96.6995 	 2 
96.8040 	 1 
96.8040 	 2 
96.8040 	 0 
96.8853 	 2 
97.0014 	 2 
97.1175 	 2 
97.1175 	 0 
97.1175 	 1 
97.3148 	 1 
97.3148 	 2 
97.3264 	 0 
97.4193 	 2 
97.4309 	 0 
97.6283 	 0 
97.6283 	 1 
97.6283 	 2 
97.7328 	 0 
97.7328 	 2 
97.7328 	 1 
98.0230 	 0 
98.0230 	 1 
98.0346 	 2 
98.3365 	 2 
98.3365 	 0 
98.3365 	 1 
98.6500 	 2 
98.6500 	 0 
98.6500 	 1 
98.9402 	 2 
98.9402 	 0 
98.9402 	 1 
99.2537 	 1 
99.2537 	 2 
99.2653 	 0 
99.4511 	 2 
99.5672 	 1 
99.5672 	 2 
99.5672 	 0 
99.7645 	 1 
99.7645 	 2 
99.7645 	 0 
99.8690 	 1 
99.8806 	 2 
99.8806 	 0 
99.9619 	 2 
100.0664 	 1 
100.0664 	 0 
100.0780 	 2 
100.1825 	 0 
100.1825 	 1 
100.1825 	 2 
100.4844 	 0 
100.4844 	 1 
100.4844 	 2 
100.7862 	 2 
100.7862 	 0 
100.7862 	 1 
101.0881 	 1 
101.0997 	 2 
101.0997 	 0 
101.4015 	 0 
101.4015 	 1 
101.4015 	 2 
101.5989 	 0 
101.6105 	 2 
101.6105 	 1 
101.9008 	 2 
102.0169 	 1 
102.0169 	 0 
102.0169 	 2 
102.7251 	 2 
102.9224 	 1 
102.9341 	 0 
102.9341 	 2 
103.0385 	 2 
103.1779 	 2 
103.2359 	 2 
103.2359 	 1 
103.5378 	 0 
103.5378 	 2 
103.5494 	 1 
103.7584 	 0 
103.7816 	 2 
103.8512 	 1 
103.8629 	 2 
104.1531 	 1 
104.1647 	 0 
104.1647 	 2 
104.3621 	 2 
104.4666 	 1 
104.4666 	 0 
104.4666 	 2 
104.6523 	 1 
104.6639 	 2 
104.7684 	 1 
104.9658 	 1 
104.9658 	 0 
104.9658 	 2 
105.0006 	 2 
105.0703 	 2 
105.0819 	 1 
105.3722 	 0 
105.3722 	 1 
105.3722 	 2 
105.6856 	 2 
105.6856 	 0 
105.6856 	 1 
105.9875 	 2 
105.9875 	 1 
105.9991 	 0 
106.2313 	 1 
106.3010 	 2 
106.4983 	 2 
106.6028 	 0 
106.6028 	 1 
106.6144 	 2 
106.8002 	 2 
106.9163 	 1 
106.9163 	 2 
106.9163 	 0 
107.1137 	 0 
107.1137 	 1 
107.1137 	 2 
107.4155 	 2 
107.4155 	 0 
107.4155 	 1 
107.5200 	 2 
107.5316 	 1 
107.8335 	 1 
107.8335 	 0 
107.8335 	 2 
108.1353 	 2 
108.4256 	 1 
108.4372 	 0 
108.4372 	 2 
108.6926 	 2 
108.7507 	 0 
108.7507 	 2 
108.7507 	 1 
108.9480 	 2 
109.0525 	 1 
109.0525 	 0 
109.0525 	 2 
109.2151 	 0 
109.2151 	 2 
109.2499 	 2 
109.3660 	 0 
109.3660 	 1 
109.3660 	 2 
109.5634 	 1 
109.5634 	 0 
109.5634 	 2 
109.6678 	 2 
109.8420 	 0 
109.8652 	 2 
109.9697 	 2 
109.9813 	 1 
110.2832 	 2 
110.2832 	 0 
110.2832 	 1 
110.5734 	 2 
110.5734 	 1 
110.5850 	 0 
110.8869 	 0 
110.8869 	 1 
110.8869 	 2 
111.0959 	 2 
111.1888 	 1 
111.1888 	 2 
111.1888 	 0 
111.3861 	 2 
111.5022 	 1 
111.5022 	 2 
111.5022 	 0 
111.6996 	 1 
111.6996 	 2 
111.8157 	 0 
111.8157 	 2 
111.8157 	 1 
112.0015 	 1 
112.0131 	 2 
112.1176 	 0 
112.1176 	 2 
112.1292 	 1 
112.3149 	 0 
112.3265 	 1 
112.3265 	 2 
112.4194 	 1 
112.4194 	 2 
112.7213 	 0 
112.7213 	 2 
112.7213 	 1 
112.8258 	 2 
113.0347 	 1 
113.0347 	 2 
113.3250 	 1 
113.3366 	 0 
113.3366 	 2 
113.5572 	 2 
113.6385 	 1 
113.6501 	 2 
113.9519 	 1 
113.9519 	 2 
113.9519 	 0 
114.1493 	 2 
114.2654 	 0 
114.2770 	 1 
114.2770 	 2 
114.4512 	 2 
114.4628 	 1 
114.4628 	 0 
114.5673 	 2 
114.5673 	 1 
114.7646 	 0 
114.7646 	 2 
114.7646 	 1 
114.8691 	 1 
114.8691 	 2 
114.8807 	 0 
115.1826 	 1 
115.1826 	 2 
115.1826 	 0 
115.4844 	 0 
115.4844 	 1 
115.4844 	 2 
115.7747 	 1 
115.7863 	 0 
115.7863 	 2 
116.0069 	 2 
116.0185 	 1 
116.1114 	 2 
116.2971 	 2 
116.4016 	 2 
116.4016 	 0 
116.4016 	 1 
116.5990 	 2 
116.7151 	 0 
116.7151 	 2 
116.7151 	 1 
116.9125 	 1 
116.9125 	 2 
116.9125 	 0 
117.2143 	 2 
117.2143 	 1 
117.2143 	 0 
117.3188 	 1 
117.3188 	 2 
117.3304 	 0 
117.6207 	 1 
117.6207 	 0 
117.6323 	 2 
117.8877 	 2 
117.9225 	 2 
118.2244 	 2 
118.2244 	 1 
118.2360 	 0 
118.4682 	 2 
118.5495 	 1 
118.5495 	 0 
118.5495 	 2 
118.7352 	 2 
118.8513 	 2 
118.8513 	 1 
118.8513 	 0 
119.0023 	 2 
119.0487 	 0 
119.0603 	 2 
119.0603 	 1 
119.1068 	 2 
119.1648 	 1 
119.1764 	 2 
119.3506 	 1 
119.3622 	 2 
119.3622 	 0 
119.4202 	 2 
119.4667 	 2 
119.6524 	 0 
119.6524 	 1 
119.6640 	 2 
119.7685 	 0 
119.7685 	 1 
119.7685 	 2 
120.0704 	 0 
120.0704 	 1 
120.0820 	 2 
120.3722 	 2 
120.3722 	 1 
120.3722 	 0 
120.6857 	 2 
120.6857 	 1 
120.6857 	 0 
120.9760 	 1 
120.9760 	 0 
120.9876 	 2 
121.1966 	 2 
121.2662 	 0 
121.2778 	 2 
121.2894 	 1 
121.4984 	 2 
121.6145 	 1 
121.6145 	 0 
121.6145 	 2 
121.6958 	 2 
121.8003 	 0 
121.8003 	 1 
121.8119 	 2 
121.9164 	 2 
121.9164 	 0 
121.9164 	 1 
122.0093 	 2 
122.1137 	 0 
122.1254 	 2 
122.1254 	 1 
122.5201 	 1 
122.5201 	 2 
122.5201 	 0 
122.6130 	 2 
122.8220 	 2 
122.8220 	 0 
122.8220 	 1 
123.1354 	 2 
123.1354 	 1 
123.1354 	 0 
123.4373 	 2 
123.6346 	 2 
123.7391 	 2 
123.7507 	 1 
123.7507 	 0 
123.8436 	 2 
123.9481 	 1 
123.9481 	 2 
124.0526 	 2 
124.0526 	 1 
124.1455 	 2 
124.2500 	 2 
124.2500 	 0 
124.2616 	 1 
124.3661 	 0 
124.3661 	 2 
124.3661 	 1 
124.5751 	 1 
124.5867 	 2 
124.6679 	 2 
124.6679 	 1 
124.9698 	 0 
124.9698 	 1 
124.9698 	 2 
125.0627 	 2 
125.2717 	 1 
125.2717 	 0 
125.2833 	 2 
125.5851 	 0 
125.5851 	 2 
125.5851 	 1 
125.8870 	 0 
125.8986 	 2 
126.0844 	 2 
126.0844 	 1 
126.2005 	 2 
126.2005 	 1 
126.2005 	 0 
126.2933 	 2 
126.3978 	 1 
126.3978 	 2 
126.3978 	 0 
126.5023 	 2 
126.5023 	 1 
126.5023 	 0 
126.6068 	 2 
126.6997 	 1 
126.7113 	 0 
126.7113 	 2 
126.8158 	 0 
126.8158 	 2 
127.0480 	 2 
127.1176 	 2 
127.1176 	 1 
127.1176 	 0 
127.2221 	 2 
127.3498 	 2 
127.4195 	 2 
127.4195 	 1 
127.4543 	 2 
127.5008 	 2 
127.7214 	 2 
127.7214 	 1 
128.0348 	 0 
128.0348 	 2 
128.0348 	 1 
128.3483 	 2 
128.5341 	 1 
128.5341 	 2 
128.5457 	 0 
128.6502 	 1 
128.6502 	 0 
128.6502 	 2 
128.7314 	 2 
128.8475 	 0 
128.8475 	 2 
128.8475 	 1 
128.9520 	 0 
128.9520 	 2 
128.9520 	 1 
129.0449 	 2 
129.1610 	 1 
129.1610 	 2 
129.2655 	 2 
129.4629 	 2 
129.5673 	 1 
129.5673 	 2 
129.5673 	 0 
129.6718 	 2 
129.7763 	 2 
129.8692 	 0 
129.8692 	 1 
129.8808 	 2 
129.9505 	 2 
130.1711 	 2 
130.1711 	 0 
130.1711 	 1 
130.4845 	 0 
130.4845 	 2 
130.4845 	 1 
130.7980 	 2 
130.9954 	 1 
130.9954 	 0 
130.9954 	 2 
131.2972 	 1 
131.3088 	 0 
131.3088 	 2 
131.4133 	 2 
132.3886 	 2 
132.5163 	 1 
132.5163 	 2 
132.5279 	 0 
132.6324 	 2 
132.8298 	 2 
132.8298 	 1 
132.9342 	 2 
132.9342 	 1 
133.2361 	 0 
133.2477 	 2 
133.2477 	 1 
133.5380 	 0 
133.5496 	 2 
133.5496 	 1 
133.8514 	 0 
133.8514 	 1 
133.8630 	 2 
134.3971 	 2 
134.4668 	 0 
134.4668 	 1 
134.4668 	 2 
134.6641 	 1 
134.6641 	 2 
134.6641 	 0 
134.7802 	 1 
134.7802 	 0 
134.7802 	 2 
134.9660 	 1 
134.9660 	 2 
134.9776 	 0 
135.0821 	 1 
135.0821 	 2 
135.2795 	 1 
135.2795 	 2 
135.3839 	 1 
135.3956 	 2 
135.3956 	 0 
135.6858 	 2 
135.6858 	 1 
135.6858 	 0 
135.9296 	 2 
135.9877 	 0 
135.9877 	 1 
135.9993 	 2 
136.3011 	 0 
136.3011 	 1 
136.3011 	 2 
136.6262 	 2 
136.6378 	 1 
136.7307 	 2 
136.7423 	 1 
136.8352 	 2 
136.9165 	 1 
136.9165 	 0 
136.9165 	 2 
137.1138 	 2 
137.1138 	 0 
137.1138 	 1 
137.2299 	 1 
137.2415 	 2 
137.4157 	 1 
137.4157 	 2 
137.5202 	 0 
137.5318 	 2 
137.5318 	 1 
137.6131 	 2 
137.7176 	 0 
137.7292 	 1 
137.7292 	 2 
137.8337 	 0 
137.8337 	 2 
137.8337 	 1 
138.0426 	 2 
138.0426 	 1 
138.1355 	 2 
138.1355 	 1 
138.4374 	 0 
138.4490 	 1 
138.4490 	 2 
138.7508 	 2 
138.7508 	 0 
138.7508 	 1 
139.0759 	 1 
139.0759 	 2 
139.0759 	 0 
139.1804 	 2 
139.2965 	 2 
139.3662 	 1 
139.3662 	 2 
139.3662 	 0 
139.5635 	 1 
139.5635 	 2 
139.5751 	 0 
139.6680 	 1 
139.6680 	 2 
139.6680 	 0 
139.8770 	 1 
139.8770 	 2 
139.9118 	 2 
139.9699 	 2 
139.9699 	 1 
140.0628 	 2 
140.1789 	 2 
140.1789 	 1 
140.2834 	 2 
140.2834 	 1 
140.2834 	 0 
140.3646 	 2 
140.5852 	 0 
140.5852 	 2 
140.5852 	 1 
140.8871 	 2 
140.8871 	 0 
140.8871 	 1 
141.2005 	 1 
141.2005 	 0 
141.2005 	 2 
141.5256 	 1 
141.5256 	 0 
141.5256 	 2 
141.6301 	 1 
141.6301 	 2 
141.7462 	 2 
141.8159 	 1 
141.8159 	 2 
141.8159 	 0 
141.8971 	 2 
142.0132 	 1 
142.0132 	 0 
142.0132 	 2 
142.1293 	 0 
142.1526 	 2 
142.3151 	 1 
142.3151 	 0 
142.3151 	 2 
142.4196 	 0 
142.4196 	 1 
142.4312 	 2 
142.5125 	 2 
142.6170 	 2 
142.6170 	 0 
142.6286 	 1 
142.7331 	 2 
142.7331 	 1 
142.7331 	 0 
143.0349 	 0 
143.0349 	 1 
143.0349 	 2 
143.3252 	 0 
143.3368 	 2 
143.3368 	 1 
143.6502 	 2 
143.6502 	 1 
143.6502 	 0 
143.9985 	 2 
144.1959 	 2 
144.2656 	 0 
144.2656 	 2 
144.2656 	 1 
144.4629 	 0 
144.4629 	 2 
144.4629 	 1 
144.5674 	 0 
144.5790 	 2 
144.7648 	 0 
144.7648 	 2 
144.7764 	 1 
144.8693 	 2 
144.8809 	 1 
145.0667 	 1 
145.0667 	 2 
145.0783 	 0 
145.1828 	 2 
145.1944 	 1 
145.4034 	 2 
145.4266 	 2 
145.4846 	 1 
145.4846 	 2 
145.4846 	 0 
145.7865 	 1 
145.7865 	 2 
145.7981 	 0 
146.1000 	 2 
146.1000 	 1 
146.1000 	 0 
146.4134 	 2 
146.7153 	 1 
146.7153 	 2 
146.7153 	 0 
146.9127 	 1 
146.9127 	 0 
146.9127 	 2 
147.0171 	 2 
147.2261 	 2 
147.2261 	 0 
147.2261 	 1 
147.2726 	 2 
147.3306 	 1 
147.3306 	 2 
147.4815 	 2 
147.4815 	 0 
147.5048 	 2 
147.5164 	 1 
147.5628 	 2 
147.6325 	 2 
147.6325 	 1 
147.7021 	 2 
147.9227 	 0 
147.9343 	 1 
147.9343 	 2 
148.2362 	 2 
148.2362 	 1 
148.2362 	 0 
148.5264 	 1 
148.5264 	 0 
148.5264 	 2 
148.8747 	 0 
148.8747 	 1 
148.8747 	 2 
148.9792 	 1 
148.9792 	 2 
149.0837 	 2 
149.0953 	 1 
149.1650 	 1 
149.1650 	 2 
149.1650 	 0 
149.3507 	 1 
149.3624 	 2 
149.4668 	 0 
149.4785 	 2 
149.6642 	 1 
149.6642 	 2 
149.6642 	 0 
149.7803 	 0 
149.7803 	 2 
149.7803 	 1 
149.9661 	 2 
149.9777 	 1 
150.0822 	 0 
150.0822 	 2 
150.0822 	 1 
150.1867 	 2 
150.3028 	 2 
150.3260 	 2 
150.3724 	 0 
150.3840 	 2 
150.3840 	 1 
150.6278 	 2 
150.6859 	 2 
150.6859 	 1 
150.6859 	 0 
150.9994 	 1 
150.9994 	 2 
150.9994 	 0 
151.3012 	 2 
151.3012 	 0 
151.3012 	 1 
151.5102 	 2 
151.5102 	 0 
151.5102 	 1 
151.6147 	 0 
151.6147 	 1 
151.9166 	 0 
151.9166 	 1 
151.9166 	 2 
152.2184 	 1 
152.2184 	 0 
152.2184 	 2 
152.5203 	 0 
152.5203 	 1 
152.5203 	 2 
152.8221 	 1 
152.8221 	 2 
152.8221 	 0 
153.1240 	 1 
153.1356 	 2 
153.1356 	 0 
153.4375 	 2 
153.4375 	 1 
153.4375 	 0 
153.6464 	 1 
153.6464 	 2 
153.6464 	 0 
153.7509 	 0 
153.7509 	 2 
153.9483 	 2 
153.9483 	 1 
153.9483 	 0 
154.0528 	 2 
154.0528 	 1 
154.0528 	 0 
154.3663 	 2 
154.3663 	 1 
154.3663 	 0 
154.6565 	 2 
154.6565 	 0 
154.6681 	 1 
154.9700 	 1 
154.9700 	 0 
154.9700 	 2 
155.1557 	 2 
155.2718 	 1 
155.2718 	 2 
155.3763 	 2 
155.4808 	 1 
155.4808 	 2 
155.4808 	 0 
155.5853 	 0 
155.5853 	 1 
155.5853 	 2 
155.6782 	 2 
155.7827 	 2 
155.7827 	 0 
155.7827 	 1 
155.8872 	 1 
155.8988 	 0 
155.8988 	 2 
156.0845 	 2 
156.0845 	 0 
156.0961 	 1 
156.2006 	 1 
156.2006 	 2 
156.2006 	 0 
156.3632 	 2 
156.3632 	 0 
156.5025 	 2 
156.5025 	 0 
156.5025 	 1 
156.8044 	 1 
156.8044 	 0 
156.8044 	 2 
157.0946 	 2 
157.1062 	 1 
157.1062 	 0 
157.4197 	 0 
157.4197 	 2 
157.4197 	 1 
157.7215 	 0 
157.7332 	 1 
157.7332 	 2 
158.0350 	 2 
158.0350 	 0 
158.0350 	 1 
158.2324 	 0 
158.2324 	 2 
158.3369 	 1 
158.3369 	 0 
158.3485 	 2 
158.5342 	 0 
158.5342 	 2 
158.5459 	 1 
158.6503 	 2 
158.6503 	 1 
158.8477 	 2 
158.8477 	 1 
158.8477 	 0 
158.9522 	 0 
158.9522 	 1 
158.9522 	 2 
159.2657 	 1 
159.2657 	 2 
159.2657 	 0 
159.5559 	 0 
159.5675 	 1 
159.5675 	 2 
159.8694 	 2 
159.8694 	 0 
159.8694 	 1 
160.1712 	 1 
160.1712 	 2 
160.1712 	 0 
160.3802 	 1 
160.3802 	 0 
160.3802 	 2 
160.6821 	 1 
160.6821 	 2 
160.7982 	 1 
160.7982 	 0 
160.7982 	 2 
161.7038 	 2 
161.7154 	 0 
161.7154 	 1 
162.0056 	 1 
162.0172 	 0 
162.0172 	 2 
162.3075 	 1 
162.3191 	 2 
162.3191 	 0 
162.6210 	 1 
162.6326 	 0 
162.6326 	 2 
162.8183 	 2 
162.9344 	 1 
162.9344 	 0 
162.9344 	 2 
163.1318 	 2 
163.2479 	 1 
163.2479 	 0 
163.2479 	 2 
163.4337 	 0 
163.4337 	 2 
163.4453 	 1 
163.5381 	 2 
163.7471 	 2 
163.7471 	 1 
163.7471 	 0 
163.8516 	 1 
163.8516 	 2 
163.8516 	 0 
164.1535 	 2 
164.1535 	 1 
164.1535 	 0 
164.4669 	 0 
164.4669 	 2 
164.4669 	 1 
164.7688 	 0 
164.7688 	 1 
164.7688 	 2 
165.0242 	 2 
165.0823 	 0 
165.0823 	 2 
165.0823 	 1 
165.2680 	 2 
165.3841 	 0 
165.3841 	 1 
165.3841 	 2 
165.5815 	 2 
165.6860 	 1 
165.6860 	 2 
165.6860 	 0 
165.8950 	 1 
165.8950 	 0 
165.8950 	 2 
166.1968 	 0 
166.1968 	 2 
166.1968 	 1 
166.3013 	 2 
166.3013 	 1 
166.6032 	 1 
166.6148 	 2 
166.6148 	 0 
166.9050 	 2 
166.9050 	 1 
167.2069 	 1 
167.2069 	 0 
167.2069 	 2 
167.5204 	 0 
167.5204 	 2 
167.5204 	 1 
167.7177 	 2 
167.8338 	 0 
167.8338 	 1 
167.8338 	 2 
167.9615 	 0 
167.9615 	 2 
168.0312 	 2 
168.0776 	 2 
168.1473 	 2 
168.3331 	 0 
168.3331 	 2 
168.3331 	 1 
168.4492 	 2 
168.6349 	 1 
168.6349 	 2 
168.6349 	 0 
168.7510 	 1 
168.7510 	 2 
169.0529 	 0 
169.0529 	 1 
169.0529 	 2 
169.3547 	 0 
169.3547 	 1 
169.3547 	 2 
169.6566 	 2 
169.6566 	 0 
169.6566 	 1 
169.8656 	 2 
169.9468 	 0 
169.9468 	 1 
169.9585 	 2 
170.2603 	 1 
170.2719 	 0 
170.2719 	 2 
170.4693 	 0 
170.4809 	 1 
170.4809 	 2 
170.5854 	 1 
170.5854 	 0 
170.5854 	 2 
170.7712 	 2 
170.7828 	 1 
170.8756 	 2 
170.8873 	 1 
170.8989 	 0 
171.0962 	 2 
171.0962 	 1 
171.0962 	 0 
171.4329 	 2 
171.5026 	 0 
171.5026 	 2 
171.5026 	 1 
171.5955 	 2 
171.8161 	 1 
171.8161 	 2 
172.1063 	 0 
172.1063 	 1 
172.1063 	 2 
172.3269 	 0 
172.3385 	 2 
172.4198 	 1 
172.4314 	 2 
172.6171 	 1 
172.6171 	 2 
172.7216 	 1 
172.7216 	 0 
172.7216 	 2 
172.9306 	 0 
172.9306 	 2 
172.9306 	 1 
173.0467 	 2 
173.0467 	 0 
173.0467 	 1 
173.2325 	 1 
173.2325 	 2 
173.2325 	 0 
173.3370 	 1 
173.3370 	 0 
173.5459 	 1 
173.5459 	 2 
173.5459 	 0 
173.6504 	 1 
173.6504 	 2 
173.9523 	 1 
173.9523 	 0 
173.9523 	 2 
174.2541 	 1 
174.2541 	 0 
174.2541 	 2 
174.5560 	 0 
174.5560 	 1 
174.5676 	 2 
174.8463 	 2 
174.8695 	 1 
175.0668 	 2 
175.0668 	 1 
175.1829 	 0 
175.1829 	 2 
175.1829 	 1 
175.3687 	 2 
175.4848 	 2 
175.4848 	 0 
175.4848 	 1 
175.6822 	 0 
175.6938 	 1 
175.6938 	 2 
175.9840 	 1 
175.9956 	 2 
175.9956 	 0 
176.1001 	 0 
176.1001 	 1 
176.1001 	 2 
176.4020 	 0 
176.4020 	 2 
176.4020 	 1 
176.7039 	 2 
176.7155 	 1 
176.8083 	 2 
177.0057 	 2 
177.0057 	 0 
177.0057 	 1 
177.2147 	 2 
177.3192 	 0 
177.3192 	 1 
177.3308 	 2 
177.5049 	 2 
177.6210 	 1 
177.6210 	 0 
177.6327 	 2 
177.7720 	 0 
177.7836 	 2 
177.8416 	 1 
177.9113 	 2 
178.1319 	 1 
178.1319 	 2 
178.1435 	 0 
178.2248 	 2 
178.4337 	 2 
178.4337 	 1 
178.4337 	 0 
178.5498 	 2 
178.5498 	 1 
178.8517 	 0 
178.8517 	 2 
178.8517 	 1 
179.1536 	 1 
179.1536 	 0 
179.1536 	 2 
179.3741 	 2 
179.4554 	 1 
179.4554 	 0 
179.4670 	 2 
179.7457 	 2 
179.7457 	 1 
179.7573 	 0 
179.9663 	 2 
180.0475 	 0 
180.0707 	 1 
180.0707 	 2 
180.2681 	 2 
180.3842 	 2 
180.3842 	 1 
180.3842 	 0 
180.5003 	 2 
180.5700 	 0 
180.5816 	 2 
180.5816 	 1 
180.6861 	 1 
180.6861 	 2 
180.7906 	 2 
180.8951 	 0 
180.8951 	 2 
180.8951 	 1 
180.9879 	 0 
180.9879 	 2 
181.2317 	 2 
181.3014 	 0 
181.3014 	 2 
181.3014 	 1 
181.3943 	 2 
181.5104 	 2 
181.6033 	 1 
181.6033 	 0 
181.6149 	 2 
181.9051 	 0 
181.9167 	 1 
181.9167 	 2 
182.2070 	 1 
182.2070 	 2 
182.4160 	 2 
182.5321 	 2 
182.5321 	 0 
182.5321 	 1 
182.7294 	 2 
182.7410 	 1 
182.8339 	 0 
182.8339 	 1 
182.8339 	 2 
182.9268 	 2 
183.0313 	 2 
183.0429 	 1 
183.1358 	 0 
183.1474 	 1 
183.1474 	 2 
183.4493 	 2 
183.4493 	 1 
183.4493 	 0 
183.6466 	 2 
183.7395 	 1 
183.7627 	 2 
183.8208 	 2 
183.9485 	 2 
184.0530 	 0 
184.0530 	 1 
184.0646 	 2 
184.3664 	 2 
184.3664 	 0 
184.3664 	 1 
184.6683 	 2 
184.8657 	 1 
184.8657 	 2 
184.9818 	 0 
184.9818 	 2 
184.9818 	 1 
185.1791 	 2 
185.2836 	 0 
185.2836 	 2 
185.2836 	 1 
185.3649 	 2 
185.4810 	 2 
185.4810 	 0 
185.5855 	 0 
185.5855 	 1 
185.5855 	 2 
185.7480 	 2 
185.8873 	 2 
185.8873 	 0 
185.8990 	 1 
186.2008 	 0 
186.2008 	 2 
186.4911 	 1 
186.5027 	 2 
186.5027 	 0 
186.8045 	 2 
186.8045 	 0 
186.8045 	 1 
187.1064 	 2 
187.1064 	 0 
187.1180 	 1 
187.3154 	 2 
187.4199 	 1 
187.4199 	 0 
187.4315 	 2 
187.6288 	 2 
187.7333 	 0 
187.7333 	 1 
187.7333 	 2 
187.8262 	 2 
187.9307 	 2 
188.0236 	 0 
188.0352 	 1 
188.0352 	 2 
188.3371 	 0 
188.3371 	 1 
188.3487 	 2 
188.6505 	 0 
188.6505 	 1 
188.6505 	 2 
188.8479 	 2 
188.9408 	 1 
188.9524 	 0 
188.9640 	 2 
189.2542 	 1 
189.2659 	 2 
189.2659 	 0 
189.5561 	 2 
189.5561 	 1 
189.7651 	 2 
189.8696 	 0 
189.8696 	 2 
189.8696 	 1 
189.9624 	 2 
190.0785 	 2 
190.1830 	 2 
190.1830 	 0 
190.1830 	 1 
190.2527 	 2 
190.3804 	 2 
190.4733 	 1 
190.4849 	 0 
190.4849 	 2 
190.7868 	 2 
190.7868 	 1 
190.7868 	 0 
190.9841 	 2 
191.1002 	 2 
191.1002 	 0 
191.1002 	 1 
191.3440 	 2 
191.3905 	 0 
191.4021 	 2 
191.4021 	 1 
191.5995 	 2 
191.7039 	 2 
191.7039 	 1 
191.7039 	 0 
192.0058 	 1 
192.0058 	 0 
192.0174 	 2 
192.3193 	 2 
192.3193 	 0 
192.3193 	 1 
192.6211 	 2 
192.6211 	 1 
192.6211 	 0 
192.8301 	 2 
192.8301 	 1 
192.8301 	 0 
192.9346 	 1 
192.9346 	 0 
192.9346 	 2 
193.0391 	 2 
193.1320 	 2 
193.2365 	 1 
193.2365 	 0 
193.2481 	 2 
193.3293 	 2 
193.4454 	 2 
193.5383 	 0 
193.5383 	 1 
193.5499 	 2 
193.6544 	 2 
193.8518 	 0 
193.8518 	 1 
193.8518 	 2 
194.1537 	 1 
194.1537 	 2 
194.1537 	 0 
194.4555 	 2 
194.4555 	 0 
194.4671 	 1 
194.7690 	 1 
194.7690 	 0 
194.7690 	 2 
195.0708 	 0 
195.0708 	 2 
195.0708 	 1 
195.2798 	 1 
195.2798 	 0 
195.2798 	 2 
195.3843 	 2 
195.3843 	 1 
195.3843 	 0 
195.5933 	 2 
195.6862 	 1 
195.6862 	 0 
195.6862 	 2 
195.7790 	 2 
195.8719 	 2 
195.9880 	 1 
195.9880 	 2 
195.9880 	 0 
196.3015 	 2 
196.3015 	 1 
196.3015 	 0 
196.6034 	 1 
196.6034 	 0 
196.6034 	 2 
196.9052 	 1 
196.9052 	 2 
196.9052 	 0 
197.2187 	 1 
197.2187 	 2 
197.2187 	 0 
197.5205 	 0 
197.5322 	 1 
197.5322 	 2 
197.7295 	 1 
197.7295 	 0 
197.7295 	 2 
197.8224 	 1 
197.8224 	 0 
197.8340 	 2 
198.0314 	 1 
198.0430 	 2 
198.1359 	 0 
198.1359 	 2 
198.1359 	 1 
198.2404 	 2 
198.4377 	 0 
198.4377 	 1 
198.4493 	 2 
198.7396 	 1 
198.7512 	 0 
198.7512 	 2 
199.0415 	 1 
199.0531 	 0 
199.0531 	 2 
199.3549 	 2 
199.3549 	 0 
199.3549 	 1 
199.6684 	 0 
199.6684 	 2 
199.6684 	 1 
199.9702 	 0 
199.9819 	 2 
199.9819 	 1 
200.2721 	 2 
200.2721 	 0 
200.2721 	 1 
200.5856 	 2 
200.5856 	 1 
200.5856 	 0 
200.6901 	 2 
200.7946 	 2 
200.8874 	 0 
200.8874 	 1 
200.8990 	 2 
201.0035 	 2 
