0.1161 	 2 
0.1277 	 0 
0.3483 	 2 
0.3599 	 1 
0.4644 	 1 
0.5921 	 1 
0.5921 	 2 
0.8359 	 2 
0.9520 	 1 
1.0681 	 2 
1.1958 	 1 
1.1958 	 2 
1.3119 	 2 
1.5557 	 1 
1.5557 	 2 
1.7995 	 2 
1.9156 	 1 
2.0317 	 2 
2.2639 	 1 
2.2756 	 2 
2.3917 	 1 
2.5194 	 2 
2.5194 	 1 
2.7516 	 2 
2.8677 	 1 
2.9954 	 2 
3.1115 	 1 
3.1115 	 2 
3.2392 	 2 
3.3669 	 2 
3.4714 	 2 
3.4714 	 1 
3.7152 	 2 
3.8313 	 1 
3.9474 	 2 
3.9590 	 1 
4.1912 	 2 
4.2028 	 1 
4.3073 	 1 
4.4234 	 2 
4.4350 	 1 
4.6672 	 2 
4.7949 	 1 
4.9110 	 2 
5.0271 	 1 
5.0271 	 2 
5.1548 	 2 
5.3870 	 1 
5.3986 	 2 
5.6308 	 2 
5.7469 	 1 
5.8746 	 2 
5.8746 	 1 
6.1185 	 2 
6.1185 	 1 
6.2346 	 1 
6.3507 	 2 
6.3507 	 1 
6.5945 	 2 
6.7106 	 1 
6.8267 	 2 
6.9544 	 2 
6.9544 	 1 
7.0821 	 2 
7.3027 	 2 
7.3143 	 1 
7.5581 	 2 
7.6742 	 1 
7.7903 	 0 
7.7903 	 2 
8.0341 	 1 
8.0341 	 2 
8.1502 	 1 
8.2663 	 0 
8.2663 	 2 
8.5101 	 2 
8.6262 	 1 
8.7423 	 2 
8.7539 	 0 
8.8700 	 1 
8.8700 	 2 
8.9977 	 2 
9.2299 	 2 
9.2299 	 0 
9.4737 	 2 
9.5898 	 1 
9.7176 	 2 
9.7176 	 0 
9.9614 	 1 
9.9614 	 2 
10.0659 	 1 
10.1936 	 0 
10.1936 	 2 
10.4374 	 2 
10.5535 	 1 
10.5651 	 2 
10.6696 	 0 
10.6812 	 2 
10.7973 	 1 
10.7973 	 2 
10.9134 	 2 
11.1456 	 2 
11.1572 	 0 
11.3894 	 2 
11.5055 	 1 
11.6216 	 0 
11.6332 	 2 
11.8770 	 1 
11.8770 	 2 
11.9931 	 1 
12.1092 	 0 
12.1092 	 2 
12.3530 	 2 
12.4691 	 1 
12.5852 	 2 
12.5968 	 0 
12.7129 	 2 
12.7129 	 1 
12.8406 	 2 
13.0612 	 2 
13.0728 	 0 
13.3166 	 2 
13.4327 	 1 
13.5488 	 0 
13.5488 	 2 
13.7927 	 2 
13.7927 	 1 
13.9088 	 1 
14.0249 	 2 
14.0365 	 0 
14.2803 	 1 
14.2803 	 2 
14.3964 	 1 
14.5125 	 2 
14.5125 	 0 
14.6286 	 1 
14.6286 	 2 
14.7563 	 2 
14.9885 	 0 
14.9885 	 2 
15.2323 	 2 
15.3484 	 1 
15.4645 	 0 
15.4761 	 1 
15.4761 	 2 
15.7083 	 0 
15.7199 	 2 
16.4281 	 0 
16.4397 	 1 
16.6719 	 0 
16.6835 	 2 
17.1479 	 0 
17.2756 	 1 
17.6472 	 2 
17.7517 	 1 
17.8678 	 0 
18.2393 	 1 
18.8198 	 2 
18.8314 	 0 
19.0636 	 1 
19.1913 	 1 
19.3074 	 2 
19.3074 	 0 
19.5512 	 2 
19.6673 	 1 
19.7834 	 2 
19.7950 	 1 
19.7950 	 0 
20.0272 	 2 
20.1433 	 1 
20.2710 	 2 
20.2710 	 0 
20.3871 	 1 
20.3987 	 2 
20.5148 	 2 
20.5148 	 1 
20.7470 	 2 
20.7470 	 0 
20.9908 	 2 
21.1069 	 1 
21.2346 	 2 
21.2346 	 0 
21.4668 	 1 
21.4668 	 2 
21.5946 	 1 
21.7107 	 0 
21.7107 	 1 
21.7107 	 2 
21.9545 	 2 
22.0822 	 1 
22.1867 	 0 
22.1867 	 2 
22.3028 	 2 
22.3144 	 1 
22.4305 	 2 
22.6627 	 0 
22.6743 	 2 
22.6743 	 1 
22.9065 	 2 
23.0342 	 1 
23.1503 	 2 
23.1503 	 0 
23.3825 	 2 
23.3941 	 1 
23.5102 	 1 
23.6263 	 2 
23.6263 	 0 
23.6379 	 1 
23.9862 	 1 
24.1139 	 0 
24.1139 	 2 
24.2300 	 2 
24.2300 	 1 
24.3577 	 2 
24.5899 	 1 
24.5899 	 2 
24.5899 	 0 
24.8337 	 2 
24.9498 	 1 
25.0776 	 0 
25.0776 	 2 
25.3214 	 1 
25.3214 	 2 
25.4375 	 1 
25.5536 	 1 
25.5536 	 0 
25.5536 	 2 
25.7974 	 2 
25.9135 	 1 
26.0296 	 2 
26.0296 	 0 
26.1457 	 1 
26.1457 	 2 
26.2734 	 2 
26.4011 	 2 
26.5056 	 0 
26.5172 	 1 
26.5172 	 2 
26.7494 	 2 
26.8771 	 1 
26.9932 	 0 
26.9932 	 2 
27.2254 	 2 
27.2370 	 1 
27.3531 	 1 
27.4692 	 2 
27.4692 	 0 
27.4808 	 1 
27.7130 	 2 
27.8407 	 1 
27.9452 	 2 
27.9452 	 0 
28.0729 	 2 
28.2006 	 2 
28.4328 	 1 
28.4328 	 2 
28.4328 	 0 
28.6766 	 2 
28.7927 	 1 
28.9088 	 2 
28.9088 	 0 
29.1410 	 1 
29.1527 	 2 
29.2688 	 1 
29.3849 	 0 
29.3965 	 1 
29.3965 	 2 
29.6403 	 2 
29.7564 	 1 
29.8725 	 0 
29.8725 	 2 
29.9886 	 2 
29.9886 	 1 
30.1047 	 2 
30.3485 	 2 
30.3485 	 0 
30.3601 	 1 
30.5923 	 2 
30.7084 	 1 
30.8245 	 2 
30.8361 	 0 
31.0683 	 2 
31.1960 	 1 
31.2076 	 2 
31.3121 	 1 
31.3121 	 2 
31.3121 	 0 
31.5559 	 2 
31.6720 	 1 
31.7881 	 2 
31.7881 	 0 
31.9158 	 2 
31.9158 	 1 
32.0435 	 2 
32.2757 	 1 
32.2757 	 0 
32.2757 	 2 
32.5195 	 2 
32.6356 	 1 
32.7517 	 0 
32.7517 	 2 
32.9956 	 1 
32.9956 	 2 
33.1117 	 1 
33.2394 	 0 
33.2394 	 1 
33.2394 	 2 
33.4832 	 2 
33.5877 	 1 
33.7038 	 2 
33.7154 	 0 
33.8315 	 1 
33.8315 	 2 
33.9592 	 2 
34.1914 	 1 
34.1914 	 0 
34.1914 	 2 
34.4352 	 2 
34.5513 	 1 
34.6674 	 2 
34.6674 	 0 
34.9112 	 2 
34.9228 	 1 
35.1434 	 2 
35.1550 	 0 
35.3872 	 2 
35.5149 	 1 
35.6310 	 0 
35.6310 	 2 
35.7471 	 2 
35.7471 	 1 
35.8748 	 2 
36.1070 	 2 
36.1070 	 0 
36.1186 	 1 
36.3508 	 2 
36.4785 	 1 
36.5830 	 2 
36.5946 	 0 
36.8268 	 2 
36.8385 	 1 
36.9546 	 1 
37.0707 	 0 
37.0707 	 2 
37.0823 	 1 
37.3145 	 2 
37.4306 	 1 
37.4422 	 2 
37.5467 	 0 
37.5583 	 2 
37.6628 	 1 
37.6744 	 2 
37.7905 	 2 
38.0227 	 2 
38.0343 	 0 
38.0343 	 1 
38.2781 	 2 
38.3942 	 1 
38.5103 	 2 
38.5103 	 0 
38.7425 	 1 
38.7541 	 2 
38.8702 	 1 
38.9863 	 2 
38.9863 	 0 
38.9979 	 1 
39.2301 	 2 
39.3578 	 1 
39.4739 	 2 
39.4739 	 0 
39.5900 	 2 
39.5900 	 1 
39.7061 	 2 
39.9499 	 2 
39.9499 	 0 
39.9615 	 1 
40.1821 	 2 
40.3098 	 1 
40.3098 	 2 
40.4259 	 2 
40.4376 	 0 
40.6698 	 2 
40.7975 	 1 
40.9136 	 0 
40.9136 	 1 
40.9136 	 2 
41.1574 	 2 
41.2735 	 1 
41.3896 	 0 
41.3896 	 2 
41.5057 	 1 
41.5173 	 2 
41.6334 	 2 
41.8656 	 2 
41.8772 	 0 
41.8772 	 1 
42.1094 	 2 
42.2371 	 1 
42.3532 	 0 
42.3532 	 2 
42.5854 	 1 
42.5854 	 2 
42.7131 	 1 
42.8292 	 0 
42.8292 	 2 
42.8408 	 1 
43.0730 	 2 
43.1891 	 1 
43.3052 	 0 
43.3052 	 2 
43.4329 	 1 
43.4329 	 2 
43.5606 	 2 
43.7928 	 2 
43.7928 	 1 
43.7928 	 0 
44.0250 	 2 
44.1527 	 1 
44.2688 	 0 
44.2688 	 2 
44.5127 	 1 
44.6288 	 1 
44.7449 	 2 
44.7565 	 1 
44.7565 	 0 
45.0003 	 2 
45.1164 	 1 
45.2325 	 0 
45.2325 	 2 
45.3486 	 1 
45.3486 	 2 
45.4763 	 2 
45.7085 	 2 
45.7201 	 0 
45.9523 	 2 
46.0800 	 1 
46.1845 	 2 
46.1961 	 0 
46.4283 	 2 
46.6721 	 2 
46.9043 	 2 
46.9043 	 0 
47.1481 	 2 
47.3919 	 0 
47.6357 	 1 
47.6357 	 2 
47.8679 	 0 
47.8795 	 2 
47.9956 	 1 
48.1117 	 2 
48.1117 	 0 
48.3556 	 2 
48.3556 	 0 
48.4717 	 1 
48.5878 	 1 
48.5878 	 2 
48.8316 	 2 
48.9477 	 1 
49.0638 	 2 
49.0754 	 0 
49.0754 	 1 
49.1915 	 1 
49.3076 	 0 
49.5514 	 1 
49.5514 	 2 
49.7952 	 2 
49.7952 	 0 
49.9229 	 1 
50.0274 	 0 
50.0274 	 2 
50.1551 	 1 
50.2712 	 2 
50.2828 	 1 
50.3989 	 1 
50.5034 	 0 
50.5034 	 2 
50.5150 	 1 
50.7472 	 2 
50.8749 	 1 
50.9910 	 2 
50.9910 	 0 
51.1071 	 2 
51.1071 	 1 
51.2348 	 2 
51.3393 	 1 
51.4670 	 2 
51.4670 	 0 
51.4786 	 1 
51.7108 	 2 
51.9430 	 0 
51.9546 	 2 
52.1868 	 2 
52.1985 	 1 
52.3146 	 1 
52.4307 	 2 
52.4307 	 0 
52.4423 	 1 
52.6745 	 2 
52.7906 	 1 
52.9067 	 2 
52.9067 	 0 
53.0228 	 1 
53.0344 	 2 
53.1505 	 1 
53.1621 	 2 
53.3827 	 1 
53.3827 	 2 
53.3943 	 0 
53.6265 	 2 
53.7542 	 1 
53.8703 	 2 
53.8703 	 0 
54.1141 	 1 
54.1141 	 2 
54.2302 	 1 
54.3463 	 0 
54.3463 	 1 
54.3579 	 2 
54.5901 	 1 
54.6017 	 2 
54.7062 	 1 
54.8339 	 2 
54.8339 	 0 
54.9500 	 1 
54.9500 	 2 
55.0777 	 2 
55.3099 	 2 
55.3099 	 0 
55.3215 	 1 
55.5421 	 2 
55.6698 	 1 
55.7859 	 0 
55.7859 	 2 
56.0298 	 2 
56.0298 	 1 
56.1575 	 1 
56.2620 	 2 
56.2736 	 0 
56.5174 	 2 
56.6335 	 1 
56.7496 	 2 
56.7496 	 0 
56.8657 	 1 
56.8773 	 2 
56.9934 	 2 
57.2256 	 2 
57.2372 	 0 
57.2372 	 1 
57.4694 	 2 
57.5971 	 1 
57.7132 	 2 
57.7132 	 0 
57.9454 	 2 
57.9570 	 1 
58.1892 	 0 
58.1892 	 1 
58.1892 	 2 
58.4330 	 1 
58.4446 	 2 
58.5491 	 1 
58.6652 	 0 
58.6652 	 2 
58.7929 	 2 
58.7929 	 1 
58.9090 	 2 
59.1412 	 2 
59.1528 	 1 
59.1528 	 0 
59.3734 	 2 
59.5127 	 1 
59.6288 	 2 
59.6288 	 1 
59.6288 	 0 
59.8610 	 2 
59.9888 	 1 
60.1049 	 0 
60.1165 	 1 
60.1165 	 2 
60.3487 	 2 
60.4648 	 1 
60.5925 	 2 
60.5925 	 0 
60.7086 	 1 
60.7202 	 2 
60.8363 	 2 
61.0685 	 2 
61.0685 	 0 
61.0801 	 1 
61.3123 	 2 
61.4284 	 1 
61.5445 	 2 
61.5561 	 0 
61.7883 	 2 
61.7883 	 1 
62.0321 	 2 
62.0321 	 0 
62.0321 	 1 
62.2759 	 2 
62.3920 	 1 
62.5081 	 2 
62.5081 	 0 
62.6242 	 1 
62.6358 	 2 
62.7519 	 2 
62.9841 	 2 
62.9957 	 0 
62.9957 	 1 
63.2279 	 2 
63.3556 	 2 
63.3556 	 1 
63.4717 	 0 
63.4717 	 2 
63.7039 	 2 
63.7156 	 1 
63.9478 	 2 
63.9478 	 0 
63.9594 	 1 
64.1916 	 2 
64.3077 	 1 
64.4238 	 2 
64.4354 	 0 
64.5515 	 1 
64.5515 	 2 
64.6792 	 2 
64.9114 	 1 
64.9114 	 0 
64.9114 	 2 
65.1552 	 2 
65.2713 	 1 
65.3874 	 2 
65.3874 	 0 
65.6312 	 1 
65.6544 	 2 
65.7589 	 1 
65.8750 	 2 
65.8750 	 0 
65.8750 	 1 
66.1188 	 2 
66.2349 	 1 
66.3510 	 2 
66.3510 	 0 
66.4671 	 1 
66.4787 	 2 
66.5948 	 2 
66.8270 	 2 
66.8386 	 0 
66.8386 	 1 
67.0708 	 2 
67.1985 	 1 
67.3030 	 2 
67.3030 	 0 
67.5468 	 2 
67.5585 	 1 
67.6746 	 1 
67.7907 	 1 
67.7907 	 2 
67.7907 	 0 
68.1506 	 1 
68.2667 	 0 
68.2667 	 2 
68.3944 	 1 
68.3944 	 2 
68.5105 	 2 
68.7427 	 1 
68.7427 	 2 
68.7543 	 0 
68.9865 	 2 
69.1142 	 1 
69.2303 	 2 
69.2303 	 0 
69.4741 	 2 
69.5902 	 1 
69.7063 	 1 
69.7063 	 0 
69.7063 	 2 
69.9501 	 2 
70.0662 	 1 
70.1939 	 2 
70.1939 	 0 
70.3100 	 2 
70.3100 	 1 
70.4377 	 2 
70.6699 	 0 
70.6699 	 2 
70.6699 	 1 
70.9137 	 2 
71.0298 	 1 
71.1459 	 2 
71.1459 	 0 
71.3898 	 2 
71.5059 	 1 
71.6220 	 2 
71.6336 	 0 
71.6336 	 1 
71.8774 	 2 
71.9935 	 1 
72.1096 	 0 
72.1096 	 2 
72.2257 	 1 
72.2373 	 2 
72.3534 	 2 
72.5856 	 0 
72.5972 	 2 
72.5972 	 1 
72.8410 	 2 
73.0732 	 2 
73.0732 	 0 
73.3054 	 2 
73.5492 	 0 
73.5492 	 2 
73.5608 	 1 
73.7930 	 2 
73.9091 	 1 
74.0252 	 0 
74.0252 	 2 
74.1529 	 2 
74.1529 	 1 
74.2806 	 2 
74.5128 	 2 
74.5128 	 0 
74.5128 	 1 
74.7450 	 2 
74.8844 	 1 
74.9888 	 2 
74.9888 	 0 
75.2210 	 1 
75.2327 	 2 
75.4649 	 2 
75.4649 	 0 
75.4765 	 1 
75.7087 	 2 
75.8248 	 1 
75.9409 	 0 
75.9525 	 2 
76.0686 	 2 
76.0686 	 1 
76.1963 	 2 
76.4285 	 2 
76.4285 	 0 
76.4401 	 1 
76.6723 	 2 
76.7884 	 1 
76.9045 	 2 
76.9161 	 0 
77.1483 	 2 
77.2760 	 1 
77.3921 	 2 
77.3921 	 0 
77.3921 	 1 
77.6359 	 2 
77.7520 	 1 
77.8681 	 0 
77.8681 	 2 
77.9958 	 1 
77.9958 	 2 
78.1119 	 2 
78.3441 	 2 
78.3557 	 0 
78.3557 	 1 
78.5879 	 2 
78.7156 	 1 
78.8317 	 0 
78.8317 	 2 
79.0639 	 2 
79.0756 	 1 
79.3078 	 2 
79.3078 	 0 
79.3194 	 1 
79.5516 	 2 
79.6677 	 1 
79.7838 	 2 
79.7954 	 0 
79.9115 	 1 
79.9115 	 2 
80.0392 	 2 
80.2714 	 2 
80.2714 	 1 
80.2714 	 0 
80.5152 	 2 
80.6313 	 1 
80.7474 	 0 
80.7474 	 2 
80.9912 	 2 
80.9912 	 1 
81.2234 	 1 
81.2350 	 0 
81.2350 	 2 
81.4788 	 2 
81.5949 	 1 
81.7110 	 0 
81.7110 	 2 
81.8271 	 1 
81.8387 	 2 
81.9548 	 2 
82.1870 	 1 
82.1870 	 0 
82.1986 	 2 
82.4308 	 2 
82.5585 	 1 
82.6630 	 2 
82.6746 	 0 
82.9068 	 2 
82.9185 	 1 
83.1507 	 1 
83.1507 	 0 
83.1507 	 2 
83.3945 	 2 
83.5106 	 1 
83.6267 	 0 
83.6383 	 2 
83.7544 	 1 
83.7544 	 2 
83.8705 	 2 
84.1027 	 2 
84.1143 	 1 
84.1143 	 0 
84.3465 	 2 
84.4742 	 1 
84.5903 	 0 
84.5903 	 2 
84.8341 	 2 
84.8341 	 1 
84.9502 	 1 
85.0663 	 0 
85.0663 	 2 
85.0779 	 1 
85.3101 	 2 
85.4262 	 1 
85.5539 	 0 
85.5539 	 2 
85.6700 	 1 
85.6700 	 2 
85.7977 	 2 
86.0299 	 0 
86.0299 	 1 
86.0299 	 2 
86.2737 	 2 
86.3898 	 1 
86.5059 	 2 
86.5059 	 0 
86.7498 	 1 
86.7498 	 2 
86.8659 	 1 
86.9936 	 1 
86.9936 	 2 
86.9936 	 0 
87.2374 	 2 
87.3535 	 1 
87.4696 	 2 
87.4696 	 0 
87.5857 	 1 
87.5973 	 2 
87.7134 	 1 
87.7134 	 2 
87.9456 	 2 
87.9456 	 0 
87.9572 	 1 
88.1894 	 2 
88.3171 	 1 
88.4332 	 2 
88.4332 	 0 
88.6654 	 2 
88.6770 	 1 
88.7931 	 1 
88.9092 	 0 
88.9092 	 2 
88.9208 	 1 
89.1530 	 2 
89.2691 	 1 
89.2807 	 2 
89.3852 	 0 
89.3968 	 2 
89.5129 	 1 
89.5129 	 2 
89.6406 	 2 
89.8728 	 1 
89.8728 	 0 
89.8728 	 2 
90.1166 	 2 
90.2327 	 1 
90.3488 	 2 
90.3488 	 0 
90.5810 	 2 
90.5927 	 1 
90.7088 	 1 
90.8249 	 0 
90.8249 	 2 
90.8365 	 1 
91.0803 	 2 
91.1964 	 1 
91.3125 	 0 
91.3125 	 2 
91.4286 	 1 
91.4286 	 2 
91.5563 	 2 
91.7885 	 0 
91.7885 	 2 
91.8001 	 1 
92.0323 	 2 
92.1484 	 1 
92.2645 	 2 
92.2761 	 0 
92.5083 	 2 
92.5083 	 1 
92.6360 	 1 
92.7405 	 2 
92.7521 	 1 
92.7521 	 0 
92.9959 	 2 
93.1120 	 1 
93.2281 	 2 
93.2281 	 0 
93.3442 	 1 
93.3558 	 2 
93.4719 	 2 
93.7041 	 2 
93.7157 	 0 
93.7157 	 1 
93.9479 	 2 
94.0756 	 1 
94.1917 	 0 
94.1917 	 2 
94.4356 	 2 
94.4356 	 1 
94.5517 	 1 
94.6678 	 0 
94.6794 	 1 
94.6794 	 2 
94.9232 	 2 
95.0393 	 1 
95.1438 	 2 
95.1554 	 0 
95.2715 	 1 
95.2715 	 2 
95.3992 	 2 
95.5269 	 1 
95.6198 	 0 
95.6314 	 1 
95.6314 	 2 
95.8752 	 2 
95.9913 	 1 
96.1074 	 2 
96.1074 	 0 
96.3512 	 1 
96.3512 	 2 
96.4673 	 1 
96.5950 	 0 
96.5950 	 1 
96.5950 	 2 
96.8388 	 2 
96.9549 	 1 
97.0710 	 0 
97.0710 	 2 
97.1871 	 1 
97.1871 	 2 
97.3148 	 2 
97.5470 	 2 
97.5470 	 0 
97.5586 	 1 
97.7908 	 2 
98.0230 	 2 
98.0346 	 0 
98.1507 	 1 
98.2668 	 2 
98.2668 	 1 
98.3829 	 1 
98.5107 	 0 
98.5107 	 2 
98.5107 	 1 
98.7545 	 2 
98.8706 	 1 
98.9867 	 0 
98.9867 	 2 
99.1144 	 2 
99.1144 	 1 
99.2305 	 2 
99.4627 	 2 
99.4743 	 1 
99.4743 	 0 
99.6833 	 2 
99.8342 	 1 
99.9503 	 2 
99.9503 	 0 
100.1593 	 2 
100.1941 	 2 
100.3102 	 1 
100.4263 	 2 
100.4379 	 1 
100.4379 	 0 
100.6817 	 2 
100.7978 	 1 
100.9139 	 0 
100.9139 	 2 
101.0300 	 2 
101.0300 	 1 
101.1577 	 2 
101.3899 	 1 
101.3899 	 0 
101.3899 	 2 
101.6337 	 2 
101.7498 	 1 
101.8659 	 0 
101.8776 	 2 
102.1098 	 2 
102.1214 	 1 
102.2259 	 1 
102.3536 	 2 
102.3536 	 1 
102.3536 	 0 
102.5974 	 2 
102.7135 	 1 
102.8296 	 0 
102.8296 	 2 
102.9457 	 1 
102.9573 	 2 
103.0734 	 2 
103.3172 	 0 
103.3172 	 1 
103.3172 	 2 
103.5610 	 2 
103.6771 	 1 
103.7932 	 0 
103.7932 	 2 
104.0254 	 2 
104.0370 	 1 
104.1531 	 1 
104.2692 	 0 
104.2692 	 2 
104.2808 	 1 
104.5130 	 2 
104.6291 	 1 
104.7452 	 2 
104.7568 	 0 
104.8729 	 2 
104.8729 	 1 
105.0006 	 2 
105.2328 	 2 
105.2328 	 1 
105.2328 	 0 
105.4883 	 2 
105.6044 	 1 
105.7088 	 2 
105.7088 	 0 
105.9527 	 2 
105.9527 	 1 
106.1849 	 0 
106.1849 	 2 
106.1965 	 1 
106.4287 	 2 
106.5564 	 1 
106.6725 	 2 
106.6725 	 0 
106.7886 	 1 
106.7886 	 2 
106.9163 	 2 
107.1485 	 2 
107.1485 	 0 
107.1485 	 1 
107.3807 	 2 
107.5084 	 1 
107.6245 	 0 
107.6361 	 2 
107.8683 	 1 
107.8799 	 2 
107.9844 	 1 
108.1121 	 2 
108.1121 	 0 
108.1121 	 1 
108.3559 	 2 
108.4720 	 1 
108.5881 	 0 
108.5881 	 2 
108.7042 	 1 
108.7158 	 2 
108.8319 	 2 
108.9596 	 2 
109.0757 	 1 
109.0757 	 2 
109.0757 	 0 
109.3079 	 2 
109.4240 	 1 
109.5517 	 0 
109.5517 	 2 
109.6678 	 2 
109.7956 	 2 
109.9117 	 1 
109.9233 	 2 
110.0278 	 0 
110.0394 	 2 
110.0394 	 1 
110.1555 	 2 
110.2716 	 2 
110.3877 	 1 
110.5154 	 0 
110.5154 	 2 
110.6315 	 2 
110.6315 	 1 
110.7592 	 2 
110.8753 	 2 
110.9914 	 2 
110.9914 	 0 
111.0030 	 1 
111.2352 	 2 
111.3513 	 1 
111.4674 	 2 
111.4674 	 0 
111.7112 	 2 
111.7228 	 1 
111.8389 	 1 
111.9434 	 2 
111.9550 	 1 
111.9550 	 0 
112.1872 	 2 
112.3149 	 1 
112.4310 	 0 
112.4310 	 2 
112.5587 	 1 
112.5587 	 2 
112.6748 	 2 
112.9070 	 0 
112.9070 	 2 
112.9186 	 1 
113.1508 	 2 
113.2669 	 1 
113.3830 	 2 
113.3946 	 0 
113.6268 	 2 
113.7546 	 1 
113.8707 	 0 
113.8707 	 2 
113.8823 	 1 
114.1145 	 2 
114.2306 	 1 
114.3467 	 2 
114.3467 	 0 
114.4744 	 1 
114.4744 	 2 
114.5905 	 1 
114.6021 	 2 
114.8227 	 2 
114.8343 	 0 
114.8343 	 1 
115.0665 	 1 
115.0781 	 2 
115.3103 	 2 
115.3103 	 0 
115.5541 	 1 
115.5541 	 2 
115.7863 	 1 
115.7863 	 2 
115.7863 	 0 
116.0301 	 2 
116.0301 	 0 
116.2739 	 2 
116.3900 	 2 
116.5177 	 0 
116.7499 	 2 
116.9937 	 0 
116.9937 	 2 
117.1098 	 1 
117.2259 	 0 
117.2376 	 2 
117.4698 	 2 
117.4698 	 0 
117.4698 	 1 
117.5859 	 1 
117.7136 	 2 
117.7136 	 1 
117.9458 	 2 
118.0735 	 1 
118.1896 	 2 
118.1896 	 1 
118.3057 	 2 
118.3173 	 1 
118.4334 	 0 
118.6656 	 2 
118.6772 	 1 
118.9094 	 2 
118.9094 	 0 
119.0371 	 1 
119.1416 	 0 
119.1532 	 2 
119.3970 	 2 
119.3970 	 1 
119.5131 	 1 
119.6292 	 0 
119.6292 	 1 
119.6292 	 2 
119.8730 	 2 
119.9891 	 1 
120.1168 	 0 
120.1168 	 2 
120.2329 	 1 
120.2329 	 2 
120.3490 	 2 
120.5928 	 2 
120.5928 	 0 
120.5928 	 1 
120.8366 	 2 
120.9527 	 1 
120.9644 	 2 
121.0688 	 0 
121.0688 	 2 
121.3127 	 2 
121.3127 	 1 
121.4288 	 1 
121.5565 	 2 
121.5565 	 0 
121.5565 	 1 
121.8003 	 2 
121.9048 	 1 
122.0209 	 0 
122.0325 	 2 
122.1486 	 1 
122.1602 	 2 
122.2763 	 2 
122.5085 	 2 
122.5085 	 0 
122.5201 	 1 
122.7523 	 2 
122.8684 	 1 
122.9845 	 0 
122.9961 	 2 
123.2283 	 2 
123.2283 	 1 
123.3560 	 1 
123.4721 	 1 
123.4721 	 2 
123.4721 	 0 
123.7159 	 2 
123.8320 	 1 
123.9481 	 0 
123.9481 	 2 
124.0642 	 1 
124.0758 	 2 
124.1919 	 2 
124.4241 	 0 
124.4357 	 1 
124.4357 	 2 
124.6795 	 2 
124.7840 	 1 
124.9117 	 2 
124.9117 	 0 
125.1556 	 1 
125.1556 	 2 
125.3878 	 0 
125.3878 	 2 
125.3994 	 1 
125.6316 	 2 
125.7593 	 1 
125.8754 	 0 
125.8754 	 2 
125.9915 	 2 
125.9915 	 1 
126.1192 	 2 
126.3514 	 0 
126.3514 	 2 
126.3514 	 1 
126.5952 	 2 
126.7113 	 1 
126.8158 	 2 
126.8274 	 0 
127.0712 	 1 
127.0712 	 2 
127.1873 	 1 
127.3034 	 0 
127.3150 	 1 
127.3150 	 2 
127.5588 	 2 
127.6749 	 1 
127.7910 	 0 
127.7910 	 2 
127.9071 	 1 
127.9187 	 2 
128.0348 	 2 
128.2670 	 0 
128.2670 	 2 
128.2786 	 1 
128.4992 	 2 
128.7430 	 0 
128.7430 	 2 
128.9868 	 2 
129.1146 	 1 
129.2307 	 0 
129.2307 	 2 
129.2307 	 1 
129.4745 	 2 
129.5906 	 1 
129.7067 	 0 
129.7067 	 2 
129.8228 	 1 
129.8344 	 2 
129.9505 	 2 
130.1943 	 1 
130.1943 	 0 
130.1943 	 2 
130.4265 	 2 
130.5542 	 1 
130.6703 	 0 
130.6703 	 2 
130.9141 	 2 
131.0302 	 1 
131.1463 	 0 
131.1463 	 2 
131.1579 	 1 
131.3901 	 2 
131.5062 	 1 
131.6223 	 2 
131.6339 	 0 
131.7500 	 2 
131.7500 	 1 
131.8777 	 2 
132.1099 	 0 
132.1099 	 1 
132.1099 	 2 
132.3421 	 2 
132.4698 	 1 
132.5859 	 2 
132.5976 	 0 
132.8181 	 2 
133.0736 	 0 
133.0736 	 2 
133.0736 	 1 
133.3174 	 2 
133.4335 	 1 
133.5496 	 2 
133.5496 	 0 
133.6657 	 2 
133.6657 	 1 
133.7934 	 1 
133.7934 	 2 
134.0256 	 1 
134.0372 	 2 
134.0372 	 0 
134.3971 	 1 
134.5016 	 1 
134.5016 	 2 
134.5016 	 0 
134.7454 	 1 
134.7570 	 2 
134.9892 	 0 
134.9892 	 1 
134.9892 	 2 
135.2330 	 2 
135.3491 	 1 
135.4652 	 0 
135.4768 	 2 
135.5929 	 1 
135.5929 	 2 
135.7206 	 2 
135.9528 	 0 
135.9528 	 2 
135.9644 	 1 
136.1966 	 2 
136.3127 	 1 
136.4288 	 0 
136.4288 	 2 
136.6610 	 2 
136.7888 	 2 
136.9049 	 0 
136.9049 	 1 
136.9165 	 2 
137.1603 	 2 
137.2764 	 1 
137.3925 	 2 
137.3925 	 0 
137.5086 	 1 
137.5202 	 2 
137.6363 	 2 
137.8685 	 0 
137.8685 	 2 
137.8801 	 1 
138.1123 	 2 
138.2284 	 1 
138.3445 	 0 
138.3561 	 2 
138.7160 	 1 
138.8321 	 1 
138.8321 	 2 
138.8321 	 0 
139.0759 	 2 
139.1920 	 1 
139.3081 	 0 
139.3081 	 2 
139.4358 	 2 
139.4358 	 1 
139.5519 	 2 
139.6796 	 2 
139.7957 	 2 
139.7957 	 0 
139.7957 	 1 
140.0279 	 2 
140.1556 	 1 
140.2717 	 0 
140.2717 	 2 
140.5039 	 1 
140.5039 	 2 
140.7478 	 2 
140.7478 	 0 
140.7594 	 1 
140.9916 	 2 
141.1193 	 1 
141.2354 	 2 
141.2354 	 0 
141.3515 	 2 
141.3515 	 1 
141.4792 	 2 
141.7114 	 0 
141.7114 	 2 
141.7114 	 1 
141.9552 	 2 
142.0713 	 1 
142.1874 	 2 
142.1874 	 0 
142.4312 	 2 
142.6634 	 2 
142.6750 	 1 
142.6750 	 0 
142.9188 	 2 
143.0349 	 1 
143.1510 	 0 
143.1510 	 2 
143.2671 	 1 
143.2671 	 2 
143.3948 	 2 
143.6270 	 2 
143.6270 	 0 
143.6270 	 1 
143.8476 	 2 
144.1030 	 0 
144.1030 	 2 
144.3352 	 1 
144.4746 	 1 
144.5907 	 1 
144.5907 	 2 
144.5907 	 0 
144.8345 	 2 
144.9506 	 1 
145.0667 	 0 
145.0783 	 2 
145.1828 	 1 
145.1944 	 2 
145.3105 	 2 
145.5543 	 0 
145.5543 	 1 
145.5543 	 2 
145.7865 	 2 
145.9142 	 1 
146.0303 	 2 
146.0303 	 0 
146.1580 	 1 
146.2625 	 2 
146.3902 	 1 
146.5063 	 0 
146.5063 	 1 
146.5063 	 2 
146.7501 	 2 
146.8662 	 1 
146.9939 	 2 
146.9939 	 0 
147.1100 	 1 
147.1100 	 2 
147.2377 	 2 
147.4699 	 1 
147.4699 	 2 
147.4699 	 0 
147.7137 	 2 
147.8298 	 1 
147.9459 	 0 
147.9576 	 2 
148.1898 	 1 
148.1898 	 2 
148.4336 	 1 
148.4336 	 0 
148.4336 	 2 
148.6658 	 2 
148.7935 	 1 
148.9096 	 0 
148.9096 	 2 
149.0257 	 1 
149.0373 	 2 
149.1534 	 2 
149.3856 	 2 
149.3856 	 0 
149.3856 	 1 
149.7455 	 1 
149.8732 	 2 
150.1054 	 2 
150.1054 	 1 
150.2331 	 1 
150.3492 	 2 
150.3492 	 1 
150.5930 	 2 
150.7091 	 1 
150.8252 	 2 
150.9413 	 1 
150.9413 	 2 
151.0806 	 2 
151.3128 	 2 
151.3128 	 1 
151.5566 	 2 
151.6727 	 1 
151.7888 	 2 
151.7888 	 1 
152.0327 	 2 
152.2649 	 2 
152.5087 	 2 
152.6248 	 1 
152.7525 	 2 
152.8686 	 2 
152.8686 	 1 
152.9963 	 2 
153.2285 	 2 
153.2285 	 1 
153.4723 	 2 
153.5884 	 1 
153.7045 	 1 
153.7161 	 2 
153.9483 	 1 
153.9599 	 2 
154.0644 	 1 
154.1921 	 1 
154.1921 	 2 
154.4359 	 2 
154.5520 	 1 
154.6681 	 2 
154.6681 	 1 
154.7958 	 1 
154.7958 	 2 
154.9119 	 2 
155.1557 	 2 
155.1557 	 1 
155.3995 	 2 
155.5156 	 1 
155.6317 	 1 
155.6317 	 2 
155.8756 	 1 
155.8756 	 2 
155.9917 	 1 
156.1078 	 2 
156.1194 	 1 
156.3516 	 2 
156.4677 	 1 
156.5954 	 2 
156.7115 	 1 
156.7115 	 2 
156.8392 	 2 
157.0714 	 1 
157.0714 	 2 
157.3152 	 2 
157.4313 	 1 
157.5474 	 2 
157.5590 	 1 
157.7912 	 2 
157.9189 	 1 
158.0234 	 2 
158.0350 	 1 
158.2672 	 2 
158.3949 	 1 
158.5110 	 2 
158.6271 	 1 
158.6271 	 2 
158.7548 	 2 
158.9870 	 1 
158.9870 	 2 
159.2308 	 2 
159.3585 	 1 
159.4746 	 2 
159.7068 	 1 
159.7185 	 2 
159.8229 	 1 
159.8462 	 2 
159.9507 	 2 
159.9507 	 1 
160.1945 	 2 
160.3106 	 1 
160.4267 	 2 
160.4267 	 1 
160.5544 	 1 
160.5544 	 2 
160.6821 	 2 
160.8098 	 2 
160.9027 	 2 
160.9143 	 1 
161.1465 	 2 
161.2742 	 1 
161.3903 	 2 
161.3903 	 0 
161.6341 	 1 
161.6341 	 2 
161.7502 	 1 
161.8663 	 2 
161.8663 	 0 
162.1101 	 2 
162.2262 	 1 
162.3423 	 2 
162.3539 	 0 
162.4816 	 2 
162.5977 	 2 
162.8299 	 2 
162.8299 	 0 
163.0737 	 2 
163.1898 	 1 
163.3059 	 2 
163.3059 	 0 
163.5498 	 2 
163.5614 	 1 
163.6659 	 1 
163.7936 	 0 
163.7936 	 2 
164.0374 	 2 
164.1535 	 1 
164.2696 	 0 
164.2696 	 2 
164.3857 	 1 
164.3857 	 2 
164.5134 	 2 
164.7456 	 2 
164.7456 	 0 
164.7572 	 1 
165.0010 	 2 
165.1171 	 1 
165.2216 	 2 
165.2332 	 0 
165.4654 	 1 
165.4770 	 2 
165.5931 	 1 
165.7092 	 0 
165.7092 	 2 
165.9530 	 2 
166.0691 	 1 
166.1852 	 2 
166.1968 	 0 
166.3129 	 1 
166.3129 	 2 
166.4406 	 2 
166.6728 	 2 
166.6728 	 0 
166.9166 	 2 
167.0327 	 1 
167.1488 	 2 
167.1488 	 0 
167.3927 	 2 
167.3927 	 1 
167.5088 	 1 
167.6249 	 2 
167.6365 	 0 
167.8687 	 2 
167.9848 	 1 
168.1125 	 2 
168.1125 	 0 
168.2286 	 1 
168.2402 	 2 
168.3563 	 2 
168.5885 	 0 
168.5885 	 2 
168.6001 	 1 
168.8323 	 2 
168.9484 	 1 
169.0645 	 2 
169.0761 	 1 
169.0761 	 0 
169.3083 	 0 
169.3199 	 2 
170.0281 	 0 
170.2719 	 0 
170.7479 	 0 
171.4678 	 0 
172.4314 	 0 
172.4314 	 2 
172.6636 	 1 
172.7913 	 1 
172.9074 	 2 
172.9074 	 0 
173.1512 	 2 
173.1512 	 1 
173.2673 	 1 
173.3950 	 2 
173.3950 	 0 
173.3950 	 1 
173.6272 	 2 
173.7549 	 1 
173.8710 	 2 
173.8710 	 0 
173.9871 	 2 
173.9871 	 1 
174.1148 	 2 
174.3470 	 0 
174.3470 	 2 
174.3586 	 1 
174.6024 	 2 
174.7185 	 1 
174.8230 	 2 
174.8346 	 0 
175.0668 	 1 
175.0668 	 2 
175.1946 	 1 
175.2990 	 2 
175.3107 	 0 
175.3223 	 1 
175.5545 	 2 
175.6706 	 1 
175.6938 	 2 
175.7867 	 0 
175.7983 	 2 
175.9144 	 2 
175.9144 	 1 
176.0421 	 2 
176.2743 	 0 
176.2743 	 1 
176.2743 	 2 
176.5065 	 2 
176.6342 	 1 
176.7503 	 2 
176.7503 	 0 
176.9941 	 2 
177.1102 	 1 
177.2263 	 2 
177.2379 	 0 
177.2379 	 1 
177.4817 	 2 
177.5978 	 1 
177.7023 	 2 
177.7139 	 0 
177.8300 	 1 
177.8300 	 2 
177.9577 	 2 
178.1899 	 0 
178.1899 	 2 
178.1899 	 1 
178.4337 	 2 
178.5498 	 1 
178.6659 	 2 
178.6659 	 0 
178.9098 	 2 
178.9098 	 1 
179.0375 	 1 
179.1420 	 2 
179.1536 	 0 
179.1536 	 1 
179.3858 	 2 
179.5135 	 1 
179.6296 	 0 
179.6296 	 2 
179.7457 	 1 
179.7573 	 2 
179.8734 	 2 
180.1056 	 2 
180.1172 	 1 
180.1172 	 0 
180.3610 	 2 
180.4771 	 1 
180.5932 	 2 
180.5932 	 0 
180.8254 	 2 
180.9531 	 1 
181.0692 	 0 
181.0692 	 1 
181.0692 	 2 
181.3130 	 2 
181.4407 	 1 
181.5452 	 0 
181.5452 	 2 
181.6729 	 2 
181.6729 	 1 
181.8006 	 2 
182.0328 	 0 
182.0328 	 2 
182.0444 	 1 
182.2650 	 2 
182.3927 	 1 
182.5088 	 2 
182.5088 	 0 
182.7527 	 2 
182.7527 	 1 
182.8688 	 1 
182.9849 	 2 
182.9849 	 0 
182.9965 	 1 
183.2287 	 2 
183.3564 	 1 
183.4725 	 0 
183.4725 	 2 
183.5886 	 1 
183.6002 	 2 
183.7163 	 2 
183.9485 	 2 
183.9485 	 1 
183.9485 	 0 
184.3200 	 1 
184.4361 	 0 
184.4361 	 2 
184.6799 	 2 
184.9121 	 0 
184.9121 	 2 
184.9237 	 1 
185.1327 	 1 
185.2720 	 1 
185.3881 	 0 
185.3881 	 2 
185.5042 	 2 
185.5158 	 1 
185.6319 	 2 
185.8757 	 1 
185.8757 	 2 
185.8757 	 0 
186.1195 	 2 
186.2356 	 1 
186.3517 	 0 
186.3517 	 2 
186.7117 	 1 
186.8278 	 1 
186.8278 	 2 
186.8278 	 0 
187.0600 	 2 
187.1993 	 1 
187.3154 	 2 
187.3154 	 0 
187.4315 	 2 
187.4315 	 1 
187.5592 	 2 
187.7914 	 2 
187.7914 	 0 
187.7914 	 1 
188.0352 	 2 
188.1513 	 1 
188.2674 	 0 
188.2674 	 2 
188.5112 	 2 
188.5112 	 1 
188.6389 	 1 
188.7550 	 0 
188.7550 	 1 
188.7550 	 2 
188.9872 	 2 
189.1149 	 1 
189.2310 	 2 
189.2310 	 0 
189.3587 	 1 
189.3587 	 2 
189.4748 	 1 
189.4748 	 2 
189.7070 	 0 
189.7070 	 2 
189.7186 	 1 
189.9508 	 2 
190.0785 	 1 
190.1830 	 2 
190.1830 	 0 
190.4268 	 2 
190.4268 	 1 
190.5546 	 1 
190.6707 	 2 
190.6707 	 0 
190.6823 	 1 
190.9145 	 2 
191.0306 	 1 
191.1467 	 2 
191.1467 	 0 
191.2744 	 2 
191.2744 	 1 
191.3905 	 2 
191.6343 	 2 
191.6343 	 1 
191.6343 	 0 
191.8781 	 2 
191.9942 	 1 
192.1103 	 0 
192.1103 	 2 
192.3425 	 2 
192.4702 	 1 
192.5863 	 2 
192.5863 	 0 
192.5979 	 1 
192.8301 	 2 
192.9578 	 1 
193.0623 	 2 
193.0739 	 0 
193.1900 	 1 
193.1900 	 2 
193.3177 	 2 
193.5499 	 0 
193.5615 	 1 
193.5615 	 2 
193.7821 	 2 
193.9098 	 1 
194.0259 	 0 
194.0259 	 2 
194.2698 	 2 
194.3859 	 1 
194.5136 	 1 
194.5136 	 2 
194.5136 	 0 
194.7458 	 2 
194.8735 	 1 
194.9896 	 2 
194.9896 	 0 
195.1057 	 1 
195.1173 	 2 
195.2334 	 2 
195.4656 	 0 
195.4656 	 2 
195.4656 	 1 
195.7210 	 2 
195.9416 	 2 
195.9532 	 0 
196.1854 	 2 
196.3131 	 1 
196.4292 	 2 
196.4292 	 0 
196.4408 	 1 
196.6730 	 2 
196.7891 	 1 
196.9052 	 0 
196.9168 	 2 
197.0329 	 2 
197.0329 	 1 
197.1606 	 2 
197.3812 	 1 
197.3812 	 0 
197.3928 	 2 
197.6250 	 2 
197.7527 	 1 
197.8688 	 0 
197.8688 	 2 
197.9966 	 1 
198.1127 	 2 
198.1127 	 1 
198.2288 	 1 
198.3449 	 2 
198.3449 	 0 
198.3565 	 1 
198.5887 	 2 
198.7164 	 1 
198.8325 	 2 
198.8325 	 0 
198.9486 	 2 
198.9486 	 1 
199.0763 	 2 
199.3085 	 2 
199.3085 	 0 
199.3201 	 1 
199.5523 	 2 
199.6684 	 1 
199.7845 	 2 
199.7961 	 0 
200.0283 	 2 
200.2721 	 0 
200.2721 	 1 
200.2721 	 2 
200.6320 	 1 
200.7481 	 2 
200.7481 	 0 
200.8758 	 2 
200.8758 	 1 
200.9919 	 2 
201.2241 	 2 
201.2357 	 1 
201.2357 	 0 
201.4679 	 2 
201.5956 	 1 
201.7117 	 2 
201.7117 	 0 
201.9439 	 1 
201.9556 	 2 
202.0717 	 1 
202.1878 	 2 
202.1878 	 1 
202.1878 	 0 
202.4316 	 2 
202.5477 	 1 
202.6638 	 2 
202.6754 	 0 
202.7915 	 1 
202.7915 	 2 
202.9192 	 2 
203.1514 	 0 
203.1514 	 2 
203.1630 	 1 
203.3836 	 0 
203.3952 	 2 
203.6274 	 0 
203.6274 	 2 
203.8712 	 1 
203.8712 	 2 
203.9989 	 1 
204.1034 	 2 
204.1150 	 0 
204.1150 	 1 
204.3588 	 2 
204.4749 	 1 
204.5910 	 0 
204.5910 	 2 
204.7187 	 1 
204.7187 	 2 
204.8348 	 2 
205.0670 	 0 
205.0670 	 2 
205.0786 	 1 
205.3108 	 2 
205.4385 	 1 
205.5430 	 2 
205.5430 	 0 
205.7868 	 1 
205.7868 	 2 
206.0307 	 1 
206.0307 	 2 
206.0307 	 0 
206.2745 	 2 
206.3906 	 1 
206.5067 	 2 
206.5067 	 0 
206.6228 	 1 
206.6344 	 2 
206.7505 	 2 
206.9827 	 1 
206.9827 	 0 
206.9943 	 2 
207.2265 	 2 
207.3542 	 1 
207.4703 	 0 
207.4703 	 2 
207.7025 	 2 
207.7141 	 1 
207.8302 	 1 
207.9463 	 1 
207.9463 	 2 
207.9463 	 0 
208.1901 	 2 
208.3062 	 1 
208.4339 	 2 
208.4339 	 0 
208.5500 	 2 
208.5500 	 1 
208.6777 	 2 
208.9099 	 1 
208.9099 	 0 
208.9099 	 2 
209.1537 	 2 
209.2698 	 1 
209.3859 	 2 
209.3976 	 0 
209.6298 	 2 
209.7459 	 1 
209.8620 	 2 
209.8736 	 1 
209.8736 	 0 
210.1058 	 2 
210.2335 	 1 
210.3496 	 2 
210.3496 	 0 
210.4657 	 1 
210.4773 	 2 
210.5934 	 2 
210.8372 	 2 
210.8372 	 0 
210.8372 	 1 
211.0694 	 2 
211.1971 	 1 
211.3016 	 2 
211.3132 	 0 
211.5570 	 2 
211.5570 	 1 
211.6731 	 1 
211.7892 	 2 
211.7892 	 0 
211.8008 	 1 
212.0330 	 2 
212.1491 	 1 
212.2652 	 0 
212.2768 	 2 
212.3929 	 2 
212.3929 	 1 
212.5206 	 2 
212.7412 	 2 
212.7528 	 1 
212.7528 	 0 
212.9734 	 2 
213.1127 	 1 
213.2288 	 0 
213.2288 	 2 
213.4610 	 2 
213.4727 	 1 
213.5888 	 1 
213.7049 	 0 
213.7165 	 2 
213.7165 	 1 
213.9487 	 2 
214.0764 	 1 
214.1925 	 0 
214.1925 	 2 
214.3086 	 1 
214.3086 	 2 
214.4363 	 2 
214.6685 	 1 
214.6685 	 2 
214.6685 	 0 
214.9123 	 2 
215.0284 	 1 
215.1445 	 2 
215.1561 	 0 
215.3883 	 1 
215.3883 	 2 
215.5044 	 1 
215.6321 	 0 
215.6321 	 1 
215.6321 	 2 
215.8759 	 2 
215.9920 	 1 
216.0036 	 2 
216.1081 	 0 
216.1081 	 2 
216.2358 	 2 
216.2358 	 1 
216.3635 	 2 
216.5841 	 2 
216.5957 	 1 
216.5957 	 0 
216.8279 	 2 
216.9556 	 1 
217.0717 	 2 
217.0717 	 0 
217.3156 	 1 
217.3156 	 2 
217.4317 	 1 
217.5478 	 0 
217.5478 	 2 
217.5594 	 1 
217.7916 	 2 
217.9193 	 1 
218.0238 	 0 
218.0354 	 2 
218.1515 	 1 
218.1515 	 2 
218.2792 	 2 
218.5114 	 1 
218.5114 	 0 
218.5114 	 2 
218.7436 	 2 
218.8713 	 1 
218.9874 	 0 
218.9874 	 2 
219.2312 	 2 
219.3589 	 1 
219.4634 	 2 
219.4750 	 0 
219.4750 	 1 
219.7188 	 2 
219.8349 	 1 
219.9510 	 2 
219.9510 	 0 
220.0671 	 1 
220.0787 	 2 
220.1948 	 2 
220.4270 	 2 
220.4270 	 1 
220.4386 	 0 
220.6708 	 2 
220.7869 	 1 
220.9030 	 0 
220.9146 	 2 
221.1468 	 2 
221.3907 	 2 
221.3907 	 0 
221.4023 	 1 
221.6345 	 2 
221.7506 	 1 
221.8667 	 0 
221.8667 	 2 
221.9944 	 2 
222.1105 	 1 
222.1105 	 2 
222.3543 	 0 
222.3543 	 1 
222.3543 	 2 
222.5865 	 2 
222.7258 	 1 
222.8303 	 0 
222.8303 	 2 
223.0741 	 2 
223.1786 	 1 
223.3063 	 0 
223.3063 	 2 
223.3179 	 1 
223.5501 	 2 
223.6778 	 1 
223.7939 	 2 
223.7939 	 0 
223.9100 	 2 
223.9100 	 1 
224.0377 	 2 
224.1538 	 2 
224.2699 	 0 
224.2815 	 2 
224.2815 	 1 
224.3860 	 2 
224.5137 	 2 
224.6298 	 1 
224.6415 	 2 
224.7576 	 2 
224.7576 	 0 
224.9898 	 2 
225.2220 	 2 
225.2336 	 0 
225.2336 	 1 
225.4658 	 2 
225.5935 	 1 
225.7096 	 2 
225.7096 	 0 
225.8257 	 1 
225.8373 	 2 
225.9534 	 2 
226.1856 	 1 
226.1856 	 2 
226.1856 	 0 
226.4294 	 2 
226.5455 	 1 
226.6616 	 2 
226.6732 	 0 
226.9054 	 2 
227.1492 	 2 
227.1492 	 1 
227.1492 	 0 
227.3930 	 2 
227.5091 	 1 
227.6252 	 0 
227.6368 	 2 
227.7529 	 2 
227.7529 	 1 
227.8806 	 2 
228.1128 	 1 
228.1128 	 2 
228.1128 	 0 
228.3450 	 2 
228.5888 	 2 
228.5888 	 1 
228.5888 	 0 
228.8327 	 2 
229.0649 	 0 
229.0765 	 1 
229.0765 	 2 
229.3087 	 2 
229.4248 	 1 
229.5525 	 0 
229.5525 	 2 
229.6686 	 1 
229.6686 	 2 
229.7963 	 2 
230.0285 	 2 
230.0285 	 0 
230.0285 	 1 
230.2723 	 2 
230.3884 	 1 
230.5045 	 0 
230.5161 	 2 
230.7483 	 2 
230.8644 	 1 
230.9921 	 0 
230.9921 	 2 
230.9921 	 1 
231.2359 	 2 
231.3520 	 1 
231.4681 	 0 
231.4681 	 2 
231.5842 	 1 
231.5958 	 2 
231.7119 	 2 
231.9441 	 2 
231.9557 	 0 
231.9673 	 1 
232.1879 	 2 
232.3156 	 2 
232.3156 	 1 
232.4317 	 0 
232.4317 	 2 
232.6639 	 2 
232.6756 	 1 
232.9078 	 2 
232.9078 	 0 
232.9194 	 1 
233.1516 	 2 
233.2793 	 1 
233.3954 	 2 
233.3954 	 0 
233.5115 	 2 
233.5115 	 1 
233.6392 	 2 
233.8714 	 0 
233.8714 	 2 
233.8714 	 1 
234.1152 	 2 
234.2313 	 1 
234.3474 	 2 
234.3474 	 0 
234.5912 	 2 
234.8350 	 0 
234.8350 	 2 
235.1833 	 1 
235.3110 	 0 
235.3110 	 2 
235.4271 	 1 
235.4387 	 2 
235.5664 	 2 
235.7870 	 2 
235.7870 	 0 
235.7870 	 1 
236.2746 	 2 
236.2746 	 0 
236.7507 	 0 
236.7507 	 2 
236.9945 	 2 
237.2267 	 0 
237.2383 	 2 
237.3544 	 2 
237.7143 	 2 
237.7143 	 1 
237.7143 	 0 
238.0742 	 1 
238.1903 	 0 
238.1903 	 2 
238.4341 	 1 
238.5502 	 1 
238.6663 	 1 
238.6663 	 2 
238.6779 	 0 
238.9101 	 2 
239.0378 	 1 
239.1539 	 0 
239.1539 	 2 
239.2700 	 1 
239.2700 	 2 
239.3977 	 0 
239.3977 	 2 
239.6299 	 1 
239.6299 	 0 
239.6299 	 2 
239.8737 	 2 
239.9898 	 1 
240.1059 	 0 
240.1176 	 2 
240.2337 	 1 
240.3498 	 2 
240.3498 	 1 
240.5936 	 1 
240.5936 	 2 
240.5936 	 0 
240.8258 	 2 
241.0696 	 2 
241.0696 	 0 
241.1973 	 1 
241.1973 	 2 
241.3134 	 2 
241.5456 	 2 
241.5456 	 1 
241.5572 	 0 
241.7894 	 0 
242.0332 	 0 
242.0448 	 2 
242.0448 	 1 
242.2770 	 0 
242.3002 	 2 
