0.0116 	 2 
0.5921 	 0 
0.6037 	 2 
0.6037 	 1 
0.8707 	 2 
0.9985 	 0 
0.9985 	 2 
1.0101 	 1 
1.1378 	 1 
1.1378 	 2 
1.1378 	 0 
1.2771 	 2 
1.4048 	 1 
1.4048 	 2 
1.4048 	 0 
1.5557 	 2 
1.6718 	 1 
1.6718 	 0 
1.6718 	 2 
1.9389 	 0 
1.9505 	 2 
1.9505 	 1 
2.2175 	 2 
2.2175 	 0 
2.2291 	 1 
2.4961 	 2 
2.5078 	 1 
2.5078 	 0 
2.7748 	 2 
2.7748 	 0 
2.7864 	 1 
2.9373 	 2 
3.0534 	 1 
3.0534 	 2 
3.0650 	 0 
3.1927 	 0 
3.1927 	 2 
3.1927 	 1 
3.3205 	 2 
3.3205 	 0 
3.3321 	 1 
3.4598 	 2 
3.4598 	 1 
3.4598 	 0 
3.5875 	 2 
3.5875 	 1 
3.5875 	 0 
3.8545 	 2 
3.8545 	 0 
3.8661 	 1 
4.1215 	 2 
4.1332 	 1 
4.1332 	 0 
4.4002 	 2 
4.4118 	 0 
4.4118 	 1 
4.6788 	 1 
4.6788 	 0 
4.6788 	 2 
4.9575 	 0 
4.9575 	 2 
4.9691 	 1 
5.2477 	 0 
5.2477 	 2 
5.2477 	 1 
5.3754 	 0 
5.3754 	 2 
5.3754 	 1 
5.5147 	 1 
5.5147 	 0 
5.5147 	 2 
5.7585 	 0 
5.7585 	 2 
5.7702 	 1 
6.0256 	 0 
6.0372 	 2 
6.0372 	 1 
6.3042 	 2 
6.3042 	 1 
6.3042 	 0 
6.5712 	 1 
6.5712 	 0 
6.5712 	 2 
6.8499 	 2 
6.8499 	 0 
6.8615 	 1 
7.1285 	 1 
7.1285 	 2 
7.1285 	 0 
7.4072 	 2 
7.4072 	 1 
7.4188 	 0 
7.5233 	 2 
7.5349 	 0 
7.5349 	 1 
7.6626 	 0 
7.6742 	 2 
7.6742 	 1 
7.8135 	 2 
7.8251 	 0 
7.8251 	 1 
7.9528 	 1 
7.9528 	 2 
7.9528 	 0 
8.2199 	 2 
8.2199 	 0 
8.2199 	 1 
8.3360 	 1 
8.3476 	 0 
8.3476 	 2 
8.4753 	 0 
8.4753 	 1 
8.4753 	 2 
8.7539 	 1 
8.7539 	 2 
8.7539 	 0 
9.0326 	 2 
9.0326 	 0 
9.0326 	 1 
9.2996 	 0 
9.3112 	 2 
9.3112 	 1 
9.5782 	 2 
9.5782 	 1 
9.5898 	 0 
9.7059 	 0 
9.7059 	 2 
9.7059 	 1 
9.8453 	 1 
9.8453 	 2 
9.8453 	 0 
9.9846 	 2 
9.9846 	 1 
9.9962 	 0 
10.1123 	 2 
10.1123 	 1 
10.1123 	 0 
10.3677 	 0 
10.3793 	 2 
10.3793 	 1 
10.6463 	 0 
10.6580 	 2 
10.6580 	 1 
10.9482 	 1 
10.9482 	 0 
10.9482 	 2 
11.2268 	 2 
11.2268 	 0 
11.2268 	 1 
11.4823 	 2 
11.4823 	 0 
11.4823 	 1 
11.6216 	 2 
11.7841 	 0 
11.7841 	 2 
11.7841 	 1 
11.9002 	 2 
11.9002 	 0 
11.9118 	 1 
12.0395 	 0 
12.0512 	 1 
12.0512 	 2 
12.1905 	 1 
12.1905 	 2 
12.1905 	 0 
12.3066 	 0 
12.3182 	 1 
12.3182 	 2 
12.5852 	 0 
12.5852 	 2 
12.5968 	 1 
12.7478 	 2 
12.8639 	 1 
12.8639 	 2 
12.8755 	 0 
13.1309 	 2 
13.1309 	 0 
13.1425 	 1 
13.4211 	 2 
13.4211 	 0 
13.4211 	 1 
13.6882 	 0 
13.6882 	 2 
13.6882 	 1 
13.8275 	 2 
13.9668 	 2 
13.9668 	 1 
13.9668 	 0 
14.0945 	 1 
14.0945 	 2 
14.0945 	 0 
14.2338 	 2 
14.2338 	 0 
14.2338 	 1 
14.3732 	 2 
14.3732 	 0 
14.3848 	 1 
14.4893 	 0 
14.4893 	 1 
14.4893 	 2 
14.7563 	 0 
14.7563 	 2 
14.7679 	 1 
15.0349 	 2 
15.0349 	 0 
15.0349 	 1 
15.3252 	 0 
15.3252 	 1 
15.3368 	 2 
15.5922 	 2 
15.5922 	 0 
15.6038 	 1 
15.8592 	 0 
15.8708 	 2 
15.8708 	 1 
16.1263 	 2 
16.2656 	 2 
16.2772 	 0 
16.2772 	 1 
16.3933 	 2 
16.3933 	 0 
16.4049 	 1 
16.5442 	 1 
16.5442 	 2 
16.5558 	 0 
16.6487 	 1 
16.6603 	 2 
16.8112 	 0 
16.8229 	 1 
16.8229 	 2 
16.9506 	 1 
16.9506 	 2 
16.9506 	 0 
17.2176 	 2 
17.2176 	 0 
17.2292 	 1 
17.3453 	 0 
17.3569 	 2 
17.3569 	 1 
17.4846 	 1 
17.4962 	 2 
17.7749 	 1 
18.0419 	 2 
18.0419 	 0 
18.0419 	 1 
18.1812 	 2 
18.1812 	 0 
18.2973 	 2 
18.3089 	 1 
18.3089 	 0 
18.4483 	 0 
18.4483 	 2 
18.4599 	 1 
18.5876 	 1 
18.5876 	 2 
18.5876 	 0 
18.7269 	 0 
18.7269 	 1 
18.7269 	 2 
18.8546 	 2 
18.8546 	 0 
18.8546 	 1 
19.1216 	 1 
19.1216 	 0 
19.1216 	 2 
19.3887 	 2 
19.3887 	 0 
19.4003 	 1 
19.6557 	 2 
19.6557 	 0 
19.6557 	 1 
19.9227 	 2 
19.9343 	 0 
19.9343 	 1 
20.2130 	 1 
20.2130 	 2 
20.2130 	 0 
20.4684 	 2 
20.4800 	 1 
20.4800 	 0 
20.6077 	 1 
20.6077 	 0 
20.6077 	 2 
20.7586 	 1 
20.7586 	 0 
20.7586 	 2 
20.8980 	 0 
20.8980 	 1 
20.8980 	 2 
21.0141 	 2 
21.0141 	 0 
21.0257 	 1 
21.2927 	 2 
21.2927 	 0 
21.3043 	 1 
21.4552 	 2 
21.5713 	 2 
21.5713 	 0 
21.5829 	 1 
21.6990 	 1 
21.6990 	 0 
21.6990 	 2 
21.8268 	 2 
21.8384 	 1 
21.8384 	 0 
22.4189 	 1 
22.4189 	 0 
22.4189 	 2 
22.5698 	 2 
22.6975 	 2 
22.6975 	 1 
22.7091 	 0 
22.8252 	 0 
22.8252 	 2 
22.8368 	 1 
22.9645 	 0 
22.9645 	 1 
22.9645 	 2 
23.1039 	 2 
23.1155 	 0 
23.2316 	 2 
23.4986 	 2 
23.4986 	 0 
23.5102 	 1 
23.7772 	 0 
23.7772 	 2 
23.7888 	 1 
24.0559 	 2 
24.0559 	 0 
24.0675 	 1 
24.3345 	 0 
24.3345 	 2 
24.3345 	 1 
24.5899 	 2 
24.5899 	 0 
24.6015 	 1 
24.8802 	 2 
24.8918 	 1 
25.0079 	 0 
25.0079 	 1 
25.0079 	 2 
25.1472 	 1 
25.1472 	 0 
25.1472 	 2 
25.2865 	 0 
25.2865 	 2 
25.2981 	 1 
25.4142 	 2 
25.4142 	 0 
25.4142 	 1 
25.6813 	 0 
25.6929 	 2 
25.6929 	 1 
25.9483 	 1 
25.9599 	 0 
25.9715 	 2 
26.0760 	 2 
26.0760 	 1 
26.0760 	 0 
26.1573 	 2 
26.2502 	 1 
26.2502 	 0 
26.2502 	 2 
26.3779 	 1 
26.3779 	 0 
26.3779 	 2 
26.5056 	 0 
26.5172 	 1 
26.5172 	 2 
26.6449 	 0 
26.6449 	 1 
26.6449 	 2 
26.7726 	 2 
26.7726 	 0 
26.7726 	 1 
26.9235 	 2 
26.9235 	 0 
26.9351 	 1 
27.1790 	 0 
27.1906 	 2 
27.1906 	 1 
27.4576 	 2 
27.4576 	 0 
27.4576 	 1 
27.5737 	 2 
27.5853 	 0 
28.2935 	 1 
28.2935 	 0 
28.3980 	 2 
28.3980 	 0 
28.4096 	 1 
28.5489 	 0 
28.5489 	 1 
28.5489 	 2 
28.6766 	 0 
28.6883 	 1 
28.6883 	 2 
28.8160 	 1 
28.8160 	 2 
28.8160 	 0 
28.9321 	 2 
28.9321 	 1 
29.0946 	 2 
29.0946 	 0 
29.3500 	 0 
29.3500 	 2 
29.3500 	 1 
29.4429 	 2 
29.6171 	 0 
29.6171 	 1 
29.6171 	 2 
29.7680 	 2 
29.8957 	 2 
29.8957 	 0 
29.9073 	 1 
30.0466 	 2 
30.0466 	 0 
30.0466 	 1 
30.1976 	 2 
30.1976 	 0 
30.2092 	 1 
30.3253 	 2 
30.3253 	 0 
30.3253 	 1 
30.4530 	 2 
30.4530 	 1 
30.4530 	 0 
30.5923 	 1 
30.6039 	 2 
31.1496 	 1 
31.1496 	 2 
31.1496 	 0 
31.3005 	 2 
31.4166 	 2 
31.5443 	 0 
31.5443 	 2 
31.5443 	 1 
31.6836 	 2 
31.6836 	 1 
31.6836 	 0 
31.8113 	 2 
31.8229 	 0 
31.9390 	 1 
31.9390 	 0 
31.9390 	 2 
32.2177 	 1 
32.2177 	 0 
32.2177 	 2 
32.4731 	 0 
32.4847 	 1 
32.4847 	 2 
32.7634 	 0 
32.7634 	 1 
32.7634 	 2 
33.0304 	 0 
33.0304 	 2 
33.0420 	 1 
33.3090 	 2 
33.3090 	 1 
33.3090 	 0 
33.4716 	 2 
33.5993 	 0 
33.5993 	 1 
33.5993 	 2 
33.7154 	 2 
33.7270 	 0 
33.7270 	 1 
33.8547 	 1 
33.8547 	 2 
33.8547 	 0 
33.9940 	 2 
33.9940 	 1 
34.0056 	 0 
34.1217 	 0 
34.1217 	 1 
34.1217 	 2 
34.3888 	 0 
34.4004 	 1 
34.4004 	 2 
34.6558 	 2 
34.6674 	 1 
34.6674 	 0 
34.8299 	 2 
34.9460 	 2 
34.9460 	 1 
34.9460 	 0 
35.2247 	 2 
35.2247 	 0 
35.2247 	 1 
35.4917 	 0 
35.5033 	 2 
35.5033 	 1 
35.6659 	 2 
35.7936 	 1 
35.7936 	 0 
35.7936 	 2 
35.9097 	 2 
35.9213 	 1 
35.9213 	 0 
36.0490 	 0 
36.0490 	 1 
36.0490 	 2 
36.1999 	 2 
36.1999 	 1 
36.2115 	 0 
36.3044 	 0 
36.3160 	 2 
36.3160 	 1 
36.5830 	 2 
36.5830 	 0 
36.5830 	 1 
36.8501 	 0 
36.8501 	 2 
36.8617 	 1 
37.1287 	 0 
37.1287 	 1 
37.1403 	 2 
37.4073 	 0 
37.4073 	 1 
37.4073 	 2 
37.6744 	 0 
37.6744 	 2 
37.6860 	 1 
37.8369 	 2 
37.9530 	 2 
37.9646 	 1 
37.9762 	 0 
38.0923 	 1 
38.0923 	 2 
38.0923 	 0 
38.2200 	 0 
38.2200 	 2 
38.2317 	 1 
38.3594 	 2 
38.3594 	 1 
38.4871 	 0 
38.4871 	 2 
38.4871 	 1 
38.7541 	 0 
38.7541 	 2 
38.7657 	 1 
38.9050 	 2 
38.9050 	 1 
38.9050 	 0 
39.0327 	 1 
39.0327 	 2 
39.0327 	 0 
39.3114 	 2 
39.3114 	 0 
39.3230 	 1 
39.8571 	 0 
39.8687 	 2 
39.8687 	 1 
40.0196 	 2 
40.1357 	 2 
40.1473 	 0 
40.1473 	 1 
40.2634 	 1 
40.2634 	 2 
40.2634 	 0 
40.4027 	 1 
40.4027 	 0 
40.4027 	 2 
40.5420 	 1 
40.5420 	 0 
40.5420 	 2 
40.6698 	 2 
40.6698 	 1 
40.6698 	 0 
40.8091 	 2 
40.9368 	 2 
40.9368 	 1 
40.9368 	 0 
41.2038 	 2 
41.2038 	 0 
41.2154 	 1 
41.4941 	 2 
41.4941 	 1 
41.4941 	 0 
41.7611 	 1 
41.7611 	 0 
41.7611 	 2 
42.0281 	 2 
42.0281 	 0 
42.0397 	 1 
42.1907 	 2 
42.3184 	 0 
42.3184 	 1 
42.3184 	 2 
42.4345 	 2 
42.4461 	 0 
42.4461 	 1 
42.5738 	 2 
42.5738 	 0 
42.5738 	 1 
42.7015 	 2 
42.7015 	 1 
42.7131 	 0 
42.8292 	 1 
42.8292 	 0 
42.8408 	 2 
43.1078 	 0 
43.1078 	 2 
43.1195 	 1 
43.3865 	 1 
43.3865 	 0 
43.3865 	 2 
43.6651 	 1 
43.6651 	 0 
43.6651 	 2 
43.9438 	 2 
43.9554 	 1 
43.9554 	 0 
44.2224 	 1 
44.2224 	 0 
44.2224 	 2 
44.3849 	 2 
44.5010 	 2 
44.5127 	 0 
44.5127 	 1 
44.6288 	 2 
44.6288 	 0 
44.6288 	 1 
44.7681 	 2 
44.7681 	 1 
44.7681 	 0 
44.9074 	 2 
44.9074 	 1 
44.9074 	 0 
45.0235 	 2 
45.0235 	 0 
45.0351 	 1 
45.1628 	 2 
45.1744 	 0 
45.1744 	 1 
45.3021 	 0 
45.3021 	 1 
45.3021 	 2 
45.5692 	 0 
45.5692 	 1 
45.5692 	 2 
45.8362 	 0 
45.8362 	 2 
45.8478 	 1 
46.1148 	 2 
46.1148 	 0 
46.1148 	 1 
46.3819 	 1 
46.3819 	 0 
46.3819 	 2 
46.4515 	 2 
46.6605 	 2 
46.6721 	 1 
46.6721 	 0 
46.7882 	 0 
46.7882 	 2 
46.7882 	 1 
46.9275 	 1 
46.9275 	 2 
46.9275 	 0 
47.0668 	 1 
47.0668 	 2 
47.0668 	 0 
47.2062 	 2 
47.2062 	 0 
47.2062 	 1 
47.3339 	 1 
47.3339 	 2 
47.3339 	 0 
47.4616 	 0 
47.4616 	 1 
47.4616 	 2 
47.6009 	 2 
47.7402 	 0 
47.7402 	 2 
48.0073 	 1 
48.0073 	 2 
