0.0232 	 0 
0.2902 	 1 
0.5573 	 2 
0.5573 	 1 
0.8243 	 2 
1.0913 	 2 
1.1029 	 0 
1.3700 	 2 
1.6254 	 2 
1.6486 	 1 
1.8576 	 2 
2.0201 	 2 
2.1827 	 0 
2.4497 	 2 
2.7167 	 2 
2.7283 	 1 
2.9954 	 2 
3.2740 	 0 
3.5410 	 2 
3.8081 	 2 
3.8313 	 1 
3.9706 	 1 
4.0983 	 2 
4.1564 	 1 
4.3654 	 2 
4.3770 	 0 
4.5163 	 1 
4.5279 	 2 
4.6440 	 1 
4.8994 	 2 
4.9226 	 1 
5.1897 	 2 
5.4683 	 2 
5.4683 	 0 
6.0256 	 1 
6.2810 	 2 
6.5480 	 2 
6.5596 	 0 
6.8267 	 2 
7.0937 	 2 
7.1053 	 1 
7.3839 	 2 
7.6510 	 2 
7.6626 	 0 
7.9180 	 2 
8.1850 	 2 
8.1966 	 1 
8.4637 	 2 
8.7307 	 2 
8.7539 	 0 
9.0093 	 1 
9.0093 	 2 
9.2764 	 2 
9.2764 	 1 
9.5550 	 2 
9.5666 	 1 
9.8337 	 2 
9.8337 	 0 
10.1123 	 2 
10.3561 	 2 
10.3793 	 1 
10.3793 	 2 
10.6463 	 2 
10.6580 	 1 
10.9134 	 2 
10.9366 	 0 
11.1920 	 2 
11.4590 	 2 
11.4707 	 1 
11.6216 	 1 
11.7377 	 2 
11.7493 	 1 
12.0047 	 2 
12.0163 	 1 
12.0279 	 0 
12.2950 	 2 
12.5620 	 2 
12.5736 	 1 
12.8290 	 2 
