0.0464 	 1 
0.1509 	 1 
0.4296 	 0 
0.6966 	 1 
0.9868 	 1 
1.2539 	 1 
1.5325 	 1 
1.7995 	 1 
2.0898 	 1 
2.2407 	 1 
2.3452 	 2 
2.3568 	 1 
2.6122 	 1 
2.7748 	 1 
2.8793 	 0 
2.8793 	 2 
3.1695 	 1 
3.3205 	 1 
3.4249 	 1 
3.6107 	 1 
3.7036 	 1 
3.9938 	 2 
4.1448 	 1 
4.3770 	 1 
4.5047 	 1 
4.5047 	 2 
4.6904 	 1 
4.7949 	 1 
4.7949 	 2 
5.0503 	 1 
5.2477 	 1 
5.3406 	 1 
5.6076 	 2 
5.7818 	 1 
5.8746 	 1 
5.8863 	 2 
6.0372 	 1 
6.1301 	 0 
6.1417 	 2 
6.4203 	 1 
6.4203 	 2 
6.5596 	 1 
6.6757 	 1 
6.6757 	 2 
6.8615 	 1 
6.9544 	 1 
7.2098 	 2 
7.4304 	 1 
7.5117 	 1 
7.7090 	 1 
7.7787 	 1 
7.7903 	 2 
7.9528 	 1 
8.0341 	 1 
8.2315 	 0 
8.3244 	 2 
8.5101 	 1 
8.6030 	 1 
8.7539 	 1 
8.8700 	 2 
8.9629 	 1 
9.0558 	 1 
9.1487 	 0 
9.6015 	 1 
9.9730 	 2 
10.1587 	 1 
10.2516 	 2 
10.2516 	 1 
10.5302 	 2 
10.5419 	 1 
10.6928 	 1 
10.7973 	 1 
11.0643 	 2 
11.0643 	 1 
11.2385 	 1 
11.3429 	 1 
11.6100 	 2 
11.7841 	 1 
11.8770 	 2 
11.8886 	 1 
12.1440 	 2 
12.3298 	 1 
12.4227 	 1 
12.6897 	 2 
12.7013 	 1 
12.8639 	 1 
12.9683 	 1 
13.1309 	 1 
13.2354 	 2 
13.4211 	 1 
13.5140 	 2 
13.5140 	 1 
13.7810 	 2 
13.9552 	 1 
14.0481 	 1 
14.3267 	 2 
14.5125 	 1 
14.5937 	 2 
14.6054 	 1 
14.8608 	 2 
14.8724 	 1 
15.0465 	 1 
15.1510 	 1 
15.4064 	 2 
15.5806 	 1 
15.6851 	 1 
15.9521 	 2 
16.1495 	 1 
16.2424 	 1 
16.5094 	 2 
16.6951 	 1 
16.7880 	 1 
17.0551 	 1 
17.0551 	 2 
17.2408 	 1 
17.3337 	 1 
17.3337 	 2 
17.4962 	 1 
17.6007 	 1 
17.6007 	 2 
17.7168 	 1 
17.8561 	 0 
17.8678 	 2 
18.1348 	 2 
18.3322 	 1 
18.4250 	 1 
18.6805 	 2 
18.6921 	 1 
18.8778 	 1 
18.9707 	 1 
19.2377 	 2 
19.4119 	 1 
19.5048 	 1 
19.7718 	 1 
19.7834 	 2 
19.9692 	 1 
20.0620 	 1 
20.3175 	 2 
20.3291 	 1 
20.5148 	 1 
20.6077 	 1 
20.8747 	 2 
21.0489 	 1 
21.1418 	 1 
21.4088 	 2 
21.4204 	 1 
21.5946 	 1 
21.6874 	 1 
21.9545 	 1 
21.9545 	 2 
22.1402 	 1 
22.2331 	 1 
22.4885 	 2 
22.6627 	 1 
22.7556 	 1 
22.9181 	 1 
23.0226 	 2 
23.3128 	 1 
23.5683 	 1 
23.5799 	 2 
23.7540 	 1 
23.8585 	 1 
23.8585 	 2 
24.0094 	 1 
24.1023 	 2 
24.2881 	 1 
24.3810 	 1 
24.6480 	 0 
24.6596 	 2 
24.8454 	 1 
24.9382 	 1 
25.2169 	 2 
25.5071 	 1 
25.6697 	 0 
25.7741 	 2 
25.9483 	 1 
26.0528 	 1 
26.2037 	 1 
26.3082 	 2 
26.5056 	 1 
26.5868 	 0 
26.5868 	 2 
26.8655 	 1 
26.8655 	 2 
27.0512 	 1 
27.1557 	 1 
27.4228 	 2 
27.6085 	 1 
27.7014 	 1 
27.9684 	 2 
28.1658 	 1 
28.2587 	 1 
28.5025 	 2 
28.6999 	 1 
28.7811 	 1 
29.0598 	 2 
29.2339 	 1 
29.3268 	 1 
29.5938 	 2 
29.6054 	 1 
29.7912 	 1 
29.8725 	 1 
30.1279 	 2 
30.3137 	 1 
30.3949 	 1 
30.6736 	 2 
30.8593 	 1 
30.9522 	 1 
31.2192 	 2 
31.4050 	 1 
31.4979 	 1 
31.7649 	 2 
31.9390 	 1 
32.0319 	 1 
32.3106 	 1 
32.3106 	 2 
32.4963 	 1 
32.5892 	 1 
32.8562 	 1 
32.8562 	 2 
33.0420 	 1 
33.1349 	 1 
33.2858 	 1 
33.3787 	 2 
33.5877 	 1 
33.6805 	 1 
33.9360 	 2 
33.9476 	 1 
34.1217 	 1 
34.2146 	 1 
34.4816 	 2 
34.6674 	 1 
34.7603 	 1 
34.9228 	 1 
35.0273 	 1 
35.0273 	 2 
35.1202 	 1 
35.2015 	 1 
35.2943 	 0 
35.5846 	 2 
35.7471 	 1 
36.1186 	 2 
36.3160 	 1 
36.3973 	 1 
36.6759 	 2 
36.6875 	 1 
36.8617 	 1 
36.9546 	 1 
37.2216 	 2 
37.4190 	 1 
37.5002 	 1 
37.7673 	 1 
37.7789 	 2 
38.0459 	 1 
38.3245 	 2 
38.3361 	 1 
38.5103 	 1 
38.6032 	 1 
38.7657 	 1 
38.8586 	 2 
39.0560 	 1 
39.1488 	 1 
39.4159 	 2 
39.5900 	 1 
39.6945 	 1 
39.9499 	 2 
40.1589 	 1 
40.2402 	 1 
40.5072 	 1 
40.5072 	 2 
40.6814 	 1 
40.7626 	 1 
40.7742 	 2 
40.9252 	 1 
41.0297 	 2 
41.2270 	 1 
41.3199 	 1 
41.5869 	 1 
41.8656 	 1 
42.1210 	 2 
42.1210 	 1 
42.4112 	 1 
42.5738 	 1 
42.6783 	 1 
42.6899 	 2 
42.8524 	 1 
42.9569 	 0 
43.2239 	 1 
43.5142 	 1 
43.6767 	 1 
43.7928 	 2 
43.9786 	 1 
44.0715 	 1 
44.2456 	 2 
44.2572 	 1 
44.3501 	 2 
44.3501 	 0 
44.5591 	 1 
44.6520 	 1 
44.7913 	 1 
44.8958 	 2 
45.1744 	 1 
45.4647 	 2 
45.6156 	 1 
45.7201 	 1 
45.8594 	 1 
45.9755 	 2 
46.1729 	 1 
46.2541 	 1 
46.4399 	 0 
46.5328 	 2 
46.7069 	 1 
46.7998 	 1 
47.0668 	 2 
47.2410 	 1 
47.3223 	 1 
47.5080 	 1 
47.6009 	 2 
47.8679 	 1 
48.0305 	 1 
48.1350 	 2 
48.3207 	 1 
48.4252 	 2 
48.4252 	 1 
48.5761 	 1 
48.6922 	 2 
48.6922 	 0 
48.9012 	 1 
48.9709 	 1 
49.1218 	 1 
49.2263 	 2 
49.4237 	 1 
49.5049 	 1 
49.7952 	 2 
49.9693 	 1 
50.0622 	 1 
50.2015 	 1 
50.5034 	 1 
50.5963 	 1 
50.7704 	 0 
50.8633 	 2 
51.0607 	 1 
51.1536 	 1 
51.3045 	 1 
51.4206 	 2 
51.5135 	 1 
51.5947 	 1 
51.6876 	 0 
51.9663 	 0 
51.9779 	 2 
52.2565 	 1 
52.4074 	 1 
52.5119 	 0 
52.5119 	 2 
52.7906 	 1 
52.7906 	 2 
52.9531 	 1 
53.0576 	 2 
53.0692 	 1 
53.2666 	 1 
53.3595 	 1 
53.3595 	 2 
53.4988 	 1 
53.6149 	 2 
53.7890 	 1 
53.8935 	 1 
54.1722 	 2 
54.3579 	 1 
54.4392 	 1 
54.5901 	 1 
54.6946 	 2 
54.9732 	 1 
55.1590 	 0 
55.2519 	 2 
55.5189 	 1 
55.7743 	 1 
55.7859 	 2 
56.0646 	 1 
56.3316 	 2 
56.3316 	 0 
56.6102 	 1 
56.7728 	 1 
56.8657 	 2 
57.0630 	 1 
57.1559 	 1 
57.3185 	 1 
57.4229 	 2 
57.4229 	 0 
57.8525 	 1 
57.9570 	 2 
58.1312 	 1 
58.2124 	 1 
58.4911 	 2 
58.7813 	 1 
58.9322 	 1 
59.0483 	 2 
59.2341 	 1 
59.3154 	 1 
59.5011 	 0 
59.5940 	 2 
59.8727 	 1 
60.0236 	 1 
60.1397 	 2 
60.2442 	 1 
60.3254 	 1 
60.4299 	 0 
60.6970 	 2 
60.8479 	 1 
61.2310 	 1 
61.2426 	 2 
61.5097 	 1 
61.7883 	 2 
61.7883 	 1 
62.0553 	 2 
62.0669 	 1 
62.3340 	 1 
62.3340 	 2 
62.5197 	 1 
62.6126 	 1 
62.8796 	 1 
62.8796 	 2 
63.0654 	 1 
63.1467 	 1 
63.4137 	 1 
63.4137 	 2 
63.5995 	 1 
63.6923 	 1 
63.9478 	 2 
64.1451 	 1 
64.2380 	 1 
64.2380 	 2 
64.4005 	 1 
64.5050 	 2 
64.6908 	 1 
64.7837 	 0 
65.0391 	 2 
65.2249 	 1 
65.3177 	 1 
65.5848 	 2 
65.7705 	 1 
65.8634 	 2 
65.8634 	 1 
66.0259 	 1 
66.1188 	 2 
66.3162 	 1 
66.4091 	 1 
66.6761 	 2 
66.8619 	 1 
66.9547 	 1 
67.2102 	 2 
67.3959 	 1 
67.4888 	 1 
67.7558 	 2 
67.7558 	 1 
67.9532 	 1 
68.0345 	 1 
68.1970 	 1 
68.3015 	 2 
68.4873 	 1 
68.5801 	 2 
68.5801 	 1 
68.8356 	 1 
68.8356 	 2 
69.0445 	 1 
69.1258 	 0 
69.3928 	 2 
69.5786 	 1 
69.9269 	 1 
69.9269 	 2 
70.1243 	 1 
70.2171 	 1 
70.4842 	 1 
70.4842 	 2 
70.6583 	 1 
70.7628 	 1 
71.0298 	 2 
71.2040 	 1 
71.3085 	 1 
71.5755 	 2 
71.7613 	 1 
71.8541 	 1 
72.1328 	 2 
72.3069 	 1 
72.3998 	 1 
72.6668 	 2 
72.6668 	 0 
72.8410 	 1 
72.9455 	 1 
73.0964 	 1 
73.2009 	 2 
73.3054 	 1 
73.3867 	 1 
73.4795 	 0 
73.7466 	 1 
73.7466 	 2 
73.9323 	 1 
74.0252 	 1 
74.2922 	 2 
74.4896 	 1 
74.5825 	 1 
74.8611 	 2 
75.0469 	 1 
75.1398 	 1 
75.4068 	 2 
75.5926 	 1 
75.6738 	 1 
75.9525 	 2 
75.9525 	 1 
76.1382 	 1 
76.2311 	 1 
76.3937 	 1 
76.4749 	 2 
76.6607 	 1 
76.7536 	 1 
76.7536 	 2 
77.0206 	 2 
77.2992 	 1 
77.4502 	 1 
77.8333 	 0 
78.1235 	 2 
78.2977 	 1 
78.6692 	 2 
78.9711 	 1 
79.2381 	 2 
79.2381 	 1 
79.4355 	 1 
79.5283 	 1 
79.7838 	 2 
79.9811 	 1 
80.0740 	 1 
80.3294 	 2 
80.5152 	 1 
80.6081 	 1 
80.8635 	 2 
80.8751 	 1 
81.0493 	 1 
81.1421 	 1 
81.3859 	 2 
81.5949 	 1 
81.6762 	 1 
81.9432 	 2 
81.9548 	 1 
82.1290 	 1 
82.2219 	 1 
82.4773 	 2 
82.4889 	 0 
82.6746 	 1 
82.7791 	 1 
83.0346 	 2 
83.2203 	 1 
83.3132 	 1 
83.5802 	 2 
83.7776 	 1 
83.8705 	 1 
84.1259 	 1 
84.1259 	 2 
84.3233 	 1 
84.4161 	 1 
84.6716 	 2 
84.6716 	 1 
84.8573 	 1 
84.9502 	 1 
85.1011 	 1 
85.1940 	 2 
85.3914 	 1 
85.4843 	 1 
85.7397 	 2 
85.7513 	 1 
85.9487 	 1 
86.0532 	 1 
86.1925 	 1 
86.3086 	 2 
86.3202 	 1 
86.4015 	 1 
86.4943 	 1 
86.5756 	 0 
86.8542 	 2 
87.0400 	 1 
87.1445 	 2 
87.1445 	 1 
87.3999 	 2 
87.4115 	 1 
87.5973 	 1 
87.6902 	 1 
87.9456 	 2 
87.9572 	 1 
88.1429 	 1 
88.2358 	 1 
88.4912 	 2 
88.6886 	 1 
88.7699 	 1 
89.0485 	 2 
89.0485 	 1 
89.2459 	 1 
89.3388 	 1 
89.5942 	 0 
89.5942 	 2 
89.7916 	 1 
89.8844 	 1 
90.1515 	 2 
90.4301 	 1 
90.6971 	 2 
90.6971 	 1 
90.8829 	 1 
90.9758 	 1 
91.1267 	 1 
91.2196 	 2 
91.2312 	 1 
91.4054 	 1 
91.5098 	 1 
91.7769 	 1 
91.7769 	 2 
91.9626 	 1 
92.0555 	 1 
92.3225 	 2 
92.5083 	 1 
92.6012 	 1 
92.7521 	 1 
92.8566 	 2 
93.1352 	 1 
93.4023 	 1 
93.4139 	 2 
93.5880 	 1 
93.6925 	 1 
93.8318 	 1 
93.9479 	 1 
94.1569 	 1 
94.2382 	 1 
94.4936 	 2 
94.4936 	 0 
94.7839 	 1 
94.9464 	 1 
95.0509 	 2 
95.3295 	 1 
95.4921 	 1 
95.5966 	 0 
95.6082 	 2 
95.8868 	 1 
96.0377 	 1 
96.1538 	 2 
96.1771 	 1 
96.3396 	 1 
96.4441 	 1 
96.7111 	 2 
96.9781 	 1 
97.1291 	 1 
97.2452 	 2 
97.4309 	 1 
97.5354 	 1 
97.7212 	 0 
97.8141 	 2 
98.0927 	 1 
98.2552 	 1 
98.3481 	 2 
98.6268 	 2 
98.6268 	 1 
98.8938 	 0 
98.9054 	 2 
99.1724 	 1 
99.1724 	 2 
99.4395 	 2 
99.6252 	 1 
99.7181 	 1 
99.8690 	 1 
99.9735 	 2 
100.1709 	 1 
100.2522 	 2 
100.2638 	 1 
100.4031 	 1 
100.5308 	 2 
100.6933 	 1 
100.6933 	 2 
100.7978 	 1 
101.0649 	 2 
101.3551 	 1 
101.4828 	 1 
101.6105 	 2 
101.7731 	 2 
101.7847 	 1 
101.8892 	 1 
102.0517 	 2 
102.0517 	 0 
102.1446 	 2 
