0.5805 	 0 
0.5921 	 2 
1.1378 	 0 
1.1494 	 2 
1.6834 	 2 
2.2175 	 0 
2.2407 	 2 
2.7864 	 2 
3.3321 	 2 
3.8545 	 2 
3.8545 	 0 
3.8545 	 1 
4.1099 	 0 
4.1215 	 2 
4.3770 	 1 
4.3770 	 0 
4.3886 	 2 
4.9226 	 2 
4.9226 	 1 
5.4915 	 2 
6.0256 	 0 
6.0256 	 1 
6.0372 	 2 
6.5596 	 0 
6.5712 	 2 
7.1169 	 2 
7.1169 	 0 
7.6742 	 2 
8.2199 	 2 
8.3476 	 2 
8.7655 	 1 
8.7771 	 2 
8.7771 	 0 
9.2996 	 0 
9.3112 	 2 
9.8453 	 0 
9.8453 	 2 
10.3909 	 0 
10.3909 	 1 
10.4025 	 2 
10.9482 	 1 
10.9598 	 2 
11.2268 	 2 
11.4823 	 1 
11.4939 	 0 
11.4939 	 2 
12.0279 	 2 
12.5736 	 0 
12.5736 	 1 
12.5852 	 2 
12.7478 	 2 
13.1193 	 1 
13.1309 	 2 
13.6649 	 1 
13.6649 	 0 
13.6766 	 2 
14.0365 	 2 
14.2222 	 2 
14.7563 	 2 
14.7563 	 1 
14.7563 	 0 
15.3020 	 2 
15.3020 	 0 
15.7199 	 2 
15.8476 	 1 
15.8476 	 0 
15.8592 	 2 
16.2075 	 2 
16.3585 	 2 
16.3933 	 2 
16.4049 	 1 
16.8229 	 2 
16.9157 	 1 
16.9273 	 0 
16.9390 	 2 
17.5078 	 2 
18.0303 	 2 
18.5876 	 2 
18.7385 	 2 
19.1216 	 1 
19.1332 	 0 
19.1332 	 2 
19.6789 	 2 
20.2130 	 1 
20.2130 	 0 
20.2130 	 2 
20.7586 	 0 
20.7702 	 2 
21.2811 	 1 
21.2927 	 0 
21.2927 	 2 
21.8384 	 2 
22.3724 	 2 
22.3724 	 1 
22.9529 	 2 
23.2200 	 2 
23.4986 	 0 
23.4986 	 1 
23.5102 	 2 
23.7888 	 0 
24.0327 	 0 
24.0443 	 1 
24.0443 	 2 
24.3229 	 2 
24.5899 	 2 
25.1240 	 2 
25.1240 	 0 
25.1240 	 1 
25.6697 	 0 
25.6697 	 1 
25.6813 	 2 
26.2037 	 0 
26.2269 	 2 
26.7610 	 0 
26.7726 	 2 
27.3067 	 1 
27.3183 	 2 
27.8523 	 2 
27.8523 	 0 
27.8523 	 1 
28.4096 	 2 
28.9437 	 0 
28.9437 	 1 
28.9437 	 2 
29.3965 	 1 
29.3965 	 2 
29.4893 	 2 
30.0466 	 0 
30.0466 	 2 
30.0466 	 1 
30.5923 	 0 
30.6039 	 2 
31.1263 	 2 
31.5559 	 2 
31.6604 	 0 
31.6604 	 2 
32.2061 	 0 
32.2061 	 2 
32.2061 	 1 
32.7634 	 2 
33.2858 	 2 
33.2858 	 1 
33.2858 	 0 
33.8431 	 0 
33.8547 	 2 
34.4352 	 2 
34.6790 	 2 
34.8183 	 2 
