0.4876 	 0 
0.4876 	 1 
0.4992 	 2 
0.6734 	 2 
0.6850 	 0 
0.8359 	 2 
0.8475 	 0 
0.8475 	 1 
1.0101 	 0 
1.0101 	 2 
1.0101 	 1 
1.1726 	 0 
1.2307 	 2 
1.6022 	 2 
1.6138 	 1 
1.7415 	 2 
1.7415 	 1 
2.8561 	 2 
2.8561 	 1 
2.8677 	 0 
3.9590 	 2 
3.9822 	 1 
3.9822 	 0 
4.3537 	 1 
4.9110 	 0 
4.9110 	 2 
5.0736 	 2 
5.0852 	 1 
5.0852 	 0 
5.2477 	 0 
5.6076 	 2 
5.6192 	 0 
6.1765 	 2 
6.1765 	 0 
6.1881 	 1 
6.7222 	 1 
7.2678 	 2 
7.2678 	 1 
7.2795 	 0 
7.8251 	 2 
8.3592 	 0 
8.3592 	 1 
8.3592 	 2 
9.2415 	 2 
9.4041 	 2 
9.4157 	 0 
9.4273 	 1 
10.0194 	 1 
10.5186 	 0 
10.5186 	 1 
10.5186 	 2 
11.0643 	 2 
11.4126 	 2 
11.6100 	 2 
12.1673 	 1 
12.1789 	 2 
12.1789 	 0 
12.7245 	 1 
12.7245 	 2 
12.7361 	 0 
13.2702 	 2 
13.6301 	 2 
13.7927 	 2 
13.8043 	 1 
14.8724 	 2 
14.8840 	 1 
14.8840 	 0 
15.4180 	 0 
15.4180 	 2 
15.4297 	 1 
15.9753 	 2 
16.5210 	 2 
17.0667 	 2 
17.6007 	 2 
17.6007 	 0 
17.6123 	 1 
17.9606 	 1 
17.9606 	 2 
17.9722 	 0 
18.1348 	 2 
18.1464 	 1 
18.1464 	 0 
18.6108 	 1 
18.6805 	 2 
18.6921 	 0 
19.2377 	 2 
19.7718 	 0 
19.7834 	 2 
20.8631 	 2 
21.4204 	 0 
21.4204 	 2 
21.4320 	 1 
22.3260 	 2 
22.3376 	 0 
22.3376 	 1 
22.5117 	 2 
22.5234 	 0 
22.5234 	 1 
23.6147 	 2 
23.6147 	 0 
23.6147 	 1 
24.1023 	 2 
24.1720 	 1 
24.7060 	 2 
24.7176 	 1 
25.2401 	 2 
25.2633 	 1 
25.5884 	 2 
25.7741 	 1 
25.7741 	 2 
25.7741 	 0 
25.9367 	 2 
26.3430 	 1 
26.3430 	 0 
26.7029 	 2 
26.7029 	 0 
26.7029 	 1 
26.8771 	 2 
27.2254 	 2 
27.2370 	 0 
27.9684 	 0 
27.9684 	 2 
27.9800 	 1 
28.5141 	 2 
29.0598 	 0 
29.0598 	 2 
29.0714 	 1 
29.4197 	 2 
30.1627 	 2 
30.1627 	 1 
30.1627 	 0 
30.7084 	 0 
30.7200 	 2 
31.2424 	 0 
31.2424 	 2 
31.2541 	 1 
31.6372 	 2 
31.7881 	 2 
31.7997 	 1 
31.7997 	 0 
32.3338 	 1 
32.3454 	 0 
32.3454 	 2 
32.8678 	 2 
32.8795 	 0 
33.4135 	 2 
33.4135 	 1 
33.4135 	 0 
33.9824 	 2 
34.3307 	 2 
34.5049 	 2 
34.5165 	 0 
34.5165 	 1 
35.0273 	 2 
35.0389 	 0 
35.0389 	 1 
35.4104 	 2 
35.4220 	 0 
35.4220 	 1 
35.5846 	 2 
35.5962 	 0 
35.9445 	 1 
35.9561 	 0 
35.9561 	 2 
36.6875 	 2 
36.6991 	 0 
36.6991 	 1 
37.2332 	 2 
37.2448 	 1 
37.2448 	 0 
37.6047 	 0 
37.6163 	 2 
37.7789 	 0 
37.7905 	 2 
37.7905 	 1 
38.6961 	 2 
38.8702 	 2 
38.8818 	 1 
39.4159 	 0 
39.4159 	 1 
39.4739 	 2 
39.8687 	 0 
39.9615 	 2 
39.9732 	 1 
39.9732 	 0 
40.5072 	 0 
40.8903 	 1 
40.8903 	 2 
41.0761 	 2 
41.0761 	 0 
41.0761 	 1 
41.6102 	 1 
41.6102 	 2 
42.1326 	 2 
42.1442 	 0 
42.1442 	 1 
42.6899 	 0 
42.6899 	 2 
42.7015 	 1 
43.2472 	 0 
43.2472 	 2 
43.2588 	 1 
43.6071 	 1 
43.6071 	 2 
44.3385 	 2 
44.3501 	 0 
44.3501 	 1 
44.6636 	 2 
44.8261 	 2 
45.2557 	 2 
45.2557 	 1 
45.4415 	 0 
45.4415 	 1 
45.4415 	 2 
45.9755 	 2 
45.9871 	 1 
46.5096 	 2 
46.5212 	 0 
46.5212 	 1 
47.0668 	 0 
47.0668 	 2 
47.0785 	 1 
47.6125 	 0 
47.6125 	 1 
47.6125 	 2 
47.9724 	 2 
47.9724 	 1 
48.5065 	 2 
48.8664 	 2 
49.2495 	 0 
49.2495 	 2 
49.6327 	 2 
49.6327 	 0 
49.6443 	 1 
49.7836 	 2 
49.7952 	 0 
49.7952 	 1 
50.3176 	 2 
50.3409 	 1 
50.8517 	 2 
50.8633 	 1 
50.8633 	 0 
51.4206 	 2 
51.9663 	 0 
51.9663 	 2 
51.9779 	 1 
52.3262 	 1 
52.3262 	 2 
53.0460 	 2 
53.0576 	 1 
53.0576 	 0 
53.3943 	 2 
53.9632 	 2 
53.9632 	 0 
53.9748 	 1 
54.1489 	 1 
54.1489 	 2 
55.0429 	 2 
55.0429 	 0 
55.2287 	 1 
55.2287 	 0 
55.2287 	 2 
55.7627 	 2 
55.7743 	 1 
55.7743 	 0 
56.6683 	 2 
56.6683 	 1 
57.2256 	 2 
57.3881 	 2 
57.3997 	 0 
57.4113 	 1 
58.0499 	 2 
58.5143 	 1 
58.5143 	 0 
58.5143 	 2 
59.0600 	 0 
59.0600 	 2 
59.0600 	 1 
59.4431 	 2 
59.6172 	 0 
59.6172 	 2 
59.6288 	 1 
60.1513 	 2 
60.7202 	 2 
60.7318 	 0 
60.7318 	 1 
61.2775 	 2 
61.7883 	 2 
61.7999 	 1 
61.8115 	 0 
62.3340 	 2 
62.3456 	 1 
62.8912 	 2 
62.8912 	 0 
62.8912 	 1 
63.4253 	 2 
63.4253 	 0 
63.4253 	 1 
63.9710 	 2 
64.4934 	 2 
64.5050 	 1 
65.0507 	 2 
65.0507 	 0 
65.0623 	 1 
65.5499 	 2 
66.0143 	 2 
66.1304 	 1 
66.1420 	 0 
66.1420 	 2 
67.2450 	 0 
67.2450 	 2 
68.1390 	 2 
68.1506 	 1 
68.3131 	 0 
68.3131 	 2 
68.3131 	 1 
68.6962 	 2 
69.4044 	 2 
69.4161 	 0 
69.4277 	 1 
69.9733 	 2 
70.5074 	 1 
70.5074 	 0 
70.5190 	 2 
70.8673 	 2 
71.0415 	 2 
71.6220 	 2 
71.6336 	 0 
71.6336 	 1 
72.2141 	 2 
72.7017 	 2 
72.7133 	 1 
73.8046 	 0 
73.8046 	 1 
73.8046 	 2 
74.3503 	 0 
74.5941 	 2 
74.6986 	 0 
74.8727 	 2 
74.8727 	 1 
75.2327 	 2 
75.2327 	 0 
75.9293 	 1 
75.9293 	 2 
75.9293 	 0 
76.4981 	 2 
76.5098 	 0 
77.0322 	 0 
77.0322 	 1 
77.0438 	 2 
77.6011 	 0 
77.6011 	 2 
78.1468 	 0 
78.1468 	 1 
78.1468 	 2 
78.7389 	 2 
79.0523 	 2 
79.2381 	 2 
79.2381 	 1 
79.2497 	 0 
79.7605 	 2 
79.7722 	 0 
80.3410 	 2 
80.3410 	 1 
80.3410 	 0 
80.8867 	 2 
81.4092 	 2 
81.4208 	 0 
81.4208 	 1 
82.0013 	 2 
82.4889 	 2 
82.5005 	 0 
82.5121 	 1 
83.0462 	 0 
83.0462 	 2 
83.6151 	 2 
83.6151 	 0 
83.6151 	 1 
83.9866 	 0 
84.7296 	 2 
84.7296 	 0 
84.7296 	 1 
85.2637 	 0 
85.2637 	 2 
85.2869 	 1 
85.6236 	 2 
85.7977 	 1 
85.7977 	 2 
85.7977 	 0 
86.3202 	 2 
86.8659 	 1 
86.8659 	 2 
86.8775 	 0 
87.4115 	 0 
87.4115 	 2 
87.4231 	 1 
87.5044 	 2 
87.9688 	 2 
87.9688 	 1 
87.9688 	 0 
88.5261 	 0 
88.5261 	 1 
88.8976 	 2 
88.9092 	 1 
89.0834 	 2 
89.0950 	 0 
89.0950 	 1 
89.5942 	 2 
89.6058 	 1 
90.1399 	 0 
90.1399 	 2 
90.1515 	 1 
90.6971 	 1 
90.6971 	 2 
90.6971 	 0 
91.2312 	 2 
91.2428 	 1 
91.2428 	 0 
91.6143 	 1 
91.6143 	 2 
92.3225 	 2 
92.3225 	 0 
92.3225 	 1 
92.8450 	 0 
92.8566 	 2 
93.2397 	 0 
93.2397 	 2 
93.2513 	 1 
93.4139 	 2 
93.9712 	 2 
94.3195 	 2 
94.3195 	 0 
94.4936 	 2 
94.4936 	 0 
94.4936 	 1 
94.8419 	 2 
94.8535 	 0 
95.0393 	 2 
95.0393 	 1 
95.0393 	 0 
95.5733 	 2 
95.5849 	 0 
95.9449 	 2 
95.9565 	 1 
