0.0464 	 2 
0.3019 	 2 
0.5573 	 0 
0.5689 	 2 
0.5689 	 1 
0.8359 	 2 
0.8359 	 0 
1.1378 	 2 
1.6951 	 2 
1.6951 	 1 
2.2291 	 2 
2.7632 	 1 
2.7748 	 2 
2.7748 	 0 
3.0418 	 2 
3.8545 	 0 
3.8545 	 1 
3.8545 	 2 
4.4002 	 2 
4.9459 	 2 
4.9459 	 0 
5.2129 	 0 
5.2245 	 2 
6.0256 	 0 
6.0372 	 2 
6.0372 	 1 
6.5829 	 0 
6.5829 	 2 
6.8267 	 2 
7.1169 	 0 
7.1169 	 1 
7.1285 	 2 
7.3839 	 0 
7.3956 	 2 
7.3956 	 1 
8.2199 	 2 
8.2199 	 0 
8.2199 	 1 
8.4869 	 2 
8.7655 	 2 
9.2996 	 0 
9.3112 	 1 
9.3112 	 2 
9.5782 	 1 
9.5782 	 2 
9.8453 	 2 
10.3909 	 1 
10.3909 	 0 
10.4025 	 2 
10.9482 	 2 
11.4939 	 1 
11.4939 	 2 
11.7609 	 2 
12.3066 	 2 
12.5736 	 1 
12.5736 	 0 
12.5852 	 2 
13.1193 	 2 
13.6649 	 1 
13.6649 	 2 
13.9320 	 2 
14.7563 	 2 
14.7563 	 1 
14.7563 	 0 
15.3020 	 2 
15.8476 	 1 
15.8476 	 2 
15.8476 	 0 
16.1263 	 2 
16.1379 	 1 
16.9506 	 1 
16.9506 	 2 
16.9506 	 0 
17.4962 	 2 
18.0419 	 0 
18.0419 	 2 
18.3089 	 0 
18.3089 	 2 
19.1332 	 1 
19.1332 	 0 
19.1332 	 2 
19.6673 	 2 
19.9459 	 2 
20.2246 	 2 
20.2246 	 1 
20.2246 	 0 
20.5032 	 2 
21.3043 	 2 
21.3043 	 1 
21.3159 	 0 
21.8616 	 2 
22.3956 	 0 
22.4073 	 2 
22.6743 	 0 
22.6859 	 2 
23.2200 	 2 
23.4986 	 0 
23.4986 	 1 
23.5102 	 2 
24.0443 	 2 
24.5899 	 0 
24.5899 	 1 
24.6015 	 2 
24.8686 	 2 
25.3910 	 2 
25.6697 	 0 
25.6813 	 2 
25.6813 	 1 
26.2153 	 2 
26.7378 	 2 
26.7378 	 0 
26.7378 	 1 
27.0164 	 1 
27.0164 	 2 
27.0164 	 0 
27.3067 	 2 
27.5737 	 2 
27.8291 	 2 
27.8291 	 0 
28.3748 	 2 
28.9088 	 1 
28.9088 	 0 
28.9205 	 2 
29.1875 	 2 
29.4661 	 2 
29.7215 	 2 
30.0118 	 0 
30.0118 	 2 
30.5226 	 2 
31.0683 	 0 
31.0683 	 2 
31.0683 	 1 
31.3585 	 2 
32.1596 	 2 
32.1596 	 1 
32.1596 	 0 
32.7053 	 0 
32.7053 	 1 
