0.0116 	 2 
0.5689 	 2 
0.5805 	 1 
0.5805 	 0 
1.1262 	 0 
1.1262 	 1 
1.1262 	 2 
1.6718 	 0 
1.6718 	 1 
1.6718 	 2 
2.2291 	 1 
2.2291 	 0 
2.2291 	 2 
2.7748 	 2 
2.7864 	 1 
2.7864 	 0 
3.3205 	 1 
3.3205 	 0 
3.3205 	 2 
3.8545 	 1 
3.8545 	 0 
3.8545 	 2 
4.3770 	 2 
4.3770 	 0 
4.3886 	 1 
4.9110 	 2 
4.9110 	 1 
4.9110 	 0 
5.4799 	 2 
5.4799 	 1 
5.4799 	 0 
6.0256 	 2 
6.0256 	 1 
6.0256 	 0 
6.5596 	 0 
6.5712 	 2 
6.5712 	 1 
7.1169 	 1 
7.1169 	 0 
7.1169 	 2 
7.6626 	 1 
7.6626 	 2 
7.6626 	 0 
8.2199 	 1 
8.2199 	 2 
8.2199 	 0 
8.7655 	 1 
8.7655 	 2 
8.7655 	 0 
9.2996 	 2 
9.2996 	 0 
9.3112 	 1 
9.8337 	 2 
9.8337 	 0 
9.8453 	 1 
10.3909 	 1 
10.3909 	 0 
10.3909 	 2 
10.9482 	 2 
10.9482 	 0 
10.9482 	 1 
11.4823 	 1 
11.4823 	 2 
11.4939 	 0 
12.0279 	 1 
12.0279 	 2 
12.0279 	 0 
12.5736 	 2 
12.5852 	 1 
12.5852 	 0 
13.1193 	 2 
13.1309 	 1 
13.1309 	 0 
13.6766 	 0 
13.6766 	 2 
13.6766 	 1 
14.2222 	 1 
14.2222 	 0 
14.2222 	 2 
14.7563 	 0 
14.7563 	 2 
14.7563 	 1 
15.3020 	 2 
15.3020 	 1 
15.3020 	 0 
15.8476 	 0 
15.8592 	 2 
15.8592 	 1 
16.4049 	 0 
16.4049 	 2 
16.4049 	 1 
16.9390 	 2 
16.9390 	 0 
16.9390 	 1 
17.4962 	 2 
17.4962 	 1 
17.4962 	 0 
18.0303 	 1 
18.0303 	 2 
18.0303 	 0 
18.5760 	 1 
18.5760 	 2 
18.5760 	 0 
19.1216 	 2 
19.1332 	 1 
19.1332 	 0 
19.6673 	 2 
19.6673 	 1 
19.6673 	 0 
20.2130 	 2 
20.2246 	 0 
20.2246 	 1 
20.7586 	 0 
20.7586 	 1 
20.7702 	 2 
21.3043 	 0 
21.3043 	 1 
21.3043 	 2 
21.8268 	 0 
21.8268 	 2 
21.8384 	 1 
22.3608 	 2 
22.3724 	 0 
22.3724 	 1 
22.9297 	 2 
22.9413 	 0 
22.9413 	 1 
23.4986 	 2 
23.5102 	 0 
23.5102 	 1 
24.0327 	 2 
24.0443 	 0 
24.0443 	 1 
24.5783 	 2 
24.5783 	 0 
24.5783 	 1 
25.1124 	 1 
25.1240 	 2 
25.1240 	 0 
25.6697 	 1 
25.6813 	 2 
25.6813 	 0 
26.2153 	 2 
26.2153 	 1 
26.2153 	 0 
26.7726 	 2 
26.7726 	 0 
26.7726 	 1 
27.3067 	 2 
27.3067 	 0 
27.3183 	 1 
27.8523 	 2 
27.8639 	 1 
27.8639 	 0 
28.3980 	 0 
28.3980 	 2 
28.3980 	 1 
28.9437 	 2 
28.9437 	 1 
28.9437 	 0 
29.4777 	 2 
29.4893 	 1 
29.4893 	 0 
29.5010 	 2 
30.0466 	 0 
30.0466 	 2 
30.0466 	 1 
30.5923 	 2 
30.5923 	 0 
30.6039 	 1 
31.1263 	 1 
31.1263 	 2 
31.1263 	 0 
31.6604 	 1 
31.6604 	 2 
31.6604 	 0 
31.8113 	 2 
32.2061 	 2 
32.2061 	 0 
32.2061 	 1 
32.7401 	 2 
32.7517 	 0 
32.7517 	 1 
33.2974 	 0 
33.2974 	 2 
33.2974 	 1 
33.8431 	 0 
33.8431 	 2 
33.8431 	 1 
34.4236 	 1 
34.4236 	 0 
34.4236 	 2 
34.5629 	 2 
34.5629 	 1 
34.6906 	 1 
34.6906 	 2 
34.6906 	 0 
34.8067 	 1 
34.8067 	 2 
