0.0116 	 0 
0.0697 	 1 
0.5805 	 0 
1.1494 	 1 
1.1610 	 0 
1.7067 	 0 
2.0550 	 2 
2.2523 	 0 
2.4033 	 2 
2.7864 	 2 
2.7980 	 0 
3.1463 	 2 
3.3437 	 0 
3.3437 	 2 
3.3553 	 1 
3.6571 	 2 
3.6804 	 1 
3.9010 	 0 
4.2260 	 2 
4.4350 	 0 
4.4350 	 2 
4.9575 	 0 
4.9575 	 2 
5.1316 	 2 
5.3058 	 2 
5.5031 	 2 
5.5147 	 0 
5.8514 	 2 
6.0604 	 0 
6.0604 	 2 
6.5945 	 0 
6.6061 	 1 
6.9544 	 1 
7.1401 	 0 
7.6742 	 0 
7.8716 	 1 
7.8832 	 2 
8.2547 	 0 
8.2663 	 1 
8.7888 	 0 
8.8004 	 1 
9.3576 	 0 
9.8917 	 1 
9.8917 	 0 
10.4374 	 0 
10.7973 	 2 
10.9714 	 2 
10.9830 	 0 
11.1224 	 2 
11.3313 	 2 
11.5055 	 2 
11.5055 	 0 
11.8538 	 2 
12.0512 	 2 
12.0512 	 0 
12.0628 	 1 
12.3762 	 2 
12.4807 	 1 
12.5736 	 2 
12.5968 	 0 
12.9567 	 2 
13.1541 	 0 
13.1541 	 2 
13.6882 	 2 
13.6998 	 0 
14.0481 	 2 
14.2571 	 0 
14.2571 	 2 
14.7795 	 0 
14.7911 	 2 
15.3252 	 0 
15.3252 	 2 
15.6735 	 1 
15.8941 	 0 
16.1263 	 2 
16.4165 	 2 
16.4165 	 0 
16.4281 	 1 
16.7764 	 1 
16.9622 	 0 
17.1015 	 1 
17.4730 	 0 
