0.0116 	 2 
0.3367 	 2 
0.3483 	 1 
0.5341 	 2 
0.5341 	 1 
0.8824 	 2 
1.0913 	 1 
1.0913 	 2 
1.1029 	 0 
1.4280 	 2 
1.6254 	 2 
1.6370 	 1 
1.9737 	 2 
2.1827 	 2 
2.1827 	 0 
2.5194 	 2 
2.7283 	 2 
2.7283 	 1 
3.0534 	 2 
3.2624 	 2 
3.2740 	 0 
3.5991 	 2 
3.8081 	 1 
3.8197 	 2 
4.1680 	 2 
4.3654 	 0 
4.3654 	 2 
4.7020 	 2 
4.8994 	 1 
4.9110 	 2 
5.2477 	 2 
5.4451 	 1 
5.4451 	 0 
5.4451 	 2 
5.7818 	 2 
5.9907 	 2 
5.9907 	 1 
6.3390 	 2 
6.5364 	 2 
6.5480 	 0 
6.8731 	 2 
7.0705 	 2 
7.0705 	 1 
7.3259 	 2 
7.6045 	 0 
7.6045 	 2 
7.9644 	 2 
8.1502 	 2 
8.1502 	 1 
8.4985 	 2 
8.4985 	 1 
8.5333 	 0 
8.6959 	 2 
8.7075 	 0 
9.0442 	 2 
9.2532 	 2 
9.2532 	 1 
9.6131 	 2 
9.8104 	 2 
9.8220 	 0 
10.1587 	 2 
10.3445 	 1 
10.3561 	 2 
10.6928 	 2 
10.9018 	 2 
10.9018 	 0 
11.2501 	 2 
11.4474 	 2 
11.4474 	 1 
11.8190 	 2 
11.9931 	 0 
11.9931 	 2 
12.3414 	 2 
12.5388 	 2 
12.5504 	 1 
12.8871 	 2 
13.0961 	 0 
13.0961 	 2 
13.4211 	 2 
13.6301 	 1 
13.6301 	 2 
13.8855 	 2 
13.9900 	 1 
13.9900 	 2 
14.1642 	 0 
14.1874 	 2 
14.5125 	 2 
14.7098 	 1 
14.7215 	 2 
15.0698 	 2 
15.0698 	 1 
15.0930 	 0 
15.2555 	 2 
15.2671 	 0 
15.6038 	 2 
15.8012 	 2 
15.8128 	 1 
16.1611 	 2 
16.3585 	 0 
16.3585 	 2 
16.7184 	 2 
16.9157 	 2 
16.9157 	 1 
17.3337 	 2 
17.4498 	 2 
17.4614 	 0 
17.7865 	 2 
17.9955 	 2 
17.9955 	 1 
18.3322 	 2 
18.5411 	 0 
18.5411 	 2 
18.8662 	 2 
19.0868 	 2 
19.0868 	 1 
19.6325 	 2 
19.6441 	 0 
19.9459 	 0 
19.9692 	 2 
20.1781 	 1 
20.1781 	 2 
20.5148 	 2 
20.7122 	 0 
20.7122 	 2 
21.0489 	 2 
21.2463 	 2 
21.2579 	 0 
21.2579 	 1 
21.7803 	 0 
21.7919 	 2 
22.2679 	 1 
22.3608 	 2 
22.3608 	 1 
22.7091 	 1 
22.9065 	 0 
22.9181 	 2 
23.2548 	 2 
23.4522 	 2 
23.4638 	 1 
24.0094 	 2 
24.0094 	 0 
24.3461 	 2 
24.5435 	 1 
24.5435 	 2 
24.8918 	 2 
25.1008 	 0 
25.1008 	 2 
25.4375 	 2 
25.6348 	 2 
25.6464 	 1 
