0.0348 	 2 
0.0464 	 0 
0.0464 	 1 
0.9404 	 0 
1.1262 	 2 
1.1378 	 1 
1.5441 	 2 
1.7531 	 1 
1.8808 	 2 
2.0201 	 0 
2.2059 	 1 
2.2175 	 0 
2.3104 	 1 
3.0999 	 0 
3.3088 	 2 
3.3088 	 1 
3.4482 	 2 
3.6455 	 1 
3.6455 	 2 
3.8545 	 1 
4.1564 	 0 
4.9807 	 1 
5.2129 	 2 
5.3058 	 0 
5.5263 	 1 
5.5380 	 2 
6.0720 	 2 
6.2810 	 2 
6.5712 	 0 
6.5712 	 2 
6.6990 	 2 
7.1169 	 2 
7.4304 	 0 
7.6626 	 0 
7.6626 	 1 
7.6742 	 2 
7.9528 	 0 
8.2083 	 2 
8.7539 	 0 
8.7539 	 2 
9.3344 	 2 
9.6595 	 0 
9.8685 	 2 
9.8685 	 1 
10.4141 	 2 
10.9482 	 2 
10.9482 	 0 
11.4939 	 2 
11.8306 	 0 
12.0279 	 1 
12.0279 	 0 
12.0279 	 2 
12.3298 	 1 
12.4575 	 1 
12.5852 	 1 
12.9219 	 1 
13.0961 	 2 
13.0961 	 0 
13.1541 	 1 
14.0132 	 0 
14.1758 	 0 
14.2106 	 1 
14.2222 	 2 
15.0814 	 0 
15.2671 	 0 
15.2671 	 2 
15.8360 	 2 
16.1495 	 0 
16.3933 	 0 
16.6951 	 0 
16.9506 	 1 
17.2640 	 0 
17.4614 	 0 
18.0303 	 2 
18.3554 	 0 
18.5876 	 1 
18.5992 	 2 
18.9591 	 0 
19.1565 	 2 
19.6905 	 2 
20.0388 	 2 
20.2246 	 2 
20.2246 	 0 
20.5380 	 2 
20.7819 	 2 
20.7819 	 1 
21.0721 	 2 
21.3043 	 2 
21.3043 	 0 
21.8616 	 2 
22.1983 	 2 
22.4073 	 0 
22.4073 	 2 
22.9761 	 2 
22.9761 	 0 
22.9761 	 1 
23.2200 	 2 
23.4986 	 2 
23.8005 	 0 
23.9862 	 2 
23.9978 	 0 
24.3345 	 1 
24.5435 	 2 
24.8337 	 0 
25.0892 	 1 
25.1008 	 2 
25.3910 	 1 
25.5187 	 2 
25.6348 	 0 
26.1573 	 0 
26.2153 	 1 
26.7378 	 2 
27.0396 	 0 
27.2718 	 1 
27.5969 	 1 
27.5969 	 2 
27.6085 	 0 
27.8407 	 2 
28.1310 	 2 
28.1426 	 0 
28.3632 	 2 
28.3864 	 0 
28.6999 	 2 
28.7115 	 0 
28.9088 	 2 
29.2339 	 0 
29.3268 	 1 
29.4545 	 1 
29.7680 	 2 
29.7796 	 1 
29.7796 	 0 
30.0002 	 2 
30.3253 	 0 
30.5342 	 2 
30.5459 	 0 
30.5459 	 1 
31.1263 	 2 
31.4398 	 0 
31.6604 	 1 
31.6604 	 2 
32.1945 	 2 
32.4963 	 0 
32.7053 	 2 
32.7169 	 0 
32.7169 	 1 
33.0420 	 0 
33.2742 	 2 
33.5877 	 2 
33.5993 	 0 
33.8315 	 1 
33.8315 	 2 
34.3771 	 1 
34.6790 	 0 
34.9112 	 2 
34.9228 	 0 
35.2363 	 2 
35.4453 	 2 
35.6426 	 2 
35.7936 	 0 
36.0374 	 2 
36.0374 	 1 
36.6063 	 1 
37.1055 	 2 
37.1055 	 0 
37.6860 	 2 
38.0111 	 0 
38.2200 	 2 
38.2200 	 0 
38.2317 	 1 
38.7657 	 2 
39.3114 	 2 
39.3578 	 1 
39.8454 	 2 
39.8687 	 0 
40.4027 	 0 
40.4027 	 1 
40.4143 	 2 
40.9484 	 2 
41.4592 	 2 
41.4708 	 0 
42.0281 	 1 
42.0397 	 2 
42.1326 	 1 
42.4229 	 1 
42.5738 	 0 
42.5738 	 1 
42.6086 	 2 
42.8873 	 1 
42.8989 	 2 
43.1311 	 2 
43.4329 	 0 
43.6767 	 0 
44.2456 	 2 
44.5707 	 0 
44.8029 	 1 
44.8145 	 2 
45.3254 	 2 
45.6620 	 0 
45.8710 	 2 
46.3819 	 0 
46.3819 	 2 
46.6141 	 2 
46.7534 	 0 
46.8463 	 1 
46.9507 	 1 
46.9624 	 2 
47.2874 	 0 
47.4964 	 2 
47.8447 	 2 
48.0305 	 0 
48.0421 	 2 
48.5761 	 2 
48.5994 	 0 
48.9709 	 1 
49.1450 	 2 
49.1450 	 1 
49.6675 	 2 
49.9926 	 0 
50.1783 	 0 
50.1783 	 2 
50.7588 	 2 
51.0375 	 2 
51.0723 	 0 
51.3045 	 1 
51.3045 	 2 
51.3161 	 0 
51.6063 	 0 
51.6528 	 1 
51.9546 	 2 
52.1056 	 2 
52.1752 	 0 
52.2681 	 2 
52.3958 	 0 
52.3958 	 1 
52.4190 	 2 
53.3246 	 0 
53.5104 	 1 
53.5220 	 2 
53.9864 	 2 
54.0677 	 2 
54.1605 	 1 
54.4044 	 0 
54.6017 	 2 
54.6017 	 0 
54.8804 	 2 
55.1706 	 2 
55.2403 	 2 
55.3796 	 2 
55.4957 	 0 
55.6815 	 0 
55.6931 	 1 
55.6931 	 2 
56.2271 	 2 
56.3432 	 2 
56.5522 	 0 
56.7496 	 0 
56.7496 	 2 
57.3185 	 2 
57.6203 	 0 
57.8641 	 1 
57.8641 	 0 
57.8757 	 2 
58.0383 	 2 
58.4330 	 2 
58.7000 	 2 
58.9322 	 2 
58.9322 	 0 
59.5244 	 2 
60.0584 	 0 
60.0584 	 1 
60.0700 	 2 
60.2093 	 1 
60.3371 	 1 
60.4532 	 1 
60.5809 	 0 
60.5925 	 2 
60.9176 	 1 
61.1265 	 0 
61.4980 	 1 
61.7070 	 2 
62.0437 	 0 
62.2411 	 1 
62.3572 	 2 
62.5894 	 0 
62.7868 	 2 
63.1118 	 0 
63.3208 	 0 
63.3208 	 2 
63.8781 	 2 
64.2148 	 0 
64.4238 	 0 
64.4354 	 1 
64.9578 	 2 
65.2829 	 0 
65.4919 	 2 
65.5035 	 1 
65.5035 	 0 
66.3859 	 0 
66.6064 	 0 
66.6180 	 2 
66.6180 	 1 
66.9315 	 1 
67.1405 	 2 
67.4656 	 0 
67.6862 	 2 
67.6862 	 1 
68.0112 	 1 
68.0345 	 2 
68.2086 	 2 
68.2202 	 0 
68.4756 	 1 
68.6266 	 1 
68.7427 	 0 
68.7543 	 2 
68.8472 	 1 
68.9517 	 1 
69.0213 	 0 
69.1606 	 1 
69.5205 	 1 
69.8224 	 0 
69.8340 	 1 
70.3797 	 2 
70.7048 	 0 
70.9137 	 1 
70.9254 	 2 
71.2853 	 1 
71.4826 	 2 
71.9935 	 1 
72.0051 	 2 
72.0051 	 0 
72.1212 	 2 
72.9223 	 0 
73.1196 	 1 
73.1312 	 2 
73.3286 	 2 
73.4215 	 2 
73.4447 	 0 
73.6421 	 2 
73.9788 	 2 
73.9904 	 0 
74.1994 	 2 
74.1994 	 0 
74.7683 	 2 
74.7799 	 1 
75.0701 	 2 
75.0817 	 0 
75.3255 	 1 
75.3371 	 2 
75.6506 	 0 
75.7319 	 2 
75.8944 	 1 
75.9060 	 2 
76.2892 	 2 
76.4285 	 0 
76.8464 	 1 
76.8464 	 2 
76.9741 	 0 
77.4734 	 1 
77.4734 	 0 
77.5198 	 2 
77.8217 	 1 
77.8333 	 0 
78.0423 	 1 
78.0539 	 2 
78.3441 	 0 
78.5647 	 0 
78.6228 	 2 
78.7621 	 2 
79.1336 	 2 
79.4355 	 1 
79.4355 	 2 
79.4471 	 0 
79.6793 	 1 
79.7025 	 2 
79.9695 	 2 
79.9811 	 0 
80.1785 	 2 
80.4920 	 2 
80.5152 	 0 
80.7358 	 2 
80.7474 	 0 
81.0493 	 2 
81.0493 	 1 
81.0725 	 0 
81.2698 	 2 
81.5833 	 0 
81.8155 	 1 
81.8271 	 2 
82.1406 	 0 
82.4192 	 2 
82.6863 	 2 
82.7095 	 0 
82.9185 	 0 
82.9185 	 2 
82.9301 	 1 
83.4757 	 2 
83.8008 	 0 
84.0214 	 2 
84.0214 	 1 
84.5439 	 1 
84.5555 	 2 
84.8341 	 2 
84.8457 	 0 
85.0779 	 2 
85.0895 	 1 
85.0895 	 0 
85.2056 	 2 
85.6352 	 2 
85.6468 	 1 
85.9371 	 0 
86.1693 	 1 
86.4827 	 1 
86.6801 	 2 
87.0284 	 0 
88.1662 	 0 
88.3868 	 1 
88.3868 	 2 
88.7467 	 0 
88.7467 	 2 
88.9324 	 2 
89.2691 	 0 
89.4549 	 0 
89.5826 	 1 
90.0238 	 2 
90.3488 	 0 
90.5462 	 1 
90.5578 	 2 
90.9061 	 0 
91.4402 	 0 
91.6376 	 2 
91.6492 	 0 
91.7420 	 1 
92.2993 	 1 
92.5083 	 0 
92.7289 	 1 
92.7521 	 2 
93.2746 	 2 
93.5880 	 0 
93.8086 	 2 
93.8086 	 1 
93.8086 	 0 
94.7026 	 0 
94.9232 	 2 
94.9232 	 1 
94.9232 	 0 
95.4572 	 2 
95.7707 	 0 
95.9913 	 0 
97.1059 	 1 
97.1175 	 2 
97.6515 	 2 
97.9650 	 0 
98.1740 	 0 
98.1856 	 2 
99.0795 	 2 
99.0912 	 0 
99.3234 	 1 
99.3350 	 2 
99.6252 	 2 
99.6484 	 0 
100.1825 	 0 
100.3915 	 0 
100.4031 	 2 
100.9488 	 2 
101.2390 	 0 
101.4828 	 1 
101.4944 	 2 
101.8195 	 0 
102.0169 	 2 
102.2259 	 1 
102.3420 	 0 
102.3420 	 2 
102.4929 	 1 
102.5625 	 0 
103.1779 	 2 
103.3288 	 2 
103.4217 	 0 
103.4565 	 2 
103.5842 	 2 
103.6655 	 1 
103.7235 	 2 
103.8745 	 2 
103.9790 	 0 
103.9790 	 2 
104.5014 	 1 
104.7336 	 0 
104.7917 	 2 
105.6392 	 0 
105.6624 	 2 
105.7437 	 2 
106.1268 	 2 
106.8815 	 1 
