0.0232 	 2 
0.5689 	 0 
0.5805 	 2 
0.5805 	 1 
1.1494 	 2 
1.1494 	 0 
1.1494 	 1 
1.5673 	 2 
1.6951 	 2 
1.6951 	 1 
1.6951 	 0 
1.9389 	 2 
2.0434 	 2 
2.0782 	 2 
2.2407 	 0 
2.2407 	 1 
2.2523 	 2 
2.3917 	 2 
2.7864 	 2 
2.7980 	 0 
2.7980 	 1 
3.1463 	 0 
3.1463 	 2 
3.1579 	 1 
3.3321 	 2 
3.3321 	 0 
3.3437 	 1 
3.6571 	 2 
3.8661 	 2 
3.8893 	 1 
4.2144 	 2 
4.2144 	 0 
4.2376 	 2 
4.4234 	 1 
4.4234 	 0 
4.4234 	 2 
4.7485 	 2 
4.8878 	 2 
4.9691 	 1 
5.0155 	 2 
5.0155 	 0 
5.1432 	 2 
5.3058 	 2 
5.5031 	 2 
5.5031 	 1 
5.5031 	 0 
5.6657 	 2 
5.8398 	 2 
6.0488 	 2 
6.0604 	 0 
6.0604 	 1 
6.2926 	 2 
6.5945 	 2 
6.5945 	 1 
6.5945 	 0 
6.9428 	 2 
7.1285 	 2 
7.1401 	 1 
7.1401 	 0 
7.6742 	 2 
7.6742 	 1 
7.6742 	 0 
7.8716 	 2 
7.8716 	 0 
8.2431 	 2 
8.2547 	 0 
8.7191 	 2 
8.7888 	 0 
8.7888 	 2 
8.7888 	 1 
9.1603 	 2 
9.2996 	 2 
9.2996 	 0 
9.3460 	 2 
9.8801 	 2 
9.8801 	 0 
9.8801 	 1 
10.1820 	 2 
10.4258 	 1 
10.4258 	 2 
10.4258 	 0 
10.8785 	 2 
10.9714 	 2 
10.9714 	 1 
11.1107 	 2 
11.4939 	 1 
11.4939 	 0 
11.4939 	 2 
11.8422 	 2 
12.0395 	 2 
12.0512 	 1 
12.0512 	 0 
12.3878 	 2 
12.5736 	 0 
12.5736 	 2 
12.5852 	 1 
12.9451 	 2 
12.9451 	 0 
13.1425 	 2 
13.1541 	 0 
13.1541 	 1 
13.6185 	 2 
13.6998 	 1 
13.7578 	 2 
14.0365 	 2 
14.0481 	 0 
14.2571 	 1 
14.2571 	 2 
14.2571 	 0 
14.7679 	 2 
14.7795 	 1 
14.7795 	 0 
15.0117 	 2 
15.3252 	 1 
15.3252 	 2 
15.3368 	 0 
15.6735 	 1 
15.6851 	 2 
15.8824 	 0 
15.8824 	 2 
15.8941 	 1 
16.1146 	 2 
16.4165 	 0 
16.4165 	 1 
16.4165 	 2 
16.7648 	 2 
16.9506 	 2 
16.9506 	 0 
17.0899 	 2 
17.1015 	 0 
17.1015 	 1 
