0.2786 	 1 
0.2786 	 2 
0.4180 	 2 
0.4180 	 1 
0.5457 	 1 
0.5457 	 2 
0.6850 	 2 
0.6966 	 1 
0.8127 	 1 
0.8243 	 2 
0.9520 	 2 
0.9520 	 1 
1.0913 	 2 
1.0913 	 1 
1.2307 	 2 
1.2307 	 1 
1.3700 	 1 
1.3700 	 2 
1.4977 	 1 
1.5093 	 2 
1.6370 	 1 
1.6486 	 2 
1.7763 	 2 
1.7879 	 1 
1.9273 	 1 
1.9273 	 2 
2.0550 	 2 
2.0550 	 1 
2.1943 	 2 
2.1943 	 1 
2.3336 	 2 
2.3336 	 1 
2.4729 	 2 
2.4845 	 1 
2.6122 	 2 
2.6122 	 1 
2.7400 	 1 
2.7400 	 2 
2.8793 	 2 
2.8793 	 1 
3.0186 	 2 
3.0186 	 1 
3.1463 	 2 
3.1463 	 1 
3.2740 	 2 
3.2856 	 1 
3.4133 	 1 
3.4133 	 2 
3.5410 	 1 
3.5527 	 2 
3.6920 	 2 
3.6920 	 1 
3.8313 	 1 
3.8313 	 2 
3.9590 	 2 
3.9706 	 1 
4.0983 	 2 
4.0983 	 1 
4.2376 	 2 
4.2376 	 1 
4.3770 	 1 
4.3770 	 2 
4.5163 	 2 
4.5163 	 1 
4.6440 	 1 
4.6556 	 2 
4.7833 	 1 
4.7833 	 2 
4.9110 	 1 
4.9110 	 2 
5.0503 	 2 
5.0620 	 1 
5.1897 	 1 
5.1897 	 2 
5.3174 	 1 
5.3174 	 2 
5.4567 	 2 
5.4567 	 1 
5.5960 	 1 
5.5960 	 2 
5.7353 	 1 
5.7353 	 2 
5.8630 	 2 
5.8630 	 1 
5.9907 	 2 
6.0024 	 1 
6.1301 	 2 
6.1417 	 1 
6.2810 	 2 
6.2810 	 1 
6.4087 	 2 
6.4087 	 1 
6.5596 	 2 
6.5596 	 1 
6.6990 	 2 
6.6990 	 1 
6.8383 	 2 
6.8383 	 1 
6.9660 	 1 
6.9660 	 2 
7.0937 	 1 
7.1053 	 2 
7.2446 	 1 
7.2446 	 2 
7.3723 	 1 
7.3839 	 2 
7.5117 	 1 
7.5117 	 2 
7.6394 	 2 
7.6394 	 1 
7.7787 	 2 
7.7787 	 1 
7.9064 	 1 
7.9064 	 2 
8.0457 	 2 
8.0457 	 1 
8.1850 	 2 
8.1966 	 1 
8.3127 	 2 
8.4637 	 2 
8.4637 	 1 
8.5914 	 2 
8.5914 	 1 
8.7307 	 2 
8.7307 	 1 
8.8700 	 1 
8.9629 	 2 
8.9977 	 1 
9.1371 	 1 
9.1371 	 2 
9.2648 	 2 
9.2764 	 1 
9.4041 	 1 
9.4157 	 2 
9.5434 	 1 
9.5434 	 2 
9.6711 	 1 
9.6711 	 2 
9.8220 	 2 
9.8220 	 1 
9.9498 	 1 
9.9498 	 2 
10.0891 	 1 
10.0891 	 2 
10.2284 	 2 
10.2284 	 1 
10.3677 	 1 
10.3677 	 2 
10.5070 	 2 
10.5070 	 1 
10.6347 	 2 
10.6347 	 1 
10.7741 	 2 
10.7857 	 1 
10.9018 	 2 
10.9018 	 1 
11.0527 	 2 
11.0527 	 1 
11.1804 	 2 
11.1804 	 1 
11.3197 	 2 
11.4474 	 2 
11.4474 	 1 
11.5868 	 1 
11.5868 	 2 
11.7145 	 1 
11.7261 	 2 
11.8654 	 2 
11.8654 	 1 
11.9931 	 2 
12.0047 	 1 
12.1440 	 1 
12.1440 	 2 
12.2717 	 1 
12.2717 	 2 
12.4111 	 2 
12.5504 	 1 
12.5504 	 2 
12.6781 	 2 
12.6897 	 1 
12.8174 	 2 
12.8174 	 1 
12.9451 	 1 
12.9567 	 2 
13.0961 	 1 
13.0961 	 2 
13.2238 	 1 
13.2354 	 2 
13.3747 	 1 
13.3747 	 2 
13.5024 	 2 
13.5140 	 1 
13.6417 	 2 
13.6417 	 1 
13.7810 	 2 
13.7810 	 1 
13.9204 	 2 
13.9204 	 1 
14.0481 	 1 
14.0481 	 2 
14.1874 	 2 
14.1874 	 1 
14.3383 	 1 
14.3383 	 2 
14.4660 	 1 
14.4660 	 2 
14.5937 	 2 
14.5937 	 1 
14.7447 	 2 
14.7447 	 1 
14.8840 	 2 
14.8840 	 1 
15.0117 	 1 
15.0117 	 2 
15.1510 	 2 
15.1626 	 1 
15.2903 	 1 
15.2903 	 2 
15.4413 	 2 
15.4413 	 1 
15.5574 	 2 
15.5574 	 1 
15.7083 	 2 
15.7083 	 1 
15.8360 	 1 
15.8476 	 2 
15.9753 	 2 
15.9869 	 1 
16.1030 	 1 
16.1146 	 2 
16.2424 	 1 
16.2424 	 2 
16.3701 	 2 
16.3701 	 1 
16.4978 	 1 
16.5094 	 2 
16.6487 	 1 
16.6487 	 2 
16.7764 	 2 
16.9157 	 2 
17.0434 	 2 
17.0434 	 1 
17.2060 	 2 
17.2060 	 1 
17.3221 	 1 
17.3221 	 2 
17.4614 	 1 
17.4730 	 2 
17.6239 	 2 
17.6936 	 2 
17.7400 	 2 
17.8794 	 1 
17.8794 	 2 
18.0071 	 2 
18.0187 	 1 
18.1464 	 2 
18.1464 	 1 
18.2857 	 1 
18.2857 	 2 
18.4134 	 2 
18.4134 	 1 
18.5644 	 1 
18.5644 	 2 
18.6921 	 1 
18.6921 	 2 
18.8314 	 1 
18.8314 	 2 
18.9591 	 1 
18.9591 	 2 
19.0984 	 1 
19.0984 	 2 
19.2261 	 2 
19.2377 	 1 
19.3771 	 2 
19.3771 	 1 
19.5164 	 2 
19.5164 	 1 
19.6557 	 2 
19.6557 	 1 
19.7950 	 2 
19.7950 	 1 
19.9227 	 2 
19.9227 	 1 
20.0504 	 1 
20.0620 	 2 
20.1898 	 2 
20.1898 	 1 
20.3291 	 2 
20.3291 	 1 
20.4684 	 1 
20.4684 	 2 
20.6077 	 1 
20.6077 	 2 
20.7470 	 1 
20.7470 	 2 
20.8863 	 2 
20.8863 	 1 
21.0141 	 1 
21.0141 	 2 
21.1534 	 2 
21.1534 	 1 
21.2811 	 2 
21.2811 	 1 
21.4320 	 1 
21.4320 	 2 
21.5713 	 1 
21.5713 	 2 
21.6990 	 1 
21.6990 	 2 
21.8268 	 2 
21.8384 	 1 
21.9893 	 2 
22.0473 	 2 
22.1054 	 1 
22.1054 	 2 
22.2331 	 2 
22.3724 	 1 
22.3724 	 2 
22.5117 	 2 
22.5117 	 1 
22.6627 	 1 
22.6627 	 2 
22.7904 	 2 
22.7904 	 1 
22.9297 	 2 
22.9413 	 1 
23.0690 	 2 
23.0806 	 1 
23.1967 	 2 
23.2083 	 1 
23.3361 	 2 
23.3361 	 1 
23.4754 	 2 
23.4754 	 1 
23.6147 	 2 
23.6147 	 1 
23.7540 	 2 
23.7540 	 1 
23.8933 	 2 
23.8933 	 1 
24.0327 	 2 
24.0327 	 1 
24.1720 	 2 
24.1720 	 1 
24.2997 	 1 
24.2997 	 2 
24.4390 	 1 
24.4390 	 2 
24.5667 	 1 
24.5783 	 2 
24.7060 	 1 
24.7060 	 2 
24.8337 	 1 
24.8454 	 2 
24.9731 	 2 
24.9731 	 1 
25.1124 	 2 
25.1124 	 1 
25.2401 	 2 
25.2401 	 1 
25.3678 	 2 
25.3794 	 1 
25.5071 	 2 
25.6464 	 1 
25.6464 	 2 
25.7741 	 1 
25.7858 	 2 
25.9367 	 1 
25.9367 	 2 
26.0528 	 2 
26.0644 	 1 
26.1921 	 1 
26.2037 	 2 
26.2966 	 2 
26.3546 	 2 
26.4359 	 2 
26.4824 	 2 
26.6101 	 2 
26.7378 	 2 
26.7494 	 1 
26.8771 	 2 
26.8771 	 1 
27.0164 	 2 
27.0280 	 1 
27.1441 	 2 
27.1557 	 1 
27.2951 	 1 
27.2951 	 2 
27.4344 	 1 
27.4344 	 2 
27.5621 	 2 
27.5621 	 1 
27.6898 	 2 
27.8291 	 2 
27.8407 	 1 
27.9684 	 2 
27.9800 	 1 
28.1194 	 2 
28.1194 	 1 
28.2471 	 1 
28.2471 	 2 
28.3864 	 2 
28.3980 	 1 
28.5257 	 2 
28.5373 	 1 
28.6650 	 1 
28.6650 	 2 
28.7927 	 1 
28.7927 	 2 
28.9321 	 1 
28.9321 	 2 
29.0598 	 2 
29.1991 	 1 
29.1991 	 2 
29.3384 	 2 
29.3384 	 1 
29.4777 	 1 
29.4777 	 2 
29.6171 	 1 
29.6171 	 2 
29.7448 	 1 
29.7448 	 2 
29.8841 	 2 
30.0118 	 2 
30.1627 	 1 
30.1627 	 2 
30.3020 	 1 
30.3020 	 2 
30.4414 	 2 
30.4414 	 1 
30.5691 	 1 
30.5691 	 2 
30.6968 	 2 
30.7084 	 1 
30.8245 	 2 
30.8245 	 1 
30.9638 	 2 
31.1031 	 2 
31.1031 	 1 
31.2424 	 2 
31.2424 	 1 
31.3702 	 1 
31.3818 	 2 
31.5095 	 2 
31.5095 	 1 
31.6488 	 1 
31.6488 	 2 
31.7881 	 2 
31.7881 	 1 
31.9158 	 2 
31.9158 	 1 
32.0435 	 2 
32.0435 	 1 
32.1945 	 1 
32.1945 	 2 
32.3338 	 1 
32.3338 	 2 
32.4615 	 2 
32.4731 	 1 
32.6008 	 1 
32.6008 	 2 
32.7285 	 1 
32.7401 	 2 
32.8795 	 2 
32.8795 	 1 
33.0072 	 2 
33.0072 	 1 
33.1465 	 2 
33.2858 	 2 
33.2858 	 1 
33.4251 	 2 
33.4251 	 1 
33.5528 	 2 
33.5528 	 1 
33.6922 	 2 
33.6922 	 1 
33.8199 	 2 
33.8315 	 1 
33.9592 	 1 
33.9592 	 2 
34.0985 	 2 
34.0985 	 1 
34.2262 	 1 
34.2262 	 2 
34.3655 	 1 
34.3771 	 2 
34.5049 	 2 
34.6442 	 2 
34.6558 	 1 
34.7835 	 2 
34.9112 	 2 
34.9228 	 1 
35.0621 	 2 
35.1898 	 2 
35.3176 	 2 
35.4685 	 2 
35.4685 	 1 
35.6078 	 2 
35.6078 	 1 
35.7471 	 2 
35.7471 	 1 
35.8516 	 2 
35.8632 	 1 
36.0141 	 2 
36.0141 	 1 
36.1419 	 2 
36.1419 	 1 
36.2812 	 2 
36.2928 	 1 
36.4089 	 2 
36.4205 	 1 
36.5482 	 2 
36.5598 	 1 
36.8385 	 1 
36.8501 	 2 
36.9778 	 1 
36.9778 	 2 
37.1055 	 2 
37.2332 	 2 
37.2332 	 1 
37.3841 	 2 
37.3841 	 1 
37.5234 	 1 
37.5234 	 2 
37.6512 	 2 
37.6512 	 1 
37.7905 	 2 
37.7905 	 1 
37.9182 	 2 
38.0575 	 2 
38.0575 	 1 
38.1968 	 2 
38.1968 	 1 
38.3245 	 1 
38.3245 	 2 
38.4522 	 2 
38.4522 	 1 
38.6148 	 2 
38.6148 	 1 
38.7541 	 1 
38.7541 	 2 
38.8934 	 1 
38.8934 	 2 
39.0211 	 1 
39.0211 	 2 
39.1605 	 2 
39.1605 	 1 
39.2998 	 1 
39.2998 	 2 
39.4275 	 1 
39.4391 	 2 
39.5668 	 1 
39.5668 	 2 
39.7061 	 1 
39.7061 	 2 
39.8338 	 1 
39.8338 	 2 
39.9848 	 2 
39.9848 	 1 
40.1125 	 1 
40.1125 	 2 
40.2402 	 1 
40.2402 	 2 
40.3911 	 1 
40.3911 	 2 
40.5188 	 2 
40.5188 	 1 
40.6581 	 2 
40.6581 	 1 
40.7859 	 1 
40.7859 	 2 
40.9252 	 1 
40.9252 	 2 
41.0645 	 1 
41.0645 	 2 
41.2038 	 2 
41.2154 	 1 
41.3315 	 2 
41.3431 	 1 
41.4824 	 1 
41.4824 	 2 
41.6218 	 2 
41.6218 	 1 
41.7495 	 2 
41.7611 	 1 
41.8888 	 2 
41.9004 	 1 
42.0281 	 2 
42.0281 	 1 
42.1674 	 1 
42.1674 	 2 
42.3068 	 1 
42.3068 	 2 
42.4345 	 1 
42.4345 	 2 
42.5622 	 2 
42.5622 	 1 
42.7015 	 1 
42.7015 	 2 
42.8292 	 2 
42.8408 	 1 
42.9685 	 1 
42.9685 	 2 
43.1195 	 2 
43.1195 	 1 
43.2356 	 2 
43.2356 	 1 
43.3865 	 2 
43.3865 	 1 
43.5142 	 2 
43.5142 	 1 
43.6419 	 2 
43.6535 	 1 
43.8741 	 2 
44.0715 	 2 
44.1876 	 2 
44.1992 	 1 
44.3153 	 2 
44.3269 	 1 
44.4662 	 1 
44.4662 	 2 
44.5939 	 1 
44.5939 	 2 
44.7332 	 2 
44.7449 	 1 
44.8726 	 1 
44.8726 	 2 
45.0119 	 1 
45.0119 	 2 
45.1396 	 2 
45.1512 	 1 
45.2905 	 1 
45.2905 	 2 
45.4298 	 1 
45.4298 	 2 
45.5692 	 1 
45.5692 	 2 
45.6969 	 2 
45.7085 	 1 
45.8246 	 2 
45.8362 	 1 
45.9755 	 2 
45.9871 	 1 
46.1032 	 1 
46.1032 	 2 
46.2425 	 2 
46.3702 	 2 
46.3702 	 1 
46.5096 	 2 
46.5212 	 1 
46.6489 	 1 
46.6489 	 2 
46.7882 	 1 
46.7882 	 2 
46.9275 	 2 
46.9275 	 1 
47.0552 	 1 
47.0552 	 2 
47.1946 	 1 
47.1946 	 2 
47.3339 	 2 
47.3339 	 1 
47.4732 	 2 
47.4732 	 1 
47.6009 	 1 
47.6125 	 2 
47.7518 	 2 
47.7518 	 1 
47.8795 	 2 
47.8795 	 1 
48.0189 	 2 
48.0189 	 1 
48.1582 	 2 
48.1582 	 1 
48.2975 	 2 
48.2975 	 1 
48.4368 	 1 
48.4368 	 2 
48.5645 	 2 
48.5645 	 1 
48.7039 	 1 
48.7039 	 2 
48.8432 	 1 
48.8432 	 2 
48.9709 	 1 
48.9709 	 2 
49.1102 	 1 
49.1102 	 2 
49.2611 	 1 
49.2611 	 2 
49.4005 	 2 
49.4005 	 1 
49.5282 	 1 
49.5282 	 2 
49.6675 	 1 
49.6675 	 2 
49.8068 	 1 
49.8068 	 2 
49.9345 	 1 
49.9345 	 2 
50.0738 	 2 
50.0854 	 1 
50.2132 	 1 
50.2132 	 2 
50.3641 	 1 
50.3641 	 2 
50.4802 	 1 
50.4918 	 2 
50.6311 	 1 
50.6311 	 2 
50.7704 	 2 
50.7704 	 1 
50.8981 	 2 
50.9098 	 1 
51.0259 	 2 
51.0259 	 1 
51.1652 	 1 
51.1652 	 2 
51.2929 	 1 
51.2929 	 2 
51.4206 	 2 
51.4322 	 1 
51.5715 	 1 
51.5715 	 2 
51.6992 	 2 
51.8385 	 2 
51.8385 	 1 
51.9663 	 1 
51.9663 	 2 
52.1288 	 1 
52.1288 	 2 
52.2565 	 2 
52.2565 	 1 
52.3842 	 1 
52.3842 	 2 
52.5584 	 2 
52.6048 	 2 
52.6629 	 2 
52.8022 	 2 
52.9299 	 2 
52.9415 	 1 
53.0692 	 2 
53.0808 	 1 
53.2085 	 1 
53.2085 	 2 
53.3362 	 1 
53.3362 	 2 
53.4872 	 2 
53.4872 	 1 
53.6149 	 2 
53.6265 	 1 
53.7542 	 2 
53.7542 	 1 
53.8819 	 1 
53.8935 	 2 
54.0212 	 1 
54.0212 	 2 
54.1605 	 1 
54.1605 	 2 
54.2883 	 1 
54.2999 	 2 
54.4392 	 1 
54.4392 	 2 
54.5669 	 1 
54.5785 	 2 
54.7062 	 2 
54.7178 	 1 
54.8455 	 1 
54.8455 	 2 
54.9849 	 2 
54.9849 	 1 
55.1242 	 1 
55.1242 	 2 
55.2635 	 2 
55.2635 	 1 
55.3912 	 1 
55.4028 	 2 
55.5305 	 1 
55.5305 	 2 
55.6698 	 1 
55.6698 	 2 
55.8092 	 1 
55.8092 	 2 
55.9369 	 1 
55.9485 	 2 
56.0762 	 2 
56.2039 	 2 
56.2039 	 1 
56.3548 	 2 
56.3548 	 1 
56.4941 	 2 
56.4941 	 1 
56.6219 	 2 
56.6219 	 1 
56.7612 	 1 
56.7612 	 2 
56.9005 	 2 
57.0282 	 2 
57.0282 	 1 
57.1675 	 1 
57.1675 	 2 
57.2952 	 2 
57.3068 	 1 
57.4346 	 2 
57.4462 	 1 
57.5855 	 2 
57.5855 	 1 
57.7132 	 1 
57.7132 	 2 
57.8525 	 1 
57.8525 	 2 
57.9918 	 2 
58.1312 	 1 
58.1312 	 2 
58.2589 	 1 
58.2589 	 2 
58.3982 	 1 
58.3982 	 2 
58.5375 	 1 
58.5375 	 2 
58.6768 	 2 
58.6768 	 1 
58.8161 	 1 
58.8161 	 2 
58.9439 	 1 
58.9555 	 2 
59.0948 	 1 
59.0948 	 2 
59.2225 	 1 
59.2341 	 2 
59.3618 	 2 
59.3618 	 1 
59.5011 	 2 
59.5011 	 1 
59.6288 	 1 
59.6288 	 2 
59.7566 	 1 
59.7566 	 2 
59.8959 	 2 
59.8959 	 1 
60.0352 	 1 
60.0352 	 2 
60.1629 	 1 
60.1629 	 2 
60.3022 	 2 
60.3022 	 1 
60.4299 	 2 
60.5576 	 2 
60.5693 	 1 
60.6970 	 2 
60.8479 	 1 
60.8595 	 2 
60.9756 	 2 
61.1149 	 1 
61.1149 	 2 
61.2426 	 2 
61.2891 	 2 
61.3587 	 2 
61.3936 	 2 
61.5329 	 2 
61.6606 	 2 
61.6722 	 1 
61.7999 	 1 
61.7999 	 2 
61.9508 	 1 
61.9508 	 2 
62.0785 	 1 
62.0785 	 2 
62.2179 	 2 
62.2295 	 1 
62.3572 	 1 
62.3572 	 2 
62.4849 	 1 
62.4849 	 2 
62.6242 	 1 
62.6242 	 2 
62.7635 	 2 
62.7751 	 1 
62.9029 	 1 
62.9029 	 2 
63.0422 	 1 
63.0422 	 2 
63.1699 	 1 
63.1815 	 2 
63.3208 	 1 
63.3208 	 2 
63.4485 	 1 
63.4601 	 2 
63.5878 	 1 
63.5878 	 2 
63.7156 	 1 
63.7272 	 2 
63.8549 	 1 
63.8549 	 2 
63.9826 	 2 
64.1219 	 2 
64.1335 	 1 
64.2612 	 2 
64.2612 	 1 
64.4005 	 1 
64.4122 	 2 
64.5399 	 2 
64.6676 	 2 
64.6676 	 1 
64.8069 	 2 
64.9230 	 1 
64.9462 	 2 
65.0855 	 2 
65.0855 	 1 
65.2249 	 1 
65.2249 	 2 
65.3642 	 1 
65.3642 	 2 
65.4919 	 1 
65.4919 	 2 
65.6196 	 2 
65.6312 	 1 
65.7473 	 2 
65.7473 	 1 
65.8866 	 2 
65.8866 	 1 
66.0259 	 1 
66.0259 	 2 
66.1653 	 2 
66.1653 	 1 
66.2930 	 2 
66.3046 	 1 
66.4323 	 2 
66.4323 	 1 
66.5716 	 2 
66.5716 	 1 
66.7109 	 1 
66.7109 	 2 
66.8386 	 1 
66.8386 	 2 
66.9663 	 2 
66.9663 	 1 
67.1057 	 1 
67.1057 	 2 
67.2566 	 2 
67.2566 	 1 
67.3843 	 1 
67.3843 	 2 
67.5236 	 1 
67.5236 	 2 
67.6629 	 2 
67.6629 	 1 
67.8139 	 2 
67.9300 	 2 
67.9300 	 1 
68.0693 	 2 
68.2086 	 1 
68.2086 	 2 
68.3479 	 2 
68.4756 	 2 
68.4756 	 1 
68.6150 	 2 
68.6150 	 1 
68.7427 	 2 
68.7543 	 1 
68.8820 	 2 
68.8820 	 1 
69.0213 	 1 
69.0213 	 2 
69.1490 	 2 
69.3000 	 2 
69.5670 	 2 
69.7063 	 2 
69.8340 	 2 
69.8456 	 1 
69.9849 	 2 
70.1127 	 2 
70.3913 	 2 
70.3913 	 1 
70.5306 	 1 
70.5306 	 2 
70.6699 	 1 
70.6699 	 2 
70.7744 	 2 
70.7860 	 1 
70.9370 	 1 
70.9370 	 2 
71.0647 	 2 
71.0647 	 1 
71.2156 	 2 
71.2156 	 1 
71.3317 	 2 
71.3433 	 1 
71.4710 	 2 
71.4826 	 1 
71.5871 	 2 
71.7613 	 1 
71.7729 	 2 
71.9006 	 2 
72.0283 	 2 
72.1560 	 2 
72.1560 	 1 
72.3069 	 1 
72.3069 	 2 
72.4463 	 1 
72.4463 	 2 
72.5740 	 1 
72.5740 	 2 
72.7017 	 2 
72.7133 	 1 
72.8294 	 1 
72.8410 	 2 
72.9571 	 2 
73.0964 	 2 
73.0964 	 1 
73.2241 	 1 
73.2357 	 2 
73.3634 	 2 
73.3634 	 1 
73.4795 	 2 
73.6421 	 2 
73.6421 	 1 
73.7814 	 2 
73.9207 	 1 
73.9207 	 2 
74.0484 	 2 
74.0600 	 1 
74.1878 	 2 
74.1994 	 1 
74.3271 	 1 
74.3271 	 2 
74.4664 	 1 
74.4664 	 2 
74.6057 	 2 
74.7334 	 2 
74.7334 	 1 
74.8727 	 1 
74.8727 	 2 
75.0005 	 1 
75.0121 	 2 
75.1398 	 1 
75.1398 	 2 
75.2791 	 1 
75.2791 	 2 
75.4184 	 2 
75.4184 	 1 
75.5577 	 1 
75.5577 	 2 
75.6738 	 1 
75.6854 	 2 
75.8132 	 2 
75.8248 	 1 
75.9525 	 2 
75.9641 	 1 
76.1034 	 2 
76.1034 	 1 
76.2311 	 2 
76.2311 	 1 
76.3704 	 1 
76.3704 	 2 
76.5098 	 2 
76.5214 	 1 
76.6491 	 1 
76.6491 	 2 
76.7884 	 1 
76.7884 	 2 
76.9161 	 1 
76.9161 	 2 
77.0554 	 2 
77.0670 	 1 
77.1831 	 2 
77.1947 	 1 
77.3224 	 1 
77.3224 	 2 
77.4618 	 1 
77.4618 	 2 
77.6011 	 1 
77.6011 	 2 
77.7288 	 1 
77.7288 	 2 
77.8565 	 2 
77.8681 	 1 
78.0074 	 2 
78.0074 	 1 
78.1235 	 2 
78.2745 	 1 
78.2861 	 2 
78.4022 	 1 
78.4022 	 2 
78.5415 	 1 
78.5415 	 2 
78.6692 	 2 
78.7737 	 2 
78.8201 	 2 
79.0872 	 2 
79.0988 	 1 
79.2265 	 1 
79.2265 	 2 
79.3658 	 2 
79.3658 	 1 
79.4819 	 2 
79.4935 	 1 
79.6328 	 1 
79.6328 	 2 
79.7722 	 2 
79.7722 	 1 
79.9115 	 2 
79.9115 	 1 
80.0392 	 2 
80.0392 	 1 
80.1901 	 2 
80.1901 	 1 
80.3178 	 2 
80.3294 	 1 
80.4571 	 2 
80.4571 	 1 
80.5965 	 2 
80.5965 	 1 
80.7242 	 2 
80.7242 	 1 
80.8635 	 2 
80.8751 	 1 
81.0028 	 1 
81.0028 	 2 
81.1421 	 2 
81.2582 	 2 
81.2815 	 2 
81.2815 	 1 
81.4092 	 1 
81.4092 	 2 
81.5485 	 2 
81.5485 	 1 
81.6762 	 1 
81.6762 	 2 
81.8155 	 2 
81.8155 	 1 
81.9548 	 1 
81.9548 	 2 
82.0825 	 2 
82.0941 	 1 
82.2219 	 2 
82.3612 	 2 
82.5005 	 2 
82.6398 	 2 
82.6398 	 1 
82.7675 	 2 
82.7675 	 1 
82.9185 	 2 
82.9185 	 1 
83.0462 	 1 
83.0578 	 2 
83.1855 	 2 
83.1855 	 1 
83.3248 	 2 
83.3248 	 1 
83.4525 	 1 
83.4641 	 2 
83.6034 	 2 
83.6034 	 1 
83.7312 	 2 
83.7312 	 1 
83.8705 	 2 
83.8705 	 1 
84.0098 	 2 
84.0098 	 1 
84.1607 	 1 
84.1607 	 2 
84.2884 	 2 
84.2884 	 1 
84.4161 	 1 
84.4278 	 2 
84.5555 	 2 
84.5555 	 1 
84.6948 	 2 
84.6948 	 1 
84.8341 	 1 
84.8341 	 2 
84.9734 	 2 
84.9734 	 1 
85.1127 	 1 
85.1127 	 2 
85.2521 	 2 
85.2637 	 1 
85.3682 	 2 
85.3798 	 1 
85.5191 	 2 
85.5307 	 1 
85.6584 	 1 
85.6584 	 2 
85.7977 	 1 
85.7977 	 2 
85.9254 	 1 
85.9254 	 2 
86.0532 	 1 
86.0648 	 2 
86.1925 	 1 
86.1925 	 2 
86.3202 	 2 
86.3202 	 1 
86.4595 	 2 
86.4595 	 1 
86.5872 	 2 
86.7381 	 1 
86.7381 	 2 
86.8659 	 2 
86.8659 	 1 
87.0168 	 1 
87.0168 	 2 
87.1445 	 1 
87.1445 	 2 
87.2838 	 1 
87.2838 	 2 
87.4115 	 2 
87.5160 	 2 
87.5624 	 2 
87.6902 	 2 
87.8295 	 2 
87.8295 	 1 
87.9572 	 2 
87.9688 	 1 
88.1081 	 2 
88.1081 	 1 
88.2242 	 2 
88.2358 	 1 
88.3868 	 1 
88.3868 	 2 
88.5145 	 1 
88.5145 	 2 
88.6422 	 2 
88.6422 	 1 
88.7815 	 1 
88.7815 	 2 
88.9208 	 1 
88.9208 	 2 
89.0485 	 2 
89.0601 	 1 
89.1878 	 2 
89.1878 	 1 
89.3272 	 2 
89.3272 	 1 
89.4665 	 2 
89.4665 	 1 
89.6058 	 2 
89.6058 	 1 
89.7451 	 2 
89.7451 	 1 
89.8728 	 2 
89.8728 	 1 
90.0122 	 1 
90.0122 	 2 
90.1515 	 1 
90.1515 	 2 
90.2908 	 1 
90.2908 	 2 
90.4185 	 1 
90.4301 	 2 
90.5578 	 1 
90.5578 	 2 
90.6971 	 1 
90.7088 	 2 
90.8249 	 1 
90.8365 	 2 
90.9642 	 2 
90.9642 	 1 
91.1035 	 2 
91.1035 	 1 
91.2428 	 2 
91.2544 	 1 
91.3705 	 1 
91.3821 	 2 
91.5215 	 2 
91.6492 	 2 
91.6492 	 1 
91.8001 	 2 
91.9162 	 2 
91.9278 	 1 
92.0555 	 2 
92.1948 	 1 
92.1948 	 2 
92.3341 	 1 
92.3341 	 2 
92.4735 	 2 
92.4735 	 1 
92.6012 	 2 
92.6128 	 1 
92.7405 	 2 
92.7521 	 1 
92.8914 	 2 
93.0191 	 2 
93.0307 	 1 
93.1585 	 1 
93.1585 	 2 
93.2978 	 1 
93.2978 	 2 
93.4255 	 2 
93.4371 	 1 
93.5648 	 1 
93.5764 	 2 
93.7041 	 1 
93.7157 	 2 
93.8434 	 1 
93.8434 	 2 
93.9828 	 2 
93.9944 	 1 
94.1221 	 1 
94.1221 	 2 
94.2498 	 1 
94.2614 	 2 
94.3891 	 2 
94.3891 	 1 
94.5168 	 2 
94.5284 	 1 
94.6561 	 1 
94.6561 	 2 
94.7839 	 1 
94.7839 	 2 
94.9232 	 1 
94.9232 	 2 
95.0625 	 1 
95.0625 	 2 
95.1902 	 2 
95.1902 	 1 
95.3295 	 2 
95.4572 	 1 
95.4688 	 2 
95.5966 	 2 
95.5966 	 1 
95.7475 	 1 
95.7475 	 2 
95.8752 	 2 
96.0145 	 2 
96.0145 	 1 
96.0842 	 2 
96.1306 	 2 
96.1771 	 2 
96.2351 	 2 
96.2932 	 2 
96.4325 	 2 
96.5602 	 1 
96.5602 	 2 
96.6879 	 1 
96.6995 	 2 
96.8388 	 1 
96.8388 	 2 
96.9665 	 1 
96.9665 	 2 
97.1059 	 2 
97.1175 	 1 
97.2452 	 2 
97.2452 	 1 
97.3845 	 2 
97.3845 	 1 
97.5122 	 1 
97.5238 	 2 
97.6515 	 2 
97.6515 	 1 
97.7908 	 2 
97.7908 	 1 
97.9302 	 1 
97.9302 	 2 
98.0695 	 2 
98.0695 	 1 
98.2088 	 1 
98.2088 	 2 
98.3481 	 2 
98.3481 	 1 
98.4758 	 1 
98.4758 	 2 
98.6151 	 1 
98.6151 	 2 
98.7545 	 1 
98.7545 	 2 
98.8938 	 2 
99.0215 	 1 
99.0215 	 2 
99.1492 	 2 
99.1608 	 1 
99.3001 	 1 
99.3001 	 2 
99.4278 	 2 
99.4395 	 1 
99.5556 	 1 
99.5556 	 2 
99.6949 	 2 
99.8342 	 1 
99.8342 	 2 
99.9735 	 2 
99.9851 	 1 
100.1128 	 2 
100.1128 	 1 
100.2522 	 2 
100.2522 	 1 
100.3799 	 2 
100.3915 	 1 
100.5192 	 1 
100.5192 	 2 
100.6353 	 1 
100.6469 	 2 
100.7862 	 2 
100.9139 	 2 
100.9139 	 1 
101.0532 	 2 
101.0649 	 1 
101.1926 	 1 
101.1926 	 2 
101.3319 	 1 
101.3319 	 2 
101.4712 	 2 
101.4712 	 1 
101.5989 	 1 
101.6105 	 2 
101.7382 	 2 
101.7382 	 1 
101.8659 	 1 
101.8659 	 2 
102.0053 	 2 
102.0053 	 1 
102.1446 	 2 
102.1562 	 1 
102.2839 	 1 
102.2839 	 2 
102.4232 	 2 
102.4232 	 1 
102.5625 	 1 
102.5625 	 2 
102.6902 	 2 
102.8180 	 2 
102.8180 	 1 
102.9689 	 2 
103.0966 	 1 
103.0966 	 2 
103.2359 	 2 
103.3636 	 1 
103.3752 	 2 
103.5029 	 1 
103.5029 	 2 
103.6423 	 1 
103.6423 	 2 
103.7700 	 1 
103.7816 	 2 
103.9209 	 1 
103.9209 	 2 
104.0486 	 2 
104.1879 	 2 
104.1879 	 1 
104.3156 	 2 
104.3273 	 1 
104.4666 	 2 
104.4782 	 1 
104.6059 	 2 
104.7452 	 1 
104.7452 	 2 
104.8729 	 2 
105.0122 	 1 
105.0122 	 2 
105.1400 	 2 
105.2793 	 1 
105.2793 	 2 
105.4302 	 1 
105.4302 	 2 
105.5579 	 1 
105.5579 	 2 
105.6740 	 2 
105.6740 	 1 
105.8249 	 2 
105.8249 	 1 
105.9643 	 2 
105.9643 	 1 
106.1036 	 2 
106.1036 	 1 
106.2313 	 2 
106.3706 	 2 
106.3706 	 1 
106.6609 	 2 
106.6609 	 1 
106.8118 	 2 
106.9279 	 2 
107.0440 	 2 
107.0556 	 1 
107.1949 	 1 
107.1949 	 2 
107.3342 	 1 
107.3459 	 2 
107.4620 	 1 
107.4620 	 2 
107.6129 	 1 
107.6129 	 2 
107.7406 	 1 
107.7522 	 2 
107.8683 	 1 
107.8799 	 2 
108.0076 	 1 
108.0076 	 2 
108.1353 	 1 
108.1469 	 2 
108.2746 	 1 
108.2746 	 2 
108.4140 	 1 
108.4140 	 2 
108.5533 	 1 
108.5533 	 2 
108.6926 	 2 
108.6926 	 1 
108.8203 	 1 
108.8319 	 2 
108.9596 	 2 
108.9596 	 1 
109.0990 	 2 
109.0990 	 1 
109.2383 	 1 
109.2383 	 2 
109.3660 	 1 
109.3776 	 2 
109.5053 	 1 
109.5053 	 2 
109.6330 	 1 
109.6330 	 2 
109.7839 	 1 
109.7839 	 2 
109.9117 	 2 
109.9117 	 1 
110.0394 	 2 
110.0510 	 1 
110.1903 	 2 
110.1903 	 1 
110.3180 	 1 
110.3296 	 2 
110.4573 	 1 
110.4573 	 2 
110.5850 	 1 
110.5850 	 2 
110.7244 	 2 
110.7244 	 1 
110.8637 	 1 
110.8637 	 2 
111.0030 	 2 
111.0146 	 1 
111.1307 	 2 
111.1423 	 1 
111.2816 	 1 
111.2816 	 2 
111.4210 	 1 
111.4210 	 2 
111.5603 	 1 
111.5603 	 2 
111.6880 	 1 
111.6996 	 2 
111.8273 	 1 
111.8273 	 2 
111.9666 	 2 
112.0943 	 1 
112.0943 	 2 
112.2337 	 1 
112.2337 	 2 
112.3614 	 2 
112.3614 	 1 
112.5007 	 1 
112.5007 	 2 
112.6284 	 2 
112.6400 	 1 
112.7677 	 1 
112.7677 	 2 
112.9070 	 2 
112.9186 	 1 
113.0347 	 2 
113.0347 	 1 
113.1857 	 2 
113.1973 	 1 
113.3134 	 1 
113.3134 	 2 
113.4527 	 1 
113.4527 	 2 
113.5920 	 2 
113.6849 	 2 
113.7313 	 2 
113.8707 	 2 
113.9984 	 1 
113.9984 	 2 
114.1377 	 1 
114.1377 	 2 
114.2654 	 1 
114.2654 	 2 
114.3931 	 2 
114.4047 	 1 
114.5440 	 1 
114.5440 	 2 
114.6717 	 1 
114.6717 	 2 
114.8111 	 1 
114.8111 	 2 
114.9504 	 1 
114.9504 	 2 
115.0897 	 1 
115.0897 	 2 
115.2290 	 2 
115.2290 	 1 
115.3683 	 2 
115.3683 	 1 
115.5077 	 1 
115.5077 	 2 
115.6354 	 1 
115.6354 	 2 
115.7747 	 2 
115.7863 	 1 
115.9024 	 1 
115.9024 	 2 
116.0533 	 2 
116.1810 	 2 
116.1810 	 1 
116.3088 	 2 
116.3204 	 1 
116.4481 	 1 
116.4481 	 2 
116.5874 	 1 
116.5874 	 2 
116.7267 	 1 
116.7267 	 2 
116.8544 	 1 
116.8660 	 2 
116.9937 	 1 
116.9937 	 2 
117.1331 	 1 
117.1331 	 2 
117.2724 	 1 
117.2724 	 2 
117.4117 	 2 
117.4117 	 1 
117.5510 	 1 
117.5510 	 2 
117.6787 	 2 
117.6787 	 1 
117.8180 	 2 
117.8180 	 1 
117.9574 	 1 
117.9574 	 2 
118.0967 	 1 
118.0967 	 2 
118.2360 	 1 
118.2360 	 2 
118.3637 	 1 
118.3637 	 2 
118.5030 	 2 
118.5030 	 1 
118.6424 	 2 
118.6424 	 1 
118.7701 	 2 
118.7817 	 1 
118.9210 	 1 
118.9210 	 2 
119.0603 	 2 
119.0603 	 1 
119.1996 	 2 
119.1996 	 1 
119.3273 	 2 
119.3273 	 1 
119.4667 	 2 
119.4667 	 1 
119.6060 	 2 
119.6060 	 1 
119.7337 	 2 
119.7453 	 1 
119.8846 	 1 
119.8846 	 2 
120.0239 	 2 
120.0239 	 1 
120.1633 	 1 
120.1633 	 2 
120.2910 	 1 
120.2910 	 2 
120.4187 	 2 
120.4303 	 1 
120.5580 	 2 
120.5580 	 1 
120.6973 	 2 
120.6973 	 1 
120.8250 	 2 
120.8366 	 1 
120.9644 	 1 
120.9644 	 2 
121.0921 	 1 
121.1037 	 2 
121.2314 	 1 
121.2314 	 2 
121.3591 	 1 
121.3591 	 2 
121.4868 	 2 
121.4868 	 1 
121.6261 	 1 
121.6377 	 2 
121.7654 	 2 
121.7771 	 1 
121.9164 	 2 
121.9164 	 1 
122.0441 	 1 
122.0557 	 2 
122.1834 	 1 
122.1834 	 2 
122.3227 	 2 
122.3227 	 1 
122.4388 	 1 
122.4504 	 2 
122.5898 	 1 
122.5898 	 2 
122.7175 	 1 
122.7175 	 2 
122.8568 	 1 
122.8568 	 2 
123.0077 	 1 
123.0077 	 2 
123.1354 	 2 
123.1354 	 1 
123.2747 	 2 
123.2747 	 1 
123.4141 	 1 
123.4141 	 2 
123.5534 	 2 
123.5534 	 1 
123.6927 	 2 
123.6927 	 1 
123.8320 	 2 
123.8320 	 1 
123.9597 	 2 
123.9713 	 1 
124.1107 	 2 
124.1223 	 1 
124.2384 	 2 
124.2500 	 1 
124.3777 	 2 
124.3777 	 1 
124.5170 	 1 
124.5170 	 2 
124.6563 	 1 
124.6563 	 2 
