0.0232 	 1 
0.0232 	 2 
0.0464 	 2 
0.1393 	 2 
0.1393 	 1 
0.1393 	 0 
0.4180 	 2 
0.4296 	 0 
0.6966 	 1 
0.6966 	 2 
0.6966 	 0 
0.9752 	 0 
0.9752 	 2 
0.9868 	 1 
1.2423 	 2 
1.2423 	 0 
1.2423 	 1 
1.5209 	 2 
1.7879 	 0 
1.7995 	 1 
1.7995 	 2 
2.2291 	 1 
2.2291 	 2 
2.3336 	 2 
2.3452 	 1 
2.6006 	 2 
2.6122 	 1 
2.7632 	 1 
2.7748 	 0 
2.7748 	 2 
2.8677 	 2 
2.8793 	 1 
3.1463 	 2 
3.1579 	 0 
3.3088 	 1 
3.3088 	 2 
3.4133 	 0 
3.4133 	 1 
3.4249 	 2 
3.6920 	 1 
3.6920 	 2 
3.6920 	 0 
3.9706 	 2 
4.1332 	 2 
4.1448 	 0 
4.1448 	 1 
4.4931 	 2 
4.5047 	 1 
4.6788 	 2 
4.7717 	 2 
5.0503 	 2 
5.0503 	 1 
5.5960 	 1 
5.5960 	 0 
5.5960 	 2 
6.0372 	 2 
6.1301 	 0 
6.1301 	 2 
6.1417 	 1 
6.4087 	 2 
6.5480 	 1 
6.5480 	 2 
6.6641 	 2 
6.6757 	 1 
6.9428 	 1 
6.9428 	 2 
7.2098 	 2 
7.2214 	 1 
7.4768 	 2 
7.4884 	 0 
7.5000 	 1 
7.7671 	 2 
7.7671 	 0 
7.7787 	 1 
8.0225 	 0 
8.0225 	 1 
8.0341 	 2 
8.3127 	 2 
8.7307 	 2 
8.7423 	 0 
8.7423 	 1 
8.8584 	 2 
8.9513 	 2 
9.0442 	 2 
9.1371 	 2 
9.4041 	 2 
9.5898 	 2 
9.9614 	 2 
9.9730 	 1 
10.2400 	 2 
10.5070 	 1 
10.5186 	 2 
10.7973 	 2 
11.0527 	 1 
11.0527 	 2 
11.3429 	 2 
11.5984 	 2 
11.7957 	 2 
12.1208 	 2 
12.1324 	 0 
12.1324 	 1 
12.3182 	 2 
12.4575 	 2 
12.6781 	 2 
13.1193 	 2 
13.2122 	 2 
13.2238 	 1 
13.5024 	 2 
13.5024 	 1 
13.7694 	 2 
13.7694 	 0 
13.9320 	 2 
14.3035 	 2 
14.3035 	 0 
14.8492 	 0 
14.8492 	 2 
15.1278 	 0 
15.4064 	 0 
15.4064 	 2 
15.6735 	 2 
15.9405 	 1 
15.9521 	 2 
16.2191 	 2 
16.4978 	 1 
16.4978 	 2 
17.0434 	 1 
17.0434 	 2 
17.3221 	 2 
17.4846 	 2 
17.7749 	 2 
17.8561 	 2 
17.8678 	 1 
18.1232 	 2 
18.1232 	 1 
18.4018 	 2 
18.6688 	 2 
18.6805 	 0 
18.6805 	 1 
19.2261 	 2 
19.5164 	 2 
19.7602 	 2 
19.7602 	 0 
20.0620 	 2 
20.0620 	 0 
20.3175 	 2 
20.3291 	 1 
20.4916 	 2 
20.8631 	 1 
20.8631 	 2 
20.8631 	 0 
21.1418 	 2 
21.4088 	 2 
21.9429 	 2 
21.9429 	 0 
21.9545 	 1 
22.2215 	 2 
22.2331 	 1 
22.4769 	 0 
22.4769 	 2 
22.6627 	 2 
22.9181 	 2 
23.0110 	 2 
23.2200 	 2 
23.5566 	 1 
23.5566 	 2 
24.0094 	 2 
24.1023 	 2 
24.3810 	 2 
24.3810 	 0 
24.6364 	 0 
24.6364 	 2 
24.6480 	 1 
25.2053 	 1 
25.2053 	 2 
25.4839 	 2 
25.4955 	 1 
25.7625 	 2 
25.7741 	 0 
25.7741 	 1 
26.1805 	 2 
26.3082 	 2 
26.5636 	 2 
26.8539 	 0 
26.8539 	 2 
27.4112 	 2 
27.9568 	 2 
28.4909 	 0 
28.5025 	 1 
28.5025 	 2 
29.0482 	 0 
29.0482 	 1 
29.0482 	 2 
29.5822 	 2 
29.5822 	 1 
29.5938 	 0 
29.7680 	 2 
30.1163 	 2 
30.3949 	 2 
30.6503 	 2 
30.6503 	 1 
30.6503 	 0 
31.2076 	 2 
31.7649 	 2 
32.0203 	 2 
32.2990 	 0 
32.3106 	 2 
32.3106 	 1 
32.8446 	 0 
32.8446 	 2 
33.2626 	 2 
33.6689 	 2 
33.9244 	 1 
33.9244 	 2 
34.4584 	 2 
34.4700 	 1 
34.8183 	 2 
34.8996 	 2 
35.0157 	 2 
35.1898 	 2 
35.2943 	 2 
35.3059 	 1 
35.5730 	 2 
35.7355 	 2 
35.7471 	 1 
36.1070 	 2 
36.1186 	 1 
36.3973 	 2 
36.6643 	 2 
36.6643 	 1 
36.9429 	 2 
37.2100 	 0 
37.2100 	 2 
37.2216 	 1 
37.4770 	 2 
37.7673 	 1 
37.7673 	 0 
37.7673 	 2 
38.3129 	 2 
38.3245 	 0 
38.3245 	 1 
38.6032 	 2 
38.7425 	 2 
38.8470 	 2 
39.1372 	 2 
39.1372 	 0 
39.1372 	 1 
39.4043 	 1 
39.4043 	 2 
39.7061 	 2 
39.9383 	 2 
39.9383 	 0 
40.1241 	 2 
40.2170 	 2 
40.2286 	 1 
40.4956 	 1 
40.4956 	 2 
40.9136 	 2 
40.9136 	 1 
41.0297 	 2 
41.2967 	 2 
41.3083 	 0 
41.5753 	 2 
41.5753 	 0 
41.5753 	 1 
42.1094 	 2 
42.1210 	 1 
42.3996 	 2 
42.5506 	 2 
42.6783 	 2 
42.9801 	 1 
43.2123 	 2 
43.2123 	 1 
43.5258 	 2 
43.6651 	 2 
43.6651 	 1 
43.6651 	 0 
43.7928 	 1 
43.7928 	 0 
43.7928 	 2 
44.0599 	 2 
44.0715 	 1 
44.3501 	 0 
44.3501 	 2 
44.3617 	 1 
44.7797 	 1 
44.7797 	 2 
44.8842 	 2 
44.8958 	 1 
45.1628 	 0 
45.1628 	 1 
45.1628 	 2 
45.4415 	 2 
45.4647 	 1 
45.8362 	 2 
45.8478 	 1 
45.8478 	 0 
45.9755 	 2 
45.9755 	 0 
45.9871 	 1 
46.2425 	 1 
46.2425 	 2 
46.2425 	 0 
46.5212 	 2 
46.7766 	 2 
47.0552 	 2 
47.0668 	 1 
47.3107 	 1 
47.3107 	 2 
47.5893 	 1 
47.5893 	 2 
47.5893 	 0 
47.8447 	 2 
48.0189 	 2 
48.1234 	 2 
48.1350 	 1 
48.3672 	 2 
48.5761 	 2 
48.6806 	 2 
48.6922 	 1 
48.9593 	 2 
49.1102 	 2 
49.1218 	 1 
49.2263 	 1 
49.2263 	 2 
49.4817 	 1 
49.4817 	 0 
49.4933 	 2 
49.7720 	 2 
49.7836 	 1 
50.0274 	 2 
50.1783 	 2 
50.1899 	 1 
50.3060 	 2 
50.4454 	 2 
50.5847 	 1 
50.5847 	 0 
50.5963 	 2 
50.7588 	 2 
50.7588 	 1 
51.2929 	 2 
51.2929 	 1 
51.3045 	 0 
51.4090 	 2 
51.4090 	 1 
51.5019 	 0 
51.5019 	 2 
51.5831 	 2 
51.5831 	 1 
51.5947 	 0 
51.6876 	 2 
51.6992 	 1 
51.9663 	 2 
51.9779 	 1 
52.2681 	 2 
52.3958 	 1 
52.3958 	 2 
52.5119 	 1 
52.5119 	 2 
52.9299 	 2 
53.0576 	 2 
53.0576 	 0 
53.0692 	 1 
53.3362 	 2 
53.4988 	 2 
53.6033 	 2 
53.6149 	 1 
53.8819 	 0 
53.8819 	 2 
53.8935 	 1 
54.1489 	 0 
54.1605 	 2 
54.1722 	 1 
54.5785 	 0 
54.5785 	 2 
54.5785 	 1 
54.6830 	 2 
54.6830 	 0 
54.6946 	 1 
54.9500 	 0 
54.9616 	 1 
54.9616 	 2 
55.2403 	 2 
55.2519 	 1 
55.7743 	 1 
55.7743 	 0 
55.7743 	 2 
56.0530 	 2 
56.0530 	 1 
56.0646 	 0 
56.3200 	 0 
56.3200 	 2 
56.3200 	 1 
56.5870 	 2 
56.7728 	 0 
56.7728 	 1 
56.7728 	 2 
56.8541 	 1 
56.8541 	 2 
57.0630 	 1 
57.1327 	 0 
57.1327 	 2 
57.4113 	 2 
57.4229 	 1 
57.4229 	 0 
57.8525 	 2 
57.8525 	 1 
57.9454 	 2 
57.9570 	 1 
58.2124 	 1 
58.2124 	 2 
58.4795 	 0 
58.4911 	 1 
58.4911 	 2 
58.9090 	 2 
58.9322 	 2 
59.0251 	 2 
59.0483 	 1 
59.3038 	 1 
59.3154 	 2 
59.3154 	 0 
59.4895 	 2 
59.4895 	 1 
59.5824 	 0 
59.5940 	 2 
60.0004 	 2 
60.0120 	 0 
60.1281 	 2 
60.1281 	 0 
60.4299 	 2 
60.5693 	 2 
60.6854 	 2 
60.8363 	 1 
60.8363 	 2 
61.2078 	 2 
61.4980 	 2 
61.7767 	 2 
61.7767 	 1 
62.0553 	 2 
62.3224 	 2 
62.8680 	 0 
62.8680 	 2 
62.8680 	 1 
63.1118 	 2 
63.4021 	 2 
63.4021 	 0 
63.4137 	 1 
63.7504 	 2 
63.9361 	 2 
64.3889 	 2 
64.3889 	 1 
64.4934 	 1 
64.7721 	 1 
64.7837 	 2 
65.0275 	 0 
65.0275 	 2 
65.0275 	 1 
65.2132 	 2 
65.3061 	 2 
65.5732 	 0 
65.5732 	 2 
66.0259 	 2 
66.1072 	 0 
66.6645 	 0 
66.6645 	 2 
66.9547 	 2 
67.1985 	 2 
67.2102 	 0 
67.7442 	 2 
67.7442 	 1 
68.1970 	 2 
68.2899 	 2 
68.2899 	 1 
68.5569 	 2 
68.5685 	 0 
68.8239 	 0 
68.8239 	 1 
68.8239 	 2 
69.1258 	 0 
69.1258 	 2 
69.3696 	 2 
69.6599 	 2 
69.9153 	 0 
69.9153 	 2 
69.9269 	 1 
70.4726 	 1 
70.4726 	 2 
70.4726 	 0 
70.7860 	 2 
71.0182 	 1 
71.0182 	 2 
71.0182 	 0 
71.3317 	 2 
71.5639 	 2 
71.5755 	 1 
71.8425 	 2 
72.1212 	 2 
72.1212 	 0 
72.1212 	 1 
72.6436 	 2 
72.6552 	 0 
72.9455 	 2 
73.0732 	 2 
73.1893 	 2 
73.1893 	 1 
73.1893 	 0 
73.7234 	 2 
73.7234 	 0 
73.7350 	 1 
73.9207 	 2 
74.0136 	 2 
74.2806 	 0 
74.2806 	 2 
74.8495 	 2 
74.8495 	 1 
75.1166 	 2 
75.3952 	 2 
75.3952 	 0 
75.6854 	 2 
75.9409 	 2 
75.9409 	 1 
76.2195 	 2 
76.3820 	 2 
76.3820 	 1 
76.4749 	 2 
76.7303 	 0 
76.7420 	 2 
76.7536 	 1 
77.0090 	 2 
77.0206 	 1 
77.0206 	 0 
77.2876 	 0 
77.4385 	 1 
77.4502 	 2 
77.4502 	 0 
77.5546 	 2 
78.1119 	 2 
78.2861 	 2 
78.6576 	 2 
78.9595 	 2 
79.2265 	 2 
79.5051 	 2 
79.5167 	 1 
79.7722 	 1 
79.7722 	 0 
79.7722 	 2 
80.0160 	 2 
80.3178 	 2 
80.3178 	 1 
80.3294 	 0 
80.8519 	 2 
81.2698 	 2 
81.3859 	 2 
81.6646 	 2 
81.9316 	 2 
81.9316 	 0 
81.9316 	 1 
82.1522 	 2 
82.4657 	 2 
82.4773 	 0 
83.0113 	 2 
83.5570 	 1 
83.5686 	 2 
84.1143 	 2 
84.1259 	 0 
84.1259 	 1 
84.4045 	 2 
84.6600 	 2 
84.6716 	 1 
85.0895 	 2 
85.0895 	 1 
85.1824 	 0 
85.1824 	 2 
85.7165 	 1 
85.7281 	 2 
85.9022 	 2 
86.0532 	 2 
86.1693 	 2 
86.2737 	 2 
86.4711 	 2 
86.5756 	 2 
86.5872 	 1 
86.8426 	 2 
87.0168 	 2 
87.3883 	 2 
87.3883 	 0 
87.3883 	 1 
87.6785 	 2 
87.9340 	 0 
87.9456 	 2 
87.9456 	 1 
88.2242 	 2 
88.4796 	 2 
88.4912 	 0 
88.7583 	 2 
88.7699 	 1 
89.0369 	 0 
89.0485 	 2 
89.0485 	 1 
89.2111 	 2 
89.5826 	 0 
89.5942 	 2 
89.5942 	 1 
89.8844 	 2 
90.1283 	 1 
90.1283 	 0 
90.1283 	 2 
90.6739 	 0 
90.6855 	 2 
90.6855 	 1 
90.9642 	 2 
90.9642 	 0 
90.9758 	 1 
91.1151 	 2 
91.2080 	 2 
91.4982 	 2 
91.4982 	 0 
91.5098 	 1 
91.7653 	 2 
91.7653 	 1 
91.7653 	 0 
92.0439 	 2 
92.3109 	 2 
92.3109 	 1 
92.7405 	 2 
93.3907 	 2 
93.4023 	 1 
93.6925 	 2 
93.8202 	 2 
93.8202 	 1 
93.9363 	 1 
93.9363 	 0 
93.9363 	 2 
94.2150 	 2 
94.2266 	 1 
94.4820 	 0 
94.4936 	 1 
94.4936 	 2 
94.7839 	 2 
94.9232 	 2 
95.0393 	 2 
95.0509 	 0 
95.0509 	 1 
95.3179 	 2 
95.4805 	 2 
95.5966 	 2 
95.5966 	 0 
95.6082 	 1 
95.8752 	 2 
96.0145 	 2 
96.1306 	 2 
96.1538 	 1 
96.4325 	 2 
96.4325 	 0 
96.4325 	 1 
96.6879 	 0 
96.6879 	 2 
96.6995 	 1 
97.1059 	 2 
97.1175 	 1 
97.1291 	 2 
97.1291 	 0 
97.2336 	 2 
97.2336 	 1 
97.2336 	 0 
97.4425 	 2 
97.5238 	 1 
97.5238 	 2 
97.7908 	 2 
97.8141 	 1 
97.8141 	 0 
98.2320 	 2 
98.2436 	 0 
98.2436 	 1 
98.3365 	 1 
98.3365 	 2 
98.3481 	 0 
98.6151 	 2 
98.8822 	 0 
98.8822 	 2 
98.8938 	 1 
99.1608 	 0 
99.1608 	 2 
99.4278 	 0 
99.4278 	 1 
99.4278 	 2 
99.6484 	 2 
99.6949 	 2 
99.8574 	 2 
99.9619 	 1 
99.9735 	 2 
99.9735 	 0 
100.2405 	 2 
100.2405 	 0 
100.3915 	 2 
100.3915 	 1 
100.5076 	 2 
100.5192 	 1 
100.6817 	 2 
100.7862 	 2 
100.7862 	 1 
101.0416 	 0 
101.0532 	 1 
101.0532 	 2 
101.4712 	 2 
101.4712 	 1 
101.5989 	 2 
101.5989 	 1 
101.7498 	 2 
101.8659 	 1 
101.8776 	 2 
102.0517 	 2 
102.1330 	 2 
