0.0116 	 0 
0.6037 	 2 
0.6037 	 1 
0.6153 	 0 
0.9985 	 1 
1.1378 	 0 
1.1494 	 2 
1.4048 	 0 
1.4164 	 2 
1.6718 	 0 
1.6718 	 2 
1.9389 	 2 
1.9505 	 1 
2.2291 	 0 
2.5078 	 2 
2.7864 	 1 
2.7864 	 2 
3.0534 	 2 
3.1579 	 0 
3.3321 	 2 
3.3321 	 0 
3.4598 	 1 
3.5875 	 2 
3.5991 	 0 
3.8661 	 1 
3.8661 	 2 
4.1332 	 2 
4.4002 	 2 
4.4118 	 0 
4.6788 	 2 
4.9691 	 2 
4.9691 	 1 
5.2361 	 2 
5.3638 	 0 
5.5031 	 0 
5.5147 	 2 
5.7585 	 2 
5.7702 	 0 
6.0372 	 2 
6.0372 	 0 
6.3042 	 2 
6.3158 	 1 
6.3158 	 0 
6.5712 	 0 
6.5712 	 2 
6.8499 	 2 
7.1401 	 1 
7.1401 	 2 
7.6742 	 0 
7.6742 	 2 
8.3476 	 1 
8.4753 	 1 
8.7539 	 2 
8.7655 	 0 
9.0326 	 2 
9.3112 	 1 
9.3112 	 2 
9.3228 	 0 
9.5898 	 2 
9.8337 	 2 
9.8453 	 0 
10.1123 	 2 
10.3793 	 2 
10.3909 	 0 
10.6463 	 0 
10.6580 	 2 
10.6580 	 1 
10.9482 	 2 
10.9598 	 0 
11.4939 	 2 
11.4939 	 0 
11.4939 	 1 
11.7841 	 2 
12.0512 	 1 
12.0512 	 2 
12.0512 	 0 
12.3182 	 0 
12.3298 	 2 
12.5968 	 2 
12.5968 	 1 
12.8522 	 1 
12.8639 	 2 
13.1193 	 2 
13.6882 	 2 
13.6882 	 1 
13.9668 	 2 
14.0829 	 0 
14.2338 	 0 
14.2338 	 2 
14.5009 	 0 
14.5009 	 2 
14.7563 	 2 
15.0465 	 1 
15.0465 	 2 
15.3368 	 0 
15.5922 	 2 
15.8708 	 1 
15.8708 	 2 
16.3933 	 0 
16.4049 	 2 
16.6603 	 2 
16.8229 	 1 
17.2176 	 1 
17.3569 	 1 
17.4962 	 0 
17.7633 	 2 
18.0419 	 1 
18.0419 	 2 
18.1928 	 0 
18.2973 	 2 
18.5992 	 0 
18.7269 	 1 
18.8546 	 2 
19.0055 	 0 
19.1100 	 2 
19.1216 	 1 
19.2726 	 0 
19.3654 	 1 
19.3887 	 2 
19.6441 	 2 
19.9227 	 2 
20.0853 	 0 
20.2130 	 1 
20.2246 	 2 
20.4684 	 2 
20.7586 	 2 
20.7702 	 0 
21.0257 	 2 
21.2927 	 1 
21.2927 	 2 
21.4088 	 2 
21.4088 	 0 
21.5249 	 2 
21.6990 	 1 
21.8268 	 1 
21.8384 	 0 
22.4189 	 1 
22.4305 	 2 
22.7091 	 2 
22.8368 	 0 
22.9761 	 2 
22.9761 	 0 
23.2200 	 0 
23.4986 	 2 
23.5102 	 0 
23.5102 	 1 
23.7772 	 1 
23.7888 	 2 
24.0559 	 2 
24.0675 	 0 
24.3345 	 2 
24.6015 	 2 
24.6015 	 0 
24.6015 	 1 
24.8918 	 2 
25.1472 	 2 
25.4026 	 0 
25.4142 	 2 
25.6929 	 0 
25.6929 	 2 
25.6929 	 1 
25.9599 	 2 
26.2385 	 0 
26.2502 	 1 
26.2502 	 2 
26.3779 	 1 
26.5172 	 1 
26.6449 	 1 
26.7610 	 2 
26.9235 	 1 
27.1906 	 1 
27.4576 	 2 
28.5489 	 1 
28.6766 	 1 
28.8160 	 1 
28.9321 	 2 
29.0946 	 1 
29.3384 	 0 
29.3500 	 1 
29.6054 	 1 
29.8841 	 0 
29.8957 	 1 
29.8957 	 2 
30.0466 	 2 
30.1976 	 1 
30.3253 	 1 
30.4530 	 1 
31.1496 	 1 
31.1612 	 2 
31.4398 	 2 
31.5443 	 0 
31.6836 	 2 
31.9390 	 2 
31.9390 	 0 
32.2177 	 2 
32.4847 	 1 
32.4847 	 2 
32.7750 	 2 
33.0304 	 2 
33.3090 	 2 
33.3090 	 1 
33.5877 	 2 
33.6805 	 0 
33.8547 	 2 
34.1217 	 2 
34.1217 	 0 
34.4004 	 2 
34.4004 	 1 
34.6674 	 2 
34.8183 	 0 
34.9460 	 2 
34.9460 	 1 
35.5033 	 2 
35.5033 	 1 
35.7936 	 2 
36.0490 	 2 
36.3160 	 2 
36.3160 	 1 
36.5830 	 2 
36.8501 	 1 
36.8501 	 2 
37.1403 	 0 
37.6744 	 2 
37.6860 	 0 
37.6860 	 1 
37.9646 	 2 
38.2200 	 1 
38.2200 	 2 
38.8934 	 1 
39.0327 	 1 
39.2766 	 1 
39.6016 	 1 
39.6597 	 2 
39.8571 	 1 
39.8571 	 0 
39.8687 	 2 
40.4027 	 2 
40.4027 	 0 
40.6581 	 2 
40.6698 	 0 
40.9252 	 2 
41.1922 	 0 
41.2038 	 1 
41.2154 	 2 
41.4708 	 2 
41.7495 	 2 
42.0165 	 1 
42.0281 	 2 
42.3184 	 2 
42.3880 	 0 
42.5738 	 2 
42.5854 	 0 
42.8408 	 2 
43.0962 	 1 
43.1078 	 2 
43.3749 	 2 
43.6651 	 2 
43.6651 	 1 
43.6651 	 0 
44.2108 	 1 
44.2224 	 2 
44.6171 	 1 
44.6752 	 0 
44.7681 	 2 
45.0119 	 2 
45.0235 	 0 
45.3021 	 2 
45.5459 	 0 
45.5459 	 1 
45.5692 	 2 
45.8478 	 0 
46.1729 	 1 
46.3935 	 1 
46.3935 	 2 
46.3935 	 0 
46.4515 	 2 
46.4515 	 1 
46.6721 	 2 
46.7766 	 0 
46.9275 	 0 
46.9391 	 2 
47.1946 	 2 
47.3339 	 1 
47.4616 	 0 
47.4616 	 1 
47.4732 	 2 
47.7286 	 1 
48.0189 	 0 
48.0189 	 1 
