0.270	0
0.270	2
0.410	2
0.530	2
0.680	2
0.810	1
0.940	2
1.080	2
1.220	2
1.360	0
1.360	2
1.500	2
1.630	2
1.770	2
1.910	1
2.040	2
2.190	2
2.330	2
2.470	0
2.470	2
2.600	2
2.730	2
2.870	2
3.010	1
3.130	2
3.270	2
3.400	2
3.540	0
3.540	2
3.680	2
3.810	1
3.960	2
4.090	1
4.230	2
4.370	2
4.500	2
4.640	0
4.640	2
4.780	2
4.900	2
5.050	2
5.180	1
5.310	2
5.450	2
5.590	2
5.730	0
5.730	2
5.850	2
5.990	2
6.120	2
6.270	1
6.400	2
6.540	2
6.690	2
6.820	0
6.820	2
6.960	2
7.090	2
7.240	2
7.360	1
7.500	2
7.630	2
7.770	2
7.900	0
7.900	2
8.030	2
8.180	1
8.300	2
8.450	1
8.570	2
8.720	2
9.000	0
9.000	2
9.130	2
9.270	2
9.400	2
9.530	1
9.660	2
9.810	2
9.940	2
10.080	0
10.080	2
10.220	2
10.360	2
10.500	2
10.630	1
10.770	2
10.900	2
11.050	2
11.170	0
11.170	2
11.320	2
11.440	2
11.580	2
11.710	1
11.850	2
11.980	2
12.120	2
12.260	2
12.270	0
12.400	2
12.530	1
12.680	2
12.810	1
12.940	2
13.090	2
13.220	2
13.360	2
13.370	0
13.500	2
13.630	2
13.770	2
13.900	1
14.040	2
14.180	2
14.330	2
14.460	0
14.460	2
14.600	2
14.730	2
14.870	2
15.000	1
15.150	2
15.280	2
15.430	2
15.550	0
15.550	2
15.700	2
15.830	2
15.980	2
16.100	1
16.230	2
16.360	2
16.490	2
16.640	0
16.640	2
16.760	2
16.900	1
17.030	2
17.190	1
17.310	2
17.450	2
17.730	2
17.740	0
17.870	2
18.000	2
18.140	2
18.280	1
18.400	2
18.550	2
18.690	2
18.820	0
18.820	2
18.960	2
19.090	2
19.220	2
19.360	1
19.510	2
19.640	2
19.780	2
19.910	0
19.910	2
20.050	2
20.180	2
20.330	2
20.460	1
20.600	2
20.730	2
20.880	2
21.010	0
21.010	2
21.140	2
21.270	1
21.420	2
21.560	1
21.690	2
21.820	2
21.970	2
22.100	0
22.100	2
22.230	2
22.370	2
22.500	2
22.640	1
22.780	2
22.920	2
23.070	2
23.200	0
23.200	2
23.330	2
23.470	2
23.600	2
23.740	1
23.890	2
24.020	2
24.160	2
24.290	2
24.300	0
24.430	2
24.560	2
24.700	2
24.820	1
24.960	2
25.090	2
25.230	2
25.370	2
25.380	0
25.490	2
25.630	1
25.770	2
25.920	1
26.050	2
26.180	2
26.470	0
26.470	2
26.600	2
26.740	2
26.860	2
27.010	1
27.140	2
27.290	2
27.420	2
27.550	0
27.550	2
27.690	2
27.830	2
27.960	2
28.100	1
28.240	2
28.380	2
28.520	2
28.650	0
28.650	2
28.790	2
28.920	2
29.050	2
29.200	1
29.330	2
29.470	2
29.610	2
29.730	0
29.730	2
29.880	2
30.000	1
30.150	2
30.290	1
30.440	2
30.560	2
30.700	2
30.820	0
30.820	2
30.960	2
31.090	2
31.230	2
31.360	1
31.500	2
31.640	2
31.780	2
31.900	2
31.910	0
32.040	2
32.180	2
32.320	2
32.450	1
32.600	2
32.740	2
32.870	2
33.000	0
33.000	2
33.140	2
33.270	2
33.420	2
33.540	1
33.680	2
33.810	2
33.950	2
34.090	0
34.090	2
34.210	2
34.360	1
34.640	1
34.910	2
35.190	0
35.190	2
35.310	2
35.460	2
35.600	2
35.730	1
35.850	2
36.000	2
36.140	2
36.280	0
36.280	2
36.410	2
36.550	2
36.840	1
36.970	1
37.100	1
37.230	2
37.380	0
37.380	2
37.510	2
37.640	2
37.780	2
37.910	1
38.050	2
38.180	2
38.320	2
38.440	0
38.440	2
38.600	2
38.740	1
38.880	2
39.010	1
39.150	2
39.290	2
39.420	2
39.560	0
39.560	2
39.700	2
39.830	2
39.970	2
40.100	1
40.240	2
40.370	2
40.510	2
40.650	0
40.650	2
40.780	2
40.920	2
41.050	2
41.200	1
41.320	2
41.470	2
41.610	2
41.740	2
41.750	0
41.890	2
42.010	2
42.160	2
42.290	1
42.420	2
42.550	2
42.690	2
42.820	0
42.820	2
42.950	2
43.100	1
43.220	2
43.380	1
43.500	2
43.640	2
43.920	2
43.930	0
44.060	2
44.190	2
44.320	2
44.460	1
44.590	2
44.730	2
44.860	2
45.000	0
45.000	2
45.140	2
45.280	2
45.420	2
45.550	1
45.700	2
45.820	2
45.970	2
46.090	0
46.090	2
46.240	2
46.370	2
46.510	2
46.640	1
46.780	2
46.910	2
47.050	2
47.190	0
47.190	2
47.320	2
47.450	1
47.600	2
47.730	1
47.870	2
48.010	2
48.150	2
48.290	0
48.290	2
48.420	2
48.560	2
48.690	2
48.830	1
48.970	2
49.100	2
49.250	2
49.380	2
49.390	0
49.520	2
49.650	2
49.790	2
49.920	1
50.080	2
50.200	2
50.360	2
50.470	0
50.470	2
50.620	2
50.750	2
50.900	2
51.020	1
51.160	2
51.290	2
51.420	2
51.560	2
51.570	0
51.690	2
51.830	1
51.960	2
52.110	1
52.240	2
52.370	2
52.660	0
52.660	2
52.790	2
52.930	2
53.060	2
53.200	1
53.330	2
53.480	2
53.610	2
53.740	0
53.740	2
53.880	2
54.010	2
54.150	2
54.290	1
54.430	2
54.570	2
54.700	2
54.840	0
54.840	2
54.980	2
55.110	2
55.250	2
55.380	1
55.520	2
55.650	2
55.800	2
55.930	0
55.930	2
56.070	2
56.190	1
56.350	2
56.480	1
56.620	2
56.750	2
56.890	2
57.020	0
57.020	2
57.160	2
57.290	2
57.420	2
57.570	1
57.710	2
57.850	2
57.990	2
58.120	2
58.130	0
58.250	2
58.390	2
58.530	2
58.660	1
58.810	2
58.940	2
59.080	2
59.220	0
59.220	2
59.350	2
59.480	2
59.620	2
59.750	1
59.890	2
60.020	2
60.160	2
60.300	0
60.300	2
60.420	2
60.550	1
60.690	2
60.840	1
60.970	2
61.110	2
61.390	2
61.400	0
61.520	2
61.660	2
61.790	2
61.930	1
62.070	2
62.210	2
62.350	2
62.480	0
62.480	2
62.610	2
62.750	2
62.880	2
63.030	1
63.170	2
63.300	2
63.440	2
63.570	2
63.580	0
63.710	2
63.840	2
63.980	2
64.120	1
64.250	2
64.390	2
64.530	2
64.650	0
64.650	2
64.810	2
64.920	1
65.080	2
65.210	1
65.360	2
65.480	2
65.620	2
65.740	0
65.740	2
65.890	2
66.010	2
66.150	2
66.290	1
66.430	2
66.560	2
66.700	2
66.830	0
66.830	2
66.970	2
67.100	2
67.240	2
67.380	1
67.520	2
67.660	2
67.800	2
67.920	0
67.920	2
68.060	2
68.190	2
68.340	2
68.470	1
68.610	2
68.740	2
68.870	2
69.010	0
69.010	2
69.140	2
69.280	1
69.570	1
69.830	2
70.120	0
70.230	2
70.380	2
70.520	2
70.660	1
70.780	2
70.930	2
71.060	2
71.200	0
71.200	2
71.330	2
71.470	2
71.760	1
71.900	1
72.020	1
72.150	2
72.300	0
72.300	2
72.440	2
72.560	2
72.710	2
72.820	1
72.950	2
73.090	2
73.220	2
73.350	2
73.360	0
73.500	2
73.630	1
73.780	2
73.910	1
74.050	2
74.190	2
74.320	2
74.460	0
74.460	2
74.590	2
74.720	2
74.870	2
75.000	1
75.130	2
75.270	2
75.410	2
75.550	0
75.550	2
75.670	2
75.810	2
75.940	2
76.090	1
76.220	2
76.360	2
76.510	2
76.640	0
76.640	2
76.780	2
76.910	2
77.060	2
77.180	1
77.320	2
77.450	2
77.590	2
77.720	0
77.720	2
77.850	2
78.000	1
78.120	2
78.270	1
78.390	2
78.530	2
78.820	0
78.820	2
78.950	2
79.080	2
79.210	2
79.350	1
79.480	2
79.620	2
79.760	2
79.900	0
79.900	2
80.040	2
80.170	2
80.310	2
80.440	1
80.590	2
80.720	2
80.860	2
80.990	0
80.990	2
81.140	2
81.260	2
81.400	2
81.530	1
81.670	2
81.800	2
81.940	2
82.080	2
82.090	0
82.220	2
82.350	1
82.490	2
82.630	1
82.760	2
82.910	2
83.040	2
83.180	0
83.180	2
83.320	2
83.450	2
83.590	2
83.720	1
83.860	2
84.000	2
84.150	2
84.280	0
84.280	2
84.410	2
84.550	2
84.690	2
84.820	1
84.970	2
85.100	2
85.250	2
85.360	2
85.370	0
85.520	2
85.640	2
85.800	2
85.910	1
86.050	2
86.180	2
86.310	2
86.460	0
86.460	2
86.580	2
86.720	1
86.850	2
87.010	1
87.130	2
87.270	2
87.550	2
87.560	0
87.680	2
87.820	2
87.950	2
88.090	1
88.220	2
88.370	2
88.510	2
88.640	0
88.640	2
88.770	2
88.910	2
89.040	2
89.180	1
89.320	2
89.460	2
89.600	2
89.730	0
89.730	2
89.870	2
90.000	2
90.150	2
90.280	1
90.420	2
90.550	2
90.690	2
90.820	2
90.830	0
90.960	2
91.080	1
91.240	2
91.370	1
91.510	2
91.640	2
91.790	2
91.910	2
91.920	0
92.050	2
92.190	2
92.320	2
92.460	1
92.600	2
92.740	2
92.880	2
93.020	0
93.020	2
93.150	2
93.280	2
93.420	2
93.560	1
93.700	2
93.830	2
93.980	2
94.110	0
94.110	2
94.240	2
94.380	2
94.510	2
94.640	1
94.780	2
94.910	2
95.050	2
95.190	2
95.200	0
95.310	2
95.450	1
95.590	2
95.740	1
95.860	2
96.000	2
96.290	0
96.290	2
96.420	2
96.560	2
96.680	2
96.830	1
96.960	2
97.110	2
97.240	2
97.370	0
97.370	2
97.510	2
97.650	2
97.780	2
97.920	1
98.060	2
98.200	2
98.340	2
98.470	0
98.470	2
98.600	2
98.740	2
98.870	2
99.010	1
99.140	2
99.280	2
99.430	2
99.550	0
99.550	2
99.700	2
99.820	1
99.970	2
100.100	1
100.250	2
100.370	2
100.520	2
100.630	0
100.630	2
100.780	2
100.910	2
101.040	2
101.180	1
101.320	2
101.460	2
101.600	2
101.720	0
101.720	2
101.860	2
102.000	2
102.130	2
102.270	1
102.410	2
102.550	2
102.690	2
102.810	0
102.810	2
102.960	2
103.090	2
103.240	2
103.360	1
103.500	2
103.630	2
103.770	2
103.910	0
103.910	2
104.030	2
104.170	1
104.460	1
104.730	2
105.010	0
105.010	2
105.130	2
105.270	2
105.410	2
105.550	1
105.670	2
105.820	2
105.960	2
106.090	2
106.100	0
106.220	2
106.370	2
106.650	1
106.790	1
106.920	1
107.040	2
107.190	0
107.190	2
107.330	2
107.460	2
107.600	2
107.730	1
107.850	2
108.000	2
108.130	2
108.260	0
108.260	2
108.400	2
108.540	1
108.680	2
108.810	1
108.950	2
109.090	2
109.220	2
109.360	2
109.370	0
109.500	2
109.630	2
109.780	2
109.900	1
110.040	2
110.170	2
110.310	2
110.450	2
110.460	0
110.580	2
110.720	2
110.850	2
111.000	1
111.120	2
111.270	2
111.410	2
111.550	0
111.550	2
111.690	2
111.810	2
111.960	2
112.090	1
112.220	2
112.350	2
112.490	2
112.620	2
112.630	0
112.760	2
112.910	1
113.020	2
113.180	1
113.300	2
113.440	2
113.730	0
113.730	2
113.860	2
113.990	2
114.120	2
114.260	1
114.390	2
114.530	2
114.660	2
114.800	0
114.800	2
114.940	2
115.080	2
115.220	2
115.350	1
115.500	2
115.620	2
115.770	2
115.890	0
115.890	2
116.040	2
116.170	2
116.310	2
116.440	1
116.580	2
116.710	2
116.850	2
116.990	0
116.990	2
117.120	2
117.250	1
117.400	2
117.530	1
117.670	2
117.810	2
117.950	2
118.090	0
118.090	2
118.220	2
118.360	2
118.490	2
118.630	1
118.770	2
118.900	2
119.050	2
119.180	2
119.190	0
119.320	2
119.450	2
119.590	2
119.720	1
119.880	2
120.010	2
120.160	2
120.280	0
120.280	2
120.420	2
120.550	2
120.690	2
120.820	1
120.960	2
121.090	2
121.220	2
121.350	0
121.350	2
121.480	2
121.630	0
121.630	2
121.760	2
121.900	1
122.050	2
122.180	2
122.310	0
122.310	2
122.430	0
122.430	2
122.590	2
122.710	0
122.710	2
122.850	2
122.990	1
123.130	2
123.260	2
123.410	2
123.530	2
123.540	0
123.690	2
123.820	2
123.950	2
124.100	1
124.240	2
124.370	2
124.510	2
124.640	0
124.640	2
