0.020	0
0.560	1
0.820	0
1.690	1
2.220	0
2.760	1
3.040	0
3.850	1
4.380	0
4.930	1
5.220	0
6.020	1
6.560	0
7.110	1
7.390	0
7.920	2
8.220	1
8.750	0
9.300	1
9.570	0
10.390	1
10.930	0
11.480	1
11.750	0
12.570	1
13.100	0
13.650	1
13.930	0
14.740	1
15.290	0
15.840	1
16.120	0
16.940	1
17.480	0
18.030	1
18.300	0
18.840	2
19.120	1
19.390	2
19.660	0
20.210	1
20.490	0
21.300	1
21.850	0
22.390	1
22.670	0
23.490	1
24.030	0
24.580	1
24.860	0
25.670	1
26.200	0
26.730	1
27.010	0
27.820	1
28.370	0
28.900	1
29.180	0
30.000	1
30.510	0
31.060	1
31.340	0
32.140	1
32.690	0
33.230	1
