0.440	0
1.090	1
1.560	0
2.030	0
2.330	1
2.330	2
2.660	2
3.280	2
3.590	1
3.590	2
3.920	2
4.080	0
4.080	2
4.230	2
4.540	0
4.540	2
4.860	1
4.860	2
5.180	2
5.480	0
5.480	2
5.800	2
6.110	1
6.110	2
6.440	2
6.600	0
6.600	2
6.750	2
7.050	0
7.050	2
7.370	1
7.370	2
7.690	2
8.000	0
8.000	2
8.320	2
8.630	1
8.630	2
8.950	2
9.110	0
9.110	2
9.270	2
9.570	0
9.570	2
9.890	1
9.890	2
10.210	2
10.510	0
10.510	2
10.840	2
11.140	1
11.150	2
11.470	2
11.630	0
11.630	2
11.780	2
12.080	0
12.090	2
12.400	1
12.730	2
13.020	0
13.020	2
13.350	0
13.350	2
13.660	1
13.660	2
13.980	2
14.140	0
14.300	2
14.600	0
14.600	2
14.920	1
14.920	2
15.240	2
15.540	0
15.540	2
15.860	2
16.170	1
16.170	2
16.500	2
16.660	0
16.810	2
17.120	0
17.120	2
17.440	1
17.750	2
18.060	0
18.060	2
18.690	1
18.690	2
19.630	0
19.630	2
19.940	1
20.900	2
21.210	1
21.210	2
21.530	2
21.850	2
22.150	0
22.150	2
22.460	1
22.460	2
22.790	2
23.090	0
23.100	2
23.730	1
23.730	2
24.050	2
24.200	0
24.970	1
24.970	2
25.600	0
25.600	2
25.930	2
26.230	1
26.240	2
26.880	2
27.190	0
27.190	2
27.500	1
27.500	2
28.120	0
28.130	2
28.450	2
28.760	1
28.760	2
29.390	2
