0.640	1
1.100	1
1.140	1
1.540	0
1.980	1
2.400	0
2.830	1
3.260	0
3.710	0
4.130	0
4.570	0
5.030	0
5.470	0
5.470	1
5.470	2
5.910	0
6.320	0
6.770	0
7.200	0
7.620	0
7.650	1
8.050	0
8.490	0
8.940	0
9.380	0
9.800	1
10.240	0
10.680	0
11.110	0
11.990	0
12.420	0
12.870	0
13.290	0
13.310	1
13.730	0
14.160	0
14.580	0
15.020	0
15.480	0
15.910	0
15.920	1
16.360	0
16.780	0
16.780	1
17.210	0
17.640	0
18.060	0
18.510	0
18.510	1
18.950	0
19.380	0
19.380	1
19.800	0
20.250	0
20.250	1
20.690	0
21.130	0
21.130	1
21.550	0
22.000	1
22.430	0
22.850	0
22.850	1
23.300	0
23.720	0
24.170	0
24.610	0
25.040	0
25.480	0
25.920	0
26.360	0
26.360	1
26.790	0
27.230	1
27.660	0
28.090	0
28.530	0
28.550	1
28.980	0
29.420	0
29.840	0
29.840	1
