0.040	0
7.910	0
8.400	0
10.370	0
10.860	0
11.230	0
11.600	0
11.730	0
12.330	0
13.200	0
13.570	0
14.060	0
14.300	0
14.790	0
15.160	0
15.540	0
15.640	0
17.750	2
17.870	2
17.990	2
18.000	0
18.120	1
18.120	2
18.240	0
18.240	2
18.360	2
18.490	0
18.490	2
18.610	1
18.610	2
18.730	0
18.730	2
18.850	2
18.980	0
18.980	1
18.980	2
19.100	2
19.220	0
19.220	2
19.350	2
19.470	0
19.470	2
19.590	1
19.590	2
19.720	0
19.720	1
19.720	2
23.620	0
24.100	1
24.100	2
24.470	0
24.830	0
25.070	1
25.070	2
25.310	0
25.430	1
25.430	2
25.560	0
26.040	1
26.040	2
26.400	0
26.760	0
27.000	1
27.000	2
27.250	0
27.370	0
27.490	0
27.970	1
27.970	2
28.340	0
28.700	0
28.940	1
28.940	2
29.180	0
29.300	1
29.300	2
29.430	0
29.910	1
29.910	2
30.270	0
30.630	0
30.870	2
30.880	1
31.360	0
31.840	1
31.840	2
32.210	0
32.570	0
32.810	1
32.810	2
33.050	0
33.170	1
33.170	2
33.300	0
33.780	1
33.780	2
34.150	0
34.510	0
34.750	1
34.750	2
34.990	0
34.990	2
35.110	0
35.230	0
35.230	2
35.470	2
35.710	1
35.710	2
35.950	2
36.080	0
36.200	0
36.200	2
36.440	0
36.440	2
36.680	1
36.680	2
36.920	0
36.920	2
37.040	1
37.040	2
37.170	0
37.170	2
37.400	2
37.410	0
37.650	1
37.650	2
37.880	2
38.010	0
38.130	0
38.130	1
38.130	2
38.260	2
38.370	2
38.380	0
38.610	1
38.610	2
38.860	2
39.100	0
39.100	2
39.340	0
39.340	2
39.580	1
39.580	2
39.830	2
39.950	0
40.070	0
40.070	2
40.190	2
40.310	0
40.310	2
40.550	1
40.550	2
40.790	2
40.800	0
40.910	1
40.910	2
41.040	0
41.040	2
41.280	0
41.280	2
41.400	2
41.520	1
41.520	2
41.760	2
41.880	0
42.000	2
42.130	2
42.250	0
42.250	2
42.370	0
42.370	2
42.490	1
42.490	2
42.730	0
42.730	1
42.730	2
42.860	0
42.970	0
42.970	1
42.970	2
43.450	1
43.450	2
43.700	0
43.700	2
43.820	0
43.940	2
44.180	0
44.180	2
44.420	1
44.420	2
44.660	0
44.660	2
44.790	1
44.790	2
44.910	0
44.910	2
45.070	2
45.150	0
45.150	2
45.390	0
45.390	1
45.390	2
45.630	2
45.760	0
45.870	0
45.870	2
46.000	2
46.110	2
46.120	0
46.360	1
46.360	2
46.600	2
46.780	2
46.850	0
47.080	0
47.080	2
47.200	2
47.320	1
47.320	2
47.570	2
47.690	0
47.810	0
47.810	2
48.050	0
48.050	2
48.290	1
48.290	2
48.540	0
48.540	2
48.660	1
48.660	2
48.780	0
48.780	2
49.020	0
49.020	1
49.020	2
49.260	1
49.260	2
49.500	2
49.630	0
49.750	2
49.870	2
49.990	0
49.990	2
50.110	0
50.110	2
50.230	1
50.230	2
50.480	0
50.600	0
50.710	2
50.720	0
50.950	2
51.190	1
51.190	2
51.440	2
51.560	0
51.680	0
51.680	1
51.680	2
51.920	0
51.920	2
52.160	1
52.160	2
52.410	0
52.410	2
52.530	1
52.530	2
52.650	0
52.650	2
52.890	0
52.890	2
53.130	1
53.130	2
53.370	2
53.500	0
53.600	2
53.620	0
53.740	2
53.860	0
53.860	2
54.100	1
54.100	2
54.340	2
54.550	2
54.590	0
54.590	2
54.820	2
54.830	0
54.950	2
55.060	1
55.060	2
55.310	2
55.430	0
55.550	0
55.550	2
55.680	2
55.790	0
55.790	2
56.030	1
56.030	2
56.280	0
56.280	2
56.400	1
56.400	2
56.520	0
56.520	2
56.760	0
56.760	2
56.890	2
57.000	0
57.000	1
57.000	2
57.240	0
57.240	2
57.370	0
57.490	1
57.490	2
57.730	0
57.730	2
57.850	0
57.850	2
57.970	1
57.970	2
58.210	0
58.210	2
58.340	0
58.460	0
58.460	1
58.460	2
58.940	1
58.940	2
59.170	2
59.300	0
59.380	2
59.420	2
59.660	0
59.660	2
59.900	1
59.900	2
60.150	0
60.270	1
60.270	2
60.390	0
60.390	2
60.630	0
60.630	2
60.870	1
60.870	2
61.120	2
61.240	0
61.360	0
61.360	2
61.600	0
61.600	2
61.840	1
61.840	2
62.080	2
62.330	0
62.330	2
62.570	0
62.570	2
62.810	0
62.810	1
62.810	2
63.050	0
63.050	2
63.290	0
63.290	2
63.420	2
63.530	0
63.530	2
63.780	1
63.780	2
64.020	0
64.020	2
64.140	1
64.140	2
64.260	0
64.260	1
64.260	2
64.500	0
64.500	2
64.740	1
64.740	2
64.980	2
65.110	0
65.230	2
65.350	1
65.350	2
65.470	2
65.480	0
65.600	0
65.710	1
65.710	2
65.960	0
65.960	2
66.070	2
66.200	0
66.200	2
66.680	0
66.680	1
66.680	2
66.920	2
67.050	0
67.160	0
67.160	2
67.290	2
67.410	0
67.410	2
67.650	1
67.650	2
67.890	0
67.890	2
68.010	1
68.010	2
68.130	0
68.130	2
68.370	0
68.370	2
68.610	1
68.610	2
68.860	2
68.980	0
69.100	0
69.100	1
69.100	2
69.220	2
69.340	0
69.340	2
69.580	1
69.580	2
69.820	2
70.070	0
70.070	2
70.310	0
70.310	2
70.550	1
70.550	2
70.790	2
70.920	0
71.030	2
71.040	0
71.160	2
71.280	0
71.280	2
71.520	1
71.520	2
71.760	0
71.760	2
71.880	1
71.880	2
72.000	2
72.010	0
72.240	0
72.240	2
72.370	2
72.480	1
72.480	2
72.730	2
72.850	0
72.970	1
72.970	2
73.090	2
73.210	0
73.210	2
73.330	0
73.330	2
73.450	1
73.450	2
73.700	0
73.800	2
73.940	0
73.940	2
74.180	2
74.420	1
74.420	2
74.660	2
74.790	0
75.150	0
75.150	2
75.390	1
75.390	2
75.630	0
75.630	2
75.750	1
75.750	2
75.880	0
75.880	2
76.070	2
76.120	0
76.120	2
76.350	1
76.350	2
76.600	2
76.720	0
76.840	0
76.840	2
76.970	2
77.080	0
77.080	2
77.320	1
77.320	2
77.570	2
77.810	0
77.810	1
77.810	2
78.050	0
78.050	2
78.290	1
78.290	2
78.530	2
78.660	0
78.780	0
78.780	2
78.900	2
79.020	0
79.020	2
79.260	1
79.260	2
79.500	0
79.500	2
79.620	1
79.620	2
79.750	0
79.750	2
79.990	0
79.990	2
80.230	1
80.230	2
80.470	2
80.590	0
80.710	2
80.950	0
80.950	2
81.080	0
81.080	2
81.190	1
81.190	2
81.440	0
81.680	0
81.680	2
81.920	2
82.160	1
82.160	2
82.400	2
82.530	0
82.650	0
82.650	2
82.890	0
82.890	2
83.130	1
83.130	2
83.380	0
83.380	2
83.500	1
83.500	2
83.620	0
83.620	2
83.860	0
83.860	2
84.100	1
84.100	2
84.340	2
84.460	0
84.580	0
84.580	2
84.820	2
84.830	0
85.070	1
85.070	2
85.310	2
85.550	0
85.550	2
85.790	0
85.790	2
86.030	0
86.030	1
86.030	2
86.280	2
86.400	0
86.520	0
86.520	2
86.650	2
86.760	0
86.760	2
87.000	1
87.000	2
87.250	0
87.250	2
87.360	1
87.490	0
87.490	2
87.730	0
87.730	2
87.970	0
87.970	1
87.970	2
88.210	2
88.340	0
88.450	2
88.700	0
88.700	2
88.820	0
88.820	2
88.940	1
88.940	2
89.180	0
89.180	2
89.420	0
89.420	2
89.660	2
89.900	2
89.910	1
90.150	2
90.270	0
90.390	2
90.630	0
90.630	2
90.870	1
90.870	2
91.110	2
91.120	0
91.240	1
91.240	2
91.360	0
91.360	2
91.600	0
91.600	2
91.840	0
91.840	1
91.840	2
92.080	2
92.210	0
92.320	0
92.320	2
92.530	2
92.570	0
92.570	2
92.800	2
92.810	1
93.050	2
93.290	0
93.290	2
93.530	2
93.540	0
93.770	1
93.770	2
94.020	2
94.140	0
94.260	0
94.260	2
94.390	2
94.500	0
94.500	2
94.740	1
94.740	2
94.990	0
95.110	1
95.110	2
95.230	0
95.230	1
95.230	2
95.470	0
95.470	2
95.710	1
95.710	2
95.950	2
96.080	0
96.190	2
96.440	0
96.440	2
96.560	0
96.560	2
96.680	1
96.680	2
96.920	0
96.920	2
97.050	0
97.160	2
97.170	0
97.400	2
97.640	2
97.650	1
97.890	2
98.130	0
98.130	2
98.370	2
98.380	0
98.620	1
98.620	2
98.860	0
98.860	2
98.980	1
98.980	2
99.100	0
99.100	2
99.340	0
99.340	2
99.580	1
99.580	2
99.820	2
99.950	0
100.070	0
100.070	2
100.310	0
100.310	2
100.550	1
100.550	2
100.790	2
101.040	0
101.040	2
101.280	0
101.280	2
101.510	2
101.520	1
101.760	2
101.890	0
102.000	0
102.000	2
102.250	0
102.250	2
102.480	1
102.480	2
102.730	0
102.730	2
102.850	1
102.850	2
102.970	0
102.970	2
103.210	0
103.210	2
103.450	1
103.450	2
103.700	2
103.820	0
103.940	2
104.060	2
104.180	0
104.180	2
104.300	0
104.300	2
104.420	1
104.420	2
104.660	0
104.660	2
104.790	0
104.910	0
104.910	1
104.910	2
105.390	1
105.390	2
105.630	2
105.870	2
106.120	0
106.120	2
106.360	1
106.360	2
106.600	0
106.600	2
106.720	1
106.720	2
106.840	2
106.850	0
107.080	0
107.080	2
107.320	1
107.320	2
107.570	2
107.690	0
107.810	0
107.810	2
108.050	0
108.050	2
108.290	1
108.290	2
108.530	2
108.780	0
108.780	2
109.020	0
109.020	2
109.260	1
109.260	2
109.500	2
109.630	0
109.750	0
109.990	0
109.990	2
110.230	1
110.230	2
110.470	0
110.470	2
110.590	1
110.590	2
110.720	0
110.720	2
110.960	0
110.960	2
111.190	1
111.200	2
111.440	2
111.560	0
111.680	1
111.680	2
111.920	0
111.920	2
112.050	0
112.050	2
112.160	1
112.410	0
112.410	2
112.650	0
112.650	2
113.130	1
113.130	2
113.370	2
113.500	0
113.620	0
113.620	2
113.860	0
113.860	2
114.090	2
114.100	1
114.340	0
114.340	2
114.460	2
114.590	0
114.590	2
114.830	0
114.830	2
115.070	1
115.070	2
115.310	2
115.550	0
115.550	2
115.790	2
115.800	0
115.920	2
116.030	1
116.030	2
116.280	2
116.520	0
116.520	2
116.760	0
116.760	2
117.000	1
117.000	2
117.240	2
117.370	0
117.490	0
117.490	2
117.730	0
117.730	2
117.970	1
117.970	2
118.210	0
118.210	2
118.330	1
118.330	2
118.460	0
118.460	2
118.700	0
118.700	2
118.940	1
118.940	2
119.180	2
119.300	0
119.420	2
119.660	2
119.670	0
119.780	2
119.790	0
119.900	1
119.900	2
120.150	0
120.150	2
120.390	0
120.390	2
120.870	1
120.870	2
121.110	2
121.240	0
121.360	2
121.600	0
121.600	2
121.840	1
121.840	2
122.080	0
122.080	2
122.200	2
122.330	0
122.330	2
122.570	0
122.570	2
122.810	1
122.810	2
123.050	2
123.180	0
123.290	0
123.290	2
123.530	2
123.540	0
123.770	1
123.770	2
124.020	2
124.260	0
124.260	2
124.500	2
124.510	0
124.740	1
124.740	2
124.980	2
125.110	0
125.230	0
125.230	2
125.470	0
125.470	2
125.710	1
125.710	2
125.950	2
125.960	0
126.080	1
126.080	2
126.200	0
126.200	2
126.440	0
126.440	2
126.620	2
126.680	1
126.680	2
127.040	0
127.040	2
127.160	2
127.410	0
127.410	2
127.530	0
127.530	2
127.640	1
127.640	2
127.890	0
127.890	2
128.130	0
128.370	2
128.610	1
128.610	2
128.980	0
129.100	0
129.100	2
129.340	2
129.580	0
129.580	1
129.580	2
129.820	2
129.940	1
129.940	2
130.070	0
130.070	2
130.310	0
130.310	2
130.550	1
130.550	2
130.790	2
130.920	0
131.030	2
131.280	0
131.280	2
131.400	0
131.400	2
131.520	1
131.520	2
131.760	2
132.000	2
132.010	0
132.240	2
132.490	1
132.490	2
132.720	2
132.850	0
132.970	0
132.970	2
133.210	2
133.220	0
133.450	1
133.450	2
133.700	0
133.700	2
133.820	1
133.820	2
133.940	0
133.940	2
134.180	0
134.180	2
134.420	1
134.420	2
134.660	2
134.790	0
134.900	2
135.150	0
135.150	2
135.270	0
135.270	2
135.390	1
135.390	2
135.880	0
135.880	1
135.880	2
136.350	1
136.350	2
136.600	2
136.720	0
136.840	0
136.840	2
136.970	2
137.080	0
137.080	2
137.320	1
137.320	2
137.570	0
137.570	2
137.690	1
137.690	2
137.810	0
137.810	2
138.050	0
138.050	2
138.290	1
138.290	2
138.530	2
138.660	0
138.780	0
138.780	2
138.900	2
139.020	0
139.020	2
139.260	1
139.260	2
139.500	2
139.750	0
139.750	2
139.990	0
139.990	2
140.110	2
140.230	1
140.230	2
140.470	2
140.590	0
140.710	0
140.710	2
140.840	2
140.950	2
140.960	0
141.190	1
141.190	2
141.440	0
141.440	2
141.560	1
141.560	2
141.680	0
141.680	2
141.920	0
141.920	2
142.050	2
142.160	1
142.160	2
142.410	2
142.530	0
142.650	1
142.650	2
142.770	2
142.890	0
142.890	2
143.010	0
143.010	2
143.130	1
143.130	2
143.380	0
143.500	0
143.620	0
143.620	2
143.850	2
144.100	0
144.100	1
144.100	2
144.340	2
144.470	0
144.580	2
144.710	2
144.820	2
144.830	0
145.070	1
145.070	2
145.310	0
145.310	2
145.430	1
145.430	2
145.560	0
145.560	2
145.790	0
145.790	2
145.920	2
146.030	1
146.030	2
146.280	2
146.400	0
146.520	0
146.520	2
146.640	2
146.760	0
146.760	2
147.000	1
147.000	2
147.240	2
147.490	0
147.490	2
147.730	0
147.730	2
147.970	0
147.970	1
147.970	2
148.210	2
148.340	0
148.450	0
148.450	2
148.580	2
148.700	0
148.700	2
148.940	1
148.940	2
149.180	0
149.180	2
149.300	1
149.300	2
149.420	0
149.420	2
149.660	0
149.660	2
149.790	2
149.910	1
149.910	2
150.150	1
150.150	2
150.270	0
150.390	0
150.390	2
150.520	2
150.630	0
150.630	2
150.750	0
150.750	2
150.870	1
150.870	2
151.120	0
151.120	2
151.240	0
151.360	0
151.360	1
151.360	2
151.600	2
151.840	1
151.840	2
152.080	2
152.210	0
152.330	0
152.330	2
152.570	0
152.570	2
152.810	1
152.810	2
153.050	0
153.050	2
153.170	1
153.170	2
153.300	0
153.300	2
153.540	0
153.540	2
153.770	1
153.770	2
154.020	2
154.140	0
154.260	0
154.260	2
154.500	0
154.500	2
154.740	1
154.740	2
154.980	2
155.230	0
155.230	2
155.470	0
155.470	2
155.710	1
155.710	2
155.950	2
156.080	0
156.200	0
156.200	2
156.320	2
156.440	0
156.440	2
156.680	1
156.680	2
156.920	0
156.920	2
157.040	1
157.040	2
157.170	0
157.170	2
157.400	0
157.400	2
157.530	2
157.650	1
157.650	2
157.890	1
157.890	2
158.020	0
158.130	2
158.370	0
158.370	2
158.490	0
158.490	2
158.610	2
158.620	1
158.860	0
158.860	2
159.100	0
159.100	1
159.100	2
159.330	2
159.580	1
159.580	2
159.820	2
159.950	0
160.070	2
160.310	0
160.310	2
160.550	1
160.550	2
160.790	0
160.790	2
160.910	1
160.910	2
161.040	0
161.040	2
161.280	0
161.280	2
161.520	1
161.520	2
161.760	2
161.890	0
162.000	0
162.000	2
162.240	0
162.240	2
162.480	1
162.480	2
162.730	2
162.970	0
162.970	1
162.970	2
163.210	0
163.210	2
163.450	1
163.450	2
163.700	2
163.820	0
163.940	0
163.940	2
164.060	2
164.180	0
164.180	2
164.420	1
164.420	2
164.670	0
164.670	2
164.790	1
164.790	2
164.910	0
164.910	2
165.150	0
165.150	2
165.390	1
165.390	2
165.630	2
165.750	0
165.870	2
166.120	0
166.120	2
166.240	0
166.240	2
166.360	1
166.360	2
166.600	0
166.600	2
166.730	0
166.840	0
166.840	2
167.080	2
167.320	1
167.320	2
167.690	0
167.810	0
167.810	2
168.050	0
168.050	2
168.290	1
168.290	2
168.530	0
168.530	2
168.660	1
168.660	2
168.780	0
168.780	2
169.020	0
169.020	2
169.260	1
169.260	2
169.500	2
169.630	0
169.740	2
169.870	2
169.990	0
169.990	2
170.230	1
170.230	2
170.470	2
170.710	0
170.710	2
170.950	2
170.960	0
171.190	1
171.190	2
171.440	2
171.560	0
171.680	0
171.680	2
171.920	0
172.160	1
172.160	2
172.410	0
172.410	2
172.530	1
172.530	2
172.650	0
172.650	2
172.890	0
172.890	2
173.130	1
173.130	2
173.370	2
173.500	0
173.610	2
173.740	2
173.860	0
173.860	2
173.980	0
173.980	2
174.100	1
174.100	2
174.340	0
174.340	2
174.580	2
174.590	0
175.060	2
175.070	1
175.310	1
175.310	2
175.550	2
175.790	0
175.790	2
176.030	1
176.030	2
176.280	0
176.280	2
176.400	1
176.400	2
176.520	0
176.520	2
176.760	0
176.760	2
177.000	1
177.000	2
177.240	2
177.370	0
177.490	0
177.490	2
177.730	0
177.730	2
177.970	1
177.970	2
178.210	2
178.460	0
178.460	2
178.700	0
178.700	2
178.940	1
178.940	2
179.180	2
179.300	0
179.420	0
179.420	2
179.660	0
179.660	2
179.900	1
179.900	2
180.150	0
180.270	1
180.270	2
180.390	0
180.390	2
180.630	0
180.630	2
180.870	1
180.870	2
181.110	2
181.240	0
181.360	1
181.360	2
181.600	0
181.600	2
181.720	0
181.720	2
181.830	1
182.080	0
182.080	2
182.330	0
182.330	2
182.810	1
182.810	2
183.050	2
183.170	0
183.290	0
183.290	2
183.530	0
183.530	2
183.660	2
183.770	1
183.770	2
184.020	0
184.020	2
184.140	1
184.140	2
184.270	0
184.270	2
184.500	2
184.510	0
184.740	1
184.740	2
184.990	2
185.110	0
185.230	0
185.230	2
185.470	0
185.470	2
185.710	1
185.710	2
185.950	2
186.200	0
186.200	2
186.440	0
186.440	2
186.680	1
186.680	2
186.920	2
187.040	0
187.040	2
187.170	0
187.170	2
187.410	0
187.410	2
187.650	1
187.650	2
187.890	0
187.890	2
188.010	1
188.010	2
188.130	0
188.130	2
188.380	0
188.380	2
188.620	1
188.620	2
188.860	2
188.980	0
189.100	2
189.340	0
189.340	2
189.460	0
189.460	2
189.580	1
189.580	2
189.830	0
189.830	2
189.950	0
190.070	0
190.070	2
190.550	1
190.550	2
190.790	2
190.920	0
191.030	2
191.280	0
191.280	2
191.520	1
191.520	2
191.760	0
191.760	2
191.880	2
192.010	0
192.010	2
192.250	0
192.250	2
192.480	1
192.480	2
192.730	2
192.850	0
192.970	0
192.970	2
193.210	0
193.210	2
193.450	1
193.450	2
193.690	2
193.940	0
193.940	2
194.180	0
194.180	2
194.420	1
194.420	2
194.660	2
194.790	0
194.910	0
194.910	2
195.150	0
195.150	2
195.390	1
195.390	2
195.630	2
195.640	0
195.750	1
195.750	2
195.880	0
195.880	2
196.120	0
196.120	2
196.360	1
196.360	2
196.590	2
196.720	0
196.840	2
197.080	2
197.090	0
197.200	0
197.200	2
197.320	1
197.320	2
197.570	0
197.570	2
197.810	2
197.820	0
198.290	1
198.290	2
198.530	2
198.780	0
198.780	2
199.020	0
199.020	2
199.260	1
199.260	2
199.500	2
199.620	1
199.620	2
199.750	0
199.750	2
199.990	0
199.990	2
200.230	1
200.230	2
200.470	2
200.590	0
200.710	2
200.960	0
200.960	2
201.070	2
201.080	0
201.190	1
201.190	2
201.440	0
201.440	2
201.680	0
201.680	2
201.920	0
201.920	2
202.160	0
202.160	1
202.160	2
202.400	2
202.530	0
202.650	0
202.650	2
202.890	0
202.890	2
203.130	1
203.130	2
203.370	2
203.380	0
203.500	1
203.620	0
203.620	2
203.860	0
203.860	2
204.100	1
204.100	2
204.340	2
204.460	0
204.580	2
204.830	0
204.830	2
204.950	0
204.950	2
205.070	1
205.070	2
205.310	0
205.310	2
205.550	0
205.550	1
205.550	2
