0.050	1
0.920	0
0.920	2
1.480	1
1.480	2
1.750	0
1.750	2
2.030	0
2.030	2
2.320	2
2.630	1
2.630	2
2.930	2
3.210	0
3.210	2
3.780	1
3.780	2
4.050	0
4.350	0
4.350	2
4.650	2
4.950	1
4.950	2
5.510	0
5.510	2
5.820	2
6.100	1
6.100	2
6.370	0
6.370	2
6.660	0
6.660	2
6.970	2
7.260	1
7.260	2
7.550	2
7.820	0
7.820	2
8.120	2
8.410	1
8.410	2
8.680	0
8.680	2
8.960	0
8.960	2
9.260	2
9.550	1
9.550	2
9.850	2
10.120	2
10.140	0
10.440	2
10.720	1
10.720	2
10.990	0
10.990	2
11.290	0
11.290	2
11.590	2
11.870	1
11.870	2
12.160	2
12.430	0
12.430	2
12.730	2
13.010	1
13.010	2
13.290	0
13.290	2
13.590	0
13.590	2
13.890	2
14.180	1
14.180	2
14.470	2
14.750	0
14.750	2
15.040	2
15.330	1
15.330	2
15.600	0
15.600	2
15.890	0
15.890	2
16.480	1
16.480	2
16.760	0
16.760	2
17.360	0
17.360	2
17.650	1
17.650	2
18.210	1
18.490	2
19.330	0
19.330	2
19.920	1
19.930	2
20.210	0
20.510	0
20.510	2
21.090	1
21.090	2
21.380	2
21.670	0
21.670	2
22.260	1
22.260	2
22.540	0
22.540	2
22.830	0
22.840	2
23.130	2
23.410	1
23.410	2
23.690	2
23.980	0
23.980	2
24.280	2
24.560	1
24.840	0
25.140	0
25.140	2
25.430	2
25.720	1
25.720	2
26.010	2
26.290	0
26.290	2
26.590	2
26.890	1
26.890	2
27.170	0
27.170	2
27.460	0
27.460	2
27.760	2
28.030	1
28.030	2
28.330	2
28.610	0
28.910	2
29.160	2
29.470	0
29.470	2
29.760	0
29.760	2
30.320	2
30.640	2
30.900	0
30.900	2
31.200	2
31.500	1
31.500	2
31.770	0
31.770	2
32.070	0
32.070	2
32.360	2
32.640	2
32.930	2
33.220	0
33.220	2
33.810	1
33.810	2
34.080	0
34.080	2
34.380	0
34.380	2
34.950	2
34.960	1
35.250	2
35.520	0
35.520	2
35.820	2
36.100	1
36.110	2
36.380	0
36.380	2
36.670	0
36.680	2
36.970	2
37.250	1
37.250	2
37.520	2
37.680	1
37.810	0
37.810	2
38.430	1
38.430	2
38.700	0
38.700	2
39.000	0
39.000	2
39.570	1
39.850	2
40.130	0
40.130	2
40.440	2
40.720	1
40.730	2
41.000	0
41.000	2
41.300	0
41.300	2
41.870	1
41.870	2
42.160	2
42.430	2
42.450	0
42.730	2
43.030	1
43.030	2
43.300	0
43.310	2
43.590	0
43.600	2
44.180	1
44.180	2
44.750	2
44.760	0
45.050	2
45.340	1
45.340	2
45.620	0
45.620	2
45.910	0
45.910	2
46.200	2
46.480	2
46.490	1
46.780	2
47.070	0
47.070	2
47.360	2
47.640	1
47.640	2
47.920	0
47.920	2
48.210	0
48.800	1
48.800	2
49.370	0
49.370	2
49.670	2
49.960	1
49.960	2
50.220	0
50.530	0
50.530	2
51.100	1
51.110	2
51.390	2
51.680	0
51.680	2
51.980	2
52.270	1
52.270	2
52.540	0
52.550	2
52.830	0
52.830	2
53.110	2
53.400	1
53.400	2
53.700	2
53.970	0
53.970	2
54.260	2
54.560	1
54.560	2
54.840	0
54.840	2
55.130	0
55.130	2
55.430	2
55.710	1
55.710	2
56.010	2
56.300	0
56.300	2
56.580	2
56.870	1
56.870	2
57.140	0
57.140	2
57.440	0
57.440	2
57.720	2
58.010	1
58.020	2
58.300	2
58.590	0
58.590	2
58.880	2
59.160	1
59.160	2
59.440	0
59.440	2
59.750	1
60.010	2
60.310	1
60.460	1
60.880	0
60.880	2
61.200	2
61.510	1
61.510	2
61.750	2
61.800	0
62.090	2
62.360	0
62.360	2
62.640	1
62.640	2
62.910	2
63.210	2
63.220	0
63.520	2
63.800	1
63.800	2
64.060	2
64.070	0
64.370	2
64.650	0
64.650	2
64.940	1
64.940	2
65.230	2
65.520	0
65.520	2
65.800	2
66.110	2
66.380	0
66.380	2
66.680	2
66.960	0
67.250	1
67.250	2
67.530	0
67.530	2
67.830	0
67.830	2
68.120	2
68.400	1
68.400	2
68.690	0
68.690	2
68.980	0
69.270	2
69.530	2
69.560	1
70.110	0
70.720	1
71.000	2
71.010	0
71.590	0
71.880	1
72.020	1
72.420	2
72.460	0
72.730	2
73.020	1
73.020	2
73.890	0
73.890	2
74.150	2
74.470	1
74.600	1
74.730	0
75.030	2
75.330	1
75.330	2
75.620	0
75.620	2
75.910	0
75.910	2
76.200	2
76.490	1
76.490	2
76.790	2
77.060	2
77.070	0
77.360	2
77.640	1
77.640	2
77.920	0
77.920	2
78.220	0
78.220	2
78.500	2
78.780	1
78.780	2
79.080	2
79.370	0
79.660	2
79.950	1
79.950	2
80.230	0
80.230	2
80.520	0
80.530	2
80.820	2
81.100	1
81.100	2
81.380	2
81.670	0
81.670	2
81.970	2
82.250	1
82.250	2
82.540	1
82.540	2
82.810	0
82.810	2
83.110	2
83.250	0
83.390	1
83.390	2
83.680	1
83.820	1
83.950	0
84.570	1
84.570	2
84.840	0
84.850	2
85.140	0
85.140	2
85.450	2
85.730	1
85.730	2
86.290	0
86.290	2
86.580	2
86.870	1
86.870	2
87.140	0
87.150	2
87.440	0
87.440	2
87.720	2
88.020	1
88.020	2
88.320	2
88.610	0
88.910	2
89.180	2
89.460	2
89.470	0
89.760	0
89.760	2
90.040	2
90.330	1
90.330	2
90.600	2
90.790	2
90.900	0
90.900	2
91.200	2
91.480	2
91.770	0
92.060	0
92.060	2
92.350	2
92.640	1
92.640	2
92.940	2
93.190	2
93.220	0
93.220	2
93.510	2
93.800	2
93.810	1
94.080	2
94.090	0
94.380	0
94.380	2
94.950	1
94.950	2
95.250	2
95.520	0
95.520	2
95.820	2
96.100	1
96.100	2
96.380	0
96.380	2
96.670	0
96.670	2
96.970	2
97.270	1
97.270	2
97.840	0
98.420	1
98.420	2
98.690	0
98.690	2
98.980	0
98.980	2
99.270	2
99.560	1
99.560	2
99.860	2
100.110	0
100.110	2
100.710	1
100.710	2
100.970	0
100.970	2
101.270	0
101.270	2
101.570	1
101.570	2
102.290	1
102.420	0
102.420	2
103.030	1
103.030	2
103.300	0
103.300	2
103.590	0
103.590	2
103.880	2
104.070	2
104.180	1
104.180	2
104.460	2
104.740	0
104.740	2
105.030	2
105.330	1
105.330	2
105.610	0
105.900	0
105.900	2
106.210	2
106.490	1
106.490	2
106.780	2
107.060	0
107.060	2
107.340	2
107.640	1
107.640	2
107.920	0
107.920	2
108.190	2
108.210	0
108.480	2
108.800	1
108.800	2
109.370	0
109.370	2
109.950	1
109.950	2
110.220	2
110.230	0
110.520	0
110.520	2
110.810	2
111.100	1
111.100	2
111.390	2
111.690	0
111.980	2
112.260	2
112.270	1
112.540	2
112.550	0
112.840	0
112.840	2
113.120	2
113.410	1
113.420	2
113.710	2
113.980	0
113.980	2
114.280	2
114.560	1
114.560	2
114.830	0
114.830	2
115.120	0
115.120	2
115.410	2
115.700	1
115.700	2
116.000	2
116.280	0
116.280	2
116.580	2
116.870	1
116.870	2
117.150	0
117.150	2
117.440	0
117.440	2
118.020	1
118.020	2
118.590	0
118.590	2
118.900	2
119.180	1
119.180	2
119.460	0
119.470	2
119.740	0
119.750	2
120.030	0
120.040	2
120.320	0
120.320	1
120.320	2
120.610	1
120.750	1
120.890	0
120.890	2
121.480	1
121.480	2
121.760	0
121.760	2
122.050	0
122.050	2
122.340	2
122.620	1
122.620	2
122.910	2
123.200	0
123.200	2
123.480	2
123.780	1
123.780	2
124.060	0
124.060	2
124.360	0
124.360	2
124.660	2
124.940	1
124.940	2
125.230	2
125.510	0
125.800	2
126.080	2
126.090	1
126.370	0
126.370	2
126.670	0
126.670	2
126.960	2
127.240	1
127.250	2
127.540	2
127.820	0
127.820	2
128.120	2
128.390	1
128.400	2
128.690	0
128.690	2
128.980	2
129.260	0
129.270	2
129.560	1
129.560	2
129.830	0
129.830	2
130.120	0
130.120	2
130.710	2
130.720	1
130.990	0
130.990	2
131.280	0
131.290	2
131.570	2
131.860	1
131.860	2
132.160	2
132.450	0
132.450	2
132.740	2
133.020	1
133.020	2
133.300	0
133.300	2
133.590	0
133.590	2
133.890	2
134.180	1
134.180	2
134.740	0
134.740	2
135.340	1
135.340	2
135.600	2
135.610	0
135.890	0
135.890	2
136.480	1
136.480	2
136.750	0
136.750	2
137.330	2
137.340	0
137.640	1
137.640	2
137.870	2
138.200	1
138.490	2
138.770	1
138.910	1
139.350	0
139.640	2
139.950	1
139.950	2
140.220	0
140.220	2
140.530	0
140.530	2
141.100	1
141.100	2
141.680	0
141.680	2
141.970	2
142.260	1
142.260	2
142.540	0
142.540	2
142.830	0
142.830	2
143.120	2
143.410	1
143.700	2
143.980	2
143.990	0
144.280	2
144.580	1
144.580	2
144.860	0
144.860	2
145.160	0
145.160	2
145.450	2
145.730	1
145.730	2
146.300	0
146.300	2
146.590	2
146.880	1
146.880	2
147.160	0
147.160	2
147.450	0
147.460	2
148.020	2
148.040	1
148.320	2
148.610	0
148.610	2
148.910	2
149.200	1
149.200	2
149.470	2
149.480	0
149.770	0
149.770	2
150.330	1
150.330	2
150.640	2
150.910	0
150.910	2
151.200	2
151.490	1
151.490	2
151.760	0
151.760	2
152.060	0
152.060	2
152.350	2
152.630	1
152.640	2
152.920	2
153.210	0
153.210	2
153.500	2
153.790	1
153.800	2
154.070	0
154.070	2
154.370	0
154.370	2
154.950	1
154.950	2
155.240	2
155.510	0
155.510	2
155.810	2
156.100	1
156.100	2
156.380	0
156.380	2
156.660	0
156.660	2
156.970	2
157.250	1
157.250	2
157.520	0
157.520	2
157.830	0
157.830	2
158.130	2
158.410	2
158.420	1
158.690	0
158.690	2
158.980	0
158.980	2
159.560	1
159.560	2
159.850	2
160.140	0
160.140	2
160.420	2
160.720	1
160.720	2
160.990	0
160.990	2
161.280	0
161.290	2
161.570	2
161.870	1
161.870	2
162.160	2
162.430	0
162.430	2
162.720	2
163.030	1
163.030	2
163.310	0
163.310	2
163.600	0
163.600	2
163.890	2
164.180	1
164.180	2
164.470	2
164.750	0
164.750	2
165.040	2
165.310	2
165.330	1
165.610	0
165.610	2
165.890	0
165.900	2
166.190	2
166.480	1
166.480	2
166.770	2
167.060	0
167.360	2
167.650	1
167.650	2
167.920	0
167.920	2
168.210	0
168.210	2
168.500	2
168.790	1
168.790	2
169.090	2
169.360	2
169.370	0
169.670	2
169.930	1
169.930	2
170.220	0
170.220	2
170.510	0
170.510	2
170.790	2
171.090	1
171.090	2
171.660	0
171.660	2
171.950	2
172.250	1
172.250	2
172.530	0
172.530	2
172.820	0
172.820	2
173.110	2
173.400	1
173.400	2
173.680	2
173.690	0
173.940	0
173.940	2
174.250	2
174.540	1
174.540	2
174.820	0
174.820	2
175.110	0
175.110	2
175.420	2
175.700	1
175.700	2
176.010	2
176.280	0
176.570	2
176.870	1
176.870	2
177.130	0
177.130	2
177.420	2
177.430	0
177.730	2
177.990	2
178.020	1
178.020	2
178.600	0
178.600	2
178.890	2
179.170	1
179.170	2
179.460	0
179.460	2
179.730	0
179.730	2
180.020	0
180.020	2
180.320	1
180.460	1
180.870	0
180.870	2
181.190	2
181.500	1
181.500	2
181.760	2
181.780	0
182.080	2
182.350	2
182.360	0
182.630	1
182.630	2
182.920	2
183.210	0
183.210	2
183.510	2
183.800	1
183.800	2
184.060	2
184.070	0
184.370	2
184.660	0
184.660	2
184.940	1
184.940	2
185.240	2
185.510	2
185.520	0
185.820	2
186.110	1
186.110	2
186.390	0
186.390	2
186.690	0
186.690	2
186.980	2
187.260	1
187.260	2
187.550	2
187.840	0
187.840	2
188.130	2
188.410	1
188.410	2
188.690	0
188.690	2
188.970	1
188.970	2
189.260	0
189.260	2
189.540	1
189.540	2
189.820	0
189.820	2
190.120	0
190.120	2
190.710	1
190.710	2
191.000	0
191.580	0
191.580	2
191.850	1
191.850	2
191.990	1
192.410	0
193.020	1
193.300	2
193.310	0
193.890	0
194.160	2
194.170	1
194.460	2
194.610	1
194.750	0
195.060	2
195.350	1
195.350	2
195.590	2
195.610	0
195.900	0
195.900	2
196.170	2
196.460	1
196.460	2
196.760	2
197.030	0
197.030	2
197.610	1
197.900	0
198.200	0
198.200	2
198.500	2
198.660	2
198.780	1
198.780	2
199.080	2
199.350	0
199.350	2
199.650	2
199.930	1
199.930	2
200.230	0
200.230	2
200.520	0
200.520	2
200.810	2
201.100	1
201.100	2
201.370	2
201.650	0
201.650	2
201.950	0
201.950	2
202.240	1
202.800	0
202.800	2
203.090	1
203.380	1
203.380	2
203.530	1
203.950	0
203.950	2
204.240	2
204.540	1
204.540	2
204.810	0
205.120	0
205.130	2
205.710	1
205.710	2
206.000	2
206.290	0
206.290	2
206.570	2
206.860	1
206.860	2
207.150	0
207.150	2
207.450	0
207.450	2
207.750	2
208.030	1
208.030	2
208.320	2
208.590	2
208.910	2
209.160	2
209.460	0
209.460	2
209.750	0
209.750	2
210.030	2
210.320	1
210.320	2
210.610	2
210.900	0
211.190	2
211.470	2
211.480	1
211.770	0
212.060	0
212.060	2
212.360	2
212.640	1
212.640	2
212.930	2
213.210	0
213.210	2
213.510	2
213.800	1
213.800	2
214.070	0
214.070	2
214.360	0
214.370	2
214.940	1
214.940	2
215.230	2
215.510	0
215.520	2
215.810	2
216.100	1
216.100	2
216.370	0
216.370	2
216.660	0
216.660	2
216.960	2
217.250	1
217.250	2
217.550	2
217.830	0
217.830	2
218.130	2
218.400	1
218.400	2
218.690	0
218.690	2
218.980	0
218.980	2
219.270	2
219.550	1
219.550	2
219.850	2
220.120	0
220.120	2
220.700	1
220.700	2
220.980	0
221.260	0
221.260	2
221.550	0
221.840	0
221.840	2
222.140	2
222.440	0
222.440	2
223.030	1
223.030	2
223.290	0
223.290	2
223.590	0
223.590	2
223.880	2
224.070	2
224.170	1
224.170	2
224.460	2
224.740	2
224.750	0
225.050	2
225.340	1
225.340	2
225.600	0
225.600	2
225.900	0
225.900	2
226.190	2
226.480	1
226.480	2
226.780	2
227.050	0
227.050	2
227.630	1
227.630	2
227.900	0
227.900	2
228.190	0
228.190	2
228.480	2
228.770	1
228.770	2
229.060	2
229.350	0
229.350	2
229.940	1
230.220	0
230.220	2
230.510	0
230.520	2
230.810	2
231.100	1
231.100	2
231.390	2
231.690	0
231.980	2
232.260	1
232.520	2
232.530	0
232.830	0
232.830	2
233.120	2
233.400	1
233.400	2
233.710	2
233.980	0
233.980	2
234.270	2
234.560	1
234.560	2
234.830	0
234.830	2
235.130	0
235.140	2
235.430	2
235.710	1
235.710	2
236.010	2
236.290	0
236.290	2
236.590	2
236.860	1
236.860	2
237.140	0
237.430	0
237.430	2
238.020	1
238.020	2
238.310	2
238.590	0
238.590	2
238.900	2
239.180	1
239.180	2
239.770	0
239.780	2
240.060	1
240.320	2
240.900	0
241.200	2
241.480	1
241.760	0
241.770	2
242.050	0
242.050	2
242.330	2
242.620	1
242.620	2
242.920	2
243.190	0
243.510	2
243.800	1
243.800	2
244.070	0
244.070	2
244.370	2
244.640	0
244.640	2
244.930	1
244.930	2
245.210	0
245.210	2
245.470	2
245.500	0
246.100	1
246.100	2
246.350	0
246.350	2
246.660	2
246.670	1
246.940	0
246.940	2
247.230	1
247.230	2
247.530	2
247.810	0
247.810	2
248.110	2
248.400	1
248.400	2
248.680	0
248.680	2
248.970	0
248.970	2
249.270	2
249.540	1
249.540	2
250.110	2
250.120	0
250.700	1
250.700	2
250.970	0
251.280	0
251.280	2
251.570	2
251.860	1
251.860	2
252.430	0
252.430	2
252.730	2
253.010	1
253.010	2
253.290	0
253.290	2
253.600	2
253.870	0
253.870	2
254.160	1
254.160	2
254.460	2
254.740	0
254.750	2
255.040	2
255.330	1
255.330	2
255.610	0
255.610	2
255.910	0
255.910	2
256.190	2
256.480	1
256.490	2
256.750	0
256.760	2
257.060	0
257.060	2
257.630	1
257.630	2
257.910	0
257.910	2
258.190	0
258.200	2
258.760	1
258.760	2
259.310	2
259.610	1
259.890	1
259.890	2
260.200	2
260.480	1
260.760	1
260.760	2
261.070	2
261.320	1
261.930	1
261.930	2
262.210	1
262.210	2
262.500	1
262.680	1
262.790	1
263.090	0
263.090	2
263.380	2
263.960	0
263.960	2
264.550	1
264.550	2
264.820	0
264.820	2
265.130	0
265.130	2
265.700	1
265.700	2
266.000	2
266.260	2
266.270	0
266.580	2
266.860	1
266.860	2
267.130	0
267.130	2
267.420	0
267.420	2
267.720	2
268.000	1
268.000	2
268.300	2
268.580	0
268.880	2
269.170	1
269.170	2
269.450	0
269.450	2
269.740	0
269.740	2
270.320	1
270.320	2
270.600	2
270.900	0
270.900	2
271.200	2
271.470	1
271.470	2
271.750	0
271.750	2
272.030	2
272.330	0
272.330	2
272.610	1
272.610	2
272.880	0
273.170	0
273.170	2
273.790	1
274.060	0
274.060	2
274.640	0
274.650	2
274.900	2
274.940	1
274.940	2
275.490	0
275.490	2
275.800	2
276.100	1
276.360	0
276.360	2
276.970	0
276.970	2
277.240	2
277.250	1
277.390	1
277.520	0
277.800	0
277.800	2
278.080	2
278.390	1
278.390	2
278.660	0
278.970	0
278.970	2
279.250	2
279.540	1
279.540	2
279.840	2
280.130	0
280.420	2
280.700	1
280.700	2
280.970	0
281.270	0
281.270	2
281.570	2
281.850	1
281.860	2
282.160	2
282.440	0
282.440	2
282.740	2
283.020	1
283.020	2
283.300	0
283.300	2
283.600	0
283.600	2
283.890	2
284.170	1
284.170	2
284.720	0
285.020	1
285.020	2
285.290	1
285.570	0
285.870	1
285.870	2
286.120	2
286.440	1
286.570	1
287.020	0
287.020	2
287.620	1
287.620	2
287.890	0
288.210	0
288.210	2
288.790	1
288.790	2
289.080	2
289.370	0
289.370	2
289.660	2
289.940	1
289.940	2
290.220	0
290.510	0
290.510	2
290.810	2
291.090	1
291.090	2
291.390	2
291.670	0
291.680	2
291.970	2
292.250	1
292.250	2
292.530	0
292.530	2
292.820	0
292.820	2
293.100	2
293.390	1
293.390	2
293.690	2
293.870	2
293.970	0
293.970	2
294.270	2
294.550	1
294.550	2
294.820	0
295.130	0
295.130	2
295.420	2
295.700	1
295.700	2
296.000	2
296.280	2
296.290	0
296.580	2
296.860	1
296.860	2
297.140	0
297.140	2
297.430	2
297.440	0
298.010	1
298.010	2
298.310	2
298.590	0
298.590	2
298.880	2
299.160	2
299.170	1
299.450	0
299.450	2
299.750	0
299.750	2
300.040	2
300.330	1
300.340	2
300.640	2
300.910	0
300.910	2
301.200	2
301.480	1
301.480	2
301.750	0
302.050	0
302.050	2
302.340	2
302.630	1
302.630	2
303.210	0
303.210	2
303.800	1
303.800	2
304.070	0
304.350	0
304.360	2
304.650	2
304.940	1
304.940	2
305.220	0
305.220	2
305.510	0
305.510	2
305.780	2
306.100	1
306.100	2
306.360	0
306.660	0
306.660	2
306.960	2
307.240	1
307.240	2
307.540	2
307.820	0
307.820	2
308.130	2
308.420	1
308.420	2
308.690	0
308.980	0
308.980	2
309.280	2
309.570	1
309.570	2
309.850	2
310.130	0
310.130	2
310.430	2
310.700	1
310.700	2
310.970	0
311.260	0
311.260	2
311.560	2
311.850	1
312.150	2
312.440	0
312.740	2
312.990	2
313.010	1
313.290	0
313.290	2
313.580	0
313.590	2
313.880	2
314.170	1
314.170	2
314.460	2
314.740	0
315.040	2
315.330	1
315.330	2
315.610	0
315.610	2
315.900	0
315.900	2
316.200	2
316.480	1
316.480	2
316.780	2
317.040	2
317.340	2
317.630	1
317.630	2
317.910	0
317.910	2
318.200	0
318.200	2
318.500	2
318.780	1
318.790	2
319.080	2
319.370	0
319.370	2
319.660	2
319.940	1
319.940	2
320.220	0
320.500	0
320.500	2
320.760	2
320.810	2
321.100	1
321.100	2
321.390	2
321.670	0
321.670	2
321.960	2
322.260	1
322.260	2
322.520	2
322.820	0
322.820	2
323.090	2
323.970	0
324.570	1
324.570	2
324.840	0
325.140	0
325.140	2
325.720	1
325.720	2
326.270	0
326.270	2
326.860	1
326.860	2
327.130	0
327.430	0
327.430	2
328.020	1
328.020	2
328.580	0
328.580	2
328.900	2
329.170	1
329.170	2
329.440	0
329.440	2
329.740	0
329.740	2
330.040	2
330.330	1
330.330	2
330.630	2
330.890	2
330.920	0
330.920	2
331.210	2
331.490	1
331.490	2
331.760	0
331.760	2
332.050	0
332.050	2
332.350	2
332.640	1
332.640	2
332.910	0
332.910	2
333.200	0
333.200	2
333.500	2
333.780	1
333.780	2
334.060	0
334.070	2
334.360	0
334.360	2
334.660	2
334.940	1
334.940	2
335.510	0
335.520	2
335.810	2
336.090	1
336.090	2
336.370	0
336.370	2
336.660	0
336.660	2
336.960	2
337.250	1
337.250	2
337.540	2
337.820	0
337.820	2
338.130	2
338.410	1
338.410	2
338.680	0
338.970	0
338.970	2
339.570	1
339.570	2
339.840	0
339.840	2
340.390	0
340.390	2
340.690	1
341.240	0
341.540	0
341.810	1
342.100	0
342.100	2
342.390	0
342.390	2
343.000	1
343.000	2
343.270	0
343.580	0
343.580	2
344.160	1
344.160	2
344.430	0
344.430	2
344.730	2
345.010	0
345.010	2
345.310	1
345.310	2
345.590	2
345.870	0
345.870	2
346.160	0
346.160	2
346.440	1
346.440	2
346.730	2
347.030	0
347.030	1
347.620	1
347.620	2
347.900	0
347.900	2
348.200	0
348.200	2
348.490	2
348.770	1
348.780	2
349.060	0
349.060	2
349.360	2
349.640	0
349.640	2
349.930	1
349.930	2
350.490	0
350.490	2
351.070	1
351.730	0
351.730	2
352.300	1
353.270	0
353.910	0
355.140	0
355.140	1
355.140	2
356.470	2
356.570	2
