0.170	0
0.170	1
0.170	2
0.280	1
0.290	2
0.390	1
0.400	2
0.500	1
0.510	2
0.620	0
0.620	2
0.840	1
0.840	2
0.950	1
1.060	0
1.060	1
1.060	2
1.170	1
1.280	1
1.500	0
1.500	1
1.500	2
1.620	1
1.720	1
1.730	2
1.840	1
1.950	0
1.950	1
1.950	2
3.730	0
3.730	2
3.950	2
4.060	2
4.170	0
4.170	1
4.170	2
4.390	2
4.610	0
4.610	2
4.840	2
4.960	2
5.060	0
5.060	1
5.060	2
5.280	2
5.500	0
5.500	2
5.730	2
5.840	2
5.950	0
5.950	1
5.950	2
6.170	2
6.390	0
6.390	2
6.610	2
6.730	2
6.840	0
6.840	1
6.840	2
7.060	2
7.280	0
7.280	2
7.500	2
7.620	2
7.730	0
7.730	1
7.730	2
7.950	2
8.170	0
8.170	2
8.390	2
8.510	2
8.610	0
8.610	1
8.620	2
8.730	2
8.840	2
9.060	0
9.060	1
9.060	2
9.170	1
9.290	2
9.390	1
9.400	2
9.500	0
9.500	2
9.720	1
9.730	2
9.840	1
9.950	0
9.950	1
9.950	2
10.060	1
10.170	1
10.170	2
10.390	0
10.390	1
10.390	2
10.500	1
10.620	1
10.620	2
10.730	1
10.730	2
10.840	0
10.840	1
10.840	2
11.060	2
11.170	2
11.280	0
11.280	1
11.280	2
11.500	2
11.720	0
11.720	2
11.950	2
12.070	2
12.170	0
12.170	1
12.170	2
12.390	2
12.610	0
12.610	2
12.840	2
12.950	2
13.060	1
13.060	2
13.280	2
13.500	0
13.500	2
13.730	2
13.950	1
13.950	2
14.170	2
14.390	0
14.390	2
14.610	2
14.840	0
14.840	1
14.840	2
15.060	2
15.280	0
15.280	2
15.500	2
15.620	2
15.720	0
15.730	1
15.730	2
15.950	2
16.170	0
16.170	2
16.390	2
16.610	0
16.610	1
16.610	2
16.830	2
17.060	0
17.060	2
17.280	2
17.400	2
17.500	0
17.500	1
17.500	2
17.720	2
17.950	0
17.950	1
17.950	2
18.170	2
18.280	2
18.390	0
18.390	1
18.390	2
18.610	2
18.840	0
18.840	2
19.060	2
19.180	2
19.280	1
19.280	2
19.500	2
19.720	0
19.720	2
19.950	2
20.060	2
20.170	1
20.170	2
20.390	2
20.610	0
20.610	2
20.840	2
20.960	2
21.060	1
21.060	2
21.280	2
21.500	0
21.500	1
21.500	2
21.620	1
21.620	2
21.730	2
21.840	0
21.840	2
21.950	0
21.950	2
22.170	1
22.170	2
22.280	1
22.390	0
22.390	1
22.390	2
22.500	1
22.510	2
22.610	1
22.620	2
22.840	0
22.840	1
22.840	2
22.950	1
23.060	1
23.060	2
23.170	1
23.280	0
23.280	2
23.500	2
23.610	2
23.730	0
23.730	1
23.730	2
23.950	2
24.170	0
24.170	2
24.390	2
24.510	2
24.610	0
24.610	1
24.610	2
24.840	2
25.060	0
25.060	2
25.280	2
25.390	2
25.500	0
25.500	1
25.500	2
25.720	2
25.950	0
25.950	2
26.170	2
26.290	2
26.390	0
26.390	1
26.390	2
26.610	2
26.830	0
26.840	2
27.060	2
27.170	2
27.280	0
27.280	1
27.280	2
27.500	2
27.720	0
27.720	2
27.950	2
28.170	0
28.170	1
28.170	2
28.390	2
28.610	0
28.610	2
28.840	2
29.060	0
29.060	2
29.280	2
29.500	0
29.500	2
29.730	2
29.840	2
29.940	1
29.950	0
29.950	2
30.170	2
30.390	0
30.390	2
30.610	2
30.720	2
30.840	0
30.840	1
30.840	2
31.050	2
31.280	0
31.280	2
31.500	2
31.620	2
31.720	0
31.720	1
31.730	2
31.940	2
32.170	0
32.170	2
32.390	2
32.500	2
32.610	0
32.610	1
32.610	2
33.060	0
33.060	2
33.280	2
33.400	2
33.500	0
33.500	1
33.500	2
33.720	2
33.950	0
33.950	2
34.170	2
34.280	2
34.390	0
34.390	1
34.390	2
34.610	2
34.830	0
34.840	2
35.020	2
35.180	2
35.280	0
35.280	1
35.280	2
35.500	2
35.720	0
35.720	2
35.950	2
36.060	2
36.170	0
36.170	1
36.170	2
36.610	0
36.610	1
36.610	2
36.840	2
37.050	1
37.060	0
37.060	2
37.170	2
37.280	2
37.500	0
37.500	2
37.720	2
37.950	2
38.170	0
38.170	2
38.390	2
38.610	0
38.610	2
38.730	2
38.830	2
39.050	0
39.060	2
39.280	0
39.280	2
39.500	0
39.500	2
39.610	2
39.720	1
39.720	2
39.940	0
39.940	2
40.170	2
40.390	2
40.510	2
40.610	2
40.840	2
41.060	0
41.060	2
41.280	2
41.390	2
41.480	2
41.720	0
41.720	2
41.940	2
42.160	0
42.170	2
42.290	2
42.390	2
42.600	2
42.830	0
42.830	2
43.050	2
43.270	1
43.280	0
43.280	2
43.500	2
43.720	0
43.720	2
43.950	2
44.170	1
44.170	2
44.390	2
44.610	0
44.610	2
45.060	0
45.060	1
45.060	2
45.280	2
45.500	0
45.500	2
45.730	2
45.840	2
45.950	0
45.950	1
45.950	2
46.170	2
46.390	0
46.390	2
46.610	2
46.830	0
46.830	1
46.840	2
47.050	0
47.060	2
47.280	2
47.500	0
47.500	2
47.620	2
47.720	1
47.720	2
47.940	0
47.940	2
48.170	0
48.170	2
48.390	2
48.500	2
48.610	1
48.610	2
48.830	2
49.000	2
49.050	0
49.050	2
49.280	0
49.280	2
49.400	2
49.500	1
49.500	2
49.610	1
49.620	2
49.730	2
49.950	0
49.950	1
49.950	2
50.060	1
50.170	1
50.390	0
50.390	2
50.610	0
50.610	1
50.610	2
50.720	1
50.730	2
50.840	0
50.840	1
50.840	2
51.060	1
51.280	0
51.280	1
51.280	2
51.720	0
51.730	2
51.940	2
52.060	2
52.160	0
52.160	1
52.170	2
52.610	0
52.610	2
52.840	2
53.050	0
53.060	1
53.060	2
53.280	2
53.500	0
53.500	2
53.720	2
53.940	0
53.940	1
53.950	2
54.160	2
54.390	0
54.390	2
54.610	2
54.830	0
54.830	1
54.830	2
55.060	2
55.280	0
55.280	2
55.500	2
55.720	0
55.720	1
55.720	2
55.950	2
56.170	0
56.170	2
56.380	2
56.510	2
56.610	0
56.610	1
56.610	2
56.830	2
57.050	0
57.060	2
57.230	2
57.280	2
57.500	1
57.500	2
57.720	2
57.940	0
57.940	2
58.170	2
58.290	2
58.390	1
58.390	2
58.610	2
58.830	0
58.830	1
58.830	2
59.050	2
59.170	2
59.280	0
59.280	2
59.450	2
59.720	0
59.720	2
59.950	2
60.160	0
60.160	1
60.170	2
60.390	1
60.390	2
60.610	0
60.610	2
60.830	2
61.050	1
61.060	0
61.060	2
61.280	2
61.500	0
61.500	1
61.500	2
61.730	2
61.840	2
61.940	0
61.940	1
61.940	2
62.170	2
62.390	0
62.390	2
62.610	2
62.830	0
62.830	1
62.830	2
63.050	2
63.270	0
63.280	2
63.500	2
63.620	2
63.720	0
63.720	1
63.720	2
63.940	2
64.170	0
64.170	2
64.390	2
64.500	2
64.610	0
64.610	1
64.610	2
64.830	2
65.050	0
65.060	2
65.280	2
65.400	2
65.500	1
65.500	2
65.720	2
65.940	0
65.940	2
66.160	2
66.390	0
66.390	1
66.390	2
66.610	2
66.830	0
66.830	2
67.060	2
67.270	1
67.280	2
67.500	1
67.500	2
67.720	0
67.720	2
67.940	2
68.160	1
68.170	2
68.390	2
68.610	0
68.610	2
68.830	2
68.950	2
69.050	0
69.050	1
69.060	2
69.280	2
69.500	0
69.500	2
69.720	2
69.830	2
69.940	0
69.940	1
69.940	2
70.170	2
70.390	0
70.390	2
70.620	2
70.730	2
70.830	0
70.830	1
70.830	2
71.050	2
71.280	0
71.280	2
71.500	2
71.720	0
71.720	1
71.720	2
71.940	2
72.170	0
72.170	2
72.390	2
72.610	0
72.610	1
72.610	2
72.830	2
73.050	0
73.050	2
73.280	2
73.490	1
73.500	2
73.940	0
73.940	2
74.170	2
74.390	1
74.390	2
74.830	0
74.830	2
75.270	0
75.270	1
75.280	2
75.460	2
75.500	2
75.720	0
75.720	2
75.950	2
76.050	1
76.060	2
76.160	1
76.170	2
76.390	1
76.390	2
76.500	1
76.610	0
76.610	1
76.610	2
77.050	0
77.500	0
77.500	2
77.940	0
78.390	0
78.390	2
78.830	0
78.830	2
78.990	2
79.220	2
79.270	0
79.270	2
79.720	0
79.830	0
79.830	1
79.830	2
80.170	1
80.170	2
80.610	0
80.610	1
80.610	2
80.820	2
81.050	0
81.050	2
81.390	2
81.500	0
81.790	2
81.940	0
81.940	2
82.150	2
82.390	0
82.830	0
83.270	0
83.500	1
83.500	2
83.720	0
83.720	2
83.940	2
84.060	2
84.160	1
84.170	0
84.170	2
84.390	2
84.610	0
84.610	2
84.830	2
84.950	2
85.050	1
85.060	0
85.060	2
85.280	2
85.500	0
85.500	2
85.720	2
85.830	2
85.940	0
85.940	1
85.940	2
86.160	2
86.390	0
86.390	2
86.610	2
86.730	2
86.830	0
86.830	1
86.830	2
87.050	2
87.280	0
87.280	2
87.500	2
87.610	2
87.720	0
87.720	1
87.720	2
87.940	2
88.160	0
88.170	2
88.390	2
88.500	2
88.610	0
88.610	1
88.610	2
88.830	2
89.060	0
89.060	1
89.060	2
89.170	1
89.270	1
89.380	1
89.500	0
89.500	2
89.720	1
89.720	2
89.840	2
89.940	0
90.050	1
90.170	1
90.170	2
90.390	0
90.390	1
90.390	2
90.500	1
90.610	1
90.720	1
90.830	0
90.830	2
91.050	2
91.280	0
91.280	1
91.280	2
91.500	2
91.720	0
91.720	2
91.950	2
92.060	2
92.170	0
92.170	1
92.170	2
92.390	2
92.610	0
92.610	2
92.830	2
92.940	2
93.050	0
93.050	1
93.050	2
93.280	2
93.500	0
93.500	2
93.840	2
93.940	0
93.940	1
93.940	2
94.160	2
94.390	0
94.390	2
94.610	2
94.830	0
94.830	1
94.830	2
95.050	2
95.270	0
95.280	2
95.500	2
95.720	0
95.720	1
95.720	2
95.940	2
96.160	0
96.160	2
96.390	2
96.610	0
96.610	1
96.610	2
96.830	2
97.050	0
97.050	2
97.280	2
97.390	2
97.490	0
97.490	1
97.500	2
97.720	2
97.940	0
97.940	2
98.160	2
98.390	0
98.390	1
98.390	2
98.610	2
98.830	0
98.830	2
99.050	2
99.170	2
99.280	0
99.280	1
99.280	2
99.500	2
99.720	0
99.720	2
99.940	2
100.050	2
100.170	0
100.170	1
100.170	2
100.390	2
100.610	0
100.610	2
100.830	2
100.950	2
101.050	0
101.050	1
101.050	2
101.280	2
101.500	0
101.500	2
101.720	2
101.830	2
101.940	0
101.940	1
101.950	2
102.160	2
102.390	0
102.390	2
102.610	2
102.730	2
102.830	0
102.830	1
102.830	2
103.050	2
103.230	2
103.270	0
103.270	2
103.500	2
103.720	0
103.720	1
103.720	2
103.940	2
104.160	1
104.170	0
104.170	2
104.270	1
104.280	2
104.610	0
104.610	1
104.610	2
104.720	1
104.830	2
105.050	0
105.050	2
105.280	2
105.500	2
105.720	0
105.720	2
105.940	2
106.160	0
106.170	2
106.280	2
106.390	2
106.610	2
106.830	0
106.830	2
107.050	2
107.160	2
107.270	2
107.500	0
107.500	2
107.720	2
107.940	2
108.060	2
108.160	2
108.390	2
108.610	0
108.610	2
108.830	2
108.940	2
109.050	2
109.270	0
109.270	2
109.500	2
109.720	0
109.720	2
109.840	2
109.940	2
110.160	2
110.380	0
110.390	2
110.610	2
110.720	2
110.830	0
110.830	1
110.830	2
111.050	2
111.270	0
111.280	2
111.490	1
111.490	2
111.620	2
111.720	0
111.720	1
111.720	2
111.950	2
112.170	0
112.170	2
112.390	2
112.610	0
112.610	1
112.610	2
112.830	2
113.050	0
113.050	2
113.280	2
113.500	0
113.500	1
113.500	2
113.710	2
113.940	0
113.940	2
114.160	2
114.390	0
114.390	1
114.390	2
114.600	0
114.610	2
114.830	2
115.050	0
115.050	2
115.170	2
115.230	2
115.270	1
115.270	2
115.720	0
115.720	2
115.940	0
115.940	2
116.160	1
116.160	2
116.380	2
116.580	2
116.610	0
116.610	2
116.830	0
116.830	2
116.950	2
117.050	1
117.050	2
117.280	2
117.500	0
117.500	1
117.500	2
117.610	1
117.830	1
117.940	0
118.160	1
118.160	2
118.280	1
118.390	0
118.390	2
118.500	1
118.830	0
118.830	1
118.830	2
119.050	1
119.170	1
119.280	0
119.280	1
119.280	2
119.500	2
119.610	2
119.720	0
119.720	1
119.720	2
120.160	0
120.160	2
120.390	2
120.510	2
120.610	1
120.610	2
121.050	0
121.050	2
121.270	2
121.490	1
121.500	2
121.720	2
121.940	0
121.940	1
121.940	2
122.170	2
122.380	0
122.380	1
122.390	2
122.610	2
122.830	0
122.830	2
123.050	2
123.270	0
123.270	1
123.280	2
123.500	2
123.720	0
123.720	2
124.160	0
124.160	1
124.160	2
124.390	2
124.610	0
124.610	2
124.840	2
125.050	0
125.050	1
125.050	2
125.270	2
125.500	0
125.500	2
125.720	2
125.840	2
125.940	0
125.940	1
125.940	2
126.160	2
126.340	2
126.380	0
126.380	2
126.610	2
126.720	2
126.830	0
126.830	1
126.830	2
127.270	0
127.270	2
127.500	2
127.720	1
127.720	2
128.160	0
128.160	2
128.390	2
128.600	1
128.610	2
128.830	2
129.050	0
129.050	2
129.280	2
129.390	2
129.490	0
129.500	1
129.500	2
129.720	2
129.940	0
129.940	1
129.940	2
130.160	2
130.390	1
130.390	2
130.610	2
130.820	0
130.830	2
131.050	2
131.170	2
131.270	0
131.270	1
131.270	2
131.500	1
131.500	2
131.720	0
131.720	2
131.940	2
132.050	2
132.160	0
132.160	1
132.160	2
132.380	2
132.600	0
132.610	2
132.830	2
132.950	2
133.050	0
133.050	1
133.050	2
133.270	2
133.490	0
133.500	1
133.500	2
133.720	2
133.940	0
133.940	2
134.160	2
134.380	0
134.380	2
134.610	2
134.730	2
134.830	1
134.830	2
135.270	0
135.270	2
135.500	2
135.710	1
135.720	2
135.940	2
136.160	0
136.160	2
136.390	2
136.510	2
136.600	0
136.600	1
136.610	2
136.830	2
137.050	0
137.050	2
137.270	2
137.490	0
137.490	1
137.500	2
137.720	2
137.940	0
137.940	2
138.170	2
138.280	2
138.380	0
138.380	1
138.390	2
138.600	2
138.830	0
138.830	2
139.050	2
139.270	0
139.270	1
139.270	2
139.490	2
139.720	0
139.720	2
139.940	2
140.060	2
140.160	0
140.160	1
140.160	2
140.380	2
140.600	0
140.610	2
140.830	2
140.940	2
141.050	0
141.050	1
141.050	2
141.270	2
141.490	0
141.490	2
141.720	2
141.840	2
141.940	0
141.940	1
141.940	2
142.380	0
142.380	2
142.610	2
142.720	2
142.830	0
142.830	1
142.830	2
143.050	2
143.270	0
143.270	2
143.500	2
143.600	1
143.610	2
143.940	1
143.940	2
144.050	1
144.160	0
144.160	1
144.160	2
144.600	0
144.600	2
144.820	2
145.050	0
145.050	2
145.490	0
145.940	0
145.940	2
146.380	0
146.380	2
146.830	0
147.270	0
147.270	2
147.720	0
147.720	1
147.720	2
148.160	0
148.160	1
148.160	2
148.600	0
149.050	0
149.050	2
149.490	0
149.710	2
149.940	0
149.940	2
150.380	0
150.380	2
150.830	0
151.050	1
151.050	2
153.050	0
153.050	2
153.270	2
153.390	2
153.490	0
153.490	1
153.500	2
153.720	2
153.940	0
153.940	1
153.940	2
154.160	2
154.380	0
154.380	1
154.390	2
154.600	2
154.830	0
154.830	2
155.050	2
155.270	0
155.270	1
155.270	2
155.490	2
155.720	0
155.720	2
155.940	2
156.060	2
156.160	0
156.160	1
156.160	2
156.380	2
156.610	0
156.610	2
156.830	2
156.940	2
157.050	0
157.050	1
157.050	2
157.270	2
157.490	0
157.490	2
157.710	2
157.940	0
157.940	1
157.940	2
158.160	2
158.380	0
158.380	2
158.610	2
158.720	2
158.830	0
158.830	1
158.830	2
159.050	2
159.270	0
159.270	2
159.500	2
159.610	2
159.720	1
159.720	2
160.160	0
160.160	2
160.390	2
160.600	0
160.600	1
160.610	2
160.830	2
161.050	0
161.050	2
161.270	2
161.390	2
161.490	0
161.490	1
161.490	2
161.720	2
161.940	0
161.940	2
162.160	2
162.380	0
162.380	1
162.390	2
162.600	2
162.830	2
163.050	2
163.170	2
163.270	0
163.270	1
163.270	2
163.490	2
163.720	0
163.720	2
163.940	2
164.160	0
164.160	1
164.160	2
164.380	2
164.600	0
164.600	2
164.830	2
165.050	0
165.050	1
165.050	2
165.270	2
165.490	0
165.490	2
165.720	2
165.830	2
165.940	1
165.940	2
166.160	2
166.380	0
166.380	2
166.500	2
166.600	1
166.610	2
166.940	1
166.940	2
167.270	0
167.270	2
167.720	0
167.720	1
167.720	2
167.940	2
168.160	0
168.160	1
168.160	2
168.600	0
168.610	1
168.610	2
168.830	2
169.050	0
169.050	1
169.050	2
169.280	2
169.500	2
169.720	1
169.720	2
169.940	1
169.940	2
170.160	1
170.160	2
170.390	2
170.610	0
170.610	1
170.610	2
171.160	2
171.950	2
172.060	2
172.300	2
172.830	1
172.830	2
173.720	2
173.840	2
176.410	2
177.280	2
179.170	2
179.920	2
180.840	2
181.060	2
181.720	1
181.830	1
181.940	1
182.050	1
182.160	1
182.270	1
182.380	1
182.390	2
182.490	1
182.500	2
182.600	1
182.720	1
182.940	1
183.050	1
183.160	1
183.270	0
183.270	2
183.490	2
183.610	2
183.710	0
183.710	1
183.720	2
184.160	0
184.160	2
184.390	2
184.600	0
184.600	1
184.610	2
184.830	2
185.050	0
185.050	2
185.270	2
185.380	2
185.490	0
185.490	1
185.500	2
185.710	2
185.940	0
185.940	2
186.160	2
186.280	2
186.380	0
186.380	1
186.380	2
186.600	2
186.830	0
186.830	2
187.040	2
187.270	0
187.270	1
187.270	2
187.490	2
187.710	0
187.710	2
187.930	2
188.060	2
188.160	0
188.160	1
188.160	2
188.380	2
188.600	0
188.600	2
189.040	0
189.040	1
189.050	2
189.270	2
189.490	0
189.490	2
189.720	2
189.940	1
189.940	2
190.160	2
190.380	0
190.380	1
190.380	2
190.600	2
190.710	2
190.820	1
190.830	0
190.830	2
191.000	2
191.270	0
191.270	2
191.500	2
191.710	0
191.710	1
191.710	2
191.940	2
192.160	0
192.160	2
192.380	2
192.600	0
192.600	1
192.600	2
193.050	0
193.050	1
193.050	2
193.280	2
193.390	2
193.490	1
193.490	2
193.720	2
193.940	0
193.940	2
194.160	2
194.380	0
194.380	1
194.380	2
194.600	2
194.820	0
194.830	2
195.050	2
195.170	2
195.270	2
195.490	2
195.710	0
195.710	2
195.940	2
196.160	0
196.160	1
196.160	2
196.380	2
196.600	0
196.600	2
196.830	2
196.950	2
197.050	1
197.050	2
197.270	2
197.490	0
197.490	2
197.710	2
197.830	2
197.930	1
197.940	0
197.940	2
198.160	2
198.380	0
198.380	2
198.610	2
198.820	1
198.830	2
199.050	2
199.270	0
199.270	2
199.490	2
199.710	0
199.710	1
199.710	2
199.940	2
200.160	0
200.160	2
200.390	2
200.500	2
200.600	1
200.600	2
200.830	2
201.040	0
201.050	2
201.270	2
201.380	2
201.490	1
201.490	2
201.710	2
201.940	0
201.940	2
202.160	2
202.380	0
202.380	1
202.380	2
202.600	2
202.820	0
202.820	2
203.050	2
203.160	2
203.270	1
203.270	2
203.490	2
203.710	0
203.710	2
203.940	2
204.160	1
204.160	2
204.380	2
204.600	0
204.600	2
204.820	2
205.040	0
205.040	1
205.050	2
205.490	0
205.490	2
205.720	2
205.830	2
205.930	1
205.940	2
206.380	0
206.380	2
206.820	0
206.820	1
206.820	2
207.050	2
207.270	0
207.270	1
207.270	2
207.500	2
207.600	1
207.610	2
207.720	1
207.720	2
207.940	1
207.940	2
208.050	1
208.160	0
208.160	1
208.160	2
208.600	0
208.600	2
209.050	0
209.490	0
209.490	2
209.940	0
209.940	2
210.380	0
210.380	2
210.540	2
210.820	0
210.820	2
211.270	0
211.380	0
211.380	1
211.380	2
211.720	1
211.720	2
211.920	2
212.160	0
212.160	1
212.160	2
212.600	0
212.600	2
213.050	0
213.340	2
213.490	0
213.490	2
213.930	0
214.380	0
214.820	0
215.050	1
215.270	0
215.270	1
215.270	2
215.380	1
215.490	1
215.610	0
215.610	2
215.720	0
215.720	2
215.940	1
215.940	2
216.050	0
216.050	1
216.160	0
216.160	1
216.160	2
216.270	1
216.380	1
216.600	0
216.600	1
216.600	2
216.720	1
216.820	1
216.940	1
217.050	0
217.050	2
217.270	0
217.270	1
217.270	2
217.380	1
217.490	0
217.600	1
217.720	1
217.720	2
217.940	0
217.940	1
217.940	2
218.160	0
218.160	1
218.270	1
218.270	2
218.380	0
218.610	0
218.610	1
218.610	2
