14.7795 	 0 
14.7795 	 1 
14.7795 	 2 
14.8956 	 0 
14.8956 	 2 
14.8956 	 1 
15.0117 	 1 
15.0117 	 2 
15.1162 	 1 
15.1162 	 0 
15.1162 	 2 
15.2323 	 1 
15.2323 	 2 
15.3368 	 2 
15.3368 	 0 
15.3484 	 1 
15.4529 	 0 
15.4529 	 1 
15.4529 	 2 
15.5574 	 0 
15.5574 	 2 
15.5690 	 1 
15.6735 	 0 
15.6735 	 1 
15.6735 	 2 
15.7896 	 0 
15.7896 	 1 
15.7896 	 2 
15.8941 	 1 
15.8941 	 0 
15.8941 	 2 
15.9985 	 1 
16.1146 	 2 
16.1146 	 0 
16.1146 	 1 
16.2307 	 1 
16.2307 	 2 
16.3352 	 0 
16.3468 	 2 
16.3468 	 1 
16.4513 	 0 
16.4629 	 1 
16.4629 	 2 
16.5094 	 1 
16.5210 	 2 
16.5558 	 1 
16.5674 	 2 
16.5674 	 0 
16.6719 	 2 
16.6719 	 0 
16.6719 	 1 
16.7880 	 0 
16.7880 	 1 
16.7880 	 2 
16.8925 	 0 
16.8925 	 2 
16.8925 	 1 
17.0086 	 0 
17.0086 	 2 
17.0086 	 1 
17.1131 	 0 
17.1247 	 1 
17.1247 	 2 
17.2292 	 0 
17.2292 	 2 
17.2292 	 1 
17.3453 	 0 
17.3453 	 2 
17.3453 	 1 
17.4498 	 2 
17.4498 	 1 
17.4498 	 0 
17.5659 	 0 
17.5659 	 1 
17.5659 	 2 
17.6704 	 0 
17.6704 	 1 
17.6704 	 2 
17.7749 	 1 
17.8910 	 0 
17.8910 	 1 
17.8910 	 2 
18.0071 	 2 
18.0071 	 1 
18.1232 	 1 
18.1232 	 2 
18.1232 	 0 
18.2277 	 0 
18.2393 	 2 
18.2393 	 1 
18.2857 	 1 
18.2973 	 2 
18.3322 	 1 
18.3438 	 2 
18.3438 	 0 
18.4483 	 2 
18.4483 	 1 
18.4483 	 0 
18.5644 	 2 
18.5644 	 1 
18.5644 	 0 
18.6688 	 1 
18.6688 	 2 
18.6688 	 0 
18.7849 	 0 
18.7849 	 2 
18.7849 	 1 
18.9010 	 0 
18.9010 	 1 
18.9010 	 2 
19.0055 	 1 
19.0055 	 2 
19.0055 	 0 
19.1216 	 0 
19.1216 	 2 
19.1216 	 1 
19.2261 	 0 
19.2261 	 2 
19.2261 	 1 
19.3422 	 0 
19.3422 	 2 
19.3422 	 1 
19.4467 	 0 
19.4583 	 2 
19.4583 	 1 
19.5512 	 1 
19.6673 	 1 
19.6673 	 2 
19.6673 	 0 
19.7834 	 1 
19.7834 	 2 
19.7834 	 0 
19.8995 	 0 
19.8995 	 1 
19.8995 	 2 
20.0156 	 0 
20.0156 	 1 
20.0156 	 2 
20.0737 	 1 
20.0737 	 2 
20.1201 	 2 
20.1201 	 0 
20.1201 	 1 
20.2246 	 0 
20.2246 	 2 
20.2362 	 1 
20.3407 	 0 
20.3407 	 1 
20.3407 	 2 
20.4452 	 1 
20.4568 	 2 
20.4568 	 0 
20.5613 	 0 
20.5613 	 1 
20.5613 	 2 
20.6658 	 0 
20.6774 	 2 
20.6774 	 1 
20.7819 	 0 
20.7819 	 1 
20.7819 	 2 
20.8980 	 2 
20.8980 	 1 
20.8980 	 0 
21.0024 	 2 
21.0024 	 0 
21.0141 	 1 
21.1185 	 1 
21.1185 	 2 
21.1185 	 0 
21.2346 	 1 
21.2346 	 2 
21.3391 	 2 
21.3507 	 1 
21.4436 	 0 
21.4552 	 1 
21.4552 	 2 
21.5597 	 2 
21.5597 	 0 
21.5597 	 1 
21.6758 	 2 
21.6758 	 1 
21.6758 	 0 
21.7919 	 1 
21.7919 	 0 
21.7919 	 2 
21.8500 	 2 
21.8500 	 1 
21.8964 	 1 
21.8964 	 0 
21.8964 	 2 
22.0009 	 0 
22.0125 	 1 
22.0125 	 2 
22.1170 	 1 
22.1170 	 0 
22.1170 	 2 
22.2331 	 0 
22.2331 	 2 
22.2331 	 1 
22.3376 	 0 
22.3376 	 1 
22.3376 	 2 
22.4537 	 2 
22.4537 	 1 
22.5582 	 2 
22.5582 	 1 
22.5582 	 0 
22.6743 	 1 
22.6743 	 2 
22.7788 	 0 
22.7788 	 2 
22.7904 	 1 
22.8949 	 0 
22.8949 	 1 
22.8949 	 2 
23.0110 	 0 
23.0110 	 1 
23.0110 	 2 
23.1155 	 2 
23.1155 	 1 
23.2316 	 1 
23.2316 	 2 
23.3361 	 1 
23.3361 	 2 
23.3361 	 0 
23.4522 	 2 
23.4522 	 0 
23.4522 	 1 
23.5683 	 2 
23.5683 	 0 
23.5683 	 1 
23.6263 	 2 
23.6263 	 1 
23.6727 	 2 
23.6727 	 1 
23.6727 	 0 
23.7888 	 0 
23.7888 	 1 
23.7888 	 2 
23.8933 	 0 
23.8933 	 1 
23.9049 	 2 
24.0094 	 1 
24.0094 	 0 
24.0094 	 2 
24.1139 	 0 
24.1255 	 2 
24.1255 	 1 
24.2300 	 1 
24.2300 	 2 
24.3345 	 1 
24.3345 	 0 
24.3461 	 2 
24.4506 	 1 
24.4506 	 0 
24.4506 	 2 
24.5551 	 0 
24.5667 	 2 
24.5667 	 1 
24.6712 	 1 
24.6712 	 0 
24.6828 	 2 
24.7873 	 0 
24.7873 	 2 
24.7873 	 1 
24.8918 	 2 
24.9034 	 1 
25.0079 	 1 
25.0079 	 2 
25.0079 	 0 
25.1124 	 0 
25.1240 	 1 
25.1240 	 2 
25.2285 	 1 
25.2285 	 0 
25.2285 	 2 
25.3446 	 0 
25.3446 	 2 
25.3446 	 1 
25.4026 	 2 
25.4026 	 1 
25.4491 	 1 
25.4491 	 0 
25.4607 	 2 
25.5652 	 2 
25.5652 	 1 
25.5652 	 0 
25.6697 	 1 
25.6697 	 0 
25.6813 	 2 
25.7858 	 1 
25.7858 	 0 
25.7858 	 2 
25.9019 	 1 
25.9019 	 2 
26.0063 	 1 
26.0063 	 2 
26.0063 	 0 
26.1108 	 0 
26.1224 	 2 
26.1224 	 1 
26.2269 	 2 
26.2269 	 1 
26.2269 	 0 
26.3314 	 0 
26.3430 	 2 
26.3430 	 1 
26.4475 	 1 
26.4475 	 0 
26.4591 	 2 
26.5636 	 0 
26.5636 	 1 
26.5636 	 2 
26.6797 	 1 
26.7842 	 2 
26.7842 	 1 
26.7842 	 0 
26.8887 	 0 
26.9003 	 1 
26.9003 	 2 
27.0048 	 0 
27.0164 	 2 
27.0164 	 1 
27.1209 	 1 
27.1209 	 0 
27.1209 	 2 
27.1790 	 2 
27.1790 	 1 
27.2254 	 1 
27.2254 	 0 
27.2370 	 2 
27.3415 	 0 
27.3415 	 1 
27.3415 	 2 
27.4460 	 0 
27.4576 	 1 
27.4576 	 2 
27.5621 	 0 
27.5621 	 1 
27.5621 	 2 
27.6782 	 1 
27.6782 	 2 
27.7827 	 2 
27.7827 	 0 
27.7943 	 1 
27.8988 	 2 
27.8988 	 0 
27.8988 	 1 
28.0033 	 2 
28.0033 	 0 
28.0149 	 1 
28.1078 	 2 
28.1194 	 0 
28.1194 	 1 
28.2239 	 1 
28.2239 	 0 
28.2355 	 2 
28.3400 	 1 
28.3400 	 2 
28.3400 	 0 
28.4561 	 1 
28.5605 	 1 
28.5605 	 2 
28.5605 	 0 
28.6766 	 1 
28.6766 	 2 
28.7811 	 2 
28.7811 	 0 
28.7927 	 1 
28.8972 	 1 
28.8972 	 2 
28.9088 	 0 
28.9553 	 1 
28.9553 	 2 
29.0017 	 1 
29.0133 	 0 
29.0133 	 2 
29.1178 	 0 
29.1178 	 1 
29.1178 	 2 
29.2223 	 0 
29.2223 	 2 
29.2339 	 1 
29.2455 	 0 
29.3384 	 1 
29.3384 	 0 
29.3384 	 2 
29.4545 	 2 
29.4545 	 1 
29.5590 	 0 
29.5590 	 1 
29.5706 	 2 
29.6751 	 2 
29.6751 	 0 
29.6751 	 1 
29.7796 	 2 
29.7796 	 0 
29.7912 	 1 
29.8957 	 2 
29.8957 	 0 
29.8957 	 1 
30.0002 	 1 
30.0118 	 0 
30.0118 	 2 
30.1163 	 1 
30.1163 	 2 
30.1163 	 0 
30.2208 	 1 
30.3369 	 1 
30.3369 	 2 
30.3369 	 0 
30.4530 	 2 
30.4530 	 1 
30.5575 	 0 
30.5691 	 2 
30.5691 	 1 
30.6736 	 1 
30.6852 	 0 
30.6852 	 2 
30.7316 	 1 
30.7432 	 2 
30.7780 	 1 
30.7897 	 0 
30.7897 	 2 
30.8941 	 0 
30.8941 	 1 
30.8941 	 2 
31.0102 	 1 
31.0102 	 2 
31.1147 	 0 
31.1147 	 1 
31.1263 	 2 
31.2308 	 2 
31.2308 	 1 
31.3353 	 1 
31.3353 	 0 
31.3469 	 2 
31.4514 	 2 
31.4514 	 1 
31.4514 	 0 
31.5559 	 0 
31.5675 	 2 
31.5675 	 1 
31.6720 	 2 
31.6720 	 0 
31.6720 	 1 
31.7881 	 0 
31.7881 	 2 
31.7881 	 1 
31.8926 	 2 
31.8926 	 1 
32.0087 	 1 
32.1132 	 0 
32.1132 	 1 
32.1132 	 2 
32.2293 	 2 
32.2293 	 1 
32.3338 	 0 
32.3454 	 1 
32.3454 	 2 
32.4615 	 0 
32.4615 	 2 
32.4615 	 1 
32.5079 	 1 
32.5079 	 0 
32.5195 	 2 
32.5660 	 1 
32.5660 	 0 
32.5776 	 2 
32.7053 	 2 
32.7053 	 1 
32.8446 	 1 
32.8446 	 0 
32.8562 	 2 
32.8911 	 2 
32.9027 	 1 
33.0072 	 1 
33.0072 	 2 
33.1465 	 0 
33.1581 	 1 
33.1581 	 2 
33.2278 	 2 
33.2394 	 1 
33.2974 	 1 
33.2974 	 0 
33.2974 	 2 
33.4483 	 1 
33.4483 	 0 
33.4600 	 2 
33.5877 	 2 
33.5993 	 0 
33.5993 	 1 
33.6109 	 2 
33.7386 	 1 
33.7502 	 2 
33.9011 	 2 
33.9011 	 1 
33.9011 	 0 
34.0405 	 1 
34.0521 	 2 
34.1798 	 0 
34.1798 	 1 
34.1914 	 2 
34.3423 	 1 
34.3423 	 2 
34.3423 	 0 
34.4816 	 1 
34.4816 	 2 
34.6210 	 1 
34.6210 	 0 
34.6326 	 2 
34.6674 	 2 
34.6674 	 1 
34.7835 	 1 
34.7835 	 0 
34.7951 	 2 
34.9344 	 2 
34.9344 	 1 
34.9344 	 0 
35.0041 	 2 
35.0157 	 1 
35.0737 	 2 
35.0737 	 1 
35.0737 	 0 
35.2247 	 0 
35.2363 	 2 
35.2363 	 1 
35.3408 	 0 
35.3640 	 2 
35.3756 	 1 
35.3872 	 0 
35.5149 	 2 
35.5149 	 1 
35.6775 	 1 
35.6775 	 0 
35.6775 	 2 
35.8168 	 1 
35.8168 	 0 
35.8284 	 2 
35.9561 	 0 
35.9561 	 1 
35.9677 	 2 
36.1186 	 0 
36.1186 	 2 
36.1186 	 1 
36.2231 	 2 
36.2347 	 1 
36.3392 	 2 
36.3392 	 0 
36.3392 	 1 
36.4437 	 1 
36.4553 	 0 
36.4553 	 2 
36.5598 	 0 
36.5598 	 1 
36.5598 	 2 
36.6643 	 0 
36.6759 	 1 
36.6759 	 2 
36.7804 	 1 
36.7804 	 2 
36.7804 	 0 
36.8965 	 2 
36.8965 	 1 
37.0010 	 0 
37.0126 	 1 
37.0126 	 2 
37.1171 	 1 
37.1171 	 2 
37.1171 	 0 
37.2332 	 1 
37.2332 	 2 
37.3377 	 0 
37.3377 	 2 
37.3493 	 1 
37.4538 	 1 
37.4538 	 0 
37.4538 	 2 
37.5583 	 1 
37.5583 	 2 
37.5583 	 0 
37.6744 	 2 
37.6744 	 1 
37.6744 	 0 
37.7905 	 2 
37.7905 	 1 
37.7905 	 0 
37.8485 	 1 
37.8485 	 2 
37.8950 	 0 
37.8950 	 1 
37.8950 	 2 
37.9995 	 2 
38.0111 	 1 
38.1156 	 1 
38.1156 	 2 
38.1156 	 0 
38.2317 	 2 
38.2317 	 0 
38.2317 	 1 
38.3361 	 0 
38.3361 	 1 
38.3361 	 2 
38.4406 	 0 
38.4522 	 2 
38.4522 	 1 
38.5567 	 1 
38.5567 	 0 
38.5683 	 2 
38.6728 	 2 
38.6844 	 1 
38.7773 	 0 
38.7889 	 1 
38.7889 	 2 
38.8934 	 0 
38.8934 	 1 
38.9050 	 2 
39.0095 	 1 
39.0095 	 2 
39.0095 	 0 
39.1256 	 1 
39.1256 	 2 
39.2301 	 0 
39.2301 	 2 
39.2301 	 1 
39.3346 	 0 
39.3462 	 2 
39.3462 	 1 
39.4507 	 2 
39.4507 	 0 
39.4623 	 1 
39.5668 	 2 
39.5668 	 1 
39.5668 	 0 
39.6249 	 2 
39.6249 	 1 
39.6713 	 1 
39.6713 	 0 
39.6829 	 2 
39.8106 	 0 
39.8222 	 2 
39.8222 	 1 
39.9615 	 1 
39.9732 	 2 
40.0080 	 2 
40.0080 	 1 
40.1241 	 2 
40.1241 	 0 
40.1241 	 1 
40.2750 	 1 
40.2750 	 0 
40.2750 	 2 
40.3563 	 1 
40.4027 	 1 
40.4027 	 0 
40.4143 	 2 
40.5537 	 0 
40.5537 	 1 
40.5653 	 2 
40.6698 	 0 
40.6698 	 1 
40.6814 	 2 
40.7859 	 1 
40.7859 	 0 
40.7859 	 2 
40.9020 	 1 
40.9020 	 2 
41.0064 	 0 
41.0064 	 1 
41.0064 	 2 
41.1225 	 1 
41.1225 	 2 
41.2270 	 0 
41.2386 	 2 
41.2386 	 1 
41.3431 	 1 
41.3431 	 0 
41.3431 	 2 
41.4012 	 1 
41.4012 	 2 
41.4476 	 0 
41.4592 	 2 
41.4592 	 1 
41.5869 	 0 
41.5985 	 2 
41.5985 	 1 
41.7379 	 1 
41.7495 	 2 
41.7495 	 0 
41.7843 	 1 
41.9004 	 1 
41.9004 	 2 
42.0513 	 0 
42.0513 	 2 
42.0513 	 1 
42.1210 	 2 
42.1326 	 1 
42.1790 	 0 
42.1790 	 1 
42.1907 	 2 
42.3300 	 0 
42.3416 	 1 
42.3416 	 2 
42.4461 	 0 
42.4577 	 2 
42.4693 	 1 
42.4693 	 0 
42.5041 	 2 
42.6318 	 2 
42.6318 	 1 
42.7828 	 1 
42.7828 	 0 
42.7828 	 2 
42.9337 	 2 
42.9337 	 1 
43.0730 	 0 
43.0730 	 1 
43.0846 	 2 
43.2239 	 2 
43.2239 	 1 
43.2239 	 0 
43.3400 	 2 
43.3400 	 1 
43.3517 	 0 
43.4561 	 1 
43.4561 	 2 
43.4561 	 0 
43.5606 	 1 
43.5606 	 0 
43.5606 	 2 
43.6767 	 2 
43.6767 	 1 
43.7812 	 1 
43.7812 	 0 
43.7928 	 2 
43.8973 	 2 
43.8973 	 1 
43.8973 	 0 
44.0018 	 1 
44.0134 	 2 
44.1179 	 0 
44.1179 	 2 
44.1179 	 1 
44.2224 	 0 
44.2224 	 1 
44.2340 	 2 
44.3385 	 1 
44.3385 	 2 
44.3385 	 0 
44.4546 	 1 
44.5591 	 1 
44.5591 	 2 
44.5707 	 0 
44.6636 	 1 
44.7797 	 1 
44.7797 	 0 
44.7797 	 2 
44.8958 	 1 
44.8958 	 0 
44.8958 	 2 
44.9538 	 1 
44.9654 	 2 
45.0003 	 1 
45.0119 	 2 
45.0119 	 0 
45.1164 	 1 
45.1164 	 2 
45.1280 	 0 
45.2325 	 1 
45.2325 	 2 
45.2325 	 0 
45.3370 	 1 
45.3370 	 0 
45.3486 	 2 
45.4531 	 2 
45.4531 	 1 
45.5576 	 1 
45.5576 	 0 
45.5692 	 2 
45.6737 	 2 
45.6737 	 1 
45.6737 	 0 
45.7898 	 2 
45.7898 	 1 
45.8942 	 2 
45.8942 	 0 
45.8942 	 1 
45.9987 	 1 
46.0103 	 2 
46.0103 	 0 
46.1148 	 0 
46.1148 	 1 
46.1264 	 2 
46.2309 	 1 
46.3354 	 2 
46.3470 	 0 
46.3470 	 1 
46.4515 	 2 
46.4515 	 1 
46.5560 	 0 
46.5676 	 2 
46.5676 	 1 
46.6141 	 1 
46.6837 	 0 
46.6837 	 2 
46.6837 	 1 
46.7302 	 1 
46.7418 	 2 
46.7766 	 1 
46.7882 	 2 
46.7882 	 0 
46.8927 	 1 
46.8927 	 2 
46.9043 	 0 
47.0088 	 0 
47.0088 	 2 
47.0088 	 1 
47.1133 	 1 
47.1249 	 0 
47.1249 	 2 
47.2294 	 2 
47.2294 	 1 
47.3339 	 0 
47.3455 	 2 
47.3455 	 1 
47.4500 	 1 
47.4500 	 2 
47.4500 	 0 
47.5545 	 1 
47.5661 	 2 
47.5661 	 0 
47.6706 	 0 
47.6706 	 1 
47.6822 	 2 
47.7867 	 0 
47.7867 	 2 
47.7867 	 1 
47.8912 	 0 
47.8912 	 1 
47.9028 	 2 
47.9956 	 1 
48.1117 	 1 
48.1234 	 2 
48.1234 	 0 
48.3323 	 1 
48.3439 	 0 
48.3439 	 2 
48.4484 	 1 
48.4600 	 2 
48.5065 	 1 
48.5181 	 2 
48.5645 	 1 
48.5645 	 0 
48.5645 	 2 
48.6690 	 0 
48.6690 	 2 
48.6690 	 1 
48.7851 	 1 
48.7851 	 2 
48.7851 	 0 
48.8896 	 1 
48.8896 	 0 
48.9012 	 2 
49.0057 	 1 
49.0057 	 2 
49.1102 	 0 
49.1218 	 1 
49.1218 	 2 
49.2263 	 1 
49.2263 	 0 
49.2379 	 2 
49.3424 	 1 
49.3424 	 0 
49.3424 	 2 
49.4469 	 0 
49.4585 	 2 
49.4585 	 1 
49.5630 	 2 
49.5630 	 1 
49.5630 	 0 
49.6675 	 1 
49.6675 	 0 
49.6791 	 2 
49.7836 	 1 
49.8997 	 1 
49.8997 	 2 
49.8997 	 0 
49.9926 	 2 
50.1203 	 0 
50.1203 	 2 
50.1203 	 1 
50.2248 	 1 
50.2248 	 2 
50.2364 	 0 
50.2828 	 1 
50.2944 	 2 
50.3409 	 1 
50.3409 	 0 
50.3409 	 2 
50.4454 	 2 
50.4570 	 1 
50.4570 	 0 
50.5615 	 0 
50.5615 	 1 
50.5615 	 2 
50.6659 	 1 
50.6776 	 2 
50.6776 	 0 
50.7820 	 0 
50.7820 	 1 
50.7820 	 2 
50.8981 	 1 
50.8981 	 2 
51.0026 	 0 
51.0026 	 1 
51.0142 	 2 
51.1187 	 1 
51.1303 	 2 
51.2232 	 0 
51.2348 	 1 
51.2348 	 2 
51.3393 	 1 
51.3393 	 2 
51.3393 	 0 
51.4438 	 1 
51.4554 	 0 
51.4554 	 2 
51.5599 	 2 
51.5599 	 1 
51.6760 	 1 
51.6760 	 0 
51.6760 	 2 
51.7921 	 2 
51.8966 	 1 
51.8966 	 2 
51.8966 	 0 
52.0127 	 0 
52.0127 	 1 
52.0127 	 2 
52.0707 	 1 
52.0707 	 2 
52.1172 	 0 
52.1172 	 2 
52.1172 	 1 
52.2217 	 0 
52.2217 	 2 
52.2333 	 1 
52.3378 	 0 
52.3378 	 1 
52.3378 	 2 
52.4423 	 1 
52.4539 	 2 
52.4539 	 0 
52.5584 	 0 
52.5584 	 1 
52.5700 	 2 
52.6745 	 0 
52.6745 	 1 
52.6861 	 2 
52.7790 	 1 
52.7906 	 0 
52.7906 	 2 
52.8951 	 1 
52.8951 	 2 
52.9995 	 0 
53.0112 	 1 
53.0112 	 2 
53.1156 	 0 
53.1156 	 1 
53.1156 	 2 
53.2317 	 2 
53.2317 	 0 
53.2317 	 1 
53.3362 	 2 
53.3362 	 1 
53.4523 	 0 
53.4523 	 1 
53.4523 	 2 
53.6729 	 0 
53.6729 	 2 
53.6729 	 1 
53.7890 	 2 
53.7890 	 1 
53.7890 	 0 
53.8471 	 2 
53.8471 	 1 
53.8935 	 1 
53.8935 	 0 
53.9051 	 2 
54.0096 	 2 
54.0096 	 1 
54.1141 	 0 
54.1141 	 1 
54.1141 	 2 
54.2302 	 2 
54.2302 	 1 
54.2302 	 0 
54.3347 	 0 
54.3463 	 2 
54.3463 	 1 
54.4508 	 2 
54.4508 	 1 
54.5553 	 1 
54.5669 	 0 
54.5669 	 2 
54.6714 	 1 
54.6830 	 2 
54.7759 	 0 
54.7875 	 2 
54.7875 	 1 
54.8920 	 0 
54.8920 	 2 
54.8920 	 1 
55.0081 	 1 
55.0081 	 2 
55.0081 	 0 
55.1242 	 2 
55.1242 	 1 
55.2287 	 0 
55.2287 	 2 
55.2287 	 1 
55.3332 	 2 
55.3448 	 1 
55.3448 	 0 
55.4493 	 0 
55.4609 	 1 
55.4609 	 2 
55.5654 	 0 
55.5654 	 1 
55.5654 	 2 
55.6234 	 1 
55.6234 	 2 
55.6698 	 0 
55.6698 	 1 
55.6815 	 2 
55.7859 	 1 
55.7859 	 2 
55.7976 	 0 
55.8324 	 1 
55.9020 	 1 
55.9020 	 2 
55.9717 	 2 
56.0065 	 1 
56.0065 	 2 
56.1226 	 2 
56.1226 	 1 
56.2620 	 1 
56.2736 	 2 
56.3432 	 2 
56.3432 	 1 
56.3548 	 0 
56.4129 	 2 
56.4477 	 0 
56.4477 	 1 
56.4593 	 2 
56.5638 	 1 
56.5638 	 2 
56.6799 	 1 
56.6799 	 0 
56.6915 	 2 
56.8541 	 1 
56.8541 	 2 
56.9005 	 2 
56.9005 	 1 
56.9005 	 0 
57.0050 	 2 
57.0166 	 1 
57.1443 	 2 
57.1559 	 1 
57.2372 	 1 
57.2372 	 0 
57.2488 	 2 
57.2952 	 1 
57.2952 	 2 
57.5855 	 1 
58.0499 	 2 
58.1776 	 1 
58.8510 	 2 
61.7535 	 1 
71.6800 	 2 
71.6800 	 1 
71.7845 	 2 
71.7845 	 1 
71.9006 	 1 
71.9006 	 2 
72.0051 	 1 
72.0167 	 2 
72.1096 	 0 
72.1212 	 1 
72.1212 	 2 
72.2257 	 0 
72.2373 	 2 
72.2373 	 1 
72.3418 	 0 
72.3418 	 1 
72.3418 	 2 
72.4579 	 1 
72.4579 	 2 
72.5624 	 2 
72.5624 	 1 
72.6668 	 2 
72.6668 	 0 
72.6785 	 1 
72.7829 	 1 
72.7946 	 2 
72.8990 	 2 
73.0035 	 1 
73.0035 	 2 
73.1080 	 0 
73.1080 	 2 
73.1080 	 1 
73.2241 	 2 
73.2241 	 1 
73.2241 	 0 
73.3402 	 1 
73.3402 	 2 
73.4099 	 2 
73.4447 	 0 
73.4447 	 1 
73.4563 	 2 
73.5608 	 1 
73.5608 	 2 
73.6653 	 2 
73.6769 	 1 
73.7814 	 0 
73.7814 	 1 
73.7930 	 2 
73.8975 	 2 
73.8975 	 1 
74.0020 	 1 
74.0136 	 2 
74.1181 	 0 
74.1181 	 2 
74.1181 	 1 
74.2226 	 0 
74.2342 	 2 
74.2342 	 1 
74.3387 	 0 
74.3387 	 1 
74.3503 	 2 
74.4432 	 0 
74.4548 	 1 
74.4548 	 2 
74.5593 	 0 
74.5593 	 1 
74.5709 	 2 
74.6754 	 2 
74.6754 	 1 
74.7799 	 2 
74.7799 	 0 
74.7915 	 1 
74.8960 	 2 
74.8960 	 1 
74.9076 	 0 
75.0005 	 0 
75.0121 	 2 
75.0121 	 1 
75.1166 	 1 
75.1282 	 2 
75.1282 	 0 
75.1746 	 2 
75.1746 	 1 
75.1746 	 0 
75.2210 	 1 
75.2327 	 0 
75.2327 	 2 
75.3488 	 2 
75.3488 	 1 
75.4532 	 1 
75.4532 	 2 
75.5577 	 0 
75.5577 	 1 
75.5693 	 2 
75.6738 	 1 
75.6854 	 2 
75.7783 	 0 
75.7899 	 1 
75.7899 	 2 
75.8944 	 1 
75.8944 	 2 
76.0105 	 2 
76.0105 	 1 
76.1150 	 0 
76.1150 	 1 
76.1266 	 2 
76.2311 	 0 
76.2311 	 1 
76.2311 	 2 
76.3356 	 0 
76.3472 	 2 
76.3472 	 1 
76.4517 	 1 
76.4633 	 2 
76.5562 	 2 
76.5562 	 0 
76.5678 	 1 
76.6723 	 1 
76.6839 	 2 
76.7884 	 2 
76.7884 	 1 
76.7884 	 0 
76.9045 	 1 
76.9045 	 2 
76.9045 	 0 
76.9625 	 1 
76.9625 	 0 
76.9625 	 2 
77.0090 	 0 
77.0090 	 2 
77.0090 	 1 
77.1135 	 2 
77.1251 	 1 
77.2296 	 1 
77.2296 	 2 
77.2296 	 0 
77.3457 	 1 
77.3457 	 2 
77.4502 	 1 
77.4502 	 2 
77.5663 	 1 
77.5663 	 2 
77.6707 	 0 
77.6707 	 1 
77.6824 	 2 
77.7868 	 1 
77.7868 	 2 
77.7985 	 0 
77.8913 	 0 
77.8913 	 1 
77.9029 	 2 
78.0074 	 0 
78.0074 	 1 
78.0074 	 2 
78.1119 	 1 
78.1235 	 2 
78.2396 	 2 
78.3325 	 0 
78.3441 	 2 
78.3441 	 1 
78.4486 	 0 
78.4486 	 1 
78.4602 	 2 
78.5647 	 1 
78.5647 	 2 
78.5647 	 0 
78.6808 	 2 
78.6808 	 0 
78.6808 	 1 
78.7273 	 1 
78.7389 	 0 
78.7389 	 2 
78.7853 	 1 
78.7853 	 0 
78.7969 	 2 
78.8898 	 0 
78.9014 	 1 
78.9014 	 2 
79.0059 	 1 
79.0175 	 2 
79.1104 	 0 
79.1220 	 2 
79.1220 	 1 
79.2265 	 0 
79.2381 	 2 
79.2381 	 1 
79.3426 	 1 
79.3426 	 2 
79.4471 	 0 
79.4471 	 1 
79.4587 	 2 
79.5632 	 1 
79.5632 	 2 
79.5632 	 0 
79.6677 	 0 
79.6677 	 1 
79.6793 	 2 
79.7838 	 1 
79.7838 	 0 
79.7838 	 2 
79.8883 	 1 
79.8999 	 2 
79.8999 	 0 
80.0044 	 2 
80.0044 	 1 
80.1205 	 1 
80.1205 	 2 
80.1205 	 0 
80.2249 	 2 
80.2249 	 1 
80.2249 	 0 
80.3410 	 0 
80.3410 	 2 
80.3410 	 1 
80.4571 	 0 
80.4571 	 2 
80.4571 	 1 
80.5036 	 1 
80.5152 	 0 
80.5152 	 2 
80.5616 	 1 
80.5616 	 0 
80.5732 	 2 
80.6661 	 2 
80.6777 	 1 
80.6777 	 0 
80.7822 	 0 
80.7822 	 1 
80.7822 	 2 
80.8983 	 0 
80.8983 	 1 
80.8983 	 2 
81.0028 	 1 
81.0144 	 2 
81.1189 	 1 
81.1189 	 0 
81.1305 	 2 
81.2234 	 0 
81.2350 	 1 
81.2350 	 2 
81.3395 	 0 
81.3395 	 2 
81.3395 	 1 
81.4440 	 0 
81.4556 	 1 
81.4556 	 2 
81.5601 	 0 
81.5601 	 1 
81.5601 	 2 
81.6646 	 1 
81.6762 	 2 
81.7923 	 1 
81.8968 	 2 
81.8968 	 1 
81.8968 	 0 
82.0013 	 0 
82.0013 	 1 
82.0129 	 2 
82.1174 	 0 
82.1174 	 1 
82.1174 	 2 
82.2335 	 0 
82.2335 	 2 
82.2335 	 1 
82.2915 	 2 
83.0810 	 1 
85.9022 	 2 
85.9138 	 1 
86.2273 	 0 
86.2389 	 2 
86.2389 	 1 
86.5640 	 1 
86.5640 	 2 
86.5640 	 0 
86.9007 	 2 
86.9007 	 1 
86.9007 	 0 
87.1097 	 2 
87.1329 	 1 
87.2258 	 0 
87.2374 	 1 
87.2374 	 2 
87.4463 	 2 
87.4580 	 1 
87.6785 	 0 
87.6785 	 1 
87.6785 	 2 
88.0036 	 0 
88.0152 	 1 
88.0152 	 2 
88.3403 	 0 
88.3403 	 2 
88.3519 	 1 
88.6654 	 2 
88.6770 	 0 
88.6770 	 1 
88.8976 	 2 
88.9092 	 0 
88.9092 	 1 
89.0021 	 0 
89.0137 	 2 
89.0137 	 1 
89.1182 	 2 
89.2343 	 0 
89.2343 	 2 
89.2343 	 1 
89.4549 	 0 
89.4549 	 2 
89.4665 	 1 
89.7916 	 0 
89.7916 	 1 
89.7916 	 2 
90.1166 	 1 
90.1166 	 2 
90.1283 	 0 
90.2560 	 2 
90.4533 	 1 
90.4533 	 0 
90.4533 	 2 
90.6739 	 2 
90.6855 	 1 
90.7900 	 1 
90.7900 	 0 
90.7900 	 2 
90.9990 	 1 
91.0106 	 2 
91.0222 	 1 
91.2312 	 2 
91.2312 	 0 
91.2428 	 1 
91.5679 	 0 
91.5679 	 2 
91.5679 	 1 
91.8930 	 0 
91.8930 	 1 
91.9046 	 2 
92.2297 	 0 
92.2297 	 1 
92.2297 	 2 
92.4502 	 2 
92.4619 	 1 
92.4619 	 0 
92.5663 	 0 
92.5663 	 2 
92.5780 	 1 
92.6708 	 2 
92.7869 	 2 
92.7985 	 1 
92.7985 	 0 
93.0075 	 1 
93.0075 	 0 
93.0191 	 2 
93.3442 	 2 
93.3442 	 0 
93.3442 	 1 
93.6809 	 0 
93.6809 	 1 
93.6809 	 2 
93.8086 	 2 
94.0060 	 1 
94.0060 	 2 
94.0060 	 0 
94.2266 	 2 
94.2382 	 0 
94.2382 	 1 
94.3427 	 2 
94.3427 	 0 
94.3427 	 1 
94.5633 	 2 
94.5749 	 1 
94.7839 	 0 
94.7839 	 1 
94.7955 	 2 
96.0029 	 0 
96.0029 	 1 
96.0145 	 2 
96.3396 	 0 
96.3396 	 2 
96.3512 	 1 
97.7908 	 1 
97.7908 	 0 
97.7908 	 2 
98.1159 	 1 
98.1159 	 0 
98.1159 	 2 
99.0099 	 0 
99.0099 	 2 
99.0215 	 1 
99.1144 	 2 
99.3466 	 0 
99.3466 	 2 
99.3466 	 1 
99.5556 	 2 
99.5788 	 1 
99.6717 	 2 
99.6717 	 0 
99.6833 	 1 
99.7878 	 2 
99.8922 	 0 
99.8922 	 2 
99.9039 	 1 
100.1128 	 0 
100.1244 	 1 
100.1244 	 2 
100.2173 	 2 
100.2405 	 1 
100.3450 	 2 
100.3450 	 1 
100.3450 	 0 
100.3915 	 1 
100.4611 	 2 
100.4611 	 1 
100.5656 	 1 
100.5656 	 2 
100.5656 	 0 
100.7862 	 2 
100.7862 	 0 
100.7862 	 1 
101.0068 	 2 
101.0068 	 1 
101.1113 	 0 
101.1229 	 1 
101.1229 	 2 
101.2274 	 2 
101.2274 	 1 
101.2274 	 0 
101.3435 	 1 
101.4480 	 1 
101.4596 	 0 
101.4596 	 2 
101.6802 	 0 
101.6802 	 1 
101.6802 	 2 
101.7731 	 1 
101.8892 	 0 
101.9008 	 1 
101.9008 	 2 
102.0053 	 2 
102.0053 	 1 
102.1098 	 0 
102.1214 	 2 
102.1214 	 1 
102.2375 	 1 
102.2375 	 2 
102.3420 	 1 
102.3420 	 2 
102.3420 	 0 
102.5625 	 0 
102.5625 	 2 
102.5625 	 1 
102.6786 	 2 
102.6786 	 1 
102.7831 	 1 
102.7831 	 2 
102.8876 	 0 
102.8992 	 1 
102.8992 	 2 
103.0037 	 0 
103.0037 	 1 
103.0153 	 2 
103.1198 	 1 
103.2243 	 1 
103.2359 	 0 
103.2359 	 2 
103.4565 	 0 
103.4565 	 1 
103.4565 	 2 
103.5610 	 1 
103.6771 	 0 
103.6771 	 1 
103.6771 	 2 
103.7816 	 1 
103.7816 	 2 
103.7932 	 0 
103.8977 	 2 
103.8977 	 0 
103.8977 	 1 
104.0022 	 0 
104.0138 	 2 
104.0138 	 1 
104.1183 	 1 
104.1183 	 0 
104.1183 	 2 
104.3389 	 1 
104.3505 	 2 
104.3505 	 0 
104.5595 	 0 
104.5595 	 2 
104.5595 	 1 
104.6756 	 2 
104.6756 	 1 
104.6756 	 0 
104.7917 	 2 
104.7917 	 1 
104.7917 	 0 
104.8961 	 1 
105.0006 	 1 
105.0122 	 2 
105.0122 	 0 
105.2328 	 1 
105.2328 	 2 
105.2328 	 0 
105.4534 	 1 
105.4534 	 2 
105.5579 	 2 
105.5695 	 1 
105.5695 	 0 
105.6740 	 2 
105.6740 	 1 
105.6740 	 0 
105.7785 	 1 
105.7901 	 2 
105.8946 	 0 
105.8946 	 2 
105.8946 	 1 
106.1152 	 2 
106.1152 	 0 
106.1152 	 1 
106.2313 	 2 
106.2313 	 1 
106.3358 	 0 
106.3358 	 2 
106.3474 	 1 
106.4635 	 1 
106.4635 	 2 
106.4635 	 0 
106.5680 	 1 
106.5680 	 2 
106.5680 	 0 
106.6725 	 1 
106.7886 	 1 
106.7886 	 2 
106.7886 	 0 
107.0092 	 0 
107.0092 	 2 
107.0092 	 1 
107.1137 	 1 
107.2298 	 2 
107.2298 	 0 
107.2298 	 1 
107.3459 	 1 
107.3459 	 0 
107.3459 	 2 
107.4503 	 0 
107.4503 	 2 
107.4503 	 1 
107.5664 	 0 
107.5664 	 1 
107.5664 	 2 
107.6709 	 0 
107.6709 	 2 
107.6709 	 1 
107.8915 	 1 
107.9031 	 0 
107.9031 	 2 
108.1121 	 0 
108.1121 	 2 
108.1237 	 1 
108.2282 	 0 
108.2398 	 1 
108.2398 	 2 
108.3443 	 2 
108.3443 	 0 
108.3443 	 1 
108.4604 	 1 
108.5649 	 0 
108.5649 	 2 
108.5649 	 1 
108.7855 	 2 
108.7855 	 1 
108.7855 	 0 
109.0061 	 0 
109.0061 	 2 
109.0061 	 1 
109.1106 	 2 
109.1222 	 1 
109.1222 	 0 
109.2267 	 0 
109.2267 	 2 
109.2383 	 1 
109.3428 	 2 
109.3428 	 1 
109.4473 	 2 
109.4473 	 1 
109.4473 	 0 
109.6678 	 0 
109.6795 	 2 
109.6795 	 1 
109.7839 	 1 
109.7839 	 0 
109.8884 	 2 
109.9000 	 1 
109.9000 	 0 
110.0045 	 0 
110.0161 	 1 
110.0161 	 2 
110.1206 	 0 
110.1206 	 1 
110.1206 	 2 
110.2251 	 1 
110.3412 	 0 
110.3412 	 1 
110.3412 	 2 
110.5618 	 0 
110.5618 	 1 
110.5734 	 2 
110.6895 	 1 
110.7824 	 0 
110.7824 	 2 
110.7940 	 1 
110.8869 	 2 
110.8985 	 1 
111.0030 	 0 
111.0030 	 2 
111.0146 	 1 
111.1191 	 2 
111.1191 	 1 
111.2236 	 2 
111.2236 	 0 
111.2352 	 1 
111.4558 	 0 
111.4558 	 2 
111.4558 	 1 
111.5603 	 1 
111.6764 	 1 
111.6764 	 2 
111.7809 	 0 
111.7925 	 2 
111.7925 	 1 
111.8970 	 0 
111.8970 	 1 
111.8970 	 2 
112.0131 	 1 
112.1176 	 2 
112.1176 	 1 
112.1292 	 0 
112.3381 	 0 
112.3498 	 2 
112.3498 	 1 
112.7793 	 1 
112.7909 	 2 
113.0115 	 2 
113.0115 	 1 
113.0580 	 1 
113.1276 	 2 
113.1276 	 0 
113.1276 	 1 
113.3366 	 1 
113.3482 	 2 
113.3482 	 0 
113.5688 	 0 
113.5688 	 2 
113.5688 	 1 
113.8939 	 1 
113.9055 	 2 
113.9055 	 0 
114.0100 	 0 
114.0100 	 1 
114.0564 	 1 
114.1261 	 1 
114.1261 	 0 
114.2306 	 1 
114.2422 	 2 
114.2422 	 0 
114.3351 	 2 
114.3351 	 0 
114.3467 	 1 
114.4512 	 1 
114.4512 	 2 
114.4512 	 0 
114.5556 	 0 
114.5673 	 2 
114.5673 	 1 
114.6717 	 1 
114.6717 	 0 
114.6834 	 2 
114.7878 	 0 
114.7878 	 2 
114.7878 	 1 
114.8923 	 1 
114.9039 	 2 
115.0084 	 0 
115.0084 	 1 
115.0084 	 2 
115.1129 	 1 
115.2290 	 0 
115.2290 	 1 
115.2290 	 2 
115.3335 	 0 
115.3335 	 1 
115.3451 	 2 
115.4496 	 1 
115.4496 	 2 
115.4496 	 0 
115.5657 	 1 
115.6702 	 1 
115.6702 	 2 
115.6702 	 0 
115.7863 	 1 
115.9024 	 2 
115.9024 	 1 
115.9024 	 0 
116.0185 	 2 
116.0766 	 2 
116.1114 	 0 
116.1114 	 2 
116.1114 	 1 
116.2275 	 2 
116.2275 	 1 
116.3436 	 0 
116.3436 	 2 
116.3436 	 1 
116.4481 	 0 
116.4481 	 2 
116.4597 	 1 
116.5642 	 1 
116.5642 	 0 
116.5642 	 2 
116.6687 	 1 
116.6803 	 2 
116.7848 	 0 
116.7848 	 1 
116.7848 	 2 
116.8893 	 1 
116.9009 	 2 
117.0054 	 1 
117.0054 	 0 
117.0054 	 2 
117.1215 	 0 
117.1215 	 2 
117.1215 	 1 
117.2259 	 2 
117.2259 	 1 
117.2259 	 0 
117.3304 	 2 
117.3420 	 1 
117.4465 	 2 
117.4581 	 1 
117.4581 	 0 
117.6671 	 1 
117.6787 	 2 
117.6787 	 0 
117.7832 	 1 
117.7832 	 0 
117.7948 	 2 
117.8529 	 2 
117.8877 	 0 
117.8993 	 2 
117.8993 	 1 
118.0038 	 1 
118.0038 	 2 
118.0154 	 0 
118.1199 	 0 
118.1199 	 2 
118.1199 	 1 
118.2244 	 0 
118.2244 	 1 
118.2360 	 2 
118.3405 	 0 
118.3405 	 1 
118.3405 	 2 
118.4450 	 1 
118.4450 	 2 
118.5611 	 0 
118.5611 	 1 
118.5611 	 2 
118.6772 	 1 
118.7817 	 0 
118.7817 	 1 
118.7817 	 2 
118.8978 	 0 
118.8978 	 1 
118.8978 	 2 
119.0023 	 0 
119.0023 	 1 
119.0023 	 2 
119.1184 	 1 
119.2229 	 1 
119.2345 	 2 
119.2345 	 0 
119.3390 	 1 
119.4551 	 2 
119.4551 	 0 
119.4551 	 1 
119.5595 	 1 
119.5595 	 0 
119.5712 	 2 
119.6292 	 2 
119.6756 	 0 
119.6756 	 1 
119.6756 	 2 
119.7801 	 0 
119.7801 	 1 
119.7801 	 2 
119.8962 	 1 
119.8962 	 2 
119.8962 	 0 
120.0123 	 0 
120.0123 	 1 
120.0123 	 2 
120.1168 	 2 
120.1168 	 0 
120.1168 	 1 
120.2213 	 2 
120.2329 	 1 
120.3374 	 2 
120.3374 	 1 
120.3374 	 0 
120.4535 	 1 
120.4535 	 2 
120.5580 	 0 
120.5580 	 2 
120.5580 	 1 
120.6741 	 0 
120.6741 	 2 
120.6741 	 1 
120.7786 	 1 
120.7786 	 0 
120.7902 	 2 
120.8947 	 1 
121.0108 	 1 
121.0108 	 2 
121.0108 	 0 
121.2314 	 1 
121.2314 	 2 
121.2314 	 0 
121.3359 	 1 
121.3475 	 2 
121.4520 	 0 
121.4520 	 2 
121.4520 	 1 
121.5681 	 1 
121.5681 	 0 
121.5681 	 2 
121.6726 	 2 
121.6726 	 1 
121.6726 	 0 
121.7887 	 1 
121.7887 	 2 
121.7887 	 0 
121.8932 	 2 
121.8932 	 0 
121.8932 	 1 
121.9976 	 1 
122.0093 	 2 
122.1137 	 1 
122.1137 	 2 
122.1254 	 0 
122.2298 	 2 
122.2298 	 1 
122.3343 	 2 
122.3343 	 0 
122.3459 	 1 
122.4504 	 0 
122.4504 	 1 
122.4620 	 2 
122.5665 	 0 
122.5665 	 1 
122.5665 	 2 
122.6710 	 1 
122.7871 	 2 
122.7871 	 1 
122.7871 	 0 
122.8916 	 1 
123.0077 	 1 
123.0077 	 2 
123.0077 	 0 
123.1238 	 1 
123.1238 	 2 
123.1819 	 2 
123.2283 	 1 
123.2283 	 2 
123.2283 	 0 
123.3444 	 2 
123.3444 	 0 
123.3444 	 1 
123.4489 	 0 
123.4489 	 1 
123.4489 	 2 
123.5650 	 1 
123.5650 	 2 
123.6695 	 1 
123.6695 	 2 
123.6695 	 0 
123.7856 	 1 
123.7856 	 2 
123.8901 	 1 
123.8901 	 0 
123.9017 	 2 
124.0062 	 0 
124.0062 	 1 
124.0062 	 2 
124.1107 	 0 
124.1107 	 1 
124.1107 	 2 
124.2268 	 1 
124.2268 	 0 
124.2384 	 2 
124.3429 	 1 
124.3429 	 2 
124.3429 	 0 
124.4473 	 1 
124.5634 	 1 
124.5634 	 2 
124.5634 	 0 
124.7840 	 2 
124.7840 	 0 
124.7840 	 1 
124.9001 	 2 
124.9001 	 1 
124.9582 	 2 
125.0046 	 0 
125.0046 	 1 
125.0046 	 2 
125.1207 	 1 
125.1207 	 2 
125.1323 	 0 
125.2252 	 0 
125.2368 	 1 
125.2368 	 2 
125.3413 	 1 
125.3413 	 2 
125.3413 	 0 
125.4458 	 2 
125.4574 	 0 
125.4574 	 1 
125.5619 	 1 
125.5619 	 2 
125.6664 	 1 
125.6780 	 0 
125.6780 	 2 
125.7825 	 1 
125.7941 	 2 
125.8870 	 0 
125.8870 	 2 
125.8986 	 1 
126.0031 	 1 
126.0031 	 0 
126.0147 	 2 
126.1192 	 0 
126.1192 	 2 
126.1192 	 1 
126.2353 	 1 
126.3398 	 2 
126.3398 	 0 
126.3398 	 1 
126.5604 	 1 
126.5604 	 2 
126.5604 	 0 
126.6765 	 1 
126.6765 	 2 
126.7461 	 2 
126.7810 	 2 
126.7810 	 0 
126.7810 	 1 
126.8854 	 2 
126.8971 	 1 
127.0015 	 2 
127.0015 	 0 
127.0015 	 1 
127.1176 	 2 
127.1176 	 1 
127.1176 	 0 
127.2221 	 2 
127.2221 	 0 
127.2337 	 1 
127.3382 	 0 
127.3382 	 1 
127.3382 	 2 
127.4427 	 2 
127.4543 	 1 
127.5588 	 1 
127.5704 	 0 
127.5704 	 2 
127.6749 	 2 
127.7794 	 1 
127.7910 	 0 
127.7910 	 2 
127.8955 	 2 
127.8955 	 1 
128.0000 	 1 
128.1161 	 0 
128.1161 	 2 
128.1161 	 1 
128.2322 	 2 
128.2322 	 1 
128.3367 	 1 
128.3367 	 0 
128.3367 	 2 
128.4528 	 2 
128.4528 	 1 
128.4644 	 0 
128.5108 	 2 
128.5108 	 1 
128.5689 	 2 
128.5689 	 0 
128.5689 	 1 
128.6734 	 2 
128.6734 	 0 
128.6734 	 1 
128.7895 	 1 
128.7895 	 2 
128.7895 	 0 
128.8940 	 0 
128.8940 	 1 
128.9056 	 2 
128.9636 	 2 
128.9985 	 1 
129.0101 	 0 
129.0101 	 2 
129.1262 	 2 
129.2307 	 0 
129.2307 	 1 
129.2307 	 2 
129.3351 	 1 
129.3468 	 0 
129.4512 	 1 
129.4512 	 2 
129.4512 	 0 
129.5557 	 0 
129.5673 	 2 
129.5673 	 1 
129.6718 	 2 
129.6718 	 0 
129.6718 	 1 
129.7879 	 2 
129.7879 	 1 
129.8924 	 0 
129.8924 	 2 
129.8924 	 1 
129.9969 	 1 
130.1130 	 2 
130.1130 	 0 
130.1246 	 1 
130.3336 	 0 
130.3336 	 2 
130.3452 	 1 
130.4497 	 2 
130.4497 	 1 
130.5542 	 0 
130.5658 	 1 
130.5658 	 2 
130.6703 	 0 
130.6819 	 1 
130.6819 	 2 
130.7400 	 2 
130.7864 	 1 
130.7864 	 2 
130.7864 	 0 
130.9025 	 2 
131.0070 	 2 
131.0070 	 1 
131.0070 	 0 
131.1115 	 1 
131.1231 	 2 
131.1231 	 0 
131.2276 	 1 
131.2276 	 2 
131.2276 	 0 
131.3437 	 0 
131.3437 	 1 
131.3437 	 2 
131.4482 	 0 
131.4482 	 1 
131.4482 	 2 
131.5643 	 0 
131.5643 	 2 
131.5643 	 1 
131.6688 	 1 
131.6688 	 2 
131.6804 	 0 
131.7732 	 1 
131.7849 	 2 
131.8893 	 0 
131.9010 	 2 
131.9010 	 1 
132.0171 	 1 
132.1215 	 0 
132.1215 	 1 
132.1215 	 2 
132.2260 	 1 
132.2260 	 2 
132.2260 	 0 
132.3421 	 2 
132.3421 	 0 
132.3421 	 1 
132.4466 	 0 
132.4582 	 2 
132.4582 	 1 
132.5627 	 2 
132.5627 	 0 
132.5627 	 1 
132.6672 	 2 
132.7833 	 2 
132.7833 	 0 
132.7833 	 1 
132.8994 	 1 
133.0039 	 1 
133.0039 	 0 
133.0039 	 2 
133.1200 	 0 
133.1200 	 2 
133.1200 	 1 
133.2245 	 0 
133.2245 	 2 
133.2361 	 1 
133.3406 	 1 
133.3406 	 2 
133.3406 	 0 
133.4567 	 1 
133.4567 	 2 
133.4567 	 0 
133.5612 	 1 
133.5728 	 2 
133.6773 	 0 
133.6773 	 1 
133.6773 	 2 
133.8979 	 1 
133.8979 	 0 
133.8979 	 2 
134.0024 	 1 
134.0024 	 0 
134.0024 	 2 
134.1185 	 2 
134.1185 	 0 
134.1185 	 1 
134.2229 	 0 
134.2346 	 2 
134.2346 	 1 
134.2926 	 2 
134.3390 	 0 
134.3390 	 2 
134.3390 	 1 
134.4435 	 2 
134.4551 	 1 
134.5596 	 2 
134.5596 	 1 
134.5712 	 0 
134.6641 	 2 
134.6757 	 1 
134.7802 	 1 
134.7802 	 2 
134.7802 	 0 
134.8963 	 1 
134.8963 	 0 
134.8963 	 2 
135.0008 	 1 
135.0008 	 0 
135.0008 	 2 
135.1169 	 1 
135.1169 	 0 
135.1169 	 2 
135.2330 	 0 
135.2330 	 1 
135.2330 	 2 
135.3375 	 1 
135.4536 	 1 
135.4536 	 2 
135.4536 	 0 
135.5581 	 1 
135.6742 	 0 
135.6742 	 1 
135.6742 	 2 
135.7787 	 1 
135.7787 	 0 
135.7903 	 2 
135.8948 	 1 
135.8948 	 0 
135.8948 	 2 
136.0109 	 0 
136.0109 	 2 
136.0109 	 1 
136.1154 	 1 
136.1154 	 0 
136.1154 	 2 
136.2199 	 1 
136.2315 	 2 
136.3360 	 2 
136.3360 	 1 
136.3476 	 0 
136.4521 	 1 
136.5566 	 0 
136.5566 	 2 
136.5682 	 1 
136.6727 	 1 
136.6727 	 0 
136.6843 	 2 
136.7888 	 2 
136.7888 	 0 
136.7888 	 1 
136.8932 	 1 
136.8932 	 2 
136.8932 	 0 
137.0093 	 0 
137.0093 	 1 
137.0093 	 2 
137.1138 	 2 
137.2299 	 1 
137.2299 	 2 
137.2299 	 0 
137.4505 	 1 
137.4505 	 0 
137.4505 	 2 
137.5666 	 0 
137.5666 	 2 
137.5666 	 1 
137.6711 	 1 
137.6711 	 2 
137.6711 	 0 
137.7872 	 1 
137.7872 	 2 
137.7988 	 0 
137.8453 	 1 
137.8569 	 2 
137.8917 	 0 
137.8917 	 1 
137.9033 	 2 
138.0078 	 1 
138.0078 	 2 
138.1123 	 1 
138.1123 	 0 
138.1239 	 2 
138.2284 	 1 
138.2284 	 2 
138.2284 	 0 
138.3329 	 2 
138.3329 	 1 
138.3329 	 0 
138.4490 	 2 
138.4490 	 1 
138.4490 	 0 
138.5651 	 0 
138.5651 	 1 
138.5651 	 2 
138.6696 	 0 
138.6812 	 2 
138.6812 	 1 
138.7857 	 2 
138.7857 	 1 
138.7857 	 0 
139.0063 	 2 
139.0063 	 0 
139.0063 	 1 
139.2268 	 1 
139.2268 	 2 
139.2268 	 0 
139.3313 	 1 
139.3429 	 2 
139.3429 	 0 
139.4474 	 1 
139.4474 	 0 
139.4590 	 2 
139.5635 	 1 
139.5751 	 0 
139.5751 	 2 
139.6332 	 2 
139.6680 	 2 
139.6796 	 1 
139.6796 	 0 
139.7841 	 2 
139.8886 	 1 
139.9002 	 0 
139.9002 	 2 
140.0047 	 1 
140.0047 	 2 
140.1092 	 2 
140.1092 	 0 
140.1208 	 1 
140.2253 	 0 
140.2253 	 1 
140.2369 	 2 
140.3414 	 0 
140.3414 	 2 
140.3414 	 1 
140.4459 	 1 
140.4575 	 2 
140.5620 	 0 
140.5620 	 2 
140.5620 	 1 
140.6665 	 1 
140.7826 	 1 
140.7826 	 0 
140.7826 	 2 
141.0032 	 0 
141.0032 	 1 
141.0032 	 2 
141.1077 	 2 
141.1193 	 1 
141.2238 	 1 
141.2238 	 2 
141.2354 	 0 
141.3399 	 2 
141.3399 	 0 
141.3515 	 1 
141.4095 	 1 
141.4560 	 1 
141.4560 	 0 
141.4560 	 2 
141.5605 	 2 
141.5605 	 1 
141.5605 	 0 
141.6766 	 2 
141.6766 	 1 
141.7810 	 1 
141.7810 	 0 
141.7810 	 2 
141.8971 	 2 
141.8971 	 1 
142.0016 	 1 
142.0132 	 2 
142.0132 	 0 
142.1177 	 2 
142.1177 	 1 
142.2222 	 2 
142.2222 	 0 
142.2338 	 1 
142.3383 	 1 
142.3383 	 0 
142.3383 	 2 
142.4428 	 2 
142.4544 	 0 
142.4660 	 1 
142.5589 	 0 
142.5589 	 2 
142.5705 	 1 
142.6750 	 1 
142.6866 	 2 
142.6866 	 0 
142.7911 	 2 
142.7911 	 1 
142.8027 	 0 
142.9304 	 2 
142.9304 	 0 
142.9304 	 1 
143.0698 	 0 
143.0698 	 1 
143.0814 	 2 
143.1162 	 1 
143.1162 	 2 
143.1278 	 0 
143.2323 	 1 
143.2323 	 2 
143.2323 	 0 
143.3832 	 0 
143.3832 	 1 
143.3832 	 2 
143.4529 	 0 
143.4645 	 1 
143.4645 	 2 
143.5225 	 2 
143.5341 	 0 
143.5341 	 1 
143.6735 	 2 
143.6735 	 1 
143.6735 	 0 
143.7896 	 1 
143.8012 	 2 
143.8012 	 0 
143.9637 	 1 
143.9753 	 2 
144.0102 	 2 
144.1263 	 0 
144.1263 	 2 
144.1263 	 1 
144.2656 	 1 
144.2656 	 0 
144.2656 	 2 
144.3468 	 2 
144.4049 	 1 
144.4165 	 2 
144.5674 	 2 
144.5674 	 0 
144.5674 	 1 
144.7068 	 0 
144.7068 	 1 
144.7184 	 2 
144.8461 	 0 
144.8577 	 1 
144.8693 	 2 
144.8925 	 1 
144.8925 	 2 
145.0086 	 1 
145.0086 	 2 
145.0086 	 0 
145.1595 	 2 
145.1595 	 0 
145.1595 	 1 
145.2292 	 0 
145.2408 	 1 
145.2408 	 2 
145.2989 	 0 
145.2989 	 2 
145.2989 	 1 
145.4498 	 1 
145.4614 	 2 
145.5775 	 0 
145.5775 	 1 
145.5775 	 2 
145.7400 	 1 
145.7517 	 2 
145.7865 	 1 
145.7865 	 2 
145.9026 	 0 
145.9026 	 2 
145.9026 	 1 
146.0419 	 1 
146.0419 	 0 
146.0419 	 2 
146.1232 	 2 
146.1812 	 1 
146.1928 	 2 
146.1928 	 0 
146.3438 	 1 
146.3554 	 0 
146.3554 	 2 
146.4831 	 0 
146.4831 	 2 
146.4831 	 1 
146.6340 	 1 
146.6340 	 0 
146.6456 	 2 
146.6688 	 2 
146.6805 	 1 
146.6805 	 0 
146.7849 	 1 
146.7849 	 2 
146.7966 	 0 
146.9359 	 0 
146.9359 	 2 
146.9359 	 1 
147.0055 	 0 
147.0171 	 1 
147.0171 	 2 
147.0752 	 2 
147.0752 	 0 
147.0868 	 1 
147.2261 	 0 
147.2261 	 2 
147.2261 	 1 
147.3422 	 0 
147.3538 	 2 
147.3538 	 1 
147.5164 	 1 
147.5280 	 2 
147.5628 	 0 
147.5628 	 1 
147.5628 	 2 
147.6789 	 1 
147.6789 	 0 
147.6789 	 2 
147.8182 	 1 
147.8182 	 0 
147.8182 	 2 
147.8995 	 1 
147.8995 	 2 
147.9576 	 0 
147.9692 	 2 
147.9692 	 1 
148.1201 	 1 
148.1317 	 2 
148.1317 	 0 
148.2594 	 1 
148.2710 	 2 
148.2710 	 0 
148.4103 	 0 
148.4103 	 1 
148.4220 	 2 
148.4568 	 2 
148.4568 	 1 
148.4568 	 0 
148.5613 	 1 
148.5613 	 2 
148.5729 	 0 
148.7122 	 1 
148.7122 	 2 
148.7122 	 0 
148.7819 	 0 
148.7935 	 2 
148.7935 	 1 
148.8631 	 1 
148.8631 	 2 
148.8631 	 0 
149.0024 	 1 
149.0024 	 0 
149.0024 	 2 
149.1302 	 1 
149.1302 	 0 
149.1302 	 2 
149.2927 	 1 
149.2927 	 2 
149.3391 	 2 
149.4552 	 2 
149.4552 	 1 
149.4552 	 0 
149.5946 	 0 
149.5946 	 1 
149.6062 	 2 
149.6758 	 1 
149.6874 	 2 
149.7339 	 0 
149.7455 	 1 
149.7455 	 2 
149.8964 	 1 
149.8964 	 0 
149.8964 	 2 
150.0357 	 0 
150.0357 	 1 
150.0357 	 2 
150.1867 	 1 
150.1983 	 2 
150.2331 	 2 
150.2331 	 0 
150.2331 	 1 
150.3376 	 1 
150.3376 	 0 
150.3376 	 2 
150.4885 	 1 
150.5001 	 0 
150.5001 	 2 
150.5582 	 0 
150.5698 	 2 
150.5698 	 1 
150.6278 	 1 
150.6278 	 2 
150.6395 	 0 
150.7788 	 1 
150.7904 	 2 
150.9065 	 1 
150.9065 	 2 
150.9413 	 2 
150.9413 	 1 
151.0690 	 1 
151.0806 	 2 
151.2316 	 1 
151.2316 	 0 
151.2316 	 2 
151.3709 	 1 
151.3825 	 2 
151.4522 	 2 
151.5218 	 0 
151.5218 	 2 
151.5218 	 1 
151.6727 	 0 
151.6727 	 1 
151.6844 	 2 
151.8121 	 0 
151.8237 	 1 
151.8237 	 2 
151.9630 	 1 
151.9746 	 0 
151.9746 	 2 
152.0094 	 2 
152.1139 	 1 
152.1255 	 2 
152.2765 	 1 
152.2765 	 2 
152.2765 	 0 
152.3345 	 0 
152.3461 	 1 
152.3461 	 2 
152.4042 	 2 
152.4042 	 1 
152.5667 	 1 
152.5667 	 2 
152.6828 	 2 
152.6828 	 1 
152.7060 	 1 
152.8570 	 1 
152.8570 	 2 
153.0079 	 0 
153.0079 	 2 
153.0195 	 1 
153.1588 	 2 
153.1588 	 1 
153.2401 	 1 
153.2401 	 2 
153.2981 	 1 
153.2981 	 2 
153.2981 	 0 
153.4491 	 0 
153.4491 	 1 
153.4607 	 2 
153.5884 	 0 
153.6000 	 1 
153.6000 	 2 
153.7393 	 1 
153.7509 	 2 
153.7858 	 1 
153.7858 	 2 
153.9019 	 2 
153.9019 	 1 
153.9135 	 0 
154.0528 	 1 
154.0528 	 2 
154.1341 	 1 
154.1341 	 2 
154.1341 	 0 
154.1805 	 1 
154.1805 	 2 
154.3430 	 1 
154.3430 	 2 
154.4591 	 2 
154.4707 	 1 
154.6333 	 1 
154.6333 	 2 
154.7842 	 0 
154.7842 	 1 
154.7842 	 2 
154.9351 	 0 
154.9351 	 1 
154.9351 	 2 
155.0048 	 2 
155.0745 	 1 
155.0745 	 0 
155.0745 	 2 
155.2254 	 0 
155.2254 	 1 
155.2370 	 2 
155.3647 	 0 
155.3763 	 2 
155.3763 	 1 
155.5156 	 1 
155.5273 	 2 
155.5621 	 2 
155.5621 	 1 
155.6782 	 1 
155.6782 	 2 
155.6782 	 0 
155.8291 	 0 
155.8291 	 2 
155.8291 	 1 
155.8988 	 2 
155.9104 	 1 
155.9104 	 0 
155.9568 	 2 
155.9684 	 1 
156.1194 	 2 
156.1194 	 1 
156.2355 	 0 
156.2355 	 2 
156.2471 	 1 
156.4096 	 0 
156.4096 	 2 
156.4212 	 1 
156.5605 	 0 
156.5605 	 2 
156.5722 	 1 
156.7115 	 0 
156.7115 	 2 
156.7115 	 1 
156.8508 	 0 
156.8508 	 1 
156.8508 	 2 
157.0017 	 0 
157.0017 	 2 
157.0133 	 1 
157.1178 	 2 
157.1178 	 1 
157.1178 	 0 
157.2339 	 0 
157.2339 	 2 
157.2339 	 1 
157.3500 	 2 
157.3500 	 0 
157.3500 	 1 
157.4545 	 2 
157.4545 	 0 
157.4545 	 1 
157.5590 	 0 
157.5590 	 2 
157.5590 	 1 
157.6751 	 0 
157.6751 	 2 
157.6751 	 1 
157.7796 	 0 
157.7796 	 2 
157.7912 	 1 
157.8957 	 1 
157.8957 	 2 
157.8957 	 0 
158.0118 	 0 
158.0118 	 2 
158.0118 	 1 
158.1163 	 0 
158.1163 	 2 
158.1279 	 1 
158.2324 	 0 
158.2324 	 2 
158.2440 	 1 
158.3369 	 0 
158.3485 	 1 
158.3485 	 2 
158.4530 	 2 
158.4530 	 0 
158.4530 	 1 
158.5575 	 0 
158.5691 	 1 
158.5691 	 2 
158.6736 	 2 
158.6852 	 1 
158.6852 	 0 
158.7316 	 2 
158.7316 	 1 
158.7897 	 2 
158.7897 	 1 
158.7897 	 0 
158.8941 	 2 
158.8941 	 0 
158.8941 	 1 
159.0102 	 2 
159.0102 	 0 
159.0102 	 1 
159.1147 	 0 
159.1263 	 2 
159.1263 	 1 
159.2308 	 0 
159.2308 	 1 
159.2308 	 2 
159.3353 	 1 
159.3353 	 0 
159.3469 	 2 
159.4514 	 1 
159.4514 	 2 
159.4514 	 0 
159.5559 	 0 
159.5675 	 1 
159.5675 	 2 
159.6720 	 0 
159.6720 	 2 
159.6720 	 1 
159.7881 	 0 
159.7881 	 1 
159.7881 	 2 
159.8926 	 2 
159.8926 	 0 
159.9042 	 1 
160.0087 	 2 
160.0203 	 1 
160.1132 	 0 
160.1248 	 2 
160.1248 	 1 
160.2293 	 2 
160.2293 	 0 
160.2293 	 1 
160.3454 	 0 
160.3454 	 1 
160.3454 	 2 
160.4499 	 2 
160.4499 	 0 
160.4615 	 1 
160.5079 	 1 
160.5079 	 2 
160.5660 	 1 
160.5660 	 0 
160.5660 	 2 
160.6705 	 2 
160.6705 	 1 
160.6705 	 0 
160.7866 	 2 
160.7866 	 0 
160.7866 	 1 
160.8911 	 0 
160.9027 	 2 
160.9027 	 1 
161.0072 	 1 
161.0072 	 2 
161.0072 	 0 
161.1117 	 0 
161.1233 	 2 
161.1233 	 1 
161.2394 	 1 
161.2394 	 2 
161.2394 	 0 
161.3439 	 1 
161.3439 	 2 
161.3439 	 0 
161.4483 	 1 
161.4483 	 2 
161.4483 	 0 
161.5644 	 2 
161.5644 	 1 
161.5644 	 0 
161.6689 	 2 
161.6689 	 0 
161.6805 	 1 
161.7850 	 2 
161.7966 	 1 
161.9011 	 2 
161.9011 	 1 
161.9011 	 0 
162.0056 	 2 
162.0056 	 0 
162.0172 	 1 
162.1217 	 2 
162.1217 	 1 
162.1217 	 0 
162.2378 	 1 
162.2378 	 0 
162.2378 	 2 
162.2843 	 2 
162.2843 	 1 
162.3423 	 1 
162.3423 	 0 
162.3423 	 2 
162.4468 	 2 
162.4584 	 1 
162.4584 	 0 
162.5513 	 1 
162.5629 	 2 
162.6790 	 0 
162.6790 	 2 
162.6790 	 1 
162.7835 	 2 
162.7835 	 0 
162.7951 	 1 
162.8880 	 2 
162.8880 	 0 
162.8996 	 1 
163.0041 	 0 
163.0157 	 1 
163.0157 	 2 
163.1202 	 1 
163.1202 	 2 
163.1202 	 0 
163.2247 	 2 
163.2247 	 0 
163.2247 	 1 
163.3408 	 1 
163.3408 	 2 
163.3524 	 0 
163.4569 	 1 
163.4569 	 0 
163.4569 	 2 
163.5614 	 0 
163.5614 	 2 
163.5730 	 1 
163.6775 	 0 
163.6775 	 1 
163.6775 	 2 
163.7820 	 2 
163.7936 	 0 
163.7936 	 1 
163.8980 	 1 
163.8980 	 0 
163.9097 	 2 
164.0141 	 2 
164.0141 	 0 
164.0141 	 1 
164.0606 	 1 
164.0606 	 2 
164.1186 	 1 
164.1186 	 2 
164.1186 	 0 
164.4553 	 1 
164.4553 	 0 
164.4553 	 2 
164.7804 	 0 
164.7920 	 1 
164.7920 	 2 
165.1171 	 1 
165.1171 	 0 
165.1287 	 2 
165.3377 	 2 
165.3493 	 1 
165.4538 	 1 
165.4538 	 0 
165.4538 	 2 
165.6744 	 2 
165.8950 	 0 
165.9066 	 1 
165.9066 	 2 
166.2317 	 0 
166.2433 	 2 
166.2433 	 1 
166.5683 	 1 
166.5683 	 2 
166.5683 	 0 
166.8934 	 0 
166.8934 	 1 
166.8934 	 2 
167.0095 	 2 
167.1140 	 2 
167.1256 	 1 
167.2301 	 0 
167.2301 	 2 
167.2301 	 1 
167.6713 	 1 
167.6829 	 0 
167.6829 	 2 
168.0080 	 2 
168.0080 	 0 
168.0196 	 1 
168.3447 	 0 
168.3447 	 2 
168.3447 	 1 
168.6698 	 0 
168.6814 	 2 
168.6814 	 1 
168.8903 	 2 
168.9020 	 1 
169.0064 	 0 
169.0064 	 2 
169.0064 	 1 
169.4476 	 0 
169.4592 	 1 
169.4592 	 2 
169.7843 	 0 
169.7959 	 1 
169.7959 	 2 
170.1210 	 1 
170.1210 	 0 
170.1210 	 2 
170.4461 	 0 
170.4577 	 2 
170.4577 	 1 
170.6667 	 2 
170.6783 	 1 
170.7828 	 0 
170.7944 	 2 
170.7944 	 1 
171.0150 	 2 
171.2588 	 2 
199.7845 	 1 
199.7845 	 2 
199.8890 	 0 
199.9006 	 1 
199.9006 	 2 
200.1212 	 2 
200.1212 	 1 
200.1212 	 0 
200.3534 	 2 
200.3534 	 1 
200.3534 	 0 
200.5624 	 1 
200.5624 	 2 
200.5624 	 0 
200.6668 	 2 
200.6785 	 1 
200.6785 	 0 
200.7829 	 2 
200.7829 	 0 
200.7829 	 1 
200.8990 	 0 
200.8990 	 2 
201.0035 	 0 
201.0035 	 1 
201.0151 	 2 
201.2357 	 0 
201.2357 	 2 
201.2357 	 1 
201.3402 	 1 
201.4563 	 1 
201.4563 	 2 
201.5608 	 2 
201.5608 	 1 
201.5724 	 0 
201.6769 	 2 
201.6769 	 1 
201.6769 	 0 
201.7930 	 1 
201.8046 	 2 
201.8975 	 0 
201.8975 	 1 
202.1181 	 1 
202.1181 	 2 
202.1413 	 0 
202.2342 	 1 
202.3387 	 0 
202.3387 	 2 
202.3387 	 1 
202.4432 	 2 
202.4432 	 1 
202.4548 	 0 
202.5593 	 1 
202.5593 	 0 
202.5709 	 2 
202.6754 	 2 
202.6754 	 1 
202.7915 	 1 
202.7915 	 2 
202.7915 	 0 
203.0121 	 0 
203.0121 	 1 
203.0121 	 2 
203.2327 	 1 
203.3371 	 1 
203.3371 	 2 
203.3371 	 0 
203.4416 	 0 
203.4532 	 2 
203.4532 	 1 
203.5577 	 1 
203.6738 	 2 
203.6738 	 1 
203.6738 	 0 
203.9060 	 0 
203.9060 	 2 
203.9060 	 1 
204.1150 	 0 
204.1150 	 2 
204.1150 	 1 
204.2195 	 1 
204.2311 	 0 
204.2311 	 2 
204.3356 	 1 
204.3356 	 0 
204.3356 	 2 
204.4517 	 0 
204.4517 	 1 
204.4517 	 2 
204.5678 	 1 
204.5678 	 2 
204.5678 	 0 
204.7884 	 1 
204.7884 	 0 
204.7884 	 2 
204.9045 	 1 
205.0090 	 2 
205.0090 	 1 
205.1135 	 2 
205.1135 	 1 
205.1251 	 0 
205.2296 	 2 
205.2296 	 1 
205.2296 	 0 
205.3457 	 1 
205.3573 	 2 
205.4502 	 1 
205.4502 	 0 
205.4618 	 2 
205.6707 	 1 
205.6707 	 2 
205.6824 	 0 
205.7752 	 2 
205.7868 	 1 
205.8913 	 1 
205.8913 	 2 
205.8913 	 0 
205.9958 	 2 
205.9958 	 1 
206.0074 	 0 
206.0190 	 1 
206.1235 	 2 
206.1235 	 1 
206.1235 	 0 
206.2280 	 0 
206.2396 	 1 
206.2396 	 2 
206.3441 	 1 
206.3441 	 0 
206.3441 	 2 
206.5647 	 1 
206.5647 	 0 
206.5647 	 2 
206.8898 	 1 
206.9014 	 2 
206.9130 	 0 
207.0059 	 0 
207.0059 	 1 
207.0175 	 2 
207.2265 	 0 
207.2265 	 1 
207.2381 	 2 
207.4587 	 1 
207.4587 	 2 
207.4587 	 0 
207.6677 	 0 
207.6677 	 2 
207.6677 	 1 
207.7838 	 1 
207.7838 	 2 
207.7954 	 0 
207.8999 	 0 
207.8999 	 1 
207.8999 	 2 
208.0160 	 1 
208.0160 	 2 
208.0160 	 0 
208.1205 	 1 
208.1205 	 2 
208.1205 	 0 
208.3410 	 2 
208.3410 	 1 
208.3527 	 0 
208.4571 	 1 
208.5616 	 1 
208.5616 	 2 
208.6661 	 1 
208.6777 	 2 
208.6777 	 0 
208.7822 	 1 
208.7822 	 0 
208.7938 	 2 
208.9099 	 1 
209.0028 	 1 
209.2350 	 2 
209.2350 	 1 
209.2466 	 0 
209.3395 	 1 
209.3395 	 2 
209.4440 	 0 
209.4440 	 2 
209.4556 	 1 
209.5601 	 0 
209.5601 	 2 
209.5717 	 1 
209.6762 	 0 
209.6762 	 2 
209.6762 	 1 
209.7923 	 1 
209.7923 	 0 
209.7923 	 2 
209.8968 	 1 
209.8968 	 0 
209.8968 	 2 
210.1174 	 0 
210.1290 	 2 
210.1290 	 1 
210.4424 	 1 
210.4541 	 2 
210.4541 	 0 
210.5585 	 0 
210.5585 	 1 
210.5702 	 2 
210.6746 	 1 
210.7791 	 1 
210.7907 	 0 
210.7907 	 2 
211.0113 	 2 
211.0113 	 0 
211.0113 	 1 
211.1158 	 2 
211.2203 	 1 
211.2319 	 2 
211.2319 	 0 
211.3364 	 2 
211.3480 	 1 
211.3480 	 0 
211.4525 	 2 
211.4525 	 1 
211.4525 	 0 
211.5686 	 2 
211.5686 	 1 
211.5686 	 0 
211.6731 	 0 
211.6731 	 1 
211.6847 	 2 
211.9053 	 2 
211.9053 	 0 
211.9053 	 1 
212.1143 	 1 
212.2304 	 1 
212.3349 	 1 
212.3465 	 2 
212.5555 	 1 
212.5671 	 0 
212.5671 	 2 
212.6716 	 1 
212.6832 	 2 
212.6832 	 0 
212.8922 	 1 
212.9038 	 0 
212.9038 	 2 
213.1244 	 2 
213.1244 	 1 
213.1244 	 0 
213.3449 	 1 
213.3449 	 0 
213.3449 	 2 
213.4494 	 0 
213.4494 	 2 
213.4610 	 1 
213.5655 	 0 
213.5655 	 2 
213.5655 	 1 
213.6816 	 0 
213.6816 	 2 
213.6816 	 1 
213.7977 	 1 
213.7977 	 0 
213.7977 	 2 
213.9022 	 1 
213.9022 	 0 
213.9022 	 2 
214.0067 	 1 
214.0067 	 0 
214.0067 	 2 
214.1112 	 1 
214.1228 	 2 
214.1228 	 0 
214.2273 	 2 
214.2273 	 1 
214.2273 	 0 
214.3434 	 2 
214.3434 	 1 
214.3434 	 0 
214.4479 	 2 
214.4479 	 1 
214.5640 	 1 
214.5640 	 0 
214.5640 	 2 
214.6801 	 2 
214.6801 	 1 
214.7846 	 0 
214.7846 	 2 
214.7846 	 1 
214.8891 	 1 
214.9007 	 0 
214.9007 	 2 
215.0052 	 2 
215.0052 	 1 
215.0052 	 0 
215.1097 	 2 
215.1097 	 1 
215.2258 	 2 
215.2258 	 0 
215.2258 	 1 
215.3419 	 1 
215.4463 	 2 
215.4463 	 0 
215.4463 	 1 
215.5624 	 1 
215.5624 	 2 
215.5624 	 0 
215.6205 	 1 
215.6205 	 2 
215.6669 	 0 
215.6669 	 1 
215.6669 	 2 
215.7830 	 1 
215.7830 	 2 
215.7830 	 0 
215.8991 	 1 
215.8991 	 2 
215.8991 	 0 
216.0036 	 0 
216.0036 	 1 
216.0152 	 2 
216.1197 	 0 
216.1197 	 2 
216.1197 	 1 
216.2242 	 1 
216.2358 	 2 
216.3403 	 0 
216.3403 	 1 
216.3403 	 2 
216.4448 	 2 
216.4564 	 1 
216.5609 	 0 
216.5609 	 1 
216.5609 	 2 
216.6654 	 1 
216.6770 	 2 
216.6770 	 0 
216.7815 	 0 
216.7815 	 1 
216.7815 	 2 
216.8976 	 1 
217.0021 	 1 
217.0021 	 2 
217.0137 	 0 
217.2343 	 1 
217.2343 	 0 
217.2343 	 2 
217.3388 	 0 
217.3388 	 1 
217.3504 	 2 
217.3968 	 2 
217.3968 	 1 
217.4549 	 2 
217.4549 	 0 
217.4549 	 1 
217.5594 	 2 
217.5594 	 1 
217.5710 	 0 
217.6755 	 0 
217.6755 	 2 
217.6755 	 1 
217.7800 	 0 
217.7916 	 2 
217.7916 	 1 
217.8961 	 0 
217.8961 	 2 
217.8961 	 1 
218.0005 	 1 
218.0122 	 2 
218.1166 	 1 
218.1166 	 2 
218.1283 	 0 
218.2211 	 1 
218.2327 	 2 
218.3372 	 2 
218.3372 	 0 
218.3372 	 1 
218.4533 	 1 
218.4533 	 2 
218.4533 	 0 
218.5578 	 1 
218.5578 	 0 
218.5694 	 2 
218.6739 	 1 
218.7784 	 1 
218.7900 	 0 
218.7900 	 2 
218.8945 	 1 
218.9990 	 2 
219.0106 	 0 
219.0106 	 1 
219.1267 	 0 
219.1267 	 2 
219.1267 	 1 
219.1848 	 2 
219.1848 	 1 
219.2196 	 1 
219.2312 	 0 
219.2312 	 2 
219.3357 	 1 
219.3357 	 0 
219.3357 	 2 
219.4518 	 0 
219.4518 	 1 
219.4518 	 2 
219.5563 	 1 
219.5679 	 2 
219.5679 	 0 
219.6724 	 0 
219.6724 	 2 
219.6724 	 1 
219.7885 	 2 
219.8930 	 1 
219.8930 	 2 
219.9046 	 0 
220.0091 	 2 
220.0091 	 1 
220.1136 	 2 
220.1136 	 1 
220.1136 	 0 
220.2297 	 2 
220.2297 	 0 
220.2297 	 1 
220.3341 	 2 
220.3341 	 1 
220.3458 	 0 
220.4502 	 1 
220.5663 	 1 
220.5663 	 2 
220.5663 	 0 
220.6592 	 2 
220.6708 	 1 
220.7869 	 2 
220.7869 	 1 
220.7869 	 0 
220.8914 	 1 
220.9030 	 2 
220.9611 	 2 
221.0075 	 2 
221.0075 	 1 
221.0075 	 0 
221.1120 	 2 
221.1236 	 1 
221.1236 	 0 
221.2281 	 0 
221.2281 	 1 
221.2281 	 2 
221.3442 	 1 
221.3442 	 2 
221.3442 	 0 
221.4487 	 1 
221.4487 	 2 
221.4487 	 0 
221.5532 	 2 
221.6693 	 0 
221.6693 	 1 
221.6809 	 2 
221.7854 	 2 
221.7854 	 1 
221.8899 	 0 
221.8899 	 1 
221.9015 	 2 
222.0060 	 0 
222.0060 	 2 
222.0060 	 1 
222.1221 	 0 
222.1221 	 2 
222.1221 	 1 
222.2266 	 1 
222.3427 	 1 
222.3427 	 0 
222.3427 	 2 
222.5633 	 1 
222.5633 	 0 
222.5633 	 2 
222.6794 	 1 
222.6794 	 2 
222.6794 	 0 
222.7374 	 1 
222.7374 	 2 
222.7839 	 2 
222.7839 	 1 
222.7839 	 0 
222.8883 	 2 
222.8883 	 0 
222.9000 	 1 
223.0044 	 0 
223.0044 	 2 
223.0044 	 1 
223.1205 	 2 
223.1205 	 1 
223.1205 	 0 
223.2250 	 2 
223.2250 	 1 
223.2250 	 0 
223.3295 	 2 
223.4456 	 2 
223.4456 	 1 
223.4572 	 0 
223.5617 	 2 
223.5617 	 0 
223.5617 	 1 
223.6662 	 0 
223.6778 	 2 
223.6778 	 1 
223.7823 	 0 
223.7823 	 1 
223.7939 	 2 
223.8984 	 2 
223.8984 	 1 
223.8984 	 0 
224.0029 	 1 
224.1190 	 1 
224.1190 	 2 
224.1306 	 0 
224.2235 	 2 
224.3396 	 2 
224.3396 	 1 
224.3396 	 0 
224.4557 	 2 
224.4557 	 1 
224.5254 	 2 
224.5602 	 2 
224.5602 	 1 
224.5602 	 0 
224.6647 	 2 
224.6763 	 0 
224.6763 	 1 
224.7808 	 0 
224.7808 	 2 
224.7808 	 1 
224.8969 	 1 
224.8969 	 0 
224.8969 	 2 
225.0014 	 2 
225.0014 	 1 
225.0014 	 0 
225.1175 	 2 
225.2220 	 1 
225.2336 	 0 
225.2336 	 2 
225.3380 	 1 
225.3380 	 0 
225.3497 	 2 
225.4425 	 0 
225.4541 	 2 
225.4541 	 1 
225.5586 	 0 
225.5586 	 1 
225.5702 	 2 
225.6747 	 1 
225.6747 	 2 
225.6747 	 0 
225.7908 	 1 
225.8953 	 0 
225.8953 	 1 
225.8953 	 2 
226.1159 	 1 
226.1159 	 0 
226.1159 	 2 
226.2320 	 1 
226.2320 	 0 
226.2320 	 2 
226.2901 	 1 
226.2901 	 2 
226.3365 	 1 
226.3365 	 0 
226.3365 	 2 
226.4526 	 2 
226.4526 	 1 
226.5571 	 1 
226.5571 	 2 
226.5687 	 0 
226.6732 	 1 
226.6732 	 2 
226.6732 	 0 
226.7893 	 1 
226.7893 	 2 
226.7893 	 0 
226.8938 	 2 
226.8938 	 1 
226.9054 	 0 
227.0099 	 1 
227.0099 	 2 
227.0099 	 0 
227.1144 	 0 
227.1144 	 2 
227.1144 	 1 
227.2305 	 1 
227.2305 	 2 
227.3350 	 1 
227.3466 	 2 
227.3466 	 0 
227.4395 	 1 
227.4511 	 2 
227.5556 	 1 
227.5672 	 2 
227.6717 	 0 
227.6717 	 2 
227.6717 	 1 
227.7761 	 2 
227.7878 	 0 
227.7878 	 1 
227.8922 	 2 
227.9039 	 0 
227.9039 	 1 
228.0083 	 2 
228.0083 	 0 
228.0200 	 1 
228.0664 	 1 
228.1128 	 1 
228.1244 	 0 
228.1244 	 2 
228.2289 	 1 
228.2289 	 0 
228.2289 	 2 
228.3334 	 1 
228.3334 	 0 
228.3450 	 2 
228.4495 	 1 
228.4495 	 2 
228.5656 	 2 
228.5656 	 1 
228.5656 	 0 
228.6701 	 2 
228.7862 	 2 
228.7862 	 1 
228.7862 	 0 
228.8907 	 1 
228.9023 	 2 
229.0068 	 2 
229.0068 	 1 
229.0068 	 0 
229.1113 	 1 
229.1229 	 0 
229.1229 	 2 
229.2274 	 2 
229.2274 	 1 
229.2274 	 0 
229.3319 	 1 
229.4480 	 0 
229.4480 	 2 
229.4480 	 1 
229.5641 	 2 
229.6686 	 2 
229.6686 	 1 
229.6686 	 0 
229.7847 	 0 
229.7847 	 2 
229.7847 	 1 
229.8427 	 1 
229.8427 	 2 
229.8892 	 1 
229.8892 	 0 
229.9008 	 2 
230.0053 	 0 
230.0053 	 2 
230.0053 	 1 
230.1098 	 0 
230.1214 	 2 
230.1214 	 1 
230.2259 	 1 
230.2375 	 2 
230.3420 	 2 
230.3420 	 1 
230.3420 	 0 
230.5625 	 2 
230.5625 	 1 
230.5625 	 0 
230.6786 	 1 
230.6786 	 2 
230.7831 	 0 
230.7831 	 2 
230.7831 	 1 
230.8992 	 1 
230.8992 	 2 
230.8992 	 0 
231.0037 	 1 
231.0037 	 2 
231.0037 	 0 
231.2243 	 1 
231.2243 	 0 
231.2359 	 2 
231.3288 	 1 
231.3404 	 2 
231.4565 	 2 
231.4565 	 0 
231.4565 	 1 
231.5610 	 2 
231.5610 	 1 
231.6307 	 1 
231.6771 	 1 
231.6771 	 2 
231.7816 	 1 
231.7932 	 2 
231.8977 	 0 
231.8977 	 2 
231.8977 	 1 
232.0022 	 2 
232.0022 	 1 
232.1183 	 2 
232.1183 	 1 
232.3389 	 1 
232.3389 	 2 
232.3505 	 0 
232.4434 	 2 
232.4550 	 1 
232.5595 	 2 
232.5595 	 0 
232.5711 	 1 
232.6756 	 2 
232.6756 	 0 
232.6756 	 1 
232.7917 	 0 
232.7917 	 2 
232.7917 	 1 
232.8961 	 1 
233.0122 	 2 
233.0122 	 0 
233.0122 	 1 
233.2328 	 1 
233.2328 	 2 
233.2444 	 0 
233.3489 	 1 
233.4534 	 1 
233.5695 	 1 
233.6740 	 1 
233.6740 	 0 
233.7901 	 1 
234.1268 	 1 
234.1268 	 0 
234.2313 	 1 
234.3358 	 0 
234.3358 	 2 
234.3474 	 1 
234.4519 	 0 
234.4635 	 1 
234.5680 	 0 
234.5680 	 1 
234.5680 	 2 
234.8002 	 1 
234.8002 	 0 
235.0092 	 0 
235.0208 	 1 
235.3459 	 0 
235.3459 	 1 
235.4503 	 1 
235.5664 	 1 
235.9031 	 1 
235.9031 	 0 
236.0192 	 1 
236.1237 	 1 
236.1237 	 0 
236.2282 	 2 
236.2398 	 0 
236.2398 	 1 
236.3443 	 1 
236.3443 	 0 
236.3443 	 2 
236.5649 	 2 
236.5765 	 0 
236.5765 	 1 
236.7971 	 1 
236.7971 	 0 
236.7971 	 2 
236.9016 	 0 
236.9016 	 1 
237.0177 	 1 
237.1222 	 1 
237.1338 	 0 
237.2267 	 0 
237.2383 	 1 
237.3428 	 2 
237.3428 	 1 
237.3544 	 0 
237.4589 	 0 
237.4589 	 2 
237.4705 	 1 
237.6795 	 1 
237.6911 	 2 
237.7956 	 2 
237.7956 	 1 
237.9000 	 0 
237.9000 	 2 
237.9000 	 1 
238.0161 	 1 
238.0161 	 0 
238.0161 	 2 
238.1206 	 2 
238.1322 	 1 
238.3528 	 1 
238.3528 	 2 
238.5734 	 1 
238.6779 	 1 
238.7940 	 1 
238.8985 	 1 
239.1191 	 1 
