7.1866 	 1 
7.5929 	 1 
7.6161 	 1 
8.0225 	 2 
8.0225 	 1 
8.0341 	 0 
8.6494 	 2 
8.6610 	 0 
8.6610 	 1 
9.2996 	 1 
9.7059 	 2 
9.7176 	 1 
10.3445 	 1 
10.3445 	 2 
10.3561 	 0 
10.5651 	 1 
11.8190 	 2 
11.8306 	 0 
11.8306 	 1 
12.4459 	 2 
12.4575 	 1 
13.2702 	 1 
13.7230 	 1 
13.9436 	 1 
14.3615 	 1 
14.7795 	 2 
14.7795 	 1 
14.7911 	 0 
15.4180 	 2 
15.4180 	 1 
15.4180 	 0 
16.0566 	 1 
16.4629 	 1 
16.4746 	 2 
17.1015 	 2 
17.1015 	 0 
17.1131 	 1 
17.3221 	 1 
17.3221 	 0 
17.7517 	 1 
17.7633 	 0 
17.9606 	 1 
18.5876 	 0 
18.5876 	 1 
19.2145 	 2 
19.2261 	 1 
19.2261 	 0 
20.6890 	 0 
20.6890 	 1 
20.6890 	 2 
20.8399 	 2 
20.8399 	 1 
20.8515 	 0 
20.9096 	 2 
20.9212 	 1 
21.1185 	 2 
21.1185 	 1 
21.1185 	 0 
21.2695 	 1 
21.2695 	 2 
21.2811 	 0 
21.3391 	 2 
21.3391 	 1 
21.3507 	 0 
21.4901 	 1 
21.5481 	 1 
21.5481 	 0 
21.9429 	 1 
21.9429 	 2 
21.9545 	 0 
22.1518 	 1 
22.1518 	 2 
22.1634 	 0 
22.2447 	 1 
22.3724 	 0 
22.3724 	 1 
22.3724 	 2 
22.5930 	 2 
22.5930 	 1 
22.7091 	 2 
22.7091 	 0 
22.7091 	 1 
22.8136 	 0 
22.8136 	 2 
22.8136 	 1 
22.9181 	 2 
22.9181 	 1 
23.0226 	 1 
23.0226 	 2 
23.1271 	 2 
23.1271 	 1 
23.2200 	 1 
23.4289 	 2 
23.4405 	 1 
23.5915 	 1 
23.5915 	 2 
23.6495 	 1 
23.6495 	 2 
23.6611 	 0 
23.7308 	 1 
23.7308 	 2 
23.7424 	 0 
23.7888 	 1 
23.7888 	 2 
23.8585 	 2 
23.8701 	 0 
23.8701 	 1 
23.9514 	 2 
23.9514 	 0 
23.9514 	 1 
23.9978 	 1 
24.0094 	 2 
24.0675 	 1 
24.0675 	 0 
24.0791 	 2 
24.2300 	 2 
24.2300 	 1 
24.2300 	 0 
24.2881 	 2 
24.2881 	 1 
24.2997 	 0 
24.4390 	 2 
24.4390 	 1 
24.4971 	 2 
24.4971 	 1 
24.5087 	 0 
24.6596 	 1 
24.6596 	 2 
24.7176 	 0 
24.7176 	 2 
24.7176 	 1 
24.9150 	 0 
24.9150 	 2 
24.9150 	 1 
25.3098 	 1 
25.3214 	 2 
25.5303 	 2 
25.5420 	 1 
25.5420 	 0 
25.7509 	 1 
25.7509 	 0 
25.7509 	 2 
25.9715 	 2 
25.9715 	 1 
25.9715 	 0 
26.0876 	 2 
26.0992 	 1 
26.0992 	 0 
26.1921 	 1 
26.2385 	 1 
26.2966 	 1 
26.2966 	 2 
26.3430 	 1 
26.4011 	 1 
26.4127 	 2 
26.4475 	 1 
26.5056 	 1 
26.5520 	 1 
26.6101 	 1 
26.6101 	 2 
26.6217 	 0 
26.8190 	 2 
26.8190 	 1 
26.8190 	 0 
26.9700 	 2 
26.9816 	 1 
26.9816 	 0 
27.0396 	 1 
27.0396 	 0 
27.0396 	 2 
27.1093 	 1 
27.1093 	 0 
27.1093 	 2 
27.1906 	 2 
27.1906 	 0 
27.1906 	 1 
27.2370 	 2 
27.2370 	 0 
27.2486 	 1 
27.3183 	 2 
27.3299 	 1 
27.3299 	 0 
27.3879 	 1 
27.3995 	 0 
27.4460 	 0 
27.4576 	 1 
27.4576 	 2 
27.5737 	 0 
27.5737 	 2 
27.5737 	 1 
27.6666 	 0 
27.6666 	 2 
27.6782 	 1 
27.8756 	 2 
27.8756 	 0 
27.8756 	 1 
28.0961 	 0 
28.1078 	 1 
28.2935 	 2 
28.2935 	 0 
28.2935 	 1 
28.4328 	 1 
28.5605 	 2 
28.5722 	 1 
28.6883 	 2 
28.6999 	 1 
28.7927 	 1 
28.8044 	 2 
28.9088 	 0 
28.9088 	 2 
28.9205 	 1 
29.1294 	 0 
29.1294 	 2 
29.1294 	 1 
29.3500 	 2 
29.3616 	 1 
29.5590 	 2 
29.5590 	 1 
29.5590 	 0 
29.6751 	 2 
29.6751 	 0 
29.6867 	 1 
29.7796 	 1 
30.0466 	 1 
30.1279 	 2 
30.1859 	 2 
30.1976 	 1 
30.3485 	 2 
30.3485 	 0 
30.3485 	 1 
30.4065 	 2 
30.4065 	 0 
30.4181 	 1 
30.4994 	 2 
30.4994 	 1 
30.5575 	 2 
30.5575 	 1 
30.5575 	 0 
30.6271 	 1 
30.6968 	 1 
30.7084 	 2 
30.7664 	 1 
30.7780 	 0 
30.7780 	 2 
30.8245 	 2 
30.8245 	 0 
30.8361 	 1 
30.9754 	 1 
30.9870 	 2 
31.0451 	 1 
31.0451 	 2 
31.0567 	 0 
31.2541 	 1 
31.2541 	 0 
31.2541 	 2 
31.4166 	 1 
31.4746 	 2 
31.4746 	 0 
31.4746 	 1 
31.6256 	 1 
31.6720 	 2 
31.6720 	 0 
31.6720 	 1 
32.0668 	 1 
32.2873 	 0 
32.2873 	 2 
32.2990 	 1 
32.5079 	 1 
32.5079 	 2 
32.5079 	 0 
32.7285 	 2 
32.7401 	 1 
32.7401 	 0 
33.0536 	 2 
33.3671 	 2 
33.3671 	 1 
33.3671 	 0 
34.0056 	 0 
34.2262 	 1 
34.3307 	 0 
34.3307 	 2 
34.5977 	 1 
35.0505 	 1 
35.0970 	 2 
35.5730 	 0 
35.5730 	 2 
36.7572 	 1 
36.8849 	 2 
36.9662 	 1 
37.5931 	 1 
37.5931 	 2 
37.5931 	 0 
37.7208 	 2 
37.8021 	 1 
37.9066 	 1 
38.0111 	 0 
38.0111 	 1 
38.0111 	 2 
38.1736 	 2 
38.2317 	 1 
38.2433 	 2 
38.4406 	 1 
38.4406 	 2 
38.4522 	 0 
38.5451 	 2 
38.8470 	 1 
38.8470 	 2 
38.8470 	 0 
38.9863 	 1 
39.0444 	 0 
39.0560 	 1 
39.0560 	 2 
39.2649 	 1 
39.2766 	 2 
39.2766 	 0 
39.4855 	 0 
39.4971 	 2 
39.4971 	 1 
39.7061 	 0 
39.7061 	 1 
39.7061 	 2 
39.9267 	 2 
39.9267 	 1 
40.1125 	 2 
40.1125 	 1 
40.1241 	 0 
40.2170 	 1 
40.3331 	 1 
40.3331 	 2 
40.4956 	 1 
40.4956 	 2 
40.5420 	 0 
40.5420 	 2 
40.5537 	 1 
40.6349 	 1 
40.7046 	 1 
40.7510 	 2 
40.7510 	 1 
40.7510 	 0 
40.9716 	 2 
40.9716 	 1 
40.9716 	 0 
41.0645 	 1 
41.1806 	 2 
41.1806 	 1 
41.3896 	 2 
41.3896 	 1 
41.4012 	 0 
41.4941 	 1 
41.6102 	 1 
41.8191 	 2 
41.8191 	 1 
41.8191 	 0 
42.0397 	 1 
42.2139 	 1 
42.3184 	 1 
42.4229 	 1 
42.4345 	 0 
42.4345 	 2 
42.6551 	 1 
42.6667 	 0 
42.6667 	 2 
42.8756 	 1 
42.8756 	 2 
42.8756 	 0 
43.0846 	 1 
43.0846 	 2 
43.2936 	 1 
43.2936 	 2 
43.4910 	 2 
43.4910 	 1 
43.5026 	 0 
43.6071 	 1 
43.7000 	 2 
43.7464 	 1 
43.9322 	 2 
44.0018 	 1 
44.0018 	 2 
44.0134 	 0 
44.0947 	 1 
44.0947 	 2 
44.1411 	 1 
44.2224 	 2 
44.2224 	 0 
44.2224 	 1 
44.3501 	 1 
44.3501 	 2 
44.3617 	 0 
44.5707 	 1 
44.7681 	 1 
44.7797 	 2 
44.8726 	 1 
44.9190 	 1 
44.9887 	 2 
45.0003 	 1 
45.1976 	 0 
45.1976 	 2 
45.1976 	 1 
45.3021 	 1 
45.6040 	 1 
45.6040 	 0 
45.6040 	 2 
45.8130 	 2 
45.8130 	 0 
45.8130 	 1 
46.0336 	 0 
46.0336 	 1 
46.0336 	 2 
46.1497 	 1 
46.2541 	 0 
46.2541 	 2 
46.2541 	 1 
46.4515 	 1 
46.4747 	 2 
46.4863 	 0 
46.6837 	 1 
46.8695 	 1 
46.8695 	 2 
46.8811 	 0 
47.0901 	 2 
47.0901 	 1 
47.2990 	 1 
47.2990 	 0 
47.2990 	 2 
47.4035 	 1 
47.5196 	 0 
47.5196 	 1 
47.5196 	 2 
47.7286 	 1 
47.7286 	 2 
47.7402 	 0 
47.9492 	 1 
47.9492 	 2 
48.1466 	 1 
48.1582 	 0 
48.1582 	 2 
48.5761 	 2 
48.5761 	 0 
48.5761 	 1 
48.7967 	 1 
48.9709 	 2 
48.9941 	 1 
49.0870 	 2 
49.1915 	 1 
49.1915 	 2 
49.1915 	 0 
49.4121 	 1 
49.4121 	 0 
49.4121 	 2 
49.5049 	 1 
49.5282 	 2 
49.6327 	 2 
49.6327 	 0 
49.6327 	 1 
49.8416 	 2 
49.8532 	 0 
49.8532 	 1 
49.9461 	 2 
50.0622 	 2 
50.0622 	 1 
50.2480 	 2 
50.2480 	 1 
50.3757 	 2 
50.4802 	 1 
50.4802 	 2 
50.6311 	 2 
50.6427 	 1 
50.6892 	 2 
50.6892 	 0 
50.6892 	 1 
50.7820 	 1 
50.7820 	 2 
50.8401 	 2 
50.8517 	 1 
50.8981 	 1 
50.9910 	 1 
51.0607 	 1 
51.0607 	 2 
51.1187 	 0 
51.1187 	 1 
51.1187 	 2 
51.3393 	 1 
51.5483 	 1 
51.7457 	 2 
51.7457 	 1 
51.8502 	 2 
51.9546 	 1 
51.9663 	 0 
51.9663 	 2 
52.3842 	 0 
52.3842 	 1 
52.3842 	 2 
52.5119 	 2 
52.8022 	 0 
52.8022 	 1 
52.8022 	 2 
53.0112 	 1 
53.0112 	 0 
53.0228 	 2 
53.2201 	 0 
53.2201 	 1 
53.4291 	 1 
53.4407 	 0 
53.6381 	 2 
53.6381 	 1 
53.6497 	 0 
53.8703 	 1 
54.0793 	 1 
54.2883 	 1 
54.2883 	 2 
54.4856 	 2 
54.4856 	 1 
54.4972 	 0 
54.9268 	 1 
55.1126 	 1 
55.1242 	 2 
55.3332 	 0 
55.3332 	 1 
55.3332 	 2 
55.5537 	 1 
55.7511 	 2 
55.7627 	 1 
55.7627 	 0 
56.1807 	 0 
56.1807 	 2 
56.1923 	 1 
56.3897 	 1 
56.3897 	 0 
56.6102 	 1 
57.0166 	 0 
57.0166 	 2 
57.0166 	 1 
57.2488 	 1 
57.4578 	 1 
57.8757 	 1 
57.8757 	 0 
57.8757 	 2 
58.2937 	 2 
58.3053 	 1 
58.5027 	 2 
58.5027 	 1 
58.5027 	 0 
58.6072 	 2 
58.7117 	 1 
58.7233 	 2 
58.7233 	 0 
59.1412 	 0 
59.1412 	 2 
59.1412 	 1 
59.3386 	 2 
59.3386 	 0 
59.3502 	 1 
59.5592 	 0 
59.5592 	 2 
59.5592 	 1 
59.7682 	 0 
59.7682 	 1 
59.7682 	 2 
59.8843 	 1 
59.8843 	 2 
59.9888 	 2 
59.9888 	 0 
59.9888 	 1 
60.1861 	 1 
60.1977 	 2 
60.3951 	 0 
60.3951 	 1 
60.4067 	 2 
60.6157 	 2 
60.6157 	 1 
60.6157 	 0 
60.8247 	 0 
60.8247 	 2 
60.8363 	 1 
61.0337 	 1 
61.0337 	 0 
61.0453 	 2 
61.2542 	 1 
61.2542 	 2 
61.2542 	 0 
61.4632 	 1 
61.4632 	 2 
61.6722 	 1 
61.6722 	 0 
61.6722 	 2 
61.8812 	 1 
61.8812 	 0 
61.8928 	 2 
62.0902 	 1 
62.0902 	 2 
62.1018 	 0 
62.3107 	 2 
62.3107 	 1 
62.5081 	 0 
62.5081 	 1 
62.5081 	 2 
62.7055 	 0 
62.7171 	 2 
62.7171 	 1 
62.9377 	 0 
62.9377 	 2 
62.9377 	 1 
63.1467 	 0 
63.1467 	 1 
63.1467 	 2 
63.3673 	 2 
63.3673 	 1 
63.3673 	 0 
63.4834 	 1 
63.5878 	 1 
63.6575 	 2 
63.7736 	 0 
63.7736 	 1 
63.7736 	 2 
63.9942 	 2 
63.9942 	 1 
64.1451 	 1 
64.2148 	 1 
64.2148 	 2 
64.2148 	 0 
64.2961 	 1 
64.3541 	 2 
64.3657 	 1 
64.4354 	 1 
64.4934 	 2 
64.5050 	 1 
64.5747 	 1 
64.6327 	 0 
64.6327 	 1 
64.6327 	 2 
64.8417 	 1 
65.0507 	 1 
65.2132 	 1 
65.2132 	 2 
65.2829 	 2 
65.2829 	 1 
65.4803 	 1 
65.4803 	 0 
65.4803 	 2 
65.7009 	 1 
65.7125 	 0 
65.8866 	 0 
65.8866 	 1 
65.8982 	 2 
66.0956 	 2 
66.0956 	 1 
66.0956 	 0 
66.3162 	 1 
66.3162 	 2 
66.3278 	 0 
66.4091 	 2 
66.4207 	 1 
66.5252 	 0 
66.5252 	 1 
66.5368 	 2 
66.7574 	 2 
66.7574 	 1 
66.8386 	 1 
66.8851 	 2 
66.9315 	 2 
66.9663 	 0 
67.1521 	 0 
67.1521 	 1 
67.1521 	 2 
67.3727 	 2 
67.3727 	 1 
67.5817 	 2 
67.5817 	 0 
67.5933 	 1 
67.6862 	 1 
67.8023 	 1 
67.8023 	 2 
67.8023 	 0 
68.0112 	 1 
68.0112 	 0 
68.0112 	 2 
68.2202 	 1 
68.2202 	 2 
68.4408 	 1 
68.4408 	 2 
68.4408 	 0 
68.6614 	 2 
68.6614 	 1 
68.8588 	 0 
68.8588 	 1 
68.8588 	 2 
68.9517 	 1 
69.0910 	 1 
69.0910 	 2 
69.2767 	 0 
69.2767 	 2 
69.2767 	 1 
69.3580 	 2 
69.4741 	 2 
69.4741 	 0 
69.4741 	 1 
69.6947 	 1 
69.7063 	 0 
69.7063 	 2 
69.9153 	 0 
69.9153 	 1 
69.9153 	 2 
70.1243 	 2 
70.1243 	 0 
70.1243 	 1 
70.2868 	 1 
70.3332 	 2 
70.3332 	 0 
70.3449 	 1 
70.5306 	 2 
70.5306 	 0 
70.5306 	 1 
70.6815 	 1 
70.7512 	 2 
70.9486 	 1 
70.9718 	 0 
70.9834 	 2 
71.0531 	 1 
71.0531 	 2 
71.0531 	 0 
71.1924 	 0 
71.1924 	 2 
71.1924 	 1 
71.2620 	 2 
71.2737 	 1 
71.4014 	 2 
71.4014 	 1 
71.4014 	 0 
71.5407 	 1 
71.6103 	 2 
71.6220 	 1 
71.8193 	 2 
71.8309 	 1 
72.0283 	 1 
72.0283 	 0 
72.0399 	 2 
72.2373 	 1 
72.2489 	 0 
72.2489 	 2 
72.4927 	 2 
72.6552 	 2 
72.6552 	 0 
72.6552 	 1 
72.7946 	 2 
72.8526 	 0 
72.8642 	 2 
72.8642 	 1 
73.0732 	 2 
73.0732 	 0 
73.0848 	 1 
73.2938 	 2 
73.2938 	 0 
73.2938 	 1 
73.3983 	 1 
73.4099 	 2 
73.5028 	 1 
73.5144 	 2 
73.6189 	 1 
73.7234 	 1 
73.8278 	 1 
73.9207 	 2 
73.9323 	 0 
73.9323 	 1 
74.1413 	 2 
74.1413 	 1 
74.2922 	 1 
74.3503 	 1 
74.3503 	 2 
74.3619 	 0 
74.5593 	 2 
74.5593 	 0 
74.5593 	 1 
74.6522 	 1 
74.6638 	 2 
74.7683 	 2 
74.7683 	 1 
74.7683 	 0 
74.8844 	 1 
74.9772 	 2 
74.9772 	 1 
75.1862 	 1 
75.1978 	 0 
75.1978 	 2 
75.3023 	 1 
75.4068 	 2 
75.4068 	 1 
75.6158 	 1 
75.6158 	 2 
75.6274 	 0 
75.8364 	 1 
76.0221 	 2 
76.0337 	 1 
76.0570 	 0 
76.1266 	 2 
76.2311 	 0 
76.2311 	 1 
76.2311 	 2 
76.4517 	 1 
76.4517 	 0 
76.4633 	 2 
76.5562 	 1 
76.5678 	 2 
76.6723 	 1 
76.6723 	 2 
76.6839 	 0 
76.8929 	 2 
76.8929 	 0 
76.8929 	 1 
76.9974 	 1 
76.9974 	 2 
77.1019 	 2 
77.1019 	 1 
77.2992 	 2 
77.2992 	 0 
77.2992 	 1 
77.5198 	 2 
77.5198 	 1 
77.6707 	 2 
77.6707 	 1 
77.6824 	 0 
77.7404 	 0 
77.7404 	 1 
77.7404 	 2 
77.8217 	 1 
77.8217 	 2 
77.8797 	 1 
77.8797 	 2 
77.8797 	 0 
77.9494 	 1 
78.0190 	 2 
78.0307 	 1 
78.1003 	 2 
78.1003 	 1 
78.1584 	 1 
78.1584 	 0 
78.1584 	 2 
78.3790 	 1 
78.3790 	 2 
78.5879 	 0 
78.5879 	 2 
78.5879 	 1 
78.7969 	 2 
78.7969 	 0 
78.7969 	 1 
79.0059 	 0 
79.0059 	 2 
79.0059 	 1 
79.4122 	 2 
79.4122 	 1 
79.4239 	 0 
79.6096 	 0 
79.6212 	 2 
79.6212 	 1 
79.8418 	 1 
79.8418 	 0 
79.8418 	 2 
80.0508 	 1 
80.0508 	 0 
80.0624 	 2 
80.2598 	 1 
80.2598 	 0 
80.2714 	 2 
80.3759 	 1 
80.4804 	 1 
80.4920 	 2 
80.4920 	 0 
80.6893 	 0 
80.6893 	 2 
80.6893 	 1 
80.8983 	 1 
80.8983 	 2 
81.1073 	 2 
81.1073 	 0 
81.1189 	 1 
81.3279 	 2 
81.3279 	 0 
81.3279 	 1 
81.5369 	 1 
81.5369 	 0 
81.5369 	 2 
81.7459 	 1 
81.9548 	 2 
81.9664 	 1 
82.1638 	 1 
82.1754 	 2 
82.3844 	 2 
82.3844 	 0 
82.3844 	 1 
82.5934 	 1 
82.8024 	 1 
82.9997 	 2 
82.9997 	 0 
83.0113 	 1 
83.2087 	 0 
83.2203 	 2 
83.2203 	 1 
83.4409 	 1 
83.4409 	 0 
83.4409 	 2 
83.6499 	 1 
83.6499 	 2 
84.0678 	 1 
84.0678 	 0 
84.0678 	 2 
84.4510 	 1 
84.4974 	 1 
84.5671 	 2 
84.5787 	 1 
84.5787 	 0 
84.7064 	 1 
84.7877 	 2 
84.7877 	 1 
84.7877 	 0 
84.9154 	 0 
84.9154 	 2 
84.9154 	 1 
85.0779 	 2 
85.1244 	 1 
85.3333 	 1 
85.3333 	 2 
85.3449 	 0 
85.5539 	 1 
85.5539 	 2 
85.7513 	 1 
85.7629 	 0 
85.7629 	 2 
85.8674 	 2 
86.1693 	 2 
86.1693 	 1 
86.1809 	 0 
86.2621 	 1 
86.3086 	 2 
86.3666 	 1 
86.3782 	 0 
86.3782 	 2 
86.5988 	 0 
86.5988 	 2 
86.5988 	 1 
86.8078 	 0 
86.8078 	 1 
86.8078 	 2 
87.0284 	 2 
87.0284 	 1 
87.1213 	 1 
87.2374 	 2 
87.2490 	 1 
87.4231 	 1 
87.4347 	 2 
87.4463 	 0 
87.6437 	 2 
87.6553 	 1 
87.8643 	 2 
87.8643 	 0 
87.8643 	 1 
88.0733 	 2 
88.0733 	 0 
88.0733 	 1 
88.2939 	 2 
88.2939 	 1 
88.2939 	 0 
88.5029 	 2 
88.5029 	 1 
88.6073 	 0 
88.7118 	 0 
88.7118 	 1 
88.7118 	 2 
88.9324 	 1 
88.9324 	 2 
89.1414 	 0 
89.1414 	 2 
89.1414 	 1 
89.5594 	 1 
89.6406 	 2 
89.7451 	 1 
89.7567 	 0 
89.7567 	 2 
89.9773 	 0 
89.9773 	 1 
89.9773 	 2 
90.1979 	 1 
90.1979 	 2 
90.1979 	 0 
90.4185 	 1 
90.4882 	 1 
90.5230 	 2 
90.8132 	 1 
90.8249 	 2 
90.8249 	 0 
91.2544 	 1 
91.2660 	 2 
91.3937 	 2 
92.1136 	 1 
92.3341 	 1 
92.5315 	 0 
92.5315 	 1 
92.5315 	 2 
93.1585 	 2 
93.1585 	 0 
93.1701 	 1 
94.2150 	 2 
94.2266 	 1 
94.8535 	 0 
94.8535 	 1 
94.8535 	 2 
95.0741 	 0 
95.0741 	 1 
95.1902 	 0 
95.5153 	 0 
95.6894 	 1 
95.7127 	 0 
96.3280 	 1 
96.3396 	 0 
96.4209 	 0 
96.4209 	 1 
96.9665 	 1 
96.9665 	 2 
98.4410 	 2 
98.4410 	 1 
98.4410 	 0 
99.0912 	 2 
99.2885 	 2 
99.2885 	 1 
99.3001 	 0 
99.7065 	 0 
99.7065 	 2 
99.7065 	 1 
100.1244 	 2 
100.1361 	 1 
100.1361 	 0 
100.3450 	 0 
100.3450 	 1 
100.5540 	 0 
100.5540 	 1 
100.7630 	 1 
100.7746 	 0 
100.9720 	 2 
100.9720 	 1 
100.9836 	 0 
101.4015 	 1 
101.8195 	 2 
101.8195 	 0 
101.8195 	 1 
102.2491 	 1 
102.4580 	 2 
102.4580 	 1 
102.4580 	 0 
102.6554 	 2 
102.6670 	 1 
102.6670 	 0 
103.1779 	 1 
103.5146 	 0 
103.5146 	 1 
103.5146 	 2 
103.9325 	 1 
103.9441 	 0 
104.3621 	 0 
104.3621 	 1 
104.5711 	 1 
104.6059 	 2 
105.1980 	 0 
105.1980 	 2 
105.1980 	 1 
105.4070 	 2 
105.4186 	 1 
105.5579 	 1 
105.6160 	 2 
105.6276 	 0 
105.6276 	 1 
105.7901 	 2 
105.8366 	 0 
105.8366 	 2 
105.8482 	 1 
105.9991 	 1 
106.0339 	 2 
106.0455 	 0 
106.0455 	 1 
106.1616 	 2 
106.2777 	 1 
106.2893 	 2 
106.2893 	 0 
106.4403 	 1 
106.4519 	 2 
106.6493 	 0 
106.6609 	 1 
106.6609 	 2 
106.8815 	 2 
106.8815 	 1 
106.8815 	 0 
107.0904 	 2 
107.0904 	 1 
107.0904 	 0 
107.2994 	 1 
107.3110 	 0 
107.3575 	 2 
107.3807 	 1 
107.5200 	 1 
107.5316 	 0 
107.7290 	 0 
107.7290 	 2 
107.7406 	 1 
107.8683 	 2 
108.1469 	 1 
108.1585 	 2 
108.1585 	 0 
108.3791 	 1 
108.3791 	 2 
108.3907 	 0 
108.5765 	 1 
108.5765 	 0 
108.5765 	 2 
108.6810 	 1 
108.9596 	 1 
109.0061 	 2 
109.0177 	 1 
109.2034 	 1 
109.2034 	 2 
109.2151 	 0 
109.4240 	 1 
109.4240 	 2 
109.5285 	 2 
109.5285 	 1 
109.5285 	 0 
109.6446 	 2 
109.6562 	 0 
109.6562 	 1 
109.8304 	 1 
110.2716 	 1 
110.2716 	 2 
110.4225 	 2 
110.6895 	 1 
110.6895 	 2 
110.8869 	 2 
111.1075 	 1 
111.1191 	 2 
111.3281 	 1 
111.3281 	 2 
111.3397 	 0 
111.5254 	 2 
111.5371 	 1 
111.7460 	 2 
111.7576 	 0 
111.7576 	 1 
111.9550 	 1 
111.9666 	 0 
111.9666 	 2 
112.3846 	 1 
112.3962 	 2 
112.5239 	 1 
112.5355 	 2 
112.8025 	 1 
112.8025 	 2 
112.8141 	 0 
113.4295 	 0 
113.4295 	 1 
113.4411 	 2 
113.6501 	 0 
113.6501 	 2 
113.6501 	 1 
114.0680 	 1 
114.0796 	 2 
114.2073 	 1 
114.2190 	 2 
114.4976 	 0 
114.4976 	 2 
114.5092 	 1 
115.1245 	 1 
115.1245 	 0 
115.1361 	 2 
115.3335 	 2 
115.3451 	 1 
115.7747 	 2 
116.0998 	 2 
116.1694 	 1 
116.1810 	 2 
116.1810 	 0 
116.5990 	 1 
117.2376 	 1 
117.2492 	 2 
117.4465 	 1 
117.4581 	 2 
117.4581 	 0 
118.0154 	 2 
118.7236 	 0 
118.7236 	 2 
118.7236 	 1 
118.9326 	 1 
119.1300 	 1 
119.1416 	 2 
119.3506 	 1 
119.3506 	 0 
119.3622 	 2 
119.5595 	 2 
119.5595 	 0 
119.5712 	 1 
119.5828 	 0 
119.6408 	 1 
119.7801 	 1 
119.9659 	 1 
119.9775 	 2 
119.9775 	 0 
120.1865 	 0 
120.1865 	 2 
120.1865 	 1 
120.3955 	 1 
120.4071 	 0 
120.4071 	 2 
120.5000 	 1 
120.6161 	 2 
120.6161 	 1 
120.6161 	 0 
120.8250 	 0 
120.8250 	 2 
120.8366 	 1 
120.9179 	 1 
121.0340 	 0 
121.0456 	 2 
121.0456 	 1 
121.2430 	 2 
121.2430 	 1 
121.2546 	 0 
121.3243 	 1 
121.3591 	 2 
121.4636 	 1 
121.4636 	 2 
121.6145 	 1 
121.6726 	 0 
121.6726 	 1 
121.6726 	 2 
121.7538 	 1 
121.8235 	 1 
121.8815 	 2 
121.8815 	 1 
121.8815 	 0 
121.9860 	 1 
122.0905 	 1 
122.1021 	 0 
122.1021 	 2 
122.3111 	 1 
122.5201 	 0 
122.5201 	 2 
122.5201 	 1 
122.7407 	 2 
122.7407 	 1 
122.9380 	 0 
122.9380 	 1 
122.9380 	 2 
123.1586 	 1 
123.1586 	 0 
123.1586 	 2 
123.3444 	 2 
123.3444 	 1 
123.4373 	 0 
123.4489 	 2 
123.4489 	 1 
123.5534 	 2 
123.5534 	 1 
123.5534 	 0 
123.7740 	 2 
123.7740 	 1 
123.7856 	 0 
123.8901 	 1 
123.8901 	 2 
123.9946 	 2 
123.9946 	 1 
123.9946 	 0 
124.2151 	 0 
124.2151 	 2 
124.2151 	 1 
124.4241 	 0 
124.4241 	 2 
124.4241 	 1 
124.6099 	 1 
124.6215 	 2 
124.6215 	 0 
124.7260 	 1 
124.8305 	 2 
124.8421 	 1 
124.8537 	 0 
125.0511 	 1 
125.0627 	 0 
125.0627 	 2 
125.1207 	 2 
125.1207 	 1 
125.1323 	 0 
125.2252 	 1 
125.3413 	 2 
125.3413 	 0 
125.3413 	 1 
125.4806 	 0 
125.4806 	 2 
125.4806 	 1 
125.6896 	 2 
125.6896 	 0 
125.6896 	 1 
125.8986 	 2 
125.8986 	 0 
125.8986 	 1 
126.1076 	 1 
126.1192 	 2 
126.1192 	 0 
126.3166 	 2 
126.3166 	 1 
126.3282 	 0 
126.4210 	 1 
126.5371 	 0 
126.5371 	 2 
126.5371 	 1 
126.7345 	 1 
126.7461 	 2 
126.7461 	 0 
126.8506 	 1 
126.9319 	 0 
126.9319 	 1 
126.9435 	 2 
127.1641 	 0 
127.1641 	 2 
127.1641 	 1 
127.2802 	 2 
127.2802 	 0 
127.2802 	 1 
127.3847 	 0 
127.3847 	 1 
127.3847 	 2 
127.5937 	 1 
127.5937 	 2 
127.6981 	 0 
127.6981 	 1 
127.7214 	 2 
127.8026 	 1 
127.8026 	 0 
127.8026 	 2 
127.9884 	 1 
128.0000 	 2 
128.0116 	 0 
128.0929 	 1 
128.2206 	 1 
128.2206 	 2 
128.3831 	 2 
128.3831 	 1 
128.4296 	 2 
128.4296 	 0 
128.4412 	 1 
128.5224 	 1 
128.6385 	 1 
128.6385 	 0 
128.6385 	 2 
128.8591 	 2 
128.8591 	 1 
128.8591 	 0 
129.0797 	 1 
129.2771 	 1 
129.2771 	 0 
129.2887 	 2 
129.4977 	 1 
129.4977 	 0 
129.4977 	 2 
129.7067 	 0 
129.7067 	 2 
129.7067 	 1 
130.3104 	 0 
130.3220 	 2 
130.3336 	 1 
130.5426 	 2 
130.5426 	 1 
130.5426 	 0 
130.7632 	 2 
130.7632 	 1 
130.9722 	 0 
130.9722 	 1 
130.9722 	 2 
131.2044 	 1 
131.3669 	 0 
131.3785 	 1 
131.5991 	 2 
131.5991 	 0 
131.6107 	 1 
131.7500 	 1 
131.7500 	 2 
131.8197 	 0 
131.8197 	 2 
131.8197 	 1 
131.9010 	 2 
131.9590 	 0 
131.9590 	 2 
131.9590 	 1 
132.0983 	 0 
132.1099 	 1 
132.1099 	 2 
132.2376 	 0 
132.2376 	 1 
132.2376 	 2 
132.6440 	 1 
132.6556 	 0 
132.6672 	 2 
132.8762 	 2 
132.8762 	 0 
132.8762 	 1 
133.0852 	 1 
133.0852 	 2 
133.0852 	 0 
133.1897 	 1 
133.2941 	 1 
133.2941 	 2 
133.3174 	 0 
133.5031 	 0 
133.5031 	 1 
133.5147 	 2 
133.5728 	 2 
133.7121 	 0 
133.7121 	 2 
133.7121 	 1 
133.9211 	 2 
133.9211 	 0 
133.9211 	 1 
134.1301 	 0 
134.1417 	 1 
134.1417 	 2 
134.3507 	 1 
134.3507 	 2 
134.5596 	 0 
134.5596 	 2 
134.5712 	 1 
134.7570 	 1 
134.7570 	 2 
134.7686 	 0 
134.8615 	 1 
134.8847 	 2 
134.8847 	 0 
134.9892 	 1 
134.9892 	 2 
135.1982 	 1 
135.1982 	 2 
135.1982 	 0 
135.3027 	 2 
135.4072 	 1 
135.4188 	 2 
135.6161 	 2 
135.6161 	 0 
135.6161 	 1 
135.7322 	 2 
135.8367 	 1 
136.0457 	 1 
136.4637 	 1 
136.4637 	 2 
136.4637 	 0 
136.5682 	 2 
136.5682 	 1 
136.6727 	 2 
136.6843 	 1 
136.6843 	 0 
136.8932 	 2 
136.8932 	 1 
136.9745 	 2 
137.2996 	 2 
137.3112 	 0 
137.3112 	 1 
137.5202 	 0 
137.5202 	 1 
137.5202 	 2 
137.7292 	 1 
137.7408 	 2 
137.7408 	 0 
137.8337 	 2 
137.9381 	 1 
137.9381 	 2 
137.9381 	 0 
138.1355 	 1 
138.1471 	 2 
138.1471 	 0 
138.2516 	 1 
138.2516 	 2 
138.2632 	 0 
138.3677 	 1 
138.3677 	 0 
138.3677 	 2 
138.5767 	 1 
138.5767 	 0 
138.5767 	 2 
138.6812 	 1 
138.6928 	 2 
138.8089 	 2 
138.9946 	 1 
138.9946 	 0 
138.9946 	 2 
139.2152 	 1 
139.2152 	 2 
139.2268 	 0 
139.3197 	 2 
139.3197 	 1 
139.4242 	 2 
139.4242 	 1 
139.4358 	 0 
139.6332 	 0 
139.6332 	 2 
139.6332 	 1 
139.7841 	 1 
139.8422 	 2 
139.8538 	 0 
139.8538 	 1 
139.9467 	 2 
140.0628 	 2 
140.0628 	 1 
140.2601 	 2 
140.2601 	 0 
140.2601 	 1 
140.4575 	 0 
140.4691 	 2 
140.4691 	 1 
140.6897 	 1 
140.6897 	 2 
140.6897 	 0 
140.8058 	 2 
140.8058 	 0 
140.8174 	 1 
140.8987 	 2 
140.8987 	 1 
140.8987 	 0 
141.1077 	 1 
141.1193 	 2 
141.2122 	 0 
141.2238 	 1 
141.2238 	 2 
141.3399 	 1 
141.3399 	 2 
141.3399 	 0 
141.5256 	 0 
141.5256 	 1 
141.5256 	 2 
141.7462 	 1 
141.9552 	 2 
141.9552 	 1 
141.9668 	 0 
142.1758 	 1 
142.1758 	 0 
142.1758 	 2 
142.3732 	 2 
142.3732 	 1 
142.3848 	 0 
142.5009 	 1 
142.5937 	 1 
142.8027 	 1 
143.0117 	 0 
143.0117 	 2 
143.0233 	 1 
143.2207 	 1 
143.2323 	 2 
143.2323 	 0 
143.8360 	 0 
143.8476 	 2 
143.8476 	 1 
144.0566 	 1 
144.0682 	 2 
144.0682 	 0 
144.2888 	 2 
144.2888 	 1 
144.4862 	 1 
144.9041 	 2 
144.9041 	 0 
144.9041 	 1 
145.1247 	 0 
145.1247 	 2 
145.1247 	 1 
145.3453 	 1 
145.4034 	 0 
145.4150 	 1 
145.4150 	 2 
145.5543 	 1 
145.6239 	 2 
145.6356 	 0 
145.6356 	 1 
145.7633 	 1 
145.7633 	 0 
145.7633 	 2 
146.1928 	 1 
146.1928 	 2 
146.4018 	 0 
146.4018 	 2 
146.4018 	 1 
146.6108 	 0 
146.6108 	 1 
146.6108 	 2 
147.0171 	 1 
147.0171 	 2 
147.0171 	 0 
147.1565 	 2 
147.2261 	 1 
147.2261 	 2 
147.2261 	 0 
147.4467 	 1 
147.4467 	 0 
147.4467 	 2 
147.6557 	 1 
147.6557 	 0 
147.6557 	 2 
147.8647 	 1 
147.8647 	 0 
148.0853 	 2 
148.0853 	 1 
148.0853 	 0 
148.2826 	 2 
148.2826 	 1 
148.2942 	 0 
148.5032 	 1 
148.6541 	 2 
148.7122 	 1 
148.7122 	 0 
148.7238 	 2 
148.9212 	 0 
148.9212 	 1 
148.9212 	 2 
149.1418 	 1 
149.1418 	 2 
149.1418 	 0 
149.3624 	 1 
149.5597 	 2 
149.5597 	 0 
149.5713 	 1 
149.7803 	 1 
149.9777 	 1 
149.9893 	 2 
149.9893 	 0 
150.1983 	 1 
150.1983 	 2 
150.1983 	 0 
150.4073 	 1 
150.4885 	 1 
150.4885 	 2 
150.5930 	 0 
150.6046 	 1 
150.6046 	 2 
150.8252 	 1 
150.8252 	 2 
150.8252 	 0 
150.9413 	 1 
151.0342 	 1 
151.0342 	 2 
151.0342 	 0 
151.2548 	 1 
151.2548 	 0 
151.2548 	 2 
151.4638 	 0 
151.4638 	 1 
151.4638 	 2 
151.6611 	 2 
151.6611 	 0 
151.6727 	 1 
151.8817 	 1 
151.8933 	 0 
151.8933 	 2 
152.1023 	 0 
152.1023 	 1 
152.1023 	 2 
152.3693 	 1 
152.5203 	 2 
152.5203 	 0 
152.5203 	 1 
152.7293 	 1 
152.7409 	 2 
152.7409 	 0 
152.9382 	 1 
152.9498 	 0 
152.9498 	 2 
153.0543 	 1 
153.1588 	 0 
153.1588 	 1 
153.1588 	 2 
153.3678 	 0 
153.3678 	 2 
153.3678 	 1 
153.5768 	 1 
153.5884 	 2 
153.7858 	 2 
153.7858 	 0 
153.7858 	 1 
153.9831 	 0 
153.9831 	 2 
153.9831 	 1 
154.2037 	 0 
154.2037 	 2 
154.2037 	 1 
154.3198 	 1 
154.3314 	 2 
154.4243 	 1 
154.4243 	 2 
154.4243 	 0 
154.6333 	 2 
154.6333 	 1 
154.7378 	 1 
154.7494 	 2 
154.8423 	 1 
154.8539 	 0 
154.8539 	 2 
155.0512 	 2 
155.0512 	 1 
155.0629 	 0 
155.2602 	 1 
155.4112 	 1 
155.4692 	 0 
155.4808 	 2 
155.4808 	 1 
155.6782 	 1 
155.6782 	 0 
155.6898 	 2 
155.8988 	 2 
155.8988 	 0 
155.8988 	 1 
156.1310 	 1 
156.2587 	 1 
156.3400 	 1 
156.5257 	 1 
156.5373 	 2 
156.5373 	 0 
156.7463 	 2 
156.7463 	 1 
156.7579 	 0 
157.1643 	 1 
157.3268 	 2 
157.3500 	 1 
157.3616 	 2 
157.3616 	 0 
157.5938 	 0 
157.5938 	 1 
157.5938 	 2 
157.7912 	 0 
157.7912 	 1 
157.8028 	 2 
158.0118 	 1 
158.0118 	 0 
158.0234 	 2 
158.2092 	 2 
158.2208 	 1 
158.2208 	 0 
158.4181 	 0 
158.4181 	 1 
158.4298 	 2 
158.6503 	 2 
158.6503 	 0 
158.6503 	 1 
158.8593 	 2 
158.9290 	 2 
158.9290 	 0 
158.9290 	 1 
159.0451 	 1 
159.1496 	 0 
159.1496 	 2 
159.1496 	 1 
159.2773 	 2 
159.2773 	 1 
159.2889 	 0 
159.4166 	 2 
159.4979 	 1 
159.6952 	 2 
159.6952 	 0 
159.6952 	 1 
159.8113 	 2 
159.9158 	 0 
159.9158 	 1 
159.9158 	 2 
160.1248 	 1 
160.1248 	 2 
160.1364 	 0 
160.3338 	 1 
160.5312 	 1 
160.5312 	 0 
160.5428 	 2 
160.7401 	 2 
160.7517 	 1 
160.7517 	 0 
160.9607 	 1 
160.9607 	 0 
160.9607 	 2 
161.1813 	 2 
161.1813 	 1 
161.1813 	 0 
161.3903 	 0 
161.3903 	 2 
161.3903 	 1 
161.6109 	 0 
161.6109 	 1 
161.6109 	 2 
161.8083 	 2 
161.8083 	 1 
161.8199 	 0 
162.0172 	 2 
162.0288 	 1 
162.2378 	 2 
162.2378 	 1 
162.2378 	 0 
162.3771 	 1 
162.4468 	 1 
162.4468 	 0 
162.4468 	 2 
162.6558 	 2 
162.6558 	 1 
162.6674 	 0 
162.8764 	 1 
162.8764 	 2 
162.9809 	 0 
163.0854 	 1 
163.0854 	 2 
163.0854 	 0 
163.2479 	 1 
163.2943 	 2 
163.2943 	 1 
163.5149 	 2 
163.5149 	 1 
163.5149 	 0 
163.8980 	 1 
164.0141 	 2 
164.0141 	 1 
164.1186 	 0 
164.1186 	 2 
164.1186 	 1 
164.3392 	 0 
164.3392 	 1 
164.3392 	 2 
164.4553 	 2 
164.5598 	 1 
164.5598 	 2 
164.5714 	 0 
164.7804 	 2 
164.7920 	 1 
164.8849 	 2 
165.1868 	 1 
165.1868 	 2 
165.1984 	 0 
165.6279 	 1 
165.6279 	 2 
165.7556 	 2 
165.8485 	 1 
165.9414 	 2 
173.8014 	 1 
