8.8236 	 0 
8.8236 	 2 
8.8236 	 1 
9.3460 	 0 
9.3460 	 2 
9.3460 	 1 
9.8685 	 0 
9.8685 	 1 
9.8801 	 2 
10.3909 	 2 
10.3909 	 1 
10.3909 	 0 
10.9134 	 1 
10.9134 	 0 
10.9134 	 2 
11.4358 	 1 
11.4358 	 0 
11.4358 	 2 
11.9583 	 2 
11.9583 	 0 
11.9583 	 1 
12.4807 	 2 
12.4807 	 0 
12.4807 	 1 
12.9916 	 0 
13.0032 	 2 
13.0032 	 1 
13.5140 	 2 
13.5140 	 0 
13.5256 	 1 
14.0365 	 2 
14.0481 	 0 
14.0481 	 1 
14.5589 	 2 
14.5705 	 1 
14.5705 	 0 
15.0814 	 1 
15.0814 	 2 
15.0930 	 0 
15.6038 	 1 
15.6038 	 2 
15.6154 	 0 
16.1263 	 1 
16.1263 	 2 
16.1379 	 0 
16.6487 	 1 
16.6487 	 2 
16.6487 	 0 
16.9157 	 1 
17.1712 	 0 
17.1712 	 1 
17.1828 	 2 
17.3221 	 1 
17.4382 	 0 
17.4382 	 2 
17.4498 	 1 
17.6007 	 1 
17.6936 	 1 
17.6936 	 2 
17.6936 	 0 
17.8213 	 2 
17.8329 	 1 
17.9606 	 0 
17.9606 	 1 
17.9606 	 2 
18.1116 	 1 
18.2161 	 0 
18.2161 	 1 
18.2277 	 2 
18.3438 	 0 
18.3438 	 1 
18.3438 	 2 
18.4831 	 1 
18.4831 	 0 
18.4831 	 2 
18.7385 	 1 
18.7385 	 2 
18.7385 	 0 
18.8778 	 1 
18.8778 	 2 
19.0055 	 0 
19.0055 	 1 
19.0055 	 2 
19.2493 	 1 
19.2610 	 0 
19.2610 	 2 
19.4003 	 1 
19.4003 	 2 
19.5280 	 2 
19.5280 	 1 
19.5396 	 0 
19.6673 	 1 
19.7834 	 1 
19.7834 	 2 
19.7834 	 0 
19.9111 	 2 
19.9227 	 1 
20.0504 	 1 
20.0504 	 2 
20.0620 	 0 
20.1898 	 1 
20.1898 	 2 
20.3059 	 0 
20.3059 	 2 
20.3059 	 1 
20.4336 	 2 
20.4336 	 0 
20.4336 	 1 
20.5613 	 1 
20.5729 	 0 
20.5729 	 2 
20.8167 	 0 
20.8283 	 1 
20.8283 	 2 
20.9676 	 1 
20.9676 	 2 
21.0953 	 1 
21.0953 	 2 
21.0953 	 0 
21.3391 	 1 
21.3507 	 0 
21.3507 	 2 
21.4901 	 1 
21.4901 	 2 
21.6178 	 1 
21.6178 	 2 
21.6294 	 0 
21.7571 	 1 
21.8616 	 0 
21.8732 	 1 
21.8732 	 2 
22.0009 	 1 
22.0009 	 2 
22.1286 	 2 
22.1402 	 0 
22.1402 	 1 
22.2795 	 2 
22.2795 	 1 
22.3956 	 2 
22.3956 	 1 
22.3956 	 0 
22.5234 	 1 
22.6511 	 1 
22.6627 	 2 
22.6627 	 0 
22.9065 	 2 
22.9065 	 0 
22.9065 	 1 
23.0458 	 2 
23.0458 	 1 
23.1735 	 2 
23.1735 	 0 
23.1735 	 1 
23.2316 	 1 
23.4289 	 1 
23.4289 	 0 
23.4289 	 2 
23.5683 	 1 
23.5799 	 2 
23.6960 	 2 
23.6960 	 1 
23.7076 	 0 
23.8353 	 2 
23.8353 	 1 
23.8469 	 0 
23.9514 	 1 
23.9514 	 0 
23.9630 	 2 
24.0907 	 0 
24.0907 	 1 
24.0907 	 2 
24.2184 	 2 
24.2184 	 0 
24.2300 	 1 
24.3693 	 2 
24.3693 	 1 
24.3810 	 0 
24.4738 	 1 
24.4738 	 0 
24.4854 	 2 
24.6015 	 1 
24.6015 	 2 
24.6132 	 0 
24.7409 	 1 
24.7409 	 2 
24.7525 	 0 
24.8686 	 1 
24.9963 	 0 
24.9963 	 1 
24.9963 	 2 
25.1356 	 0 
25.1356 	 2 
25.1356 	 1 
25.2633 	 2 
25.2749 	 1 
25.5187 	 2 
25.5187 	 0 
25.5187 	 1 
25.6580 	 1 
25.7858 	 1 
25.9367 	 1 
26.0412 	 2 
26.0412 	 0 
26.0412 	 1 
26.3082 	 1 
26.3198 	 0 
26.4475 	 1 
26.5636 	 2 
26.5636 	 1 
26.5636 	 0 
27.0861 	 1 
27.0861 	 0 
27.0861 	 2 
27.6085 	 1 
27.6085 	 0 
27.6085 	 2 
28.1310 	 2 
28.1310 	 0 
28.1310 	 1 
28.6534 	 2 
28.6534 	 0 
28.6534 	 1 
28.9321 	 0 
29.1759 	 0 
29.1759 	 1 
29.1759 	 2 
29.6983 	 0 
29.6983 	 1 
29.6983 	 2 
29.9654 	 0 
29.9654 	 1 
30.1047 	 1 
30.2092 	 0 
30.2208 	 1 
30.2208 	 2 
30.4878 	 1 
30.4878 	 0 
30.7432 	 2 
30.7432 	 1 
30.7432 	 0 
31.2541 	 2 
31.2541 	 1 
31.2657 	 0 
31.7765 	 0 
31.7881 	 1 
31.7881 	 2 
33.8663 	 2 
33.8663 	 1 
33.8779 	 0 
34.0056 	 0 
34.0056 	 2 
34.0056 	 1 
34.1333 	 1 
34.1333 	 2 
34.1333 	 0 
34.2610 	 1 
34.2610 	 2 
34.2610 	 0 
34.3888 	 0 
34.3888 	 2 
34.3888 	 1 
34.5165 	 1 
34.6442 	 2 
34.6558 	 0 
34.6558 	 1 
34.8299 	 2 
34.8299 	 1 
34.9112 	 0 
34.9112 	 1 
34.9112 	 2 
35.0389 	 0 
35.0505 	 2 
35.0505 	 1 
35.1782 	 1 
35.1782 	 0 
35.1782 	 2 
35.3059 	 1 
35.4337 	 1 
35.4337 	 0 
35.4453 	 2 
35.6891 	 2 
35.7007 	 0 
35.7007 	 1 
35.9561 	 2 
35.9561 	 0 
35.9561 	 1 
36.2231 	 1 
36.2231 	 2 
36.2347 	 0 
36.3392 	 0 
36.3508 	 2 
36.3508 	 1 
36.4785 	 1 
36.4785 	 0 
36.4785 	 2 
36.7340 	 1 
36.7456 	 0 
36.7456 	 2 
37.0010 	 2 
37.0010 	 0 
37.0010 	 1 
37.1287 	 2 
37.1287 	 1 
37.1287 	 0 
37.2564 	 2 
37.2564 	 1 
37.2680 	 0 
37.5234 	 2 
37.5234 	 0 
37.5234 	 1 
37.7905 	 0 
37.7905 	 2 
37.7905 	 1 
37.8369 	 1 
37.8950 	 0 
37.9066 	 2 
37.9066 	 1 
38.0343 	 2 
38.0343 	 1 
38.0459 	 0 
38.1736 	 1 
38.1736 	 2 
38.1852 	 0 
38.3013 	 1 
38.3013 	 0 
38.3013 	 2 
38.4406 	 1 
38.4406 	 0 
38.4406 	 2 
38.5567 	 0 
38.5567 	 2 
38.5567 	 1 
38.8238 	 2 
38.8238 	 1 
38.8238 	 0 
38.9631 	 1 
39.0792 	 2 
39.0792 	 1 
39.0908 	 0 
39.2185 	 2 
39.2185 	 0 
39.2185 	 1 
39.3462 	 2 
39.3462 	 1 
39.3462 	 0 
39.6016 	 0 
39.6016 	 1 
39.6132 	 2 
39.8687 	 2 
39.8687 	 1 
39.8687 	 0 
40.1357 	 0 
40.1357 	 2 
40.1357 	 1 
40.2750 	 1 
40.2866 	 2 
40.3911 	 1 
40.3911 	 2 
40.4027 	 0 
40.5188 	 1 
40.5188 	 2 
40.5188 	 0 
40.6465 	 1 
40.6465 	 0 
40.6581 	 2 
40.9136 	 1 
40.9136 	 0 
40.9136 	 2 
41.0529 	 1 
41.0645 	 2 
41.1690 	 1 
41.1690 	 2 
41.1806 	 0 
41.2967 	 2 
41.2967 	 0 
41.2967 	 1 
41.4360 	 2 
41.4360 	 0 
41.4360 	 1 
41.6914 	 0 
41.6914 	 2 
41.6914 	 1 
41.9585 	 1 
41.9585 	 0 
41.9585 	 2 
42.0165 	 1 
42.0746 	 0 
42.0746 	 2 
42.0862 	 1 
42.2139 	 0 
42.2139 	 1 
42.2139 	 2 
42.3532 	 2 
42.3532 	 0 
42.3532 	 1 
42.4112 	 1 
42.4809 	 2 
42.4809 	 1 
42.4809 	 0 
42.6086 	 2 
42.6086 	 1 
42.6086 	 0 
42.7363 	 2 
42.7363 	 1 
42.7363 	 0 
42.8756 	 0 
42.8756 	 1 
42.8756 	 2 
42.9917 	 1 
43.0034 	 0 
43.0034 	 2 
43.2588 	 1 
43.2588 	 2 
43.2588 	 0 
43.3865 	 0 
43.3865 	 1 
43.3865 	 2 
43.5258 	 1 
43.5258 	 2 
43.5258 	 0 
43.7812 	 0 
43.7812 	 2 
43.7812 	 1 
44.0483 	 2 
44.0483 	 1 
44.0483 	 0 
44.1644 	 2 
44.1760 	 1 
44.3037 	 2 
44.3037 	 1 
44.3037 	 0 
44.5591 	 1 
44.5707 	 0 
44.5707 	 2 
44.6868 	 0 
44.6984 	 2 
44.6984 	 1 
44.8145 	 1 
44.8261 	 0 
44.8261 	 2 
45.0815 	 1 
45.0815 	 2 
45.0932 	 0 
45.3370 	 0 
45.3370 	 2 
45.3486 	 1 
45.4763 	 2 
45.4763 	 0 
45.4763 	 1 
45.6040 	 2 
45.6040 	 1 
45.6156 	 0 
45.8594 	 1 
45.8710 	 0 
45.8710 	 2 
46.1380 	 2 
46.1380 	 0 
46.1380 	 1 
46.2425 	 0 
46.2541 	 1 
46.3819 	 0 
46.3819 	 1 
46.3819 	 2 
46.5212 	 1 
46.5212 	 2 
46.5328 	 0 
46.6489 	 2 
46.6489 	 1 
46.6605 	 0 
46.7766 	 0 
46.7766 	 1 
46.7766 	 2 
46.9043 	 1 
46.9043 	 2 
46.9159 	 0 
47.0436 	 1 
47.1713 	 1 
47.1713 	 2 
47.1713 	 0 
47.3223 	 1 
47.4268 	 0 
47.4268 	 2 
47.4384 	 1 
47.5661 	 0 
47.5661 	 2 
47.5661 	 1 
47.6938 	 1 
47.6938 	 2 
47.6938 	 0 
47.9492 	 1 
47.9608 	 0 
47.9608 	 2 
48.2162 	 1 
48.2162 	 0 
48.2162 	 2 
48.4833 	 1 
48.4833 	 0 
48.4833 	 2 
48.7387 	 2 
48.7387 	 1 
48.7503 	 0 
48.8664 	 0 
48.8664 	 1 
48.8780 	 2 
48.9941 	 2 
48.9941 	 0 
49.0057 	 1 
49.2611 	 2 
49.2611 	 0 
49.2611 	 1 
49.5166 	 0 
49.5166 	 2 
49.5166 	 1 
49.6559 	 0 
49.6559 	 2 
49.6559 	 1 
49.7836 	 1 
49.7836 	 0 
49.7836 	 2 
50.0390 	 0 
50.0390 	 2 
50.0506 	 1 
50.3060 	 2 
50.3060 	 1 
50.3176 	 0 
50.3641 	 1 
50.4221 	 0 
50.4221 	 2 
50.4337 	 1 
50.5615 	 0 
50.5615 	 2 
50.5615 	 1 
50.7008 	 0 
50.7008 	 1 
50.7008 	 2 
50.7588 	 1 
50.8285 	 0 
50.8285 	 2 
50.8285 	 1 
50.9562 	 0 
50.9562 	 1 
50.9562 	 2 
51.0839 	 2 
51.0839 	 0 
51.0839 	 1 
51.3509 	 0 
51.3509 	 2 
51.3509 	 1 
51.4902 	 0 
51.5019 	 1 
51.5019 	 2 
51.6063 	 0 
51.6063 	 1 
51.6063 	 2 
51.7341 	 0 
51.7341 	 2 
51.7457 	 1 
51.8734 	 0 
51.8734 	 2 
51.8734 	 1 
52.1288 	 1 
52.1288 	 2 
52.1288 	 0 
52.3958 	 1 
52.3958 	 2 
52.3958 	 0 
52.6512 	 1 
52.6512 	 2 
52.6512 	 0 
52.9183 	 2 
52.9183 	 0 
52.9183 	 1 
53.0344 	 0 
53.0460 	 2 
53.0460 	 1 
53.1737 	 1 
53.1737 	 0 
53.1853 	 2 
53.4407 	 2 
53.4407 	 1 
53.4407 	 0 
53.6961 	 1 
53.6961 	 2 
53.6961 	 0 
53.8239 	 2 
53.8239 	 0 
53.8239 	 1 
53.9516 	 2 
53.9516 	 0 
53.9516 	 1 
54.2186 	 2 
54.2186 	 0 
54.2186 	 1 
54.4856 	 2 
54.4856 	 0 
54.4856 	 1 
54.5321 	 1 
54.5901 	 0 
54.6017 	 1 
54.6017 	 2 
54.7410 	 1 
54.7410 	 0 
54.7410 	 2 
54.8688 	 1 
54.8688 	 2 
54.8804 	 0 
54.9965 	 0 
54.9965 	 2 
54.9965 	 1 
55.1242 	 1 
55.1358 	 0 
55.1358 	 2 
55.2519 	 1 
55.2519 	 0 
55.2519 	 2 
55.5189 	 1 
55.5189 	 0 
55.5189 	 2 
55.6582 	 1 
55.7743 	 2 
55.7743 	 1 
55.7859 	 0 
55.9137 	 2 
55.9137 	 0 
55.9137 	 1 
56.0414 	 2 
56.0414 	 0 
56.0414 	 1 
56.3084 	 2 
56.3084 	 0 
56.3084 	 1 
56.5638 	 2 
56.5638 	 0 
56.5754 	 1 
56.8308 	 1 
56.8308 	 2 
56.8308 	 0 
56.9934 	 2 
57.0863 	 2 
57.0863 	 1 
57.0979 	 0 
57.2140 	 1 
57.2140 	 0 
57.2256 	 2 
57.3417 	 2 
57.3417 	 0 
57.3533 	 1 
57.6087 	 2 
57.6087 	 1 
57.6087 	 0 
57.7364 	 1 
57.8641 	 1 
57.8641 	 2 
57.8757 	 0 
57.9918 	 1 
58.0034 	 2 
58.0034 	 0 
58.1312 	 0 
58.1312 	 2 
58.1312 	 1 
58.3866 	 0 
58.3866 	 2 
58.3982 	 1 
58.6536 	 0 
58.6536 	 1 
58.6652 	 2 
58.7117 	 1 
58.7581 	 0 
58.7697 	 2 
58.7697 	 1 
58.9090 	 2 
58.9090 	 0 
58.9090 	 1 
59.0367 	 2 
59.0483 	 0 
59.0483 	 1 
59.1761 	 0 
59.1761 	 2 
59.1761 	 1 
59.2922 	 2 
59.3038 	 1 
59.3154 	 0 
59.4315 	 2 
59.4315 	 0 
59.4315 	 1 
59.6405 	 1 
59.6521 	 2 
59.6985 	 0 
59.6985 	 1 
59.6985 	 2 
59.8494 	 2 
59.8494 	 1 
59.8494 	 0 
59.9539 	 1 
59.9655 	 0 
59.9655 	 2 
60.0816 	 0 
60.0932 	 1 
60.0932 	 2 
60.2210 	 0 
60.2210 	 2 
60.2210 	 1 
60.4764 	 0 
60.4764 	 1 
60.4880 	 2 
60.7318 	 0 
60.7318 	 1 
60.7318 	 2 
60.9988 	 1 
60.9988 	 2 
60.9988 	 0 
61.2659 	 2 
61.2659 	 0 
61.2659 	 1 
61.3820 	 0 
61.3936 	 2 
61.3936 	 1 
61.5213 	 2 
61.5213 	 1 
61.5213 	 0 
61.7883 	 1 
61.7883 	 2 
61.7883 	 0 
62.0437 	 1 
62.0437 	 2 
62.0437 	 0 
62.1714 	 2 
62.1714 	 0 
62.1714 	 1 
62.2991 	 0 
62.2991 	 1 
62.3107 	 2 
62.5662 	 0 
62.5662 	 1 
62.5662 	 2 
62.8332 	 1 
62.8332 	 2 
62.8332 	 0 
62.8796 	 1 
62.9377 	 0 
62.9493 	 2 
62.9493 	 1 
63.0886 	 2 
63.0886 	 1 
63.0886 	 0 
63.2163 	 2 
63.2163 	 1 
63.2279 	 0 
63.3440 	 0 
63.3440 	 1 
63.3440 	 2 
63.5995 	 0 
63.5995 	 1 
63.5995 	 2 
63.8665 	 1 
63.8665 	 2 
63.8781 	 0 
64.1219 	 1 
64.1219 	 2 
64.1219 	 0 
64.3889 	 1 
64.4005 	 2 
64.6444 	 1 
64.6560 	 0 
64.6560 	 2 
64.9114 	 2 
64.9114 	 1 
64.9114 	 0 
65.1668 	 0 
65.1668 	 1 
65.1784 	 2 
65.4338 	 2 
65.4338 	 1 
65.4338 	 0 
65.6893 	 2 
65.7009 	 1 
65.7009 	 0 
65.9563 	 1 
66.2117 	 2 
66.2233 	 0 
66.2233 	 1 
66.7341 	 2 
66.7458 	 1 
66.7458 	 0 
67.2566 	 1 
67.2566 	 2 
67.2682 	 0 
67.5236 	 1 
67.5236 	 0 
67.5236 	 2 
67.7790 	 2 
67.7790 	 1 
67.7790 	 0 
67.9184 	 1 
67.9184 	 2 
68.0461 	 2 
68.0461 	 1 
68.0461 	 0 
68.3015 	 2 
68.3015 	 0 
68.3015 	 1 
68.4408 	 1 
68.5685 	 2 
68.5801 	 0 
68.5801 	 1 
68.8239 	 2 
68.8239 	 0 
68.8239 	 1 
68.9633 	 1 
69.0794 	 0 
69.0794 	 2 
69.0910 	 1 
69.3464 	 0 
69.3464 	 1 
69.3464 	 2 
69.4857 	 1 
69.6134 	 1 
69.7411 	 1 
69.8688 	 1 
69.8688 	 0 
69.8688 	 2 
70.1359 	 1 
70.1359 	 0 
70.3913 	 0 
70.3913 	 1 
70.3913 	 2 
70.6583 	 0 
70.6583 	 1 
70.9137 	 1 
70.9137 	 2 
70.9137 	 0 
71.0415 	 1 
71.1692 	 1 
71.1808 	 2 
71.1808 	 0 
71.2969 	 1 
71.4362 	 0 
71.4362 	 1 
71.4362 	 2 
71.5755 	 1 
71.6916 	 1 
71.7032 	 2 
71.7032 	 0 
71.8309 	 1 
71.9586 	 0 
71.9586 	 2 
71.9586 	 1 
72.0863 	 1 
72.2141 	 1 
72.2141 	 0 
72.2257 	 2 
72.4695 	 2 
72.4811 	 1 
72.4811 	 0 
72.6204 	 1 
72.7365 	 2 
72.7481 	 1 
72.7481 	 0 
72.9919 	 2 
72.9919 	 0 
73.0035 	 1 
73.1429 	 1 
73.2590 	 2 
73.2706 	 1 
73.2706 	 0 
73.5144 	 2 
73.5144 	 1 
73.5260 	 0 
73.6537 	 1 
73.7814 	 1 
73.7814 	 2 
73.7930 	 0 
74.0368 	 1 
74.0484 	 0 
74.0484 	 2 
74.3039 	 1 
74.3039 	 2 
74.3039 	 0 
74.5593 	 0 
74.5593 	 2 
74.5593 	 1 
74.7102 	 1 
74.8263 	 1 
74.8263 	 2 
74.8263 	 0 
75.0817 	 1 
75.0817 	 2 
75.0933 	 0 
75.3488 	 1 
75.3604 	 0 
75.3604 	 2 
75.6042 	 1 
75.6042 	 0 
75.6042 	 2 
75.8828 	 1 
76.1266 	 2 
76.1266 	 1 
76.1266 	 0 
76.6607 	 0 
76.6607 	 2 
76.6607 	 1 
77.1715 	 0 
77.1715 	 2 
77.1831 	 1 
77.6940 	 1 
77.6940 	 2 
77.6940 	 0 
77.9146 	 1 
78.2164 	 2 
78.2164 	 0 
78.2164 	 1 
78.5879 	 1 
78.7389 	 1 
78.7389 	 2 
78.7389 	 0 
79.2613 	 2 
79.2613 	 1 
79.2613 	 0 
80.7938 	 1 
83.9517 	 1 
83.9517 	 2 
83.9634 	 0 
84.0911 	 1 
84.0911 	 0 
84.0911 	 2 
84.1375 	 1 
84.2188 	 1 
84.2188 	 0 
84.2188 	 2 
84.3465 	 0 
84.3465 	 2 
84.3465 	 1 
84.4742 	 2 
84.4742 	 1 
84.4742 	 0 
84.7296 	 2 
84.7296 	 1 
84.7412 	 0 
84.9618 	 1 
84.9966 	 2 
85.0083 	 0 
85.0083 	 1 
85.1360 	 2 
85.1360 	 1 
85.1360 	 0 
85.2637 	 2 
85.2637 	 1 
85.2753 	 0 
85.5191 	 1 
85.5191 	 2 
85.5307 	 0 
85.7861 	 0 
85.7861 	 1 
85.7861 	 2 
85.9022 	 1 
85.9022 	 2 
85.9022 	 0 
85.9719 	 1 
86.0299 	 1 
86.0415 	 2 
86.0415 	 0 
86.2970 	 2 
86.3086 	 0 
86.3086 	 1 
86.4363 	 1 
86.4363 	 2 
86.4363 	 0 
86.5640 	 2 
86.5640 	 1 
86.5640 	 0 
86.8194 	 1 
86.8310 	 2 
86.8310 	 0 
87.0864 	 0 
87.0864 	 2 
87.0864 	 1 
87.2141 	 2 
87.2141 	 0 
87.2141 	 1 
87.3419 	 2 
87.3419 	 0 
87.3419 	 1 
87.6089 	 1 
87.6089 	 2 
87.6089 	 0 
87.8643 	 0 
87.8759 	 2 
87.8759 	 1 
87.9224 	 1 
87.9804 	 1 
87.9804 	 0 
87.9920 	 2 
88.1313 	 1 
88.1313 	 2 
88.1313 	 0 
88.2590 	 2 
88.2707 	 0 
88.2707 	 1 
88.3868 	 2 
88.3868 	 1 
88.3984 	 0 
88.5145 	 1 
88.5145 	 2 
88.5261 	 0 
88.6422 	 1 
88.6422 	 2 
88.6538 	 0 
88.9092 	 1 
88.9092 	 2 
88.9208 	 0 
89.0369 	 1 
89.1646 	 2 
89.1762 	 1 
89.1762 	 0 
89.3039 	 2 
89.3039 	 0 
89.3039 	 1 
89.4317 	 2 
89.4317 	 0 
89.4317 	 1 
89.6871 	 1 
89.6987 	 2 
89.6987 	 0 
89.9541 	 2 
89.9541 	 0 
89.9541 	 1 
90.2095 	 1 
90.2211 	 0 
90.2211 	 2 
90.4766 	 2 
90.4766 	 1 
90.4882 	 0 
90.6043 	 1 
90.6043 	 0 
90.6159 	 2 
90.7320 	 1 
90.7436 	 0 
90.7436 	 2 
90.9990 	 1 
90.9990 	 2 
91.0106 	 0 
91.2544 	 1 
91.2544 	 2 
91.2660 	 0 
91.3937 	 1 
91.3937 	 0 
91.3937 	 2 
91.5215 	 0 
91.5215 	 2 
91.5215 	 1 
91.7769 	 1 
91.7769 	 0 
91.7885 	 2 
92.0439 	 0 
92.0439 	 2 
92.0555 	 1 
92.1020 	 1 
92.1600 	 0 
92.1600 	 2 
92.1716 	 1 
92.2993 	 1 
92.2993 	 2 
92.2993 	 0 
92.4270 	 2 
92.4386 	 1 
92.4386 	 0 
92.4967 	 1 
92.5663 	 1 
92.5663 	 0 
92.5663 	 2 
92.6941 	 1 
92.6941 	 0 
92.6941 	 2 
92.8218 	 0 
92.8218 	 2 
92.8218 	 1 
92.9379 	 2 
92.9495 	 0 
92.9611 	 1 
93.0772 	 2 
93.0888 	 1 
93.0888 	 0 
93.3442 	 0 
93.3442 	 2 
93.3442 	 1 
93.4835 	 0 
93.4835 	 2 
93.4835 	 1 
93.6112 	 2 
93.6112 	 1 
93.6229 	 0 
93.8667 	 1 
93.8667 	 2 
93.8783 	 0 
94.1221 	 1 
94.1337 	 2 
94.1337 	 0 
94.2266 	 1 
94.2498 	 0 
94.2614 	 1 
94.3311 	 1 
94.3891 	 1 
94.3891 	 2 
94.4007 	 0 
94.6561 	 1 
94.6561 	 0 
94.6561 	 2 
94.7839 	 0 
94.7839 	 1 
94.7839 	 2 
94.9116 	 0 
94.9116 	 2 
94.9116 	 1 
95.1786 	 0 
95.1786 	 1 
95.1786 	 2 
95.4340 	 0 
95.4340 	 1 
95.4340 	 2 
95.5617 	 0 
95.5617 	 1 
95.5617 	 2 
95.6894 	 1 
95.7010 	 0 
95.7010 	 2 
95.9565 	 2 
95.9565 	 1 
95.9565 	 0 
96.2235 	 0 
96.2235 	 2 
96.2235 	 1 
96.2699 	 1 
96.3396 	 2 
96.3396 	 0 
96.3396 	 1 
96.4789 	 0 
96.4789 	 1 
96.4789 	 2 
96.6066 	 1 
96.6066 	 2 
96.6182 	 0 
96.7343 	 2 
96.7459 	 0 
96.7459 	 1 
96.8737 	 2 
96.8737 	 0 
96.8737 	 1 
96.9898 	 1 
97.0014 	 0 
97.0014 	 2 
97.2568 	 2 
97.2568 	 1 
97.2684 	 0 
97.3961 	 1 
97.5238 	 1 
97.5238 	 0 
97.5238 	 2 
97.6515 	 2 
97.6515 	 1 
97.6515 	 0 
97.7792 	 2 
97.7792 	 1 
97.7792 	 0 
98.0346 	 1 
98.0463 	 0 
98.0463 	 2 
98.3017 	 0 
98.3017 	 1 
98.3017 	 2 
98.5571 	 1 
98.5687 	 0 
98.5687 	 2 
98.8241 	 2 
98.8241 	 1 
98.8357 	 0 
98.9518 	 0 
98.9518 	 1 
98.9634 	 2 
99.0795 	 1 
99.0912 	 2 
99.0912 	 0 
99.3466 	 1 
99.3466 	 0 
99.3582 	 2 
99.4859 	 1 
99.6020 	 2 
99.6136 	 1 
99.6136 	 0 
99.7413 	 1 
99.7413 	 0 
99.7413 	 2 
99.8690 	 2 
99.8690 	 1 
99.8690 	 0 
100.1244 	 1 
100.1244 	 0 
100.1361 	 2 
100.3915 	 1 
100.3915 	 2 
100.4031 	 0 
100.4495 	 1 
100.5076 	 0 
100.5076 	 2 
100.5076 	 1 
100.6469 	 2 
100.6469 	 0 
100.6469 	 1 
100.7862 	 0 
100.7862 	 1 
100.7862 	 2 
100.9139 	 2 
100.9139 	 0 
100.9139 	 1 
101.0416 	 0 
101.0416 	 1 
101.0416 	 2 
101.1693 	 1 
101.1693 	 0 
101.1693 	 2 
101.3899 	 1 
101.4364 	 2 
101.4364 	 0 
101.4364 	 1 
101.6454 	 1 
101.6570 	 0 
101.6918 	 1 
101.7034 	 0 
101.7034 	 2 
101.8311 	 0 
101.8311 	 2 
101.8311 	 1 
101.9588 	 0 
101.9588 	 1 
101.9588 	 2 
102.2142 	 0 
102.2142 	 1 
102.2142 	 2 
102.4813 	 2 
102.4813 	 1 
102.4813 	 0 
102.7367 	 2 
102.7367 	 1 
102.7367 	 0 
102.8876 	 1 
103.0037 	 1 
103.0037 	 0 
103.0037 	 2 
103.1314 	 2 
103.1314 	 0 
103.1314 	 1 
103.2591 	 1 
103.2591 	 2 
103.2707 	 0 
103.5146 	 1 
103.5146 	 2 
103.5262 	 0 
103.6423 	 2 
103.6423 	 1 
103.6423 	 0 
103.7816 	 2 
103.7816 	 0 
103.7816 	 1 
103.9093 	 2 
103.9093 	 1 
103.9093 	 0 
104.0370 	 1 
104.0370 	 2 
104.0486 	 0 
104.3040 	 0 
104.3040 	 2 
104.3040 	 1 
104.5711 	 1 
104.5711 	 0 
104.5711 	 2 
104.6291 	 1 
104.6872 	 0 
104.6872 	 1 
104.6872 	 2 
104.8265 	 1 
104.8265 	 2 
104.8265 	 0 
104.9542 	 2 
104.9542 	 1 
104.9658 	 0 
105.0819 	 2 
105.0819 	 1 
105.0935 	 0 
105.2096 	 1 
105.2212 	 2 
105.2212 	 0 
105.3373 	 1 
105.3373 	 2 
105.3373 	 0 
105.6044 	 1 
105.6044 	 2 
105.6160 	 0 
105.7321 	 1 
105.8598 	 2 
105.8598 	 1 
105.8714 	 0 
105.9991 	 1 
105.9991 	 2 
105.9991 	 0 
106.1268 	 1 
106.1268 	 0 
106.1268 	 2 
106.3938 	 0 
106.3938 	 2 
106.3938 	 1 
106.6493 	 1 
106.6493 	 2 
106.6609 	 0 
106.9163 	 1 
106.9163 	 0 
106.9163 	 2 
107.1717 	 2 
107.1717 	 0 
107.1717 	 1 
107.2994 	 1 
107.2994 	 0 
107.3110 	 2 
107.4271 	 1 
107.4387 	 0 
107.4387 	 2 
107.6941 	 0 
107.6941 	 1 
107.6941 	 2 
107.9496 	 1 
107.9496 	 2 
107.9612 	 0 
108.0889 	 1 
108.0889 	 2 
108.0889 	 0 
108.2166 	 2 
108.2166 	 1 
108.2166 	 0 
108.4720 	 2 
108.4720 	 1 
108.4836 	 0 
108.7507 	 2 
108.7507 	 0 
108.7507 	 1 
108.7971 	 1 
108.8551 	 0 
108.8668 	 2 
108.8668 	 1 
108.9945 	 2 
108.9945 	 1 
108.9945 	 0 
109.1338 	 0 
109.1338 	 1 
109.1338 	 2 
109.2615 	 0 
109.2615 	 1 
109.2615 	 2 
109.3892 	 1 
109.3892 	 0 
109.3892 	 2 
109.5169 	 1 
109.5169 	 0 
109.5169 	 2 
109.7839 	 0 
109.7839 	 2 
109.7839 	 1 
110.0394 	 2 
110.0394 	 1 
110.0394 	 0 
110.1787 	 0 
110.1787 	 2 
110.1787 	 1 
110.3064 	 1 
110.3064 	 0 
110.3064 	 2 
110.5618 	 0 
110.5618 	 2 
110.5618 	 1 
110.8172 	 2 
110.8288 	 1 
110.8288 	 0 
111.0843 	 2 
111.0843 	 0 
111.0843 	 1 
111.3513 	 1 
111.3513 	 2 
111.3629 	 0 
111.4790 	 0 
111.4790 	 2 
111.4790 	 1 
111.6067 	 1 
111.6067 	 2 
111.6183 	 0 
111.8737 	 0 
111.8737 	 2 
111.8737 	 1 
112.1292 	 0 
112.1292 	 1 
112.1292 	 2 
112.2569 	 0 
112.2569 	 2 
112.2569 	 1 
112.3962 	 0 
112.3962 	 2 
112.3962 	 1 
112.6516 	 0 
112.6516 	 2 
112.6516 	 1 
112.9186 	 2 
112.9186 	 1 
112.9186 	 0 
112.9651 	 1 
113.0231 	 0 
113.0347 	 2 
113.0347 	 1 
113.1624 	 0 
113.1741 	 2 
113.1741 	 1 
113.3018 	 2 
113.3018 	 1 
113.3134 	 0 
113.4295 	 2 
113.4295 	 1 
113.4411 	 0 
113.6849 	 2 
113.6965 	 1 
113.6965 	 0 
113.9519 	 0 
113.9519 	 1 
113.9519 	 2 
114.2073 	 1 
114.2073 	 0 
114.2073 	 2 
114.4744 	 2 
114.4744 	 1 
114.7298 	 1 
114.7414 	 2 
114.7414 	 0 
114.9968 	 1 
114.9968 	 2 
115.0084 	 0 
115.2522 	 1 
115.2639 	 2 
115.2639 	 0 
115.5193 	 1 
115.5193 	 2 
115.5193 	 0 
115.7747 	 2 
115.7747 	 1 
115.7863 	 0 
116.0417 	 1 
116.0417 	 2 
116.0417 	 0 
116.2971 	 0 
116.2971 	 2 
116.3088 	 1 
116.4249 	 2 
116.4365 	 0 
116.4365 	 1 
116.5526 	 2 
116.5642 	 0 
116.5642 	 1 
116.8196 	 1 
116.8196 	 0 
116.8312 	 2 
139.2501 	 1 
146.4831 	 1 
150.7439 	 1 
150.7439 	 0 
150.7439 	 2 
150.8717 	 0 
150.8717 	 1 
150.8717 	 2 
150.9181 	 1 
150.9413 	 1 
150.9994 	 2 
151.0110 	 1 
151.0110 	 0 
151.1271 	 0 
151.1387 	 2 
151.1387 	 1 
151.2548 	 2 
151.2548 	 0 
151.2548 	 1 
151.3941 	 1 
151.5218 	 0 
151.5218 	 2 
151.5218 	 1 
151.7424 	 1 
151.7656 	 0 
151.7772 	 1 
151.7772 	 2 
151.7888 	 0 
151.9166 	 0 
151.9166 	 2 
151.9166 	 1 
152.0443 	 1 
152.0443 	 2 
152.0559 	 0 
152.2997 	 2 
152.2997 	 1 
152.3113 	 0 
152.5551 	 1 
152.5667 	 2 
152.5667 	 0 
152.6828 	 1 
152.6828 	 2 
152.6944 	 0 
152.8105 	 1 
152.8221 	 2 
152.8221 	 0 
153.0892 	 1 
153.0892 	 2 
153.0892 	 0 
153.2169 	 0 
153.2169 	 1 
153.2169 	 2 
153.3446 	 1 
153.3446 	 0 
153.3562 	 2 
153.6116 	 1 
153.6116 	 2 
153.6116 	 0 
153.8670 	 1 
153.8670 	 0 
153.8670 	 2 
153.9947 	 0 
153.9947 	 1 
153.9947 	 2 
154.1341 	 1 
154.1341 	 0 
154.1341 	 2 
154.3895 	 0 
154.3895 	 1 
154.3895 	 2 
154.6565 	 2 
154.6565 	 1 
154.6681 	 0 
154.7146 	 1 
154.7610 	 0 
154.7726 	 2 
154.7726 	 1 
154.9119 	 2 
154.9119 	 0 
154.9119 	 1 
155.0396 	 2 
155.0512 	 1 
155.0512 	 0 
155.1673 	 2 
155.1790 	 1 
155.1790 	 0 
155.2951 	 2 
155.3067 	 1 
155.3067 	 0 
155.4228 	 1 
155.4344 	 0 
155.4344 	 2 
155.6898 	 1 
155.6898 	 2 
155.7014 	 0 
155.9568 	 0 
155.9568 	 2 
155.9568 	 1 
156.0845 	 0 
156.0845 	 2 
156.0845 	 1 
156.2122 	 1 
156.2122 	 2 
156.2239 	 0 
156.4793 	 2 
156.4793 	 1 
156.4793 	 0 
156.7347 	 1 
156.7347 	 2 
156.7347 	 0 
156.9901 	 1 
157.0017 	 0 
157.0017 	 2 
157.2571 	 1 
157.2571 	 2 
157.2688 	 0 
157.3849 	 1 
157.3965 	 0 
157.3965 	 2 
157.5242 	 0 
157.5242 	 1 
157.5242 	 2 
157.7796 	 2 
157.7796 	 1 
157.7912 	 0 
158.0466 	 2 
158.0466 	 1 
158.0466 	 0 
158.1743 	 2 
158.1743 	 1 
158.1743 	 0 
158.3020 	 0 
158.3020 	 2 
158.3020 	 1 
158.5575 	 1 
158.5691 	 0 
158.5691 	 2 
158.8245 	 2 
158.8361 	 0 
158.8361 	 1 
158.8825 	 1 
158.9406 	 0 
158.9522 	 1 
158.9522 	 2 
159.0799 	 0 
159.0799 	 1 
159.0799 	 2 
159.2192 	 1 
159.2192 	 2 
159.2192 	 0 
159.3469 	 1 
159.3469 	 2 
159.3469 	 0 
159.4746 	 2 
159.4746 	 1 
159.4746 	 0 
159.6024 	 1 
159.6024 	 0 
159.6024 	 2 
159.7185 	 2 
159.7301 	 0 
159.7417 	 1 
159.7881 	 1 
159.8694 	 1 
159.8694 	 2 
159.8694 	 0 
160.1248 	 1 
160.1248 	 2 
160.1364 	 0 
160.2641 	 2 
160.2641 	 1 
160.2641 	 0 
160.3918 	 1 
160.3918 	 2 
160.4034 	 0 
160.6473 	 1 
160.6473 	 2 
160.6589 	 0 
160.9027 	 1 
160.9143 	 2 
160.9143 	 0 
161.0072 	 1 
161.0304 	 0 
161.0304 	 2 
161.0536 	 1 
161.1233 	 1 
161.1697 	 2 
161.1813 	 0 
161.1813 	 1 
161.4367 	 1 
161.4367 	 2 
161.4367 	 0 
161.5644 	 1 
161.5644 	 0 
161.5761 	 2 
161.6922 	 0 
161.6922 	 1 
161.6922 	 2 
161.9592 	 1 
161.9592 	 2 
161.9592 	 0 
162.2146 	 2 
162.2146 	 0 
162.2146 	 1 
162.3423 	 1 
162.3423 	 2 
162.3423 	 0 
162.4816 	 0 
162.4816 	 1 
162.4816 	 2 
162.7371 	 2 
162.7371 	 0 
162.7371 	 1 
163.0041 	 2 
163.0041 	 0 
163.0041 	 1 
163.0505 	 1 
163.1086 	 0 
163.1202 	 2 
163.1202 	 1 
163.2595 	 2 
163.2595 	 1 
163.2595 	 0 
163.3872 	 2 
163.3872 	 1 
163.3988 	 0 
163.5149 	 2 
163.5149 	 1 
163.5265 	 0 
163.6542 	 0 
163.6542 	 2 
163.6542 	 1 
163.7703 	 1 
163.7820 	 0 
163.7820 	 2 
164.0374 	 2 
164.0490 	 0 
164.0490 	 1 
164.1883 	 1 
164.3044 	 2 
164.3044 	 1 
164.3044 	 0 
164.4321 	 1 
164.4321 	 2 
164.4321 	 0 
164.5598 	 1 
164.5598 	 2 
164.5714 	 0 
164.8268 	 1 
164.8268 	 2 
164.8268 	 0 
165.0823 	 2 
165.0823 	 1 
165.0939 	 0 
165.3377 	 1 
165.3493 	 2 
165.3493 	 0 
165.6047 	 1 
165.6047 	 2 
165.6163 	 0 
165.7324 	 0 
165.7324 	 1 
165.7440 	 2 
165.8717 	 2 
165.8717 	 1 
165.8717 	 0 
166.1272 	 1 
166.1388 	 2 
166.1388 	 0 
166.3826 	 1 
166.3942 	 2 
166.3942 	 0 
166.5219 	 2 
166.5219 	 0 
166.5219 	 1 
166.6496 	 1 
166.6496 	 2 
166.6496 	 0 
166.9050 	 1 
166.9166 	 0 
166.9166 	 2 
167.1721 	 2 
167.1837 	 0 
167.1837 	 1 
167.2882 	 0 
167.2998 	 1 
167.2998 	 2 
167.4275 	 2 
167.4275 	 0 
167.4275 	 1 
167.5668 	 2 
167.5668 	 1 
167.5784 	 0 
167.6945 	 2 
167.6945 	 1 
167.6945 	 0 
167.8222 	 2 
167.8222 	 0 
167.8222 	 1 
167.9499 	 1 
167.9499 	 2 
167.9499 	 0 
168.2170 	 1 
168.2170 	 2 
168.2170 	 0 
168.4376 	 1 
168.4724 	 0 
168.4724 	 1 
168.4724 	 2 
168.6117 	 2 
168.6117 	 1 
168.6117 	 0 
168.7394 	 0 
168.7394 	 1 
168.7394 	 2 
168.9948 	 0 
168.9948 	 1 
169.0064 	 2 
169.2502 	 1 
169.2619 	 2 
169.2619 	 0 
169.5173 	 2 
169.5289 	 0 
169.5289 	 1 
169.7843 	 2 
169.7843 	 1 
169.7843 	 0 
169.9120 	 1 
169.9120 	 0 
169.9120 	 2 
170.0397 	 1 
170.0397 	 0 
170.0397 	 2 
170.2951 	 0 
170.3068 	 2 
170.3068 	 1 
170.4229 	 0 
170.4229 	 2 
170.4345 	 1 
170.5622 	 1 
170.5622 	 0 
170.5622 	 2 
170.6899 	 1 
170.6899 	 2 
170.6899 	 0 
170.8292 	 1 
170.8292 	 0 
170.8292 	 2 
171.0846 	 0 
171.0846 	 2 
171.0846 	 1 
171.3517 	 0 
171.3517 	 2 
171.3517 	 1 
171.4561 	 0 
171.4678 	 1 
171.6071 	 2 
171.6071 	 1 
171.6071 	 0 
171.7348 	 1 
171.7464 	 2 
171.7464 	 0 
171.8741 	 2 
171.8741 	 0 
171.8741 	 1 
171.9902 	 2 
172.0018 	 1 
172.0018 	 0 
172.1179 	 2 
172.1295 	 1 
172.1295 	 0 
172.3849 	 1 
172.3849 	 2 
172.3966 	 0 
172.6520 	 2 
172.6520 	 0 
172.6520 	 1 
172.7797 	 2 
172.7797 	 1 
172.7797 	 0 
172.9074 	 1 
172.9190 	 0 
172.9190 	 2 
173.1744 	 0 
173.1744 	 1 
173.1744 	 2 
173.4298 	 0 
173.4298 	 1 
173.4298 	 2 
173.6969 	 1 
173.6969 	 2 
173.6969 	 0 
173.9523 	 1 
173.9523 	 0 
173.9523 	 2 
174.0800 	 1 
174.0800 	 0 
174.0916 	 2 
174.2193 	 0 
174.2193 	 2 
174.2193 	 1 
174.4747 	 2 
174.4747 	 1 
174.4863 	 0 
174.6024 	 1 
174.7418 	 1 
174.7418 	 0 
174.7418 	 2 
174.8695 	 0 
174.8695 	 1 
174.8695 	 2 
174.9972 	 1 
174.9972 	 2 
174.9972 	 0 
175.2642 	 1 
175.2642 	 0 
175.2642 	 2 
175.5196 	 1 
175.5196 	 0 
175.5312 	 2 
175.6357 	 0 
175.6357 	 1 
175.7751 	 0 
175.7751 	 2 
176.2975 	 1 
176.8200 	 0 
176.8316 	 1 
176.8316 	 2 
177.3424 	 0 
177.3540 	 1 
177.3540 	 2 
177.8765 	 2 
177.8765 	 1 
177.8765 	 0 
178.3873 	 2 
178.3989 	 1 
178.3989 	 0 
178.9098 	 0 
178.9098 	 2 
178.9098 	 1 
179.4322 	 1 
179.4438 	 0 
179.4438 	 2 
179.9546 	 1 
179.9546 	 0 
179.9663 	 2 
180.4771 	 2 
180.4771 	 0 
180.4771 	 1 
180.9995 	 0 
180.9995 	 2 
181.0112 	 1 
181.5220 	 1 
181.5220 	 0 
181.5220 	 2 
