1.5441 	 2 
1.5557 	 1 
1.6951 	 1 
1.7995 	 2 
2.0666 	 2 
2.3336 	 2 
2.5542 	 2 
3.4598 	 2 
3.7500 	 1 
3.8313 	 2 
4.1332 	 2 
4.3654 	 2 
4.6440 	 2 
5.6424 	 1 
5.7934 	 1 
5.8979 	 2 
6.1417 	 1 
6.1649 	 2 
6.4319 	 2 
7.3607 	 2 
7.5697 	 2 
7.9761 	 2 
8.2199 	 2 
8.4637 	 2 
8.5914 	 2 
8.7423 	 2 
8.8700 	 2 
8.8700 	 0 
9.1254 	 0 
9.3809 	 0 
9.7640 	 0 
10.2400 	 2 
10.7392 	 2 
10.9134 	 2 
10.9250 	 0 
11.1688 	 0 
11.2501 	 2 
11.4242 	 0 
11.5403 	 2 
11.6100 	 2 
11.6680 	 2 
11.8190 	 2 
12.0395 	 2 
12.3182 	 2 
12.5736 	 2 
12.7013 	 2 
12.8406 	 2 
12.9683 	 0 
14.1061 	 2 
14.3615 	 2 
14.6402 	 2 
14.8608 	 2 
15.0233 	 0 
15.2787 	 0 
15.7663 	 2 
15.9173 	 2 
16.1495 	 2 
16.4281 	 2 
16.6719 	 2 
16.7996 	 2 
16.9390 	 2 
17.0667 	 0 
17.3221 	 0 
17.9606 	 2 
18.1000 	 1 
18.2161 	 2 
18.3438 	 2 
18.4831 	 2 
18.4831 	 1 
18.6108 	 0 
18.7385 	 2 
18.7385 	 1 
18.8546 	 1 
18.9591 	 2 
19.1216 	 0 
19.3771 	 0 
19.6325 	 0 
19.7486 	 2 
19.8763 	 2 
20.0272 	 2 
20.1433 	 1 
20.2362 	 2 
20.5264 	 1 
20.5380 	 2 
20.7702 	 2 
20.8980 	 2 
20.9096 	 1 
21.0373 	 2 
21.1766 	 0 
21.4204 	 0 
21.7339 	 2 
21.7571 	 2 
21.7919 	 2 
22.1983 	 1 
22.3144 	 2 
22.4421 	 2 
22.5814 	 2 
22.5814 	 1 
22.7091 	 0 
22.8484 	 2 
22.9645 	 1 
23.0690 	 2 
23.2316 	 0 
23.8469 	 2 
23.9746 	 2 
24.1255 	 2 
24.2532 	 1 
24.3461 	 2 
24.4042 	 2 
24.6364 	 2 
24.6364 	 1 
24.8802 	 2 
25.0079 	 2 
25.1588 	 2 
25.2749 	 0 
25.9019 	 2 
26.1805 	 2 
26.3082 	 1 
26.4127 	 2 
26.5520 	 2 
26.6913 	 1 
26.6913 	 2 
26.8190 	 0 
27.0629 	 1 
27.1790 	 2 
27.3299 	 0 
27.5853 	 0 
27.6201 	 1 
27.9452 	 2 
28.0729 	 2 
28.2239 	 2 
28.3516 	 1 
28.4444 	 2 
28.7347 	 1 
28.9785 	 2 
29.1062 	 2 
29.1178 	 1 
29.2455 	 2 
29.3849 	 0 
29.6403 	 0 
29.8957 	 2 
30.0118 	 2 
30.2788 	 2 
30.4065 	 1 
30.5226 	 2 
30.6503 	 2 
30.7897 	 1 
30.7897 	 2 
30.9174 	 0 
31.0451 	 2 
31.1612 	 1 
31.2773 	 2 
31.4282 	 0 
31.4630 	 2 
31.6836 	 0 
32.1829 	 2 
32.3338 	 2 
32.4615 	 1 
32.5428 	 2 
32.8330 	 1 
32.8446 	 2 
33.0768 	 2 
33.2045 	 2 
33.2045 	 1 
33.3439 	 2 
33.4832 	 0 
33.7386 	 0 
33.7502 	 1 
33.9940 	 0 
33.9940 	 2 
34.1101 	 2 
34.3771 	 2 
34.5049 	 1 
34.6210 	 1 
34.6210 	 2 
34.7487 	 2 
34.8880 	 1 
34.8880 	 2 
35.0273 	 0 
35.2711 	 1 
35.3756 	 2 
35.5381 	 0 
35.7820 	 0 
36.0490 	 0 
36.1535 	 2 
36.2812 	 2 
36.5598 	 1 
36.6527 	 2 
36.9313 	 1 
37.3029 	 2 
37.3145 	 1 
37.4538 	 2 
37.5815 	 0 
37.8369 	 0 
38.0923 	 0 
38.1039 	 2 
38.2200 	 2 
38.4755 	 2 
38.6148 	 1 
38.7193 	 2 
38.8586 	 2 
38.9863 	 2 
38.9979 	 1 
39.1256 	 0 
39.2533 	 2 
39.2533 	 1 
39.3694 	 1 
39.4739 	 2 
39.6365 	 0 
40.3911 	 2 
40.5420 	 2 
40.6698 	 1 
41.0413 	 1 
41.0529 	 2 
41.2851 	 2 
41.4244 	 1 
41.5637 	 2 
41.6914 	 0 
41.9468 	 0 
42.3184 	 2 
42.7131 	 1 
42.8292 	 2 
42.9569 	 2 
43.0962 	 1 
43.0962 	 2 
43.2239 	 0 
43.3517 	 2 
43.4678 	 1 
43.5839 	 2 
43.7348 	 0 
43.9902 	 0 
44.3617 	 2 
44.4894 	 2 
44.6404 	 2 
44.8610 	 2 
45.1396 	 1 
45.3834 	 2 
45.5111 	 2 
45.5227 	 1 
45.6620 	 2 
46.2658 	 2 
46.3122 	 2 
46.4283 	 2 
46.5676 	 2 
46.6721 	 1 
46.6953 	 2 
46.9275 	 2 
47.0668 	 2 
47.1946 	 2 
47.3339 	 0 
47.4616 	 2 
47.6822 	 2 
47.7402 	 2 
47.9724 	 0 
48.3556 	 2 
48.5878 	 2 
48.7503 	 2 
48.9593 	 2 
49.2495 	 2 
49.4933 	 2 
49.6210 	 2 
49.7720 	 2 
49.8881 	 0 
50.1435 	 0 
50.1551 	 2 
50.3989 	 0 
50.4105 	 2 
50.5150 	 2 
50.6427 	 2 
50.7704 	 1 
50.7937 	 2 
50.7937 	 1 
50.9214 	 1 
51.0259 	 2 
51.1652 	 2 
51.3045 	 2 
51.3045 	 1 
51.4322 	 0 
51.5599 	 2 
51.8385 	 2 
51.9430 	 0 
52.1868 	 0 
52.4539 	 0 
52.5700 	 2 
52.6977 	 2 
52.8370 	 2 
52.9763 	 1 
53.0692 	 2 
53.3478 	 1 
53.3595 	 2 
53.5917 	 2 
53.7194 	 2 
53.7310 	 1 
53.8587 	 2 
53.9980 	 0 
54.2418 	 0 
54.4972 	 1 
54.5088 	 2 
54.5088 	 0 
54.6249 	 2 
54.7527 	 2 
54.8920 	 2 
55.0197 	 1 
55.1358 	 2 
55.2635 	 2 
55.4028 	 2 
55.4028 	 1 
55.5305 	 0 
55.6698 	 2 
55.7743 	 1 
55.8904 	 2 
56.0414 	 0 
56.2968 	 0 
56.5522 	 0 
56.6683 	 2 
56.8076 	 2 
57.1559 	 2 
57.4462 	 1 
57.7132 	 2 
57.8409 	 1 
57.8409 	 2 
58.1079 	 0 
58.3634 	 0 
58.7349 	 2 
58.9903 	 1 
59.0019 	 2 
59.1412 	 1 
59.2457 	 2 
59.3850 	 2 
59.5244 	 1 
59.5244 	 2 
60.6621 	 0 
60.9176 	 0 
62.2179 	 0 
62.8216 	 2 
63.1002 	 2 
63.2279 	 1 
63.3440 	 2 
63.4717 	 2 
63.6111 	 1 
63.6111 	 2 
63.7388 	 0 
63.8665 	 2 
64.0987 	 2 
64.1451 	 2 
64.2496 	 0 
65.0043 	 2 
65.1552 	 2 
65.2829 	 1 
65.3642 	 2 
65.5383 	 1 
65.6312 	 2 
66.3046 	 0 
66.5484 	 1 
66.5600 	 0 
66.8038 	 0 
66.8038 	 1 
66.8270 	 2 
66.9315 	 2 
67.0592 	 2 
67.1985 	 1 
67.1985 	 2 
67.3263 	 1 
67.4424 	 2 
67.5701 	 2 
67.7094 	 1 
67.7094 	 2 
67.8371 	 0 
67.9764 	 2 
68.1970 	 2 
68.3595 	 0 
68.6034 	 0 
68.8704 	 2 
68.9865 	 2 
69.1026 	 2 
69.2535 	 2 
69.3812 	 1 
69.4741 	 2 
69.7644 	 1 
69.7644 	 2 
70.0082 	 2 
70.1243 	 2 
70.1359 	 1 
70.2752 	 2 
70.4029 	 0 
71.0298 	 2 
71.0415 	 0 
71.1692 	 2 
71.2969 	 2 
71.4362 	 1 
71.5407 	 2 
71.6800 	 2 
71.8193 	 2 
71.8193 	 1 
71.9470 	 0 
72.0747 	 2 
72.0747 	 1 
72.3069 	 2 
72.3650 	 2 
72.4579 	 0 
72.7017 	 0 
72.9687 	 0 
73.0732 	 2 
73.2009 	 2 
73.3518 	 2 
73.4912 	 1 
73.5724 	 2 
73.8511 	 1 
73.8627 	 2 
74.1065 	 2 
74.2342 	 2 
74.3851 	 2 
75.1282 	 2 
75.4068 	 1 
75.5345 	 1 
75.6390 	 2 
75.9176 	 2 
75.9176 	 1 
76.1847 	 2 
76.4053 	 2 
77.0786 	 2 
77.4502 	 2 
77.6127 	 1 
77.7288 	 2 
77.8101 	 1 
77.9726 	 2 
78.1932 	 2 
78.4718 	 2 
78.5995 	 1 
79.2381 	 2 
79.6328 	 2 
79.6328 	 1 
79.7373 	 2 
80.3991 	 2 
80.5268 	 2 
80.6545 	 1 
80.6545 	 2 
80.7706 	 2 
80.8983 	 2 
81.1654 	 1 
81.2698 	 2 
81.5369 	 1 
81.5601 	 2 
81.7923 	 2 
82.0709 	 2 
82.7211 	 0 
83.3480 	 2 
83.4757 	 2 
83.6151 	 2 
83.7428 	 1 
83.8473 	 2 
84.1259 	 1 
84.1259 	 2 
84.2536 	 0 
84.3813 	 2 
84.3813 	 1 
84.4974 	 1 
84.6135 	 2 
84.6716 	 2 
84.7644 	 0 
85.0199 	 0 
85.2753 	 0 
85.3798 	 2 
85.5191 	 2 
85.6584 	 2 
85.7977 	 1 
85.8790 	 2 
86.1693 	 1 
86.1809 	 2 
86.4131 	 2 
86.5408 	 2 
86.6917 	 2 
86.8194 	 0 
87.3419 	 2 
87.4463 	 2 
87.7250 	 2 
87.8411 	 1 
87.9572 	 2 
88.2358 	 2 
88.3519 	 0 
88.5957 	 1 
88.8628 	 0 
89.1182 	 0 
89.3736 	 0 
89.3852 	 2 
89.5013 	 2 
89.5478 	 2 
89.6290 	 2 
89.7567 	 2 
89.8961 	 1 
89.9889 	 2 
90.2676 	 2 
90.2676 	 1 
90.5114 	 2 
90.5462 	 1 
90.7900 	 2 
90.9177 	 0 
91.0687 	 2 
91.1615 	 1 
91.1732 	 0 
91.4286 	 0 
91.4402 	 2 
91.5563 	 2 
91.8001 	 2 
91.9394 	 1 
92.0555 	 2 
92.2645 	 1 
92.3225 	 2 
92.3341 	 1 
92.4502 	 0 
92.4619 	 2 
92.5896 	 2 
92.7057 	 1 
92.8566 	 1 
92.8798 	 2 
92.9727 	 0 
93.2281 	 0 
93.3094 	 2 
93.4719 	 0 
93.4835 	 2 
93.7390 	 2 
93.8667 	 2 
93.9944 	 1 
94.0989 	 2 
94.2034 	 1 
94.3659 	 2 
94.3659 	 1 
94.6213 	 2 
94.7490 	 1 
94.9000 	 2 
95.0161 	 0 
95.0161 	 1 
95.2715 	 0 
95.3644 	 2 
95.5153 	 1 
95.5269 	 0 
95.5385 	 2 
95.6430 	 1 
95.6546 	 2 
95.9216 	 2 
96.0493 	 2 
96.0493 	 1 
96.1654 	 2 
96.4325 	 1 
96.4441 	 2 
96.5602 	 0 
96.6879 	 1 
96.6879 	 2 
96.8040 	 1 
96.9085 	 2 
97.0710 	 0 
97.3264 	 0 
97.5819 	 0 
97.6980 	 2 
97.8257 	 2 
97.9766 	 2 
98.0927 	 1 
98.1856 	 2 
98.4642 	 1 
98.4758 	 2 
98.7196 	 2 
98.8473 	 1 
98.8473 	 2 
98.9983 	 2 
99.1260 	 0 
99.3582 	 1 
99.3814 	 0 
99.6252 	 1 
99.6252 	 0 
99.7529 	 2 
100.0200 	 2 
100.1477 	 1 
100.2638 	 2 
100.3915 	 2 
100.5308 	 2 
100.5308 	 1 
100.6585 	 0 
100.7862 	 2 
100.9023 	 1 
101.0184 	 2 
101.1693 	 0 
101.4248 	 0 
101.4248 	 1 
101.6802 	 0 
101.7963 	 2 
101.9240 	 2 
102.0749 	 2 
102.2026 	 1 
102.2955 	 2 
102.5741 	 1 
102.5858 	 2 
102.8296 	 2 
102.9457 	 2 
102.9573 	 1 
103.0966 	 2 
103.2243 	 0 
103.4797 	 0 
103.7351 	 0 
103.7468 	 2 
103.8512 	 2 
104.1183 	 2 
104.2576 	 1 
104.3621 	 2 
104.4898 	 2 
104.6291 	 2 
104.6407 	 1 
104.7568 	 0 
104.8845 	 1 
104.8961 	 2 
105.0122 	 1 
105.1167 	 2 
105.2677 	 0 
105.5347 	 0 
105.7785 	 0 
105.7785 	 2 
105.8946 	 2 
106.1732 	 2 
106.3010 	 1 
106.3938 	 2 
106.6725 	 1 
106.6841 	 2 
106.9279 	 2 
106.9743 	 1 
107.0556 	 2 
107.0788 	 1 
107.2065 	 2 
107.3342 	 0 
107.5780 	 0 
107.8219 	 2 
107.8219 	 1 
107.8335 	 0 
107.9496 	 2 
108.0657 	 2 
108.2050 	 2 
108.2050 	 1 
108.3559 	 1 
108.4604 	 2 
108.7390 	 1 
108.7390 	 2 
108.8668 	 0 
108.9945 	 2 
109.1222 	 1 
109.3776 	 0 
109.6214 	 1 
109.6330 	 0 
109.8768 	 2 
109.8884 	 0 
110.1322 	 2 
110.2716 	 2 
110.4109 	 1 
110.5038 	 2 
110.7824 	 1 
110.7824 	 2 
111.0262 	 2 
111.1655 	 1 
111.2236 	 1 
111.3049 	 2 
111.4210 	 0 
111.6880 	 0 
111.9202 	 2 
111.9318 	 0 
111.9318 	 1 
112.0595 	 2 
112.1756 	 2 
112.3149 	 2 
112.4426 	 2 
112.4659 	 1 
112.5703 	 2 
112.7097 	 2 
112.8374 	 1 
112.8374 	 2 
112.9651 	 0 
113.0928 	 2 
113.2321 	 1 
113.3250 	 2 
113.4875 	 0 
113.9868 	 2 
114.1029 	 2 
114.2306 	 2 
114.3815 	 2 
114.5092 	 1 
114.6021 	 2 
114.8807 	 1 
114.8923 	 2 
115.1245 	 2 
115.2755 	 1 
115.4032 	 2 
115.5309 	 0 
115.7863 	 0 
116.0417 	 0 
116.1578 	 2 
116.4365 	 2 
116.5642 	 1 
116.6687 	 2 
116.9473 	 2 
116.9473 	 1 
117.2027 	 2 
117.2027 	 1 
117.3188 	 1 
117.4349 	 2 
117.5859 	 0 
117.8413 	 0 
118.0967 	 0 
118.1083 	 2 
118.1547 	 2 
118.2244 	 2 
118.2941 	 2 
118.3289 	 2 
118.4682 	 2 
118.6191 	 1 
118.7352 	 2 
118.9790 	 2 
118.9790 	 1 
119.2345 	 2 
119.2577 	 1 
119.3738 	 1 
119.5131 	 2 
119.6292 	 0 
119.8846 	 0 
120.1517 	 0 
120.2097 	 2 
120.2794 	 2 
120.5464 	 2 
120.6625 	 2 
120.6625 	 1 
120.6973 	 2 
120.7205 	 2 
120.7786 	 2 
121.0340 	 2 
121.0456 	 1 
121.3010 	 2 
121.3010 	 1 
121.4171 	 1 
121.5449 	 2 
121.5797 	 2 
121.6842 	 0 
121.9396 	 0 
122.2066 	 2 
122.3227 	 2 
122.4388 	 2 
122.5781 	 2 
122.7407 	 1 
122.8103 	 2 
123.0774 	 2 
123.0890 	 1 
123.2167 	 2 
123.3444 	 2 
123.4837 	 1 
123.7391 	 0 
123.9946 	 0 
124.0062 	 2 
124.0990 	 2 
124.2500 	 0 
124.2732 	 2 
124.3661 	 2 
124.5867 	 1 
124.7608 	 1 
124.8769 	 2 
125.1323 	 2 
125.1556 	 1 
125.2717 	 0 
125.2717 	 2 
125.4110 	 1 
125.5271 	 1 
125.6316 	 2 
125.7825 	 0 
125.7941 	 2 
126.0379 	 0 
126.1424 	 2 
126.2933 	 0 
126.3049 	 2 
126.4327 	 2 
126.5488 	 2 
126.6765 	 2 
126.8158 	 1 
126.9087 	 2 
127.1873 	 1 
127.1989 	 2 
127.4427 	 2 
127.4543 	 1 
127.5820 	 1 
127.6633 	 1 
127.7098 	 2 
127.8375 	 0 
127.8375 	 2 
128.1625 	 1 
128.1858 	 2 
128.3483 	 2 
128.3483 	 0 
128.4180 	 2 
128.4760 	 2 
128.6850 	 1 
128.7546 	 2 
128.8591 	 2 
128.8707 	 1 
128.9752 	 2 
129.2423 	 1 
129.2423 	 2 
129.3816 	 0 
129.5093 	 2 
129.6370 	 1 
129.7415 	 2 
129.8924 	 0 
130.0666 	 2 
130.1362 	 0 
130.2175 	 2 
130.4265 	 2 
130.4265 	 0 
131.0650 	 1 
131.1347 	 2 
131.2856 	 2 
131.4366 	 2 
131.5991 	 2 
131.7732 	 2 
131.9358 	 1 
131.9474 	 0 
131.9474 	 2 
132.2028 	 0 
132.2144 	 2 
132.3073 	 2 
132.4582 	 0 
132.5163 	 2 
132.5743 	 2 
132.6672 	 2 
132.8530 	 2 
132.9691 	 1 
133.0852 	 2 
133.3406 	 2 
133.6076 	 2 
133.7353 	 1 
133.8514 	 2 
133.9907 	 0 
134.2462 	 0 
134.5016 	 0 
134.5132 	 2 
134.5596 	 2 
134.6757 	 2 
134.6990 	 2 
134.7570 	 2 
135.0240 	 1 
135.1401 	 2 
135.3956 	 2 
135.3956 	 1 
135.6510 	 2 
135.6742 	 1 
135.7903 	 1 
135.9296 	 2 
136.0457 	 0 
136.3011 	 0 
136.5566 	 0 
136.5682 	 2 
136.6262 	 2 
136.6843 	 2 
136.7771 	 2 
136.9629 	 2 
137.0674 	 2 
137.0674 	 1 
137.1835 	 2 
137.2996 	 2 
137.4389 	 2 
137.4621 	 1 
137.7059 	 1 
137.7176 	 2 
137.8337 	 1 
137.9498 	 2 
137.9846 	 2 
138.0891 	 0 
138.3445 	 0 
138.6115 	 2 
138.7276 	 2 
138.8553 	 2 
138.9946 	 2 
139.1572 	 1 
139.2268 	 2 
139.4939 	 1 
139.4939 	 2 
139.6332 	 2 
139.7493 	 2 
139.8886 	 1 
140.0395 	 2 
140.1673 	 2 
140.3182 	 2 
140.6897 	 2 
140.7129 	 2 
140.8522 	 2 
141.0148 	 1 
141.1657 	 2 
141.1773 	 1 
141.5488 	 2 
141.5605 	 1 
141.6882 	 2 
141.7810 	 1 
141.8275 	 2 
142.1642 	 1 
142.3964 	 2 
142.5241 	 2 
142.7563 	 2 
142.8840 	 2 
143.2323 	 1 
143.3252 	 2 
143.4297 	 1 
143.6038 	 2 
143.8592 	 2 
144.1263 	 2 
144.4281 	 2 
144.5790 	 2 
144.8809 	 2 
145.1595 	 2 
145.2756 	 1 
145.2756 	 2 
145.3801 	 2 
145.6472 	 2 
145.7981 	 2 
145.9142 	 1 
145.9258 	 2 
146.2044 	 2 
146.3322 	 2 
146.4831 	 2 
146.6224 	 2 
146.8546 	 2 
146.9939 	 2 
147.1332 	 2 
147.3654 	 2 
148.3523 	 0 
148.6077 	 0 
148.6309 	 2 
148.7122 	 2 
148.8747 	 0 
148.8863 	 2 
148.9908 	 2 
149.2695 	 2 
149.3856 	 1 
149.4901 	 2 
149.6178 	 2 
149.7571 	 2 
149.7687 	 1 
149.8964 	 0 
150.0241 	 1 
150.0241 	 2 
150.2563 	 2 
150.2795 	 2 
150.4073 	 0 
150.6511 	 0 
150.7323 	 1 
150.7439 	 2 
150.9181 	 2 
150.9181 	 0 
150.9413 	 0 
150.9413 	 2 
151.0922 	 2 
151.4289 	 1 
151.5450 	 2 
151.8005 	 2 
151.8121 	 1 
151.9398 	 2 
152.0559 	 2 
152.0791 	 1 
152.1836 	 2 
152.1952 	 1 
152.3345 	 2 
152.4622 	 0 
152.7060 	 0 
152.7757 	 1 
152.7989 	 2 
152.7989 	 1 
152.9731 	 2 
152.9731 	 0 
153.0892 	 2 
153.3678 	 2 
153.4839 	 1 
153.5884 	 2 
153.8554 	 2 
153.8670 	 1 
153.9947 	 0 
154.1224 	 1 
154.1341 	 2 
154.2385 	 1 
154.3546 	 2 
154.5056 	 0 
154.7610 	 0 
154.8423 	 1 
155.0164 	 0 
155.1325 	 2 
155.2602 	 2 
155.4112 	 2 
155.6782 	 2 
155.8988 	 1 
155.9104 	 2 
156.1658 	 2 
156.2819 	 2 
156.3051 	 1 
156.4444 	 2 
156.5605 	 0 
156.8160 	 0 
156.8276 	 2 
157.0714 	 0 
157.0830 	 2 
157.1875 	 2 
157.4661 	 2 
157.5822 	 1 
157.6983 	 2 
157.9654 	 1 
157.9770 	 2 
158.0931 	 0 
158.2208 	 2 
158.3485 	 1 
158.6155 	 0 
158.8593 	 0 
159.1147 	 0 
159.2308 	 2 
159.3585 	 2 
159.5095 	 2 
159.6372 	 1 
159.7301 	 2 
160.0087 	 1 
160.0203 	 2 
160.2641 	 2 
160.3918 	 1 
160.5312 	 2 
160.6589 	 0 
160.9143 	 0 
161.2858 	 2 
161.5644 	 2 
161.6922 	 1 
161.7966 	 2 
161.9360 	 2 
162.0753 	 1 
162.0753 	 2 
162.1914 	 0 
162.3307 	 2 
162.4468 	 1 
162.6210 	 2 
162.7138 	 0 
164.7688 	 0 
165.0358 	 2 
165.2912 	 2 
165.3957 	 2 
165.6744 	 2 
165.7789 	 2 
165.7905 	 1 
165.9066 	 2 
166.0343 	 2 
166.1736 	 2 
166.1852 	 1 
166.3013 	 0 
166.4290 	 2 
166.5567 	 1 
166.6612 	 2 
166.7193 	 2 
166.8122 	 0 
167.0676 	 0 
167.3346 	 2 
167.4507 	 2 
167.5668 	 2 
167.7177 	 2 
167.8454 	 1 
167.9383 	 2 
168.2286 	 1 
168.2286 	 2 
168.4608 	 2 
168.5885 	 2 
168.6001 	 1 
168.7394 	 2 
168.8671 	 0 
169.4941 	 2 
169.7611 	 2 
169.9004 	 1 
170.0049 	 2 
170.0165 	 1 
170.1326 	 2 
170.2719 	 1 
170.2719 	 2 
170.3996 	 0 
170.5273 	 1 
170.5390 	 2 
170.7595 	 2 
170.8176 	 2 
170.9221 	 0 
171.1659 	 0 
171.4213 	 0 
171.5374 	 2 
171.6651 	 2 
171.8161 	 2 
171.9554 	 1 
172.0366 	 2 
172.3269 	 1 
172.3269 	 2 
172.5707 	 2 
172.6984 	 2 
172.6984 	 1 
172.8377 	 2 
172.9654 	 0 
173.2325 	 2 
173.4879 	 2 
173.5924 	 2 
173.8826 	 2 
173.9987 	 1 
174.1032 	 2 
174.2425 	 2 
174.3819 	 2 
174.3819 	 1 
174.5096 	 0 
174.6373 	 2 
174.6373 	 1 
174.7534 	 1 
175.0204 	 0 
175.2642 	 0 
175.5312 	 0 
175.6473 	 2 
175.7751 	 2 
175.9144 	 2 
176.0421 	 1 
176.1350 	 2 
176.4252 	 1 
176.4368 	 2 
176.6690 	 2 
176.6806 	 1 
176.8083 	 1 
176.9361 	 2 
179.1768 	 2 
179.6644 	 2 
181.1737 	 0 
181.8006 	 2 
181.8122 	 0 
182.0677 	 2 
182.2070 	 1 
182.3115 	 2 
182.4508 	 2 
182.5901 	 1 
182.5901 	 2 
182.7178 	 0 
182.8455 	 2 
183.0661 	 2 
183.1358 	 2 
183.2287 	 0 
183.4725 	 0 
183.7279 	 0 
183.8440 	 2 
183.9717 	 2 
184.1226 	 2 
184.2620 	 1 
184.3432 	 2 
184.4013 	 2 
184.6219 	 1 
184.6335 	 2 
184.8773 	 2 
185.0050 	 2 
185.0050 	 1 
185.1559 	 2 
185.2720 	 0 
185.5390 	 2 
185.7945 	 2 
185.9106 	 2 
186.1776 	 2 
186.3053 	 1 
186.4214 	 2 
186.5491 	 2 
186.6884 	 2 
186.6884 	 1 
186.8161 	 0 
186.9439 	 2 
186.9439 	 1 
187.0600 	 1 
187.3270 	 0 
187.5824 	 0 
187.8378 	 0 
187.9539 	 2 
188.0816 	 2 
188.2210 	 2 
188.3487 	 1 
188.4532 	 2 
188.7318 	 1 
188.7434 	 2 
188.9756 	 2 
189.1033 	 2 
189.1149 	 1 
189.2426 	 2 
190.0089 	 2 
190.2759 	 2 
190.4036 	 1 
190.5197 	 2 
190.6590 	 2 
190.7868 	 1 
190.7984 	 2 
190.9145 	 0 
191.0422 	 2 
191.4369 	 0 
191.6807 	 0 
191.9361 	 0 
192.0522 	 2 
192.1800 	 2 
192.3309 	 2 
193.5848 	 2 
193.6196 	 1 
193.7241 	 2 
193.7357 	 1 
193.8634 	 2 
193.9911 	 0 
194.2465 	 0 
194.6180 	 2 
194.8967 	 2 
195.0244 	 1 
195.1289 	 2 
195.2682 	 2 
195.4075 	 2 
195.4075 	 1 
195.5701 	 2 
196.0809 	 2 
196.5569 	 0 
196.8007 	 1 
196.9168 	 2 
197.0678 	 0 
197.5902 	 0 
197.9037 	 1 
198.2171 	 2 
198.4958 	 2 
198.6119 	 1 
198.7164 	 2 
198.9834 	 2 
198.9950 	 1 
199.1227 	 0 
199.1343 	 2 
199.2504 	 1 
199.2620 	 2 
199.3781 	 1 
199.4942 	 2 
199.6336 	 0 
199.9006 	 0 
199.9586 	 1 
199.9819 	 2 
200.1444 	 0 
200.1444 	 2 
200.2721 	 2 
200.3882 	 2 
200.5159 	 2 
200.6901 	 1 
200.7597 	 2 
201.0268 	 1 
201.0268 	 2 
201.1661 	 1 
201.1777 	 2 
201.2938 	 2 
201.3170 	 1 
201.4099 	 2 
201.4215 	 1 
201.6885 	 0 
202.2110 	 2 
202.3155 	 2 
202.7218 	 1 
202.7683 	 2 
202.8147 	 2 
202.9424 	 2 
203.0933 	 2 
203.1049 	 1 
203.2327 	 2 
203.2327 	 0 
203.3604 	 2 
203.5810 	 2 
203.7319 	 2 
203.7435 	 0 
203.9873 	 0 
204.0686 	 1 
204.2543 	 2 
204.2543 	 0 
204.3820 	 2 
204.4285 	 2 
204.4517 	 2 
204.4865 	 2 
204.6375 	 2 
204.7652 	 1 
204.8580 	 2 
205.1367 	 1 
205.1483 	 2 
205.3921 	 2 
205.5198 	 2 
205.5198 	 1 
205.6707 	 2 
206.4138 	 2 
206.6924 	 2 
206.9362 	 2 
207.1800 	 2 
207.2149 	 2 
207.4587 	 2 
207.6793 	 2 
208.3527 	 2 
208.4688 	 2 
208.5965 	 2 
208.7474 	 2 
208.9680 	 2 
209.2466 	 2 
209.4904 	 2 
209.6181 	 2 
209.7575 	 2 
210.5121 	 2 
210.8024 	 2 
211.0346 	 2 
211.1623 	 2 
211.3016 	 2 
211.5570 	 2 
211.7776 	 2 
211.8473 	 2 
212.4626 	 2 
212.6948 	 2 
212.8457 	 2 
213.0663 	 2 
