7.4072 	 1 
11.4126 	 1 
15.4180 	 1 
19.4119 	 1 
23.4057 	 1 
27.4112 	 1 
31.4166 	 1 
33.7850 	 1 
34.2727 	 1 
35.4104 	 1 
35.5381 	 1 
36.2696 	 1 
37.7789 	 1 
38.2781 	 1 
39.4159 	 1 
41.7843 	 1 
42.2719 	 1 
43.4097 	 1 
43.5374 	 1 
44.2805 	 1 
45.7781 	 1 
46.2774 	 1 
47.4151 	 1 
47.5429 	 1 
47.7867 	 2 
47.7983 	 1 
47.7983 	 0 
48.2859 	 1 
48.2859 	 0 
48.2975 	 2 
48.6458 	 1 
48.7967 	 1 
48.7967 	 0 
48.7967 	 2 
49.2844 	 0 
49.2844 	 1 
49.2960 	 2 
49.7952 	 1 
49.7952 	 2 
49.7952 	 0 
50.2828 	 0 
50.2944 	 1 
50.2944 	 2 
50.7820 	 0 
50.7937 	 2 
50.7937 	 1 
51.2929 	 1 
51.2929 	 2 
51.2929 	 0 
51.7921 	 1 
51.7921 	 2 
51.7921 	 0 
52.2797 	 0 
52.2913 	 1 
52.3029 	 2 
52.7906 	 0 
52.7906 	 1 
52.7906 	 2 
53.2898 	 0 
53.2898 	 1 
53.3014 	 2 
53.7890 	 0 
53.7890 	 1 
53.8006 	 2 
54.2883 	 1 
54.2883 	 0 
54.2999 	 2 
54.7875 	 0 
54.7991 	 1 
54.7991 	 2 
55.1474 	 1 
55.2867 	 1 
55.2867 	 0 
55.2983 	 2 
55.7859 	 1 
55.7976 	 0 
55.7976 	 2 
56.2852 	 0 
56.2852 	 1 
56.2968 	 2 
56.7844 	 0 
56.7960 	 2 
56.7960 	 1 
57.2952 	 1 
57.2952 	 2 
57.2952 	 0 
57.7945 	 2 
57.7945 	 1 
57.7945 	 0 
58.2937 	 1 
58.2937 	 2 
58.2937 	 0 
58.7929 	 2 
58.7929 	 1 
58.7929 	 0 
59.2922 	 1 
59.2922 	 0 
59.3038 	 2 
59.7914 	 0 
59.7914 	 1 
59.8030 	 2 
60.2906 	 0 
60.2906 	 2 
60.3022 	 1 
60.7898 	 1 
60.7898 	 0 
60.7898 	 2 
61.2891 	 1 
61.2891 	 0 
61.3007 	 2 
61.7883 	 0 
61.7883 	 2 
61.7883 	 1 
62.2875 	 0 
62.2991 	 2 
62.2991 	 1 
62.7984 	 0 
62.7984 	 1 
62.7984 	 2 
63.2976 	 1 
63.2976 	 0 
63.2976 	 2 
63.7968 	 1 
63.7968 	 2 
63.7968 	 0 
64.2961 	 2 
64.2961 	 1 
64.2961 	 0 
64.7953 	 0 
64.7953 	 1 
64.7953 	 2 
65.2945 	 1 
65.2945 	 0 
65.2945 	 2 
65.7937 	 1 
65.7937 	 0 
65.7937 	 2 
66.2930 	 0 
66.2930 	 1 
66.2930 	 2 
66.7922 	 1 
66.7922 	 0 
66.7922 	 2 
67.2914 	 2 
67.2914 	 0 
67.2914 	 1 
67.7907 	 1 
67.7907 	 2 
67.7907 	 0 
68.2899 	 0 
68.2899 	 2 
68.3015 	 1 
68.7891 	 0 
68.7891 	 2 
68.8007 	 1 
69.3000 	 2 
69.3000 	 0 
69.3000 	 1 
69.6599 	 1 
69.7876 	 2 
69.7876 	 0 
69.7876 	 1 
70.2984 	 2 
70.2984 	 1 
70.2984 	 0 
70.7976 	 0 
70.7976 	 2 
70.7976 	 1 
71.2969 	 2 
71.2969 	 0 
71.2969 	 1 
71.7961 	 1 
71.7961 	 0 
71.7961 	 2 
72.2953 	 1 
72.2953 	 0 
72.2953 	 2 
72.7946 	 1 
72.7946 	 0 
72.7946 	 2 
73.2938 	 2 
73.2938 	 1 
73.2938 	 0 
73.7930 	 2 
73.7930 	 1 
73.7930 	 0 
74.2922 	 1 
74.2922 	 2 
74.2922 	 0 
74.7915 	 1 
74.7915 	 0 
74.8031 	 2 
75.2907 	 1 
75.2907 	 0 
75.2907 	 2 
75.7899 	 1 
75.8015 	 0 
75.8015 	 2 
76.2892 	 2 
76.2892 	 0 
76.3008 	 1 
76.7884 	 2 
76.7884 	 1 
76.7884 	 0 
77.2992 	 1 
77.2992 	 2 
77.2992 	 0 
77.7868 	 2 
77.7868 	 1 
77.7985 	 0 
78.2977 	 0 
78.2977 	 1 
78.2977 	 2 
78.7969 	 1 
78.7969 	 0 
78.7969 	 2 
79.2961 	 0 
79.2961 	 2 
79.2961 	 1 
79.7954 	 1 
79.7954 	 0 
79.7954 	 2 
80.2946 	 0 
80.2946 	 1 
80.2946 	 2 
80.7938 	 0 
80.7938 	 1 
80.7938 	 2 
81.2931 	 0 
81.2931 	 1 
81.2931 	 2 
81.7923 	 0 
81.7923 	 2 
81.7923 	 1 
82.2915 	 0 
82.2915 	 1 
82.2915 	 2 
82.7907 	 0 
82.7907 	 1 
82.8024 	 2 
83.2900 	 0 
83.2900 	 2 
83.3016 	 1 
83.7892 	 1 
83.8008 	 0 
83.8008 	 2 
84.2884 	 2 
84.3000 	 1 
84.3000 	 0 
84.7877 	 2 
84.7877 	 1 
84.7877 	 0 
85.2985 	 1 
85.2985 	 2 
85.2985 	 0 
85.7861 	 2 
85.7977 	 1 
85.7977 	 0 
86.2970 	 0 
86.2970 	 2 
86.2970 	 1 
86.7962 	 0 
86.7962 	 2 
86.7962 	 1 
87.2954 	 0 
87.2954 	 1 
87.2954 	 2 
87.7946 	 0 
87.7946 	 1 
87.7946 	 2 
88.2939 	 2 
88.2939 	 0 
88.2939 	 1 
88.7931 	 2 
88.7931 	 1 
88.7931 	 0 
89.2923 	 2 
89.2923 	 0 
89.2923 	 1 
89.7916 	 2 
89.7916 	 0 
89.7916 	 1 
90.2908 	 0 
90.2908 	 2 
90.2908 	 1 
90.7900 	 0 
90.8016 	 2 
90.8016 	 1 
91.2893 	 2 
91.3009 	 0 
91.3009 	 1 
91.7885 	 1 
91.8001 	 2 
91.8001 	 0 
92.2993 	 2 
92.2993 	 0 
92.2993 	 1 
92.7869 	 1 
92.7869 	 0 
92.7869 	 2 
93.2978 	 2 
93.2978 	 0 
93.2978 	 1 
93.7854 	 1 
93.7970 	 2 
93.7970 	 0 
94.2962 	 1 
94.2962 	 0 
94.2962 	 2 
94.7955 	 1 
94.7955 	 0 
94.7955 	 2 
95.2947 	 0 
95.2947 	 2 
95.2947 	 1 
95.7939 	 2 
95.7939 	 0 
95.7939 	 1 
96.2932 	 0 
96.2932 	 2 
96.2932 	 1 
96.7924 	 2 
96.7924 	 1 
96.7924 	 0 
97.2916 	 2 
97.2916 	 1 
97.2916 	 0 
97.7908 	 2 
97.7908 	 0 
97.8024 	 1 
98.2901 	 0 
98.2901 	 2 
98.3017 	 1 
98.7893 	 0 
98.8009 	 2 
98.8009 	 1 
99.2885 	 2 
99.2885 	 0 
99.3001 	 1 
99.6717 	 1 
99.6717 	 2 
99.6717 	 0 
99.7878 	 2 
99.7878 	 1 
99.7878 	 0 
100.2986 	 1 
100.2986 	 2 
100.2986 	 0 
100.7862 	 2 
100.7978 	 1 
100.7978 	 0 
101.2971 	 1 
101.2971 	 2 
101.2971 	 0 
101.7963 	 1 
101.7963 	 2 
101.7963 	 0 
102.2955 	 2 
102.2955 	 1 
102.2955 	 0 
102.7947 	 1 
102.7947 	 0 
102.7947 	 2 
103.2940 	 0 
103.2940 	 2 
103.2940 	 1 
103.6655 	 1 
103.6655 	 2 
103.6655 	 0 
103.7932 	 0 
103.7932 	 1 
103.7932 	 2 
104.2924 	 1 
104.2924 	 2 
104.2924 	 0 
104.7917 	 0 
104.7917 	 1 
104.8033 	 2 
105.2909 	 0 
105.2909 	 2 
105.3025 	 1 
105.7901 	 2 
105.7901 	 0 
105.8017 	 1 
106.2893 	 2 
106.2893 	 0 
106.3010 	 1 
106.7886 	 0 
106.8002 	 2 
106.8002 	 1 
107.2994 	 2 
107.2994 	 0 
107.2994 	 1 
107.6709 	 2 
107.6709 	 0 
107.6709 	 1 
107.7870 	 2 
107.7870 	 0 
107.7986 	 1 
108.2979 	 0 
108.2979 	 2 
108.2979 	 1 
108.7855 	 2 
108.7971 	 1 
108.7971 	 0 
109.2963 	 2 
109.2963 	 1 
109.2963 	 0 
109.7956 	 2 
109.7956 	 0 
109.7956 	 1 
110.2948 	 0 
110.2948 	 2 
110.2948 	 1 
110.7940 	 0 
110.7940 	 1 
110.7940 	 2 
111.2932 	 0 
111.2932 	 1 
111.2932 	 2 
111.6648 	 0 
111.6648 	 2 
111.6648 	 1 
111.7925 	 1 
111.7925 	 2 
111.7925 	 0 
112.2917 	 1 
112.2917 	 2 
112.2917 	 0 
112.7909 	 2 
112.7909 	 0 
112.8025 	 1 
113.2902 	 2 
113.2902 	 0 
113.3018 	 1 
113.7894 	 2 
113.7894 	 0 
113.8010 	 1 
114.2886 	 2 
114.2886 	 0 
114.3002 	 1 
114.7995 	 0 
114.7995 	 1 
114.7995 	 2 
115.2871 	 2 
115.2987 	 0 
115.2987 	 1 
115.6702 	 2 
115.6702 	 0 
115.6818 	 1 
115.7863 	 0 
115.7979 	 1 
115.7979 	 2 
116.0998 	 1 
116.2971 	 1 
116.2971 	 0 
116.2971 	 2 
116.7964 	 2 
116.7964 	 1 
116.7964 	 0 
117.2956 	 2 
117.2956 	 1 
117.2956 	 0 
117.7948 	 0 
117.7948 	 2 
117.7948 	 1 
118.2941 	 1 
118.2941 	 0 
118.2941 	 2 
118.7933 	 2 
118.7933 	 0 
118.7933 	 1 
119.2925 	 2 
119.2925 	 0 
119.2925 	 1 
119.6640 	 1 
119.6640 	 0 
119.6640 	 2 
119.7917 	 0 
119.7917 	 2 
119.7917 	 1 
120.2910 	 2 
120.2910 	 1 
120.2910 	 0 
120.7902 	 0 
120.8018 	 2 
120.8018 	 1 
121.2894 	 0 
121.2894 	 2 
121.3010 	 1 
121.7887 	 2 
121.8003 	 1 
121.8003 	 0 
122.2879 	 0 
122.2995 	 1 
122.2995 	 2 
122.7987 	 0 
122.7987 	 2 
122.7987 	 1 
123.2980 	 0 
123.2980 	 2 
123.2980 	 1 
123.6695 	 2 
123.6695 	 0 
123.6811 	 1 
123.7856 	 2 
123.7972 	 1 
123.7972 	 0 
124.2964 	 1 
124.2964 	 0 
124.2964 	 2 
124.7956 	 2 
124.7956 	 0 
124.7956 	 1 
125.2949 	 2 
125.2949 	 0 
125.2949 	 1 
125.7941 	 2 
125.7941 	 1 
125.7941 	 0 
126.2933 	 2 
126.2933 	 1 
126.2933 	 0 
126.7926 	 2 
126.7926 	 0 
126.8042 	 1 
127.2918 	 2 
127.2918 	 0 
127.2918 	 1 
127.6749 	 2 
127.6749 	 0 
127.6749 	 1 
127.7910 	 2 
127.7910 	 1 
127.7910 	 0 
128.2902 	 0 
128.2902 	 2 
128.3019 	 1 
128.7895 	 0 
128.8011 	 2 
128.8011 	 1 
129.2887 	 2 
129.2887 	 0 
129.3003 	 1 
129.7995 	 0 
129.7995 	 1 
129.7995 	 2 
130.2988 	 0 
130.2988 	 1 
130.2988 	 2 
130.7980 	 1 
130.7980 	 2 
130.7980 	 0 
131.2972 	 1 
131.2972 	 2 
131.2972 	 0 
131.6688 	 0 
131.6688 	 1 
131.6688 	 2 
131.7965 	 0 
131.7965 	 1 
131.7965 	 2 
132.2957 	 2 
132.2957 	 0 
132.2957 	 1 
132.7949 	 1 
132.7949 	 2 
132.7949 	 0 
133.2941 	 0 
133.2941 	 1 
133.2941 	 2 
133.7934 	 1 
133.7934 	 2 
133.7934 	 0 
134.2926 	 1 
134.2926 	 0 
134.2926 	 2 
134.7918 	 0 
134.7918 	 2 
134.8034 	 1 
135.2911 	 0 
135.2911 	 2 
135.2911 	 1 
135.6626 	 2 
135.6742 	 1 
135.6742 	 0 
135.7903 	 1 
135.7903 	 2 
135.7903 	 0 
136.2895 	 1 
136.2895 	 0 
136.2895 	 2 
136.7888 	 2 
136.8004 	 1 
136.8004 	 0 
137.2996 	 1 
137.2996 	 2 
137.2996 	 0 
137.5434 	 1 
137.7872 	 2 
137.7988 	 0 
137.7988 	 1 
138.2864 	 2 
138.2980 	 0 
138.2980 	 1 
138.5419 	 1 
138.7973 	 2 
138.7973 	 0 
138.7973 	 1 
139.0411 	 1 
139.2849 	 2 
139.2849 	 1 
139.2965 	 0 
139.3313 	 1 
139.3313 	 2 
139.5287 	 1 
139.6680 	 1 
139.6680 	 0 
139.6680 	 2 
139.7957 	 1 
139.7957 	 0 
139.7957 	 2 
140.2950 	 1 
140.2950 	 0 
140.2950 	 2 
140.7013 	 1 
140.7826 	 2 
140.7942 	 1 
140.7942 	 0 
141.0380 	 1 
141.2934 	 0 
141.2934 	 1 
141.2934 	 2 
141.7462 	 1 
141.7927 	 1 
141.7927 	 2 
141.7927 	 0 
142.2919 	 2 
142.2919 	 0 
142.2919 	 1 
142.7911 	 1 
142.7911 	 0 
142.7911 	 2 
143.0698 	 1 
143.2903 	 2 
143.2903 	 0 
143.3020 	 1 
143.6502 	 2 
143.6619 	 1 
143.7896 	 2 
143.7896 	 0 
143.7896 	 1 
144.2888 	 0 
144.2888 	 1 
144.2888 	 2 
144.7996 	 1 
144.7996 	 2 
144.7996 	 0 
145.0667 	 1 
145.2873 	 2 
145.2989 	 0 
145.2989 	 1 
145.7865 	 2 
145.7981 	 1 
145.7981 	 0 
146.2857 	 2 
146.2973 	 1 
146.2973 	 0 
146.7966 	 1 
146.7966 	 2 
146.7966 	 0 
147.2958 	 2 
147.2958 	 0 
147.2958 	 1 
147.5396 	 1 
147.6673 	 1 
147.6673 	 2 
147.7950 	 0 
147.7950 	 1 
147.7950 	 2 
148.2942 	 2 
148.2942 	 1 
148.2942 	 0 
148.7935 	 2 
148.7935 	 1 
148.7935 	 0 
149.2927 	 1 
149.2927 	 0 
149.2927 	 2 
149.6526 	 1 
149.7919 	 1 
149.7919 	 2 
149.7919 	 0 
150.2912 	 2 
150.2912 	 0 
150.2912 	 1 
150.7904 	 2 
150.7904 	 0 
150.8020 	 1 
151.2896 	 0 
151.2896 	 2 
151.3012 	 1 
151.5450 	 1 
151.6611 	 2 
151.6727 	 1 
151.6727 	 0 
151.7888 	 2 
151.7888 	 0 
151.8005 	 1 
152.2997 	 0 
152.2997 	 2 
152.2997 	 1 
152.7873 	 2 
152.7989 	 0 
152.7989 	 1 
153.0659 	 1 
153.0776 	 2 
153.1820 	 1 
153.2981 	 2 
153.2981 	 0 
153.2981 	 1 
153.7858 	 2 
153.7974 	 0 
153.7974 	 1 
154.2966 	 2 
154.2966 	 0 
154.2966 	 1 
154.7958 	 0 
154.7958 	 1 
154.7958 	 2 
155.1673 	 1 
155.2951 	 1 
155.2951 	 0 
155.2951 	 2 
155.5389 	 1 
155.6666 	 0 
155.6666 	 2 
155.6666 	 1 
155.7943 	 0 
155.7943 	 2 
155.7943 	 1 
156.0497 	 1 
156.0729 	 2 
156.2935 	 1 
156.2935 	 2 
156.2935 	 0 
156.7927 	 1 
156.7927 	 2 
156.7927 	 0 
157.2920 	 2 
157.2920 	 1 
157.2920 	 0 
157.7099 	 1 
157.7912 	 0 
157.7912 	 1 
157.7912 	 2 
158.2904 	 1 
158.2904 	 0 
158.2904 	 2 
158.6968 	 1 
158.7897 	 2 
158.7897 	 0 
158.7897 	 1 
159.1844 	 1 
159.2076 	 2 
159.3005 	 1 
159.3005 	 2 
159.3005 	 0 
159.5559 	 1 
159.6720 	 1 
159.7881 	 2 
159.7881 	 0 
159.7881 	 1 
160.2873 	 1 
160.2873 	 2 
160.2873 	 0 
160.6937 	 1 
160.7982 	 1 
160.7982 	 0 
160.7982 	 2 
161.2858 	 2 
161.2974 	 1 
161.2974 	 0 
161.7038 	 1 
161.7966 	 2 
161.7966 	 0 
161.7966 	 1 
162.2843 	 2 
162.2959 	 0 
162.2959 	 1 
162.7951 	 0 
162.7951 	 2 
162.7951 	 1 
163.2943 	 1 
163.2943 	 2 
163.2943 	 0 
163.5381 	 1 
163.6659 	 2 
163.6659 	 0 
163.6659 	 1 
163.7936 	 0 
163.7936 	 1 
163.7936 	 2 
164.2928 	 0 
164.2928 	 1 
164.2928 	 2 
164.7920 	 0 
164.7920 	 2 
164.8036 	 1 
165.2912 	 0 
165.2912 	 2 
165.2912 	 1 
165.7905 	 1 
165.7905 	 0 
165.7905 	 2 
166.2897 	 2 
166.2897 	 1 
166.2897 	 0 
166.7889 	 2 
166.8005 	 0 
166.8005 	 1 
167.2882 	 0 
167.2998 	 2 
167.2998 	 1 
167.6713 	 1 
167.6713 	 0 
167.6713 	 2 
167.7874 	 1 
167.7874 	 2 
167.7874 	 0 
168.2982 	 0 
168.2982 	 1 
168.2982 	 2 
168.7975 	 0 
168.7975 	 1 
168.7975 	 2 
169.0645 	 1 
169.0761 	 2 
169.2967 	 0 
169.2967 	 1 
169.2967 	 2 
169.7959 	 2 
169.7959 	 0 
169.7959 	 1 
170.2835 	 2 
170.2951 	 0 
170.2951 	 1 
170.7944 	 1 
170.7944 	 0 
170.7944 	 2 
171.0382 	 1 
171.1659 	 1 
171.2936 	 0 
171.2936 	 2 
171.2936 	 1 
171.5374 	 1 
171.6651 	 1 
171.6651 	 2 
171.6767 	 0 
171.7928 	 1 
171.7928 	 2 
171.7928 	 0 
172.2921 	 2 
172.2921 	 0 
172.2921 	 1 
172.7797 	 2 
172.7913 	 1 
172.7913 	 0 
173.2905 	 0 
173.2905 	 2 
173.2905 	 1 
173.6969 	 2 
173.7898 	 0 
173.7898 	 2 
173.8014 	 1 
174.2890 	 0 
174.2890 	 2 
174.3006 	 1 
174.7882 	 2 
174.7998 	 0 
174.7998 	 1 
175.2062 	 2 
175.2990 	 2 
175.2990 	 1 
175.2990 	 0 
175.5545 	 1 
175.6590 	 2 
175.6706 	 1 
175.7867 	 1 
175.7867 	 0 
175.7867 	 2 
176.2859 	 2 
176.2975 	 1 
176.2975 	 0 
176.7967 	 1 
176.7967 	 0 
176.7967 	 2 
177.2960 	 1 
177.2960 	 0 
177.2960 	 2 
177.7952 	 2 
177.7952 	 0 
177.7952 	 1 
178.2828 	 2 
178.2944 	 1 
178.2944 	 0 
178.7937 	 2 
178.7937 	 0 
178.7937 	 1 
179.2929 	 0 
179.2929 	 2 
179.2929 	 1 
179.5367 	 1 
179.6644 	 2 
179.6644 	 1 
179.6644 	 0 
179.7921 	 1 
179.7921 	 0 
179.7921 	 2 
180.2913 	 2 
180.2913 	 1 
180.2913 	 0 
180.7906 	 2 
180.7906 	 0 
180.8022 	 1 
181.2898 	 0 
181.2898 	 1 
181.2898 	 2 
181.7774 	 2 
181.7890 	 0 
181.7890 	 1 
182.2883 	 0 
182.2883 	 2 
182.2883 	 1 
182.7875 	 2 
182.7991 	 0 
182.7991 	 1 
183.2983 	 1 
183.2983 	 2 
183.2983 	 0 
183.6698 	 1 
183.6698 	 0 
183.6698 	 2 
183.7859 	 2 
183.7859 	 1 
183.7859 	 0 
184.2968 	 0 
184.2968 	 1 
184.2968 	 2 
184.7960 	 2 
184.7960 	 0 
184.7960 	 1 
185.2952 	 2 
185.2952 	 1 
185.2952 	 0 
185.7945 	 2 
185.7945 	 0 
185.7945 	 1 
186.2937 	 2 
186.2937 	 0 
186.2937 	 1 
186.7929 	 2 
186.7929 	 1 
186.7929 	 0 
187.0367 	 1 
187.1644 	 1 
187.2922 	 1 
187.2922 	 2 
187.2922 	 0 
187.5244 	 1 
187.6637 	 1 
187.6753 	 2 
187.6753 	 0 
187.7914 	 1 
187.7914 	 2 
187.7914 	 0 
188.2906 	 2 
188.2906 	 0 
188.3022 	 1 
188.6970 	 1 
188.7898 	 2 
188.7898 	 0 
188.7898 	 1 
189.2891 	 1 
189.3007 	 2 
189.3007 	 0 
189.6838 	 2 
189.7883 	 2 
189.7999 	 0 
189.7999 	 1 
190.2875 	 2 
190.2991 	 1 
190.2991 	 0 
190.7868 	 2 
190.7984 	 1 
190.7984 	 0 
191.2976 	 2 
191.2976 	 1 
191.2976 	 0 
191.6691 	 1 
191.7852 	 1 
191.7852 	 2 
191.7852 	 0 
192.2264 	 1 
192.2961 	 1 
192.2961 	 0 
192.2961 	 2 
192.6908 	 1 
192.7953 	 1 
192.7953 	 0 
192.7953 	 2 
193.2945 	 2 
193.2945 	 1 
193.2945 	 0 
193.7937 	 0 
193.7937 	 2 
193.7937 	 1 
194.2930 	 0 
194.2930 	 2 
194.2930 	 1 
194.7922 	 2 
194.7922 	 1 
194.7922 	 0 
195.2914 	 1 
195.2914 	 0 
195.2914 	 2 
195.5468 	 1 
195.6629 	 0 
195.6629 	 2 
195.6746 	 1 
195.7907 	 1 
195.7907 	 0 
195.7907 	 2 
196.2899 	 0 
196.2899 	 2 
196.2899 	 1 
196.7891 	 2 
196.7891 	 0 
196.8007 	 1 
197.2883 	 2 
197.2883 	 1 
197.2883 	 0 
197.7760 	 2 
197.7876 	 1 
197.7876 	 0 
198.2868 	 2 
198.2984 	 0 
198.2984 	 1 
198.7976 	 1 
198.7976 	 0 
198.7976 	 2 
199.2969 	 1 
199.2969 	 2 
199.2969 	 0 
199.6684 	 1 
199.6684 	 0 
199.6684 	 2 
199.7845 	 2 
199.7961 	 1 
199.7961 	 0 
200.2953 	 0 
200.2953 	 2 
200.2953 	 1 
200.7946 	 2 
200.7946 	 1 
200.7946 	 0 
201.2938 	 2 
201.2938 	 1 
201.2938 	 0 
201.5492 	 1 
201.7930 	 0 
201.7930 	 2 
201.8046 	 1 
202.2922 	 2 
202.2922 	 0 
202.2922 	 1 
202.7915 	 2 
202.7915 	 0 
202.8031 	 1 
203.0469 	 1 
203.2907 	 1 
203.2907 	 0 
203.2907 	 2 
203.5345 	 1 
203.5461 	 2 
203.6622 	 2 
203.6738 	 1 
203.6738 	 0 
203.7899 	 2 
203.7899 	 1 
203.7899 	 0 
204.2892 	 2 
204.3008 	 1 
204.3008 	 0 
204.6839 	 1 
204.7884 	 1 
204.7884 	 0 
204.7884 	 2 
205.2876 	 1 
205.2992 	 2 
205.2992 	 0 
205.5430 	 1 
205.5430 	 2 
205.6824 	 1 
205.7868 	 2 
205.7985 	 0 
205.7985 	 1 
206.2861 	 1 
206.2861 	 2 
206.2977 	 0 
206.7969 	 1 
206.7969 	 0 
206.7969 	 2 
207.2961 	 2 
207.2961 	 0 
207.2961 	 1 
207.5400 	 2 
207.5400 	 1 
207.6561 	 1 
207.6561 	 2 
207.7838 	 1 
207.7954 	 2 
207.7954 	 0 
208.2946 	 2 
208.2946 	 0 
208.2946 	 1 
208.7938 	 2 
208.7938 	 0 
208.8054 	 1 
209.0493 	 1 
209.2931 	 2 
209.2931 	 0 
209.2931 	 1 
209.5369 	 2 
209.7923 	 2 
209.7923 	 0 
209.7923 	 1 
210.2915 	 1 
210.2915 	 0 
210.2915 	 2 
210.7907 	 2 
210.7907 	 0 
210.8024 	 1 
211.0462 	 1 
211.2900 	 1 
211.2900 	 2 
211.2900 	 0 
211.5454 	 1 
211.6615 	 1 
211.6615 	 2 
211.6731 	 0 
211.7892 	 0 
211.7892 	 1 
211.7892 	 2 
212.2884 	 2 
212.3000 	 0 
212.3000 	 1 
212.7877 	 2 
212.7993 	 1 
212.7993 	 0 
213.2869 	 2 
213.2869 	 0 
213.2985 	 1 
213.7861 	 1 
213.7977 	 2 
213.7977 	 0 
214.2854 	 2 
214.2854 	 0 
214.2970 	 1 
214.7962 	 0 
214.7962 	 1 
214.7962 	 2 
215.2954 	 0 
215.2954 	 1 
215.2954 	 2 
215.5392 	 1 
215.5392 	 2 
215.6669 	 0 
215.6669 	 2 
215.6669 	 1 
215.7946 	 2 
215.7946 	 0 
215.7946 	 1 
216.2939 	 1 
216.2939 	 0 
216.2939 	 2 
216.7931 	 0 
216.7931 	 1 
216.7931 	 2 
217.0485 	 1 
217.1878 	 1 
217.2923 	 1 
217.2923 	 0 
217.2923 	 2 
217.5478 	 1 
217.7916 	 2 
217.8032 	 0 
217.8032 	 1 
218.2908 	 1 
218.2908 	 2 
218.2908 	 0 
218.7900 	 2 
218.7900 	 1 
218.8016 	 0 
219.0454 	 1 
219.2893 	 0 
219.2893 	 2 
219.2893 	 1 
219.5331 	 2 
219.5447 	 1 
219.6724 	 0 
219.6724 	 1 
219.6724 	 2 
219.7885 	 1 
219.7885 	 2 
219.7885 	 0 
220.2877 	 2 
220.2993 	 1 
220.2993 	 0 
220.6941 	 1 
220.7869 	 2 
220.7985 	 1 
220.7985 	 0 
221.0424 	 1 
221.2862 	 1 
221.2978 	 0 
221.2978 	 2 
221.5416 	 1 
221.7854 	 2 
221.7970 	 0 
221.7970 	 1 
222.2846 	 2 
222.2962 	 1 
222.2962 	 0 
222.7955 	 2 
222.7955 	 0 
222.7955 	 1 
223.0393 	 1 
223.2947 	 1 
223.2947 	 2 
223.2947 	 0 
223.5269 	 1 
223.6662 	 2 
223.6662 	 1 
223.7823 	 1 
223.7939 	 0 
223.7939 	 2 
224.2932 	 1 
224.2932 	 2 
224.2932 	 0 
224.6995 	 1 
224.7924 	 2 
224.7924 	 0 
224.8040 	 1 
225.2916 	 0 
225.2916 	 2 
225.2916 	 1 
225.5354 	 2 
225.5470 	 1 
225.6980 	 1 
225.7908 	 0 
225.7908 	 2 
225.8024 	 1 
226.2901 	 0 
226.2901 	 2 
226.2901 	 1 
226.7893 	 2 
226.7893 	 0 
226.7893 	 1 
227.0447 	 1 
227.2885 	 2 
227.2885 	 1 
227.3001 	 0 
227.5439 	 1 
227.6717 	 0 
227.6717 	 2 
227.6717 	 1 
227.7878 	 0 
227.7878 	 2 
227.7994 	 1 
228.2870 	 2 
228.2986 	 1 
228.2986 	 0 
228.7978 	 1 
228.7978 	 0 
228.7978 	 2 
229.2971 	 0 
229.2971 	 2 
229.2971 	 1 
229.6570 	 1 
229.7963 	 1 
229.7963 	 2 
229.7963 	 0 
230.2955 	 2 
230.2955 	 1 
230.2955 	 0 
230.7947 	 0 
230.7947 	 2 
230.7947 	 1 
231.2940 	 1 
231.2940 	 2 
231.2940 	 0 
231.6655 	 0 
231.6655 	 1 
231.7932 	 0 
231.7932 	 1 
231.7932 	 2 
232.0951 	 2 
232.2924 	 1 
232.2924 	 0 
232.2924 	 2 
232.7917 	 0 
232.7917 	 2 
232.8033 	 1 
233.2909 	 2 
233.2909 	 1 
233.2909 	 0 
233.5347 	 2 
233.5347 	 1 
233.7901 	 2 
233.8017 	 0 
233.8017 	 1 
234.2893 	 2 
234.2893 	 0 
234.3010 	 1 
234.7886 	 2 
234.8002 	 0 
234.8002 	 1 
235.0324 	 1 
235.1601 	 1 
235.2878 	 1 
235.2994 	 2 
235.2994 	 0 
235.5316 	 1 
235.6709 	 0 
235.6709 	 2 
235.6709 	 1 
235.7870 	 0 
235.7986 	 1 
235.7986 	 2 
236.0773 	 2 
236.2979 	 1 
236.2979 	 2 
236.2979 	 0 
236.7042 	 1 
236.7855 	 2 
236.7855 	 0 
236.7855 	 1 
237.0409 	 1 
237.2847 	 1 
237.2963 	 2 
237.2963 	 0 
237.5285 	 2 
237.5401 	 1 
237.6795 	 2 
237.7956 	 0 
237.7956 	 1 
237.7956 	 2 
238.2948 	 0 
238.2948 	 2 
238.2948 	 1 
238.7940 	 1 
238.7940 	 0 
238.7940 	 2 
239.0378 	 1 
239.2932 	 1 
239.2932 	 2 
239.2932 	 0 
239.5371 	 1 
239.5371 	 2 
239.6648 	 1 
239.6648 	 2 
239.7925 	 2 
239.7925 	 0 
239.7925 	 1 
240.2917 	 1 
240.2917 	 2 
240.2917 	 0 
240.6980 	 1 
240.7909 	 2 
240.7909 	 0 
240.8025 	 1 
241.2902 	 0 
241.2902 	 2 
241.3018 	 1 
241.5456 	 1 
241.7894 	 2 
241.8010 	 1 
241.8010 	 0 
242.0912 	 1 
242.2886 	 0 
242.2886 	 2 
242.3002 	 1 
242.7878 	 1 
242.7878 	 2 
242.7995 	 0 
243.2987 	 0 
243.2987 	 1 
243.2987 	 2 
243.5425 	 1 
243.5425 	 2 
243.6702 	 0 
243.6702 	 1 
243.6702 	 2 
243.7863 	 1 
243.7863 	 2 
243.7863 	 0 
244.2855 	 2 
244.2971 	 0 
244.2971 	 1 
244.5293 	 2 
244.7964 	 2 
244.7964 	 0 
244.7964 	 1 
245.2956 	 2 
245.2956 	 0 
245.2956 	 1 
245.5394 	 2 
245.5394 	 1 
245.7832 	 2 
245.7948 	 0 
245.7948 	 1 
246.2941 	 2 
246.2941 	 1 
246.2941 	 0 
246.7933 	 1 
246.7933 	 0 
246.7933 	 2 
247.0371 	 1 
247.2925 	 1 
247.2925 	 0 
247.2925 	 2 
247.5363 	 1 
247.6640 	 1 
247.6640 	 2 
247.6756 	 0 
247.7917 	 1 
247.7917 	 2 
247.7917 	 0 
248.2910 	 2 
248.2910 	 1 
248.2910 	 0 
248.7902 	 2 
248.8018 	 0 
248.8018 	 1 
249.0456 	 2 
249.2894 	 2 
249.2894 	 0 
249.2894 	 1 
249.5449 	 1 
249.7887 	 2 
249.8003 	 1 
249.8003 	 0 
250.2995 	 2 
250.2995 	 1 
250.2995 	 0 
250.7987 	 1 
250.7987 	 2 
250.7987 	 0 
251.1702 	 1 
251.2863 	 1 
251.2980 	 2 
251.2980 	 0 
251.5302 	 1 
251.5418 	 2 
251.6695 	 2 
251.6695 	 0 
251.6695 	 1 
251.7856 	 2 
251.7972 	 0 
251.7972 	 1 
252.2964 	 0 
252.2964 	 1 
252.2964 	 2 
252.7840 	 2 
252.7840 	 0 
252.7956 	 1 
253.0395 	 1 
253.2833 	 1 
253.2949 	 0 
253.2949 	 2 
253.5387 	 1 
253.6896 	 2 
253.7012 	 1 
253.7941 	 0 
253.7941 	 2 
253.7941 	 1 
254.2933 	 0 
254.2933 	 2 
254.2933 	 1 
254.7926 	 2 
254.7926 	 0 
254.7926 	 1 
255.0364 	 1 
255.2918 	 0 
255.2918 	 1 
255.2918 	 2 
255.5356 	 1 
255.6633 	 1 
255.6633 	 2 
255.7910 	 1 
255.7910 	 2 
255.7910 	 0 
256.2902 	 2 
256.2902 	 0 
256.2902 	 1 
256.6966 	 1 
256.7895 	 2 
256.8011 	 1 
256.8011 	 0 
257.2887 	 2 
257.2887 	 0 
257.3003 	 1 
257.5441 	 1 
257.6718 	 1 
257.7879 	 2 
257.7995 	 1 
257.7995 	 0 
258.0898 	 1 
258.2872 	 2 
258.2988 	 1 
258.2988 	 0 
258.5658 	 1 
258.7980 	 0 
258.7980 	 1 
258.7980 	 2 
259.2972 	 0 
259.2972 	 1 
259.2972 	 2 
259.5410 	 1 
259.5410 	 2 
259.6688 	 0 
259.6688 	 1 
259.6688 	 2 
259.7849 	 2 
259.7965 	 1 
259.7965 	 0 
260.2957 	 0 
260.2957 	 2 
260.2957 	 1 
260.7949 	 0 
260.7949 	 2 
260.7949 	 1 
261.0271 	 2 
261.2941 	 0 
261.2941 	 2 
261.2941 	 1 
261.5380 	 1 
261.6657 	 1 
261.7934 	 2 
261.7934 	 0 
261.7934 	 1 
262.2926 	 2 
262.2926 	 0 
262.2926 	 1 
262.7918 	 2 
262.7918 	 0 
262.8034 	 1 
263.0356 	 1 
263.2911 	 2 
263.2911 	 1 
263.2911 	 0 
263.6626 	 2 
263.6742 	 1 
263.6742 	 0 
263.7903 	 1 
263.7903 	 2 
263.7903 	 0 
264.2895 	 2 
264.2895 	 1 
264.3011 	 0 
264.7888 	 2 
264.8004 	 1 
264.8004 	 0 
265.2880 	 2 
265.2996 	 0 
265.2996 	 1 
265.5318 	 1 
265.7872 	 2 
265.7988 	 0 
265.7988 	 1 
266.2980 	 0 
266.2980 	 2 
266.2980 	 1 
266.7973 	 2 
266.7973 	 1 
266.7973 	 0 
267.0411 	 1 
267.1688 	 1 
267.2965 	 1 
267.2965 	 0 
267.2965 	 2 
267.5403 	 1 
267.6680 	 0 
267.6680 	 1 
267.6680 	 2 
267.7957 	 1 
267.7957 	 2 
267.7957 	 0 
268.0628 	 2 
268.2950 	 2 
268.2950 	 1 
268.2950 	 0 
268.5156 	 1 
268.7129 	 1 
268.7826 	 1 
268.7942 	 0 
268.7942 	 2 
269.0380 	 1 
269.2934 	 2 
269.2934 	 1 
269.2934 	 0 
269.5372 	 2 
269.7927 	 2 
269.7927 	 1 
269.7927 	 0 
270.2919 	 0 
270.2919 	 2 
270.2919 	 1 
270.7911 	 1 
270.7911 	 0 
270.7911 	 2 
271.0349 	 1 
271.1742 	 1 
271.2903 	 2 
271.2903 	 1 
271.2903 	 0 
271.5458 	 1 
271.6735 	 1 
271.7896 	 1 
271.7896 	 0 
271.7896 	 2 
272.2888 	 1 
272.2888 	 0 
272.2888 	 2 
272.6951 	 1 
272.7996 	 0 
272.7996 	 2 
272.7996 	 1 
273.2873 	 0 
273.2873 	 2 
273.2989 	 1 
273.5427 	 1 
273.6936 	 1 
273.7865 	 1 
273.7981 	 2 
273.7981 	 0 
274.2857 	 2 
274.2973 	 0 
274.2973 	 1 
274.5644 	 1 
274.7966 	 1 
274.7966 	 2 
274.7966 	 0 
275.2958 	 2 
275.2958 	 0 
275.2958 	 1 
275.5396 	 1 
275.6673 	 2 
275.6673 	 1 
275.6673 	 0 
275.7834 	 0 
275.7950 	 1 
275.7950 	 2 
276.2942 	 0 
276.2942 	 1 
276.2942 	 2 
276.7935 	 2 
276.7935 	 0 
276.8051 	 1 
277.2927 	 0 
277.2927 	 1 
277.2927 	 2 
277.6526 	 1 
277.7919 	 0 
277.7919 	 2 
277.7919 	 1 
278.2912 	 0 
278.2912 	 2 
278.2912 	 1 
278.7904 	 2 
278.8020 	 0 
278.8020 	 1 
279.0342 	 1 
279.2896 	 1 
279.2896 	 2 
279.2896 	 0 
279.5450 	 1 
279.6611 	 2 
279.6727 	 1 
279.6727 	 0 
279.7888 	 1 
279.7888 	 0 
279.7888 	 2 
280.2881 	 2 
280.2997 	 0 
280.2997 	 1 
280.7873 	 2 
280.7989 	 0 
280.7989 	 1 
281.0427 	 2 
281.2865 	 2 
281.2981 	 0 
281.2981 	 1 
281.7974 	 1 
281.7974 	 0 
281.7974 	 2 
282.2966 	 0 
282.2966 	 2 
282.2966 	 1 
282.7958 	 2 
282.7958 	 1 
282.7958 	 0 
283.0396 	 1 
283.1790 	 1 
283.2951 	 1 
283.2951 	 0 
283.2951 	 2 
283.5389 	 1 
283.6666 	 2 
283.6666 	 1 
283.6666 	 0 
283.7943 	 1 
283.7943 	 2 
283.7943 	 0 
284.2935 	 1 
284.2935 	 2 
284.2935 	 0 
284.7927 	 2 
284.7927 	 0 
284.7927 	 1 
285.0366 	 1 
285.1527 	 2 
285.2920 	 0 
285.2920 	 1 
285.3036 	 2 
285.7912 	 1 
285.7912 	 0 
285.8028 	 2 
286.2904 	 1 
286.2904 	 0 
286.3020 	 2 
286.7897 	 2 
286.7897 	 1 
286.8013 	 0 
287.3005 	 0 
287.3005 	 1 
287.3005 	 2 
287.6604 	 1 
287.7881 	 1 
287.7881 	 2 
287.7997 	 0 
288.2990 	 2 
288.2990 	 1 
288.2990 	 0 
288.7866 	 0 
288.7982 	 2 
288.7982 	 1 
289.2974 	 1 
289.2974 	 2 
289.2974 	 0 
289.7966 	 1 
289.7966 	 0 
290.2494 	 1 
290.2959 	 2 
290.2959 	 0 
290.3075 	 1 
290.7951 	 1 
291.2943 	 0 
291.2943 	 2 
291.3059 	 1 
292.2928 	 1 
