1.6022 	 1 
8.0457 	 0 
8.0573 	 1 
8.0573 	 2 
8.5333 	 1 
8.5333 	 2 
8.5333 	 0 
9.0326 	 0 
9.0326 	 1 
9.0326 	 2 
9.5086 	 1 
9.5202 	 0 
9.5202 	 2 
9.9962 	 1 
9.9962 	 2 
10.0078 	 0 
10.4838 	 1 
10.4838 	 0 
10.4838 	 2 
10.9598 	 1 
10.9714 	 0 
10.9714 	 2 
11.4474 	 1 
11.4474 	 0 
11.4474 	 2 
11.6216 	 1 
11.6216 	 2 
11.8073 	 2 
11.9234 	 1 
11.9351 	 0 
11.9351 	 2 
12.4111 	 2 
12.4111 	 1 
12.4111 	 0 
12.8987 	 1 
12.8987 	 2 
13.3863 	 2 
13.3863 	 1 
13.6185 	 2 
13.8623 	 2 
13.8739 	 0 
13.8739 	 1 
14.3499 	 1 
14.3499 	 2 
14.5937 	 1 
14.8259 	 2 
14.8376 	 1 
15.3136 	 2 
15.3136 	 1 
15.8012 	 2 
15.8012 	 1 
16.2888 	 1 
16.3004 	 2 
16.7648 	 1 
16.7764 	 2 
17.2524 	 1 
17.2524 	 0 
17.2524 	 2 
17.7400 	 2 
17.7400 	 1 
18.2161 	 1 
18.2277 	 2 
18.4599 	 2 
19.1797 	 2 
19.1797 	 1 
19.2958 	 2 
19.4235 	 2 
19.4235 	 1 
19.5396 	 2 
19.5512 	 1 
19.6673 	 0 
19.6673 	 1 
19.6673 	 2 
19.7950 	 2 
19.9111 	 2 
19.9111 	 1 
19.9111 	 0 
20.1433 	 2 
20.1433 	 1 
20.1549 	 0 
20.2826 	 2 
20.3987 	 1 
20.3987 	 2 
20.6193 	 1 
20.6309 	 0 
20.6309 	 2 
20.8631 	 1 
21.1069 	 2 
21.1185 	 1 
21.2346 	 1 
21.2346 	 2 
21.3507 	 2 
21.3624 	 1 
21.4785 	 1 
21.4785 	 2 
21.5946 	 1 
21.5946 	 2 
21.5946 	 0 
22.0938 	 1 
22.3144 	 2 
22.3144 	 0 
22.3144 	 1 
22.5582 	 1 
22.5582 	 2 
22.5698 	 0 
23.0458 	 1 
23.0574 	 0 
23.0574 	 2 
23.2083 	 2 
23.2896 	 1 
23.5334 	 1 
23.5334 	 2 
23.5334 	 0 
23.7772 	 0 
23.7772 	 2 
23.7772 	 1 
24.0210 	 1 
24.0210 	 2 
24.0210 	 0 
24.2649 	 1 
24.3810 	 1 
24.4971 	 1 
24.4971 	 2 
24.5087 	 0 
25.4723 	 2 
25.4723 	 1 
25.4723 	 0 
26.1921 	 0 
26.1921 	 1 
26.1921 	 2 
26.4359 	 0 
26.4359 	 2 
26.4359 	 1 
26.9235 	 2 
26.9235 	 1 
27.1673 	 1 
27.4112 	 0 
27.4112 	 2 
27.4112 	 1 
27.6434 	 1 
27.6434 	 0 
27.6434 	 2 
27.8872 	 0 
27.8872 	 2 
27.8872 	 1 
28.1310 	 1 
28.2471 	 1 
28.3748 	 1 
28.3748 	 0 
28.3748 	 2 
28.8624 	 1 
28.9901 	 1 
29.1062 	 1 
29.3268 	 1 
29.3384 	 2 
29.3384 	 0 
29.8260 	 1 
30.0582 	 1 
30.0582 	 2 
30.0582 	 0 
30.3020 	 2 
30.3020 	 1 
30.3137 	 0 
30.7897 	 1 
30.7897 	 0 
30.7897 	 2 
30.9174 	 1 
31.0335 	 1 
31.1496 	 1 
31.2773 	 2 
31.2773 	 1 
31.2773 	 0 
31.5211 	 1 
31.5211 	 0 
31.5211 	 2 
31.7533 	 0 
31.7649 	 2 
31.7649 	 1 
32.2409 	 2 
32.2409 	 1 
32.2409 	 0 
33.2161 	 2 
33.2161 	 0 
33.2161 	 1 
33.9360 	 1 
33.9476 	 2 
34.1682 	 2 
34.1798 	 1 
34.1798 	 0 
34.2959 	 1 
34.4236 	 0 
34.4236 	 1 
34.4236 	 2 
34.6674 	 1 
34.6674 	 2 
34.6790 	 0 
34.8067 	 2 
34.8996 	 0 
34.8996 	 2 
34.9112 	 1 
35.0273 	 2 
35.0273 	 1 
35.1434 	 2 
35.1434 	 1 
35.1434 	 0 
35.2711 	 2 
35.3872 	 0 
35.3872 	 1 
35.3872 	 2 
35.5033 	 2 
35.6310 	 2 
35.6310 	 1 
35.6426 	 0 
35.7471 	 1 
35.7587 	 2 
35.8748 	 1 
35.8748 	 2 
35.9793 	 1 
35.9909 	 2 
36.1070 	 1 
36.1070 	 2 
36.1186 	 0 
36.3508 	 1 
36.3624 	 2 
36.5946 	 2 
36.6063 	 1 
36.7224 	 2 
36.8501 	 2 
37.0707 	 2 
37.0707 	 1 
37.3261 	 2 
37.4538 	 2 
37.5699 	 2 
37.6976 	 2 
37.8021 	 2 
37.8137 	 1 
38.0459 	 1 
38.0459 	 2 
38.0575 	 0 
38.5451 	 2 
38.7773 	 1 
39.0095 	 2 
39.0211 	 0 
39.0211 	 1 
39.2533 	 1 
39.2533 	 2 
39.2649 	 0 
39.4971 	 1 
39.4971 	 0 
39.4971 	 2 
39.6249 	 2 
39.6249 	 1 
39.7410 	 0 
39.7410 	 2 
39.7526 	 1 
39.8571 	 2 
39.9732 	 2 
39.9732 	 1 
39.9848 	 0 
40.4724 	 2 
40.4724 	 1 
40.7046 	 1 
40.7046 	 0 
40.7046 	 2 
40.9484 	 1 
40.9484 	 2 
40.9600 	 0 
41.1922 	 1 
41.2038 	 2 
41.4360 	 0 
41.4360 	 1 
41.4360 	 2 
41.6798 	 1 
41.7959 	 1 
41.9120 	 1 
41.9236 	 2 
41.9236 	 0 
42.4229 	 2 
42.8873 	 2 
42.8873 	 1 
42.8873 	 0 
43.1311 	 2 
43.1311 	 0 
43.1311 	 1 
43.3749 	 1 
43.3749 	 2 
43.3749 	 0 
43.4910 	 1 
43.6187 	 1 
43.6187 	 0 
43.8509 	 2 
43.8509 	 1 
43.8509 	 0 
44.5707 	 2 
44.5707 	 1 
44.5823 	 0 
44.8145 	 1 
44.8261 	 0 
44.8261 	 2 
45.3137 	 2 
45.3137 	 1 
45.3254 	 0 
45.6504 	 2 
45.7898 	 2 
45.7898 	 0 
45.7898 	 1 
46.7650 	 0 
46.7650 	 1 
46.7650 	 2 
46.8927 	 1 
46.9972 	 2 
46.9972 	 0 
46.9972 	 1 
47.2410 	 1 
47.2410 	 2 
47.2410 	 0 
47.4848 	 1 
47.7170 	 0 
47.7286 	 1 
47.7286 	 2 
47.9840 	 1 
48.2278 	 1 
48.3439 	 1 
48.4600 	 1 
48.5761 	 1 
48.5761 	 2 
48.6922 	 1 
48.6922 	 0 
48.6922 	 2 
48.9593 	 1 
49.4353 	 1 
49.6559 	 1 
49.6559 	 2 
49.6675 	 0 
50.0274 	 0 
50.0274 	 1 
50.0274 	 2 
50.3873 	 2 
50.3873 	 1 
50.3873 	 0 
50.6311 	 2 
50.6311 	 1 
50.6311 	 0 
50.8401 	 0 
51.1187 	 1 
51.1187 	 2 
51.1187 	 0 
51.3625 	 1 
51.3625 	 2 
51.4670 	 2 
51.4786 	 0 
51.5947 	 1 
51.5947 	 2 
51.6063 	 0 
52.0824 	 0 
52.0824 	 2 
52.0824 	 1 
52.2101 	 0 
52.2101 	 2 
52.3378 	 0 
52.3378 	 2 
52.3378 	 1 
52.4423 	 2 
52.4539 	 0 
52.5584 	 1 
52.5584 	 2 
52.5584 	 0 
52.6861 	 0 
52.6861 	 2 
52.8138 	 2 
52.9183 	 2 
53.0460 	 1 
53.0460 	 0 
53.0460 	 2 
53.1737 	 1 
53.1737 	 2 
53.3014 	 2 
53.3130 	 1 
53.5220 	 2 
53.5336 	 1 
53.5336 	 0 
53.8935 	 2 
54.0212 	 0 
54.0212 	 2 
54.0212 	 1 
54.1489 	 2 
54.1489 	 1 
54.2650 	 2 
54.2650 	 1 
54.2999 	 2 
54.4972 	 2 
54.4972 	 1 
54.5088 	 0 
54.7062 	 2 
54.7527 	 1 
54.8571 	 2 
54.8688 	 1 
54.9849 	 0 
54.9849 	 1 
54.9849 	 2 
55.1126 	 1 
55.1126 	 2 
55.2287 	 1 
55.2287 	 2 
55.3448 	 2 
55.4609 	 0 
55.4725 	 1 
55.4725 	 2 
55.5886 	 2 
55.7047 	 2 
55.7279 	 1 
55.8324 	 2 
55.9485 	 2 
55.9485 	 0 
55.9601 	 1 
56.0762 	 2 
56.1807 	 0 
56.1923 	 2 
56.3084 	 0 
56.3084 	 2 
56.4361 	 1 
56.4361 	 0 
56.4361 	 2 
56.5638 	 2 
56.6915 	 1 
56.7960 	 2 
56.9121 	 1 
56.9237 	 2 
56.9237 	 0 
57.0514 	 2 
57.1559 	 0 
57.1675 	 2 
57.1791 	 1 
57.2836 	 2 
57.3997 	 0 
57.3997 	 2 
57.3997 	 1 
57.6435 	 2 
57.6435 	 0 
57.6551 	 1 
57.7596 	 2 
57.8873 	 0 
57.8873 	 2 
57.8873 	 1 
58.0151 	 2 
58.1428 	 1 
58.1776 	 2 
58.2589 	 1 
58.3750 	 1 
58.3750 	 0 
58.3750 	 2 
58.5027 	 2 
58.6188 	 1 
58.7349 	 2 
58.8510 	 1 
58.8626 	 0 
58.8626 	 2 
58.9787 	 1 
58.9903 	 2 
59.1064 	 2 
59.3386 	 0 
59.3386 	 1 
59.3386 	 2 
59.5824 	 2 
59.8262 	 0 
59.8262 	 1 
59.8262 	 2 
59.9423 	 0 
59.9539 	 1 
59.9539 	 2 
60.0700 	 2 
60.0816 	 1 
60.1861 	 0 
60.1861 	 2 
60.3022 	 1 
60.3022 	 0 
60.3022 	 2 
60.4415 	 0 
60.4415 	 2 
60.7898 	 2 
60.7898 	 1 
60.7898 	 0 
60.9176 	 2 
60.9176 	 1 
61.0337 	 2 
61.0453 	 1 
61.0569 	 0 
61.1498 	 1 
61.1498 	 2 
61.2775 	 0 
61.2775 	 1 
61.2775 	 2 
61.7535 	 1 
61.7535 	 0 
61.7651 	 2 
61.8812 	 2 
61.9973 	 2 
62.0089 	 1 
62.0089 	 0 
62.2411 	 1 
62.2411 	 2 
62.2411 	 0 
62.4849 	 1 
62.7171 	 1 
62.7287 	 0 
62.7287 	 2 
62.9609 	 2 
62.9841 	 1 
63.2047 	 2 
63.2047 	 1 
63.2163 	 0 
63.6923 	 0 
63.6923 	 1 
63.6923 	 2 
63.8200 	 2 
63.9361 	 0 
63.9478 	 1 
63.9478 	 2 
64.0522 	 0 
64.0639 	 2 
64.1800 	 2 
64.1800 	 1 
64.1800 	 0 
64.3193 	 0 
64.3193 	 2 
64.6560 	 0 
64.6676 	 1 
64.6676 	 2 
65.1436 	 1 
65.1436 	 0 
65.1436 	 2 
65.2597 	 1 
65.2597 	 2 
65.3874 	 0 
65.3874 	 1 
65.3874 	 2 
65.5151 	 0 
65.5151 	 1 
65.5151 	 2 
65.8634 	 1 
65.8634 	 0 
65.8634 	 2 
65.9911 	 0 
65.9911 	 1 
65.9911 	 2 
66.1072 	 2 
66.1072 	 0 
66.1188 	 1 
66.5948 	 2 
66.5948 	 0 
66.5948 	 1 
66.7109 	 1 
66.7225 	 2 
66.7225 	 0 
67.0824 	 2 
67.0824 	 0 
67.0824 	 1 
67.5585 	 1 
67.5701 	 0 
67.5701 	 2 
68.0461 	 1 
68.0461 	 0 
68.0461 	 2 
68.3131 	 0 
68.5337 	 2 
68.5337 	 1 
68.5337 	 0 
68.7775 	 1 
69.0097 	 1 
69.0213 	 2 
69.0213 	 0 
69.4973 	 1 
69.4973 	 2 
69.4973 	 0 
69.7411 	 1 
69.9849 	 2 
69.9849 	 0 
69.9849 	 1 
70.4726 	 2 
70.4726 	 0 
70.4726 	 1 
70.9486 	 0 
70.9486 	 2 
70.9486 	 1 
71.4362 	 1 
71.4362 	 0 
71.4362 	 2 
71.7961 	 2 
71.9122 	 1 
71.9238 	 2 
71.9238 	 0 
72.3998 	 0 
72.3998 	 2 
72.3998 	 1 
72.8874 	 0 
72.8874 	 1 
72.8874 	 2 
73.1312 	 2 
73.1312 	 0 
73.3751 	 1 
73.3751 	 0 
73.3751 	 2 
73.8511 	 2 
73.8511 	 1 
73.8627 	 0 
73.9788 	 1 
74.0949 	 0 
74.0949 	 1 
74.0949 	 2 
74.3387 	 2 
74.3387 	 1 
74.3387 	 0 
74.5825 	 2 
74.5825 	 1 
74.5825 	 0 
74.8263 	 2 
74.8263 	 1 
74.8263 	 0 
75.0701 	 2 
75.0701 	 1 
75.0701 	 0 
75.3023 	 0 
75.3139 	 2 
75.3139 	 1 
75.5461 	 1 
75.5461 	 2 
75.5577 	 0 
75.6622 	 2 
75.6738 	 0 
75.7899 	 1 
75.7899 	 2 
75.8015 	 0 
75.9060 	 1 
75.9060 	 2 
76.0337 	 1 
76.0337 	 2 
76.0337 	 0 
76.2776 	 2 
76.2776 	 0 
76.2776 	 1 
76.3937 	 1 
76.3937 	 2 
76.5214 	 1 
76.5214 	 0 
76.5214 	 2 
76.6375 	 1 
76.6375 	 2 
76.7652 	 0 
76.7652 	 2 
76.7652 	 1 
76.9974 	 2 
76.9974 	 1 
77.0090 	 0 
77.2412 	 2 
77.2412 	 1 
77.2412 	 0 
77.4850 	 2 
77.4850 	 1 
77.4850 	 0 
77.6011 	 1 
77.7172 	 0 
77.7288 	 1 
77.7288 	 2 
77.8565 	 1 
77.9726 	 0 
77.9726 	 1 
77.9842 	 2 
78.0887 	 1 
78.0887 	 0 
78.1003 	 2 
78.2048 	 0 
78.2164 	 1 
78.2164 	 2 
78.3325 	 0 
78.3325 	 1 
78.3325 	 2 
78.4486 	 0 
78.4602 	 1 
78.4602 	 2 
78.5647 	 0 
78.5763 	 1 
78.5763 	 2 
78.6924 	 1 
78.6924 	 2 
78.6924 	 0 
78.8085 	 1 
78.8085 	 0 
78.8085 	 2 
78.9246 	 1 
78.9478 	 2 
79.0639 	 1 
79.0756 	 2 
79.1800 	 1 
79.1917 	 0 
79.2033 	 2 
79.2961 	 1 
79.2961 	 0 
79.3194 	 2 
79.4239 	 0 
79.4239 	 1 
79.4239 	 2 
79.5400 	 0 
79.5516 	 1 
79.5516 	 2 
79.6677 	 1 
79.6677 	 2 
79.7838 	 1 
79.7954 	 2 
79.9115 	 1 
79.9115 	 2 
80.0276 	 1 
80.0276 	 2 
80.1437 	 1 
80.1437 	 2 
80.2598 	 1 
80.2598 	 2 
80.3875 	 1 
80.3875 	 2 
80.3991 	 0 
80.5036 	 1 
80.5152 	 0 
80.5152 	 2 
80.6197 	 1 
80.6313 	 0 
80.6313 	 2 
80.7474 	 1 
80.7590 	 2 
80.8751 	 2 
80.8751 	 0 
80.8751 	 1 
80.9912 	 1 
81.1073 	 1 
81.1189 	 2 
81.2350 	 1 
81.2466 	 0 
81.2466 	 2 
81.3627 	 0 
81.3627 	 1 
81.3627 	 2 
81.4788 	 2 
81.4788 	 1 
81.5949 	 1 
81.5949 	 0 
81.6065 	 2 
81.7226 	 1 
81.7226 	 2 
81.8387 	 1 
81.8503 	 2 
81.9664 	 2 
81.9664 	 1 
82.0825 	 1 
82.0941 	 2 
82.1986 	 1 
82.2102 	 2 
82.3147 	 1 
82.3263 	 2 
82.4424 	 2 
82.4424 	 1 
82.5585 	 1 
82.5702 	 2 
82.6746 	 1 
82.6863 	 2 
82.6863 	 0 
82.8140 	 1 
82.8140 	 0 
82.8140 	 2 
82.9301 	 2 
82.9301 	 1 
82.9301 	 0 
83.0462 	 2 
83.0462 	 1 
83.0578 	 0 
83.1739 	 2 
83.1739 	 0 
83.1739 	 1 
83.2900 	 2 
83.2900 	 0 
83.2900 	 1 
83.4061 	 0 
83.4061 	 2 
83.4177 	 1 
83.5338 	 1 
83.5338 	 0 
83.5338 	 2 
83.6499 	 2 
83.6615 	 0 
83.6615 	 1 
83.7776 	 1 
83.7776 	 0 
83.7776 	 2 
83.8937 	 1 
83.8937 	 0 
83.8937 	 2 
84.0214 	 1 
84.0214 	 2 
84.0214 	 0 
84.1375 	 0 
84.1375 	 1 
84.1375 	 2 
84.2652 	 0 
84.2652 	 2 
84.2652 	 1 
84.3813 	 2 
84.3813 	 0 
84.3813 	 1 
84.4974 	 1 
84.5090 	 0 
84.5090 	 2 
84.6251 	 2 
84.6251 	 0 
84.6251 	 1 
84.7412 	 1 
84.7528 	 0 
84.7528 	 2 
84.8689 	 2 
84.8689 	 1 
84.8689 	 0 
84.9850 	 2 
84.9850 	 1 
84.9966 	 0 
85.1011 	 1 
85.1127 	 2 
85.1127 	 0 
85.2288 	 2 
85.2288 	 1 
85.2288 	 0 
85.3449 	 1 
85.3449 	 2 
85.3449 	 0 
85.4727 	 2 
85.4727 	 1 
85.4727 	 0 
85.5888 	 0 
85.5888 	 2 
85.6004 	 1 
85.7049 	 1 
85.7165 	 0 
85.7165 	 2 
85.8326 	 0 
85.8326 	 2 
85.9603 	 0 
85.9603 	 2 
85.9603 	 1 
86.0764 	 2 
86.0764 	 1 
86.0764 	 0 
86.1925 	 2 
86.1925 	 0 
86.1925 	 1 
86.3202 	 2 
86.3202 	 1 
86.3202 	 0 
86.4363 	 1 
86.4479 	 2 
86.5524 	 1 
86.5524 	 2 
86.5640 	 0 
86.6801 	 1 
86.6801 	 2 
86.7033 	 0 
86.8078 	 1 
86.8078 	 2 
86.8194 	 0 
86.9239 	 2 
86.9239 	 1 
86.9355 	 0 
87.0400 	 2 
87.0516 	 1 
87.0632 	 0 
87.1677 	 2 
87.1677 	 1 
87.2838 	 2 
87.2838 	 0 
87.2954 	 1 
87.4115 	 0 
87.4115 	 1 
87.4115 	 2 
87.5276 	 2 
87.5276 	 0 
87.5276 	 1 
87.6437 	 1 
87.6437 	 0 
87.6553 	 2 
87.7714 	 2 
87.7714 	 1 
87.7714 	 0 
87.8875 	 1 
87.8991 	 2 
87.8991 	 0 
88.0036 	 1 
88.0152 	 0 
88.0152 	 2 
88.1313 	 0 
88.1313 	 1 
88.1429 	 2 
88.2590 	 2 
88.2590 	 1 
88.2707 	 0 
88.3751 	 1 
88.3751 	 2 
88.4912 	 2 
88.4912 	 0 
88.5029 	 1 
88.6190 	 1 
88.6190 	 2 
88.7351 	 1 
88.7351 	 2 
88.8512 	 1 
88.8628 	 2 
88.9789 	 2 
88.9789 	 1 
89.0021 	 0 
89.1066 	 1 
89.1066 	 2 
89.1182 	 0 
89.2227 	 1 
89.2227 	 2 
89.2343 	 0 
89.3504 	 1 
89.3504 	 2 
89.4549 	 1 
89.4665 	 2 
89.4665 	 0 
89.5826 	 2 
89.5826 	 1 
89.5826 	 0 
89.7103 	 2 
89.7103 	 1 
89.7103 	 0 
89.8264 	 2 
89.8264 	 1 
89.8264 	 0 
89.9425 	 2 
89.9541 	 1 
89.9541 	 0 
90.0702 	 2 
90.0702 	 1 
90.0702 	 0 
90.1863 	 0 
90.1863 	 2 
90.1979 	 1 
90.3140 	 0 
90.3140 	 2 
90.3140 	 1 
90.4301 	 1 
90.4301 	 2 
90.4417 	 0 
90.5462 	 1 
90.5462 	 2 
90.5578 	 0 
90.6739 	 1 
90.6739 	 0 
90.6739 	 2 
90.7900 	 0 
90.7900 	 1 
90.7900 	 2 
90.9061 	 0 
90.9177 	 1 
90.9177 	 2 
91.0338 	 0 
91.0338 	 2 
91.0338 	 1 
91.1499 	 0 
91.1615 	 1 
91.1615 	 2 
91.2776 	 2 
91.2776 	 0 
91.2893 	 1 
91.3937 	 0 
91.3937 	 1 
91.4054 	 2 
91.5215 	 0 
91.5215 	 2 
91.5215 	 1 
91.6376 	 1 
91.6376 	 0 
91.6376 	 2 
91.7537 	 1 
91.7537 	 0 
91.7653 	 2 
91.8814 	 2 
91.8814 	 1 
91.9975 	 1 
92.0091 	 2 
92.0091 	 0 
92.1252 	 1 
92.1252 	 0 
92.1252 	 2 
92.2413 	 1 
92.2529 	 0 
92.2529 	 2 
92.3690 	 2 
92.3690 	 1 
92.3690 	 0 
92.4851 	 0 
92.4851 	 2 
92.4851 	 1 
92.6012 	 2 
92.6128 	 1 
92.6128 	 0 
92.7289 	 2 
92.7289 	 1 
92.7289 	 0 
92.8450 	 2 
92.8450 	 0 
92.8566 	 1 
92.9727 	 0 
92.9727 	 1 
92.9727 	 2 
93.0888 	 0 
93.0888 	 1 
93.1004 	 2 
93.2049 	 0 
93.2165 	 1 
93.2165 	 2 
93.3210 	 0 
93.3326 	 2 
93.3326 	 1 
93.4487 	 2 
93.4487 	 0 
93.4487 	 1 
93.5648 	 0 
93.5764 	 2 
93.5764 	 1 
93.7041 	 1 
93.7041 	 2 
93.8202 	 1 
93.8318 	 2 
93.9363 	 1 
93.9363 	 0 
93.9479 	 2 
94.0524 	 0 
94.0524 	 1 
94.0640 	 2 
94.1801 	 2 
94.1801 	 0 
94.1801 	 1 
94.2962 	 0 
94.3078 	 1 
94.3078 	 2 
94.4239 	 1 
94.4239 	 2 
94.4239 	 0 
94.5400 	 2 
94.5400 	 1 
94.5517 	 0 
94.6561 	 2 
94.6561 	 1 
94.6678 	 0 
94.7839 	 0 
94.7839 	 1 
94.7839 	 2 
94.9000 	 2 
94.9000 	 1 
94.9116 	 0 
95.0277 	 1 
95.0277 	 2 
95.0393 	 0 
95.1438 	 1 
95.1554 	 0 
95.1554 	 2 
95.2715 	 0 
95.2715 	 1 
95.2715 	 2 
95.3760 	 1 
95.3992 	 2 
95.5037 	 0 
95.5153 	 2 
95.5153 	 1 
95.6314 	 1 
95.6430 	 2 
95.7591 	 1 
95.7591 	 2 
95.8636 	 1 
95.8752 	 2 
95.9913 	 1 
96.0029 	 0 
96.0029 	 2 
96.1190 	 1 
96.1190 	 2 
96.1190 	 0 
96.2351 	 0 
96.2351 	 2 
96.2351 	 1 
96.3628 	 2 
96.3628 	 1 
96.3744 	 0 
96.4789 	 2 
96.4905 	 1 
96.4905 	 0 
96.5950 	 2 
96.6066 	 1 
96.6066 	 0 
96.7227 	 2 
96.7227 	 1 
96.7227 	 0 
96.8388 	 2 
96.8388 	 1 
96.8388 	 0 
96.9665 	 1 
96.9665 	 0 
96.9665 	 2 
97.0826 	 2 
97.0826 	 1 
97.0826 	 0 
97.1987 	 2 
97.1987 	 1 
97.1987 	 0 
97.3264 	 2 
97.3264 	 0 
97.3264 	 1 
97.4425 	 2 
97.4425 	 0 
97.4425 	 1 
97.5586 	 0 
97.5586 	 1 
97.5702 	 2 
97.6863 	 1 
97.6863 	 0 
97.6863 	 2 
97.8024 	 1 
97.8141 	 2 
97.8141 	 0 
97.9302 	 2 
97.9302 	 0 
97.9302 	 1 
98.0463 	 1 
98.0579 	 0 
98.0579 	 2 
98.1740 	 0 
98.1740 	 2 
98.1740 	 1 
98.2901 	 1 
98.3017 	 2 
98.3017 	 0 
98.4178 	 2 
98.4178 	 1 
98.4178 	 0 
98.5339 	 1 
98.5339 	 0 
98.5339 	 2 
98.6500 	 2 
98.6616 	 1 
98.6616 	 0 
98.7777 	 2 
98.7777 	 1 
98.7777 	 0 
98.8938 	 2 
98.8938 	 1 
98.9054 	 0 
99.0215 	 1 
99.0215 	 2 
99.0215 	 0 
99.1376 	 2 
99.1376 	 1 
99.1376 	 0 
99.2653 	 2 
99.2653 	 1 
99.2653 	 0 
99.3814 	 1 
99.3814 	 0 
99.3814 	 2 
99.4975 	 1 
99.4975 	 0 
99.4975 	 2 
99.6252 	 1 
99.6252 	 2 
99.6252 	 0 
99.7413 	 0 
99.7413 	 1 
99.7413 	 2 
99.8574 	 1 
99.8690 	 2 
99.8690 	 0 
99.9851 	 1 
99.9851 	 2 
100.1128 	 2 
100.1128 	 1 
100.2289 	 1 
100.2289 	 2 
100.3450 	 2 
100.3450 	 0 
100.3566 	 1 
100.4727 	 1 
100.4727 	 2 
100.5888 	 1 
100.6005 	 2 
100.6005 	 0 
100.7166 	 0 
100.7166 	 2 
100.7166 	 1 
100.8327 	 0 
100.8327 	 1 
100.8327 	 2 
100.9604 	 0 
100.9604 	 2 
100.9604 	 1 
101.0765 	 1 
101.0765 	 0 
101.0765 	 2 
101.1926 	 0 
101.1926 	 2 
101.2042 	 1 
101.3203 	 1 
101.3203 	 2 
101.3203 	 0 
101.4364 	 1 
101.4364 	 2 
101.4364 	 0 
101.5641 	 1 
101.5641 	 2 
101.6802 	 1 
101.6802 	 0 
101.6802 	 2 
101.7963 	 1 
101.8079 	 2 
101.9240 	 2 
101.9240 	 1 
102.0401 	 1 
102.0401 	 2 
102.1562 	 2 
102.1678 	 1 
102.2839 	 1 
102.2839 	 2 
102.2955 	 0 
102.4000 	 1 
102.4116 	 2 
102.4232 	 0 
102.5277 	 1 
102.5393 	 2 
102.5393 	 0 
102.6554 	 1 
102.6554 	 2 
102.6554 	 0 
102.7715 	 2 
102.7715 	 0 
102.7715 	 1 
102.8876 	 2 
102.8992 	 1 
103.0037 	 0 
103.0153 	 2 
103.0153 	 1 
103.1314 	 0 
103.1314 	 2 
103.1314 	 1 
103.2475 	 1 
103.2591 	 0 
103.2591 	 2 
103.3752 	 1 
103.3752 	 2 
103.4913 	 2 
103.4913 	 1 
103.6074 	 1 
103.6190 	 2 
103.7351 	 2 
103.7351 	 1 
103.8512 	 2 
103.8512 	 1 
103.9790 	 2 
103.9790 	 0 
103.9790 	 1 
104.0951 	 1 
104.1067 	 2 
104.2112 	 1 
104.2228 	 2 
104.3273 	 1 
104.3389 	 2 
104.4666 	 1 
104.5014 	 1 
104.5827 	 2 
104.5943 	 1 
104.5943 	 0 
104.6988 	 2 
104.7104 	 1 
104.7104 	 0 
104.8265 	 0 
104.8265 	 2 
104.8265 	 1 
104.9426 	 1 
104.9426 	 2 
104.9542 	 0 
105.0703 	 1 
105.0703 	 2 
105.0819 	 0 
105.1864 	 0 
105.1864 	 1 
105.1864 	 2 
105.3025 	 2 
105.3025 	 1 
105.3141 	 0 
105.4302 	 0 
105.4302 	 2 
105.4418 	 1 
105.5579 	 0 
105.5579 	 2 
105.5579 	 1 
105.6740 	 2 
105.6740 	 0 
105.6740 	 1 
105.7901 	 2 
105.7901 	 1 
105.7901 	 0 
105.9178 	 2 
105.9178 	 0 
105.9178 	 1 
106.0339 	 0 
106.0339 	 2 
106.0339 	 1 
106.1500 	 2 
106.1500 	 1 
106.1616 	 0 
106.2777 	 1 
106.2777 	 2 
106.2777 	 0 
106.3938 	 1 
106.3938 	 2 
106.3938 	 0 
106.5215 	 2 
106.5215 	 0 
106.5332 	 1 
106.6376 	 1 
106.6376 	 0 
106.6376 	 2 
106.7537 	 1 
106.7537 	 2 
106.7537 	 0 
106.8815 	 1 
106.8815 	 2 
106.8815 	 0 
106.9976 	 1 
106.9976 	 0 
107.0092 	 2 
107.1253 	 0 
107.1253 	 1 
107.1253 	 2 
107.2414 	 1 
107.2414 	 2 
107.2414 	 0 
107.3575 	 2 
107.3691 	 1 
107.3691 	 0 
107.4852 	 1 
107.4852 	 2 
107.4852 	 0 
107.6013 	 1 
107.6013 	 0 
107.6013 	 2 
107.7174 	 1 
107.7290 	 0 
107.7290 	 2 
107.8451 	 2 
107.8451 	 1 
107.8567 	 0 
107.9612 	 1 
107.9728 	 2 
107.9728 	 0 
108.0889 	 1 
108.0889 	 2 
108.0889 	 0 
108.2050 	 2 
108.2050 	 0 
108.2050 	 1 
108.3327 	 0 
108.3327 	 2 
108.4488 	 0 
108.4488 	 2 
108.4604 	 1 
108.5649 	 2 
108.5765 	 0 
108.5765 	 1 
108.6926 	 1 
108.6926 	 0 
108.6926 	 2 
108.8203 	 0 
108.8203 	 2 
108.8203 	 1 
108.9364 	 1 
108.9364 	 2 
108.9364 	 0 
109.0525 	 0 
109.0525 	 2 
109.0525 	 1 
109.1802 	 1 
109.1802 	 2 
109.1802 	 0 
109.2963 	 2 
109.2963 	 0 
109.3079 	 1 
109.4124 	 0 
109.4240 	 1 
109.4240 	 2 
109.5401 	 2 
109.5401 	 0 
109.5401 	 1 
109.6562 	 2 
109.6562 	 0 
109.6562 	 1 
109.7839 	 2 
109.7839 	 0 
109.7839 	 1 
109.9117 	 1 
109.9117 	 2 
109.9117 	 0 
110.0278 	 0 
110.0278 	 1 
110.0278 	 2 
110.1439 	 1 
110.1439 	 2 
110.1439 	 0 
110.2716 	 0 
110.2716 	 1 
110.2716 	 2 
110.3877 	 0 
110.3877 	 2 
110.3877 	 1 
110.5038 	 0 
110.5038 	 2 
110.5038 	 1 
110.6315 	 2 
110.6315 	 0 
110.6315 	 1 
110.7476 	 2 
110.7592 	 0 
110.7592 	 1 
110.8753 	 1 
110.8753 	 2 
110.8753 	 0 
110.9914 	 1 
110.9914 	 2 
110.9914 	 0 
111.1075 	 2 
111.1075 	 0 
111.1191 	 1 
111.2352 	 1 
111.2352 	 0 
111.2352 	 2 
111.3513 	 0 
111.3513 	 2 
111.3629 	 1 
111.4790 	 2 
111.4790 	 1 
111.4790 	 0 
111.5951 	 0 
111.5951 	 2 
111.5951 	 1 
111.7112 	 2 
111.7228 	 1 
111.7228 	 0 
111.8389 	 0 
111.8389 	 2 
111.8389 	 1 
111.9550 	 0 
111.9550 	 2 
111.9666 	 1 
112.0827 	 2 
112.0827 	 0 
112.0827 	 1 
112.1988 	 1 
112.1988 	 2 
112.1988 	 0 
112.3265 	 1 
112.3265 	 2 
112.3265 	 0 
112.4426 	 1 
112.4426 	 2 
112.4426 	 0 
112.5587 	 2 
112.5703 	 1 
112.5703 	 0 
112.6864 	 1 
112.6864 	 2 
112.6864 	 0 
112.8025 	 2 
112.8141 	 1 
112.8141 	 0 
112.9186 	 2 
112.9302 	 1 
112.9302 	 0 
113.0463 	 1 
113.0463 	 2 
113.0463 	 0 
113.1624 	 0 
113.1741 	 2 
113.1741 	 1 
113.2902 	 0 
113.2902 	 1 
113.3018 	 2 
113.4063 	 2 
113.4063 	 0 
113.4063 	 1 
113.5340 	 0 
113.5340 	 2 
113.5340 	 1 
113.6501 	 0 
113.6501 	 2 
113.6617 	 1 
113.7778 	 1 
113.7778 	 2 
113.7778 	 0 
113.8939 	 1 
113.8939 	 2 
113.8939 	 0 
114.0216 	 0 
114.0216 	 1 
114.0216 	 2 
114.1377 	 0 
114.1377 	 2 
114.1493 	 1 
114.2654 	 1 
114.2654 	 0 
114.2654 	 2 
114.3815 	 2 
114.3815 	 1 
114.3815 	 0 
114.4976 	 2 
114.4976 	 0 
114.4976 	 1 
114.6253 	 2 
114.6253 	 0 
114.6253 	 1 
114.7414 	 0 
114.7414 	 2 
114.7530 	 1 
114.8575 	 0 
114.8691 	 1 
114.8691 	 2 
114.9852 	 1 
114.9852 	 2 
114.9852 	 0 
115.1013 	 2 
115.1129 	 0 
115.1129 	 1 
115.2290 	 1 
115.2290 	 0 
115.2290 	 2 
115.3451 	 1 
115.3451 	 0 
115.3451 	 2 
115.4612 	 0 
115.4612 	 2 
115.4728 	 1 
115.5889 	 2 
115.5889 	 1 
115.5889 	 0 
115.7166 	 2 
115.7166 	 1 
115.7166 	 0 
115.8327 	 1 
115.8327 	 0 
115.8327 	 2 
115.9488 	 2 
115.9488 	 1 
115.9488 	 0 
116.0766 	 2 
116.0766 	 1 
116.0766 	 0 
116.1114 	 1 
116.1114 	 2 
116.1927 	 1 
116.1927 	 0 
116.2043 	 2 
116.3204 	 0 
116.3204 	 2 
116.3204 	 1 
116.4365 	 0 
116.4365 	 2 
116.4365 	 1 
116.5526 	 0 
116.5642 	 2 
116.5642 	 1 
116.6803 	 0 
116.6803 	 2 
116.6919 	 1 
116.7964 	 2 
116.7964 	 1 
116.7964 	 0 
116.9241 	 2 
116.9241 	 1 
116.9241 	 0 
117.0402 	 2 
117.0518 	 0 
117.1679 	 2 
117.1679 	 0 
117.1679 	 1 
117.2724 	 2 
117.2840 	 0 
117.2840 	 1 
117.4001 	 2 
117.4001 	 1 
117.4001 	 0 
117.5278 	 0 
117.5278 	 1 
117.5278 	 2 
117.6555 	 1 
117.6555 	 2 
117.6555 	 0 
117.7716 	 1 
117.7716 	 2 
117.7716 	 0 
117.8877 	 1 
117.8877 	 2 
117.8877 	 0 
118.0154 	 0 
118.0154 	 2 
118.0154 	 1 
118.1315 	 2 
118.1315 	 0 
118.1431 	 1 
118.2476 	 2 
118.2476 	 0 
118.2592 	 1 
118.3753 	 2 
118.3753 	 0 
118.3753 	 1 
118.4914 	 2 
118.5030 	 0 
118.5030 	 1 
118.6191 	 1 
118.6191 	 2 
118.6191 	 0 
118.7352 	 0 
118.7352 	 2 
118.7468 	 1 
118.8513 	 1 
118.8513 	 2 
118.8629 	 0 
118.9790 	 1 
118.9790 	 2 
118.9790 	 0 
119.0951 	 1 
119.1068 	 0 
119.1068 	 2 
119.2229 	 1 
119.2229 	 2 
119.2229 	 0 
119.3390 	 2 
119.3390 	 0 
119.3390 	 1 
119.4667 	 0 
119.4667 	 1 
119.4667 	 2 
119.5944 	 0 
119.5944 	 1 
119.5944 	 2 
119.7105 	 1 
119.7105 	 2 
119.7105 	 0 
119.8150 	 1 
119.8266 	 0 
119.8382 	 2 
119.9427 	 1 
119.9543 	 0 
119.9543 	 2 
120.0704 	 2 
120.0704 	 1 
120.0704 	 0 
120.1865 	 2 
120.1865 	 0 
120.1981 	 1 
120.3026 	 1 
120.3026 	 0 
120.3026 	 2 
120.4303 	 1 
120.4303 	 0 
120.4303 	 2 
120.4883 	 1 
120.5464 	 0 
120.5464 	 2 
120.5464 	 1 
120.7786 	 1 
120.7902 	 2 
121.0224 	 1 
121.0340 	 0 
121.0340 	 2 
121.2662 	 1 
121.2662 	 2 
121.2778 	 0 
121.4984 	 0 
121.5100 	 1 
121.5100 	 2 
121.6261 	 2 
121.7422 	 0 
121.7538 	 1 
121.7538 	 2 
121.9860 	 1 
121.9860 	 0 
121.9860 	 2 
122.1137 	 1 
122.2415 	 2 
122.2415 	 1 
122.2415 	 0 
122.2995 	 1 
122.3692 	 2 
122.3692 	 1 
122.4272 	 1 
122.4853 	 0 
122.4853 	 1 
122.4853 	 2 
122.5433 	 1 
122.6130 	 1 
122.6130 	 2 
122.6594 	 1 
122.7291 	 1 
122.7291 	 0 
122.7291 	 2 
122.8452 	 1 
122.9613 	 1 
122.9613 	 2 
122.9729 	 0 
123.2051 	 0 
123.2051 	 2 
123.2051 	 1 
123.3212 	 1 
123.4489 	 0 
123.4489 	 1 
123.4489 	 2 
123.6811 	 2 
123.6927 	 0 
123.6927 	 1 
123.8088 	 0 
123.8088 	 1 
123.8088 	 2 
123.9249 	 2 
123.9249 	 0 
123.9249 	 1 
124.0526 	 2 
124.1687 	 1 
124.1687 	 2 
124.1803 	 0 
124.2384 	 1 
124.2964 	 1 
124.2964 	 2 
124.3080 	 0 
124.3661 	 1 
124.3661 	 2 
124.4125 	 1 
124.4125 	 2 
124.4357 	 0 
124.4822 	 1 
124.5402 	 1 
124.5402 	 0 
124.5402 	 2 
124.5983 	 2 
124.5983 	 1 
124.6447 	 1 
124.6563 	 2 
124.8073 	 1 
124.8189 	 2 
124.9001 	 2 
124.9001 	 0 
124.9117 	 1 
124.9814 	 1 
124.9930 	 2 
125.1323 	 2 
125.1439 	 0 
125.1439 	 1 
125.3065 	 2 
125.3065 	 1 
125.4574 	 1 
125.4574 	 2 
125.6316 	 0 
125.6316 	 2 
125.6316 	 1 
125.7477 	 1 
125.7941 	 2 
125.8754 	 2 
125.8754 	 0 
125.8754 	 1 
125.9450 	 2 
125.9915 	 1 
125.9915 	 2 
125.9915 	 0 
126.1076 	 2 
126.1076 	 0 
126.1192 	 1 
126.1772 	 1 
126.2353 	 2 
126.2353 	 1 
126.2933 	 1 
126.3049 	 2 
126.3514 	 1 
126.3514 	 2 
126.3514 	 0 
126.4094 	 2 
126.4675 	 0 
126.4791 	 1 
126.4791 	 2 
126.5371 	 2 
126.5952 	 0 
126.5952 	 1 
126.5952 	 2 
126.7229 	 1 
126.8274 	 1 
126.8274 	 2 
126.8390 	 0 
127.0712 	 1 
127.0712 	 2 
127.0828 	 0 
127.1409 	 1 
127.1989 	 0 
127.1989 	 2 
127.2105 	 1 
127.2686 	 2 
127.3150 	 0 
127.3150 	 1 
127.3150 	 2 
127.4311 	 0 
127.4427 	 1 
127.4427 	 2 
127.5472 	 0 
127.5588 	 1 
127.5588 	 2 
127.6285 	 1 
127.6865 	 2 
127.6865 	 1 
127.7446 	 1 
127.7446 	 2 
127.8026 	 2 
127.8026 	 1 
127.8142 	 0 
127.8607 	 2 
127.8607 	 1 
127.9187 	 2 
127.9187 	 1 
127.9884 	 1 
127.9884 	 2 
128.0464 	 2 
128.0464 	 1 
128.0464 	 0 
128.1045 	 1 
128.1045 	 2 
128.1741 	 2 
128.1741 	 1 
128.2322 	 1 
128.2322 	 2 
128.2786 	 1 
128.2786 	 2 
128.2902 	 0 
128.5224 	 2 
128.5224 	 1 
128.5341 	 0 
128.7663 	 2 
128.7663 	 1 
128.7779 	 0 
129.0101 	 1 
129.0101 	 2 
129.0217 	 0 
129.1378 	 1 
129.2423 	 1 
129.2423 	 0 
129.2539 	 2 
129.4861 	 0 
129.4861 	 2 
129.4861 	 1 
129.7299 	 1 
129.7299 	 0 
129.7299 	 2 
129.9737 	 2 
129.9853 	 1 
129.9853 	 0 
130.0434 	 1 
130.1014 	 1 
130.1130 	 2 
130.1711 	 1 
130.1711 	 2 
130.2175 	 1 
130.2175 	 2 
130.2175 	 0 
130.2756 	 1 
130.3452 	 1 
130.3452 	 2 
130.3452 	 0 
130.4033 	 2 
130.4613 	 2 
130.4613 	 1 
130.4729 	 0 
130.7051 	 0 
130.7051 	 1 
130.7051 	 2 
130.9489 	 0 
130.9489 	 1 
130.9489 	 2 
131.0650 	 1 
131.0766 	 2 
131.1927 	 1 
131.1927 	 0 
131.1927 	 2 
131.3088 	 2 
131.3088 	 1 
131.3088 	 0 
131.4366 	 1 
131.4366 	 0 
131.4366 	 2 
131.5527 	 2 
131.5527 	 1 
131.6688 	 2 
131.6688 	 1 
131.6804 	 0 
131.7965 	 1 
131.9126 	 2 
131.9242 	 0 
131.9242 	 1 
131.9706 	 2 
131.9822 	 1 
132.0403 	 2 
132.0403 	 1 
132.0519 	 0 
132.0983 	 2 
132.1099 	 1 
132.1564 	 2 
132.1564 	 0 
132.1680 	 1 
132.2144 	 2 
132.2260 	 1 
132.2841 	 2 
132.2841 	 1 
132.2841 	 0 
132.3421 	 1 
132.4002 	 2 
132.4002 	 1 
132.4002 	 0 
132.5163 	 2 
132.5163 	 1 
132.5163 	 0 
132.6440 	 0 
132.6440 	 1 
132.6440 	 2 
132.7137 	 2 
132.8762 	 2 
132.8878 	 0 
132.8878 	 1 
133.0155 	 2 
133.1200 	 2 
133.1200 	 1 
133.1316 	 0 
133.3638 	 1 
133.3638 	 2 
133.3754 	 0 
133.4915 	 1 
133.4915 	 0 
133.4915 	 2 
133.6076 	 0 
133.6192 	 2 
133.6192 	 1 
133.6773 	 1 
133.6773 	 2 
133.6773 	 0 
133.7353 	 1 
133.7353 	 2 
133.8514 	 1 
133.8514 	 0 
133.8514 	 2 
133.8979 	 1 
133.9559 	 1 
134.0140 	 2 
134.0140 	 1 
134.0256 	 0 
134.0720 	 2 
134.0952 	 1 
134.1765 	 1 
134.1765 	 2 
134.1765 	 0 
134.2229 	 1 
134.3390 	 1 
134.3390 	 0 
134.3390 	 2 
134.4551 	 1 
134.5712 	 2 
134.5712 	 0 
134.5712 	 1 
134.8151 	 1 
134.8151 	 2 
134.8267 	 0 
134.9428 	 1 
134.9428 	 2 
135.0589 	 2 
135.0589 	 1 
135.0705 	 0 
135.1750 	 1 
135.3027 	 2 
135.3027 	 1 
135.3027 	 0 
135.4188 	 2 
135.4188 	 0 
135.4304 	 1 
135.4884 	 1 
135.5465 	 1 
135.5465 	 0 
135.5465 	 2 
135.6161 	 1 
135.6626 	 0 
135.6626 	 2 
135.6742 	 1 
135.7322 	 1 
135.7903 	 0 
135.7903 	 2 
135.7903 	 1 
135.9064 	 0 
135.9180 	 1 
135.9180 	 2 
135.9761 	 2 
136.0225 	 1 
136.0341 	 2 
136.0341 	 0 
136.2663 	 1 
136.2663 	 2 
136.2895 	 0 
136.5101 	 1 
136.5101 	 2 
136.5101 	 0 
136.7539 	 0 
136.7539 	 1 
136.7539 	 2 
136.8816 	 1 
136.9861 	 2 
136.9861 	 0 
136.9861 	 1 
137.2299 	 0 
137.2415 	 1 
137.2415 	 2 
137.4737 	 0 
137.4737 	 1 
137.4854 	 2 
137.6015 	 1 
137.7176 	 1 
137.7292 	 2 
137.7292 	 0 
137.7872 	 1 
137.7872 	 0 
137.8453 	 1 
137.8453 	 0 
137.9033 	 1 
137.9149 	 0 
137.9149 	 2 
137.9614 	 0 
137.9614 	 2 
137.9614 	 1 
138.0194 	 2 
138.0310 	 1 
138.0891 	 0 
138.0891 	 1 
138.1471 	 1 
138.2052 	 1 
138.2052 	 0 
138.2052 	 2 
138.4490 	 0 
138.4490 	 2 
138.4490 	 1 
138.6928 	 2 
138.6928 	 1 
138.6928 	 0 
138.7973 	 2 
138.8089 	 1 
138.9250 	 2 
138.9366 	 1 
138.9366 	 0 
139.1688 	 0 
139.1688 	 1 
139.1688 	 2 
139.2849 	 0 
139.2965 	 2 
139.2965 	 1 
139.4126 	 1 
139.4126 	 0 
139.4126 	 2 
139.5403 	 1 
139.6564 	 1 
139.6564 	 2 
139.6680 	 0 
139.7145 	 1 
139.7261 	 0 
139.7841 	 1 
139.7841 	 2 
139.7841 	 0 
139.8422 	 2 
139.8422 	 0 
139.8422 	 1 
139.9002 	 0 
139.9002 	 2 
139.9118 	 1 
139.9583 	 2 
139.9583 	 0 
139.9583 	 1 
140.0279 	 2 
140.0279 	 0 
140.0279 	 1 
140.0744 	 0 
140.0744 	 2 
140.0860 	 1 
140.1440 	 0 
140.1440 	 1 
140.1440 	 2 
140.3066 	 1 
140.3066 	 2 
140.3066 	 0 
140.3878 	 1 
140.3878 	 2 
140.3995 	 0 
140.4691 	 0 
140.4691 	 1 
140.4691 	 2 
140.6200 	 1 
140.6317 	 2 
140.6317 	 0 
140.9451 	 1 
140.9451 	 0 
140.9451 	 2 
141.1077 	 0 
141.1077 	 2 
141.1193 	 1 
141.2586 	 1 
141.2702 	 0 
141.2702 	 2 
141.4327 	 0 
141.4327 	 2 
141.4327 	 1 
141.5953 	 2 
141.5953 	 1 
141.6069 	 0 
141.6533 	 1 
141.6533 	 0 
141.6533 	 2 
141.7230 	 0 
141.7230 	 2 
141.7230 	 1 
141.7810 	 1 
141.7810 	 0 
141.7810 	 2 
141.8391 	 1 
141.8391 	 2 
141.8391 	 0 
141.8971 	 2 
141.8971 	 1 
141.8971 	 0 
141.9552 	 2 
141.9668 	 0 
141.9668 	 1 
142.0249 	 2 
142.0249 	 1 
142.0829 	 2 
142.0829 	 1 
142.0829 	 0 
142.2454 	 1 
142.3151 	 1 
142.3267 	 0 
142.3267 	 2 
142.5589 	 2 
142.5589 	 1 
142.5705 	 0 
142.6286 	 0 
142.6286 	 1 
142.6866 	 2 
142.6866 	 0 
142.6866 	 1 
142.7447 	 2 
142.7563 	 0 
142.8027 	 0 
142.8027 	 2 
142.8143 	 1 
142.8724 	 2 
142.9304 	 2 
142.9304 	 0 
142.9420 	 1 
142.9885 	 2 
143.0001 	 1 
143.0465 	 0 
143.0465 	 2 
143.0581 	 1 
143.1046 	 0 
143.1046 	 2 
143.1046 	 1 
143.1626 	 2 
143.1742 	 1 
143.1742 	 0 
143.2207 	 2 
143.2323 	 1 
143.2903 	 0 
143.2903 	 1 
143.2903 	 2 
143.4064 	 0 
143.4064 	 2 
143.4064 	 1 
143.4761 	 1 
143.4761 	 2 
143.5341 	 0 
143.5341 	 1 
143.5341 	 2 
143.5922 	 0 
143.5922 	 1 
143.5922 	 2 
143.6502 	 1 
143.6502 	 2 
143.6619 	 0 
143.7083 	 0 
143.7083 	 2 
143.7199 	 1 
143.7663 	 2 
143.7663 	 1 
143.7780 	 0 
144.0102 	 2 
144.0102 	 0 
144.0102 	 1 
144.2540 	 1 
144.2540 	 2 
144.2540 	 0 
144.4978 	 2 
144.4978 	 0 
144.4978 	 1 
144.6139 	 1 
144.7300 	 2 
144.7300 	 0 
144.7300 	 1 
144.9738 	 2 
144.9738 	 0 
144.9854 	 1 
145.2176 	 1 
145.2292 	 2 
145.2292 	 0 
145.4614 	 1 
145.4730 	 2 
145.4730 	 0 
145.5311 	 1 
145.5311 	 0 
145.5891 	 1 
145.5891 	 0 
145.6007 	 2 
145.6472 	 0 
145.6472 	 1 
145.6588 	 2 
145.7052 	 0 
145.7052 	 1 
145.7052 	 2 
145.7633 	 1 
145.7749 	 2 
145.8213 	 2 
145.8329 	 0 
145.8329 	 1 
145.8910 	 1 
145.9490 	 1 
145.9490 	 0 
145.9606 	 2 
146.1928 	 0 
146.1928 	 1 
146.1928 	 2 
146.4250 	 2 
146.4366 	 1 
146.4366 	 0 
146.4947 	 2 
146.5527 	 0 
146.5527 	 2 
146.5527 	 1 
146.6688 	 2 
146.6688 	 1 
146.6805 	 0 
146.7966 	 1 
146.7966 	 0 
146.7966 	 2 
146.9127 	 2 
146.9127 	 1 
146.9127 	 0 
147.0288 	 2 
147.0404 	 1 
147.0404 	 0 
147.1565 	 0 
147.1565 	 1 
147.1565 	 2 
147.2842 	 1 
147.4003 	 0 
147.4003 	 2 
147.4119 	 1 
148.1201 	 1 
148.1317 	 0 
148.1317 	 2 
148.3755 	 0 
148.3755 	 2 
148.3755 	 1 
149.3391 	 2 
149.3391 	 1 
149.3507 	 0 
149.5713 	 1 
149.5829 	 0 
149.5829 	 2 
149.6410 	 1 
149.6990 	 2 
149.6990 	 1 
149.6990 	 0 
149.8151 	 2 
149.8268 	 1 
149.8268 	 0 
150.0590 	 2 
150.0590 	 1 
150.0706 	 0 
150.3028 	 1 
150.3028 	 2 
150.3028 	 0 
150.5466 	 0 
150.5466 	 1 
150.5466 	 2 
150.8136 	 2 
151.0226 	 0 
151.0226 	 2 
151.0226 	 1 
151.2664 	 1 
151.2780 	 0 
151.2780 	 2 
151.9978 	 1 
152.0094 	 0 
152.0094 	 2 
152.2416 	 2 
152.2416 	 1 
152.4390 	 2 
152.7293 	 1 
152.7293 	 0 
152.7293 	 2 
153.2053 	 2 
153.2053 	 1 
153.2169 	 0 
153.3330 	 2 
153.4491 	 1 
153.4491 	 2 
153.4607 	 0 
153.5652 	 2 
153.5652 	 1 
153.5768 	 0 
153.6929 	 1 
153.6929 	 2 
153.6929 	 0 
154.1689 	 0 
154.1689 	 2 
154.1689 	 1 
154.4127 	 1 
154.4243 	 0 
154.4243 	 2 
154.5520 	 2 
154.9003 	 0 
154.9003 	 1 
154.9119 	 2 
155.1441 	 2 
155.1441 	 1 
155.1557 	 0 
155.4228 	 2 
155.8639 	 1 
155.8756 	 0 
155.8756 	 2 
156.1194 	 2 
156.1194 	 1 
156.4212 	 2 
156.7927 	 2 
157.0830 	 0 
157.0830 	 2 
157.0830 	 1 
157.5706 	 1 
157.5706 	 2 
157.5706 	 0 
157.8725 	 1 
158.0466 	 2 
158.0466 	 1 
158.0466 	 0 
158.1627 	 2 
158.2788 	 2 
158.4065 	 1 
158.4181 	 2 
158.5459 	 2 
158.6620 	 2 
158.7780 	 1 
158.7780 	 0 
158.7780 	 2 
158.8941 	 2 
159.0102 	 2 
159.0219 	 1 
159.0219 	 0 
159.2889 	 2 
159.4050 	 2 
159.5791 	 2 
159.7417 	 1 
159.7417 	 2 
159.7417 	 0 
159.9855 	 1 
159.9855 	 0 
159.9855 	 2 
160.2293 	 2 
160.4615 	 2 
160.4731 	 1 
160.4731 	 0 
160.9491 	 0 
160.9491 	 2 
160.9607 	 1 
161.2394 	 2 
161.9127 	 1 
161.9244 	 2 
161.9244 	 0 
162.8880 	 1 
162.8880 	 2 
162.8880 	 0 
163.6078 	 2 
163.6078 	 1 
163.6194 	 0 
163.8516 	 0 
163.8632 	 1 
163.8632 	 2 
164.8152 	 1 
164.8268 	 0 
164.8268 	 2 
165.3029 	 2 
165.3145 	 0 
165.3145 	 1 
165.7905 	 2 
165.7905 	 1 
165.7905 	 0 
166.0227 	 1 
166.0343 	 0 
166.0343 	 2 
166.1504 	 1 
166.5219 	 2 
166.7541 	 2 
166.7541 	 1 
166.7657 	 0 
167.2417 	 2 
167.2417 	 0 
167.2417 	 1 
167.7293 	 0 
167.7293 	 1 
167.7293 	 2 
168.2054 	 2 
168.2170 	 0 
168.2170 	 1 
168.5653 	 2 
168.6930 	 0 
168.6930 	 1 
168.6930 	 2 
169.1806 	 0 
169.1806 	 2 
169.1806 	 1 
169.6566 	 2 
169.6566 	 1 
169.6566 	 0 
170.1442 	 2 
170.1442 	 1 
170.1442 	 0 
170.6318 	 1 
170.6318 	 0 
170.6318 	 2 
171.1078 	 2 
171.1078 	 0 
171.1078 	 1 
171.5955 	 2 
171.5955 	 0 
171.5955 	 1 
172.0831 	 0 
172.0831 	 1 
172.0831 	 2 
172.5591 	 1 
172.5591 	 0 
172.5707 	 2 
173.0467 	 1 
173.0467 	 0 
173.0467 	 2 
173.5343 	 1 
173.5343 	 0 
173.5343 	 2 
173.7781 	 1 
174.0103 	 1 
174.0103 	 0 
174.0220 	 2 
174.4980 	 2 
174.4980 	 1 
174.4980 	 0 
174.9856 	 2 
174.9856 	 0 
174.9856 	 1 
175.4732 	 1 
175.4732 	 0 
175.4732 	 2 
175.9492 	 1 
175.9492 	 0 
175.9492 	 2 
176.4368 	 1 
176.4368 	 2 
176.4368 	 0 
176.9244 	 2 
176.9244 	 0 
176.9244 	 1 
177.4005 	 2 
177.4005 	 1 
177.4005 	 0 
177.8881 	 1 
177.8881 	 2 
177.8881 	 0 
178.3641 	 1 
178.3757 	 2 
178.3757 	 0 
178.8517 	 2 
178.8517 	 0 
178.8517 	 1 
179.3393 	 2 
179.3393 	 0 
179.3393 	 1 
179.8153 	 2 
179.8269 	 1 
179.8269 	 0 
180.3029 	 1 
180.3029 	 2 
180.3029 	 0 
180.7906 	 1 
180.7906 	 0 
180.7906 	 2 
181.2782 	 1 
181.2782 	 2 
181.2782 	 0 
181.7542 	 1 
181.7542 	 2 
181.7542 	 0 
182.2418 	 0 
182.2418 	 1 
182.2418 	 2 
182.7294 	 2 
182.7294 	 0 
182.7294 	 1 
183.2054 	 2 
183.2054 	 0 
183.2171 	 1 
183.6931 	 1 
183.6931 	 2 
183.6931 	 0 
184.1807 	 2 
184.1807 	 1 
184.1807 	 0 
184.6567 	 1 
184.6567 	 0 
184.6683 	 2 
185.1443 	 0 
185.1443 	 1 
185.1443 	 2 
185.6203 	 0 
185.6319 	 2 
185.6319 	 1 
186.1079 	 0 
186.1079 	 1 
186.1079 	 2 
186.3517 	 2 
186.3517 	 0 
186.3517 	 1 
186.5956 	 0 
186.5956 	 2 
186.5956 	 1 
187.0832 	 2 
187.0832 	 1 
187.0832 	 0 
188.0584 	 0 
188.0584 	 1 
188.0584 	 2 
189.0220 	 0 
189.0220 	 2 
189.0220 	 1 
189.2659 	 2 
189.9857 	 1 
189.9857 	 2 
189.9857 	 0 
190.2179 	 2 
190.2295 	 0 
190.2295 	 1 
190.4617 	 0 
190.4733 	 2 
190.4733 	 1 
190.9493 	 0 
190.9493 	 2 
190.9493 	 1 
191.5530 	 1 
191.6807 	 1 
191.7968 	 2 
191.9129 	 2 
191.9129 	 1 
191.9245 	 0 
192.4005 	 2 
192.6444 	 1 
192.8882 	 2 
192.8882 	 0 
192.8882 	 1 
193.1320 	 2 
193.8518 	 1 
193.8518 	 2 
193.8634 	 0 
194.0956 	 2 
194.0956 	 0 
194.0956 	 1 
194.3394 	 1 
194.3394 	 0 
194.3394 	 2 
194.8154 	 0 
194.8270 	 1 
194.8270 	 2 
195.7907 	 1 
195.7907 	 2 
195.8023 	 0 
196.2783 	 2 
196.3944 	 1 
196.5221 	 1 
196.7543 	 2 
196.7543 	 1 
196.7659 	 0 
196.9981 	 2 
197.2535 	 2 
197.3696 	 2 
197.4857 	 1 
197.4973 	 2 
197.6018 	 1 
197.7295 	 1 
197.7295 	 2 
197.7295 	 0 
197.9617 	 2 
197.9733 	 0 
197.9733 	 1 
198.2171 	 0 
198.2171 	 2 
198.2171 	 1 
198.6932 	 2 
198.6932 	 0 
198.6932 	 1 
199.1924 	 2 
199.6452 	 1 
199.6568 	 0 
199.6568 	 2 
200.1444 	 2 
200.1444 	 1 
200.1444 	 0 
200.2605 	 1 
200.2721 	 2 
200.3882 	 2 
200.3998 	 1 
200.6204 	 2 
200.6204 	 1 
200.6320 	 0 
200.8642 	 2 
200.8642 	 0 
200.8758 	 1 
201.1196 	 2 
201.1196 	 1 
201.2357 	 1 
201.3518 	 2 
201.3634 	 1 
201.4795 	 1 
201.5956 	 2 
201.5956 	 1 
201.5956 	 0 
201.7234 	 1 
201.7814 	 1 
201.8395 	 1 
201.8395 	 2 
201.8395 	 0 
202.0717 	 0 
202.0833 	 1 
202.0833 	 2 
202.3155 	 0 
202.3155 	 1 
202.3155 	 2 
202.5593 	 2 
202.5593 	 1 
202.5593 	 0 
202.6870 	 1 
202.8031 	 0 
202.8031 	 2 
202.8031 	 1 
203.0353 	 1 
203.0353 	 2 
203.0469 	 0 
203.2791 	 1 
203.2791 	 2 
203.2907 	 0 
203.5229 	 1 
203.5229 	 2 
203.5345 	 0 
203.5926 	 1 
203.6506 	 1 
203.6506 	 2 
203.7087 	 0 
203.7203 	 1 
203.7203 	 2 
203.7667 	 2 
203.7667 	 0 
203.7783 	 1 
203.8248 	 1 
203.8364 	 2 
203.8944 	 0 
203.8944 	 2 
203.8944 	 1 
203.9525 	 1 
203.9641 	 2 
204.0105 	 1 
204.0105 	 0 
204.0105 	 2 
204.2427 	 2 
204.2543 	 0 
204.2543 	 1 
204.4981 	 1 
204.4981 	 2 
204.4981 	 0 
204.7303 	 1 
204.7303 	 2 
204.7420 	 0 
204.8580 	 1 
204.9741 	 0 
204.9741 	 2 
204.9858 	 1 
205.1019 	 2 
205.1019 	 1 
205.1019 	 0 
205.2180 	 0 
205.2180 	 2 
205.2296 	 1 
205.3457 	 1 
205.3457 	 0 
205.3457 	 2 
205.4618 	 1 
205.4618 	 2 
205.4734 	 0 
205.5198 	 0 
205.5314 	 1 
205.5314 	 2 
205.5895 	 2 
205.5895 	 0 
205.5895 	 1 
205.6475 	 1 
205.6475 	 2 
205.6475 	 0 
205.7056 	 1 
205.7056 	 2 
205.7056 	 0 
205.7636 	 0 
205.7636 	 2 
205.7752 	 1 
205.8217 	 0 
205.8217 	 2 
205.8333 	 1 
205.8913 	 1 
205.8913 	 0 
205.8913 	 2 
205.9494 	 1 
205.9494 	 0 
205.9494 	 2 
206.1003 	 2 
206.1003 	 0 
206.1119 	 1 
206.2629 	 1 
206.2629 	 0 
206.2745 	 2 
206.4254 	 2 
206.4370 	 1 
206.4370 	 0 
206.5879 	 1 
206.7505 	 1 
206.7505 	 2 
206.9130 	 2 
206.9130 	 1 
206.9246 	 0 
207.0639 	 2 
207.0639 	 1 
207.1568 	 2 
207.1568 	 1 
207.1568 	 0 
207.4006 	 0 
207.4006 	 1 
207.4006 	 2 
207.5283 	 2 
207.5864 	 2 
207.5864 	 1 
207.6444 	 1 
207.6444 	 2 
207.6444 	 0 
207.6909 	 1 
207.7025 	 0 
207.7722 	 2 
207.8070 	 1 
207.8302 	 1 
207.8883 	 2 
207.8883 	 1 
208.0392 	 1 
208.0392 	 2 
208.2133 	 2 
208.3643 	 2 
208.3759 	 0 
208.3759 	 1 
208.6197 	 2 
208.6197 	 1 
208.6545 	 1 
208.6777 	 1 
208.7242 	 2 
208.8054 	 1 
208.8635 	 2 
208.9215 	 1 
208.9215 	 2 
208.9796 	 1 
209.0376 	 1 
209.0957 	 1 
209.1073 	 0 
209.1073 	 2 
209.1537 	 1 
209.2118 	 1 
209.2234 	 2 
209.2698 	 1 
209.2815 	 2 
209.3395 	 0 
209.3395 	 2 
209.3395 	 1 
209.3976 	 2 
209.4672 	 2 
209.4672 	 1 
209.4672 	 0 
209.5137 	 2 
209.5253 	 1 
209.5717 	 2 
209.5833 	 1 
209.5833 	 0 
209.8155 	 1 
209.8155 	 2 
209.8271 	 0 
210.0593 	 0 
210.0593 	 1 
210.0593 	 2 
210.2915 	 2 
210.3031 	 1 
210.3031 	 0 
210.4308 	 1 
210.5353 	 1 
210.5469 	 0 
210.5469 	 2 
210.7791 	 1 
210.7791 	 2 
210.7907 	 0 
211.0229 	 1 
211.0229 	 2 
211.0346 	 0 
211.2668 	 2 
211.2668 	 1 
211.2668 	 0 
211.3248 	 0 
211.3248 	 1 
211.3945 	 0 
211.3945 	 1 
211.3945 	 2 
211.4525 	 1 
211.4525 	 0 
211.4641 	 2 
211.5106 	 0 
211.5106 	 2 
211.5222 	 1 
211.5686 	 1 
211.5802 	 2 
211.6267 	 1 
211.6383 	 2 
211.6383 	 0 
211.6847 	 1 
211.6963 	 2 
211.7544 	 2 
211.7544 	 1 
211.7544 	 0 
211.8821 	 2 
211.9982 	 2 
211.9982 	 1 
211.9982 	 0 
212.2304 	 1 
212.2420 	 2 
212.2420 	 0 
212.3581 	 1 
212.4742 	 1 
212.4742 	 0 
212.4742 	 2 
212.6019 	 1 
212.7180 	 1 
212.7180 	 0 
212.7296 	 2 
212.8457 	 0 
212.8457 	 2 
212.8457 	 1 
212.9618 	 2 
212.9618 	 1 
212.9734 	 0 
213.0779 	 2 
213.0895 	 0 
213.0895 	 1 
213.2056 	 2 
213.2056 	 0 
213.2056 	 1 
213.2637 	 0 
213.3333 	 2 
213.3333 	 1 
213.3333 	 0 
213.3914 	 2 
213.3914 	 1 
213.3914 	 0 
213.4494 	 2 
213.4494 	 0 
213.4494 	 1 
213.5075 	 2 
213.5075 	 0 
213.5655 	 2 
213.5655 	 1 
213.5771 	 0 
213.6352 	 2 
213.6352 	 1 
213.6352 	 0 
213.6932 	 2 
213.6932 	 1 
213.6932 	 0 
213.7397 	 2 
213.8442 	 1 
213.8442 	 0 
213.8442 	 2 
213.9951 	 2 
214.0067 	 0 
214.1693 	 0 
214.1693 	 2 
214.1693 	 1 
214.2970 	 0 
214.2970 	 2 
214.2970 	 1 
214.4131 	 2 
214.4131 	 1 
214.4131 	 0 
214.6569 	 2 
214.6569 	 1 
214.6569 	 0 
214.9007 	 0 
214.9007 	 1 
214.9007 	 2 
214.9703 	 2 
215.0284 	 2 
215.1445 	 2 
215.1445 	 0 
215.1445 	 1 
215.3883 	 2 
215.3883 	 1 
215.3883 	 0 
215.6205 	 1 
215.6321 	 2 
215.6321 	 0 
215.7482 	 2 
215.7482 	 1 
215.8643 	 1 
215.8643 	 2 
215.8759 	 0 
216.1081 	 1 
216.1081 	 2 
216.1197 	 0 
216.2358 	 1 
216.2358 	 2 
216.3403 	 2 
216.3519 	 1 
216.3519 	 0 
216.4796 	 2 
216.4796 	 1 
216.4796 	 0 
216.5841 	 2 
216.5957 	 1 
216.5957 	 0 
216.6538 	 0 
216.7118 	 0 
216.7118 	 2 
216.7234 	 1 
216.7815 	 2 
216.8395 	 0 
216.8395 	 2 
216.8395 	 1 
216.8976 	 2 
216.9556 	 1 
216.9556 	 0 
216.9556 	 2 
217.0253 	 2 
217.0717 	 2 
217.0717 	 0 
217.0834 	 1 
218.0470 	 1 
218.0586 	 2 
218.0586 	 0 
219.0222 	 1 
219.0222 	 2 
219.0222 	 0 
219.9859 	 2 
219.9975 	 1 
220.9495 	 1 
220.9611 	 2 
220.9611 	 0 
221.9247 	 2 
221.9247 	 1 
222.8883 	 2 
222.9000 	 1 
223.8636 	 2 
223.8636 	 1 
224.8272 	 1 
224.8272 	 0 
224.8272 	 2 
225.7908 	 1 
225.7908 	 0 
225.8024 	 2 
226.7545 	 0 
226.7661 	 2 
226.7661 	 1 
227.7297 	 2 
227.7297 	 1 
227.7297 	 0 
228.6933 	 1 
228.6933 	 2 
228.6933 	 0 
228.9488 	 2 
230.6322 	 2 
230.6322 	 1 
230.6322 	 0 
231.9093 	 1 
237.4124 	 1 
237.6562 	 1 
237.9000 	 1 
238.1439 	 1 
238.3761 	 1 
241.2902 	 1 
241.7662 	 1 
241.9984 	 1 
242.2538 	 1 
242.3699 	 1 
242.4976 	 1 
242.6137 	 1 
242.7414 	 1 
242.9736 	 1 
243.2174 	 1 
243.7166 	 1 
243.8095 	 2 
243.9372 	 2 
243.9372 	 1 
244.1810 	 1 
244.1810 	 0 
244.1810 	 2 
245.1447 	 2 
245.1563 	 1 
246.1199 	 2 
246.1199 	 1 
247.0835 	 2 
247.0951 	 1 
248.0472 	 2 
248.0588 	 1 
249.0224 	 2 
249.0224 	 1 
249.9860 	 2 
249.9976 	 1 
250.9497 	 2 
250.9613 	 1 
251.9249 	 1 
