0.4876 	 2 
0.7430 	 0 
1.2307 	 0 
1.7299 	 0 
2.4729 	 0 
2.9722 	 0 
3.2276 	 0 
3.7152 	 0 
4.2144 	 0 
4.4698 	 2 
4.7253 	 0 
5.2129 	 0 
5.7121 	 0 
6.4551 	 0 
6.9544 	 0 
7.2098 	 0 
7.6974 	 0 
8.1966 	 0 
8.4521 	 2 
8.7075 	 0 
9.1951 	 0 
9.6943 	 0 
10.4374 	 0 
10.9366 	 0 
11.1920 	 0 
11.6912 	 0 
12.1905 	 0 
12.4343 	 2 
12.6897 	 0 
13.1773 	 0 
13.6766 	 0 
14.4196 	 0 
14.9304 	 0 
15.1742 	 0 
15.6735 	 0 
16.1727 	 0 
16.4165 	 2 
16.6719 	 0 
17.1595 	 0 
17.4150 	 2 
17.6588 	 0 
18.1580 	 2 
18.4134 	 0 
18.9010 	 2 
18.9127 	 0 
18.9243 	 2 
19.1565 	 0 
19.4235 	 2 
19.6557 	 0 
20.1433 	 0 
20.3987 	 2 
20.6541 	 0 
21.1418 	 0 
21.3972 	 2 
21.6526 	 0 
22.1402 	 2 
22.3956 	 0 
22.8833 	 2 
22.8949 	 0 
22.9065 	 2 
23.1387 	 0 
23.3709 	 2 
23.3941 	 2 
23.6379 	 0 
24.1371 	 0 
24.3926 	 2 
24.7525 	 1 
25.1240 	 2 
25.1356 	 0 
25.2401 	 1 
25.2517 	 2 
25.3794 	 1 
25.4955 	 2 
25.6232 	 0 
25.7393 	 1 
25.9947 	 1 
26.2385 	 1 
26.3779 	 2 
26.3779 	 0 
26.6101 	 1 
26.6217 	 2 
26.7494 	 1 
26.8771 	 0 
27.1209 	 2 
27.1209 	 0 
27.2370 	 1 
27.2370 	 2 
27.3763 	 1 
27.4924 	 2 
27.6201 	 0 
27.8639 	 2 
27.9917 	 1 
28.1194 	 0 
28.1310 	 2 
28.3632 	 2 
28.3632 	 1 
28.5025 	 2 
28.6186 	 0 
28.7463 	 1 
28.8624 	 1 
29.1062 	 1 
29.1178 	 0 
29.2339 	 1 
29.6054 	 1 
29.7332 	 1 
29.9770 	 1 
30.3601 	 1 
30.4878 	 1 
30.7316 	 1 
30.8593 	 1 
30.8709 	 2 
31.1031 	 1 
31.2308 	 1 
31.6024 	 1 
31.7301 	 1 
31.9739 	 1 
31.9855 	 2 
32.3454 	 1 
32.3570 	 2 
32.4731 	 0 
32.7285 	 0 
32.9607 	 0 
33.3555 	 0 
33.5993 	 0 
33.7154 	 0 
33.9708 	 0 
34.2146 	 0 
34.3423 	 2 
34.3423 	 1 
34.4700 	 0 
34.7138 	 0 
34.9576 	 0 
35.3408 	 0 
35.5846 	 0 
35.7123 	 0 
35.9561 	 0 
36.2115 	 0 
36.3276 	 1 
36.3392 	 2 
36.4669 	 0 
36.7107 	 0 
36.9429 	 0 
37.3261 	 0 
37.5815 	 0 
37.6976 	 0 
37.9530 	 0 
38.2084 	 0 
38.3245 	 2 
38.3245 	 1 
38.4522 	 0 
38.6961 	 0 
38.9515 	 0 
39.3230 	 0 
39.5784 	 0 
39.6945 	 0 
39.9383 	 0 
40.1821 	 0 
40.3098 	 1 
40.3215 	 2 
40.4492 	 0 
40.6814 	 0 
40.9252 	 0 
41.3083 	 0 
41.5637 	 0 
41.6914 	 0 
41.9352 	 0 
42.1907 	 0 
42.3068 	 2 
42.3068 	 1 
42.4345 	 0 
42.6783 	 0 
42.9221 	 0 
43.3052 	 0 
43.5490 	 0 
43.6767 	 0 
43.9322 	 0 
44.1760 	 0 
44.3037 	 2 
44.3037 	 1 
44.4314 	 0 
44.6752 	 0 
44.9306 	 0 
45.3021 	 0 
45.5459 	 0 
45.6737 	 0 
45.9175 	 0 
46.1729 	 0 
46.2890 	 1 
46.2890 	 2 
46.4283 	 0 
46.4399 	 2 
46.6605 	 1 
46.6605 	 0 
46.7882 	 1 
46.9043 	 0 
47.0320 	 1 
47.1597 	 1 
47.2874 	 0 
47.5312 	 0 
47.5312 	 1 
47.6590 	 1 
47.6590 	 0 
47.9144 	 1 
47.9144 	 0 
48.1582 	 0 
48.2859 	 1 
48.2859 	 2 
48.4136 	 0 
48.6574 	 0 
48.9012 	 0 
49.2727 	 0 
49.5282 	 0 
49.6559 	 0 
49.8997 	 0 
50.1551 	 0 
50.2712 	 1 
50.2828 	 2 
50.4105 	 0 
50.6427 	 0 
50.8865 	 0 
51.2697 	 0 
51.5251 	 0 
51.6528 	 0 
51.8966 	 0 
52.1404 	 0 
52.2681 	 2 
52.2681 	 1 
52.3958 	 0 
52.6396 	 0 
52.8951 	 0 
53.2550 	 0 
53.5220 	 0 
53.6381 	 0 
53.8819 	 0 
54.1373 	 0 
54.2534 	 1 
54.2650 	 2 
54.3927 	 0 
54.6366 	 0 
54.8688 	 0 
55.2519 	 0 
55.5073 	 0 
55.6350 	 0 
55.8788 	 0 
56.1226 	 0 
56.2503 	 1 
56.2503 	 2 
56.3780 	 0 
56.6219 	 0 
56.8657 	 0 
57.2488 	 0 
57.4926 	 0 
57.6203 	 0 
57.8641 	 0 
58.1195 	 0 
58.2356 	 1 
58.2473 	 2 
58.2589 	 1 
58.3750 	 0 
58.8510 	 0 
59.2341 	 0 
59.4895 	 0 
59.6172 	 0 
59.8494 	 0 
60.1049 	 0 
60.2326 	 2 
60.3719 	 0 
60.6041 	 0 
60.8479 	 0 
61.2310 	 0 
61.4864 	 0 
61.6025 	 0 
61.8463 	 0 
62.1018 	 0 
62.2179 	 1 
62.3572 	 1 
62.6010 	 1 
62.7287 	 1 
62.9725 	 1 
63.0886 	 1 
63.0886 	 2 
63.1002 	 0 
63.4717 	 1 
63.5995 	 1 
63.8433 	 2 
64.2148 	 1 
64.2148 	 2 
64.3425 	 1 
64.3425 	 0 
64.5863 	 1 
64.5863 	 0 
64.7140 	 1 
64.7256 	 2 
64.8417 	 0 
64.9578 	 1 
65.0855 	 1 
65.2132 	 0 
65.4571 	 1 
65.4687 	 0 
65.5848 	 1 
65.5964 	 0 
65.8286 	 1 
65.8402 	 0 
66.0840 	 0 
66.2117 	 2 
66.2117 	 1 
66.3278 	 1 
66.3394 	 0 
66.5716 	 1 
66.5832 	 0 
66.7109 	 1 
66.8270 	 0 
66.9431 	 1 
67.0708 	 1 
67.1985 	 0 
67.4540 	 1 
67.4540 	 0 
67.5817 	 0 
67.5817 	 1 
67.8255 	 0 
67.8255 	 1 
68.0809 	 0 
68.1970 	 2 
68.1970 	 1 
68.3247 	 0 
68.3247 	 1 
68.5685 	 1 
68.5801 	 0 
68.6962 	 1 
68.8239 	 0 
68.9400 	 1 
69.0678 	 1 
69.1955 	 0 
69.4393 	 1 
69.4393 	 0 
69.5670 	 1 
69.5786 	 0 
69.8108 	 1 
69.8224 	 0 
70.0662 	 0 
70.1939 	 1 
70.1939 	 2 
70.3100 	 1 
70.3216 	 0 
70.5654 	 0 
70.5654 	 1 
70.6932 	 1 
70.7048 	 2 
70.8209 	 0 
70.9370 	 1 
71.0531 	 1 
71.1924 	 0 
71.4246 	 0 
71.4362 	 1 
71.5523 	 1 
71.5639 	 0 
71.8077 	 0 
71.8077 	 1 
72.0631 	 0 
72.1792 	 2 
72.1792 	 1 
72.3069 	 0 
72.5507 	 0 
72.5507 	 1 
72.6901 	 2 
72.6901 	 1 
72.7946 	 0 
72.9223 	 1 
73.0500 	 1 
73.1777 	 0 
73.4215 	 1 
73.4331 	 0 
73.5492 	 1 
73.5608 	 0 
73.8046 	 1 
73.8046 	 0 
74.0484 	 0 
74.1761 	 1 
74.1761 	 2 
74.2922 	 1 
74.3039 	 0 
74.5477 	 1 
74.5477 	 0 
74.6754 	 1 
74.8031 	 0 
74.9076 	 1 
75.0469 	 1 
75.1746 	 0 
75.4184 	 0 
75.4184 	 1 
75.5461 	 0 
75.5461 	 1 
75.7899 	 1 
75.8015 	 0 
76.0454 	 0 
76.1615 	 1 
76.1615 	 2 
76.2892 	 1 
76.2892 	 0 
76.5330 	 1 
76.5446 	 0 
76.6607 	 2 
76.6723 	 1 
76.7884 	 0 
76.9045 	 1 
77.0322 	 1 
77.4037 	 1 
77.5314 	 1 
77.7868 	 1 
78.1584 	 1 
78.4022 	 1 
78.4254 	 2 
78.7737 	 1 
78.9130 	 1 
79.0291 	 1 
79.1452 	 1 
79.1568 	 2 
79.4006 	 1 
79.7722 	 1 
79.8999 	 1 
80.0276 	 1 
80.1553 	 2 
80.1553 	 1 
80.2714 	 1 
80.2830 	 0 
80.5152 	 1 
80.5268 	 0 
80.6429 	 1 
80.7822 	 0 
80.8983 	 1 
81.0144 	 1 
81.1421 	 0 
81.2698 	 2 
81.3976 	 1 
81.3976 	 0 
81.5137 	 1 
81.5253 	 0 
81.7691 	 0 
81.7691 	 1 
82.0245 	 0 
82.1406 	 1 
82.1406 	 2 
82.2683 	 0 
82.3844 	 2 
82.5121 	 0 
82.5121 	 1 
82.6398 	 2 
82.6398 	 1 
82.7675 	 0 
82.8836 	 1 
82.8836 	 2 
83.0113 	 1 
83.1390 	 0 
83.3829 	 0 
83.3829 	 1 
83.5106 	 1 
83.5106 	 0 
83.7544 	 1 
83.7544 	 0 
84.0098 	 0 
84.1259 	 1 
84.1375 	 2 
84.2536 	 1 
84.2652 	 0 
84.4974 	 1 
84.5090 	 0 
84.6367 	 1 
84.7528 	 0 
84.8689 	 1 
84.9966 	 1 
85.1244 	 0 
85.3798 	 1 
85.3798 	 0 
85.5075 	 1 
85.5075 	 0 
85.7397 	 0 
85.7513 	 1 
85.9951 	 0 
86.1228 	 2 
86.1228 	 1 
86.2505 	 1 
86.2505 	 0 
86.4943 	 0 
86.4943 	 1 
86.6220 	 1 
86.6337 	 2 
86.7498 	 0 
86.8659 	 1 
87.1213 	 0 
87.3651 	 1 
87.3651 	 0 
87.4928 	 0 
87.4928 	 1 
87.7250 	 2 
87.7366 	 1 
87.7482 	 0 
87.9920 	 0 
88.1197 	 1 
88.1197 	 2 
88.2474 	 0 
88.3519 	 2 
88.4796 	 2 
88.4912 	 1 
88.4912 	 0 
88.6190 	 1 
88.7351 	 0 
88.8512 	 2 
88.8628 	 1 
88.9789 	 1 
89.1182 	 0 
89.3620 	 0 
89.3620 	 1 
89.4897 	 1 
89.4897 	 0 
89.7335 	 1 
89.7335 	 0 
89.9889 	 0 
90.1050 	 1 
90.1050 	 2 
90.2327 	 1 
90.2327 	 0 
90.4766 	 1 
90.4882 	 0 
90.6159 	 1 
90.7320 	 0 
90.8481 	 1 
90.9758 	 1 
91.1035 	 0 
91.3473 	 1 
91.3473 	 0 
91.4750 	 1 
91.4866 	 0 
91.7304 	 1 
91.7304 	 0 
91.9742 	 0 
92.1020 	 1 
92.1020 	 2 
92.2180 	 1 
92.2297 	 0 
92.4735 	 0 
92.4735 	 1 
92.6012 	 2 
92.6012 	 1 
92.7173 	 0 
92.8450 	 1 
92.8682 	 2 
92.9611 	 1 
93.3442 	 1 
93.4719 	 1 
93.7157 	 1 
94.4588 	 1 
94.5865 	 2 
94.7142 	 1 
94.7142 	 2 
95.0857 	 2 
95.5849 	 2 
95.7010 	 2 
95.8288 	 1 
95.8520 	 2 
96.0842 	 1 
96.0958 	 2 
96.3396 	 0 
96.8272 	 1 
96.8388 	 0 
97.0826 	 1 
97.3264 	 0 
97.5702 	 1 
97.8141 	 1 
98.0811 	 0 
98.5687 	 1 
98.5803 	 0 
98.8125 	 0 
98.8125 	 1 
99.3234 	 0 
99.3234 	 1 
99.8226 	 0 
100.0664 	 2 
100.0664 	 1 
100.8094 	 1 
100.8094 	 2 
100.8210 	 0 
101.0649 	 1 
101.0649 	 2 
101.3203 	 0 
101.5525 	 1 
101.8079 	 1 
102.0633 	 0 
102.5509 	 1 
102.5509 	 0 
102.8063 	 1 
102.8063 	 0 
103.3056 	 1 
103.3056 	 0 
103.8048 	 0 
104.0486 	 1 
104.0602 	 2 
104.3040 	 0 
104.7917 	 1 
104.8033 	 0 
105.0471 	 1 
105.3025 	 0 
105.5347 	 1 
105.7901 	 1 
106.0455 	 0 
106.5448 	 0 
106.5448 	 1 
106.7886 	 0 
106.7886 	 1 
107.2878 	 1 
107.2878 	 0 
107.7870 	 0 
108.0308 	 1 
108.0308 	 2 
108.7739 	 1 
108.7855 	 0 
109.0293 	 1 
109.2847 	 0 
109.5285 	 1 
109.7723 	 1 
110.0278 	 0 
110.5154 	 1 
110.5154 	 0 
110.7708 	 1 
110.7824 	 0 
111.2700 	 0 
111.2700 	 1 
111.7693 	 0 
112.0131 	 1 
112.0247 	 2 
112.2685 	 0 
112.7561 	 1 
112.7677 	 0 
113.0231 	 1 
113.2553 	 0 
113.5107 	 1 
113.7546 	 1 
114.0100 	 0 
114.4976 	 0 
114.5092 	 1 
114.7530 	 0 
114.7530 	 1 
115.2522 	 0 
115.2522 	 1 
115.7515 	 0 
115.9953 	 1 
116.0069 	 2 
116.7383 	 1 
116.7499 	 0 
116.9937 	 1 
117.2492 	 0 
117.4930 	 1 
117.7368 	 1 
117.9922 	 0 
118.4914 	 1 
118.4914 	 0 
118.7352 	 1 
118.7468 	 0 
119.2345 	 1 
119.2461 	 0 
119.7221 	 0 
119.9775 	 1 
119.9891 	 2 
120.2329 	 0 
120.7322 	 1 
120.7322 	 0 
120.9760 	 1 
121.2314 	 0 
121.4752 	 1 
121.7190 	 1 
121.9744 	 0 
122.4737 	 0 
122.4737 	 1 
122.7291 	 1 
122.7291 	 0 
123.2167 	 1 
123.2283 	 0 
123.7159 	 0 
123.9597 	 1 
123.9713 	 2 
124.2151 	 0 
124.7144 	 1 
124.7144 	 0 
124.9582 	 1 
124.9698 	 2 
125.2136 	 0 
125.4574 	 1 
125.7128 	 1 
125.9566 	 1 
126.0844 	 0 
126.3282 	 1 
126.3398 	 0 
126.4559 	 1 
126.5836 	 0 
126.6997 	 1 
126.8274 	 1 
126.9435 	 0 
127.2105 	 1 
127.3266 	 1 
127.3266 	 0 
127.4543 	 1 
127.5704 	 1 
127.5820 	 0 
127.6981 	 1 
127.7098 	 2 
127.9536 	 0 
128.3251 	 0 
128.5689 	 0 
128.7082 	 2 
128.8127 	 2 
128.8243 	 1 
128.9520 	 0 
129.1958 	 0 
129.3235 	 0 
129.4396 	 1 
129.5673 	 0 
129.8344 	 2 
129.9389 	 0 
130.3220 	 0 
130.5542 	 0 
130.6935 	 2 
130.8096 	 1 
130.9373 	 0 
131.1927 	 0 
131.3088 	 0 
131.4366 	 1 
131.5643 	 0 
131.8197 	 2 
131.9358 	 0 
132.3073 	 0 
132.5511 	 0 
132.6904 	 2 
132.8065 	 1 
132.9342 	 0 
133.1897 	 0 
133.3058 	 0 
133.4219 	 1 
133.5496 	 0 
133.8166 	 2 
133.9327 	 0 
134.3042 	 0 
134.5480 	 0 
134.6757 	 2 
134.7918 	 1 
134.9195 	 0 
135.1750 	 0 
135.2911 	 0 
135.4188 	 1 
135.5465 	 0 
135.8135 	 2 
135.9180 	 0 
136.2895 	 0 
136.5333 	 0 
136.6610 	 2 
136.7888 	 1 
136.9165 	 0 
137.1719 	 0 
137.2880 	 0 
137.4041 	 1 
137.5318 	 0 
137.7988 	 2 
137.9149 	 0 
138.2864 	 0 
138.5302 	 0 
138.6580 	 2 
138.7741 	 1 
138.7741 	 2 
138.9018 	 0 
139.1572 	 0 
139.2849 	 0 
139.4010 	 1 
139.4010 	 2 
139.5287 	 0 
139.7957 	 2 
139.9002 	 0 
140.2717 	 2 
140.2717 	 0 
140.5272 	 0 
140.6549 	 2 
140.7710 	 1 
140.8987 	 0 
141.1425 	 0 
141.2702 	 0 
141.3863 	 2 
141.3979 	 1 
141.5140 	 0 
141.7694 	 2 
141.8971 	 0 
141.8971 	 1 
142.0132 	 2 
142.0132 	 1 
142.2571 	 1 
142.2687 	 0 
142.3848 	 1 
142.5125 	 0 
142.6402 	 2 
142.6402 	 1 
142.7563 	 1 
142.8956 	 0 
143.1394 	 1 
143.1394 	 0 
143.2555 	 1 
143.2671 	 0 
143.3832 	 1 
143.5109 	 1 
143.5109 	 0 
143.5225 	 2 
143.7780 	 2 
143.8824 	 0 
144.2540 	 0 
144.4978 	 0 
144.6371 	 2 
144.7532 	 1 
144.8809 	 0 
145.1363 	 0 
145.2524 	 0 
145.3801 	 1 
145.4962 	 0 
145.7633 	 2 
145.8794 	 0 
146.2509 	 0 
146.4947 	 0 
146.6224 	 2 
146.7385 	 1 
146.8778 	 0 
147.1216 	 0 
147.2493 	 0 
147.3654 	 1 
147.4932 	 0 
147.7486 	 2 
147.8647 	 0 
148.2478 	 0 
148.4800 	 0 
148.6193 	 2 
148.7238 	 2 
148.7354 	 1 
148.8631 	 0 
148.9792 	 2 
149.1069 	 0 
149.2346 	 0 
149.3624 	 1 
149.4901 	 0 
149.7455 	 2 
149.8500 	 0 
150.2331 	 0 
150.4769 	 0 
150.6162 	 2 
150.7207 	 2 
150.7323 	 1 
150.8600 	 0 
151.1155 	 0 
151.2316 	 0 
151.3477 	 1 
151.4870 	 0 
151.7424 	 2 
151.8469 	 0 
152.2300 	 0 
152.4622 	 0 
152.6015 	 2 
152.7176 	 1 
152.8454 	 0 
153.1008 	 0 
153.2169 	 0 
153.3330 	 2 
153.3446 	 1 
153.4723 	 0 
153.7393 	 2 
153.8438 	 0 
154.2153 	 0 
154.4591 	 0 
154.5985 	 2 
154.7029 	 2 
154.7146 	 1 
154.8423 	 0 
155.0977 	 0 
155.2138 	 0 
155.3299 	 1 
155.3299 	 2 
155.4576 	 0 
155.7478 	 2 
155.8407 	 0 
156.2122 	 0 
156.4561 	 0 
156.5838 	 2 
156.6999 	 1 
156.8276 	 0 
157.0830 	 0 
157.2107 	 0 
157.3268 	 1 
157.3268 	 2 
157.4545 	 0 
157.7099 	 2 
157.8260 	 1 
157.8260 	 0 
157.9537 	 1 
158.1976 	 0 
158.1976 	 1 
158.3137 	 1 
158.4414 	 0 
158.5691 	 2 
158.5807 	 1 
158.6968 	 1 
159.0567 	 2 
159.0683 	 1 
159.1960 	 1 
159.4398 	 2 
159.4398 	 1 
159.8113 	 1 
159.8113 	 2 
159.8229 	 0 
160.0668 	 0 
160.1945 	 1 
160.3106 	 1 
160.4267 	 2 
160.4383 	 1 
160.5660 	 0 
160.6821 	 1 
160.6821 	 2 
160.8098 	 0 
160.8098 	 2 
161.0652 	 1 
161.0652 	 0 
161.1813 	 1 
161.1929 	 0 
161.3090 	 1 
161.4367 	 0 
161.4367 	 1 
161.7038 	 2 
161.8083 	 0 
161.8083 	 1 
161.9360 	 1 
162.0637 	 0 
162.1798 	 1 
162.1914 	 2 
162.2959 	 1 
162.3191 	 1 
162.4236 	 1 
162.5281 	 0 
162.5629 	 0 
162.6790 	 1 
162.8067 	 0 
162.8067 	 2 
163.0505 	 1 
163.0621 	 0 
163.1782 	 1 
163.1782 	 0 
163.2943 	 2 
163.3059 	 1 
163.4220 	 2 
163.4220 	 1 
163.4337 	 0 
163.5614 	 1 
163.6775 	 2 
163.7936 	 2 
163.8052 	 1 
163.8052 	 0 
163.9213 	 1 
164.0490 	 0 
164.1767 	 1 
164.2928 	 1 
164.4089 	 2 
164.4205 	 1 
164.5482 	 0 
164.6759 	 1 
164.7920 	 2 
164.8036 	 0 
165.0358 	 0 
165.0474 	 1 
165.1635 	 1 
165.1751 	 0 
165.2912 	 1 
165.4190 	 1 
165.4190 	 0 
165.6744 	 2 
165.7905 	 0 
165.7905 	 1 
165.9182 	 1 
166.0459 	 0 
166.1736 	 1 
166.2897 	 1 
166.4058 	 1 
166.4058 	 2 
166.5451 	 0 
166.6612 	 1 
166.7889 	 2 
166.7889 	 0 
167.0327 	 1 
167.0444 	 0 
167.1605 	 1 
167.1721 	 0 
167.2882 	 1 
167.4043 	 2 
167.4043 	 0 
167.4159 	 1 
167.6597 	 2 
167.7874 	 1 
167.7874 	 0 
167.7990 	 2 
168.0312 	 0 
168.1589 	 1 
168.1589 	 2 
168.2750 	 1 
168.3911 	 2 
168.4027 	 1 
168.6581 	 1 
168.7859 	 0 
168.7859 	 2 
169.0297 	 1 
169.0297 	 0 
169.1574 	 1 
169.1574 	 0 
169.2735 	 1 
169.4012 	 1 
169.4012 	 0 
169.6682 	 2 
169.7727 	 1 
169.7843 	 0 
169.9004 	 1 
170.0281 	 0 
170.1558 	 1 
170.1558 	 2 
170.2719 	 1 
170.3880 	 2 
170.3996 	 1 
170.5273 	 0 
170.6551 	 1 
170.7712 	 2 
170.7712 	 0 
170.7712 	 1 
171.0150 	 1 
171.0266 	 0 
171.1427 	 1 
171.1543 	 0 
171.2704 	 1 
171.3981 	 0 
171.3981 	 1 
171.6535 	 2 
171.7696 	 0 
171.7696 	 1 
171.8973 	 1 
172.0134 	 0 
172.1411 	 1 
172.2688 	 1 
172.3849 	 1 
172.5127 	 0 
172.6404 	 1 
172.7681 	 0 
172.7797 	 2 
173.0119 	 0 
173.0119 	 1 
173.1280 	 1 
173.1396 	 0 
173.2557 	 2 
173.2557 	 1 
173.3834 	 1 
173.3950 	 0 
173.6504 	 2 
173.7549 	 1 
174.0103 	 1 
174.3819 	 1 
174.5096 	 1 
174.6257 	 0 
174.6257 	 1 
174.7418 	 2 
174.7534 	 1 
174.9972 	 2 
175.0088 	 1 
175.3687 	 1 
175.4964 	 1 
175.6241 	 1 
175.7518 	 1 
175.8795 	 0 
175.8795 	 1 
176.0189 	 0 
176.1234 	 1 
176.2395 	 2 
176.2511 	 1 
176.3672 	 0 
176.4949 	 1 
176.4949 	 2 
176.6226 	 1 
176.7503 	 0 
176.9941 	 1 
176.9941 	 0 
177.1218 	 1 
177.1218 	 0 
177.2379 	 1 
177.2379 	 2 
177.3656 	 1 
177.3772 	 0 
177.6327 	 2 
177.7371 	 1 
177.8649 	 2 
177.8649 	 1 
177.8765 	 0 
178.0042 	 0 
178.0274 	 2 
178.0738 	 2 
178.1203 	 1 
178.2480 	 1 
178.3641 	 0 
178.4918 	 1 
178.4918 	 2 
178.6079 	 2 
178.6079 	 1 
178.7472 	 0 
178.9910 	 0 
178.9910 	 1 
179.1071 	 1 
179.1187 	 0 
179.2348 	 1 
179.2348 	 2 
179.3625 	 0 
179.3625 	 1 
179.6180 	 2 
179.7341 	 1 
179.8734 	 1 
179.8734 	 0 
180.0011 	 1 
180.0011 	 2 
180.1056 	 1 
180.2333 	 1 
180.3610 	 0 
180.4887 	 1 
180.4887 	 2 
180.6048 	 1 
180.9763 	 1 
180.9879 	 0 
181.1040 	 0 
181.1040 	 1 
181.1853 	 2 
181.2317 	 1 
181.3478 	 1 
181.3595 	 0 
181.6149 	 2 
181.6149 	 1 
181.7310 	 1 
181.8471 	 1 
181.8587 	 0 
181.9864 	 0 
182.1025 	 1 
182.2302 	 1 
182.3579 	 0 
182.4740 	 2 
182.4740 	 1 
182.6017 	 1 
182.7294 	 0 
182.9732 	 0 
182.9732 	 2 
182.9732 	 1 
183.1010 	 1 
183.1010 	 0 
183.2171 	 1 
183.2171 	 2 
183.3448 	 0 
183.3448 	 1 
183.6118 	 2 
183.7163 	 1 
183.8440 	 1 
183.8556 	 0 
183.9833 	 0 
184.0530 	 2 
184.3432 	 0 
184.4593 	 2 
184.4593 	 1 
184.5870 	 1 
184.5870 	 2 
184.7147 	 0 
184.9585 	 1 
184.9702 	 0 
185.0863 	 0 
185.0863 	 1 
185.2140 	 1 
185.3417 	 1 
185.3417 	 0 
185.5971 	 2 
185.7132 	 1 
185.7596 	 2 
185.8409 	 0 
185.9686 	 0 
186.0731 	 1 
186.2008 	 1 
186.3285 	 0 
186.4562 	 2 
186.4562 	 1 
186.5839 	 1 
186.9555 	 1 
186.9671 	 0 
187.0832 	 0 
187.0832 	 1 
187.1993 	 1 
187.3270 	 0 
187.3270 	 1 
187.5940 	 2 
187.6985 	 1 
187.8262 	 0 
187.9655 	 0 
188.0700 	 1 
188.1977 	 1 
188.3138 	 0 
188.4415 	 2 
188.4532 	 1 
188.5693 	 1 
188.6970 	 0 
188.9524 	 1 
188.9524 	 0 
189.0685 	 0 
189.0685 	 1 
189.1846 	 2 
189.1962 	 1 
189.3123 	 1 
189.3239 	 0 
189.5677 	 2 
189.6954 	 1 
189.6954 	 2 
189.8231 	 0 
189.9508 	 0 
190.0553 	 2 
190.0669 	 1 
190.1830 	 2 
190.1946 	 1 
190.3107 	 0 
190.4385 	 2 
190.4385 	 1 
190.5662 	 1 
190.6939 	 0 
190.8216 	 1 
190.9377 	 1 
190.9377 	 0 
191.0654 	 1 
191.0654 	 0 
191.3092 	 1 
191.3208 	 2 
191.6807 	 1 
191.6923 	 0 
191.8084 	 0 
191.9361 	 1 
192.0639 	 2 
192.0639 	 1 
192.1916 	 1 
192.3077 	 0 
192.4354 	 2 
192.4354 	 1 
192.5515 	 1 
192.6792 	 0 
192.9346 	 0 
192.9346 	 2 
192.9346 	 1 
193.0507 	 1 
193.0623 	 0 
193.1668 	 2 
193.1784 	 1 
193.3061 	 0 
193.3061 	 1 
193.5499 	 2 
193.6776 	 1 
193.6776 	 0 
193.8054 	 0 
193.8054 	 1 
193.9215 	 1 
194.0492 	 1 
194.1769 	 1 
194.3046 	 1 
194.3046 	 0 
194.4207 	 1 
194.4207 	 2 
194.5368 	 2 
194.5484 	 1 
194.6761 	 0 
194.9199 	 1 
194.9315 	 0 
195.0476 	 1 
195.0476 	 0 
195.1637 	 1 
195.2914 	 1 
195.3030 	 0 
195.5468 	 2 
195.6629 	 1 
195.6746 	 0 
195.8023 	 0 
195.9184 	 1 
196.0345 	 1 
196.1738 	 1 
196.2899 	 0 
196.4176 	 1 
196.4176 	 2 
196.5337 	 1 
196.6614 	 0 
196.9168 	 0 
196.9168 	 1 
197.0329 	 1 
197.0445 	 0 
197.1606 	 1 
197.2883 	 1 
197.2883 	 0 
197.5438 	 2 
197.6599 	 1 
197.6715 	 0 
197.7876 	 0 
197.7876 	 1 
197.8921 	 1 
198.0314 	 1 
198.1591 	 2 
198.1707 	 1 
198.2868 	 0 
198.4029 	 2 
198.4145 	 1 
198.5306 	 1 
198.6583 	 0 
198.9021 	 1 
198.9137 	 0 
199.0298 	 0 
199.0298 	 1 
199.1576 	 1 
199.2737 	 0 
199.2737 	 1 
199.2853 	 2 
199.5291 	 2 
199.6452 	 1 
199.6568 	 2 
199.9586 	 1 
200.0167 	 1 
200.3998 	 1 
201.2590 	 1 
201.6421 	 1 
202.0136 	 1 
202.3851 	 1 
202.5361 	 0 
203.2559 	 1 
203.6274 	 1 
204.0105 	 1 
204.3820 	 1 
205.0206 	 1 
205.2528 	 1 
205.2876 	 2 
205.6243 	 2 
205.6243 	 1 
206.0074 	 1 
206.3673 	 1 
206.9943 	 1 
207.2381 	 1 
207.6212 	 1 
207.9927 	 1 
208.3643 	 1 
209.2350 	 1 
209.6065 	 1 
209.7459 	 1 
209.9780 	 1 
210.3496 	 1 
211.2203 	 1 
211.6034 	 1 
211.7312 	 1 
211.9750 	 1 
212.3465 	 1 
213.2172 	 1 
213.5888 	 1 
213.9603 	 1 
214.3434 	 1 
215.2141 	 1 
