15.4645 	 2 
22.1634 	 2 
31.6372 	 1 
33.0536 	 1 
34.8996 	 2 
35.0273 	 2 
35.2479 	 2 
35.4220 	 2 
35.6078 	 2 
35.7587 	 2 
35.9213 	 2 
36.1186 	 2 
36.1302 	 1 
36.1302 	 0 
36.2812 	 2 
36.3160 	 2 
36.3624 	 0 
36.6991 	 1 
36.9662 	 2 
37.1055 	 2 
37.2680 	 1 
37.8021 	 1 
38.9050 	 1 
39.4159 	 2 
40.0080 	 1 
40.7046 	 1 
40.7162 	 2 
40.7626 	 2 
40.7742 	 1 
40.9832 	 1 
41.1225 	 1 
42.2371 	 0 
42.2487 	 1 
45.0235 	 0 
45.1628 	 2 
45.2093 	 2 
45.4298 	 1 
45.8594 	 2 
45.9987 	 2 
46.6837 	 1 
46.8695 	 0 
46.8927 	 2 
47.7983 	 1 
48.9012 	 1 
49.5978 	 2 
49.6559 	 2 
49.8765 	 1 
51.1187 	 1 
53.3478 	 1 
53.3478 	 2 
53.9167 	 0 
54.0444 	 2 
54.1025 	 2 
54.7410 	 2 
54.8804 	 2 
56.6799 	 1 
58.5027 	 2 
58.5375 	 2 
58.7581 	 1 
60.0352 	 1 
62.8100 	 0 
62.9377 	 0 
62.9493 	 2 
62.9841 	 2 
63.2047 	 1 
63.6111 	 0 
63.6343 	 2 
63.7736 	 2 
65.5732 	 1 
67.3727 	 1 
67.3843 	 2 
68.9284 	 1 
71.6800 	 2 
71.6800 	 1 
71.6916 	 0 
71.8309 	 1 
71.8425 	 2 
71.8658 	 2 
72.0863 	 1 
72.2373 	 0 
72.2373 	 1 
72.6668 	 2 
72.7946 	 1 
72.8062 	 0 
73.3634 	 1 
73.6537 	 1 
73.9091 	 1 
73.9091 	 0 
74.4548 	 1 
74.4664 	 0 
75.0237 	 0 
75.5693 	 1 
76.1382 	 0 
76.2776 	 2 
76.2892 	 1 
76.3240 	 2 
76.5330 	 1 
76.6839 	 0 
76.6955 	 1 
77.2412 	 0 
77.8101 	 1 
78.3557 	 0 
78.9130 	 0 
78.9130 	 1 
79.4703 	 0 
80.0160 	 1 
80.0276 	 0 
80.5849 	 0 
80.7126 	 2 
80.9796 	 1 
81.1189 	 1 
81.1305 	 0 
81.4092 	 2 
81.5485 	 2 
81.6878 	 0 
82.2335 	 1 
82.8024 	 0 
83.3480 	 1 
83.3596 	 0 
83.9169 	 0 
84.4742 	 1 
85.0199 	 0 
85.1592 	 2 
85.2056 	 2 
85.4262 	 1 
85.5771 	 0 
85.5771 	 1 
86.1344 	 0 
86.6801 	 2 
86.7033 	 1 
87.2490 	 0 
87.7946 	 0 
87.8063 	 1 
88.3519 	 0 
88.9092 	 1 
88.9092 	 0 
89.4665 	 0 
89.6058 	 2 
89.6522 	 2 
90.3024 	 2 
90.4417 	 2 
91.6840 	 0 
92.2413 	 0 
92.2413 	 1 
92.7985 	 0 
93.9131 	 0 
94.0524 	 2 
94.0989 	 2 
94.4588 	 0 
95.0161 	 0 
95.5966 	 1 
96.1306 	 0 
96.6879 	 0 
96.6995 	 1 
97.2452 	 0 
97.8024 	 0 
97.8024 	 1 
97.8141 	 2 
98.3597 	 0 
98.5455 	 2 
98.9054 	 0 
98.9170 	 1 
99.1956 	 2 
99.3234 	 2 
99.4743 	 0 
100.5772 	 0 
101.1345 	 0 
101.1345 	 1 
101.6802 	 0 
102.8063 	 0 
102.9805 	 2 
103.3520 	 0 
103.9093 	 0 
104.4898 	 2 
104.5014 	 1 
104.5478 	 0 
105.0239 	 0 
105.5695 	 1 
105.5811 	 0 
106.1384 	 0 
106.6957 	 0 
107.2414 	 1 
107.2530 	 0 
107.3923 	 2 
107.4271 	 2 
107.7986 	 1 
108.2166 	 2 
108.2166 	 0 
108.6346 	 0 
108.9364 	 1 
109.4589 	 1 
109.4705 	 0 
110.0394 	 1 
110.4457 	 0 
110.8521 	 0 
111.1307 	 2 
111.1539 	 1 
111.6880 	 0 
111.8273 	 2 
112.0943 	 1 
112.2453 	 1 
112.2453 	 0 
112.8025 	 0 
113.3482 	 2 
113.3598 	 1 
113.3830 	 1 
115.4844 	 2 
115.5077 	 2 
115.5077 	 1 
116.1346 	 0 
116.2739 	 2 
116.5410 	 1 
116.9705 	 2 
117.1098 	 2 
118.3521 	 0 
118.9210 	 1 
119.3273 	 0 
119.7453 	 0 
120.0472 	 1 
120.5812 	 0 
120.7089 	 2 
120.7670 	 2 
121.4404 	 1 
121.5449 	 0 
121.9628 	 0 
122.2531 	 1 
122.7987 	 0 
123.3560 	 0 
123.3676 	 1 
123.9133 	 0 
124.8421 	 2 
125.0278 	 0 
125.1672 	 2 
125.2020 	 2 
125.5619 	 1 
125.8522 	 2 
126.6881 	 1 
127.7910 	 1 
128.9520 	 1 
129.6138 	 2 
129.6486 	 2 
129.8692 	 1 
129.9737 	 1 
131.1347 	 0 
133.2941 	 1 
133.9211 	 0 
134.0488 	 2 
134.3158 	 1 
134.7338 	 0 
134.7454 	 2 
134.7570 	 1 
134.8847 	 2 
134.8963 	 1 
135.4652 	 1 
135.4884 	 1 
135.5697 	 0 
135.8832 	 1 
136.1734 	 1 
136.3127 	 1 
136.7075 	 1 
137.8569 	 0 
138.4954 	 2 
138.5419 	 2 
138.7508 	 1 
139.0643 	 1 
139.2036 	 1 
139.2849 	 1 
139.3313 	 0 
139.7377 	 0 
140.0279 	 1 
140.1092 	 0 
140.5736 	 0 
141.1309 	 0 
142.5241 	 1 
142.7911 	 1 
142.8027 	 0 
142.9420 	 2 
142.9769 	 2 
143.1859 	 1 
143.3716 	 1 
143.6270 	 2 
143.7663 	 0 
144.1959 	 0 
144.4862 	 1 
144.7764 	 1 
145.0202 	 0 
145.6007 	 1 
145.9955 	 0 
146.4134 	 0 
146.7037 	 1 
147.2493 	 0 
147.3771 	 2 
147.4351 	 2 
147.6557 	 1 
147.7950 	 0 
147.8066 	 1 
148.3523 	 0 
148.9096 	 0 
148.9328 	 1 
151.0458 	 2 
151.0806 	 1 
151.6960 	 0 
151.8353 	 2 
151.8817 	 2 
152.0907 	 1 
152.5203 	 2 
152.6596 	 2 
153.9135 	 0 
154.8887 	 0 
155.2951 	 0 
155.5969 	 1 
156.1310 	 0 
156.3167 	 2 
156.5373 	 1 
156.6883 	 2 
156.7231 	 1 
156.9901 	 1 
157.1062 	 0 
157.5242 	 0 
157.7912 	 2 
157.8028 	 1 
157.8493 	 1 
158.3601 	 0 
158.9058 	 0 
158.9174 	 1 
159.4630 	 0 
160.0900 	 1 
160.5892 	 0 
160.7169 	 2 
160.7634 	 2 
161.1117 	 1 
161.4135 	 2 
162.2378 	 1 
162.5281 	 1 
164.5134 	 1 
165.2100 	 2 
165.5351 	 1 
166.6961 	 1 
168.8555 	 1 
169.4708 	 0 
169.5985 	 2 
169.6566 	 2 
170.2951 	 2 
170.4345 	 2 
171.0382 	 1 
171.4445 	 1 
171.7348 	 1 
172.2224 	 1 
174.0568 	 2 
174.0916 	 2 
174.1497 	 2 
174.6489 	 1 
174.7418 	 1 
174.8927 	 0 
175.2990 	 0 
175.5893 	 1 
176.1350 	 0 
176.6806 	 0 
178.3641 	 0 
178.5034 	 2 
178.5382 	 2 
178.9098 	 0 
178.9098 	 1 
179.1303 	 1 
179.1884 	 2 
179.2813 	 1 
179.4670 	 0 
179.4670 	 1 
180.0359 	 1 
180.5816 	 1 
180.5816 	 0 
181.1273 	 1 
181.1389 	 0 
181.6961 	 0 
182.2418 	 1 
182.7991 	 0 
182.9384 	 2 
182.9849 	 2 
183.2054 	 1 
183.3448 	 1 
183.3564 	 0 
183.9137 	 0 
184.4825 	 1 
185.0282 	 0 
185.5739 	 0 
185.5855 	 1 
186.1312 	 0 
186.6884 	 0 
187.2457 	 0 
187.3850 	 2 
187.4315 	 2 
187.6521 	 1 
187.8030 	 1 
187.8030 	 0 
188.2210 	 2 
188.3603 	 0 
188.9059 	 1 
189.4632 	 0 
190.0205 	 0 
190.0205 	 1 
190.5778 	 0 
191.1234 	 1 
191.6923 	 0 
191.8200 	 2 
191.8781 	 2 
192.0987 	 1 
192.2380 	 0 
192.2496 	 1 
192.5515 	 1 
192.7953 	 0 
193.3642 	 1 
193.9098 	 0 
194.4671 	 0 
195.0244 	 0 
195.5817 	 0 
195.5933 	 1 
196.1390 	 0 
196.2667 	 2 
196.3247 	 2 
196.9633 	 2 
197.3696 	 2 
198.3565 	 0 
198.9137 	 0 
198.9137 	 1 
199.4710 	 0 
200.5740 	 0 
200.7133 	 2 
200.7597 	 2 
200.9803 	 1 
201.1312 	 0 
201.6885 	 0 
202.2458 	 0 
202.2574 	 1 
202.8031 	 0 
203.3488 	 0 
203.3604 	 1 
203.9060 	 0 
204.4633 	 0 
204.4749 	 1 
205.0322 	 0 
205.1599 	 2 
205.2063 	 2 
205.4269 	 1 
205.5779 	 1 
205.5779 	 0 
205.8565 	 2 
205.9958 	 2 
206.1351 	 0 
206.7389 	 1 
207.2381 	 0 
207.7954 	 0 
207.7954 	 1 
208.3527 	 0 
208.9796 	 0 
209.4672 	 0 
209.6065 	 2 
209.8736 	 2 
209.8736 	 1 
210.0129 	 0 
210.5818 	 0 
211.1274 	 2 
211.1507 	 1 
211.6963 	 0 
212.2420 	 0 
212.7993 	 0 
213.3566 	 0 
213.3566 	 1 
213.9022 	 1 
213.9022 	 2 
213.9138 	 0 
213.9254 	 2 
214.0996 	 2 
214.2970 	 1 
214.4827 	 1 
214.7381 	 2 
214.8891 	 2 
215.5857 	 1 
216.6770 	 1 
217.2575 	 1 
217.8032 	 1 
218.4998 	 1 
218.5346 	 2 
218.5578 	 1 
218.7552 	 1 
218.9177 	 1 
220.0091 	 1 
221.1352 	 1 
222.2382 	 1 
222.8071 	 0 
222.9348 	 2 
222.9928 	 2 
223.2018 	 1 
223.6314 	 2 
224.4557 	 2 
224.4673 	 1 
224.6647 	 2 
226.6732 	 1 
227.3814 	 2 
227.4278 	 2 
227.6484 	 1 
227.7761 	 1 
228.9139 	 1 
231.1314 	 1 
231.6887 	 0 
231.8280 	 2 
231.8745 	 2 
232.1995 	 2 
232.2112 	 1 
232.5246 	 2 
234.4519 	 1 
236.2630 	 2 
236.3211 	 2 
236.6462 	 1 
237.8188 	 1 
240.0131 	 1 
240.5820 	 0 
240.7097 	 2 
241.4063 	 2 
241.4063 	 0 
241.5456 	 2 
243.3451 	 1 
245.1679 	 1 
245.1679 	 2 
246.6772 	 1 
246.7004 	 1 
246.7468 	 1 
246.7701 	 0 
