0.6269 	 2 
0.7895 	 2 
1.1029 	 2 
1.2539 	 2 
1.4164 	 2 
1.5790 	 2 
1.7415 	 2 
1.8924 	 2 
1.9040 	 1 
2.0434 	 2 
2.0550 	 1 
2.3568 	 2 
2.5078 	 2 
2.6703 	 1 
2.8212 	 2 
2.9838 	 2 
3.0534 	 1 
3.1347 	 2 
3.2972 	 1 
3.4598 	 2 
3.6107 	 2 
3.7616 	 2 
3.9126 	 2 
4.3886 	 2 
4.8530 	 2 
5.1664 	 2 
6.7222 	 2 
7.0473 	 2 
7.1982 	 2 
7.3491 	 2 
7.5117 	 2 
7.9761 	 1 
7.9761 	 2 
8.4405 	 2 
8.5914 	 2 
8.7655 	 2 
8.9165 	 2 
9.0674 	 2 
9.3809 	 2 
9.3809 	 1 
9.8569 	 2 
10.6347 	 2 
10.7857 	 2 
11.4242 	 2 
11.8886 	 0 
11.9002 	 2 
12.0395 	 0 
12.2137 	 2 
12.3530 	 0 
12.3646 	 2 
12.5156 	 0 
12.5156 	 2 
12.6665 	 0 
12.6665 	 2 
12.8174 	 2 
12.9800 	 2 
12.9800 	 0 
13.1309 	 0 
13.1309 	 2 
13.2934 	 0 
13.4560 	 2 
13.5953 	 2 
13.9204 	 2 
14.3848 	 0 
14.3964 	 2 
14.5357 	 2 
14.5473 	 0 
14.6982 	 2 
14.8492 	 0 
15.0001 	 0 
15.0233 	 2 
15.1626 	 2 
15.1742 	 0 
15.1859 	 2 
15.3368 	 2 
15.4761 	 0 
15.4761 	 2 
15.6270 	 2 
15.6270 	 0 
15.6502 	 2 
15.7896 	 2 
15.7896 	 0 
16.1030 	 2 
16.2424 	 2 
16.5790 	 2 
16.8693 	 0 
16.8809 	 2 
17.0434 	 0 
17.0434 	 2 
17.1944 	 2 
17.4962 	 0 
17.5195 	 2 
17.6588 	 0 
17.6704 	 2 
17.8213 	 2 
17.9722 	 0 
17.9722 	 2 
18.1348 	 0 
18.1464 	 2 
18.2857 	 2 
18.2857 	 0 
18.4483 	 2 
18.4599 	 0 
19.2261 	 2 
19.3771 	 2 
19.5396 	 2 
19.5396 	 0 
19.6905 	 2 
19.8415 	 0 
19.8415 	 2 
20.0040 	 2 
20.1549 	 2 
20.1665 	 0 
20.1781 	 2 
20.3175 	 2 
20.3291 	 0 
20.4800 	 0 
20.6309 	 0 
20.6309 	 2 
20.9328 	 1 
20.9444 	 2 
21.0837 	 2 
21.2695 	 2 
21.2695 	 0 
21.4320 	 2 
21.7223 	 0 
22.0357 	 0 
22.1867 	 2 
22.1983 	 1 
22.2099 	 2 
22.5234 	 2 
22.6627 	 0 
22.8252 	 0 
22.9878 	 0 
23.1271 	 2 
23.1387 	 0 
23.2896 	 0 
23.3012 	 2 
23.4405 	 1 
23.4405 	 2 
23.5915 	 2 
23.7772 	 0 
23.9166 	 2 
23.9166 	 0 
24.2184 	 2 
24.3810 	 2 
24.5435 	 1 
24.5551 	 2 
24.6944 	 1 
25.0079 	 2 
25.0079 	 0 
25.1704 	 0 
25.3214 	 0 
25.4839 	 0 
25.6232 	 2 
25.6348 	 0 
25.7858 	 0 
25.7974 	 1 
25.9367 	 1 
25.9367 	 2 
25.9599 	 2 
26.2734 	 0 
26.4243 	 0 
26.7262 	 0 
26.8771 	 2 
26.9003 	 2 
27.0280 	 1 
27.1906 	 1 
27.1906 	 2 
27.2138 	 2 
27.3647 	 2 
27.5040 	 2 
27.6782 	 0 
27.8291 	 0 
27.9917 	 0 
28.1310 	 2 
28.1426 	 0 
28.4328 	 2 
28.4444 	 1 
28.4561 	 2 
28.5373 	 2 
28.7579 	 2 
28.7695 	 0 
28.9088 	 2 
28.9205 	 0 
29.2223 	 0 
29.3965 	 2 
29.5474 	 2 
29.6867 	 1 
29.7099 	 2 
30.0118 	 2 
30.1511 	 0 
30.1627 	 2 
30.3253 	 0 
30.3253 	 2 
30.4878 	 0 
30.6271 	 0 
30.6387 	 2 
30.7897 	 0 
30.9406 	 0 
30.9406 	 2 
30.9406 	 1 
30.9638 	 2 
31.2541 	 0 
31.8810 	 2 
32.0319 	 1 
32.0551 	 2 
32.1829 	 1 
32.1945 	 0 
32.3570 	 0 
32.5079 	 0 
32.5195 	 2 
32.6589 	 0 
32.8098 	 0 
32.9839 	 0 
33.1349 	 0 
33.1349 	 2 
33.4367 	 1 
33.4483 	 2 
33.5877 	 2 
33.7618 	 0 
33.9127 	 2 
33.9244 	 0 
34.2262 	 0 
34.5281 	 1 
34.5513 	 2 
34.6906 	 1 
34.8299 	 1 
35.0157 	 0 
35.1550 	 0 
35.3059 	 0 
35.4801 	 0 
35.6310 	 0 
35.6426 	 2 
35.7936 	 0 
35.7936 	 1 
35.9329 	 1 
35.9445 	 2 
36.2580 	 0 
36.4205 	 2 
36.7224 	 2 
36.7340 	 0 
36.7456 	 2 
36.8733 	 0 
36.8965 	 2 
37.0474 	 1 
37.1868 	 1 
37.2100 	 2 
37.8253 	 0 
37.9762 	 2 
37.9878 	 0 
38.1388 	 0 
38.4406 	 1 
38.5916 	 2 
38.7657 	 0 
38.7657 	 2 
38.9283 	 0 
38.9283 	 2 
39.2301 	 2 
39.2301 	 0 
39.3810 	 2 
39.5436 	 2 
39.5436 	 1 
39.6945 	 1 
40.1473 	 0 
40.1705 	 0 
40.3215 	 0 
40.4840 	 0 
40.6349 	 0 
40.7859 	 2 
40.7975 	 0 
40.9368 	 2 
40.9484 	 1 
41.2619 	 0 
41.7263 	 0 
41.7263 	 2 
42.0513 	 1 
42.0513 	 2 
42.1907 	 1 
42.5041 	 2 
42.6667 	 0 
42.8176 	 0 
42.9801 	 0 
43.1311 	 2 
43.1311 	 0 
43.4445 	 1 
43.4561 	 2 
43.5839 	 2 
43.7580 	 2 
43.7696 	 0 
43.9322 	 0 
43.9322 	 2 
44.2108 	 0 
44.2224 	 2 
44.3733 	 2 
44.3966 	 2 
44.5359 	 0 
44.6868 	 1 
44.6984 	 2 
45.0003 	 2 
45.0235 	 2 
45.1628 	 0 
45.3137 	 0 
45.4763 	 0 
45.6272 	 2 
45.6388 	 0 
45.7898 	 0 
45.7898 	 2 
45.9407 	 2 
45.9407 	 1 
46.2658 	 2 
46.2658 	 0 
46.4167 	 2 
46.4167 	 0 
46.7302 	 0 
46.8811 	 2 
46.9043 	 2 
47.0436 	 1 
47.0552 	 2 
47.1946 	 1 
47.2062 	 2 
47.5080 	 0 
47.5080 	 2 
47.6590 	 0 
47.8099 	 0 
47.9840 	 0 
48.1350 	 0 
48.1350 	 2 
48.2975 	 1 
48.2975 	 2 
48.4368 	 1 
48.4484 	 2 
48.5878 	 2 
48.7619 	 2 
48.7619 	 0 
48.9244 	 0 
49.2379 	 2 
49.3772 	 2 
49.5514 	 2 
49.5514 	 1 
49.6907 	 1 
49.6907 	 2 
49.7139 	 2 
49.8532 	 2 
50.0158 	 2 
50.3293 	 0 
50.4686 	 0 
50.6311 	 0 
50.7937 	 0 
50.7937 	 2 
50.9446 	 1 
50.9446 	 2 
51.2580 	 0 
51.2697 	 2 
51.4090 	 0 
51.4090 	 2 
51.7341 	 0 
51.8734 	 2 
51.8966 	 2 
52.1868 	 1 
52.1868 	 2 
52.6629 	 2 
52.6629 	 0 
52.8138 	 0 
52.9879 	 2 
53.1273 	 2 
53.2898 	 0 
53.4407 	 2 
53.4407 	 1 
53.7658 	 2 
53.7658 	 0 
53.9167 	 2 
54.3811 	 2 
54.5437 	 1 
54.5553 	 2 
54.6830 	 1 
54.7062 	 2 
54.9965 	 2 
55.1590 	 0 
55.3215 	 0 
55.4725 	 2 
55.4725 	 0 
55.6350 	 2 
55.9369 	 1 
55.9485 	 2 
56.2503 	 1 
56.2620 	 0 
56.2620 	 2 
56.4245 	 2 
56.7380 	 2 
57.1907 	 2 
57.1907 	 1 
57.4926 	 2 
57.5042 	 0 
57.8177 	 0 
57.9802 	 0 
58.2937 	 2 
58.3053 	 0 
58.4446 	 1 
58.4562 	 2 
58.7581 	 2 
58.7581 	 0 
58.7697 	 1 
58.9090 	 2 
58.9090 	 0 
59.2225 	 2 
59.3734 	 2 
59.5360 	 2 
59.6869 	 1 
59.6869 	 2 
59.9888 	 2 
60.1513 	 2 
60.3138 	 0 
60.3138 	 2 
60.6273 	 2 
60.9408 	 0 
60.9408 	 1 
60.9408 	 2 
61.2659 	 0 
61.8812 	 2 
61.9392 	 0 
62.1830 	 1 
62.2063 	 2 
62.5081 	 2 
62.6590 	 0 
62.8216 	 0 
62.9841 	 0 
63.1234 	 2 
63.1351 	 0 
63.2860 	 2 
63.2860 	 0 
63.4369 	 1 
63.4369 	 2 
63.4485 	 0 
63.4601 	 2 
63.4950 	 2 
63.7620 	 0 
64.6792 	 1 
64.6908 	 2 
65.0043 	 2 
65.1668 	 2 
65.3061 	 2 
65.3177 	 0 
65.4803 	 2 
65.6196 	 0 
65.6312 	 2 
65.9447 	 1 
65.9563 	 2 
66.0956 	 2 
66.2581 	 2 
66.2581 	 0 
66.4323 	 2 
66.7225 	 2 
66.8735 	 2 
67.1869 	 2 
67.1869 	 1 
67.3495 	 0 
67.5004 	 2 
67.6629 	 2 
67.8139 	 0 
67.9764 	 2 
68.1273 	 0 
68.1273 	 2 
68.2899 	 0 
68.2899 	 2 
68.4408 	 1 
68.4408 	 2 
68.5917 	 2 
68.7543 	 0 
68.7659 	 2 
68.9052 	 2 
68.9168 	 0 
69.2187 	 2 
69.3812 	 2 
69.5322 	 2 
69.6831 	 1 
69.6947 	 2 
70.0082 	 2 
70.1591 	 2 
70.3100 	 2 
70.3216 	 0 
70.4726 	 0 
70.6235 	 2 
70.7860 	 2 
70.7976 	 0 
70.9370 	 1 
70.9486 	 2 
71.2620 	 2 
71.2620 	 0 
71.4246 	 0 
71.5639 	 2 
71.8774 	 0 
71.8774 	 2 
72.0283 	 2 
72.1908 	 2 
72.1908 	 1 
72.3418 	 2 
72.5043 	 2 
72.6552 	 2 
72.8062 	 2 
72.8178 	 0 
72.9687 	 0 
72.9803 	 2 
73.1312 	 0 
73.1312 	 2 
73.4331 	 2 
73.4447 	 1 
73.5840 	 2 
73.7582 	 2 
73.7582 	 1 
73.7582 	 0 
73.9091 	 0 
73.9091 	 2 
74.2226 	 0 
74.2226 	 2 
74.3735 	 2 
74.6870 	 1 
74.7102 	 2 
75.0005 	 2 
75.1514 	 2 
75.1630 	 0 
75.3139 	 0 
75.4765 	 2 
75.6274 	 2 
75.7899 	 0 
75.9409 	 1 
75.9409 	 2 
75.9641 	 2 
76.0918 	 2 
76.2543 	 1 
76.2659 	 0 
76.2659 	 2 
76.4169 	 0 
76.4169 	 2 
76.5678 	 2 
76.7187 	 2 
76.8813 	 2 
77.0322 	 2 
77.1947 	 1 
77.2063 	 2 
77.4966 	 2 
77.8101 	 2 
77.8217 	 0 
77.9726 	 2 
77.9842 	 0 
78.1351 	 2 
78.2977 	 2 
78.4370 	 2 
78.4370 	 1 
78.7505 	 1 
78.7621 	 2 
78.7621 	 0 
78.7737 	 1 
78.9246 	 2 
78.9246 	 0 
79.0756 	 2 
79.2265 	 0 
79.3774 	 2 
79.5516 	 2 
79.6909 	 2 
79.6909 	 1 
80.0044 	 2 
80.1669 	 0 
80.3178 	 0 
80.4804 	 0 
80.4804 	 2 
80.6429 	 2 
80.7938 	 2 
80.9332 	 2 
80.9448 	 1 
81.0841 	 2 
81.2582 	 0 
81.2582 	 2 
81.2698 	 1 
81.2815 	 0 
81.4092 	 1 
81.8968 	 2 
82.0361 	 2 
82.1870 	 1 
82.2102 	 2 
82.5005 	 2 
82.6630 	 2 
82.6630 	 0 
82.8140 	 1 
82.8256 	 0 
82.9765 	 1 
82.9881 	 0 
83.1390 	 0 
83.4409 	 2 
83.4409 	 1 
83.4525 	 0 
83.6034 	 2 
83.7544 	 2 
83.7660 	 0 
83.9169 	 0 
83.9169 	 2 
84.2188 	 2 
84.2304 	 0 
84.3813 	 2 
84.5206 	 1 
84.6948 	 1 
84.7180 	 2 
84.8573 	 2 
85.0083 	 2 
85.1708 	 0 
85.3217 	 0 
85.4727 	 2 
85.4843 	 0 
85.6352 	 0 
85.6468 	 2 
85.7861 	 2 
85.7977 	 0 
85.9371 	 1 
85.9487 	 2 
86.2505 	 0 
86.2621 	 1 
86.4131 	 0 
86.4131 	 2 
86.5756 	 2 
86.8775 	 2 
87.0516 	 2 
87.1909 	 2 
87.1909 	 1 
87.5044 	 0 
87.5044 	 2 
87.6553 	 1 
87.6669 	 0 
87.6669 	 2 
87.8179 	 0 
87.8179 	 2 
87.9688 	 2 
87.9920 	 0 
88.2939 	 2 
88.4448 	 1 
88.4448 	 2 
88.5957 	 0 
88.5957 	 2 
88.7583 	 0 
88.7583 	 2 
88.7699 	 1 
88.9208 	 2 
88.9208 	 0 
89.2227 	 2 
89.3736 	 2 
89.3736 	 0 
89.3968 	 2 
89.5478 	 2 
89.6871 	 2 
89.6871 	 1 
89.7103 	 2 
89.8612 	 2 
90.0005 	 2 
90.0122 	 0 
90.1631 	 0 
90.3256 	 0 
90.4766 	 2 
90.4882 	 0 
90.6275 	 1 
90.6275 	 2 
90.6507 	 2 
90.7900 	 2 
90.8016 	 0 
90.9410 	 1 
90.9410 	 2 
91.0803 	 2 
91.2544 	 0 
91.4170 	 1 
91.5563 	 1 
91.8930 	 2 
92.0323 	 1 
92.0439 	 2 
92.1948 	 1 
92.2064 	 2 
92.3574 	 2 
92.5083 	 2 
92.6592 	 0 
92.8102 	 1 
92.8102 	 0 
92.9843 	 1 
92.9843 	 0 
93.4371 	 1 
93.4371 	 2 
93.4487 	 0 
93.5996 	 2 
93.7506 	 2 
93.7622 	 0 
93.9131 	 2 
93.9247 	 0 
94.0640 	 2 
94.2266 	 0 
94.2266 	 2 
94.3775 	 2 
94.5400 	 2 
94.6910 	 1 
94.7142 	 2 
94.8535 	 2 
95.0044 	 2 
95.1670 	 0 
95.3179 	 0 
95.4805 	 2 
95.4805 	 0 
95.6314 	 0 
95.6430 	 2 
95.7823 	 0 
95.7823 	 2 
95.9332 	 1 
95.9565 	 2 
96.0842 	 2 
96.2583 	 0 
96.4093 	 2 
96.4209 	 0 
96.5718 	 2 
96.7227 	 0 
96.8737 	 2 
97.0478 	 2 
97.1871 	 1 
97.1987 	 2 
97.4890 	 1 
97.5006 	 2 
97.5122 	 0 
97.6631 	 0 
97.6631 	 2 
97.6631 	 1 
97.8141 	 0 
97.8141 	 2 
97.9766 	 2 
97.9882 	 0 
98.1275 	 2 
98.3017 	 2 
98.4410 	 1 
98.4642 	 2 
98.5919 	 2 
98.7545 	 2 
98.7545 	 0 
98.9170 	 0 
99.2305 	 2 
99.3930 	 2 
99.5323 	 0 
99.5323 	 1 
99.5439 	 2 
99.6833 	 1 
99.7065 	 2 
99.8574 	 2 
100.0083 	 2 
100.1709 	 0 
100.3218 	 0 
100.4727 	 2 
100.4844 	 0 
100.6237 	 2 
100.6353 	 1 
100.6469 	 2 
100.7978 	 2 
100.7978 	 0 
100.9371 	 2 
101.0881 	 2 
101.2622 	 0 
101.4248 	 1 
101.8776 	 0 
101.8776 	 2 
102.0517 	 2 
102.1910 	 1 
102.2142 	 2 
102.3536 	 2 
102.5045 	 2 
102.6554 	 0 
102.8063 	 1 
102.8180 	 0 
102.9689 	 1 
102.9805 	 0 
103.4333 	 2 
103.4449 	 1 
103.4565 	 0 
103.5958 	 2 
103.7584 	 0 
103.7584 	 2 
103.9209 	 0 
104.2228 	 2 
104.2228 	 0 
104.3853 	 2 
104.6872 	 1 
104.7104 	 2 
104.8497 	 2 
105.0006 	 2 
105.1748 	 0 
105.3257 	 0 
105.4766 	 2 
105.4766 	 0 
105.6276 	 0 
105.6392 	 2 
105.7901 	 0 
105.7901 	 2 
105.9410 	 1 
105.9527 	 2 
106.2545 	 1 
106.2545 	 0 
106.4171 	 0 
106.4171 	 2 
106.5680 	 2 
106.7305 	 0 
106.8815 	 2 
107.0324 	 2 
107.0440 	 1 
107.1949 	 2 
107.1949 	 1 
107.4968 	 1 
107.5084 	 2 
107.5084 	 0 
107.6477 	 1 
107.6593 	 0 
107.6593 	 2 
107.8102 	 2 
107.8219 	 0 
107.9728 	 2 
107.9844 	 0 
108.1237 	 2 
108.2979 	 2 
108.4372 	 1 
108.4372 	 2 
108.5881 	 2 
108.5881 	 0 
108.7507 	 1 
108.7623 	 2 
108.7623 	 0 
108.7739 	 1 
108.9248 	 0 
109.2267 	 2 
109.2267 	 0 
109.3776 	 0 
109.3776 	 2 
109.5285 	 2 
109.6911 	 1 
109.7143 	 2 
109.8536 	 2 
110.0045 	 2 
110.0161 	 0 
110.1671 	 0 
110.3180 	 0 
110.4689 	 2 
110.4805 	 0 
110.6431 	 2 
110.7824 	 0 
110.7940 	 2 
110.9333 	 2 
110.9449 	 1 
111.0843 	 2 
111.2584 	 0 
111.4210 	 1 
111.5603 	 1 
111.8970 	 2 
112.0247 	 1 
112.0363 	 2 
112.0479 	 1 
112.1872 	 1 
112.2104 	 2 
112.3498 	 2 
112.5007 	 2 
112.6632 	 0 
112.8141 	 1 
112.8258 	 0 
112.9767 	 0 
112.9767 	 1 
113.4411 	 1 
113.4411 	 2 
113.6036 	 2 
113.7546 	 0 
113.7546 	 2 
113.9171 	 0 
113.9171 	 2 
114.2306 	 0 
114.2306 	 2 
114.3815 	 2 
114.5208 	 1 
114.5440 	 1 
114.6834 	 1 
114.7182 	 2 
114.8575 	 2 
115.0084 	 2 
115.1710 	 0 
115.3219 	 0 
115.4728 	 2 
115.4728 	 0 
115.6238 	 0 
115.6470 	 2 
115.7979 	 0 
115.7979 	 2 
115.9372 	 1 
115.9488 	 2 
116.2623 	 0 
116.4132 	 0 
116.4132 	 2 
116.5758 	 2 
116.7267 	 0 
116.8776 	 2 
117.0402 	 1 
117.1911 	 2 
117.1911 	 1 
117.5046 	 0 
117.5046 	 1 
117.5162 	 2 
117.6555 	 1 
117.6671 	 0 
117.6671 	 2 
117.8180 	 2 
117.8180 	 0 
117.9806 	 2 
117.9922 	 0 
118.1315 	 2 
118.2941 	 2 
118.4450 	 1 
118.4566 	 2 
118.5959 	 2 
118.7585 	 1 
118.7585 	 2 
118.7585 	 0 
118.9094 	 2 
118.9210 	 0 
119.2229 	 2 
119.3854 	 2 
119.5363 	 2 
119.6989 	 2 
119.8498 	 2 
120.0007 	 2 
120.3258 	 2 
120.3374 	 0 
120.4883 	 2 
120.6393 	 2 
120.7902 	 2 
120.8018 	 0 
120.9411 	 2 
121.0921 	 2 
121.4171 	 2 
121.4288 	 0 
121.8699 	 0 
121.8815 	 2 
121.8932 	 0 
122.0325 	 2 
122.1950 	 2 
122.3459 	 2 
122.5085 	 2 
122.8103 	 2 
122.8220 	 0 
122.9729 	 2 
123.1238 	 2 
123.2863 	 0 
123.2863 	 2 
123.4373 	 2 
123.7624 	 2 
124.2268 	 2 
124.5286 	 2 
124.6912 	 2 
124.8537 	 0 
124.8537 	 2 
125.0046 	 2 
125.1672 	 2 
125.3181 	 2 
125.4806 	 2 
125.6316 	 2 
125.7825 	 2 
125.9450 	 2 
126.2701 	 2 
126.7229 	 2 
126.8854 	 2 
127.3498 	 2 
127.5124 	 2 
127.6749 	 0 
127.6749 	 2 
128.2902 	 2 
128.5921 	 2 
128.7546 	 2 
128.9172 	 2 
129.0565 	 2 
129.2190 	 2 
129.3816 	 2 
129.7067 	 2 
129.8460 	 0 
130.0085 	 2 
130.1595 	 2 
130.4729 	 2 
130.6355 	 2 
130.7864 	 2 
130.9605 	 2 
131.2624 	 2 
131.5643 	 2 
131.8777 	 2 
132.1912 	 2 
132.3537 	 2 
132.6556 	 2 
132.8181 	 2 
132.9691 	 2 
133.2941 	 2 
133.6076 	 2 
133.9211 	 2 
134.0720 	 2 
134.2346 	 2 
134.3739 	 2 
134.3739 	 1 
134.5364 	 2 
134.7106 	 2 
134.8615 	 2 
134.8731 	 0 
135.1634 	 2 
135.4884 	 2 
135.6278 	 2 
135.7903 	 2 
135.9412 	 2 
136.1038 	 2 
136.2663 	 2 
136.4172 	 2 
136.7423 	 2 
136.8816 	 2 
137.0442 	 0 
137.0442 	 2 
137.1835 	 2 
137.3576 	 2 
137.8453 	 2 
137.9730 	 2 
138.1239 	 2 
138.2864 	 2 
138.2864 	 0 
138.4374 	 2 
138.5999 	 2 
138.9134 	 2 
139.0643 	 2 
139.2268 	 2 
139.3778 	 2 
139.5403 	 0 
139.6912 	 2 
139.8422 	 2 
139.8538 	 0 
140.9567 	 2 
141.2470 	 2 
142.0481 	 0 
142.6634 	 1 
142.6750 	 2 
144.6951 	 2 
144.8461 	 0 
145.1595 	 2 
145.1828 	 2 
145.6356 	 2 
145.7865 	 2 
145.9490 	 2 
146.8894 	 2 
147.1913 	 2 
147.3422 	 2 
147.3538 	 0 
147.5048 	 2 
147.6557 	 0 
147.9692 	 2 
148.1317 	 2 
148.2826 	 0 
148.2942 	 2 
148.4452 	 2 
149.3856 	 0 
149.3856 	 2 
149.5365 	 0 
149.6874 	 2 
149.7107 	 0 
149.8616 	 2 
150.0009 	 1 
150.0009 	 0 
150.3144 	 0 
150.4885 	 2 
150.6278 	 2 
150.6511 	 2 
150.8020 	 0 
150.9413 	 2 
150.9413 	 1 
151.8817 	 2 
152.2068 	 2 
152.3461 	 0 
152.3577 	 2 
152.4971 	 2 
152.5203 	 2 
152.5551 	 1 
152.9731 	 2 
153.1472 	 2 
153.2749 	 0 
153.2865 	 2 
153.4375 	 0 
153.4375 	 2 
153.4607 	 2 
154.3314 	 1 
154.3779 	 0 
154.3895 	 2 
154.5520 	 0 
154.6913 	 2 
154.8539 	 2 
155.0048 	 1 
155.0048 	 2 
155.0164 	 0 
155.4924 	 2 
155.6317 	 2 
155.9452 	 2 
155.9568 	 0 
156.7347 	 2 
156.8856 	 2 
157.3384 	 0 
157.5010 	 2 
157.5590 	 1 
157.9886 	 1 
158.4414 	 1 
159.3818 	 2 
159.5443 	 0 
160.0203 	 2 
160.4847 	 0 
160.6473 	 2 
160.7982 	 0 
160.9375 	 2 
160.9607 	 2 
160.9607 	 0 
162.5049 	 2 
162.5165 	 1 
162.5513 	 2 
162.5513 	 1 
162.6442 	 2 
162.8299 	 0 
163.4453 	 0 
163.4569 	 2 
164.6875 	 2 
164.7107 	 2 
165.0010 	 2 
165.0242 	 2 
165.1751 	 2 
165.6279 	 2 
165.9414 	 2 
165.9530 	 0 
165.9646 	 2 
167.4971 	 2 
167.5088 	 1 
167.8571 	 0 
168.4608 	 2 
168.9600 	 0 
169.3780 	 2 
169.5405 	 2 
169.5521 	 0 
169.6914 	 2 
170.9569 	 0 
171.8973 	 2 
172.2108 	 2 
172.3501 	 2 
172.3733 	 2 
172.5010 	 2 
172.5243 	 2 
172.9771 	 0 
173.1280 	 2 
173.2789 	 0 
173.4415 	 0 
173.4415 	 2 
173.4647 	 2 
177.2031 	 1 
177.6791 	 1 
177.8068 	 2 
177.8184 	 1 
177.8184 	 0 
177.8300 	 2 
178.7704 	 0 
179.2232 	 1 
179.3741 	 1 
179.6760 	 2 
179.8502 	 2 
180.0011 	 2 
180.1520 	 2 
180.6396 	 2 
181.2666 	 0 
181.8819 	 1 
181.8819 	 2 
182.1838 	 2 
182.3463 	 2 
182.4856 	 2 
182.5088 	 0 
182.8223 	 0 
183.1242 	 2 
183.2867 	 0 
183.7743 	 0 
184.6915 	 2 
185.3185 	 0 
185.7829 	 0 
185.9454 	 0 
186.2705 	 0 
187.5127 	 0 
187.8146 	 0 
188.2906 	 0 
188.6041 	 0 
188.7666 	 0 
189.2194 	 2 
189.3703 	 1 
190.3224 	 2 
190.3224 	 0 
191.1002 	 2 
191.2512 	 2 
191.2628 	 0 
191.4253 	 2 
191.8781 	 1 
192.1916 	 2 
192.3425 	 2 
192.8185 	 0 
193.1320 	 2 
193.2829 	 2 
193.4454 	 2 
193.7473 	 2 
193.7589 	 0 
193.9098 	 2 
194.0608 	 2 
194.3859 	 2 
195.0128 	 2 
195.0128 	 0 
195.2450 	 2 
195.3263 	 0 
195.4772 	 2 
195.6281 	 2 
195.6397 	 0 
195.7907 	 2 
195.9532 	 2 
196.2667 	 0 
196.4176 	 2 
196.5685 	 2 
196.8820 	 2 
197.0445 	 2 
197.3580 	 2 
197.3696 	 1 
197.6599 	 2 
197.8108 	 2 
197.8224 	 0 
197.9733 	 2 
198.0198 	 0 
198.1359 	 2 
198.2868 	 2 
198.4493 	 2 
198.6003 	 2 
198.7628 	 0 
198.9137 	 2 
199.0763 	 2 
199.3781 	 2 
199.5407 	 2 
199.5755 	 0 
199.6800 	 2 
199.8541 	 2 
200.0051 	 2 
200.1560 	 2 
200.3185 	 0 
200.4811 	 2 
200.6320 	 2 
200.7829 	 2 
201.0964 	 2 
201.2473 	 2 
201.2706 	 0 
201.4215 	 2 
201.5724 	 2 
201.8859 	 2 
202.0368 	 2 
202.1878 	 2 
202.3503 	 2 
202.5012 	 2 
202.8147 	 0 
203.1282 	 2 
203.2907 	 2 
203.6042 	 2 
203.7667 	 0 
203.9176 	 2 
204.2195 	 2 
204.3820 	 2 
204.5330 	 2 
204.6955 	 2 
204.8464 	 2 
205.0090 	 2 
205.1715 	 2 
205.3224 	 0 
205.6359 	 2 
205.7868 	 2 
205.9378 	 0 
205.9610 	 0 
206.1003 	 2 
206.2629 	 0 
206.2629 	 2 
206.4138 	 2 
206.7273 	 2 
206.8898 	 0 
206.8898 	 2 
207.0291 	 2 
207.1917 	 2 
207.3542 	 2 
207.5051 	 2 
207.6561 	 2 
207.8186 	 0 
207.9695 	 2 
207.9927 	 0 
208.1437 	 2 
208.4455 	 2 
208.5965 	 2 
208.7474 	 2 
208.7706 	 0 
209.0609 	 2 
209.2234 	 2 
209.2350 	 0 
209.3859 	 2 
209.5369 	 2 
209.6994 	 2 
209.8387 	 2 
210.0013 	 2 
210.1522 	 2 
210.3031 	 2 
210.3263 	 0 
210.6282 	 2 
210.7907 	 2 
210.9533 	 2 
211.1042 	 2 
211.2551 	 2 
211.2668 	 0 
211.4061 	 2 
211.5686 	 2 
211.5802 	 0 
211.7195 	 2 
211.8821 	 2 
211.8821 	 0 
212.0446 	 2 
212.1956 	 2 
212.3465 	 2 
212.5090 	 2 
212.6716 	 2 
212.8109 	 2 
212.8225 	 0 
212.9850 	 2 
213.1244 	 2 
213.4378 	 2 
213.7513 	 2 
213.7629 	 0 
213.9138 	 2 
214.0880 	 0 
214.2273 	 2 
214.3782 	 1 
214.3782 	 2 
214.5408 	 2 
214.7033 	 0 
214.8426 	 2 
215.0052 	 2 
215.0168 	 0 
215.1677 	 2 
215.1793 	 0 
215.3186 	 2 
215.9572 	 0 
216.2474 	 2 
216.3984 	 2 
216.5493 	 2 
216.7234 	 2 
216.8744 	 2 
216.8976 	 0 
217.3388 	 0 
217.3504 	 2 
217.5013 	 2 
217.6522 	 2 
218.1283 	 2 
218.1399 	 0 
218.3024 	 2 
218.4417 	 2 
218.4533 	 0 
218.7552 	 2 
218.7552 	 0 
219.0687 	 2 
219.0803 	 0 
219.2196 	 2 
219.3821 	 2 
219.5331 	 2 
219.6956 	 2 
219.8465 	 2 
220.0091 	 2 
220.0207 	 0 
220.3109 	 2 
220.4851 	 2 
220.6244 	 2 
220.6360 	 0 
220.6476 	 2 
220.9495 	 0 
221.1004 	 0 
221.2629 	 2 
221.4139 	 2 
221.5764 	 2 
221.5764 	 0 
221.8783 	 2 
222.0292 	 2 
222.1917 	 2 
222.3427 	 2 
222.3543 	 0 
222.5168 	 2 
222.6561 	 2 
222.8187 	 2 
222.9812 	 2 
223.1322 	 2 
223.1322 	 0 
223.2947 	 0 
223.2947 	 2 
223.4456 	 0 
223.6082 	 2 
223.7591 	 2 
224.3976 	 2 
224.3976 	 0 
224.5370 	 2 
224.6995 	 2 
225.0246 	 2 
225.6399 	 2 
225.7908 	 2 
226.4178 	 2 
226.5803 	 2 
226.8938 	 2 
227.1956 	 0 
227.2073 	 2 
227.3466 	 2 
227.5091 	 2 
227.6717 	 2 
227.9735 	 2 
228.1477 	 2 
229.7034 	 2 
