0.0116 	 1 
11.6100 	 1 
18.3205 	 1 
18.6688 	 1 
19.2377 	 1 
20.3987 	 2 
20.3987 	 0 
20.8631 	 1 
20.8747 	 0 
21.0257 	 2 
21.1998 	 2 
21.3391 	 2 
21.3507 	 0 
21.5017 	 2 
21.6642 	 2 
21.9661 	 2 
21.9777 	 0 
22.1402 	 2 
22.3028 	 2 
22.6162 	 2 
22.7672 	 2 
22.9181 	 2 
22.9297 	 0 
23.2432 	 2 
23.3941 	 0 
23.3941 	 2 
23.5566 	 2 
23.8701 	 0 
23.8701 	 2 
24.0327 	 2 
24.1952 	 2 
24.4971 	 2 
24.5087 	 0 
24.6596 	 2 
24.8221 	 2 
25.2865 	 1 
25.3214 	 1 
25.4491 	 0 
25.4491 	 2 
25.7741 	 2 
25.9135 	 2 
25.9251 	 0 
26.0760 	 2 
26.4011 	 2 
26.4011 	 0 
26.5520 	 2 
26.6449 	 2 
26.7029 	 2 
27.0164 	 2 
27.0396 	 0 
27.1906 	 2 
27.3531 	 2 
27.5040 	 0 
27.6666 	 2 
27.8175 	 2 
27.9684 	 2 
27.9800 	 0 
28.2935 	 2 
28.4444 	 2 
28.4561 	 0 
28.6070 	 2 
28.9205 	 2 
28.9321 	 0 
29.0830 	 2 
29.2455 	 2 
29.5474 	 2 
29.5590 	 0 
29.7099 	 2 
29.8725 	 2 
30.4994 	 0 
30.5110 	 2 
30.7200 	 2 
30.8245 	 2 
30.9754 	 2 
30.9754 	 0 
31.1380 	 2 
31.2773 	 2 
31.4398 	 2 
31.4514 	 0 
31.6024 	 2 
31.7649 	 2 
32.0784 	 2 
32.0784 	 0 
32.2409 	 2 
32.4034 	 2 
32.7169 	 2 
32.8795 	 2 
33.0304 	 0 
33.0304 	 2 
33.3439 	 2 
33.4948 	 2 
33.5064 	 0 
33.6689 	 2 
33.9824 	 0 
33.9824 	 2 
34.1333 	 2 
34.2959 	 2 
34.6093 	 0 
34.6093 	 2 
34.7719 	 2 
34.8415 	 1 
34.9344 	 2 
35.2479 	 2 
35.3988 	 2 
35.5614 	 2 
35.5614 	 0 
35.8748 	 2 
36.0258 	 2 
36.0258 	 0 
36.1883 	 2 
36.5018 	 2 
36.5018 	 0 
36.6643 	 2 
36.8152 	 2 
37.0242 	 1 
37.1403 	 2 
37.1403 	 0 
37.2912 	 2 
37.4306 	 2 
37.6163 	 0 
37.7556 	 2 
37.9182 	 2 
38.0807 	 0 
38.0807 	 2 
38.4058 	 2 
38.5451 	 2 
38.5567 	 0 
38.7193 	 2 
39.0211 	 2 
39.0327 	 0 
39.1837 	 2 
39.3462 	 2 
39.6597 	 2 
39.8106 	 1 
39.8106 	 2 
39.9732 	 2 
40.2866 	 2 
40.4492 	 2 
40.6001 	 2 
40.6117 	 0 
40.9252 	 2 
41.0761 	 2 
41.0877 	 0 
41.2386 	 2 
41.5521 	 2 
41.5637 	 0 
41.7146 	 2 
41.8772 	 2 
42.1907 	 2 
42.1907 	 0 
42.3532 	 2 
42.5157 	 2 
42.7131 	 2 
42.9685 	 2 
43.1311 	 2 
43.1427 	 0 
43.4561 	 2 
43.6071 	 0 
43.6071 	 2 
43.7580 	 2 
44.0831 	 0 
44.0831 	 2 
44.2456 	 2 
44.3966 	 2 
44.7100 	 2 
44.7216 	 0 
44.8726 	 2 
45.0235 	 2 
45.3370 	 2 
45.4298 	 1 
45.4879 	 2 
45.6620 	 0 
45.6620 	 2 
45.9755 	 2 
46.1264 	 2 
46.1380 	 0 
46.3006 	 2 
46.6141 	 0 
46.7650 	 2 
46.9275 	 2 
47.2410 	 0 
47.2410 	 2 
47.4035 	 2 
47.5545 	 2 
47.7170 	 0 
47.8563 	 2 
48.0653 	 2 
48.1814 	 2 
48.1930 	 0 
48.4949 	 2 
48.6574 	 2 
48.6690 	 0 
48.8316 	 2 
48.9825 	 2 
49.1334 	 2 
49.1450 	 0 
49.2960 	 2 
49.4469 	 2 
49.7604 	 2 
49.7720 	 0 
49.9229 	 2 
50.0854 	 2 
50.3989 	 1 
50.3989 	 2 
50.5498 	 2 
50.7124 	 2 
50.7124 	 0 
51.1884 	 2 
51.1884 	 0 
51.3509 	 2 
51.6644 	 2 
51.6644 	 0 
51.8269 	 2 
51.9779 	 2 
52.0475 	 2 
52.2913 	 2 
52.2913 	 0 
52.4539 	 2 
52.6164 	 2 
52.9299 	 2 
53.0808 	 2 
53.2434 	 0 
53.2434 	 2 
53.5452 	 2 
53.7078 	 2 
53.7194 	 0 
53.8703 	 2 
54.1838 	 2 
54.1954 	 0 
54.2650 	 2 
54.8107 	 2 
54.8223 	 0 
54.9849 	 2 
55.1358 	 2 
55.4493 	 2 
55.6118 	 2 
55.7627 	 2 
55.7743 	 0 
56.0878 	 2 
56.2387 	 2 
56.2387 	 0 
56.4013 	 2 
56.7031 	 2 
56.7147 	 0 
56.8773 	 2 
57.0282 	 2 
57.3417 	 2 
57.3417 	 0 
57.5042 	 2 
57.6668 	 2 
57.8177 	 0 
57.9802 	 2 
58.0615 	 1 
58.1428 	 2 
58.2937 	 2 
58.2937 	 0 
58.6072 	 2 
58.7581 	 2 
58.7697 	 0 
58.9322 	 2 
59.2341 	 2 
59.2457 	 0 
59.3966 	 2 
60.8247 	 0 
60.8247 	 2 
61.3007 	 0 
61.4632 	 2 
61.7651 	 0 
61.7651 	 2 
62.0902 	 2 
62.3920 	 2 
62.4036 	 0 
62.7287 	 2 
63.0538 	 2 
63.3440 	 2 
63.3556 	 0 
63.6575 	 2 
63.8084 	 2 
63.8200 	 0 
63.9826 	 2 
64.0058 	 1 
64.2961 	 2 
64.2961 	 0 
64.4470 	 2 
64.6095 	 2 
64.9230 	 0 
64.9230 	 2 
65.0855 	 2 
65.2481 	 2 
65.2597 	 1 
65.5615 	 2 
65.6080 	 1 
65.6893 	 1 
65.7125 	 2 
65.8750 	 2 
65.8750 	 0 
66.1769 	 2 
66.3394 	 2 
66.3510 	 0 
66.4555 	 2 
66.5136 	 2 
66.8154 	 2 
66.8270 	 0 
66.9663 	 2 
67.4540 	 2 
67.4540 	 0 
67.6165 	 2 
67.7790 	 2 
67.9300 	 0 
68.0809 	 2 
68.2318 	 2 
68.3944 	 2 
68.4060 	 0 
68.7195 	 2 
68.8704 	 0 
68.8704 	 2 
69.0329 	 2 
69.3464 	 2 
69.3580 	 0 
69.5089 	 2 
69.6599 	 2 
69.6715 	 1 
69.9733 	 2 
69.9849 	 0 
70.1359 	 2 
70.2984 	 2 
70.6119 	 2 
70.7744 	 2 
70.9254 	 2 
70.9254 	 0 
71.2504 	 2 
71.3898 	 2 
71.4014 	 0 
71.5639 	 2 
71.5755 	 1 
71.8658 	 2 
71.8774 	 0 
72.5043 	 2 
72.5043 	 0 
72.8294 	 2 
73.1312 	 2 
73.2938 	 2 
73.4447 	 2 
73.4563 	 0 
73.7582 	 1 
73.9207 	 2 
73.9323 	 0 
74.0949 	 2 
74.1065 	 1 
74.3967 	 0 
74.3967 	 2 
74.5593 	 2 
74.7218 	 2 
75.0353 	 2 
75.0353 	 0 
75.1978 	 2 
75.3604 	 2 
75.3604 	 1 
75.6738 	 2 
75.8248 	 2 
75.9757 	 2 
75.9873 	 0 
76.2892 	 2 
76.4517 	 0 
76.4517 	 2 
76.6142 	 2 
76.6375 	 1 
76.9161 	 2 
76.9277 	 0 
77.0786 	 2 
77.2412 	 2 
77.5546 	 2 
77.5546 	 0 
77.7172 	 2 
77.8797 	 2 
77.9029 	 1 
78.0307 	 0 
78.1932 	 2 
78.3441 	 2 
78.5067 	 0 
78.5067 	 2 
78.8201 	 2 
78.9711 	 2 
78.9827 	 0 
79.1452 	 2 
79.4471 	 2 
79.4587 	 0 
79.6096 	 2 
79.7722 	 2 
80.0856 	 2 
80.2366 	 2 
80.3991 	 1 
80.4107 	 2 
80.7126 	 2 
80.8751 	 2 
81.0260 	 2 
81.0376 	 0 
81.3511 	 2 
81.5020 	 0 
81.5020 	 2 
81.6762 	 2 
81.6878 	 1 
81.9780 	 2 
81.9780 	 0 
82.1406 	 2 
82.2915 	 2 
82.6166 	 0 
82.9417 	 2 
83.0810 	 2 
83.2551 	 2 
83.4061 	 2 
83.5570 	 2 
83.5686 	 0 
83.8821 	 2 
84.0330 	 2 
84.0330 	 0 
84.1956 	 2 
84.4974 	 2 
84.5090 	 0 
84.6483 	 2 
84.8225 	 2 
85.1360 	 2 
85.1360 	 0 
85.2985 	 2 
85.4610 	 2 
85.4610 	 1 
85.7745 	 2 
85.9254 	 2 
85.9254 	 1 
86.0880 	 0 
86.0880 	 2 
86.4015 	 2 
86.5640 	 2 
86.5640 	 0 
86.7149 	 1 
86.7265 	 2 
87.0284 	 2 
87.0400 	 0 
87.3535 	 2 
87.6553 	 2 
87.6669 	 0 
87.8295 	 2 
87.9688 	 2 
88.1313 	 0 
88.2939 	 2 
88.4448 	 2 
88.6073 	 2 
88.6073 	 0 
88.9324 	 2 
89.0834 	 0 
89.0834 	 2 
89.2575 	 2 
89.2691 	 0 
89.5594 	 2 
89.5594 	 0 
89.7219 	 2 
89.8728 	 2 
90.1863 	 2 
90.1979 	 0 
90.3488 	 2 
90.5114 	 2 
90.8132 	 2 
90.9758 	 2 
91.1383 	 2 
91.1383 	 0 
91.2893 	 2 
91.4518 	 2 
91.6027 	 2 
91.6143 	 0 
91.7769 	 2 
92.0787 	 0 
92.0787 	 2 
92.2413 	 2 
92.4038 	 2 
92.7057 	 2 
92.7173 	 0 
92.8798 	 1 
92.8798 	 2 
93.0424 	 2 
93.3558 	 2 
93.5068 	 2 
93.6577 	 2 
93.6693 	 0 
93.9828 	 2 
94.1337 	 2 
94.1453 	 0 
94.2962 	 2 
94.6097 	 2 
94.6097 	 0 
94.7722 	 2 
94.9348 	 2 
95.2366 	 2 
95.2483 	 0 
95.3992 	 2 
95.5733 	 2 
95.5733 	 1 
95.8868 	 2 
96.0377 	 2 
96.1887 	 0 
96.1887 	 2 
96.5137 	 2 
96.6647 	 2 
96.6647 	 0 
96.8388 	 1 
96.8388 	 2 
97.1407 	 2 
97.1407 	 0 
97.2916 	 2 
97.4541 	 2 
97.7676 	 2 
97.7676 	 0 
97.9302 	 2 
98.0927 	 2 
98.1043 	 1 
98.2436 	 0 
98.4062 	 2 
98.5571 	 2 
98.7080 	 2 
98.7196 	 0 
99.0331 	 2 
99.1840 	 2 
99.1956 	 0 
99.3582 	 2 
99.6600 	 2 
99.6717 	 0 
99.8226 	 2 
99.9851 	 2 
100.2986 	 2 
100.4495 	 2 
100.6121 	 2 
100.6237 	 1 
100.9023 	 2 
101.0881 	 2 
101.2390 	 0 
101.3667 	 2 
101.3783 	 1 
101.7150 	 0 
102.1910 	 0 
102.5045 	 0 
102.8180 	 0 
103.7700 	 0 
104.0718 	 0 
104.2460 	 0 
104.7104 	 0 
105.3489 	 0 
106.3010 	 0 
106.7654 	 0 
107.2414 	 0 
107.5548 	 0 
107.8799 	 0 
108.3443 	 0 
108.8203 	 0 
109.1338 	 0 
109.2963 	 0 
109.7723 	 0 
111.3513 	 0 
111.8157 	 0 
112.2917 	 0 
112.9302 	 0 
113.8707 	 0 
114.3467 	 0 
114.8227 	 0 
115.4496 	 0 
116.0998 	 0 
116.1114 	 1 
119.5828 	 1 
120.6741 	 2 
120.9295 	 1 
120.9411 	 2 
121.1037 	 1 
121.1617 	 1 
121.3939 	 1 
121.4520 	 0 
121.4520 	 1 
121.4636 	 2 
121.7654 	 2 
121.9164 	 2 
121.9280 	 0 
122.0789 	 2 
122.2182 	 2 
122.2995 	 2 
122.4040 	 0 
122.4156 	 2 
122.5781 	 2 
122.7059 	 2 
122.8568 	 2 
122.9845 	 2 
123.0193 	 2 
123.0309 	 0 
123.3444 	 2 
123.4489 	 2 
123.6579 	 2 
123.8204 	 1 
123.8204 	 2 
123.9829 	 0 
123.9829 	 2 
124.2964 	 2 
124.4473 	 2 
124.4590 	 0 
124.5634 	 2 
124.5867 	 1 
124.7144 	 1 
124.9234 	 2 
124.9350 	 0 
125.0859 	 2 
125.2368 	 2 
125.2368 	 1 
125.5503 	 2 
125.5619 	 0 
125.7012 	 2 
125.8638 	 2 
126.1540 	 2 
126.3514 	 1 
126.4675 	 1 
126.5139 	 0 
126.8158 	 2 
126.9667 	 2 
126.9783 	 0 
127.1293 	 2 
127.4427 	 2 
127.4543 	 0 
127.6053 	 2 
127.6285 	 0 
127.6981 	 0 
127.7214 	 1 
127.7562 	 2 
127.8142 	 1 
127.8142 	 2 
128.0813 	 2 
128.0813 	 0 
128.2438 	 2 
128.3947 	 2 
128.5573 	 0 
128.7198 	 2 
128.8707 	 2 
129.0217 	 2 
129.0333 	 0 
129.3468 	 2 
129.4977 	 2 
129.5093 	 0 
129.6602 	 2 
129.9737 	 2 
129.9737 	 0 
130.1362 	 2 
130.2988 	 2 
130.6006 	 2 
130.6122 	 0 
130.7516 	 2 
130.7748 	 1 
130.9257 	 2 
131.2392 	 2 
131.4017 	 2 
131.5527 	 2 
131.5643 	 0 
131.8777 	 2 
132.0287 	 2 
132.0287 	 0 
132.1912 	 2 
132.3537 	 2 
132.5047 	 2 
132.5047 	 0 
132.6556 	 2 
132.8065 	 2 
133.1316 	 2 
133.1432 	 0 
133.2941 	 2 
133.4451 	 2 
133.7702 	 2 
133.9327 	 2 
134.0836 	 0 
134.0836 	 2 
134.3971 	 2 
134.5480 	 2 
134.5596 	 0 
134.7222 	 2 
135.0356 	 0 
135.0356 	 2 
135.1866 	 2 
135.3375 	 2 
135.6626 	 0 
135.6626 	 2 
135.8251 	 2 
135.9761 	 2 
136.2895 	 2 
136.4405 	 2 
136.6146 	 0 
136.6146 	 2 
136.9281 	 2 
137.0790 	 2 
137.0790 	 0 
137.2415 	 2 
137.5434 	 2 
137.5550 	 0 
137.7176 	 2 
137.8685 	 2 
138.1820 	 2 
138.1936 	 0 
138.3445 	 2 
138.5070 	 2 
138.6580 	 0 
138.8205 	 2 
138.9830 	 2 
139.1340 	 0 
139.1340 	 2 
139.2965 	 0 
139.3313 	 1 
139.4474 	 2 
139.6100 	 0 
139.6100 	 2 
139.7609 	 2 
140.0744 	 2 
140.0860 	 0 
140.2485 	 2 
140.3995 	 2 
140.7129 	 2 
140.8755 	 2 
141.0264 	 2 
141.3515 	 2 
141.5024 	 2 
141.6533 	 2 
141.6649 	 0 
141.9784 	 2 
142.1293 	 2 
142.1410 	 0 
142.2919 	 2 
142.6054 	 2 
142.6170 	 0 
142.7679 	 2 
142.9304 	 2 
143.2323 	 2 
143.2439 	 0 
143.3948 	 2 
143.5574 	 2 
143.6967 	 2 
143.8012 	 2 
143.8592 	 2 
143.9173 	 2 
143.9521 	 1 
144.1959 	 2 
144.1959 	 0 
144.2540 	 2 
144.2656 	 1 
144.3004 	 2 
144.3468 	 1 
144.3701 	 2 
144.4397 	 2 
144.4978 	 2 
144.6603 	 2 
144.6719 	 0 
144.8112 	 2 
144.9622 	 2 
145.1131 	 1 
145.1247 	 2 
145.1363 	 0 
145.2873 	 2 
145.4498 	 2 
145.6239 	 2 
145.7633 	 0 
145.7633 	 2 
145.9258 	 2 
146.0883 	 2 
146.4018 	 2 
146.5527 	 2 
146.7153 	 2 
146.7153 	 0 
147.0404 	 2 
147.1797 	 2 
147.1913 	 0 
147.3422 	 2 
147.6557 	 2 
147.6557 	 0 
147.8182 	 2 
147.9808 	 2 
148.2826 	 2 
148.2942 	 0 
148.4568 	 2 
148.6077 	 2 
148.7702 	 0 
148.9328 	 2 
148.9444 	 1 
149.0141 	 2 
149.0837 	 2 
149.2346 	 2 
149.2463 	 0 
149.3972 	 2 
149.5365 	 2 
149.6990 	 2 
149.7107 	 0 
149.8732 	 2 
150.1867 	 2 
150.1983 	 0 
150.3492 	 2 
150.4305 	 0 
150.4885 	 2 
150.8252 	 0 
150.8252 	 2 
150.9297 	 1 
150.9761 	 2 
151.1271 	 2 
151.2664 	 2 
151.4405 	 2 
151.6147 	 2 
151.7656 	 2 
151.7656 	 0 
152.0791 	 2 
152.2300 	 2 
152.2416 	 0 
152.3345 	 2 
152.4042 	 2 
152.7060 	 2 
152.7176 	 0 
152.8686 	 2 
153.0311 	 2 
153.3446 	 0 
153.3446 	 2 
153.5071 	 2 
153.6697 	 2 
153.9831 	 2 
154.1341 	 2 
154.2850 	 2 
154.2966 	 0 
154.6101 	 2 
154.7610 	 2 
154.7726 	 0 
154.9235 	 2 
155.2370 	 2 
155.2486 	 0 
155.3995 	 2 
155.5621 	 2 
155.8639 	 2 
155.8756 	 0 
156.0265 	 2 
156.1890 	 2 
156.4909 	 2 
156.6534 	 2 
156.8160 	 2 
156.8276 	 0 
157.1410 	 2 
157.2920 	 0 
157.2920 	 2 
157.4545 	 2 
157.7564 	 2 
157.7680 	 0 
157.9189 	 2 
158.0931 	 2 
158.3949 	 2 
158.3949 	 0 
158.5575 	 2 
158.7200 	 2 
158.8709 	 0 
159.0335 	 2 
159.1844 	 2 
159.3469 	 0 
159.3469 	 2 
159.6604 	 2 
159.8113 	 2 
159.8229 	 0 
159.9855 	 2 
160.2990 	 0 
161.8779 	 2 
161.8779 	 0 
162.3423 	 0 
162.5165 	 2 
162.5513 	 2 
162.5513 	 1 
162.8183 	 0 
163.1318 	 2 
163.4569 	 0 
163.7820 	 1 
163.7936 	 2 
164.1070 	 2 
164.3973 	 2 
164.4089 	 0 
164.7340 	 2 
164.8733 	 0 
165.0358 	 2 
165.3493 	 2 
165.3493 	 0 
165.6628 	 2 
165.9762 	 2 
165.9762 	 0 
166.1388 	 2 
166.3013 	 2 
166.3129 	 1 
166.4406 	 1 
166.6032 	 1 
166.7657 	 2 
166.9283 	 0 
166.9283 	 2 
167.2417 	 2 
167.4043 	 0 
167.5668 	 2 
167.8687 	 2 
167.8687 	 0 
168.0312 	 2 
168.1937 	 2 
168.4956 	 2 
168.5072 	 0 
168.6581 	 2 
168.8323 	 2 
168.8439 	 1 
168.9832 	 0 
169.1458 	 2 
169.2967 	 2 
169.4476 	 2 
169.4592 	 0 
169.7727 	 2 
169.9236 	 2 
169.9352 	 0 
170.0978 	 2 
170.1210 	 1 
170.3996 	 2 
170.3996 	 0 
170.5622 	 2 
170.7131 	 2 
171.0266 	 2 
171.0266 	 0 
171.1891 	 2 
171.3517 	 2 
171.3633 	 1 
171.6651 	 2 
171.8277 	 2 
171.9670 	 2 
171.9786 	 0 
172.2921 	 2 
172.4430 	 2 
172.4546 	 0 
172.6171 	 2 
172.6288 	 1 
172.9306 	 2 
172.9306 	 0 
173.0815 	 2 
173.2325 	 2 
173.5576 	 0 
173.8942 	 1 
174.1961 	 2 
174.3470 	 2 
174.5096 	 0 
174.5096 	 2 
174.8230 	 2 
174.9856 	 0 
174.9856 	 2 
175.1481 	 2 
175.1713 	 1 
175.4500 	 0 
175.4500 	 2 
175.6125 	 2 
175.7634 	 2 
176.0769 	 2 
176.0885 	 0 
176.2395 	 2 
176.4020 	 2 
176.7155 	 2 
176.8780 	 2 
177.0289 	 0 
177.0289 	 2 
177.3424 	 2 
177.4933 	 2 
177.5049 	 0 
177.6675 	 2 
177.9810 	 2 
177.9810 	 0 
178.1319 	 2 
178.3060 	 2 
178.6079 	 2 
178.6079 	 0 
178.7704 	 2 
178.9330 	 2 
178.9446 	 1 
179.0839 	 0 
179.2464 	 2 
179.3974 	 2 
179.5599 	 2 
179.5599 	 0 
179.8734 	 2 
180.0243 	 2 
180.0359 	 0 
180.1985 	 2 
180.5003 	 2 
180.5119 	 0 
180.6629 	 2 
180.8254 	 2 
181.1389 	 2 
181.2898 	 2 
181.4523 	 2 
181.4523 	 1 
181.7658 	 2 
181.9283 	 2 
182.0793 	 2 
182.0793 	 0 
182.4044 	 2 
182.5553 	 2 
182.5553 	 0 
182.7294 	 2 
183.0313 	 2 
183.0429 	 0 
183.1938 	 2 
183.3448 	 2 
183.6466 	 1 
183.6582 	 0 
184.0065 	 1 
184.0994 	 1 
184.2968 	 1 
184.4477 	 2 
184.4941 	 1 
184.6102 	 2 
184.6102 	 0 
184.7380 	 1 
184.9237 	 2 
185.0863 	 0 
185.0863 	 2 
185.2372 	 2 
185.5507 	 2 
185.5623 	 0 
185.8757 	 2 
186.1892 	 2 
186.1892 	 0 
186.3401 	 2 
186.5143 	 2 
186.8161 	 2 
186.9787 	 2 
186.9787 	 1 
187.1296 	 2 
187.1412 	 0 
187.4431 	 2 
187.6056 	 2 
187.6172 	 0 
187.7682 	 2 
188.0816 	 0 
188.0932 	 2 
188.2442 	 2 
188.3951 	 2 
188.7086 	 2 
188.7202 	 0 
189.0337 	 2 
189.1846 	 0 
189.3471 	 2 
189.5097 	 2 
189.6606 	 2 
189.6606 	 0 
189.9857 	 2 
190.1366 	 0 
190.1366 	 2 
190.2991 	 2 
190.3107 	 0 
190.6126 	 2 
190.6126 	 0 
190.7751 	 2 
190.9261 	 2 
191.2395 	 0 
191.2395 	 2 
191.4021 	 2 
191.5646 	 2 
191.8665 	 2 
192.0406 	 2 
192.1916 	 0 
192.1916 	 2 
192.5050 	 2 
192.6560 	 2 
192.6676 	 0 
192.8301 	 2 
193.1320 	 0 
193.1436 	 2 
193.2945 	 2 
193.4571 	 2 
193.7705 	 2 
193.7705 	 0 
193.9215 	 2 
194.0956 	 2 
194.3975 	 2 
194.5600 	 2 
194.7225 	 0 
195.1985 	 0 
195.3611 	 2 
195.6629 	 2 
195.6629 	 0 
195.8255 	 2 
195.9764 	 2 
196.2899 	 2 
196.3015 	 0 
196.6150 	 2 
196.9168 	 2 
197.0794 	 2 
197.2419 	 2 
197.2535 	 0 
197.3696 	 1 
197.7179 	 0 
198.2055 	 0 
198.8325 	 0 
199.3085 	 0 
