2.3917 	 0 
2.3917 	 1 
2.3917 	 2 
2.5194 	 0 
2.5194 	 1 
2.5194 	 2 
2.6471 	 0 
2.6471 	 2 
2.6587 	 1 
2.9257 	 0 
2.9257 	 1 
2.9257 	 2 
3.1811 	 1 
3.1811 	 2 
3.1811 	 0 
3.4714 	 2 
3.4714 	 0 
3.4714 	 1 
3.5991 	 2 
3.5991 	 0 
3.5991 	 1 
3.7268 	 2 
3.7384 	 1 
3.7384 	 0 
4.0054 	 1 
4.0054 	 2 
4.0054 	 0 
4.2609 	 1 
4.2609 	 0 
4.2725 	 2 
4.4002 	 2 
4.4002 	 0 
4.4002 	 1 
4.5047 	 1 
4.6788 	 0 
4.6788 	 1 
4.6788 	 2 
4.8065 	 2 
4.8181 	 1 
4.9575 	 1 
4.9575 	 2 
4.9575 	 0 
5.0968 	 2 
5.0968 	 1 
5.1084 	 0 
5.3638 	 2 
5.3638 	 1 
5.3754 	 0 
5.6308 	 2 
5.6308 	 0 
5.6424 	 1 
5.7585 	 2 
5.7585 	 0 
5.7585 	 1 
5.8863 	 1 
5.8863 	 2 
5.8979 	 0 
6.0256 	 2 
6.1649 	 0 
6.1765 	 1 
6.1765 	 2 
6.3042 	 1 
6.3158 	 2 
6.4551 	 1 
6.4551 	 0 
6.4668 	 2 
6.5712 	 1 
6.5712 	 2 
6.5829 	 0 
6.7106 	 0 
6.7106 	 1 
6.7106 	 2 
6.8383 	 2 
6.8383 	 0 
6.8499 	 1 
6.9776 	 1 
6.9776 	 0 
6.9776 	 2 
7.2562 	 2 
7.2562 	 0 
7.2562 	 1 
7.5233 	 2 
7.5233 	 1 
7.5233 	 0 
7.7903 	 2 
7.8019 	 0 
7.8019 	 1 
7.9180 	 0 
7.9180 	 2 
7.9296 	 1 
8.0573 	 0 
8.0573 	 2 
8.0573 	 1 
8.1850 	 1 
8.1966 	 2 
8.3244 	 2 
8.3244 	 1 
8.3360 	 0 
8.5798 	 1 
8.5914 	 2 
8.7191 	 1 
8.7191 	 2 
8.7191 	 0 
8.8236 	 1 
8.8236 	 0 
8.9977 	 0 
8.9977 	 2 
9.0093 	 1 
9.1371 	 1 
9.1371 	 2 
9.1371 	 0 
9.2764 	 1 
9.2764 	 0 
9.2764 	 2 
9.4157 	 0 
9.4157 	 1 
9.4273 	 2 
9.6827 	 2 
9.6827 	 0 
9.6827 	 1 
9.8220 	 1 
9.8220 	 2 
9.9498 	 2 
9.9498 	 0 
9.9498 	 1 
10.0775 	 0 
10.0891 	 2 
10.0891 	 1 
10.2052 	 1 
10.2168 	 2 
10.3561 	 0 
10.3561 	 1 
10.3561 	 2 
10.4954 	 0 
10.4954 	 1 
10.5070 	 2 
10.7857 	 2 
10.7973 	 1 
10.9134 	 2 
10.9134 	 0 
10.9134 	 1 
11.0411 	 0 
11.0411 	 2 
11.0411 	 1 
11.1572 	 0 
11.1688 	 2 
11.1688 	 1 
11.2965 	 2 
11.2965 	 0 
11.3081 	 1 
11.5635 	 2 
11.5751 	 0 
11.5751 	 1 
11.6216 	 2 
11.6216 	 1 
11.8538 	 2 
11.8538 	 1 
11.8538 	 0 
12.1208 	 0 
12.1208 	 1 
12.1208 	 2 
12.2485 	 2 
12.2601 	 0 
12.2601 	 1 
12.3878 	 2 
12.3878 	 1 
12.6433 	 1 
12.6433 	 0 
12.6549 	 2 
12.9103 	 2 
12.9103 	 1 
13.0264 	 1 
13.0380 	 0 
13.0380 	 2 
13.0728 	 1 
13.3283 	 1 
13.3283 	 2 
13.3283 	 0 
13.4676 	 2 
13.4676 	 1 
13.5953 	 2 
13.6069 	 0 
13.6069 	 1 
13.7346 	 1 
13.7462 	 0 
13.7462 	 2 
14.0249 	 2 
14.0249 	 1 
14.0365 	 0 
14.2803 	 2 
14.2803 	 0 
14.2919 	 1 
14.4080 	 2 
14.4080 	 1 
14.4080 	 0 
14.5357 	 2 
14.5589 	 1 
14.6866 	 1 
14.6866 	 2 
14.8143 	 0 
14.8143 	 2 
14.8143 	 1 
15.0814 	 2 
15.0814 	 1 
15.1975 	 1 
15.2091 	 2 
15.2207 	 0 
15.2555 	 1 
15.3600 	 2 
15.3600 	 1 
15.3600 	 0 
15.4877 	 1 
15.4877 	 0 
15.4877 	 2 
15.6270 	 1 
15.6270 	 2 
15.6270 	 0 
15.8941 	 1 
15.9057 	 2 
15.9057 	 0 
16.1843 	 1 
16.1959 	 2 
16.4397 	 2 
16.4513 	 0 
16.4513 	 1 
16.5674 	 0 
16.5674 	 2 
16.5790 	 1 
16.7068 	 0 
16.7068 	 2 
16.7068 	 1 
16.8693 	 1 
16.9738 	 2 
16.9738 	 1 
16.9738 	 0 
17.0202 	 2 
17.2408 	 1 
17.2408 	 0 
17.2524 	 2 
17.3685 	 2 
17.3685 	 0 
17.3685 	 1 
17.6472 	 0 
17.6472 	 2 
17.6588 	 1 
17.7865 	 1 
17.7865 	 2 
17.9258 	 0 
17.9258 	 2 
17.9258 	 1 
18.0535 	 1 
18.0767 	 0 
18.0767 	 2 
18.1000 	 1 
18.3322 	 0 
18.3322 	 1 
18.3438 	 2 
18.5992 	 2 
18.5992 	 0 
18.6108 	 1 
18.7269 	 2 
18.7269 	 0 
18.7385 	 1 
18.8662 	 2 
19.1332 	 1 
19.1449 	 2 
19.1449 	 0 
19.4119 	 1 
19.4119 	 0 
19.4119 	 2 
19.5512 	 1 
19.5512 	 2 
19.6789 	 2 
19.6789 	 0 
19.6789 	 1 
19.8182 	 1 
19.9459 	 2 
20.2130 	 2 
20.2130 	 1 
20.2130 	 0 
20.4684 	 0 
20.4800 	 1 
20.4800 	 2 
20.7702 	 1 
20.7702 	 2 
20.7702 	 0 
20.8863 	 2 
20.8863 	 0 
20.8980 	 1 
21.0257 	 1 
21.0257 	 0 
21.0373 	 2 
21.1534 	 1 
21.2927 	 1 
21.2927 	 2 
21.2927 	 0 
21.5597 	 1 
21.5597 	 2 
21.6990 	 1 
21.6990 	 2 
21.6990 	 0 
21.9661 	 1 
21.9661 	 2 
21.9777 	 0 
22.1054 	 1 
22.1054 	 2 
22.2447 	 0 
22.2447 	 2 
22.2563 	 1 
22.3956 	 2 
22.3956 	 1 
22.4073 	 0 
22.6627 	 2 
22.6627 	 0 
22.6627 	 1 
22.9297 	 0 
22.9297 	 1 
22.9297 	 2 
23.0574 	 0 
23.0574 	 2 
23.0574 	 1 
23.1967 	 1 
23.1967 	 0 
23.2083 	 2 
23.4522 	 1 
23.4638 	 2 
23.4754 	 0 
23.7540 	 1 
23.7656 	 2 
23.8701 	 2 
23.8701 	 1 
23.8701 	 0 
24.0094 	 2 
24.0094 	 1 
24.0094 	 0 
24.1371 	 2 
24.1371 	 0 
24.1488 	 1 
24.2765 	 1 
24.2765 	 2 
24.5435 	 0 
24.5435 	 2 
24.5435 	 1 
24.8105 	 2 
24.8105 	 1 
24.8221 	 0 
25.0892 	 1 
25.0892 	 0 
25.0892 	 2 
25.2169 	 0 
25.2169 	 2 
25.2285 	 1 
25.3562 	 0 
25.3562 	 1 
25.3562 	 2 
25.4839 	 1 
25.4955 	 2 
25.6116 	 1 
25.6232 	 0 
25.6232 	 2 
25.6348 	 1 
25.6580 	 1 
25.8786 	 1 
25.8902 	 2 
26.0063 	 1 
26.0063 	 2 
26.0180 	 0 
26.2966 	 2 
26.2966 	 1 
26.4243 	 1 
26.4243 	 2 
26.5636 	 2 
26.5636 	 1 
26.5752 	 0 
26.7146 	 0 
26.7146 	 2 
26.7146 	 1 
26.9700 	 1 
26.9816 	 2 
27.2486 	 2 
27.2486 	 0 
27.2486 	 1 
27.3763 	 2 
27.3763 	 0 
27.3879 	 1 
27.5156 	 1 
27.5156 	 2 
27.6434 	 1 
27.6550 	 2 
27.6550 	 0 
27.7943 	 1 
27.7943 	 2 
27.7943 	 0 
28.2122 	 1 
28.2122 	 2 
28.2122 	 0 
28.3400 	 1 
28.3400 	 2 
28.3400 	 0 
28.4561 	 2 
28.4677 	 0 
28.4677 	 1 
28.5838 	 1 
28.6070 	 2 
28.8624 	 0 
28.8624 	 2 
28.8624 	 1 
29.4197 	 2 
29.4197 	 0 
29.4197 	 1 
29.5474 	 0 
29.5474 	 2 
29.5474 	 1 
29.6867 	 2 
29.6867 	 1 
29.9305 	 1 
29.9421 	 0 
29.9421 	 2 
30.2092 	 1 
30.2092 	 2 
30.3253 	 0 
30.3253 	 2 
30.3369 	 1 
30.3949 	 0 
30.4530 	 1 
30.6155 	 2 
30.6271 	 1 
30.6271 	 0 
30.7664 	 2 
30.7664 	 1 
30.8941 	 2 
30.9058 	 1 
30.9058 	 0 
31.0335 	 2 
31.0335 	 1 
31.0451 	 0 
31.0799 	 0 
31.0799 	 2 
31.3237 	 1 
31.3237 	 2 
31.3237 	 0 
31.5791 	 1 
31.5791 	 2 
31.5907 	 0 
31.7068 	 1 
31.7068 	 0 
31.7068 	 2 
31.8462 	 0 
31.8462 	 1 
31.8462 	 2 
32.1132 	 2 
32.1132 	 0 
32.1132 	 1 
32.3802 	 1 
32.3918 	 2 
32.4963 	 1 
32.5079 	 2 
32.6589 	 2 
32.6589 	 0 
32.6705 	 1 
32.7866 	 2 
32.7982 	 1 
32.9143 	 1 
32.9259 	 2 
33.1929 	 1 
33.1929 	 0 
33.1929 	 2 
33.5064 	 1 
33.5064 	 2 
33.5180 	 0 
33.7386 	 1 
33.7386 	 0 
33.7386 	 2 
33.8663 	 0 
33.8663 	 1 
33.8663 	 2 
34.0056 	 0 
34.0056 	 1 
34.0056 	 2 
34.1682 	 1 
34.2727 	 1 
34.2727 	 2 
34.2727 	 0 
34.5397 	 1 
34.5513 	 2 
34.6674 	 1 
34.6674 	 0 
34.6674 	 2 
34.7138 	 1 
34.9460 	 0 
34.9460 	 2 
34.9460 	 1 
35.0854 	 1 
35.0854 	 0 
35.0854 	 2 
35.2131 	 0 
35.2131 	 1 
35.2247 	 2 
35.3524 	 1 
35.3640 	 0 
35.3640 	 2 
35.4220 	 1 
35.5498 	 1 
35.6310 	 2 
35.6426 	 1 
35.6426 	 0 
35.7703 	 1 
35.8980 	 2 
35.8980 	 1 
35.8980 	 0 
36.0258 	 0 
36.0374 	 1 
36.0374 	 2 
36.1535 	 1 
36.1651 	 2 
36.3044 	 2 
36.3044 	 1 
36.4437 	 2 
36.4437 	 1 
36.4437 	 0 
36.6991 	 1 
36.7107 	 2 
36.7107 	 0 
36.8501 	 1 
36.8617 	 0 
36.9778 	 1 
36.9778 	 2 
36.9778 	 0 
37.0242 	 0 
37.2332 	 2 
37.2448 	 1 
37.3725 	 0 
37.3725 	 1 
37.3725 	 2 
37.5118 	 0 
37.5118 	 1 
37.5118 	 2 
37.6395 	 1 
37.7789 	 1 
37.7789 	 0 
37.7789 	 2 
37.9182 	 1 
38.0575 	 2 
38.0575 	 1 
38.0691 	 0 
38.3129 	 2 
38.4406 	 2 
38.4522 	 1 
38.5916 	 0 
38.5916 	 1 
38.6032 	 2 
38.7425 	 1 
38.8586 	 1 
38.8586 	 2 
38.9863 	 1 
38.9979 	 0 
38.9979 	 2 
39.1024 	 1 
39.1372 	 2 
39.1488 	 1 
39.2533 	 2 
39.3927 	 1 
39.3927 	 2 
39.5436 	 0 
39.5436 	 2 
39.5552 	 1 
39.6945 	 1 
39.6945 	 2 
39.7061 	 0 
39.9615 	 1 
39.9615 	 2 
39.9615 	 0 
40.1009 	 0 
40.1009 	 1 
40.1125 	 2 
40.2286 	 2 
40.2286 	 0 
40.2286 	 1 
40.3679 	 2 
40.4956 	 1 
40.5072 	 2 
40.6349 	 2 
40.6349 	 0 
40.6349 	 1 
40.7626 	 0 
40.7626 	 1 
40.7626 	 2 
40.9020 	 2 
41.0297 	 0 
41.0297 	 1 
41.0413 	 2 
41.1690 	 2 
41.1690 	 0 
41.1690 	 1 
41.3083 	 0 
41.3083 	 1 
41.3083 	 2 
41.4360 	 2 
41.4360 	 1 
41.5753 	 1 
41.5753 	 2 
41.7030 	 2 
41.7030 	 1 
41.8307 	 1 
41.8424 	 2 
41.8540 	 0 
42.1094 	 2 
42.1210 	 0 
42.1210 	 1 
42.2487 	 0 
42.2487 	 1 
42.2603 	 2 
42.3880 	 1 
42.3880 	 2 
42.3880 	 0 
42.5157 	 1 
42.5273 	 2 
42.6551 	 2 
42.6667 	 1 
42.7828 	 2 
42.7828 	 0 
42.7944 	 1 
42.9221 	 1 
42.9221 	 2 
42.9221 	 0 
43.1775 	 1 
43.1775 	 2 
43.1775 	 0 
43.3052 	 0 
43.3168 	 2 
43.3168 	 1 
43.3517 	 0 
43.3517 	 1 
43.4794 	 2 
43.5839 	 2 
43.7232 	 1 
43.7348 	 2 
43.8741 	 0 
43.8741 	 2 
43.8741 	 1 
44.0134 	 1 
44.0134 	 0 
44.0134 	 2 
44.1411 	 2 
44.2688 	 0 
44.2688 	 1 
44.2805 	 2 
44.4198 	 1 
44.4198 	 2 
44.5475 	 1 
44.5475 	 0 
44.5475 	 2 
44.9538 	 1 
44.9538 	 2 
44.9538 	 0 
45.0932 	 0 
45.0932 	 1 
45.1048 	 2 
45.3602 	 1 
45.3602 	 2 
45.4995 	 2 
45.4995 	 0 
45.4995 	 1 
45.6272 	 2 
45.6388 	 0 
45.6388 	 1 
45.8826 	 2 
46.0220 	 1 
46.0220 	 2 
46.1613 	 0 
46.1729 	 2 
46.1729 	 1 
46.4283 	 1 
46.4399 	 2 
46.5560 	 1 
46.5560 	 2 
46.7069 	 1 
46.7069 	 2 
46.7185 	 0 
46.8463 	 0 
46.8463 	 1 
46.8579 	 2 
47.0901 	 2 
47.1017 	 1 
47.2410 	 0 
47.2410 	 1 
47.2526 	 2 
47.4964 	 1 
47.4964 	 2 
47.6241 	 1 
47.6357 	 2 
47.6357 	 0 
47.6706 	 1 
47.7518 	 1 
47.7983 	 1 
47.7983 	 2 
48.0653 	 1 
48.1930 	 0 
48.1930 	 2 
48.2046 	 1 
48.3323 	 2 
48.3323 	 1 
48.3323 	 0 
48.6226 	 2 
48.6226 	 1 
48.6226 	 0 
48.7503 	 2 
48.7619 	 1 
48.8780 	 2 
48.8780 	 1 
48.8780 	 0 
49.1450 	 1 
49.1566 	 2 
49.2727 	 1 
49.2844 	 2 
49.4121 	 1 
49.4121 	 2 
49.4121 	 0 
49.6791 	 2 
49.6791 	 1 
49.7952 	 0 
49.7952 	 1 
49.8068 	 2 
49.9577 	 0 
49.9577 	 1 
49.9577 	 2 
50.2248 	 2 
50.3641 	 1 
50.3757 	 0 
50.3757 	 2 
50.4918 	 0 
50.4918 	 1 
50.5034 	 2 
50.7588 	 2 
50.7704 	 1 
50.8981 	 1 
50.9098 	 2 
51.0375 	 1 
51.0375 	 2 
51.0375 	 0 
51.2929 	 2 
51.4322 	 1 
51.4438 	 2 
51.5599 	 0 
51.5599 	 1 
51.5715 	 2 
51.8269 	 2 
51.8269 	 1 
51.9663 	 1 
51.9663 	 2 
51.9663 	 0 
52.1056 	 1 
52.2333 	 2 
52.2449 	 1 
52.3842 	 1 
52.3842 	 2 
52.5119 	 2 
52.5235 	 1 
52.5235 	 0 
52.6512 	 1 
52.6629 	 0 
52.6629 	 2 
52.6977 	 1 
52.9299 	 1 
52.9299 	 0 
52.9299 	 2 
53.0576 	 0 
53.0576 	 2 
53.0692 	 1 
53.1969 	 1 
53.1969 	 2 
53.1969 	 0 
53.4523 	 1 
53.4523 	 2 
53.5917 	 1 
53.5917 	 0 
53.6033 	 2 
53.7426 	 2 
53.7426 	 1 
53.7426 	 0 
53.8819 	 1 
53.8819 	 2 
54.0096 	 2 
54.0096 	 1 
54.0096 	 0 
54.1373 	 1 
54.1489 	 2 
54.1489 	 0 
54.2766 	 1 
54.2766 	 2 
54.2883 	 0 
54.4044 	 1 
54.4160 	 2 
54.5321 	 2 
54.5321 	 1 
54.5437 	 0 
54.6598 	 1 
54.6598 	 2 
54.6830 	 0 
54.8107 	 1 
54.8107 	 0 
54.8107 	 2 
55.0777 	 1 
55.0777 	 0 
55.0777 	 2 
55.2171 	 1 
55.2287 	 2 
55.3564 	 2 
55.3564 	 1 
55.3680 	 0 
55.4957 	 0 
55.4957 	 1 
55.4957 	 2 
55.6234 	 2 
55.6234 	 1 
55.7511 	 2 
55.7511 	 1 
55.8904 	 1 
55.8904 	 0 
55.8904 	 2 
56.1459 	 2 
56.1575 	 1 
56.1575 	 0 
56.2852 	 1 
56.2968 	 2 
56.3316 	 0 
56.4361 	 2 
56.4361 	 1 
56.5522 	 2 
56.5638 	 1 
56.5754 	 0 
56.6915 	 2 
56.7031 	 1 
56.8424 	 2 
56.8424 	 1 
56.8541 	 0 
56.9934 	 2 
56.9934 	 1 
57.0050 	 0 
57.2604 	 0 
57.2604 	 1 
57.2604 	 2 
57.3997 	 1 
57.3997 	 0 
57.3997 	 2 
57.5274 	 2 
57.5274 	 0 
57.5274 	 1 
57.6551 	 0 
57.6551 	 1 
57.6551 	 2 
57.7945 	 1 
57.7945 	 2 
57.7945 	 0 
57.9338 	 1 
57.9338 	 0 
57.9338 	 2 
58.0615 	 1 
58.0615 	 2 
58.0847 	 0 
58.3285 	 1 
58.3401 	 2 
58.4678 	 0 
58.4678 	 1 
58.4678 	 2 
58.6072 	 1 
58.6072 	 2 
58.6304 	 0 
58.7349 	 1 
58.7349 	 2 
58.7465 	 0 
58.8742 	 2 
59.0135 	 1 
59.0251 	 2 
59.1412 	 1 
59.1412 	 2 
59.1528 	 0 
59.4083 	 2 
59.4083 	 0 
59.4199 	 1 
59.5592 	 0 
59.5592 	 1 
59.5592 	 2 
59.6753 	 2 
59.6869 	 1 
59.6869 	 0 
59.8146 	 2 
59.8146 	 1 
59.8262 	 0 
59.9423 	 1 
59.9539 	 2 
60.0816 	 1 
60.0816 	 2 
60.2093 	 1 
60.2210 	 0 
60.2210 	 2 
60.4764 	 2 
60.4764 	 1 
60.6041 	 2 
60.6041 	 1 
60.6157 	 0 
60.7666 	 1 
60.8943 	 0 
60.8943 	 2 
60.8943 	 1 
61.0220 	 2 
61.0220 	 1 
61.0220 	 0 
61.1614 	 0 
61.1614 	 1 
61.1614 	 2 
61.3007 	 1 
61.3123 	 0 
61.3123 	 2 
61.5677 	 0 
61.5677 	 2 
61.5793 	 1 
61.7070 	 1 
61.7070 	 2 
61.7070 	 0 
61.8463 	 1 
61.8463 	 0 
61.8463 	 2 
61.9741 	 0 
61.9741 	 2 
61.9741 	 1 
62.1018 	 1 
62.1018 	 0 
62.1018 	 2 
62.2411 	 1 
62.2411 	 0 
62.2411 	 2 
62.3920 	 0 
62.3920 	 1 
62.3920 	 2 
62.6590 	 2 
62.7984 	 0 
62.7984 	 1 
62.7984 	 2 
62.9261 	 1 
62.9261 	 0 
62.9261 	 2 
63.0538 	 1 
63.0538 	 0 
63.0538 	 2 
63.1815 	 2 
63.1931 	 1 
63.3092 	 2 
63.3208 	 1 
63.4485 	 1 
63.4601 	 2 
63.4601 	 0 
63.7272 	 2 
63.7272 	 1 
63.8549 	 2 
63.8665 	 1 
64.0058 	 1 
64.0058 	 2 
64.0174 	 0 
64.1451 	 0 
64.1451 	 2 
64.1451 	 1 
64.2728 	 0 
64.2728 	 2 
64.2728 	 1 
64.4005 	 1 
64.4005 	 2 
64.5283 	 1 
64.5399 	 0 
64.5399 	 2 
64.8069 	 1 
64.8069 	 2 
64.9230 	 1 
64.9346 	 2 
64.9694 	 0 
64.9810 	 1 
65.0971 	 2 
65.0971 	 1 
65.2132 	 2 
65.2132 	 1 
65.2132 	 0 
65.3526 	 2 
65.3526 	 1 
65.4919 	 1 
65.4919 	 2 
65.4919 	 0 
65.6312 	 2 
65.6312 	 1 
65.6428 	 0 
65.8982 	 0 
65.9098 	 1 
65.9098 	 2 
66.0492 	 1 
66.0492 	 2 
66.1769 	 1 
66.1769 	 2 
66.1769 	 0 
66.2930 	 0 
66.3046 	 2 
66.3046 	 1 
66.4323 	 1 
66.4323 	 0 
66.4439 	 2 
66.5832 	 1 
66.5832 	 2 
66.6993 	 0 
66.7109 	 1 
66.7109 	 2 
66.9663 	 1 
66.9780 	 2 
67.0941 	 1 
67.0941 	 0 
67.1057 	 2 
67.2566 	 2 
67.2566 	 1 
67.2682 	 0 
67.3843 	 1 
67.3843 	 2 
67.5236 	 1 
67.5236 	 2 
67.6629 	 2 
67.6629 	 1 
67.7790 	 1 
67.7907 	 2 
68.0693 	 1 
68.0693 	 2 
68.1970 	 2 
68.2086 	 1 
68.3247 	 1 
68.3363 	 2 
68.3363 	 0 
68.4524 	 1 
68.4640 	 2 
68.4640 	 0 
68.5917 	 1 
68.6034 	 2 
68.7311 	 2 
68.7311 	 1 
68.8588 	 2 
68.8588 	 1 
69.1258 	 2 
69.1374 	 0 
69.1374 	 1 
69.2651 	 2 
69.2651 	 1 
69.3000 	 0 
69.4044 	 2 
69.4161 	 1 
69.5322 	 2 
69.5438 	 1 
69.5438 	 0 
69.6715 	 1 
69.6715 	 2 
69.8108 	 2 
69.8224 	 1 
69.8224 	 0 
69.9501 	 1 
69.9617 	 0 
69.9617 	 2 
70.1010 	 2 
70.2288 	 0 
70.2288 	 1 
70.2288 	 2 
70.3565 	 2 
70.3565 	 0 
70.3681 	 1 
70.4842 	 0 
70.4958 	 2 
70.4958 	 1 
70.6235 	 1 
70.6235 	 2 
70.6235 	 0 
70.7628 	 1 
70.7628 	 2 
70.8789 	 2 
70.8905 	 1 
71.0298 	 1 
71.0415 	 2 
71.0415 	 0 
71.3085 	 2 
71.3085 	 0 
71.4362 	 0 
71.4362 	 1 
71.4362 	 2 
71.5639 	 0 
71.5755 	 2 
71.5755 	 1 
72.0980 	 1 
72.5159 	 2 
72.5159 	 1 
72.6552 	 2 
72.6552 	 1 
72.6668 	 0 
72.7829 	 1 
72.9223 	 2 
72.9223 	 1 
72.9339 	 0 
73.0500 	 2 
73.0500 	 1 
73.1777 	 1 
73.1893 	 0 
73.3518 	 1 
73.3518 	 2 
73.3518 	 0 
73.4563 	 1 
73.5840 	 1 
73.7234 	 1 
73.7350 	 2 
73.7350 	 0 
73.9788 	 1 
73.9904 	 2 
74.1413 	 1 
74.1413 	 0 
74.1529 	 2 
74.2806 	 2 
74.2806 	 1 
74.2806 	 0 
74.5361 	 0 
74.5361 	 2 
74.5361 	 1 
74.6522 	 1 
74.6870 	 1 
74.6986 	 2 
74.8147 	 2 
74.8147 	 0 
74.8147 	 1 
74.9424 	 1 
74.9540 	 2 
75.0817 	 1 
75.0817 	 2 
75.1862 	 1 
75.2210 	 2 
75.2210 	 1 
75.3488 	 2 
75.3488 	 0 
75.3488 	 1 
75.4881 	 1 
75.6274 	 1 
75.7667 	 1 
75.7783 	 2 
75.8944 	 0 
75.8944 	 1 
75.9060 	 2 
76.0337 	 2 
76.0337 	 1 
76.1615 	 2 
76.1615 	 1 
76.3124 	 2 
76.3124 	 1 
76.4401 	 2 
76.4401 	 1 
76.5678 	 2 
76.5678 	 1 
76.5678 	 0 
76.7071 	 1 
76.7187 	 2 
76.7187 	 0 
76.8464 	 1 
76.8464 	 2 
76.8464 	 0 
76.9741 	 1 
76.9741 	 2 
76.9858 	 0 
77.1019 	 1 
77.1019 	 2 
77.1135 	 0 
77.2412 	 1 
77.2412 	 2 
77.2412 	 0 
77.3689 	 1 
77.3805 	 2 
77.3805 	 0 
77.5198 	 2 
77.5198 	 0 
77.5198 	 1 
77.6591 	 0 
77.6591 	 2 
77.6591 	 1 
77.7752 	 1 
77.7752 	 2 
77.9029 	 2 
77.9146 	 1 
78.0539 	 0 
78.0539 	 1 
78.0539 	 2 
78.3441 	 1 
78.3441 	 2 
78.4718 	 0 
78.4718 	 2 
78.4718 	 1 
78.6112 	 1 
78.6112 	 0 
78.6228 	 2 
78.7273 	 1 
78.7389 	 0 
78.7505 	 2 
78.8666 	 2 
78.8666 	 1 
79.0059 	 2 
79.0059 	 1 
79.1336 	 2 
79.1336 	 1 
79.2613 	 1 
79.3890 	 1 
79.3890 	 2 
79.3890 	 0 
79.5283 	 2 
79.5283 	 1 
79.6561 	 2 
79.6561 	 0 
79.6561 	 1 
79.9347 	 1 
79.9347 	 2 
79.9347 	 0 
80.0740 	 1 
80.0740 	 2 
80.2133 	 1 
80.2249 	 2 
80.2366 	 0 
80.4804 	 1 
80.4920 	 2 
80.6197 	 2 
80.6197 	 1 
80.7474 	 1 
80.7474 	 0 
80.7474 	 2 
80.8867 	 2 
80.8983 	 1 
81.0144 	 2 
81.0260 	 1 
81.0260 	 0 
81.1537 	 2 
81.1537 	 1 
81.1654 	 0 
81.3047 	 0 
81.3047 	 2 
81.3163 	 1 
81.4440 	 1 
81.4440 	 2 
81.5601 	 0 
81.5717 	 2 
81.5717 	 1 
81.6994 	 0 
81.6994 	 1 
81.6994 	 2 
81.8271 	 1 
81.8387 	 0 
81.8387 	 2 
81.9780 	 0 
81.9780 	 2 
82.0361 	 1 
82.1058 	 2 
82.1174 	 1 
82.2335 	 1 
82.2451 	 2 
82.2683 	 0 
82.3844 	 2 
82.5121 	 2 
82.6514 	 0 
82.6514 	 2 
82.6746 	 1 
82.7907 	 1 
82.7907 	 2 
82.7907 	 0 
82.9301 	 2 
82.9301 	 1 
82.9417 	 0 
83.0578 	 2 
83.0578 	 1 
83.1971 	 2 
83.1971 	 1 
83.2087 	 0 
83.3364 	 1 
83.3364 	 2 
83.4641 	 2 
83.4757 	 1 
83.4757 	 0 
83.6034 	 1 
83.7312 	 0 
83.7312 	 1 
83.7312 	 2 
83.8589 	 0 
83.8589 	 2 
83.8705 	 1 
83.9982 	 2 
83.9982 	 0 
83.9982 	 1 
84.1491 	 2 
84.2768 	 1 
84.2768 	 2 
84.4045 	 0 
84.4045 	 1 
84.4161 	 2 
84.5439 	 1 
84.5439 	 0 
84.5555 	 2 
84.7993 	 1 
84.8225 	 2 
84.9502 	 1 
84.9502 	 2 
85.0779 	 1 
85.0779 	 0 
85.0895 	 2 
85.2172 	 2 
85.3566 	 1 
85.3566 	 2 
85.3682 	 0 
85.4959 	 1 
85.4959 	 2 
85.6236 	 2 
85.6352 	 1 
85.6468 	 0 
85.7629 	 2 
85.7745 	 1 
85.7745 	 0 
85.8906 	 1 
85.8906 	 2 
85.9022 	 0 
86.0299 	 0 
86.0299 	 2 
86.0299 	 1 
86.1576 	 2 
86.1576 	 1 
86.1576 	 0 
86.3086 	 1 
86.4247 	 2 
86.4247 	 1 
86.4363 	 0 
86.5524 	 0 
86.5524 	 1 
86.5640 	 2 
86.7033 	 1 
86.8426 	 2 
86.8542 	 1 
86.9703 	 1 
86.9703 	 2 
87.1097 	 1 
87.1097 	 0 
87.1097 	 2 
87.2490 	 1 
87.2606 	 2 
87.2606 	 0 
87.3883 	 2 
87.3883 	 1 
87.5160 	 2 
87.5276 	 1 
87.6553 	 2 
87.6553 	 1 
87.6553 	 0 
87.7830 	 1 
87.7946 	 2 
87.7946 	 0 
87.9224 	 1 
87.9224 	 2 
88.0501 	 1 
88.0501 	 2 
88.0617 	 0 
88.1894 	 2 
88.1894 	 0 
88.1894 	 1 
88.3171 	 1 
88.3171 	 0 
88.3171 	 2 
88.4564 	 2 
88.5841 	 1 
88.5957 	 2 
88.7234 	 1 
88.7234 	 2 
88.7234 	 0 
88.8628 	 2 
88.8628 	 0 
88.8628 	 1 
89.0137 	 1 
89.1182 	 2 
89.1298 	 1 
89.2459 	 2 
89.2575 	 1 
89.3620 	 2 
89.3852 	 0 
89.3852 	 1 
89.5594 	 1 
89.6639 	 2 
89.6871 	 1 
89.8032 	 2 
89.8148 	 1 
89.9425 	 2 
89.9425 	 1 
89.9541 	 0 
90.0818 	 1 
90.0934 	 0 
90.0934 	 2 
90.2095 	 2 
90.2211 	 0 
90.2211 	 1 
90.3488 	 2 
90.3488 	 0 
90.3488 	 1 
90.4649 	 2 
90.4766 	 1 
90.4766 	 0 
90.5230 	 2 
90.5230 	 1 
90.6159 	 2 
90.6275 	 1 
90.7552 	 2 
90.7552 	 1 
90.8945 	 2 
90.8945 	 1 
90.9061 	 0 
91.0338 	 1 
91.0338 	 2 
91.1615 	 2 
91.1732 	 1 
91.2660 	 1 
91.2893 	 2 
91.4286 	 2 
91.4402 	 1 
91.4402 	 0 
91.5679 	 1 
91.5679 	 2 
91.5795 	 0 
91.7072 	 1 
91.7072 	 2 
91.7188 	 0 
91.8233 	 1 
91.8349 	 2 
91.8465 	 0 
91.9742 	 2 
91.9742 	 1 
91.9859 	 0 
92.1020 	 0 
92.1020 	 2 
92.1020 	 1 
92.2645 	 2 
92.2645 	 1 
92.3806 	 2 
92.3806 	 0 
92.3806 	 1 
92.5199 	 2 
92.5199 	 0 
92.5199 	 1 
92.6476 	 1 
92.6476 	 2 
92.6476 	 0 
92.8798 	 2 
92.9146 	 1 
92.9263 	 2 
93.0540 	 1 
93.0540 	 0 
93.0540 	 2 
93.1933 	 0 
93.1933 	 1 
93.2049 	 2 
93.3442 	 1 
93.4603 	 1 
93.4603 	 2 
93.5880 	 2 
93.5996 	 1 
93.7273 	 1 
93.7273 	 0 
93.7506 	 2 
93.8667 	 1 
93.8783 	 2 
94.0060 	 2 
94.0060 	 1 
94.1337 	 1 
94.1337 	 2 
94.2614 	 2 
94.2730 	 0 
94.2730 	 1 
94.4123 	 0 
94.4123 	 2 
94.4123 	 1 
94.5400 	 2 
94.5400 	 1 
94.6794 	 1 
94.6794 	 0 
94.6794 	 2 
94.7955 	 1 
94.8187 	 2 
94.9580 	 2 
95.0741 	 1 
95.0857 	 2 
95.2134 	 1 
95.2250 	 0 
95.2250 	 2 
95.3527 	 1 
95.3644 	 2 
95.4805 	 2 
95.4921 	 1 
95.6198 	 1 
95.6198 	 2 
95.7591 	 2 
95.7591 	 1 
95.7591 	 0 
95.8984 	 0 
95.8984 	 2 
95.8984 	 1 
96.0377 	 1 
96.0493 	 2 
96.1654 	 2 
96.1654 	 1 
96.1771 	 0 
96.3048 	 2 
96.3048 	 0 
96.3048 	 1 
96.4325 	 1 
96.4441 	 0 
96.4441 	 2 
96.5718 	 2 
96.5718 	 1 
96.6995 	 2 
96.6995 	 0 
96.6995 	 1 
96.8388 	 2 
96.8388 	 0 
96.8388 	 1 
96.9781 	 2 
96.9781 	 0 
96.9781 	 1 
97.1059 	 1 
97.1175 	 2 
97.2336 	 1 
97.2452 	 0 
97.2452 	 2 
97.3613 	 0 
97.3729 	 1 
97.3845 	 2 
97.5238 	 2 
97.9534 	 1 
97.9766 	 2 
97.9766 	 0 
98.6384 	 1 
98.8473 	 1 
99.1608 	 1 
99.1608 	 0 
99.1608 	 2 
99.4046 	 1 
99.4278 	 2 
99.5439 	 1 
99.5556 	 2 
99.6717 	 2 
99.6717 	 1 
99.6833 	 0 
99.7878 	 2 
99.7994 	 1 
99.9155 	 2 
99.9271 	 1 
100.0896 	 2 
100.0896 	 1 
100.0896 	 0 
100.2173 	 0 
100.2289 	 2 
100.2289 	 1 
100.2405 	 0 
100.3566 	 1 
100.4960 	 2 
100.4960 	 1 
100.4960 	 0 
100.6469 	 2 
100.6469 	 1 
100.7630 	 2 
100.7630 	 0 
100.7746 	 1 
101.0300 	 1 
101.0416 	 2 
101.1693 	 1 
101.1810 	 2 
101.2971 	 0 
101.3087 	 1 
101.4364 	 1 
101.4364 	 2 
101.8427 	 1 
101.8543 	 2 
101.8543 	 0 
102.3884 	 0 
102.4000 	 1 
102.9108 	 1 
102.9224 	 2 
102.9341 	 0 
103.1663 	 1 
103.1895 	 2 
103.4681 	 1 
103.4681 	 0 
103.4681 	 2 
103.8629 	 2 
103.8745 	 1 
103.8745 	 0 
104.0022 	 0 
104.0022 	 2 
104.0022 	 1 
104.1067 	 1 
104.1183 	 2 
104.2460 	 2 
104.2576 	 1 
104.4085 	 1 
104.4085 	 2 
104.4085 	 0 
104.5478 	 1 
104.5478 	 0 
104.5595 	 2 
104.6872 	 2 
104.8265 	 0 
104.8381 	 2 
104.8381 	 1 
104.9542 	 0 
104.9658 	 2 
104.9658 	 1 
105.0819 	 1 
105.0819 	 2 
105.0819 	 0 
105.3605 	 2 
105.4999 	 1 
105.5115 	 2 
105.6276 	 1 
105.6392 	 0 
105.6392 	 2 
105.6624 	 1 
105.8946 	 1 
105.9062 	 2 
105.9062 	 0 
106.1616 	 1 
106.1732 	 0 
106.1732 	 2 
106.6957 	 1 
106.7073 	 2 
106.9859 	 2 
106.9859 	 1 
107.2530 	 2 
107.2530 	 1 
107.2530 	 0 
107.3923 	 0 
107.3923 	 1 
107.3923 	 2 
107.4387 	 2 
107.7290 	 2 
107.7290 	 1 
108.1818 	 1 
108.1934 	 2 
108.3211 	 1 
108.4372 	 2 
108.7390 	 1 
108.7390 	 2 
108.7390 	 0 
108.8668 	 0 
108.8668 	 1 
108.8784 	 2 
109.0061 	 1 
109.1454 	 2 
109.1454 	 0 
109.1454 	 1 
109.2963 	 1 
109.2963 	 2 
109.4124 	 0 
109.4124 	 2 
109.4124 	 1 
109.6795 	 1 
109.6911 	 2 
109.8188 	 0 
109.8188 	 1 
109.8304 	 2 
109.9465 	 1 
109.9581 	 0 
109.9581 	 2 
110.3296 	 2 
110.3296 	 1 
110.4922 	 0 
110.5038 	 1 
110.5038 	 2 
110.7592 	 2 
110.7592 	 1 
111.0262 	 0 
111.0262 	 1 
111.1771 	 1 
111.4326 	 1 
111.4442 	 2 
111.4558 	 0 
111.5719 	 2 
111.5719 	 1 
111.5719 	 0 
111.7112 	 1 
111.7228 	 2 
111.7228 	 0 
111.9898 	 1 
112.0131 	 2 
112.1292 	 0 
112.1292 	 1 
112.1524 	 2 
112.2569 	 1 
112.3730 	 1 
112.3730 	 2 
112.5123 	 1 
112.5239 	 0 
112.5239 	 2 
112.6516 	 2 
112.6516 	 0 
112.6516 	 1 
112.7793 	 1 
112.9070 	 2 
112.9186 	 1 
113.0580 	 1 
113.0580 	 2 
113.0580 	 0 
113.1973 	 0 
113.1973 	 2 
113.1973 	 1 
113.3366 	 2 
113.3366 	 1 
113.4759 	 2 
113.4759 	 1 
113.6036 	 0 
113.6036 	 1 
113.6036 	 2 
113.7313 	 2 
113.7313 	 0 
113.7429 	 1 
113.8823 	 1 
113.8823 	 2 
113.9984 	 1 
113.9984 	 2 
114.0100 	 0 
114.1493 	 2 
114.1493 	 1 
114.1493 	 0 
114.2770 	 2 
114.2770 	 1 
114.2770 	 0 
114.5440 	 2 
114.5440 	 1 
114.8111 	 1 
114.8111 	 0 
114.8227 	 2 
114.9388 	 1 
115.0665 	 1 
115.0781 	 2 
115.2058 	 0 
115.2058 	 2 
115.2058 	 1 
115.3451 	 1 
115.3451 	 2 
115.3567 	 0 
115.6122 	 1 
115.6122 	 2 
115.6122 	 0 
115.7631 	 2 
115.7631 	 1 
115.9024 	 0 
115.9024 	 1 
115.9024 	 2 
116.1578 	 2 
116.2855 	 2 
116.2855 	 1 
116.4249 	 2 
116.4249 	 1 
116.4365 	 0 
116.4713 	 1 
116.6919 	 1 
116.6919 	 0 
116.6919 	 2 
116.8312 	 2 
116.8312 	 1 
116.8312 	 0 
116.9821 	 2 
116.9821 	 1 
117.0982 	 2 
117.2376 	 2 
117.2492 	 1 
117.3885 	 1 
117.3885 	 0 
117.3885 	 2 
117.5278 	 0 
117.5278 	 1 
117.5278 	 2 
117.7948 	 0 
117.7948 	 1 
117.7948 	 2 
117.9458 	 1 
117.9458 	 2 
118.0619 	 2 
118.0735 	 1 
118.0735 	 0 
118.2128 	 2 
118.3289 	 1 
118.3405 	 2 
118.4682 	 2 
118.4682 	 1 
118.5959 	 2 
118.5959 	 0 
118.5959 	 1 
118.8629 	 1 
118.8746 	 2 
119.0023 	 2 
119.0023 	 1 
119.0139 	 0 
119.1532 	 1 
119.1532 	 2 
119.1648 	 0 
119.2693 	 1 
119.4318 	 2 
119.5595 	 1 
119.5595 	 2 
119.6756 	 2 
119.6756 	 1 
119.7105 	 0 
119.9427 	 2 
119.9427 	 1 
119.9543 	 0 
120.0820 	 2 
120.0820 	 1 
120.2213 	 2 
120.2213 	 1 
120.2213 	 0 
120.4883 	 1 
120.5000 	 2 
120.5000 	 0 
120.6161 	 1 
120.6277 	 2 
120.7554 	 2 
120.7554 	 1 
120.7670 	 0 
121.0108 	 2 
121.0224 	 1 
121.1501 	 1 
121.1501 	 2 
121.1501 	 0 
121.1966 	 1 
121.3127 	 1 
121.4171 	 2 
121.4404 	 1 
121.5565 	 2 
121.5681 	 1 
121.7074 	 1 
121.7074 	 0 
121.7074 	 2 
121.8351 	 1 
121.8467 	 2 
121.8467 	 0 
122.1137 	 2 
122.1137 	 0 
122.1137 	 1 
122.2531 	 1 
122.2531 	 2 
122.3808 	 2 
122.3808 	 1 
122.3808 	 0 
122.6478 	 1 
122.7871 	 1 
122.7871 	 2 
122.7871 	 0 
122.9264 	 1 
122.9380 	 2 
122.9380 	 0 
123.1935 	 1 
123.1935 	 2 
123.3328 	 1 
123.3328 	 2 
123.4605 	 0 
123.4605 	 1 
123.4605 	 2 
123.5998 	 1 
123.7275 	 2 
123.7275 	 1 
123.8436 	 1 
123.8552 	 2 
123.9946 	 1 
124.0062 	 2 
124.0062 	 0 
124.1455 	 1 
124.2732 	 2 
124.2732 	 1 
124.2848 	 0 
124.4009 	 2 
124.4009 	 1 
124.4241 	 0 
124.5402 	 1 
124.5402 	 2 
124.5518 	 0 
124.6912 	 1 
124.6912 	 0 
124.6912 	 2 
124.8073 	 0 
124.8189 	 1 
124.9350 	 1 
124.9350 	 2 
125.0743 	 2 
125.0743 	 1 
125.2252 	 2 
125.3413 	 1 
125.3413 	 2 
125.3529 	 0 
125.4574 	 1 
125.4690 	 2 
125.4806 	 0 
125.6200 	 2 
125.6200 	 0 
125.6316 	 1 
125.7593 	 1 
125.7593 	 2 
125.8870 	 1 
125.8870 	 2 
126.0379 	 2 
126.0379 	 0 
126.0379 	 1 
126.1656 	 2 
126.1656 	 0 
126.1656 	 1 
126.3166 	 1 
126.4443 	 2 
126.4559 	 0 
126.4559 	 1 
126.5836 	 2 
126.5836 	 1 
126.7113 	 1 
126.7113 	 0 
126.7113 	 2 
126.8506 	 1 
126.8506 	 2 
126.9783 	 1 
126.9783 	 2 
126.9783 	 0 
127.1176 	 1 
127.1176 	 2 
127.1176 	 0 
127.2454 	 1 
127.2454 	 2 
127.2454 	 0 
127.5008 	 1 
127.5008 	 2 
127.6285 	 2 
127.6285 	 0 
127.6285 	 1 
127.7910 	 2 
127.8026 	 1 
127.8142 	 0 
127.9187 	 1 
128.0580 	 2 
128.0580 	 1 
128.1974 	 2 
128.2090 	 1 
128.3251 	 1 
128.3251 	 2 
128.4760 	 1 
128.6037 	 1 
128.6153 	 2 
128.7430 	 1 
128.7430 	 2 
128.8707 	 2 
128.8707 	 1 
128.8707 	 0 
129.0101 	 2 
129.0101 	 1 
129.0101 	 0 
129.1262 	 1 
129.1378 	 2 
129.2771 	 2 
129.2771 	 1 
129.4048 	 1 
129.4048 	 2 
129.6718 	 1 
129.6718 	 2 
129.6834 	 0 
129.7995 	 2 
129.8112 	 1 
129.8228 	 0 
129.9505 	 2 
129.9505 	 0 
129.9505 	 1 
130.0782 	 2 
130.0782 	 1 
130.2059 	 2 
130.2059 	 1 
130.2175 	 0 
130.3568 	 1 
130.3568 	 0 
130.3568 	 2 
130.4961 	 1 
130.4961 	 0 
130.4961 	 2 
130.6355 	 1 
130.6355 	 2 
130.7748 	 2 
130.7748 	 0 
130.7748 	 1 
130.9025 	 2 
130.9025 	 1 
131.0302 	 1 
131.0302 	 2 
131.0302 	 0 
131.1695 	 1 
131.1811 	 2 
131.2972 	 2 
131.2972 	 1 
131.4366 	 2 
131.4366 	 1 
131.5643 	 1 
131.5759 	 0 
131.5759 	 2 
131.8545 	 2 
131.8545 	 1 
131.9706 	 2 
131.9822 	 1 
131.9822 	 0 
132.1099 	 2 
132.1099 	 1 
132.1215 	 0 
132.3770 	 2 
132.3770 	 1 
132.5047 	 2 
132.5047 	 1 
132.6324 	 1 
132.6440 	 0 
132.6440 	 2 
132.7833 	 2 
132.7833 	 1 
132.9110 	 2 
132.9110 	 1 
132.9226 	 0 
133.0503 	 2 
133.0503 	 1 
133.0620 	 0 
133.2013 	 2 
133.2013 	 0 
133.2013 	 1 
133.3290 	 1 
133.3406 	 0 
133.3406 	 2 
133.4567 	 2 
133.4567 	 1 
133.4683 	 0 
133.5844 	 1 
133.5960 	 0 
133.5960 	 2 
133.7237 	 1 
133.7237 	 0 
133.7353 	 2 
133.8746 	 2 
133.9095 	 1 
133.9907 	 2 
134.1301 	 0 
134.1417 	 2 
134.1417 	 1 
134.1765 	 0 
134.2926 	 2 
134.4087 	 2 
134.5364 	 0 
134.5480 	 2 
134.5596 	 1 
134.6873 	 1 
134.6873 	 0 
134.6873 	 2 
134.8267 	 0 
134.8267 	 2 
134.8267 	 1 
134.9544 	 2 
134.9544 	 1 
135.0821 	 1 
135.0937 	 0 
135.0937 	 2 
135.2214 	 1 
135.2214 	 2 
135.3607 	 2 
135.3607 	 0 
135.3607 	 1 
135.5000 	 2 
135.5000 	 1 
135.6161 	 2 
135.6161 	 0 
135.6161 	 1 
135.7555 	 0 
135.7555 	 2 
135.7555 	 1 
135.8832 	 2 
135.8832 	 1 
135.8832 	 0 
136.1502 	 1 
136.1618 	 2 
136.1734 	 0 
136.3011 	 1 
136.3011 	 2 
136.3127 	 0 
136.4405 	 1 
136.4405 	 0 
136.4405 	 2 
136.7075 	 2 
136.7075 	 1 
136.8468 	 2 
136.8468 	 1 
136.9629 	 1 
136.9629 	 0 
136.9745 	 2 
137.1138 	 2 
137.2532 	 1 
137.2532 	 2 
137.2648 	 0 
137.3809 	 1 
137.3809 	 2 
137.3925 	 0 
137.5202 	 1 
137.5202 	 2 
137.5318 	 0 
137.6595 	 0 
137.6595 	 2 
137.6595 	 1 
137.7872 	 0 
137.7872 	 2 
137.7872 	 1 
137.9149 	 0 
137.9265 	 2 
137.9265 	 1 
138.0426 	 1 
138.0426 	 0 
138.0542 	 2 
138.1936 	 1 
138.3097 	 2 
138.3213 	 1 
138.3213 	 0 
138.4490 	 0 
138.4490 	 2 
138.4490 	 1 
138.5999 	 1 
138.7392 	 2 
138.7392 	 1 
138.8669 	 1 
138.8669 	 2 
138.9946 	 1 
139.0063 	 0 
139.0063 	 2 
139.1340 	 1 
139.1456 	 0 
139.1456 	 2 
139.2849 	 2 
139.2965 	 1 
139.4126 	 2 
139.4242 	 0 
139.4242 	 1 
139.5519 	 1 
139.5519 	 2 
139.5519 	 0 
139.6796 	 2 
139.6796 	 1 
139.6796 	 0 
139.8190 	 1 
139.8190 	 2 
139.9351 	 1 
139.9467 	 2 
139.9467 	 0 
140.0744 	 0 
140.0860 	 1 
140.0860 	 2 
140.2137 	 2 
140.2137 	 1 
140.2137 	 0 
140.3530 	 2 
140.4691 	 1 
140.4807 	 2 
140.6200 	 2 
140.6200 	 1 
140.6200 	 0 
140.7478 	 2 
140.7478 	 1 
140.7478 	 0 
141.0148 	 2 
141.0264 	 1 
141.1425 	 2 
141.1425 	 1 
141.2818 	 1 
141.2818 	 0 
141.2818 	 2 
141.4327 	 2 
141.4444 	 1 
141.5605 	 2 
141.5721 	 1 
141.6882 	 2 
141.6998 	 1 
141.8275 	 2 
141.8275 	 1 
141.8391 	 0 
141.9784 	 0 
141.9784 	 1 
141.9784 	 2 
142.1061 	 1 
142.1061 	 2 
142.1177 	 0 
142.2338 	 2 
142.2454 	 1 
142.2454 	 0 
142.3615 	 1 
142.3615 	 2 
142.3732 	 0 
142.4080 	 2 
142.5009 	 2 
142.5125 	 1 
142.6402 	 0 
142.6402 	 1 
142.6402 	 2 
142.7679 	 0 
142.7795 	 1 
142.7795 	 2 
142.9188 	 1 
142.9188 	 2 
143.0581 	 2 
143.0930 	 1 
143.1859 	 2 
143.3252 	 2 
143.3252 	 1 
143.3368 	 0 
143.4645 	 2 
143.4645 	 1 
143.4761 	 0 
143.5922 	 2 
143.5922 	 1 
143.6038 	 0 
143.7199 	 2 
143.7199 	 1 
143.7315 	 0 
143.8708 	 1 
143.8708 	 2 
143.9985 	 0 
143.9985 	 2 
143.9985 	 1 
144.1379 	 2 
144.1495 	 0 
144.1495 	 1 
144.2656 	 1 
144.2656 	 2 
144.2772 	 0 
144.4049 	 2 
144.4049 	 1 
144.4049 	 0 
144.5326 	 1 
144.5442 	 0 
144.5442 	 2 
144.6719 	 2 
144.7996 	 2 
144.7996 	 1 
144.9390 	 1 
144.9390 	 2 
144.9390 	 0 
145.0899 	 2 
145.0899 	 0 
145.0899 	 1 
145.3453 	 1 
145.3453 	 2 
145.4730 	 2 
145.4962 	 1 
145.6123 	 2 
145.6123 	 1 
145.6239 	 0 
145.7749 	 1 
145.7749 	 2 
145.9026 	 1 
145.9026 	 2 
145.9142 	 0 
146.0303 	 2 
146.0303 	 1 
146.1580 	 1 
146.1696 	 0 
146.1696 	 2 
146.2973 	 1 
146.2973 	 2 
146.3089 	 0 
146.4250 	 1 
146.4366 	 2 
146.4366 	 0 
146.5644 	 1 
146.5760 	 0 
146.5760 	 2 
146.6921 	 1 
146.7037 	 2 
146.8430 	 1 
146.8546 	 2 
146.9707 	 1 
146.9707 	 2 
147.0984 	 1 
147.1100 	 2 
147.1216 	 0 
147.2377 	 1 
147.2610 	 2 
147.3771 	 2 
147.5048 	 1 
147.5164 	 2 
147.6441 	 1 
147.6557 	 2 
147.6557 	 0 
147.7834 	 1 
147.7950 	 2 
147.7950 	 0 
147.9227 	 1 
147.9343 	 2 
148.0504 	 2 
148.0504 	 1 
148.1898 	 2 
148.1898 	 1 
148.3291 	 1 
148.3291 	 2 
148.3291 	 0 
148.4684 	 2 
148.4684 	 1 
148.5961 	 2 
148.5961 	 1 
148.5961 	 0 
148.7238 	 0 
148.7238 	 1 
148.7238 	 2 
148.8631 	 2 
148.8631 	 0 
148.8631 	 1 
149.0024 	 1 
149.0141 	 2 
149.1302 	 1 
149.1418 	 0 
149.1418 	 2 
149.2695 	 1 
149.2695 	 0 
149.2695 	 2 
149.3972 	 1 
149.4088 	 0 
149.4088 	 2 
149.6758 	 1 
149.6758 	 2 
149.8035 	 2 
149.8035 	 1 
149.9312 	 0 
149.9312 	 1 
149.9429 	 2 
150.0706 	 2 
150.0822 	 1 
150.1983 	 2 
150.2099 	 0 
150.2099 	 1 
150.3492 	 1 
150.3492 	 2 
150.4885 	 0 
150.4885 	 2 
150.4885 	 1 
150.6278 	 1 
150.6278 	 2 
150.7556 	 1 
150.7556 	 0 
150.7556 	 2 
150.8833 	 1 
150.8833 	 2 
150.8833 	 0 
151.0226 	 0 
151.0226 	 1 
151.0342 	 2 
151.1735 	 2 
151.2200 	 1 
151.2896 	 2 
151.3012 	 1 
151.4289 	 1 
151.4405 	 2 
151.5566 	 1 
151.6844 	 1 
151.6960 	 2 
151.8469 	 0 
151.8469 	 2 
151.8701 	 1 
151.9282 	 1 
151.9862 	 0 
151.9862 	 1 
151.9862 	 2 
152.1139 	 2 
152.1255 	 1 
152.1255 	 0 
152.2416 	 2 
152.2532 	 1 
152.3810 	 1 
152.3810 	 2 
152.3926 	 0 
152.5087 	 2 
152.5203 	 1 
152.6596 	 2 
152.6596 	 1 
152.6596 	 0 
152.7989 	 2 
152.7989 	 1 
152.9150 	 1 
152.9150 	 0 
152.9150 	 2 
153.0543 	 1 
153.0543 	 2 
153.0543 	 0 
153.1820 	 0 
153.1820 	 1 
153.1937 	 2 
153.4491 	 1 
153.4607 	 2 
153.4723 	 0 
153.6000 	 0 
153.6000 	 2 
153.6000 	 1 
153.7393 	 1 
153.7393 	 2 
153.7509 	 0 
153.9947 	 1 
154.0063 	 2 
154.0180 	 0 
154.1341 	 1 
154.1457 	 2 
154.2618 	 0 
154.2618 	 1 
154.2618 	 2 
154.5404 	 1 
154.5404 	 2 
154.5636 	 0 
154.6797 	 1 
154.6797 	 2 
154.6913 	 0 
154.8190 	 1 
154.8190 	 2 
154.8307 	 0 
154.9468 	 2 
154.9584 	 1 
154.9584 	 0 
155.0745 	 2 
155.0861 	 1 
155.0861 	 0 
155.2138 	 1 
155.2138 	 2 
155.2138 	 0 
155.3415 	 2 
155.3415 	 0 
155.3415 	 1 
155.4808 	 2 
155.6085 	 2 
155.6201 	 1 
155.7478 	 1 
155.7478 	 2 
155.7595 	 0 
155.8872 	 1 
156.0265 	 1 
156.0265 	 2 
156.1542 	 1 
156.1658 	 2 
156.2935 	 1 
156.3051 	 2 
156.3051 	 0 
156.4328 	 1 
156.4444 	 2 
156.4444 	 0 
156.5722 	 2 
156.5838 	 1 
156.7115 	 2 
156.7115 	 1 
156.8392 	 1 
156.8508 	 2 
156.8508 	 0 
156.9669 	 1 
156.9785 	 2 
156.9901 	 0 
157.1062 	 1 
157.1178 	 2 
157.2455 	 0 
157.2455 	 1 
157.2455 	 2 
157.3732 	 2 
157.3732 	 0 
157.3732 	 1 
157.5010 	 1 
157.5126 	 2 
157.5126 	 0 
157.6519 	 1 
157.6519 	 2 
157.7796 	 2 
157.7796 	 1 
157.9189 	 0 
157.9189 	 1 
157.9189 	 2 
158.0466 	 1 
158.0466 	 2 
158.0582 	 0 
158.3020 	 2 
158.3253 	 1 
158.4298 	 2 
158.4414 	 1 
158.5575 	 2 
158.5691 	 1 
158.8593 	 2 
158.8709 	 1 
158.9870 	 2 
158.9986 	 1 
158.9986 	 0 
159.1263 	 2 
159.1263 	 1 
159.1380 	 0 
159.2657 	 2 
159.2773 	 1 
159.2889 	 0 
159.3934 	 2 
159.4050 	 0 
159.4050 	 1 
159.5327 	 2 
159.5327 	 1 
159.5327 	 0 
159.6604 	 1 
159.6720 	 0 
159.6720 	 2 
159.8113 	 2 
159.9274 	 0 
159.9390 	 2 
159.9390 	 1 
160.0784 	 2 
160.0900 	 1 
160.1132 	 0 
160.2177 	 2 
160.2177 	 1 
160.3570 	 2 
160.3570 	 1 
160.3918 	 1 
160.4499 	 1 
160.4963 	 2 
160.6240 	 1 
160.6240 	 0 
160.6240 	 2 
160.7634 	 2 
160.7634 	 1 
160.7750 	 0 
160.8911 	 1 
160.8911 	 2 
161.0188 	 1 
161.0188 	 2 
161.0420 	 0 
161.1581 	 1 
161.1697 	 2 
161.2858 	 2 
161.2858 	 1 
161.2974 	 0 
161.4367 	 2 
161.4483 	 1 
161.5644 	 0 
161.5644 	 2 
161.5644 	 1 
161.7038 	 0 
161.7038 	 2 
161.7038 	 1 
161.8315 	 1 
161.8431 	 2 
161.8431 	 0 
161.9708 	 2 
162.0985 	 1 
162.0985 	 2 
162.2378 	 0 
162.2378 	 2 
162.2378 	 1 
162.3771 	 0 
162.3771 	 2 
162.3888 	 1 
162.5513 	 1 
162.6558 	 1 
162.6558 	 2 
162.7835 	 2 
162.7835 	 1 
162.9112 	 1 
162.9112 	 0 
162.9228 	 2 
163.0621 	 1 
163.0621 	 2 
163.1898 	 1 
163.2015 	 2 
163.2131 	 0 
163.3292 	 1 
163.3292 	 2 
163.4569 	 1 
163.4569 	 2 
163.4685 	 0 
163.5962 	 0 
163.5962 	 2 
163.5962 	 1 
163.7239 	 2 
163.7355 	 1 
163.8632 	 0 
163.8632 	 2 
163.8632 	 1 
163.9909 	 1 
164.0025 	 2 
164.1419 	 2 
164.2696 	 1 
164.2696 	 2 
164.3973 	 1 
164.4089 	 2 
164.4089 	 0 
164.5250 	 1 
164.6759 	 2 
164.8036 	 2 
164.8152 	 1 
164.9429 	 2 
164.9546 	 0 
164.9546 	 1 
165.0823 	 1 
165.0939 	 0 
165.0939 	 2 
165.2332 	 2 
165.3493 	 2 
165.3493 	 1 
165.4886 	 1 
165.4886 	 2 
165.6163 	 1 
165.6279 	 0 
165.6279 	 2 
165.7556 	 1 
165.7673 	 2 
165.8950 	 1 
165.8950 	 2 
166.0227 	 0 
166.0227 	 1 
166.0227 	 2 
166.1620 	 2 
166.1620 	 0 
166.1620 	 1 
166.3013 	 2 
166.4406 	 2 
166.5683 	 2 
166.5800 	 0 
166.5800 	 1 
166.8470 	 2 
166.9863 	 2 
167.1256 	 2 
167.2533 	 2 
167.2533 	 1 
167.3810 	 2 
167.3927 	 1 
167.5204 	 2 
167.6597 	 1 
167.6597 	 2 
167.7874 	 2 
167.9383 	 1 
167.9383 	 2 
168.0660 	 1 
168.0660 	 2 
168.1937 	 0 
168.1937 	 1 
168.2054 	 2 
168.3331 	 0 
168.3331 	 1 
168.3331 	 2 
168.4608 	 2 
168.4608 	 0 
168.4608 	 1 
168.6001 	 2 
168.6001 	 1 
168.7278 	 1 
168.7394 	 2 
168.8787 	 2 
169.0180 	 1 
169.0180 	 2 
169.1458 	 1 
169.1458 	 2 
169.2851 	 1 
169.2851 	 2 
169.4128 	 1 
169.4128 	 2 
169.5521 	 1 
169.5521 	 2 
169.6798 	 2 
169.6798 	 1 
169.6798 	 0 
169.8075 	 2 
169.8191 	 1 
169.9468 	 1 
169.9468 	 2 
170.0862 	 0 
170.0862 	 2 
170.0862 	 1 
170.2139 	 2 
170.2255 	 1 
170.2255 	 0 
170.3532 	 2 
170.3532 	 0 
170.3532 	 1 
170.4925 	 0 
170.4925 	 1 
170.4925 	 2 
170.5854 	 1 
170.6318 	 0 
170.6318 	 1 
170.6318 	 2 
170.7595 	 2 
170.7595 	 0 
170.7595 	 1 
170.8989 	 2 
171.0382 	 2 
171.1659 	 2 
171.2936 	 1 
171.3052 	 2 
171.4329 	 2 
171.5722 	 1 
171.5722 	 2 
171.7116 	 2 
171.8509 	 2 
171.9786 	 1 
171.9902 	 2 
172.1179 	 2 
172.2456 	 2 
172.3966 	 2 
172.5243 	 2 
172.6520 	 2 
172.6636 	 1 
172.7913 	 2 
172.9190 	 2 
173.0583 	 2 
173.0699 	 1 
173.2093 	 2 
173.3370 	 2 
173.4763 	 2 
173.6040 	 2 
173.6040 	 1 
173.7433 	 1 
173.7433 	 2 
173.8710 	 1 
173.8710 	 2 
174.0103 	 1 
174.0103 	 2 
174.1380 	 2 
174.1497 	 1 
174.1729 	 2 
174.2890 	 1 
174.2890 	 2 
174.4167 	 1 
174.4167 	 2 
174.5560 	 0 
174.5560 	 1 
174.5560 	 2 
174.6837 	 2 
174.8230 	 1 
174.8230 	 2 
174.9507 	 1 
174.9624 	 2 
175.0901 	 1 
175.0901 	 0 
175.0901 	 2 
175.2178 	 0 
175.2294 	 1 
175.2294 	 2 
175.4964 	 0 
175.4964 	 1 
175.4964 	 2 
175.6241 	 2 
175.6241 	 1 
175.7634 	 1 
175.7634 	 2 
175.8563 	 1 
175.9144 	 2 
175.9144 	 1 
176.0305 	 1 
176.0421 	 2 
176.1582 	 1 
176.1698 	 2 
176.1698 	 0 
176.2975 	 1 
176.3091 	 2 
176.4484 	 1 
176.4484 	 2 
176.5761 	 1 
176.5761 	 2 
176.7039 	 1 
176.7155 	 2 
176.8548 	 2 
176.9825 	 2 
176.9941 	 1 
177.1102 	 1 
177.1218 	 2 
177.2495 	 1 
177.2495 	 2 
177.3772 	 1 
177.3772 	 2 
177.5166 	 2 
177.5166 	 1 
177.6559 	 2 
177.6675 	 1 
177.7836 	 2 
177.9229 	 2 
177.9345 	 1 
178.3293 	 2 
178.3293 	 1 
178.4686 	 2 
178.5963 	 2 
178.7356 	 2 
178.7472 	 1 
178.8633 	 2 
178.8749 	 1 
179.0026 	 2 
179.0142 	 1 
179.1536 	 1 
179.2697 	 1 
179.4090 	 1 
179.4090 	 2 
179.6876 	 1 
179.9663 	 1 
180.2333 	 1 
180.5003 	 1 
181.3130 	 1 
181.5684 	 1 
181.7078 	 1 
181.8471 	 1 
181.9864 	 1 
182.1141 	 1 
182.2534 	 1 
182.3927 	 1 
182.6598 	 1 
182.7991 	 1 
182.9384 	 1 
183.0661 	 1 
183.2054 	 1 
183.4725 	 1 
183.6002 	 2 
184.6799 	 1 
184.9585 	 1 
185.0630 	 1 
185.2140 	 1 
185.3417 	 1 
185.4926 	 1 
185.6319 	 2 
185.6319 	 1 
185.7596 	 2 
185.7596 	 1 
185.8873 	 2 
185.8873 	 1 
185.8990 	 0 
186.0034 	 2 
186.0151 	 1 
186.0267 	 0 
186.1544 	 1 
186.3053 	 2 
186.4330 	 2 
186.5723 	 2 
186.8394 	 2 
186.9787 	 2 
187.2457 	 2 
187.3850 	 2 
187.5127 	 2 
187.6521 	 2 
187.7914 	 2 
187.9307 	 2 
188.0584 	 2 
188.6041 	 2 
189.9508 	 2 
