0.4992 	 0 
0.4992 	 2 
0.4992 	 1 
1.6138 	 0 
1.6138 	 2 
1.6254 	 1 
1.9040 	 1 
1.9156 	 0 
2.1943 	 0 
2.2175 	 1 
2.3220 	 1 
3.0534 	 2 
3.1695 	 2 
3.3901 	 1 
3.4017 	 2 
3.4017 	 0 
3.7036 	 1 
3.7384 	 2 
4.2493 	 0 
4.2609 	 2 
4.2609 	 1 
6.8267 	 1 
6.8499 	 2 
7.1053 	 2 
7.7671 	 1 
7.7787 	 2 
7.9644 	 2 
7.9644 	 1 
8.1966 	 2 
8.2547 	 1 
9.3925 	 2 
9.7640 	 2 
9.7640 	 1 
9.7756 	 0 
10.0078 	 2 
10.0194 	 0 
10.6580 	 1 
10.7624 	 2 
13.7346 	 1 
13.7462 	 2 
13.8043 	 1 
14.0481 	 1 
14.0713 	 2 
14.0829 	 0 
14.3383 	 1 
14.4312 	 1 
14.6982 	 1 
15.6735 	 1 
16.5326 	 2 
16.5326 	 1 
16.5326 	 0 
16.9041 	 2 
17.2640 	 2 
22.2679 	 2 
22.6162 	 2 
22.6395 	 1 
23.0110 	 1 
23.2316 	 1 
23.2432 	 0 
23.2780 	 2 
23.4870 	 1 
23.6031 	 1 
23.7076 	 2 
23.7656 	 1 
23.9978 	 2 
24.0094 	 1 
24.0210 	 0 
24.1952 	 2 
24.3113 	 1 
24.3229 	 2 
24.4042 	 1 
24.5783 	 1 
24.5899 	 0 
24.5899 	 2 
24.8570 	 1 
24.8570 	 2 
25.1704 	 2 
25.1820 	 0 
25.1820 	 1 
25.3794 	 2 
25.3794 	 1 
25.6000 	 1 
25.6116 	 2 
25.8554 	 2 
25.8554 	 1 
25.9831 	 2 
26.1573 	 1 
26.1573 	 2 
26.1689 	 0 
26.3895 	 2 
26.3895 	 1 
26.7610 	 1 
26.7610 	 0 
26.7610 	 2 
26.9700 	 0 
26.9700 	 1 
26.9816 	 2 
27.1673 	 2 
27.1906 	 1 
27.3763 	 2 
27.3763 	 0 
27.5621 	 0 
27.5621 	 2 
27.5621 	 1 
27.7478 	 0 
27.7478 	 1 
27.7595 	 2 
28.0149 	 1 
28.0265 	 2 
28.0497 	 0 
28.1658 	 1 
28.1774 	 2 
28.3400 	 2 
28.3400 	 1 
28.3400 	 0 
28.5373 	 1 
28.5489 	 2 
28.5489 	 0 
28.7347 	 2 
28.7347 	 1 
28.7347 	 0 
28.9321 	 2 
28.9321 	 0 
29.1410 	 2 
29.1410 	 1 
29.3268 	 0 
29.3268 	 1 
29.3384 	 2 
29.4777 	 1 
29.4893 	 2 
29.5474 	 0 
29.6054 	 1 
29.7448 	 2 
29.8609 	 1 
29.9421 	 2 
30.0582 	 2 
30.0815 	 1 
30.3137 	 2 
30.3369 	 1 
30.4994 	 2 
30.5459 	 0 
30.6039 	 1 
30.7200 	 2 
30.8941 	 1 
30.8941 	 2 
30.9058 	 0 
31.1147 	 2 
31.1263 	 0 
31.1844 	 2 
31.1960 	 1 
31.3469 	 2 
31.4979 	 1 
31.4979 	 2 
31.5095 	 0 
31.7185 	 2 
31.7765 	 1 
31.7765 	 2 
31.8926 	 1 
31.9042 	 2 
31.9158 	 0 
32.0900 	 2 
32.1829 	 1 
32.2177 	 2 
32.4731 	 0 
32.4731 	 1 
32.6937 	 2 
32.7517 	 1 
32.7634 	 2 
33.0768 	 0 
33.0768 	 1 
33.0768 	 2 
33.1233 	 1 
33.2974 	 0 
33.2974 	 2 
33.2974 	 1 
33.4948 	 2 
33.4948 	 1 
33.4948 	 0 
33.6922 	 2 
33.7038 	 1 
33.7038 	 0 
33.8779 	 2 
33.8779 	 1 
33.8895 	 0 
34.0637 	 1 
34.0753 	 2 
34.0753 	 0 
34.2727 	 1 
34.3307 	 0 
34.3423 	 1 
34.3423 	 2 
34.4816 	 1 
34.4932 	 0 
34.5049 	 2 
34.6442 	 1 
34.6442 	 0 
34.6558 	 2 
34.8415 	 1 
34.8648 	 2 
35.0505 	 0 
35.0505 	 1 
35.0505 	 2 
35.2595 	 2 
35.3292 	 1 
35.5846 	 1 
35.6310 	 2 
35.6426 	 1 
35.8284 	 1 
35.8516 	 2 
35.8632 	 0 
35.9445 	 1 
36.2231 	 1 
36.3160 	 1 
36.7340 	 1 
36.7340 	 2 
36.8965 	 1 
37.2100 	 1 
37.3841 	 2 
37.4886 	 1 
37.7789 	 1 
37.8137 	 2 
37.9995 	 1 
38.0227 	 2 
38.2897 	 1 
38.7889 	 1 
38.8005 	 2 
38.8005 	 0 
39.0095 	 2 
39.0095 	 0 
39.0676 	 1 
39.0792 	 2 
39.3810 	 1 
39.3927 	 0 
39.4043 	 2 
39.6016 	 1 
39.6132 	 2 
39.7874 	 1 
39.7874 	 2 
39.8106 	 0 
40.0080 	 0 
40.0080 	 2 
40.0196 	 1 
40.1937 	 1 
40.2054 	 0 
40.2054 	 2 
40.3679 	 1 
40.3795 	 0 
40.3911 	 2 
40.6465 	 1 
40.6581 	 2 
40.6814 	 0 
40.9600 	 2 
40.9600 	 1 
40.9716 	 0 
41.1690 	 1 
41.1806 	 2 
41.1806 	 0 
41.3663 	 1 
41.3663 	 2 
41.3663 	 0 
41.5637 	 2 
41.6218 	 1 
41.9585 	 1 
41.9585 	 2 
41.9701 	 0 
42.1790 	 2 
42.2255 	 2 
42.2371 	 1 
42.2487 	 0 
42.5506 	 0 
42.5622 	 1 
42.5622 	 2 
42.7595 	 1 
43.1427 	 2 
43.1659 	 0 
43.1659 	 1 
43.3633 	 2 
43.3633 	 1 
43.3749 	 0 
43.5374 	 0 
43.5374 	 1 
43.5490 	 2 
43.8161 	 1 
43.8161 	 2 
43.8277 	 0 
44.1411 	 0 
44.1411 	 2 
44.1411 	 1 
44.3385 	 2 
44.3385 	 0 
44.3385 	 1 
44.5359 	 1 
44.5359 	 2 
44.5359 	 0 
44.7216 	 2 
44.7216 	 1 
44.7332 	 0 
45.1164 	 2 
45.1164 	 0 
45.1164 	 1 
45.3254 	 1 
45.3370 	 2 
45.6272 	 0 
45.8942 	 2 
45.8942 	 0 
45.8942 	 1 
46.1148 	 1 
46.3006 	 2 
46.3122 	 1 
46.3122 	 0 
46.6024 	 1 
46.6837 	 2 
46.6953 	 1 
46.9043 	 1 
47.4732 	 1 
47.4732 	 2 
47.4732 	 0 
47.6822 	 2 
47.6822 	 1 
47.8795 	 2 
47.8795 	 0 
47.8795 	 1 
48.1001 	 1 
48.2627 	 1 
48.2627 	 2 
48.2627 	 0 
48.4717 	 2 
48.4717 	 1 
48.4717 	 0 
48.8780 	 1 
49.0522 	 2 
49.0638 	 0 
49.0638 	 1 
49.2727 	 1 
49.4701 	 1 
49.6559 	 2 
49.8416 	 2 
49.8416 	 1 
50.0738 	 2 
50.0738 	 0 
50.0738 	 1 
50.4570 	 1 
50.4686 	 2 
50.6311 	 2 
50.6427 	 0 
50.6427 	 1 
50.8285 	 2 
50.8401 	 1 
50.8401 	 0 
51.0259 	 2 
51.0375 	 0 
51.0375 	 1 
51.4206 	 2 
51.4206 	 1 
51.6180 	 2 
51.6296 	 0 
51.6296 	 1 
52.2101 	 0 
52.2101 	 1 
52.2101 	 2 
52.8022 	 1 
52.9183 	 1 
52.9995 	 2 
52.9995 	 1 
53.2085 	 1 
53.2201 	 2 
53.2201 	 0 
53.5336 	 1 
53.6149 	 2 
53.6265 	 1 
53.7890 	 2 
53.8006 	 1 
53.8006 	 0 
53.9980 	 1 
54.0096 	 0 
54.1954 	 0 
54.1954 	 2 
54.2070 	 1 
54.4856 	 1 
54.4856 	 2 
54.5785 	 1 
54.5901 	 2 
54.7875 	 1 
54.7991 	 2 
55.1822 	 2 
55.3680 	 2 
55.3680 	 1 
55.3796 	 0 
55.8092 	 0 
56.0762 	 1 
56.1575 	 1 
56.1575 	 2 
56.1807 	 0 
56.3780 	 1 
56.3897 	 2 
56.5754 	 1 
56.9585 	 2 
56.9585 	 0 
56.9585 	 1 
57.1675 	 1 
57.3533 	 2 
57.3533 	 0 
57.3533 	 1 
57.3881 	 1 
57.6668 	 1 
57.7364 	 1 
57.7364 	 2 
57.9570 	 1 
57.9686 	 0 
57.9686 	 2 
58.1428 	 0 
58.1544 	 1 
58.1544 	 2 
58.2589 	 1 
58.2705 	 0 
58.2821 	 2 
58.3866 	 1 
58.5259 	 1 
58.5259 	 0 
58.5259 	 2 
58.8278 	 1 
58.9439 	 0 
58.9439 	 2 
58.9439 	 1 
59.1296 	 1 
59.3154 	 0 
59.3154 	 2 
59.3270 	 1 
59.5360 	 1 
59.5360 	 2 
59.7217 	 2 
59.7449 	 0 
59.7566 	 1 
59.8494 	 1 
60.1049 	 2 
60.1049 	 1 
60.1049 	 0 
60.3254 	 1 
60.3371 	 2 
60.4996 	 1 
60.5112 	 2 
60.5112 	 0 
60.7086 	 1 
60.7202 	 2 
60.8943 	 2 
60.9059 	 1 
61.0917 	 1 
61.1033 	 2 
61.1033 	 0 
61.3007 	 1 
61.3007 	 2 
61.3239 	 0 
61.4284 	 1 
61.4400 	 0 
61.6141 	 1 
61.6838 	 2 
61.6954 	 0 
61.6954 	 1 
61.9044 	 2 
61.9160 	 0 
61.9973 	 1 
62.0785 	 2 
62.0785 	 1 
62.2991 	 1 
62.4733 	 2 
62.4733 	 1 
62.7055 	 2 
62.7055 	 1 
62.8912 	 1 
62.9029 	 2 
62.9029 	 0 
63.1815 	 1 
63.2628 	 2 
63.2628 	 1 
63.2744 	 0 
63.4717 	 1 
63.4717 	 0 
63.4717 	 2 
63.6575 	 2 
63.6691 	 0 
63.6691 	 1 
63.8781 	 1 
64.0522 	 2 
64.0639 	 1 
64.2612 	 2 
64.2612 	 0 
64.4702 	 0 
64.4702 	 1 
64.4818 	 2 
64.5863 	 1 
64.5979 	 2 
64.7721 	 1 
64.8417 	 1 
64.8417 	 2 
64.8533 	 0 
65.0507 	 2 
65.0507 	 1 
65.1552 	 1 
65.1552 	 0 
65.1668 	 2 
65.4454 	 1 
65.5499 	 1 
65.6312 	 2 
65.6428 	 1 
65.8518 	 2 
65.8634 	 1 
66.1537 	 0 
66.1653 	 1 
66.1653 	 2 
66.4207 	 1 
66.4323 	 0 
66.4323 	 2 
66.6297 	 1 
66.6413 	 0 
66.6413 	 2 
66.8270 	 2 
66.8270 	 0 
66.8386 	 1 
67.2102 	 2 
67.2102 	 1 
67.2334 	 0 
67.4540 	 0 
67.4540 	 2 
67.6397 	 1 
67.6513 	 0 
67.9184 	 1 
68.0112 	 2 
68.0112 	 1 
68.0229 	 0 
68.2202 	 1 
68.3131 	 1 
68.3247 	 0 
68.6150 	 1 
68.7078 	 1 
68.8007 	 2 
68.8007 	 1 
68.9981 	 2 
68.9981 	 1 
69.0097 	 0 
69.2071 	 1 
69.3232 	 1 
69.3232 	 2 
69.4973 	 1 
69.5902 	 1 
69.5902 	 2 
69.7876 	 1 
69.7992 	 2 
70.0198 	 2 
71.0763 	 2 
71.0879 	 1 
71.3781 	 1 
71.3781 	 2 
71.4246 	 2 
71.4710 	 1 
72.5740 	 1 
72.5856 	 2 
72.7017 	 2 
72.8990 	 2 
72.9107 	 0 
72.9223 	 1 
73.1545 	 2 
73.3402 	 2 
73.3634 	 1 
73.6189 	 1 
73.6189 	 2 
75.6622 	 1 
76.3008 	 1 
76.3704 	 2 
76.9858 	 2 
77.1367 	 1 
77.2063 	 2 
77.4037 	 1 
77.6591 	 1 
77.6707 	 2 
78.2512 	 2 
78.8666 	 1 
78.8782 	 2 
79.0872 	 2 
79.2033 	 1 
79.2033 	 2 
79.4703 	 2 
79.8534 	 0 
79.8534 	 1 
79.8650 	 2 
80.4571 	 2 
82.6282 	 1 
82.9185 	 2 
82.9301 	 1 
83.0229 	 1 
83.2087 	 1 
83.3132 	 1 
83.3132 	 0 
83.8008 	 1 
84.1027 	 1 
84.5787 	 2 
84.5903 	 1 
84.6019 	 0 
84.8109 	 2 
84.8922 	 1 
85.0083 	 2 
85.3798 	 2 
85.3914 	 1 
85.3914 	 0 
85.5075 	 1 
85.7629 	 1 
86.1693 	 1 
86.1693 	 2 
86.1809 	 0 
86.3666 	 0 
86.3666 	 1 
86.3898 	 1 
86.7962 	 1 
86.9471 	 2 
86.9587 	 1 
86.9703 	 0 
87.1561 	 1 
87.1561 	 2 
87.1793 	 0 
87.2722 	 1 
87.3767 	 1 
87.3767 	 0 
87.3767 	 2 
87.5624 	 1 
87.6669 	 1 
87.7482 	 2 
87.7714 	 0 
87.9456 	 2 
87.9456 	 1 
88.0617 	 2 
88.0617 	 1 
88.1778 	 1 
88.3519 	 1 
88.3519 	 2 
88.4564 	 1 
88.5377 	 2 
88.5377 	 1 
88.7002 	 2 
88.7002 	 1 
88.7118 	 0 
88.9324 	 0 
88.9324 	 2 
88.9324 	 1 
89.1646 	 1 
89.3156 	 2 
89.3272 	 1 
89.3388 	 0 
89.5245 	 2 
89.5245 	 1 
89.6406 	 1 
89.7451 	 1 
89.7567 	 0 
89.8728 	 2 
89.8844 	 1 
90.0470 	 1 
90.1166 	 2 
90.1166 	 0 
90.1283 	 1 
90.4301 	 1 
90.5346 	 0 
90.5346 	 1 
90.8132 	 0 
90.8132 	 1 
90.9061 	 2 
90.9177 	 1 
90.9177 	 0 
91.2080 	 1 
91.2080 	 2 
91.2080 	 0 
91.3125 	 0 
91.3241 	 1 
91.3241 	 2 
91.6956 	 1 
91.7072 	 0 
91.7072 	 2 
91.8814 	 1 
91.9394 	 2 
92.0787 	 1 
92.0787 	 0 
92.0903 	 2 
92.3922 	 1 
92.4967 	 1 
92.4967 	 2 
92.6824 	 2 
92.6824 	 0 
92.6824 	 1 
92.8914 	 1 
93.0540 	 2 
93.0656 	 1 
93.0772 	 0 
93.2746 	 0 
93.2746 	 2 
93.2746 	 1 
93.9712 	 1 
94.0524 	 1 
94.0640 	 2 
94.0640 	 0 
94.2730 	 2 
94.2730 	 0 
94.2730 	 1 
94.4704 	 2 
94.4704 	 1 
94.6561 	 1 
94.8419 	 1 
94.8419 	 2 
94.8535 	 0 
95.0741 	 2 
95.0741 	 1 
95.2483 	 2 
95.2599 	 0 
95.2715 	 1 
95.5501 	 1 
95.6314 	 2 
95.6314 	 1 
95.6430 	 0 
95.8404 	 1 
95.8404 	 0 
95.8404 	 2 
96.1887 	 2 
96.2003 	 1 
96.4325 	 0 
96.4325 	 1 
96.4325 	 2 
97.1407 	 1 
97.2220 	 1 
97.2336 	 0 
97.2336 	 2 
97.4193 	 1 
97.6051 	 0 
97.6283 	 1 
97.7908 	 2 
97.7908 	 0 
97.9998 	 2 
98.0114 	 1 
98.0114 	 0 
98.2088 	 1 
98.2088 	 2 
98.2088 	 0 
98.4062 	 1 
98.4062 	 2 
98.4178 	 0 
98.7080 	 1 
98.7893 	 0 
98.7893 	 2 
98.8009 	 1 
98.9983 	 0 
98.9983 	 1 
99.0215 	 2 
99.3930 	 1 
99.5904 	 2 
99.5904 	 1 
99.7878 	 2 
100.2986 	 1 
100.3799 	 0 
100.3915 	 1 
100.3915 	 2 
100.5772 	 1 
100.5888 	 2 
100.7978 	 2 
100.7978 	 1 
101.1577 	 0 
101.1577 	 2 
101.1577 	 1 
101.3783 	 1 
101.4015 	 2 
101.5641 	 2 
101.5757 	 1 
101.5757 	 0 
101.8659 	 1 
101.8659 	 2 
101.9588 	 2 
101.9704 	 1 
102.1562 	 1 
102.1678 	 0 
102.1678 	 2 
102.5509 	 2 
102.5625 	 1 
102.5625 	 0 
102.7483 	 2 
102.7483 	 1 
102.7599 	 0 
102.9573 	 1 
102.9689 	 2 
103.1546 	 2 
103.1663 	 0 
103.3404 	 1 
103.4565 	 1 
103.5494 	 1 
103.5494 	 2 
103.5494 	 0 
103.7468 	 2 
103.7468 	 1 
103.7468 	 0 
103.9441 	 2 
103.9441 	 1 
104.1183 	 2 
104.1299 	 1 
104.3156 	 0 
104.3156 	 1 
104.3273 	 2 
104.3389 	 1 
104.4898 	 2 
104.4898 	 1 
104.7220 	 2 
104.7220 	 0 
104.7336 	 1 
105.0122 	 2 
105.1051 	 1 
105.1167 	 2 
105.3257 	 0 
105.3257 	 2 
105.3257 	 1 
105.7088 	 1 
105.9062 	 0 
105.9062 	 2 
105.9178 	 1 
106.6957 	 1 
106.6957 	 2 
107.0904 	 1 
107.4736 	 2 
107.4736 	 0 
107.4852 	 1 
107.7058 	 1 
107.7058 	 2 
107.8915 	 2 
107.8915 	 0 
107.8915 	 1 
108.1818 	 1 
108.2746 	 2 
108.2863 	 1 
108.2863 	 0 
108.4720 	 1 
108.4720 	 0 
108.5068 	 2 
108.5649 	 2 
108.8900 	 1 
108.8900 	 2 
109.0641 	 2 
109.0641 	 1 
109.0757 	 0 
109.2963 	 2 
109.2963 	 1 
109.4937 	 1 
109.7723 	 1 
109.7839 	 0 
109.8536 	 2 
109.8652 	 1 
110.0510 	 1 
110.0742 	 0 
110.2600 	 1 
110.4225 	 2 
110.4341 	 0 
110.6315 	 2 
110.6431 	 0 
110.6431 	 1 
111.0378 	 2 
111.0378 	 1 
111.0494 	 0 
111.4326 	 1 
112.2104 	 0 
112.2104 	 2 
112.2220 	 1 
112.9186 	 1 
113.0115 	 0 
113.0115 	 1 
113.0231 	 2 
113.2089 	 1 
113.2205 	 2 
113.7894 	 2 
113.8010 	 1 
114.0100 	 2 
114.2073 	 2 
114.2073 	 1 
114.2073 	 0 
114.4976 	 1 
114.5905 	 2 
114.6021 	 1 
114.7878 	 1 
114.7878 	 2 
115.1826 	 2 
115.1942 	 0 
115.1942 	 1 
115.3683 	 2 
115.3800 	 0 
115.3800 	 1 
115.5889 	 1 
115.5889 	 2 
116.0882 	 1 
116.0882 	 2 
116.0998 	 0 
116.1694 	 2 
116.1810 	 1 
116.3784 	 1 
116.5642 	 1 
116.5758 	 2 
116.7732 	 2 
116.7732 	 1 
116.9589 	 0 
116.9589 	 2 
116.9705 	 1 
117.1331 	 2 
117.1331 	 1 
117.1679 	 1 
117.3537 	 2 
117.3653 	 0 
117.3653 	 1 
117.5162 	 1 
117.6555 	 2 
117.6671 	 1 
117.6787 	 0 
117.6787 	 2 
117.7600 	 2 
117.7600 	 1 
117.9341 	 1 
117.9458 	 2 
117.9574 	 0 
118.0851 	 1 
118.5379 	 2 
118.5379 	 1 
118.5495 	 0 
118.7352 	 1 
118.9790 	 2 
119.1068 	 2 
119.2461 	 1 
119.3157 	 2 
119.3390 	 1 
119.5363 	 2 
119.5363 	 0 
119.5363 	 1 
119.7453 	 2 
119.7453 	 0 
119.7453 	 1 
120.1052 	 2 
120.1052 	 0 
120.1052 	 1 
120.3258 	 2 
120.3374 	 1 
120.5116 	 2 
120.5232 	 0 
120.5232 	 1 
120.8366 	 1 
120.8366 	 0 
120.9063 	 1 
120.9063 	 2 
120.9179 	 0 
121.1037 	 2 
121.1037 	 1 
121.1153 	 0 
121.5100 	 0 
121.6958 	 1 
121.6958 	 2 
121.7074 	 0 
121.9280 	 1 
122.1602 	 1 
122.4040 	 1 
122.4853 	 2 
122.4969 	 1 
122.6942 	 0 
122.6942 	 1 
122.7059 	 2 
122.8916 	 1 
122.9032 	 2 
123.0425 	 2 
123.0658 	 1 
123.2747 	 0 
123.2747 	 2 
123.2863 	 1 
123.4837 	 1 
123.4837 	 2 
123.6579 	 2 
123.6695 	 1 
123.9713 	 1 
124.0642 	 2 
124.0758 	 1 
124.2616 	 1 
124.2616 	 2 
124.6215 	 1 
124.8537 	 0 
124.8537 	 1 
124.8537 	 2 
125.0511 	 2 
125.4574 	 1 
125.5503 	 1 
125.5503 	 2 
125.6432 	 2 
125.6548 	 1 
125.8289 	 1 
125.8405 	 2 
126.0495 	 1 
126.0611 	 2 
126.4210 	 0 
126.4327 	 1 
126.4327 	 2 
126.5836 	 1 
126.5952 	 2 
126.8274 	 2 
126.8274 	 1 
126.8390 	 0 
127.1409 	 1 
127.2105 	 2 
127.2337 	 1 
127.4195 	 0 
127.4195 	 2 
127.4311 	 1 
127.7098 	 1 
128.0116 	 0 
128.0116 	 2 
128.0232 	 1 
128.1974 	 1 
128.2206 	 2 
128.7198 	 1 
128.8011 	 2 
128.8127 	 1 
129.0101 	 1 
129.5790 	 2 
129.5906 	 0 
129.6022 	 1 
129.7879 	 2 
129.8112 	 1 
129.9853 	 1 
129.9853 	 0 
129.9853 	 2 
130.2872 	 2 
130.2988 	 1 
130.3800 	 2 
130.3917 	 1 
130.5658 	 1 
130.5774 	 2 
130.9838 	 1 
131.1695 	 1 
131.1695 	 2 
131.5875 	 1 
131.5875 	 2 
131.8777 	 1 
131.9590 	 1 
131.9590 	 2 
132.1680 	 2 
132.1680 	 1 
132.3654 	 1 
132.7369 	 2 
132.7485 	 0 
132.7485 	 1 
133.1432 	 2 
133.1548 	 0 
133.1548 	 1 
133.4451 	 1 
133.4567 	 0 
133.5263 	 2 
133.5496 	 1 
133.7353 	 1 
133.7353 	 2 
133.7585 	 0 
134.1301 	 1 
134.3274 	 1 
134.3274 	 0 
134.3274 	 2 
134.9195 	 1 
135.0356 	 1 
135.1169 	 2 
135.1285 	 1 
135.3143 	 1 
135.3259 	 2 
135.5349 	 1 
135.7090 	 1 
135.9064 	 2 
135.9064 	 0 
135.9064 	 1 
136.3011 	 1 
136.3011 	 2 
136.6959 	 1 
136.7075 	 2 
136.8816 	 1 
137.2648 	 1 
137.4737 	 1 
137.4854 	 0 
137.4854 	 2 
137.6827 	 1 
138.2748 	 1 
138.4606 	 1 
138.8321 	 1 
139.0527 	 1 
139.0527 	 2 
139.0643 	 0 
139.2617 	 1 
139.2965 	 2 
139.3197 	 2 
139.4590 	 2 
139.4707 	 1 
139.8422 	 2 
139.8538 	 1 
140.0395 	 1 
140.0512 	 2 
140.0628 	 0 
140.6433 	 2 
140.6433 	 0 
140.6433 	 1 
141.0264 	 1 
141.0496 	 2 
141.1309 	 1 
141.8159 	 0 
141.8275 	 1 
141.8623 	 2 
142.6170 	 1 
142.6170 	 0 
143.0117 	 2 
143.3948 	 1 
143.8128 	 1 
143.8128 	 2 
144.1959 	 1 
144.1959 	 2 
144.5907 	 1 
144.5907 	 2 
144.7300 	 1 
144.9738 	 2 
144.9738 	 0 
144.9854 	 1 
145.1712 	 2 
145.3801 	 2 
145.3917 	 1 
145.7749 	 2 
145.7749 	 1 
146.1696 	 2 
146.5527 	 0 
146.5527 	 1 
146.5527 	 2 
146.8314 	 2 
147.1449 	 2 
147.1681 	 0 
147.3538 	 1 
147.3538 	 0 
147.3538 	 2 
147.5048 	 1 
147.5164 	 2 
147.7486 	 2 
147.7486 	 1 
147.7602 	 0 
147.9227 	 2 
148.1317 	 1 
148.1317 	 2 
148.1433 	 0 
148.5380 	 2 
148.5613 	 1 
148.7238 	 2 
148.9328 	 1 
148.9444 	 2 
149.7107 	 0 
149.7107 	 1 
149.7107 	 2 
149.8964 	 2 
150.1054 	 1 
150.1170 	 2 
150.5117 	 1 
150.5117 	 2 
150.6743 	 2 
150.9065 	 1 
150.9065 	 2 
151.2780 	 0 
151.2896 	 2 
151.2896 	 1 
151.6960 	 2 
151.6960 	 1 
152.0791 	 1 
152.0907 	 0 
152.0907 	 2 
152.7525 	 2 
152.8686 	 2 
152.8686 	 1 
153.6580 	 2 
153.6580 	 0 
153.6580 	 1 
153.8670 	 2 
154.0644 	 2 
154.4591 	 1 
154.8539 	 1 
154.8539 	 2 
156.0265 	 1 
156.0265 	 2 
156.0265 	 0 
156.6302 	 2 
156.8276 	 2 
156.8276 	 1 
157.2223 	 1 
157.6054 	 2 
157.6054 	 1 
157.6171 	 0 
158.0118 	 2 
158.0118 	 1 
158.0234 	 0 
158.2904 	 2 
158.4065 	 2 
158.4065 	 1 
158.4065 	 0 
158.8013 	 2 
159.1844 	 2 
159.1960 	 1 
159.4514 	 2 
159.7997 	 0 
159.9855 	 1 
159.9971 	 2 
159.9971 	 0 
160.3802 	 2 
160.7634 	 1 
160.7634 	 2 
160.7750 	 0 
161.1813 	 1 
161.2278 	 1 
161.5528 	 1 
161.5644 	 2 
162.3423 	 2 
162.3423 	 0 
162.3423 	 1 
162.7603 	 2 
162.7603 	 1 
163.1550 	 1 
163.1666 	 2 
163.5265 	 2 
163.5381 	 1 
163.9097 	 0 
163.9213 	 1 
163.9213 	 2 
164.2231 	 2 
164.3276 	 1 
164.7107 	 1 
164.7107 	 0 
164.7224 	 2 
165.1171 	 1 
165.5002 	 2 
165.5002 	 1 
165.8950 	 2 
166.3129 	 1 
166.3594 	 2 
167.0908 	 1 
167.5088 	 1 
167.8803 	 2 
168.0196 	 1 
168.2866 	 1 
168.6581 	 1 
168.6581 	 2 
169.0645 	 2 
169.4592 	 1 
169.4592 	 2 
169.8424 	 1 
169.8540 	 2 
169.8656 	 0 
170.1210 	 2 
170.2371 	 1 
170.2371 	 2 
170.2371 	 0 
170.6434 	 2 
170.6434 	 1 
171.0382 	 2 
171.0382 	 1 
171.4329 	 2 
171.4561 	 1 
171.5955 	 2 
171.8161 	 0 
171.8161 	 2 
171.8161 	 1 
172.0947 	 2 
172.2340 	 2 
172.4198 	 0 
172.4198 	 2 
172.6171 	 0 
172.6171 	 1 
172.6171 	 2 
173.0119 	 2 
173.0119 	 1 
173.0235 	 0 
173.3950 	 2 
173.4066 	 1 
173.8014 	 1 
173.8014 	 2 
174.1961 	 2 
174.1961 	 1 
174.1961 	 0 
174.9740 	 2 
174.9856 	 1 
175.1597 	 2 
175.3803 	 2 
175.3803 	 1 
175.5661 	 2 
175.7634 	 1 
175.7751 	 2 
176.0421 	 2 
176.1698 	 1 
176.1698 	 2 
176.1814 	 0 
176.5529 	 2 
176.5645 	 1 
176.9361 	 1 
177.3424 	 2 
177.3540 	 0 
177.3540 	 1 
177.7488 	 2 
178.1203 	 2 
178.1435 	 0 
178.1435 	 1 
178.3989 	 2 
178.5266 	 2 
178.9098 	 2 
178.9214 	 1 
178.9330 	 0 
179.1303 	 2 
179.3161 	 2 
179.3277 	 1 
179.7224 	 1 
179.9779 	 2 
180.5119 	 1 
180.9067 	 2 
181.2898 	 0 
181.2898 	 1 
181.2898 	 2 
182.0909 	 0 
182.0909 	 2 
182.0909 	 1 
182.4856 	 2 
182.4972 	 0 
182.8688 	 1 
182.8688 	 2 
182.8688 	 0 
183.6698 	 1 
183.6698 	 2 
183.6698 	 0 
184.0646 	 2 
184.4477 	 2 
184.4477 	 1 
184.7147 	 2 
185.0630 	 0 
185.2372 	 2 
185.2488 	 1 
185.2604 	 0 
185.6435 	 2 
185.6435 	 1 
185.6551 	 0 
186.0267 	 1 
186.0267 	 2 
186.0383 	 0 
186.2240 	 1 
186.2356 	 0 
186.2356 	 2 
186.4911 	 0 
186.8278 	 2 
187.2225 	 2 
187.6056 	 2 
187.6056 	 1 
187.6172 	 0 
188.0004 	 2 
188.0120 	 1 
188.2093 	 2 
188.4067 	 2 
188.4067 	 1 
188.7898 	 2 
188.7898 	 1 
189.1846 	 2 
189.1846 	 0 
189.1846 	 1 
189.5793 	 2 
189.5909 	 1 
189.7535 	 1 
189.9624 	 2 
189.9741 	 0 
189.9741 	 1 
190.3688 	 2 
190.3804 	 1 
190.7635 	 0 
190.7751 	 1 
191.1583 	 2 
191.1699 	 1 
191.5414 	 2 
191.5646 	 1 
192.3541 	 1 
192.3889 	 1 
192.7488 	 2 
207.7722 	 2 
209.7110 	 1 
211.3016 	 1 
216.8279 	 1 
220.7521 	 1 
220.7637 	 2 
223.1554 	 1 
223.9216 	 2 
224.5486 	 1 
224.7111 	 1 
225.3729 	 1 
229.0765 	 2 
229.4712 	 2 
232.1995 	 1 
232.6523 	 2 
234.9976 	 2 
238.9217 	 2 
240.4891 	 1 
240.5123 	 2 
241.9055 	 1 
246.8165 	 2 
247.6524 	 2 
