0.3367 	 0 
0.3483 	 2 
0.3483 	 1 
0.3947 	 1 
0.4992 	 2 
0.4992 	 0 
0.4992 	 1 
0.6153 	 2 
0.6153 	 1 
0.9172 	 2 
0.9172 	 0 
0.9172 	 1 
1.0681 	 2 
1.1029 	 1 
1.1842 	 1 
1.3003 	 2 
1.4861 	 0 
1.4977 	 1 
1.4977 	 2 
1.7647 	 0 
1.7647 	 2 
1.7647 	 1 
1.9156 	 2 
2.0434 	 1 
2.0434 	 2 
2.0550 	 0 
2.2059 	 2 
2.2059 	 1 
2.2059 	 0 
2.3336 	 1 
2.4729 	 2 
2.6006 	 0 
2.6006 	 1 
2.6122 	 2 
2.7516 	 2 
2.8793 	 1 
2.8909 	 0 
2.8909 	 2 
3.0418 	 1 
3.0418 	 2 
3.0534 	 0 
3.1695 	 0 
3.1695 	 2 
3.1695 	 1 
3.2160 	 2 
3.3321 	 2 
3.4598 	 2 
3.4598 	 1 
3.6107 	 1 
3.7384 	 2 
3.7384 	 1 
3.7384 	 0 
4.0287 	 1 
4.0287 	 2 
4.0287 	 0 
4.1796 	 1 
4.1912 	 2 
4.3073 	 2 
4.3073 	 1 
4.3189 	 0 
4.4466 	 0 
4.4466 	 1 
4.4582 	 2 
4.5859 	 1 
4.5976 	 2 
4.7369 	 1 
4.7369 	 2 
4.8646 	 1 
4.8646 	 2 
4.8646 	 0 
5.1548 	 1 
5.1548 	 0 
5.1664 	 2 
5.3058 	 1 
5.3174 	 2 
5.3174 	 0 
5.4567 	 0 
5.4567 	 1 
5.4567 	 2 
5.5960 	 1 
5.5960 	 0 
5.6076 	 2 
5.7353 	 1 
5.7353 	 2 
5.7469 	 0 
5.8746 	 1 
6.0256 	 0 
6.0256 	 2 
6.0256 	 1 
6.2926 	 1 
6.2926 	 2 
6.3042 	 0 
6.4551 	 1 
6.4668 	 2 
6.5829 	 0 
6.5829 	 2 
6.5945 	 1 
6.7454 	 0 
6.7454 	 1 
6.7454 	 2 
7.1401 	 1 
7.1517 	 0 
7.1634 	 2 
7.2911 	 2 
7.4188 	 1 
7.4304 	 2 
7.5813 	 2 
7.5813 	 1 
7.5929 	 0 
7.6394 	 1 
7.7206 	 1 
7.8716 	 2 
7.8716 	 1 
7.9761 	 1 
7.9877 	 2 
7.9993 	 0 
8.1270 	 1 
8.1386 	 2 
8.2663 	 1 
8.2779 	 0 
8.2779 	 2 
8.4056 	 1 
8.5449 	 1 
8.5449 	 0 
8.5449 	 2 
8.7075 	 1 
8.8236 	 0 
8.8236 	 2 
8.8352 	 1 
8.9861 	 2 
8.9977 	 1 
8.9977 	 0 
9.1138 	 2 
9.1254 	 1 
9.1254 	 0 
9.2415 	 1 
9.2415 	 2 
9.2415 	 0 
9.4041 	 0 
9.4041 	 2 
9.4041 	 1 
9.5434 	 0 
9.5434 	 1 
9.5550 	 2 
9.6827 	 2 
9.6827 	 1 
9.6827 	 0 
9.9730 	 0 
9.9730 	 2 
9.9730 	 1 
10.0891 	 0 
10.1007 	 1 
10.2168 	 2 
10.5651 	 1 
10.7160 	 2 
10.8437 	 1 
10.8437 	 0 
10.8437 	 2 
10.9946 	 2 
11.1107 	 1 
11.1107 	 2 
11.2617 	 1 
11.2733 	 2 
11.2733 	 0 
11.6796 	 2 
11.6796 	 0 
11.6796 	 1 
11.8306 	 1 
11.8306 	 2 
11.9467 	 2 
11.9467 	 0 
12.0163 	 2 
12.0279 	 1 
12.1208 	 2 
12.1324 	 1 
12.2369 	 2 
12.2485 	 1 
12.3646 	 2 
12.3646 	 0 
12.3646 	 1 
12.4227 	 1 
12.4691 	 1 
12.5504 	 0 
12.7826 	 0 
12.7942 	 2 
12.7942 	 1 
12.9451 	 1 
13.0728 	 0 
13.0728 	 2 
13.0728 	 1 
13.2122 	 1 
13.2238 	 2 
13.3515 	 2 
13.3631 	 0 
13.3631 	 1 
13.4908 	 1 
13.4908 	 0 
13.5024 	 2 
13.6301 	 1 
13.6417 	 0 
13.6417 	 2 
13.7810 	 0 
13.7810 	 1 
13.7927 	 2 
13.9204 	 0 
13.9320 	 2 
13.9320 	 1 
14.0713 	 1 
14.0713 	 2 
14.0713 	 0 
14.2106 	 2 
14.2106 	 1 
14.2106 	 0 
14.3383 	 1 
14.3615 	 2 
14.3848 	 2 
14.3964 	 0 
14.5009 	 2 
14.5125 	 1 
14.5125 	 0 
14.6402 	 0 
14.6518 	 1 
14.6518 	 2 
14.7911 	 2 
14.7911 	 1 
14.9420 	 2 
14.9420 	 1 
14.9420 	 0 
15.0698 	 1 
15.0698 	 0 
15.0814 	 2 
15.2091 	 1 
15.2091 	 2 
15.2091 	 0 
15.3368 	 1 
15.3484 	 2 
15.3484 	 0 
15.4877 	 0 
15.4877 	 1 
15.4877 	 2 
15.6270 	 0 
15.6270 	 1 
15.6270 	 2 
15.7663 	 0 
15.7780 	 1 
15.7780 	 2 
16.0566 	 1 
16.0566 	 2 
16.0566 	 0 
16.1843 	 1 
16.1843 	 0 
16.1843 	 2 
16.3352 	 0 
16.3468 	 2 
16.3468 	 1 
16.4746 	 1 
16.4746 	 0 
16.4862 	 2 
16.6139 	 1 
16.6139 	 2 
16.7416 	 1 
16.7416 	 2 
16.8809 	 2 
16.8809 	 0 
16.8809 	 1 
17.0318 	 0 
17.1595 	 2 
17.1712 	 1 
17.2989 	 0 
17.2989 	 2 
17.2989 	 1 
17.6007 	 1 
17.6007 	 2 
17.6123 	 0 
17.7400 	 1 
17.7400 	 2 
17.8794 	 0 
17.8794 	 2 
17.8910 	 1 
18.0303 	 1 
18.0303 	 0 
18.0303 	 2 
18.1580 	 1 
18.1696 	 2 
18.1696 	 0 
18.3089 	 2 
18.3205 	 1 
18.4483 	 0 
18.4483 	 1 
18.4483 	 2 
18.5876 	 2 
18.5876 	 1 
18.5876 	 0 
19.0171 	 1 
19.0171 	 0 
19.0171 	 2 
19.1332 	 2 
19.1565 	 1 
19.2377 	 1 
19.2493 	 2 
19.3654 	 2 
19.5976 	 1 
19.5976 	 2 
19.8879 	 1 
19.8879 	 2 
19.8879 	 0 
20.0272 	 1 
20.0272 	 2 
20.1665 	 0 
20.1665 	 1 
20.1665 	 2 
20.3059 	 2 
20.3059 	 0 
20.3059 	 1 
20.7122 	 1 
20.7238 	 2 
20.7238 	 0 
21.1418 	 0 
21.1418 	 2 
21.1418 	 1 
21.1766 	 2 
21.2927 	 1 
21.2927 	 2 
21.4204 	 0 
21.4320 	 2 
21.4320 	 1 
21.5481 	 1 
21.5481 	 2 
21.6990 	 1 
21.6990 	 0 
21.7107 	 2 
21.8384 	 1 
21.8384 	 2 
21.8384 	 0 
21.9777 	 2 
21.9777 	 1 
22.1286 	 1 
22.1402 	 0 
22.1402 	 2 
22.2679 	 2 
22.2679 	 1 
22.3956 	 1 
22.4073 	 0 
22.4073 	 2 
22.5582 	 0 
22.5582 	 2 
22.5582 	 1 
22.6859 	 1 
22.6975 	 2 
22.8484 	 1 
22.8600 	 2 
22.9761 	 1 
22.9761 	 0 
22.9761 	 2 
23.2200 	 2 
23.4289 	 1 
23.4289 	 2 
23.5450 	 0 
23.5450 	 1 
23.5450 	 2 
23.6960 	 1 
23.6960 	 2 
23.6960 	 0 
23.8237 	 0 
23.8353 	 1 
23.8353 	 2 
23.9746 	 1 
23.9746 	 2 
23.9862 	 0 
24.1139 	 1 
24.1255 	 0 
24.1255 	 2 
24.2649 	 1 
24.2649 	 2 
24.2649 	 0 
24.4042 	 2 
24.4042 	 1 
24.4042 	 0 
24.5435 	 2 
24.5435 	 1 
24.6828 	 1 
24.6828 	 0 
24.6828 	 2 
24.8337 	 0 
24.8337 	 2 
24.8454 	 1 
25.0543 	 2 
25.1240 	 1 
25.1240 	 2 
25.1356 	 0 
25.2401 	 2 
25.2517 	 0 
25.2517 	 1 
25.3910 	 1 
25.4026 	 2 
25.4026 	 0 
25.5303 	 1 
25.5420 	 2 
25.6813 	 2 
25.6813 	 0 
25.6813 	 1 
25.8322 	 0 
25.9483 	 2 
26.0992 	 2 
26.0992 	 0 
26.0992 	 1 
26.2502 	 0 
26.2502 	 2 
26.2502 	 1 
26.3895 	 1 
26.3895 	 0 
26.3895 	 2 
26.5288 	 2 
26.5404 	 1 
26.6797 	 1 
26.6797 	 0 
26.6797 	 2 
26.8307 	 1 
26.8307 	 2 
26.9584 	 0 
26.9584 	 1 
26.9584 	 2 
27.0977 	 2 
27.1093 	 0 
27.1093 	 1 
27.2254 	 2 
27.2486 	 1 
27.3763 	 2 
27.3763 	 0 
27.3879 	 1 
27.5389 	 2 
27.5389 	 1 
27.5389 	 0 
27.6666 	 0 
27.6782 	 2 
27.6782 	 1 
27.8059 	 0 
27.8059 	 2 
27.8175 	 1 
27.9452 	 1 
28.0961 	 1 
28.0961 	 2 
28.0961 	 0 
28.2935 	 2 
28.3051 	 1 
28.4096 	 1 
28.4096 	 2 
28.5373 	 1 
28.5373 	 2 
28.5373 	 0 
28.6766 	 2 
28.7115 	 1 
28.9669 	 1 
28.9669 	 0 
28.9669 	 2 
29.1062 	 1 
29.1294 	 2 
29.2455 	 0 
29.2571 	 1 
29.2571 	 2 
29.4081 	 1 
29.4081 	 2 
29.4197 	 0 
29.6867 	 1 
29.8028 	 1 
29.8028 	 2 
29.8144 	 0 
29.9537 	 2 
29.9654 	 1 
30.0815 	 1 
30.0931 	 2 
30.2324 	 1 
30.2324 	 2 
30.2324 	 0 
30.6503 	 1 
30.6620 	 2 
30.6620 	 0 
30.8129 	 1 
30.8245 	 2 
30.9406 	 1 
30.9522 	 2 
30.9522 	 0 
31.2308 	 0 
31.2308 	 1 
31.2308 	 2 
31.3702 	 2 
31.3818 	 1 
31.5211 	 1 
31.5211 	 0 
31.5211 	 2 
31.6604 	 1 
31.6604 	 2 
31.6604 	 0 
31.7997 	 0 
31.7997 	 1 
31.8113 	 2 
31.9390 	 0 
31.9507 	 1 
31.9507 	 2 
32.0784 	 1 
32.0900 	 2 
32.0900 	 0 
32.2293 	 1 
32.3686 	 1 
32.3686 	 0 
32.3802 	 2 
32.5312 	 2 
32.6589 	 1 
32.6705 	 2 
32.6705 	 0 
32.8214 	 2 
32.9607 	 1 
32.9607 	 2 
33.0884 	 2 
33.0884 	 1 
33.0884 	 0 
33.2394 	 2 
33.2394 	 1 
33.2510 	 0 
33.3787 	 2 
33.3787 	 1 
33.5180 	 0 
33.5180 	 1 
33.5180 	 2 
33.6573 	 1 
33.6573 	 2 
33.7966 	 1 
33.7966 	 0 
33.7966 	 2 
33.9476 	 0 
33.9476 	 2 
33.9476 	 1 
34.0869 	 2 
34.2262 	 1 
34.2262 	 2 
34.2262 	 0 
34.3539 	 2 
34.3539 	 0 
34.3655 	 1 
34.4932 	 0 
34.5049 	 1 
34.5049 	 2 
34.6326 	 2 
34.6326 	 1 
34.7719 	 1 
34.7835 	 0 
34.7835 	 2 
34.8415 	 2 
34.8415 	 1 
35.2015 	 1 
35.2131 	 2 
35.2131 	 0 
35.3408 	 1 
35.3524 	 2 
35.4801 	 1 
35.4917 	 2 
35.4917 	 0 
35.6194 	 2 
35.6310 	 1 
35.7703 	 0 
35.7703 	 1 
35.7820 	 2 
35.9097 	 1 
35.9097 	 2 
35.9213 	 0 
36.0258 	 2 
36.0374 	 1 
36.1186 	 2 
36.1302 	 1 
36.2928 	 1 
36.3392 	 2 
36.4669 	 2 
36.5830 	 2 
36.5830 	 1 
36.7456 	 1 
36.7456 	 0 
36.7456 	 2 
36.8617 	 2 
36.8617 	 1 
36.8617 	 0 
37.1635 	 1 
37.1751 	 0 
37.1751 	 2 
37.2912 	 1 
37.4538 	 1 
37.5583 	 2 
37.6279 	 0 
37.6279 	 1 
37.7440 	 1 
37.9066 	 2 
38.0343 	 1 
38.0459 	 0 
38.0459 	 2 
38.1968 	 2 
38.3129 	 1 
38.3129 	 2 
38.3245 	 0 
38.4755 	 1 
38.4755 	 2 
38.4755 	 0 
38.8586 	 1 
38.8702 	 0 
38.8818 	 2 
39.0211 	 2 
39.0327 	 1 
39.1372 	 2 
39.2882 	 2 
39.2882 	 1 
39.2998 	 0 
39.4507 	 2 
39.5900 	 2 
39.5900 	 1 
39.7061 	 1 
39.7061 	 2 
39.7177 	 0 
39.8454 	 2 
39.8571 	 0 
39.8571 	 1 
39.9964 	 1 
39.9964 	 0 
39.9964 	 2 
40.1357 	 2 
40.2866 	 0 
40.2866 	 1 
40.2866 	 2 
40.4259 	 0 
40.4259 	 2 
40.4376 	 1 
40.5769 	 2 
40.5769 	 1 
40.5769 	 0 
40.7162 	 0 
40.7162 	 2 
40.7162 	 1 
40.8671 	 2 
40.8671 	 1 
40.9948 	 1 
41.0064 	 0 
41.0064 	 2 
41.1341 	 0 
41.1341 	 1 
41.1458 	 2 
41.4128 	 1 
41.4244 	 0 
41.4244 	 2 
41.5637 	 1 
41.5753 	 0 
41.5753 	 2 
41.7030 	 1 
41.7030 	 2 
41.7030 	 0 
41.8424 	 2 
41.8424 	 1 
41.9817 	 2 
41.9817 	 0 
41.9817 	 1 
42.1210 	 1 
42.1326 	 2 
42.1326 	 0 
42.2603 	 1 
42.2603 	 2 
42.2719 	 0 
42.3880 	 2 
42.3880 	 1 
42.3996 	 0 
42.5390 	 1 
42.5506 	 2 
42.5506 	 0 
42.8292 	 2 
42.8292 	 0 
42.8292 	 1 
43.1195 	 2 
43.1195 	 0 
43.1195 	 1 
43.4097 	 0 
43.4213 	 1 
43.4213 	 2 
43.5606 	 1 
43.5722 	 2 
43.6767 	 1 
43.6767 	 2 
43.8393 	 1 
43.8393 	 2 
43.8393 	 0 
43.9902 	 1 
44.2572 	 1 
44.2572 	 0 
44.2688 	 2 
44.5359 	 1 
44.5359 	 2 
44.5359 	 0 
44.8145 	 1 
44.8145 	 2 
44.8261 	 0 
45.1512 	 1 
45.2789 	 1 
45.2789 	 2 
45.4879 	 1 
45.4879 	 2 
45.4995 	 0 
45.6853 	 2 
45.6853 	 1 
45.6969 	 0 
46.2541 	 1 
46.2541 	 2 
46.2658 	 0 
46.3586 	 1 
46.3935 	 1 
46.4515 	 2 
46.4631 	 1 
46.5212 	 2 
46.7185 	 0 
46.7882 	 1 
46.8346 	 1 
46.9972 	 2 
47.0088 	 1 
47.1249 	 0 
47.1249 	 1 
47.1249 	 2 
47.4035 	 1 
47.4035 	 2 
47.4151 	 0 
47.5545 	 2 
47.5545 	 1 
47.5661 	 0 
47.8331 	 1 
47.9608 	 1 
47.9724 	 2 
48.1234 	 1 
48.2395 	 2 
48.3672 	 0 
48.3672 	 1 
48.3788 	 2 
48.6690 	 1 
48.7851 	 0 
48.7967 	 1 
48.7967 	 2 
48.9361 	 0 
48.9361 	 2 
48.9477 	 1 
49.0754 	 0 
49.0754 	 1 
49.0870 	 2 
49.2263 	 2 
49.3656 	 1 
49.3656 	 2 
49.3772 	 0 
49.5166 	 1 
49.5282 	 2 
49.6559 	 0 
49.6559 	 1 
49.6559 	 2 
49.7952 	 1 
49.7952 	 2 
49.7952 	 0 
49.9461 	 2 
49.9461 	 1 
50.0854 	 2 
50.0854 	 0 
50.0854 	 1 
50.2132 	 0 
50.2132 	 1 
50.2132 	 2 
50.3525 	 1 
50.3525 	 2 
50.4918 	 1 
50.4918 	 0 
50.5034 	 2 
50.6311 	 1 
50.6543 	 2 
50.7704 	 1 
50.7820 	 0 
50.7820 	 2 
50.9330 	 2 
51.0607 	 1 
51.0723 	 0 
51.0723 	 2 
51.2232 	 2 
51.2232 	 1 
51.3509 	 1 
51.3625 	 0 
51.3625 	 2 
51.5019 	 2 
51.6528 	 2 
51.6528 	 1 
51.6528 	 0 
51.7921 	 1 
51.8037 	 2 
51.9314 	 1 
51.9314 	 2 
51.9314 	 0 
52.0824 	 2 
52.0824 	 1 
52.0824 	 0 
52.2217 	 1 
52.3726 	 1 
52.3726 	 2 
52.5119 	 0 
52.5119 	 1 
52.5119 	 2 
52.6512 	 1 
52.6512 	 2 
52.7790 	 2 
52.7790 	 1 
52.9299 	 1 
52.9299 	 0 
52.9299 	 2 
53.3478 	 2 
53.3478 	 1 
53.3595 	 0 
53.4756 	 0 
53.4872 	 2 
53.4872 	 1 
53.6265 	 0 
53.6265 	 2 
53.6381 	 1 
53.7658 	 2 
53.7658 	 1 
53.9051 	 2 
53.9051 	 0 
53.9051 	 1 
54.1954 	 1 
54.2070 	 2 
54.2070 	 0 
54.3231 	 0 
54.3231 	 2 
54.3231 	 1 
54.4740 	 0 
54.4856 	 2 
54.4856 	 1 
54.7527 	 0 
54.7527 	 1 
54.7643 	 2 
54.7991 	 2 
54.9036 	 1 
54.9152 	 2 
55.0545 	 1 
55.0545 	 0 
55.0545 	 2 
55.3215 	 1 
55.3332 	 2 
55.3332 	 0 
55.4609 	 2 
55.4609 	 1 
55.6118 	 2 
55.6118 	 1 
55.9253 	 1 
55.9369 	 2 
56.2039 	 1 
56.2039 	 0 
56.2039 	 2 
56.3548 	 2 
56.4825 	 2 
56.4825 	 1 
56.4941 	 0 
56.6335 	 2 
56.6335 	 1 
56.6335 	 0 
57.0514 	 2 
57.0514 	 0 
57.0514 	 1 
57.2140 	 2 
57.3185 	 2 
57.3301 	 1 
57.4578 	 1 
57.4694 	 2 
57.4694 	 0 
57.5274 	 1 
57.5855 	 1 
57.8873 	 2 
57.8873 	 1 
57.8873 	 0 
58.0383 	 0 
58.0499 	 2 
58.0499 	 1 
58.1660 	 1 
58.1776 	 0 
58.1776 	 2 
58.3285 	 2 
58.3285 	 1 
58.4562 	 1 
58.4678 	 2 
58.4678 	 0 
58.6072 	 2 
58.6072 	 1 
58.6188 	 0 
58.7465 	 1 
58.7465 	 2 
58.7465 	 0 
58.8858 	 0 
58.8858 	 1 
58.8974 	 2 
59.0251 	 2 
59.0367 	 1 
59.0367 	 0 
59.1761 	 1 
59.1761 	 0 
59.1877 	 2 
59.3038 	 1 
59.3154 	 0 
59.3154 	 2 
59.4547 	 1 
59.4547 	 2 
59.5824 	 1 
59.5940 	 2 
59.7449 	 1 
59.7566 	 2 
59.8843 	 1 
59.8843 	 0 
59.8843 	 2 
60.0352 	 2 
60.0352 	 1 
60.0468 	 0 
60.1629 	 1 
60.1629 	 0 
60.1745 	 2 
60.3138 	 1 
60.3138 	 0 
60.3138 	 2 
60.4532 	 1 
60.4532 	 0 
60.4532 	 2 
60.6041 	 0 
60.6041 	 2 
60.6041 	 1 
60.7318 	 0 
60.7318 	 1 
60.7318 	 2 
60.8595 	 1 
60.8595 	 2 
60.8595 	 0 
61.0104 	 2 
61.0104 	 0 
61.0104 	 1 
61.3007 	 1 
61.3007 	 2 
61.3123 	 0 
61.5793 	 1 
61.5793 	 0 
61.5909 	 2 
61.8580 	 2 
61.8580 	 1 
61.8696 	 0 
62.0321 	 2 
62.0321 	 1 
62.0321 	 0 
62.0902 	 2 
62.1598 	 1 
62.1830 	 1 
62.3107 	 2 
62.3107 	 0 
62.3224 	 1 
62.3804 	 1 
62.4385 	 1 
62.5778 	 0 
62.5778 	 1 
62.5894 	 2 
62.8564 	 1 
62.8680 	 2 
62.9957 	 1 
63.1467 	 1 
63.1583 	 0 
63.1583 	 2 
63.2744 	 1 
63.3905 	 1 
63.3905 	 0 
63.4021 	 2 
63.5298 	 1 
63.5298 	 2 
63.6691 	 1 
63.6807 	 2 
63.8084 	 1 
63.8200 	 2 
63.9594 	 2 
63.9710 	 1 
64.0987 	 1 
64.0987 	 0 
64.1103 	 2 
64.3077 	 2 
64.3773 	 2 
64.3773 	 1 
64.3773 	 0 
64.4934 	 1 
64.5863 	 2 
64.8185 	 2 
64.8185 	 1 
64.8185 	 0 
64.9578 	 1 
65.0275 	 2 
65.0507 	 1 
65.1320 	 2 
65.2597 	 2 
65.2597 	 0 
65.2713 	 1 
65.4106 	 2 
65.4106 	 1 
65.8750 	 2 
65.9447 	 1 
65.9563 	 0 
65.9911 	 2 
66.0027 	 1 
66.0608 	 1 
66.3626 	 2 
66.3626 	 1 
66.5136 	 1 
66.5252 	 2 
66.5252 	 0 
66.6529 	 1 
66.6761 	 2 
66.8038 	 2 
66.8038 	 1 
66.9431 	 2 
66.9431 	 1 
67.0824 	 2 
67.0824 	 1 
67.0824 	 0 
67.2218 	 1 
67.2334 	 0 
67.2334 	 2 
67.3727 	 2 
67.3727 	 1 
67.5120 	 0 
67.5120 	 2 
67.5120 	 1 
67.6513 	 2 
67.6513 	 1 
67.7907 	 1 
67.7907 	 2 
67.7907 	 0 
67.9184 	 1 
67.9300 	 2 
67.9300 	 0 
68.0809 	 0 
68.0809 	 2 
68.0809 	 1 
68.2318 	 1 
68.3479 	 1 
68.3595 	 0 
68.3595 	 2 
68.4989 	 2 
68.4989 	 1 
68.4989 	 0 
68.9400 	 0 
68.9400 	 1 
68.9400 	 2 
69.2303 	 1 
69.2419 	 0 
69.2419 	 2 
69.3812 	 2 
69.3812 	 1 
69.3812 	 0 
69.5089 	 1 
69.5205 	 0 
69.5205 	 2 
69.6483 	 1 
69.6599 	 2 
69.7992 	 1 
69.7992 	 2 
69.8108 	 0 
69.9617 	 1 
70.3913 	 0 
70.3913 	 1 
70.3913 	 2 
70.5306 	 2 
70.5306 	 0 
70.5422 	 1 
70.6583 	 2 
70.6699 	 1 
70.6815 	 0 
71.0995 	 1 
71.2272 	 1 
71.4826 	 1 
71.7613 	 1 
71.7729 	 2 
71.8774 	 1 
72.0399 	 1 
72.0515 	 0 
72.0515 	 2 
72.1908 	 2 
72.2953 	 2 
72.3069 	 1 
72.4346 	 1 
72.4811 	 2 
72.5856 	 1 
72.5856 	 2 
72.7249 	 1 
72.8642 	 0 
72.8758 	 2 
72.8758 	 1 
73.0151 	 1 
73.0268 	 2 
73.0268 	 0 
73.1429 	 1 
73.1545 	 2 
73.2938 	 1 
73.4563 	 0 
73.4563 	 2 
73.4563 	 1 
73.6653 	 1 
73.6653 	 2 
73.7234 	 1 
73.8743 	 2 
74.0368 	 1 
74.0833 	 2 
74.1994 	 2 
74.3387 	 1 
74.3387 	 2 
74.3503 	 0 
74.4780 	 1 
74.4780 	 2 
74.6057 	 1 
74.6173 	 2 
74.6173 	 0 
74.7566 	 2 
74.7566 	 0 
74.7566 	 1 
75.0469 	 0 
75.0469 	 1 
75.0469 	 2 
75.1746 	 0 
75.1862 	 2 
75.1862 	 1 
75.3139 	 0 
75.3255 	 2 
75.3255 	 1 
75.4532 	 1 
75.4649 	 2 
75.5926 	 1 
75.6042 	 2 
75.6042 	 0 
75.7319 	 1 
75.8944 	 1 
75.8944 	 2 
76.0105 	 0 
76.0105 	 1 
76.0105 	 2 
76.1498 	 1 
76.1615 	 2 
76.2892 	 1 
76.2892 	 2 
76.3008 	 0 
76.4401 	 2 
76.4865 	 2 
76.5910 	 2 
76.5910 	 1 
76.5910 	 0 
76.7303 	 1 
76.7420 	 2 
76.8697 	 1 
76.8697 	 0 
76.8697 	 2 
77.0206 	 1 
77.0206 	 2 
77.0206 	 0 
77.1599 	 1 
77.1715 	 2 
77.2992 	 2 
77.3108 	 1 
77.4269 	 1 
77.4385 	 0 
77.4385 	 2 
77.5779 	 1 
77.5895 	 2 
77.7056 	 0 
77.7056 	 2 
77.7056 	 1 
77.8681 	 1 
77.8797 	 2 
78.0074 	 0 
78.0074 	 2 
78.0074 	 1 
78.2396 	 2 
78.2977 	 1 
78.3093 	 2 
78.4718 	 2 
78.4834 	 1 
78.5995 	 1 
78.6112 	 2 
78.7505 	 1 
78.7505 	 2 
78.8898 	 0 
78.8898 	 2 
78.8898 	 1 
79.0407 	 2 
79.0407 	 1 
79.1568 	 1 
79.1568 	 2 
79.3078 	 1 
79.3078 	 2 
79.3078 	 0 
79.5980 	 2 
79.5980 	 1 
79.7257 	 2 
79.7257 	 0 
79.7257 	 1 
79.8766 	 1 
79.8766 	 2 
80.0044 	 2 
80.1321 	 1 
80.1437 	 0 
80.1553 	 2 
80.4339 	 2 
80.4455 	 1 
80.5500 	 0 
80.5500 	 2 
80.5500 	 1 
80.7010 	 2 
80.7010 	 1 
80.7126 	 0 
80.8287 	 1 
80.8403 	 2 
80.8519 	 0 
80.8519 	 1 
80.9796 	 1 
80.9796 	 2 
81.0028 	 0 
81.1189 	 2 
81.1189 	 0 
81.1189 	 1 
81.2582 	 1 
81.2698 	 0 
81.2815 	 1 
81.2815 	 2 
81.4092 	 2 
81.4092 	 0 
81.4092 	 1 
81.5601 	 0 
81.5601 	 1 
81.5601 	 2 
81.6878 	 0 
81.6878 	 1 
81.6994 	 2 
81.8387 	 1 
81.8387 	 2 
81.9897 	 1 
81.9897 	 0 
81.9897 	 2 
82.1406 	 0 
82.1406 	 2 
82.1406 	 1 
82.2683 	 2 
82.2683 	 0 
82.2683 	 1 
82.4192 	 1 
82.4192 	 2 
82.5469 	 1 
82.5469 	 0 
82.5585 	 2 
82.7327 	 2 
82.7443 	 1 
82.8488 	 0 
82.8604 	 2 
82.8720 	 1 
82.9997 	 2 
82.9997 	 1 
83.0113 	 0 
83.1274 	 1 
83.2900 	 2 
83.2900 	 1 
83.4177 	 2 
83.4177 	 1 
83.4293 	 0 
83.5802 	 2 
83.6847 	 1 
83.6963 	 2 
83.6963 	 0 
83.8473 	 0 
83.8473 	 1 
83.8589 	 2 
84.1375 	 2 
84.1375 	 1 
84.2536 	 0 
84.2536 	 1 
84.2652 	 2 
84.4045 	 1 
84.4045 	 2 
84.5206 	 2 
84.5322 	 1 
84.6716 	 1 
84.6716 	 2 
84.6832 	 0 
84.8225 	 1 
84.9618 	 1 
85.0779 	 2 
85.0895 	 0 
85.0895 	 1 
85.2405 	 2 
85.2405 	 1 
85.2405 	 0 
85.3798 	 0 
85.3798 	 1 
85.3798 	 2 
85.5307 	 1 
85.5307 	 2 
85.5307 	 0 
85.6584 	 2 
85.6584 	 0 
85.6584 	 1 
85.7977 	 1 
85.8093 	 2 
85.9254 	 1 
85.9371 	 2 
85.9371 	 0 
86.0764 	 2 
86.0764 	 0 
86.0764 	 1 
86.2157 	 1 
86.2273 	 2 
86.2273 	 0 
86.3666 	 2 
86.3666 	 1 
86.4943 	 1 
86.4943 	 0 
86.5059 	 2 
86.5524 	 1 
86.6685 	 2 
86.6685 	 0 
86.6685 	 1 
87.0864 	 1 
87.0980 	 0 
87.0980 	 2 
87.3302 	 2 
87.3651 	 2 
87.3999 	 1 
87.5392 	 2 
87.5508 	 1 
87.6785 	 1 
87.6902 	 0 
87.6902 	 2 
87.8179 	 2 
87.8179 	 1 
87.9572 	 1 
87.9688 	 0 
87.9688 	 2 
88.1081 	 2 
88.1081 	 1 
88.2242 	 2 
88.2242 	 1 
88.3519 	 1 
88.3519 	 2 
88.3635 	 0 
88.5029 	 1 
88.8047 	 0 
88.8163 	 2 
88.8163 	 1 
88.9440 	 2 
88.9440 	 1 
89.0834 	 1 
89.0834 	 2 
89.0834 	 0 
89.2227 	 2 
89.2227 	 1 
89.2227 	 0 
89.4897 	 0 
89.4897 	 1 
89.4897 	 2 
89.7683 	 1 
89.9193 	 1 
90.0470 	 2 
90.0470 	 1 
90.1863 	 2 
90.1863 	 1 
90.3256 	 1 
90.3256 	 2 
90.4649 	 2 
90.4766 	 1 
90.6043 	 2 
90.6043 	 1 
90.7552 	 2 
90.7668 	 1 
90.9061 	 1 
90.9061 	 2 
91.0338 	 1 
91.0454 	 2 
91.1964 	 1 
91.1964 	 0 
91.1964 	 2 
91.3125 	 1 
91.3357 	 2 
91.6259 	 2 
91.6259 	 1 
91.6259 	 0 
91.8465 	 1 
91.9162 	 2 
91.9510 	 1 
92.2180 	 1 
92.2180 	 0 
92.3574 	 2 
92.4967 	 1 
92.5083 	 2 
92.5083 	 0 
92.6476 	 2 
92.7753 	 1 
92.7753 	 2 
92.7869 	 0 
92.9379 	 1 
92.9379 	 0 
92.9379 	 2 
93.2165 	 1 
93.2165 	 2 
93.3442 	 0 
93.3442 	 1 
93.3558 	 2 
93.4951 	 1 
93.5068 	 2 
93.6229 	 1 
93.6229 	 2 
93.7622 	 2 
93.7622 	 1 
93.8202 	 1 
93.8202 	 2 
93.9015 	 1 
94.1801 	 1 
94.1801 	 2 
94.1917 	 0 
94.3311 	 1 
94.3311 	 0 
94.3427 	 2 
94.4704 	 2 
94.4704 	 1 
94.4704 	 0 
94.6097 	 2 
94.6097 	 1 
94.7606 	 1 
94.7606 	 0 
94.7606 	 2 
94.9116 	 1 
94.9232 	 2 
95.0393 	 1 
95.0509 	 2 
95.0509 	 0 
95.1902 	 2 
95.2018 	 0 
95.2018 	 1 
95.3411 	 1 
95.3527 	 0 
95.3527 	 2 
95.4805 	 0 
95.4921 	 1 
95.5037 	 2 
95.6198 	 1 
95.6198 	 0 
95.6314 	 2 
95.7591 	 2 
95.7707 	 1 
95.7707 	 0 
95.9100 	 1 
95.9100 	 2 
95.9100 	 0 
96.0610 	 2 
96.0726 	 1 
96.2003 	 0 
96.2003 	 2 
96.2003 	 1 
96.3512 	 1 
96.3628 	 2 
96.4789 	 0 
96.4789 	 1 
96.4905 	 2 
96.6415 	 2 
96.6415 	 1 
96.6415 	 0 
96.7692 	 0 
96.7808 	 1 
96.7808 	 2 
96.9201 	 1 
96.9317 	 2 
97.0594 	 2 
97.0594 	 0 
97.0594 	 1 
97.2220 	 2 
97.2220 	 1 
97.3380 	 2 
97.3380 	 0 
97.3497 	 1 
97.5006 	 0 
97.5122 	 1 
97.5122 	 2 
97.7908 	 1 
97.8024 	 2 
97.9069 	 0 
97.9069 	 2 
97.9185 	 1 
98.0695 	 1 
98.1740 	 1 
98.1740 	 2 
98.3249 	 1 
98.3249 	 2 
98.3365 	 0 
98.4642 	 1 
98.7429 	 1 
98.7545 	 0 
98.7545 	 2 
98.9054 	 2 
98.9054 	 0 
98.9054 	 1 
99.0447 	 2 
99.0447 	 1 
99.0447 	 0 
99.1840 	 1 
99.1840 	 2 
99.3234 	 0 
99.3234 	 1 
99.3234 	 2 
99.4627 	 2 
99.4743 	 1 
99.6020 	 1 
99.6020 	 2 
99.6020 	 0 
99.7413 	 2 
99.7413 	 0 
99.7529 	 1 
99.8922 	 2 
99.8922 	 1 
99.8922 	 0 
100.0316 	 2 
100.0316 	 1 
100.0316 	 0 
100.1709 	 1 
100.1709 	 0 
100.1825 	 2 
100.3334 	 1 
100.3334 	 2 
100.3334 	 0 
100.4611 	 1 
100.7746 	 1 
100.7746 	 0 
100.7746 	 2 
100.9720 	 1 
100.9720 	 2 
101.0184 	 1 
101.0881 	 1 
101.2390 	 2 
101.3783 	 1 
101.5176 	 2 
101.6570 	 2 
101.6570 	 0 
101.6570 	 1 
101.7963 	 2 
101.9240 	 2 
101.9240 	 1 
101.9356 	 0 
102.0749 	 2 
102.0865 	 1 
102.0865 	 0 
102.3652 	 1 
102.3768 	 2 
102.4929 	 1 
102.4929 	 2 
102.6438 	 2 
102.6438 	 1 
102.7715 	 2 
102.7715 	 1 
102.9108 	 2 
102.9108 	 1 
102.9108 	 0 
103.0037 	 1 
103.0502 	 1 
103.3288 	 0 
103.3288 	 1 
103.3288 	 2 
103.4797 	 1 
103.4913 	 2 
103.6190 	 1 
103.6190 	 2 
103.6307 	 0 
103.7584 	 1 
103.7584 	 2 
103.9093 	 2 
103.9093 	 0 
103.9093 	 1 
104.0486 	 1 
104.0602 	 2 
104.1995 	 0 
104.1995 	 1 
104.1995 	 2 
104.3389 	 0 
104.3389 	 2 
104.3389 	 1 
104.4782 	 2 
104.4782 	 0 
104.4782 	 1 
104.6175 	 0 
104.6175 	 1 
104.6291 	 2 
104.7684 	 1 
104.7684 	 0 
104.7684 	 2 
104.9078 	 0 
104.9078 	 2 
104.9078 	 1 
105.0355 	 1 
105.0471 	 2 
105.0471 	 0 
105.1864 	 0 
105.1864 	 2 
105.1864 	 1 
105.3257 	 2 
105.3257 	 0 
105.3257 	 1 
105.4766 	 0 
105.4766 	 1 
105.4766 	 2 
105.6044 	 0 
105.6044 	 1 
105.6160 	 2 
105.7669 	 2 
105.7669 	 0 
105.7669 	 1 
105.9062 	 0 
105.9178 	 1 
105.9178 	 2 
106.0571 	 2 
106.1965 	 2 
106.1965 	 0 
106.1965 	 1 
106.3358 	 2 
106.3358 	 1 
106.4751 	 2 
106.4867 	 1 
106.4867 	 0 
106.6260 	 1 
106.6260 	 2 
106.6260 	 0 
106.8234 	 2 
106.9279 	 1 
106.9279 	 2 
107.0440 	 1 
107.0440 	 2 
107.2065 	 1 
107.2065 	 2 
107.3226 	 1 
107.3342 	 2 
107.4736 	 1 
107.4852 	 2 
107.4852 	 0 
107.5200 	 1 
107.6013 	 1 
107.7522 	 2 
107.7522 	 1 
107.8915 	 1 
107.9031 	 2 
107.9031 	 0 
108.0424 	 1 
108.0424 	 2 
108.1702 	 1 
108.1818 	 0 
108.1818 	 2 
108.3327 	 0 
108.3327 	 2 
108.3327 	 1 
108.4604 	 1 
108.4604 	 0 
108.4604 	 2 
108.6113 	 1 
108.6113 	 2 
108.7274 	 1 
108.7390 	 2 
108.7390 	 0 
108.8784 	 2 
108.8784 	 1 
108.8900 	 0 
109.0293 	 1 
109.0409 	 2 
109.0409 	 0 
109.1570 	 1 
109.3079 	 1 
109.3079 	 2 
109.3079 	 0 
109.3660 	 1 
109.4821 	 1 
109.4821 	 2 
109.6214 	 2 
109.6214 	 0 
109.6214 	 1 
109.9000 	 2 
109.9000 	 1 
109.9000 	 0 
110.0394 	 1 
110.0510 	 2 
110.1787 	 1 
110.1903 	 2 
110.3296 	 2 
110.3644 	 1 
110.4922 	 1 
110.6315 	 2 
110.6431 	 1 
110.7708 	 2 
110.7708 	 0 
110.7708 	 1 
110.9217 	 2 
111.0494 	 2 
111.0494 	 1 
111.0494 	 0 
111.1888 	 0 
111.1888 	 2 
111.1888 	 1 
111.2352 	 2 
111.4674 	 2 
111.4674 	 1 
111.5951 	 2 
111.5951 	 1 
111.7344 	 0 
111.7344 	 2 
111.7344 	 1 
111.8621 	 2 
111.8621 	 1 
112.0131 	 1 
112.0247 	 2 
112.0247 	 0 
112.1640 	 1 
112.3033 	 1 
112.3033 	 2 
112.4194 	 1 
112.4194 	 2 
112.4426 	 0 
112.5587 	 1 
112.5703 	 2 
112.5703 	 0 
112.7097 	 1 
112.7097 	 2 
112.7097 	 0 
112.8606 	 1 
112.8606 	 2 
112.8838 	 0 
112.9999 	 0 
112.9999 	 1 
112.9999 	 2 
113.1508 	 2 
113.1508 	 1 
113.2785 	 0 
113.2785 	 2 
113.2785 	 1 
113.4295 	 0 
113.4295 	 1 
113.4295 	 2 
113.5688 	 1 
113.5688 	 2 
113.7197 	 1 
113.7197 	 2 
113.7197 	 0 
113.8474 	 2 
113.8474 	 0 
113.8474 	 1 
113.9868 	 1 
113.9984 	 2 
114.1261 	 0 
114.1261 	 1 
114.1377 	 2 
114.2770 	 1 
114.3002 	 2 
114.4163 	 1 
114.4163 	 2 
114.4163 	 0 
114.6950 	 1 
114.7066 	 2 
114.8691 	 1 
114.8691 	 2 
114.8691 	 0 
114.9968 	 1 
114.9968 	 0 
115.0084 	 2 
115.1478 	 2 
115.1478 	 1 
115.2755 	 1 
115.2755 	 0 
115.2755 	 2 
115.4264 	 1 
115.4380 	 2 
115.5541 	 1 
115.5541 	 0 
115.5541 	 2 
115.7050 	 0 
115.7050 	 2 
115.7050 	 1 
115.9953 	 1 
116.0185 	 2 
116.1114 	 1 
116.1230 	 2 
116.2623 	 1 
116.2623 	 2 
116.3784 	 1 
116.3900 	 2 
116.5177 	 1 
116.5293 	 2 
116.5293 	 0 
116.5758 	 1 
116.6919 	 1 
116.8196 	 1 
116.9357 	 1 
116.9357 	 2 
116.9357 	 0 
117.0750 	 2 
117.0866 	 1 
117.2143 	 2 
117.2143 	 1 
117.2143 	 0 
117.3537 	 2 
117.3537 	 1 
117.4814 	 0 
117.4814 	 2 
117.4814 	 1 
117.7600 	 1 
117.7832 	 2 
117.8993 	 1 
117.8993 	 2 
118.0502 	 2 
118.0619 	 1 
118.0619 	 0 
118.2012 	 1 
118.3289 	 1 
118.3289 	 2 
118.3289 	 0 
118.4914 	 0 
118.5030 	 1 
118.5030 	 2 
118.6307 	 0 
118.6307 	 2 
118.6307 	 1 
118.9210 	 1 
118.9210 	 0 
118.9210 	 2 
119.1416 	 2 
119.1532 	 1 
119.1996 	 1 
119.3738 	 1 
119.4434 	 1 
119.7917 	 2 
119.7917 	 1 
119.7917 	 0 
120.1052 	 2 
120.1168 	 1 
120.2329 	 2 
120.2445 	 1 
120.3606 	 2 
120.3722 	 1 
120.3722 	 0 
120.5696 	 2 
120.6741 	 1 
120.6741 	 2 
120.8134 	 1 
120.8134 	 2 
120.8134 	 0 
121.0921 	 2 
121.0921 	 1 
121.1037 	 0 
121.3010 	 0 
121.8699 	 2 
121.8699 	 1 
121.8699 	 0 
122.1602 	 1 
122.1602 	 0 
122.1718 	 2 
122.4388 	 0 
122.4388 	 1 
122.4504 	 2 
122.5898 	 1 
122.5898 	 0 
122.5898 	 2 
122.7407 	 2 
122.7407 	 1 
122.8916 	 2 
122.8916 	 1 
122.8916 	 0 
123.0309 	 1 
123.0425 	 2 
123.0425 	 0 
123.1702 	 1 
123.1702 	 0 
123.1819 	 2 
123.6114 	 2 
123.6230 	 1 
123.6230 	 0 
123.7740 	 1 
123.9017 	 2 
123.9017 	 1 
123.9017 	 0 
124.0642 	 2 
124.0642 	 1 
124.0758 	 0 
124.2035 	 1 
124.2151 	 2 
124.3429 	 2 
124.4822 	 2 
124.4938 	 0 
124.4938 	 1 
124.6331 	 2 
124.7608 	 1 
124.7724 	 2 
124.9234 	 1 
124.9234 	 0 
124.9234 	 2 
125.2020 	 2 
125.2136 	 0 
125.2136 	 1 
125.3297 	 0 
125.3297 	 1 
125.3297 	 2 
125.4574 	 2 
125.4574 	 1 
125.4690 	 0 
125.5851 	 1 
125.5851 	 2 
125.7244 	 1 
125.7244 	 0 
125.7361 	 2 
125.7709 	 2 
125.9915 	 1 
125.9915 	 2 
126.2121 	 2 
126.2121 	 1 
126.2121 	 0 
126.3862 	 0 
126.3862 	 1 
126.3978 	 2 
126.5604 	 2 
126.6532 	 1 
126.9435 	 1 
126.9667 	 2 
127.1989 	 2 
127.2337 	 1 
127.2454 	 0 
127.2454 	 2 
127.4079 	 2 
127.4079 	 0 
127.4079 	 1 
127.5240 	 1 
127.5356 	 2 
127.6749 	 2 
127.6981 	 1 
128.1045 	 0 
128.1045 	 2 
128.1045 	 1 
128.2206 	 2 
128.3483 	 2 
128.3947 	 1 
128.4528 	 2 
128.5689 	 2 
128.6850 	 1 
128.6966 	 2 
128.8359 	 2 
128.9636 	 1 
128.9752 	 0 
128.9752 	 2 
129.1029 	 1 
129.2423 	 1 
129.2539 	 2 
129.2539 	 0 
129.3932 	 2 
129.3932 	 1 
129.4048 	 0 
129.8112 	 1 
129.8228 	 2 
129.9621 	 1 
129.9737 	 2 
130.0782 	 1 
130.0898 	 2 
130.2291 	 1 
130.2639 	 2 
130.2872 	 1 
130.6471 	 0 
130.6471 	 2 
130.6471 	 1 
130.7980 	 1 
130.7980 	 2 
130.9257 	 1 
130.9257 	 0 
130.9257 	 2 
131.2276 	 2 
131.2276 	 0 
131.2276 	 1 
131.3785 	 1 
131.3785 	 2 
131.5062 	 1 
131.5062 	 2 
131.5062 	 0 
131.6571 	 2 
131.6571 	 0 
131.6571 	 1 
131.7965 	 1 
131.7965 	 2 
131.7965 	 0 
131.9358 	 2 
131.9358 	 1 
131.9474 	 0 
132.0635 	 2 
132.0751 	 0 
132.0751 	 1 
132.1448 	 0 
132.1564 	 2 
132.1564 	 1 
132.2144 	 1 
132.2260 	 2 
132.3421 	 1 
132.3421 	 2 
132.3537 	 0 
132.5047 	 2 
132.5047 	 1 
132.5047 	 0 
132.6440 	 2 
132.6440 	 0 
132.6556 	 1 
132.7833 	 0 
132.7833 	 2 
132.7949 	 1 
132.9342 	 2 
132.9342 	 1 
133.0736 	 1 
133.0736 	 2 
133.0852 	 0 
133.2245 	 0 
133.2245 	 2 
133.2245 	 1 
133.3522 	 2 
133.3638 	 1 
133.5031 	 0 
133.5031 	 1 
133.5147 	 2 
133.6541 	 1 
133.6657 	 2 
133.7934 	 0 
133.7934 	 1 
133.7934 	 2 
133.9443 	 1 
133.9443 	 2 
133.9443 	 0 
134.0836 	 2 
134.0836 	 1 
134.0836 	 0 
134.2113 	 2 
134.2229 	 1 
134.3623 	 0 
134.3623 	 2 
134.3623 	 1 
134.5016 	 1 
134.5016 	 2 
134.5016 	 0 
134.6293 	 1 
134.6409 	 2 
134.7918 	 1 
134.7918 	 2 
134.7918 	 0 
134.8383 	 2 
134.9312 	 1 
135.1866 	 0 
135.1982 	 2 
135.1982 	 1 
135.3259 	 0 
135.3375 	 2 
135.3375 	 1 
135.4768 	 2 
135.4768 	 1 
135.4768 	 0 
135.6161 	 1 
135.6278 	 2 
135.7555 	 1 
135.7555 	 0 
135.7555 	 2 
136.0109 	 1 
136.0109 	 2 
136.0225 	 0 
136.2199 	 1 
136.3824 	 1 
136.3940 	 2 
136.5914 	 0 
136.5914 	 1 
136.5914 	 2 
137.1603 	 2 
137.1603 	 1 
137.1719 	 0 
137.2996 	 1 
137.4505 	 1 
137.4621 	 2 
137.6479 	 2 
137.7524 	 1 
137.7872 	 2 
137.8917 	 2 
138.0194 	 1 
138.0310 	 0 
138.0310 	 2 
138.1820 	 2 
138.3097 	 2 
138.3097 	 1 
138.4606 	 2 
138.4722 	 0 
138.4722 	 1 
138.7392 	 2 
138.7508 	 1 
138.8785 	 2 
138.8785 	 1 
138.8785 	 0 
139.0295 	 2 
139.1456 	 2 
139.2965 	 0 
139.2965 	 2 
139.2965 	 1 
139.3313 	 2 
139.3313 	 1 
139.3429 	 0 
139.4010 	 1 
139.4474 	 1 
139.5751 	 1 
139.7029 	 1 
139.7029 	 2 
139.7029 	 0 
139.8538 	 2 
139.8538 	 1 
139.9815 	 0 
139.9815 	 1 
139.9815 	 2 
140.1324 	 1 
140.2717 	 0 
140.2717 	 1 
140.2717 	 2 
140.4227 	 1 
140.4343 	 2 
140.5620 	 1 
140.5620 	 2 
140.5620 	 0 
140.7013 	 2 
140.7013 	 1 
140.7129 	 0 
140.8406 	 1 
140.8406 	 0 
140.8406 	 2 
140.9916 	 0 
140.9916 	 1 
140.9916 	 2 
141.1193 	 1 
141.1193 	 2 
141.1193 	 0 
141.2818 	 2 
141.3979 	 0 
141.4095 	 2 
141.4095 	 1 
141.5488 	 0 
141.5605 	 2 
141.5605 	 1 
141.6882 	 1 
141.6882 	 0 
141.6882 	 2 
141.8275 	 2 
141.8391 	 1 
141.9668 	 1 
141.9668 	 2 
141.9668 	 0 
142.1177 	 0 
142.1177 	 1 
142.1177 	 2 
142.2454 	 0 
142.2571 	 2 
142.2571 	 1 
142.4080 	 2 
142.4080 	 1 
142.4080 	 0 
142.5473 	 0 
142.5473 	 1 
142.5473 	 2 
142.8259 	 0 
142.8376 	 2 
142.8376 	 1 
142.9769 	 1 
142.9885 	 2 
143.1162 	 1 
143.1162 	 0 
143.1162 	 2 
143.2787 	 1 
143.2787 	 0 
143.2787 	 2 
143.4180 	 1 
143.4180 	 0 
143.4180 	 2 
143.5690 	 2 
143.5690 	 1 
143.6851 	 1 
143.6967 	 2 
143.8360 	 1 
143.8476 	 2 
143.8476 	 0 
143.9173 	 0 
143.9289 	 1 
143.9869 	 1 
144.2772 	 1 
144.2772 	 0 
144.2772 	 2 
144.4049 	 1 
144.4165 	 2 
144.5558 	 0 
144.5558 	 2 
144.5558 	 1 
144.6951 	 1 
144.6951 	 2 
144.7068 	 0 
144.8345 	 2 
144.8345 	 0 
144.8345 	 1 
144.8925 	 2 
144.9506 	 1 
144.9738 	 1 
144.9854 	 0 
144.9970 	 2 
145.1131 	 1 
145.1247 	 0 
145.1363 	 2 
145.2524 	 0 
145.2640 	 1 
145.2640 	 2 
145.4034 	 2 
145.4034 	 1 
145.4034 	 0 
145.6704 	 2 
145.6704 	 1 
145.8213 	 2 
145.8213 	 1 
145.8329 	 0 
146.2277 	 2 
146.2277 	 0 
146.2277 	 1 
146.4483 	 2 
146.5295 	 2 
146.6921 	 2 
146.7037 	 1 
146.8198 	 1 
147.0984 	 0 
147.0984 	 2 
147.0984 	 1 
147.2610 	 2 
147.3887 	 2 
147.3887 	 1 
147.5396 	 1 
147.5512 	 0 
147.5512 	 2 
147.6789 	 1 
147.6789 	 0 
147.6789 	 2 
147.8182 	 2 
147.9459 	 2 
147.9459 	 1 
148.1085 	 1 
148.1085 	 2 
148.2246 	 2 
148.2362 	 1 
148.3755 	 1 
148.3755 	 2 
148.3871 	 0 
148.5148 	 1 
148.6658 	 2 
148.6774 	 1 
148.7819 	 1 
148.7935 	 2 
148.7935 	 0 
148.9560 	 1 
148.9676 	 2 
149.0721 	 1 
149.0837 	 2 
149.0837 	 0 
149.2230 	 1 
149.3507 	 2 
149.3507 	 1 
149.3624 	 0 
149.5133 	 1 
149.5133 	 2 
149.5365 	 0 
149.6526 	 2 
149.6526 	 1 
149.6526 	 0 
149.7919 	 2 
149.7919 	 1 
149.7919 	 0 
149.9312 	 1 
149.9429 	 0 
149.9429 	 2 
150.0822 	 0 
150.0822 	 1 
150.0822 	 2 
150.2099 	 2 
150.2099 	 1 
150.2099 	 0 
150.3492 	 1 
150.3608 	 2 
150.4885 	 1 
150.4885 	 0 
150.5001 	 2 
150.6395 	 1 
150.6511 	 2 
150.7672 	 1 
150.7788 	 2 
150.7788 	 0 
150.9065 	 1 
150.9413 	 1 
150.9413 	 2 
151.3593 	 1 
151.3709 	 2 
151.3709 	 0 
151.6495 	 0 
151.6495 	 2 
151.6495 	 1 
151.7888 	 1 
151.9398 	 0 
151.9398 	 1 
151.9514 	 2 
152.1023 	 1 
152.1023 	 0 
152.1023 	 2 
152.2881 	 2 
152.3926 	 2 
152.3926 	 1 
152.5087 	 1 
152.5087 	 0 
152.5203 	 2 
152.6828 	 2 
152.6828 	 1 
152.9382 	 1 
152.9498 	 0 
152.9498 	 2 
153.0195 	 1 
153.3446 	 0 
153.3446 	 2 
153.3446 	 1 
153.4955 	 2 
153.4955 	 1 
153.5071 	 0 
153.6232 	 1 
153.6348 	 0 
153.6348 	 2 
153.7741 	 2 
153.7858 	 1 
153.9135 	 1 
153.9135 	 2 
153.9135 	 0 
154.2037 	 1 
154.2153 	 0 
154.2153 	 2 
154.3546 	 1 
154.3663 	 0 
154.3663 	 2 
154.5056 	 0 
154.5056 	 2 
154.5056 	 1 
154.7726 	 1 
154.7726 	 0 
154.7842 	 2 
154.8190 	 1 
154.9351 	 0 
154.9351 	 2 
154.9468 	 1 
155.3531 	 1 
155.3647 	 0 
155.3647 	 2 
155.5040 	 1 
155.5505 	 1 
155.6550 	 1 
155.6550 	 2 
155.8291 	 1 
155.8291 	 2 
155.9568 	 0 
155.9568 	 2 
155.9684 	 1 
156.0845 	 2 
156.2355 	 2 
156.2355 	 1 
156.2355 	 0 
156.3632 	 1 
156.3864 	 2 
156.5025 	 1 
156.5025 	 2 
156.6650 	 1 
156.6650 	 0 
156.6650 	 2 
156.9553 	 1 
156.9553 	 2 
157.0714 	 1 
157.0714 	 0 
157.0830 	 2 
157.2107 	 1 
157.2223 	 2 
157.3384 	 1 
157.3500 	 2 
157.4893 	 1 
157.5010 	 0 
157.5010 	 2 
157.9073 	 2 
157.9073 	 1 
157.9073 	 0 
158.0466 	 2 
158.0466 	 1 
158.1976 	 2 
158.1976 	 1 
158.1976 	 0 
158.3369 	 2 
158.3369 	 1 
158.4762 	 1 
158.4762 	 2 
158.4878 	 0 
158.6271 	 1 
158.7548 	 1 
158.7664 	 2 
158.7664 	 0 
158.9058 	 1 
158.9174 	 2 
158.9174 	 0 
159.0567 	 2 
159.0567 	 1 
159.0567 	 0 
159.1844 	 1 
159.1960 	 0 
159.2076 	 2 
159.3353 	 2 
159.3353 	 1 
159.3353 	 0 
159.4746 	 1 
159.4863 	 2 
159.6140 	 1 
159.6256 	 2 
159.7765 	 1 
159.7765 	 2 
159.9042 	 1 
159.9158 	 2 
159.9158 	 0 
160.0551 	 1 
160.0551 	 2 
160.1945 	 2 
160.1945 	 1 
160.3338 	 0 
160.3338 	 1 
160.3338 	 2 
160.4731 	 1 
160.4731 	 2 
160.4847 	 0 
160.6240 	 1 
160.6240 	 2 
160.7634 	 2 
160.7634 	 0 
160.7634 	 1 
160.8911 	 1 
160.9027 	 2 
161.0304 	 2 
161.0420 	 1 
161.0536 	 0 
161.1813 	 0 
161.1813 	 2 
161.1813 	 1 
161.3322 	 1 
161.3322 	 2 
161.4600 	 2 
161.4716 	 1 
161.5993 	 2 
161.5993 	 0 
161.5993 	 1 
161.7502 	 2 
161.8895 	 2 
162.0405 	 1 
162.0405 	 2 
162.0405 	 0 
162.0753 	 2 
162.0753 	 1 
162.4352 	 1 
162.4352 	 2 
162.4352 	 0 
162.5977 	 2 
162.7254 	 1 
162.7254 	 2 
162.8532 	 2 
162.8648 	 1 
162.9925 	 0 
162.9925 	 1 
162.9925 	 2 
163.0505 	 2 
163.2711 	 0 
163.2827 	 2 
163.2943 	 1 
163.5614 	 2 
163.5614 	 1 
163.5614 	 0 
163.8284 	 1 
163.8400 	 0 
163.8516 	 2 
164.1186 	 0 
164.1186 	 2 
164.1186 	 1 
164.2696 	 1 
164.4089 	 1 
164.4205 	 2 
164.4205 	 0 
164.4902 	 2 
164.6179 	 1 
164.7107 	 1 
164.7224 	 2 
164.8733 	 1 
164.8849 	 2 
165.0010 	 1 
165.0126 	 2 
165.1519 	 1 
165.1519 	 2 
165.2796 	 2 
165.2912 	 0 
165.2912 	 1 
165.4422 	 2 
165.4422 	 1 
165.5699 	 2 
165.5699 	 1 
165.7208 	 2 
165.7208 	 1 
165.7208 	 0 
165.9995 	 1 
165.9995 	 2 
166.1272 	 1 
166.1272 	 0 
166.1388 	 2 
166.2781 	 2 
166.2781 	 1 
166.3942 	 1 
166.4058 	 2 
166.5451 	 1 
166.5451 	 2 
166.5567 	 0 
166.8354 	 1 
166.8470 	 2 
166.9631 	 2 
166.9631 	 1 
166.9631 	 0 
167.1140 	 2 
167.1140 	 1 
167.2417 	 1 
167.2533 	 0 
167.2533 	 2 
167.3927 	 1 
167.4043 	 2 
167.5436 	 0 
167.5436 	 1 
167.5436 	 2 
167.6829 	 2 
167.6829 	 1 
167.6945 	 0 
167.8222 	 0 
167.8222 	 2 
167.8222 	 1 
167.9732 	 0 
167.9732 	 1 
167.9732 	 2 
168.1009 	 2 
168.1009 	 1 
168.1009 	 0 
168.2402 	 2 
168.2402 	 1 
168.3795 	 2 
168.3795 	 0 
168.3795 	 1 
168.5304 	 2 
168.6581 	 1 
168.6814 	 2 
168.8091 	 1 
168.8207 	 2 
168.9484 	 1 
168.9600 	 2 
168.9600 	 0 
169.0993 	 2 
169.1109 	 1 
169.2386 	 1 
169.2502 	 2 
169.3896 	 0 
169.3896 	 1 
169.4012 	 2 
169.5173 	 0 
169.5173 	 1 
169.5289 	 2 
169.6566 	 2 
169.6682 	 1 
169.8075 	 1 
169.8075 	 2 
169.8075 	 0 
169.9585 	 2 
170.0746 	 1 
170.0862 	 2 
170.0862 	 0 
170.2371 	 0 
170.2371 	 1 
170.2371 	 2 
170.5273 	 1 
170.5390 	 0 
170.6551 	 1 
170.6667 	 2 
170.7944 	 1 
170.8060 	 2 
170.9221 	 2 
170.9221 	 1 
171.0730 	 1 
171.0846 	 0 
171.0846 	 2 
171.1891 	 1 
171.2356 	 1 
171.3633 	 1 
171.3633 	 2 
171.4910 	 1 
171.4910 	 2 
171.5026 	 0 
171.6419 	 2 
171.6651 	 1 
171.7812 	 1 
171.7812 	 2 
171.7928 	 0 
171.9322 	 1 
171.9438 	 2 
171.9438 	 0 
172.0715 	 2 
172.0715 	 0 
172.0715 	 1 
172.2108 	 2 
172.2108 	 1 
172.3501 	 2 
172.3501 	 1 
172.3617 	 0 
172.5010 	 1 
172.5010 	 2 
172.5010 	 0 
172.6288 	 1 
172.6404 	 2 
172.7681 	 2 
172.7797 	 0 
172.7797 	 1 
172.9074 	 1 
172.9074 	 2 
172.9190 	 0 
173.0583 	 2 
173.0699 	 1 
173.0699 	 0 
173.1976 	 2 
173.1976 	 1 
173.1976 	 0 
173.3254 	 1 
173.3370 	 0 
173.3370 	 2 
173.4763 	 1 
173.4879 	 0 
173.4879 	 2 
173.7201 	 0 
173.7549 	 1 
173.7665 	 2 
173.9407 	 2 
173.9523 	 1 
173.9523 	 0 
174.0568 	 2 
174.0800 	 1 
174.2193 	 2 
174.3470 	 2 
174.3470 	 1 
174.3470 	 0 
174.5096 	 2 
174.6257 	 1 
174.6373 	 0 
174.6373 	 2 
174.7766 	 0 
174.7766 	 1 
174.7766 	 2 
175.0668 	 0 
175.0668 	 2 
175.0668 	 1 
175.1946 	 2 
175.1946 	 0 
175.2062 	 1 
175.3339 	 1 
175.3339 	 2 
175.3339 	 0 
175.4732 	 2 
175.6009 	 0 
175.6009 	 2 
175.6009 	 1 
176.0189 	 0 
176.0189 	 2 
176.0189 	 1 
176.2975 	 1 
176.3091 	 0 
176.3091 	 2 
176.5878 	 1 
176.5994 	 0 
176.5994 	 2 
176.7387 	 0 
176.7387 	 1 
176.7387 	 2 
177.0289 	 1 
177.0289 	 0 
177.0289 	 2 
177.2960 	 1 
177.3076 	 0 
177.3076 	 2 
177.5862 	 1 
177.5862 	 0 
177.5862 	 2 
177.8532 	 1 
177.8649 	 2 
178.0042 	 2 
178.0042 	 1 
178.0042 	 0 
178.1319 	 1 
178.1435 	 2 
178.1435 	 0 
178.2712 	 1 
178.2712 	 0 
178.2712 	 2 
178.4105 	 0 
178.4105 	 1 
178.4221 	 2 
178.5498 	 1 
178.5615 	 2 
178.6776 	 1 
178.6776 	 0 
178.6892 	 2 
178.8285 	 1 
178.8285 	 2 
178.8401 	 0 
178.9678 	 0 
178.9678 	 2 
178.9678 	 1 
179.2697 	 1 
179.2697 	 0 
179.2697 	 2 
179.5367 	 1 
179.5367 	 2 
179.5483 	 0 
179.8269 	 1 
179.8269 	 0 
179.8269 	 2 
179.9779 	 1 
179.9779 	 2 
180.1172 	 1 
180.1172 	 2 
180.1172 	 0 
180.3958 	 1 
180.5235 	 1 
180.8022 	 1 
180.9299 	 1 
180.9415 	 2 
181.0692 	 1 
181.0692 	 2 
181.1969 	 1 
181.2085 	 2 
181.7542 	 2 
181.7542 	 1 
181.7658 	 0 
181.8935 	 1 
181.9051 	 2 
182.0444 	 2 
182.0444 	 1 
182.0561 	 0 
182.1722 	 1 
182.1954 	 2 
182.4856 	 1 
182.4972 	 2 
182.4972 	 0 
182.6249 	 1 
182.7410 	 2 
182.9500 	 2 
183.0777 	 1 
183.2287 	 2 
183.3680 	 0 
183.3680 	 2 
183.3680 	 1 
183.4957 	 1 
183.5073 	 2 
183.6350 	 2 
183.6466 	 1 
183.7976 	 1 
183.7976 	 2 
183.8092 	 0 
184.0762 	 2 
184.1923 	 1 
184.2039 	 2 
184.3432 	 2 
184.4709 	 2 
184.6102 	 2 
184.6102 	 1 
184.6219 	 0 
185.0282 	 2 
185.1791 	 2 
185.3068 	 1 
185.3185 	 2 
185.4578 	 2 
185.5971 	 1 
185.5971 	 2 
185.5971 	 0 
185.7364 	 2 
185.8641 	 1 
185.8641 	 2 
185.8757 	 0 
186.0034 	 1 
186.0034 	 2 
186.0267 	 0 
186.1312 	 1 
186.1428 	 0 
186.1428 	 2 
186.2821 	 1 
186.2937 	 2 
186.4330 	 1 
186.4446 	 2 
186.5839 	 1 
186.5839 	 2 
186.7117 	 1 
186.7233 	 0 
186.7233 	 2 
186.8510 	 1 
186.8626 	 2 
187.0019 	 1 
187.0019 	 2 
187.0135 	 0 
187.1528 	 1 
187.1644 	 2 
187.2805 	 1 
187.2805 	 2 
187.4315 	 1 
187.4431 	 2 
187.4547 	 0 
187.5708 	 2 
187.5708 	 1 
187.7101 	 1 
187.7217 	 2 
187.8494 	 2 
187.8610 	 0 
187.8610 	 1 
188.0236 	 0 
188.0236 	 2 
188.0236 	 1 
188.1513 	 1 
188.1629 	 2 
188.3022 	 1 
188.3022 	 2 
188.3022 	 0 
188.4299 	 1 
188.4415 	 2 
188.4415 	 0 
188.5809 	 0 
188.5809 	 1 
188.5925 	 2 
188.7086 	 0 
188.7086 	 2 
188.7086 	 1 
188.8363 	 0 
189.1381 	 2 
189.1498 	 1 
189.1498 	 0 
189.2891 	 1 
189.3355 	 1 
189.4516 	 1 
189.4516 	 2 
189.4516 	 0 
189.4980 	 1 
189.5561 	 0 
189.5677 	 1 
189.5793 	 2 
189.7070 	 1 
189.7070 	 0 
189.7070 	 2 
189.8463 	 1 
189.9741 	 1 
189.9857 	 2 
189.9857 	 0 
190.0669 	 1 
190.1250 	 1 
190.1250 	 2 
190.2643 	 0 
190.2643 	 1 
190.2643 	 2 
190.5197 	 2 
190.5197 	 1 
190.5197 	 0 
190.8448 	 2 
190.8448 	 1 
190.9841 	 0 
190.9841 	 1 
190.9841 	 2 
191.5762 	 2 
191.5762 	 1 
191.5878 	 0 
191.7620 	 1 
191.7736 	 2 
191.8781 	 1 
192.0174 	 2 
192.1567 	 1 
192.3077 	 2 
192.3193 	 1 
192.4470 	 1 
192.4586 	 2 
192.4586 	 0 
192.5863 	 2 
192.5979 	 1 
192.7256 	 0 
192.7256 	 1 
192.7256 	 2 
192.8649 	 2 
192.8649 	 0 
192.8649 	 1 
193.1668 	 2 
193.2945 	 1 
193.2945 	 2 
193.2945 	 0 
193.4338 	 2 
193.4338 	 0 
193.4454 	 1 
193.5499 	 2 
193.5615 	 1 
193.7009 	 1 
193.7125 	 0 
193.7125 	 2 
193.9911 	 2 
194.0027 	 1 
194.1304 	 0 
194.1304 	 1 
194.1304 	 2 
194.2581 	 0 
194.2581 	 2 
194.2698 	 1 
194.3975 	 1 
194.3975 	 2 
194.4091 	 0 
194.5484 	 1 
194.5484 	 2 
194.6877 	 2 
194.6877 	 1 
194.6993 	 0 
194.8270 	 1 
194.8270 	 2 
194.9663 	 1 
194.9663 	 2 
194.9663 	 0 
195.1057 	 1 
195.1057 	 2 
195.1057 	 0 
195.2682 	 2 
195.2682 	 1 
195.2682 	 0 
195.3959 	 2 
195.3959 	 0 
195.3959 	 1 
195.5352 	 1 
195.5352 	 2 
195.5468 	 0 
195.6862 	 0 
195.6862 	 1 
195.6862 	 2 
195.8139 	 1 
195.8255 	 2 
195.8255 	 0 
195.9648 	 1 
195.9648 	 2 
196.1041 	 1 
196.1041 	 2 
196.1157 	 0 
196.3479 	 2 
196.4060 	 2 
196.5685 	 2 
196.5685 	 0 
196.5685 	 1 
196.7078 	 1 
196.8472 	 2 
196.8588 	 1 
196.9981 	 2 
196.9981 	 0 
196.9981 	 1 
197.1258 	 2 
197.1258 	 0 
197.1374 	 1 
197.2651 	 1 
197.2651 	 2 
197.4161 	 2 
197.4161 	 0 
197.4161 	 1 
197.6831 	 2 
197.6831 	 1 
197.6831 	 0 
197.8108 	 1 
197.8108 	 2 
197.9501 	 2 
197.9501 	 1 
197.9617 	 0 
198.2404 	 0 
198.2404 	 1 
198.2404 	 2 
198.3913 	 1 
198.5190 	 2 
198.5190 	 1 
198.6351 	 2 
198.7744 	 1 
198.7744 	 2 
198.7860 	 0 
198.9137 	 2 
199.0415 	 2 
199.1576 	 1 
199.1692 	 2 
199.3085 	 1 
199.3085 	 2 
199.4362 	 1 
199.4362 	 2 
199.5871 	 1 
199.5871 	 2 
199.7148 	 2 
199.7148 	 1 
199.7380 	 1 
199.9819 	 1 
199.9935 	 2 
200.1560 	 1 
200.1560 	 2 
200.1560 	 0 
200.3185 	 1 
200.5740 	 0 
200.5856 	 1 
200.5856 	 2 
200.7017 	 1 
200.7829 	 1 
200.8758 	 1 
201.1661 	 1 
201.3054 	 1 
201.3054 	 2 
201.4447 	 0 
201.4447 	 1 
201.4447 	 2 
201.5956 	 2 
201.5956 	 1 
201.7234 	 1 
201.7234 	 2 
201.8743 	 0 
201.8743 	 2 
201.8743 	 1 
202.0020 	 1 
202.0136 	 2 
202.1645 	 1 
202.1761 	 2 
202.2806 	 0 
202.2922 	 2 
202.2922 	 1 
202.4200 	 1 
202.4200 	 2 
202.4200 	 0 
202.5477 	 1 
202.5477 	 2 
202.6986 	 1 
202.7102 	 0 
202.7102 	 2 
202.8611 	 1 
202.9888 	 1 
203.1049 	 0 
203.1166 	 2 
203.1166 	 1 
203.2675 	 1 
203.2675 	 2 
203.4068 	 2 
203.4068 	 1 
203.4184 	 0 
203.5461 	 2 
203.5461 	 1 
203.6854 	 1 
203.6854 	 2 
203.6971 	 0 
203.8364 	 1 
203.8480 	 2 
203.9757 	 2 
203.9757 	 0 
203.9757 	 1 
204.1150 	 0 
204.1150 	 1 
204.1150 	 2 
204.2427 	 2 
204.2427 	 1 
204.2543 	 0 
204.3937 	 0 
204.3937 	 1 
204.3937 	 2 
204.5214 	 1 
204.5214 	 2 
204.5214 	 0 
204.6723 	 1 
204.6723 	 2 
204.6723 	 0 
204.8000 	 2 
204.8000 	 1 
204.8000 	 0 
204.9393 	 0 
204.9393 	 2 
204.9393 	 1 
205.0670 	 1 
205.0786 	 2 
205.0786 	 0 
205.2412 	 2 
205.2644 	 1 
205.3573 	 0 
205.3689 	 2 
205.5082 	 0 
205.5082 	 1 
205.5082 	 2 
205.6359 	 2 
205.6475 	 1 
205.7636 	 1 
205.7752 	 2 
205.7752 	 0 
205.9029 	 0 
205.9146 	 1 
205.9146 	 2 
206.0423 	 1 
206.0539 	 0 
206.0539 	 2 
206.1235 	 1 
206.3325 	 1 
206.3441 	 2 
206.3441 	 0 
206.3906 	 1 
206.4834 	 2 
206.4834 	 0 
206.4951 	 1 
206.6228 	 1 
206.6344 	 0 
206.6344 	 2 
206.8898 	 0 
206.8898 	 2 
206.9014 	 1 
207.0291 	 1 
207.0291 	 2 
207.1800 	 1 
207.1800 	 2 
207.1800 	 0 
207.4703 	 1 
207.4819 	 2 
207.7489 	 0 
207.7489 	 1 
207.7489 	 2 
208.0044 	 1 
208.0044 	 0 
208.0044 	 2 
208.0624 	 1 
208.1437 	 2 
208.2598 	 2 
208.2830 	 1 
208.5500 	 1 
208.5616 	 2 
208.7010 	 2 
208.8287 	 1 
208.8287 	 2 
208.8403 	 0 
208.9680 	 1 
208.9680 	 2 
209.0841 	 1 
209.0957 	 2 
209.2118 	 1 
209.2234 	 2 
209.2234 	 0 
209.3627 	 2 
209.5020 	 2 
209.5020 	 1 
209.5137 	 0 
209.6065 	 2 
209.6530 	 1 
209.7226 	 2 
209.8968 	 2 
209.9084 	 1 
209.9432 	 2 
210.0709 	 2 
210.0825 	 1 
210.0941 	 0 
210.1754 	 1 
210.1754 	 2 
210.3844 	 1 
210.3844 	 2 
210.3844 	 0 
210.4541 	 2 
210.6630 	 1 
210.6746 	 2 
210.8256 	 2 
210.9417 	 2 
210.9649 	 1 
210.9649 	 0 
211.1623 	 2 
211.2668 	 0 
211.4177 	 1 
211.5106 	 2 
211.7428 	 1 
211.7428 	 2 
211.8473 	 2 
211.8473 	 1 
211.8589 	 0 
211.9401 	 2 
212.0446 	 1 
212.1607 	 2 
212.1607 	 1 
212.1607 	 0 
212.3581 	 2 
212.3581 	 1 
212.3581 	 0 
212.5322 	 1 
212.5322 	 2 
212.6367 	 1 
212.6716 	 2 
212.7412 	 0 
212.9038 	 2 
213.0199 	 2 
213.0315 	 0 
213.0315 	 1 
213.2985 	 2 
213.3217 	 1 
213.3333 	 0 
213.4262 	 1 
213.5191 	 2 
213.5423 	 1 
213.6236 	 0 
213.6352 	 2 
213.7629 	 2 
213.9022 	 2 
213.9254 	 1 
213.9254 	 0 
214.0415 	 2 
214.1693 	 2 
214.2273 	 0 
214.2737 	 1 
214.4247 	 1 
214.4827 	 2 
215.8527 	 2 
216.0733 	 2 
216.2126 	 2 
217.3039 	 2 
217.3504 	 1 
217.4665 	 1 
218.4766 	 2 
218.4882 	 1 
218.5810 	 1 
218.6043 	 2 
218.8249 	 1 
219.5215 	 1 
219.7653 	 1 
219.8930 	 1 
219.9046 	 2 
220.0207 	 1 
220.1368 	 2 
220.1484 	 1 
220.2645 	 1 
220.3806 	 1 
220.4851 	 1 
221.4487 	 1 
224.1654 	 1 
228.6585 	 0 
229.1229 	 0 
229.2738 	 0 
229.4248 	 1 
229.4364 	 0 
229.7382 	 1 
229.9008 	 1 
229.9008 	 0 
230.0517 	 0 
230.3536 	 1 
230.3536 	 0 
230.6670 	 0 
230.8180 	 0 
232.3156 	 1 
232.7452 	 2 
234.0339 	 1 
234.0455 	 2 
234.3822 	 1 
