42.2719 	 0 
42.3764 	 2 
42.4925 	 2 
42.5854 	 2 
42.5970 	 0 
42.7131 	 2 
42.7131 	 1 
42.8060 	 2 
42.9337 	 0 
42.9337 	 2 
43.0382 	 2 
43.1543 	 2 
43.2588 	 2 
43.2704 	 0 
43.5955 	 0 
43.5955 	 1 
43.5955 	 2 
43.8044 	 2 
44.0366 	 0 
44.0366 	 2 
44.1411 	 2 
44.2572 	 2 
44.3617 	 2 
44.3733 	 0 
44.4778 	 1 
44.4778 	 2 
44.5823 	 2 
44.6868 	 2 
44.8029 	 2 
44.9074 	 2 
45.0235 	 2 
45.0351 	 0 
45.3486 	 2 
45.3602 	 0 
45.3602 	 1 
45.4531 	 2 
45.5576 	 2 
45.6620 	 2 
45.7898 	 2 
45.8014 	 0 
45.9059 	 2 
46.0220 	 2 
46.1264 	 2 
46.1380 	 0 
46.2425 	 2 
46.2425 	 1 
46.3354 	 2 
46.4399 	 2 
46.5676 	 2 
46.6837 	 2 
46.7882 	 0 
46.7998 	 2 
47.0088 	 2 
47.1249 	 0 
47.1249 	 1 
47.1249 	 2 
47.2178 	 2 
47.3107 	 2 
47.4151 	 2 
47.5661 	 0 
47.5661 	 2 
47.6706 	 2 
47.7867 	 2 
47.8795 	 2 
47.8912 	 0 
48.0073 	 2 
48.0073 	 1 
48.1117 	 2 
48.2162 	 2 
48.3207 	 2 
48.4484 	 0 
48.4484 	 2 
48.5529 	 2 
48.6690 	 2 
48.6690 	 0 
48.7735 	 2 
48.8896 	 1 
48.9941 	 0 
48.9941 	 2 
49.0986 	 2 
49.3192 	 2 
49.3308 	 0 
49.4353 	 2 
49.5514 	 2 
49.6559 	 0 
49.6559 	 2 
49.7720 	 1 
49.7720 	 2 
49.8649 	 2 
49.9810 	 2 
49.9926 	 0 
50.0854 	 2 
50.2132 	 2 
50.3176 	 2 
50.3293 	 0 
50.4337 	 2 
50.6543 	 0 
50.6543 	 1 
50.6543 	 2 
50.8633 	 2 
51.0955 	 2 
51.0955 	 0 
51.2000 	 2 
51.3161 	 2 
51.4322 	 0 
51.5367 	 1 
51.5367 	 2 
51.6412 	 2 
51.7573 	 2 
51.8618 	 2 
51.9198 	 2 
51.9779 	 2 
52.0243 	 2 
52.0824 	 2 
52.1404 	 2 
52.1985 	 2 
52.4074 	 2 
52.4190 	 1 
52.4190 	 0 
52.5119 	 2 
52.6164 	 2 
52.7209 	 2 
52.8486 	 2 
52.8602 	 0 
52.9647 	 2 
53.0808 	 2 
53.1853 	 2 
53.1969 	 0 
53.2898 	 2 
53.3014 	 1 
53.5104 	 2 
53.6149 	 2 
53.7310 	 2 
53.8471 	 0 
53.8471 	 2 
53.9632 	 2 
54.1838 	 1 
54.1838 	 0 
54.1838 	 2 
54.3579 	 2 
54.4740 	 2 
54.6249 	 0 
54.6249 	 2 
54.8339 	 2 
54.8455 	 1 
55.0081 	 2 
55.0545 	 2 
55.1706 	 2 
55.1706 	 1 
55.2867 	 0 
55.3912 	 2 
55.5073 	 2 
55.5073 	 1 
55.6118 	 2 
55.6582 	 2 
55.7163 	 2 
55.7279 	 0 
55.8324 	 2 
55.8440 	 1 
55.9485 	 2 
56.0530 	 2 
56.0646 	 0 
56.1575 	 2 
56.1691 	 1 
56.2736 	 2 
56.3780 	 0 
56.3897 	 2 
56.7147 	 0 
57.0514 	 0 
57.3881 	 0 
57.7132 	 0 
58.1544 	 0 
58.1660 	 2 
58.3634 	 2 
58.4795 	 2 
58.5956 	 1 
58.5956 	 2 
58.7000 	 2 
58.8045 	 2 
58.9206 	 2 
59.0367 	 2 
59.0367 	 0 
59.1412 	 2 
59.3618 	 2 
59.4663 	 1 
59.4895 	 2 
59.5824 	 2 
59.6985 	 2 
59.9075 	 2 
59.9191 	 0 
60.3603 	 1 
60.8015 	 0 
61.1265 	 2 
61.2426 	 1 
61.3587 	 2 
61.4632 	 2 
61.6838 	 2 
61.6838 	 0 
61.7883 	 2 
61.8928 	 2 
62.0089 	 2 
62.1250 	 2 
62.1250 	 1 
62.2179 	 2 
62.3340 	 2 
62.4501 	 2 
62.5662 	 0 
62.5662 	 2 
62.6707 	 2 
62.7868 	 2 
62.7984 	 0 
62.8912 	 2 
63.0073 	 1 
63.0073 	 2 
63.1118 	 2 
63.1118 	 0 
63.2279 	 2 
63.4485 	 0 
63.7852 	 0 
63.8897 	 1 
64.1103 	 0 
64.3425 	 0 
64.7721 	 1 
65.2132 	 0 
65.2132 	 2 
65.3177 	 2 
65.4222 	 2 
65.5383 	 2 
65.6544 	 1 
65.6544 	 2 
65.7589 	 2 
65.8634 	 2 
65.9795 	 2 
66.0956 	 0 
66.0956 	 2 
66.2001 	 2 
66.4207 	 2 
66.5252 	 1 
66.5484 	 2 
66.6413 	 2 
66.7574 	 2 
66.9780 	 0 
67.3030 	 2 
67.4191 	 1 
67.8603 	 0 
68.3015 	 1 
68.7427 	 0 
68.7427 	 2 
68.8472 	 2 
68.9517 	 2 
68.9633 	 1 
69.0678 	 2 
69.1839 	 2 
69.2883 	 2 
69.3000 	 1 
69.3928 	 2 
69.4044 	 0 
69.5089 	 2 
69.6250 	 1 
69.6250 	 0 
69.6366 	 2 
69.8340 	 2 
69.9501 	 2 
69.9617 	 1 
70.0662 	 2 
70.1707 	 2 
70.1823 	 0 
70.2868 	 1 
70.2868 	 2 
70.3913 	 2 
70.5074 	 0 
70.8325 	 0 
71.1576 	 0 
71.4942 	 0 
71.8309 	 0 
72.2605 	 2 
72.2721 	 0 
72.3766 	 2 
72.4927 	 2 
72.5391 	 2 
72.7133 	 1 
72.7133 	 2 
72.8062 	 2 
72.9223 	 2 
72.9339 	 0 
73.0384 	 2 
73.1545 	 2 
73.1545 	 0 
73.2590 	 2 
73.4795 	 2 
73.5840 	 1 
73.6073 	 2 
73.7001 	 2 
73.8162 	 2 
74.0368 	 0 
74.4780 	 1 
74.5709 	 2 
74.6986 	 2 
74.9192 	 0 
75.2443 	 2 
75.3604 	 1 
75.5810 	 2 
75.7087 	 2 
75.8015 	 0 
75.8015 	 2 
75.9060 	 2 
76.0105 	 2 
76.1266 	 2 
76.2427 	 2 
76.2427 	 1 
76.3472 	 2 
76.4517 	 2 
76.5678 	 2 
76.6839 	 0 
76.6839 	 2 
76.7884 	 2 
76.9045 	 2 
76.9161 	 0 
77.0090 	 2 
77.1251 	 2 
77.1251 	 1 
77.2296 	 2 
77.2296 	 0 
77.3457 	 2 
77.5663 	 0 
77.9029 	 0 
78.0074 	 1 
78.2280 	 0 
78.4602 	 0 
78.8898 	 1 
79.2265 	 2 
79.3310 	 2 
79.3310 	 0 
79.4355 	 2 
79.5516 	 2 
79.6561 	 2 
79.7722 	 1 
79.7722 	 2 
79.8650 	 2 
79.9811 	 2 
80.0972 	 2 
80.2133 	 0 
80.2133 	 2 
80.3178 	 2 
80.5384 	 2 
80.6429 	 1 
80.6545 	 2 
80.7590 	 2 
80.8751 	 2 
81.0957 	 0 
81.2002 	 2 
81.3047 	 2 
81.5369 	 1 
81.6298 	 2 
81.9780 	 0 
82.4192 	 1 
82.6398 	 2 
82.8604 	 0 
82.8604 	 2 
82.9649 	 2 
83.0810 	 1 
83.0810 	 2 
83.1855 	 2 
83.3016 	 2 
83.4061 	 2 
83.4177 	 1 
83.5222 	 0 
83.5222 	 2 
83.6267 	 2 
83.7428 	 1 
83.7428 	 0 
83.7428 	 2 
83.8473 	 2 
83.9517 	 2 
83.9634 	 0 
84.0678 	 2 
84.0678 	 1 
84.1839 	 2 
84.2884 	 2 
84.3000 	 0 
84.4045 	 1 
84.4045 	 2 
84.5090 	 2 
84.6019 	 2 
84.8225 	 2 
85.1592 	 2 
88.6886 	 2 
88.8163 	 2 
89.0369 	 2 
89.2459 	 2 
89.5710 	 2 
89.6871 	 2 
89.9193 	 2 
91.3473 	 2 
91.6724 	 2 
91.8930 	 2 
91.9975 	 2 
92.0555 	 2 
92.1020 	 2 
92.2180 	 2 
92.3458 	 2 
92.4735 	 2 
92.5663 	 2 
92.6128 	 2 
92.7753 	 2 
92.8798 	 2 
92.9379 	 2 
92.9959 	 2 
93.1004 	 2 
93.2165 	 2 
93.3674 	 2 
98.7312 	 2 
100.4960 	 2 
101.0532 	 2 
102.2607 	 2 
102.4929 	 2 
102.5858 	 2 
102.7019 	 2 
102.8063 	 2 
102.9341 	 2 
103.0734 	 2 
103.1430 	 2 
103.2475 	 2 
103.3868 	 2 
103.5262 	 2 
103.6423 	 2 
103.7003 	 2 
103.8048 	 2 
104.0254 	 2 
104.2344 	 2 
104.3389 	 2 
104.4898 	 2 
104.5711 	 2 
104.7684 	 2 
104.8613 	 2 
104.9774 	 2 
105.1283 	 2 
105.2328 	 2 
105.3257 	 2 
105.4650 	 2 
105.5579 	 2 
105.6624 	 2 
105.7901 	 2 
105.9062 	 2 
105.9991 	 2 
106.0455 	 2 
106.2313 	 2 
106.3358 	 2 
106.4751 	 2 
106.6957 	 2 
106.8002 	 2 
106.9279 	 2 
107.0440 	 2 
107.2181 	 2 
107.3459 	 2 
112.1756 	 2 
112.4078 	 2 
112.5703 	 2 
112.6980 	 2 
112.8606 	 0 
113.1973 	 0 
113.3018 	 1 
113.5107 	 0 
113.7429 	 0 
114.1725 	 0 
114.1725 	 1 
114.6137 	 2 
114.6253 	 0 
114.7298 	 2 
114.8343 	 2 
114.9504 	 2 
114.9504 	 0 
115.0549 	 2 
115.0665 	 1 
115.1594 	 2 
115.2755 	 0 
115.2755 	 2 
115.3916 	 2 
115.5077 	 0 
115.5077 	 2 
115.6122 	 2 
115.6122 	 0 
115.7283 	 2 
115.8327 	 2 
115.9488 	 0 
115.9488 	 1 
115.9605 	 2 
116.0649 	 2 
116.1694 	 2 
116.2855 	 2 
116.3900 	 0 
116.5990 	 2 
116.7151 	 2 
116.8312 	 1 
116.8428 	 2 
117.0402 	 2 
117.1563 	 2 
117.2724 	 2 
117.2724 	 0 
117.4930 	 2 
117.6091 	 2 
117.7136 	 1 
117.7252 	 2 
117.8297 	 2 
117.9458 	 2 
118.1547 	 2 
118.1547 	 0 
118.2592 	 2 
118.3637 	 2 
118.4798 	 2 
118.5959 	 1 
118.5959 	 2 
118.7004 	 2 
118.8049 	 2 
118.9210 	 2 
119.0371 	 0 
119.0371 	 2 
119.1416 	 2 
119.2577 	 2 
119.3622 	 2 
119.4783 	 2 
119.4783 	 1 
119.5712 	 0 
119.5944 	 2 
119.6989 	 2 
119.9195 	 0 
120.2445 	 0 
120.3606 	 1 
120.5696 	 0 
120.8018 	 0 
121.2314 	 0 
121.2430 	 1 
121.6726 	 2 
121.6842 	 0 
121.7887 	 2 
121.8932 	 2 
122.0093 	 0 
122.0093 	 2 
122.1254 	 2 
122.1254 	 1 
122.2182 	 2 
122.3343 	 0 
122.3459 	 2 
122.4504 	 2 
122.5665 	 0 
122.5665 	 2 
122.6710 	 2 
122.7871 	 2 
122.8916 	 2 
122.9961 	 0 
123.0077 	 1 
123.0193 	 2 
123.1122 	 2 
123.2283 	 2 
123.3444 	 2 
123.4489 	 0 
123.4489 	 2 
123.5534 	 2 
123.6579 	 2 
123.7624 	 0 
123.8901 	 1 
124.0990 	 0 
124.3312 	 0 
124.4473 	 2 
124.6563 	 2 
124.7608 	 1 
124.7724 	 2 
124.8769 	 2 
125.0046 	 2 
125.2020 	 2 
125.2136 	 0 
125.3181 	 2 
125.4342 	 2 
125.4342 	 1 
125.5387 	 2 
125.6432 	 2 
125.6432 	 1 
125.7593 	 1 
125.7593 	 2 
125.8638 	 1 
125.8754 	 2 
125.9799 	 2 
126.0960 	 1 
126.0960 	 0 
126.0960 	 2 
126.2005 	 2 
126.3049 	 2 
126.4210 	 2 
126.4210 	 1 
126.5371 	 2 
126.6300 	 0 
126.6416 	 2 
126.7577 	 2 
126.7577 	 1 
126.8738 	 2 
126.9783 	 0 
127.3150 	 0 
127.4195 	 1 
127.6285 	 2 
127.6285 	 0 
127.7446 	 2 
127.8607 	 0 
128.3019 	 1 
128.5224 	 2 
128.6502 	 2 
128.7314 	 2 
128.7430 	 0 
128.8475 	 2 
128.9752 	 2 
129.0681 	 0 
129.0681 	 2 
129.1726 	 2 
129.1842 	 1 
129.2771 	 2 
129.3932 	 2 
129.4048 	 0 
129.5093 	 2 
129.6254 	 2 
129.6254 	 0 
129.7299 	 2 
129.8460 	 2 
129.9505 	 2 
130.0550 	 0 
130.0666 	 1 
130.0782 	 2 
130.1711 	 2 
130.2872 	 2 
130.4033 	 2 
130.5078 	 0 
130.5078 	 2 
130.7167 	 2 
130.8328 	 2 
130.9489 	 1 
131.1695 	 2 
131.2740 	 2 
131.3901 	 0 
131.5062 	 2 
131.7268 	 2 
131.8313 	 2 
131.8313 	 1 
132.0635 	 2 
132.1680 	 2 
132.2725 	 0 
132.2725 	 2 
132.3770 	 2 
132.4931 	 2 
132.5976 	 2 
132.7137 	 2 
132.7137 	 1 
132.8181 	 2 
132.9342 	 0 
132.9342 	 2 
133.0387 	 2 
133.1548 	 2 
133.1548 	 0 
133.2593 	 2 
133.3754 	 2 
133.4915 	 2 
133.5960 	 2 
133.5960 	 1 
133.6889 	 0 
133.7005 	 2 
133.8166 	 2 
134.0372 	 0 
134.3623 	 0 
134.4784 	 1 
134.6873 	 0 
134.9195 	 0 
135.3607 	 1 
135.5813 	 2 
135.6858 	 2 
135.7903 	 2 
135.8019 	 0 
135.9064 	 2 
136.0109 	 2 
136.1270 	 2 
136.1270 	 0 
136.2431 	 2 
136.2431 	 1 
136.3360 	 2 
136.4521 	 0 
136.4637 	 2 
136.5682 	 2 
136.6843 	 0 
136.6843 	 2 
136.7888 	 2 
136.9049 	 2 
137.0093 	 2 
137.1254 	 1 
137.1254 	 0 
137.1254 	 2 
137.2299 	 2 
137.3460 	 2 
137.4621 	 2 
137.5666 	 2 
138.5651 	 2 
138.8902 	 2 
139.2385 	 2 
140.3995 	 2 
140.6781 	 2 
141.0496 	 1 
141.0961 	 0 
141.4211 	 1 
141.5372 	 1 
141.7462 	 0 
141.9784 	 0 
142.4080 	 1 
142.4196 	 0 
142.8376 	 1 
142.8608 	 0 
142.8608 	 2 
142.9653 	 2 
143.0698 	 2 
143.1742 	 0 
143.1859 	 2 
143.3020 	 2 
143.3020 	 1 
143.3948 	 2 
143.5109 	 2 
143.5109 	 0 
143.6270 	 2 
143.7315 	 2 
143.7431 	 0 
143.8476 	 2 
143.9521 	 2 
144.0682 	 2 
144.1843 	 2 
144.1843 	 1 
144.2888 	 2 
144.4049 	 2 
144.6255 	 0 
145.0667 	 1 
145.1712 	 2 
145.2756 	 0 
145.2756 	 1 
145.2873 	 2 
145.5078 	 0 
145.9490 	 1 
145.9490 	 0 
146.1812 	 2 
146.2973 	 2 
146.3902 	 0 
146.4947 	 2 
146.6108 	 2 
146.7153 	 2 
146.8314 	 1 
146.8430 	 2 
146.9359 	 2 
147.0520 	 2 
147.0520 	 1 
147.1565 	 2 
147.2726 	 2 
147.2726 	 0 
147.3771 	 2 
147.4932 	 2 
147.6093 	 2 
147.7137 	 2 
147.7137 	 1 
147.8182 	 0 
147.8298 	 2 
147.9343 	 2 
148.1549 	 0 
148.4800 	 0 
148.5961 	 1 
148.8051 	 0 
149.0373 	 0 
149.1534 	 0 
149.4668 	 1 
149.4668 	 0 
149.9196 	 2 
149.9196 	 0 
150.0241 	 2 
150.1286 	 2 
150.2447 	 2 
150.3608 	 1 
150.3608 	 2 
150.4653 	 2 
150.5814 	 2 
150.6859 	 2 
150.8020 	 0 
150.8020 	 2 
150.9181 	 2 
151.0226 	 2 
151.1271 	 2 
151.2432 	 0 
151.2432 	 1 
151.2548 	 2 
151.3477 	 2 
151.4638 	 2 
151.6844 	 0 
152.0094 	 0 
152.0094 	 2 
152.1255 	 1 
152.1255 	 2 
152.2300 	 2 
152.3345 	 0 
152.3461 	 2 
152.5551 	 0 
153.0079 	 1 
153.0079 	 2 
153.0079 	 0 
153.1124 	 2 
153.2401 	 2 
153.3446 	 2 
153.4375 	 2 
153.4491 	 0 
153.5536 	 2 
153.6580 	 2 
153.6697 	 1 
153.7741 	 2 
153.8786 	 2 
153.9831 	 2 
153.9947 	 1 
154.1108 	 2 
154.2153 	 2 
154.3314 	 1 
154.3314 	 0 
154.3430 	 2 
154.4359 	 2 
154.5404 	 2 
154.6565 	 2 
154.6681 	 1 
154.7726 	 2 
154.8655 	 0 
154.8771 	 2 
154.9932 	 2 
154.9932 	 1 
155.0977 	 2 
155.2138 	 0 
155.5389 	 0 
155.5389 	 1 
155.6550 	 1 
155.8756 	 0 
156.0961 	 0 
156.2122 	 0 
156.5257 	 1 
156.5373 	 0 
156.7579 	 2 
156.8856 	 2 
156.9669 	 1 
156.9785 	 2 
156.9785 	 0 
157.0830 	 2 
157.1875 	 2 
157.3036 	 0 
157.3036 	 2 
157.4197 	 1 
157.4197 	 2 
157.5126 	 2 
157.6287 	 2 
157.7448 	 2 
157.8609 	 0 
157.8609 	 2 
157.9654 	 2 
158.0815 	 2 
158.1976 	 2 
158.3020 	 1 
158.3137 	 2 
158.4065 	 2 
158.5226 	 2 
158.7432 	 0 
158.7432 	 2 
158.8477 	 2 
158.9522 	 2 
159.0683 	 2 
159.1844 	 2 
159.1844 	 1 
159.2889 	 2 
159.3934 	 0 
159.3934 	 1 
159.4050 	 2 
159.6256 	 2 
159.7417 	 2 
159.8578 	 2 
159.9623 	 2 
160.0668 	 1 
160.2990 	 2 
160.4151 	 2 
160.5079 	 0 
160.6124 	 2 
160.7285 	 2 
160.8330 	 2 
160.9491 	 1 
160.9607 	 2 
161.0536 	 2 
161.1697 	 2 
161.1697 	 1 
161.2742 	 2 
161.3903 	 2 
161.3903 	 0 
161.4948 	 2 
161.6109 	 2 
161.7154 	 2 
161.8315 	 2 
161.8315 	 1 
161.9244 	 0 
161.9360 	 2 
162.0521 	 2 
162.1682 	 2 
162.2727 	 0 
162.5977 	 0 
162.7138 	 1 
162.9228 	 0 
163.1550 	 0 
163.5962 	 1 
163.8284 	 2 
164.0258 	 2 
164.0374 	 0 
164.1419 	 2 
164.2580 	 2 
164.3624 	 2 
164.3624 	 0 
164.4785 	 2 
164.4785 	 1 
164.5714 	 2 
164.6875 	 2 
164.6875 	 0 
164.8036 	 2 
164.9197 	 2 
164.9197 	 0 
165.0358 	 2 
165.1403 	 2 
165.2448 	 2 
165.3609 	 2 
165.3609 	 0 
165.3609 	 1 
165.5815 	 2 
165.8021 	 0 
165.9995 	 1 
166.1156 	 0 
166.1272 	 1 
166.1272 	 2 
166.2433 	 2 
166.2433 	 1 
166.3361 	 2 
166.4522 	 0 
166.6844 	 0 
167.1256 	 1 
167.1372 	 2 
167.2417 	 2 
167.3462 	 2 
167.4623 	 2 
167.5668 	 0 
167.5668 	 2 
167.6713 	 2 
167.7874 	 1 
167.7874 	 2 
167.8919 	 2 
167.8919 	 0 
167.9964 	 2 
168.1125 	 2 
168.1125 	 1 
168.2170 	 2 
168.3331 	 2 
168.4376 	 1 
168.4492 	 0 
168.4492 	 2 
168.5537 	 2 
168.6581 	 2 
168.7626 	 2 
168.7859 	 1 
168.8903 	 2 
168.9832 	 0 
168.9832 	 2 
169.0993 	 2 
169.1109 	 1 
169.2154 	 2 
169.3315 	 0 
169.6566 	 0 
169.6566 	 1 
169.9236 	 0 
170.2139 	 0 
170.6551 	 1 
171.0846 	 0 
171.7464 	 0 
171.9786 	 0 
172.4082 	 1 
172.4662 	 0 
172.8610 	 0 
173.1860 	 0 
173.5111 	 0 
173.5227 	 1 
173.7433 	 0 
174.6257 	 0 
174.9507 	 0 
175.2758 	 1 
175.3455 	 1 
175.5080 	 0 
175.9376 	 1 
176.3904 	 0 
176.7155 	 1 
176.7735 	 0 
177.0405 	 0 
177.2727 	 0 
177.7139 	 1 
178.1435 	 0 
178.5266 	 0 
178.8053 	 0 
179.0375 	 0 
179.4670 	 1 
179.5251 	 0 
179.9198 	 0 
180.5816 	 1 
180.8022 	 0 
181.6845 	 0 
182.0096 	 0 
182.3347 	 1 
182.4044 	 1 
182.5669 	 0 
183.0081 	 1 
183.4493 	 0 
183.7627 	 0 
183.7743 	 1 
184.0414 	 0 
184.2736 	 1 
184.2736 	 2 
184.3084 	 2 
184.3316 	 0 
184.6915 	 0 
184.7728 	 1 
185.2024 	 0 
185.5507 	 0 
185.8641 	 0 
186.0963 	 0 
186.5259 	 1 
186.5839 	 0 
186.9787 	 0 
187.2922 	 0 
187.6405 	 0 
187.6405 	 1 
187.8610 	 0 
188.7318 	 0 
189.0685 	 0 
189.4052 	 1 
189.4632 	 1 
189.6258 	 0 
190.0553 	 1 
190.1134 	 0 
190.8796 	 0 
191.1583 	 0 
191.3673 	 2 
191.5414 	 0 
191.8317 	 0 
192.2612 	 0 
192.6444 	 0 
192.9230 	 0 
193.3061 	 0 
193.6428 	 0 
194.0956 	 0 
194.4091 	 0 
194.7458 	 0 
196.6846 	 2 
197.1026 	 2 
197.5322 	 1 
197.5670 	 0 
197.8921 	 1 
197.9037 	 0 
198.0082 	 1 
198.2171 	 0 
198.4377 	 0 
198.5654 	 0 
198.8789 	 1 
198.8905 	 0 
199.3085 	 1 
199.3317 	 0 
199.4362 	 2 
199.5523 	 2 
199.6452 	 0 
199.6568 	 2 
199.7729 	 1 
199.7729 	 2 
199.8658 	 2 
199.9819 	 2 
199.9819 	 0 
200.0980 	 2 
200.2141 	 0 
200.2141 	 2 
200.3185 	 2 
200.3302 	 0 
200.4346 	 2 
200.5507 	 2 
200.6552 	 1 
200.6552 	 2 
200.7597 	 2 
200.8758 	 2 
201.0848 	 1 
201.0964 	 0 
201.3054 	 2 
201.5376 	 2 
201.5376 	 1 
201.6305 	 2 
201.7466 	 1 
201.7466 	 0 
201.8627 	 2 
201.9788 	 2 
202.0833 	 2 
202.3039 	 2 
202.4200 	 1 
202.4200 	 0 
202.4316 	 2 
202.6522 	 2 
202.7683 	 2 
202.8611 	 2 
202.8611 	 0 
202.9656 	 2 
203.0817 	 2 
203.1862 	 2 
203.3023 	 1 
203.3139 	 2 
203.4068 	 2 
203.5229 	 2 
203.5229 	 1 
203.6274 	 2 
203.7435 	 0 
203.7435 	 2 
203.8480 	 2 
203.9641 	 0 
203.9641 	 2 
204.0686 	 2 
204.1847 	 1 
204.1847 	 2 
204.2892 	 0 
204.2892 	 2 
204.4053 	 2 
204.6259 	 0 
204.9509 	 1 
205.0670 	 1 
205.2760 	 0 
205.4966 	 0 
205.9494 	 1 
206.3790 	 2 
206.3906 	 0 
206.4834 	 2 
206.6112 	 2 
206.7156 	 2 
206.7156 	 0 
206.7156 	 1 
206.8317 	 1 
206.8317 	 2 
206.9362 	 2 
207.0407 	 2 
207.0407 	 0 
207.1568 	 2 
207.2729 	 0 
207.2729 	 2 
207.3774 	 2 
207.4935 	 2 
207.5980 	 2 
207.7141 	 1 
207.7141 	 2 
207.8186 	 2 
208.1553 	 0 
208.5965 	 1 
208.8171 	 1 
209.0376 	 0 
209.0376 	 2 
209.4788 	 1 
209.4788 	 2 
209.5833 	 2 
209.7110 	 2 
209.8039 	 2 
209.9084 	 2 
209.9200 	 0 
210.0245 	 2 
210.1290 	 2 
210.1406 	 1 
210.2451 	 2 
210.3496 	 2 
210.4541 	 2 
210.4657 	 1 
210.5702 	 2 
210.5818 	 1 
210.6979 	 2 
210.8024 	 1 
210.8024 	 0 
210.8140 	 2 
210.9068 	 2 
211.0113 	 2 
211.1274 	 2 
211.1390 	 1 
211.2435 	 2 
211.2435 	 1 
211.3364 	 0 
211.3480 	 2 
211.4525 	 1 
211.4641 	 2 
211.6847 	 0 
211.9982 	 0 
212.0098 	 1 
212.1259 	 1 
212.3465 	 0 
212.5206 	 1 
212.5555 	 0 
213.0083 	 1 
213.3449 	 0 
213.4378 	 2 
213.4494 	 0 
213.5539 	 2 
213.6700 	 2 
213.7745 	 0 
213.7745 	 2 
213.7745 	 1 
213.8790 	 2 
213.8906 	 1 
213.9835 	 2 
214.0996 	 0 
214.0996 	 2 
214.2157 	 2 
214.3318 	 0 
214.3318 	 2 
214.4363 	 2 
214.5524 	 2 
214.6569 	 2 
214.7730 	 1 
214.7730 	 2 
214.8775 	 2 
214.9936 	 2 
215.2025 	 1 
215.2141 	 0 
215.6553 	 2 
215.6553 	 1 
215.7598 	 2 
215.8643 	 1 
215.8643 	 0 
216.0617 	 1 
216.5377 	 1 
216.7699 	 2 
216.8860 	 2 
216.9789 	 2 
216.9789 	 0 
217.0834 	 2 
217.1995 	 2 
217.3039 	 2 
217.3039 	 0 
217.4200 	 1 
217.4317 	 2 
217.5245 	 2 
217.6406 	 2 
217.6406 	 1 
217.7451 	 2 
217.8612 	 2 
217.8612 	 0 
217.9657 	 2 
218.0818 	 2 
218.0818 	 0 
218.1979 	 2 
218.3024 	 1 
218.3024 	 2 
218.4069 	 0 
218.4185 	 2 
218.5230 	 2 
218.7436 	 0 
219.0687 	 1 
219.0687 	 0 
219.1848 	 1 
219.3937 	 0 
219.6143 	 0 
219.7537 	 0 
220.0671 	 1 
220.4967 	 2 
220.5083 	 0 
220.6128 	 2 
220.6128 	 0 
220.7289 	 2 
220.8334 	 0 
220.8334 	 2 
220.8450 	 1 
220.9495 	 1 
220.9495 	 2 
221.0540 	 2 
221.1585 	 0 
221.1585 	 2 
221.2746 	 2 
221.3907 	 0 
221.3907 	 2 
221.5068 	 2 
221.7273 	 2 
221.8202 	 1 
221.8434 	 2 
222.2730 	 0 
222.5865 	 0 
222.5981 	 1 
222.7142 	 1 
222.9232 	 1 
222.9348 	 2 
223.1438 	 0 
223.5966 	 1 
223.8288 	 2 
223.9332 	 2 
224.0377 	 0 
224.0377 	 2 
224.1422 	 2 
224.2583 	 2 
224.2583 	 1 
224.3628 	 2 
224.4673 	 2 
224.5834 	 1 
224.5834 	 2 
224.6995 	 2 
224.6995 	 1 
224.8040 	 2 
224.9201 	 0 
224.9201 	 1 
224.9201 	 2 
225.0246 	 2 
225.1407 	 0 
225.1407 	 2 
225.2452 	 2 
225.2568 	 1 
225.3613 	 2 
225.3613 	 1 
225.4658 	 0 
225.4658 	 2 
225.5819 	 2 
225.5819 	 1 
225.6863 	 2 
227.7878 	 2 
228.0200 	 2 
228.2289 	 2 
228.4495 	 2 
228.5656 	 2 
228.6701 	 2 
228.9023 	 2 
229.7847 	 2 
237.2615 	 2 
