0.2554 	 2 
0.2670 	 1 
0.2670 	 0 
0.7430 	 0 
0.7430 	 2 
0.7430 	 1 
1.2190 	 1 
1.2190 	 0 
1.2190 	 2 
1.6951 	 1 
1.6951 	 2 
1.6951 	 0 
2.1711 	 2 
2.1711 	 1 
2.1711 	 0 
2.6471 	 2 
2.6471 	 1 
2.6471 	 0 
3.1231 	 0 
3.1231 	 2 
3.1231 	 1 
3.4714 	 0 
3.4714 	 1 
3.5991 	 0 
3.5991 	 1 
3.5991 	 2 
4.0751 	 1 
4.0751 	 0 
4.0751 	 2 
4.5511 	 0 
4.5511 	 2 
4.5511 	 1 
5.0271 	 0 
5.0271 	 1 
5.0271 	 2 
5.5031 	 1 
5.5031 	 0 
5.5031 	 2 
5.9791 	 2 
5.9791 	 1 
5.9791 	 0 
6.4551 	 1 
6.4551 	 2 
6.4551 	 0 
6.9195 	 0 
6.9312 	 1 
6.9312 	 2 
7.3956 	 1 
7.4072 	 2 
7.4072 	 0 
7.6278 	 1 
7.8832 	 2 
7.8832 	 1 
7.8832 	 0 
8.3592 	 0 
8.3592 	 2 
8.3592 	 1 
8.8352 	 0 
8.8352 	 2 
8.8352 	 1 
9.3112 	 0 
9.3112 	 1 
9.3112 	 2 
9.5434 	 0 
9.5434 	 2 
9.5434 	 1 
9.7872 	 1 
9.7872 	 2 
9.7872 	 0 
10.2632 	 1 
10.2632 	 2 
10.2632 	 0 
10.7392 	 1 
10.7392 	 2 
10.7392 	 0 
11.0991 	 1 
11.2152 	 1 
11.2152 	 0 
11.2152 	 2 
11.4474 	 2 
11.4474 	 0 
11.4474 	 1 
11.6912 	 1 
11.6912 	 2 
11.6912 	 0 
12.1673 	 0 
12.1673 	 1 
12.1673 	 2 
12.6433 	 1 
12.6433 	 2 
12.6433 	 0 
13.1193 	 2 
13.1193 	 1 
13.1193 	 0 
13.3515 	 0 
13.3515 	 2 
13.3631 	 1 
15.4993 	 0 
15.4993 	 1 
15.4993 	 2 
15.8708 	 1 
15.9753 	 2 
15.9753 	 0 
15.9753 	 1 
16.4513 	 2 
16.4513 	 0 
16.4513 	 1 
16.6603 	 2 
16.8112 	 1 
16.9273 	 0 
16.9273 	 1 
16.9273 	 2 
17.1479 	 2 
17.4034 	 1 
17.4034 	 0 
17.4034 	 2 
17.7749 	 1 
17.8794 	 2 
17.8794 	 1 
17.8794 	 0 
18.3554 	 1 
18.3554 	 2 
18.3554 	 0 
18.5760 	 2 
18.7037 	 0 
18.7153 	 1 
18.7153 	 2 
18.8198 	 1 
18.8314 	 0 
18.8430 	 2 
19.0520 	 1 
19.0636 	 2 
19.0636 	 0 
19.3074 	 1 
19.3074 	 2 
19.3074 	 0 
19.6789 	 1 
19.7834 	 1 
19.7834 	 0 
19.7950 	 2 
20.2594 	 0 
20.2594 	 1 
20.2594 	 2 
20.4800 	 2 
20.6077 	 2 
20.6077 	 0 
20.6425 	 1 
20.7354 	 2 
20.7354 	 0 
20.7354 	 1 
21.2114 	 1 
21.2114 	 2 
21.2114 	 0 
21.5829 	 1 
21.6874 	 0 
21.6990 	 1 
21.6990 	 2 
22.1634 	 2 
22.1634 	 0 
22.1634 	 1 
22.3840 	 2 
22.5234 	 2 
22.6395 	 0 
22.6511 	 2 
22.8717 	 2 
23.1155 	 1 
23.1271 	 0 
23.1271 	 2 
23.5915 	 0 
23.6031 	 1 
23.6031 	 2 
24.0675 	 2 
24.0675 	 0 
24.0675 	 1 
24.4274 	 2 
24.4390 	 1 
24.5435 	 1 
24.5435 	 2 
24.5551 	 0 
24.7757 	 2 
24.7757 	 1 
25.0195 	 1 
25.0311 	 0 
25.0311 	 2 
25.3910 	 1 
25.4955 	 0 
25.5071 	 2 
25.5071 	 1 
25.9715 	 0 
25.9715 	 2 
25.9715 	 1 
26.1921 	 2 
26.3198 	 0 
26.3314 	 2 
26.3314 	 1 
26.4475 	 1 
26.4475 	 2 
26.4475 	 0 
26.6797 	 1 
26.6797 	 2 
26.6797 	 0 
26.9235 	 1 
26.9235 	 0 
26.9351 	 2 
27.4112 	 1 
27.4112 	 2 
27.4112 	 0 
27.8756 	 2 
27.8756 	 0 
27.8756 	 1 
28.0961 	 2 
28.2239 	 0 
28.2239 	 2 
28.2355 	 1 
28.3516 	 2 
28.3516 	 1 
28.3632 	 0 
28.5838 	 1 
28.9437 	 1 
30.7316 	 2 
30.7316 	 1 
30.7432 	 0 
30.9638 	 2 
30.9754 	 1 
30.9754 	 0 
31.0915 	 1 
31.1031 	 0 
31.2076 	 1 
31.2076 	 0 
31.2192 	 2 
31.3237 	 0 
31.3353 	 2 
31.3353 	 1 
31.4398 	 2 
31.4398 	 1 
31.4514 	 0 
31.5675 	 1 
31.5675 	 2 
31.5791 	 0 
31.6836 	 2 
31.6836 	 1 
31.6952 	 0 
31.9158 	 2 
31.9274 	 0 
31.9274 	 1 
32.0435 	 2 
32.0551 	 1 
32.1596 	 2 
32.1596 	 1 
32.1596 	 0 
32.4034 	 1 
32.4034 	 0 
32.4034 	 2 
32.6356 	 1 
32.6356 	 2 
32.6473 	 0 
32.8795 	 1 
32.8795 	 2 
32.8911 	 0 
33.1117 	 1 
33.1117 	 2 
33.1233 	 0 
33.2278 	 1 
33.2394 	 0 
33.2394 	 2 
33.3555 	 2 
33.3555 	 0 
33.3555 	 1 
33.4716 	 2 
33.4716 	 1 
33.4716 	 0 
33.5877 	 1 
33.5993 	 0 
33.5993 	 2 
33.8199 	 1 
33.8199 	 2 
33.8315 	 0 
33.9360 	 2 
34.0637 	 1 
34.0637 	 2 
34.0637 	 0 
34.3075 	 0 
34.3075 	 1 
34.3075 	 2 
34.5397 	 1 
34.5513 	 2 
34.5513 	 0 
34.7719 	 1 
34.7719 	 2 
34.7835 	 0 
35.0157 	 1 
35.0273 	 2 
35.0273 	 0 
35.1318 	 1 
35.1434 	 2 
35.2479 	 1 
35.2595 	 0 
35.2595 	 2 
35.3756 	 1 
35.3872 	 2 
35.4917 	 1 
35.5033 	 2 
35.5033 	 0 
35.7239 	 1 
35.7355 	 2 
35.7355 	 0 
35.8516 	 2 
35.8516 	 1 
35.9677 	 1 
35.9677 	 2 
35.9793 	 0 
36.2115 	 1 
36.2115 	 0 
36.2115 	 2 
36.4437 	 1 
36.4553 	 0 
36.4553 	 2 
36.6759 	 1 
36.6875 	 2 
36.6991 	 0 
36.9313 	 2 
36.9313 	 0 
36.9313 	 1 
37.0474 	 2 
37.0474 	 1 
37.1635 	 0 
37.1635 	 2 
37.1635 	 1 
37.2796 	 1 
37.2796 	 0 
37.2912 	 2 
37.3957 	 1 
37.4073 	 2 
37.4073 	 0 
37.6279 	 0 
37.6395 	 1 
37.6395 	 2 
37.7556 	 2 
37.7673 	 1 
37.8253 	 2 
37.8253 	 0 
37.8253 	 1 
37.8717 	 0 
37.8717 	 1 
37.8834 	 2 
38.1156 	 0 
38.1156 	 1 
38.1156 	 2 
38.3478 	 1 
38.3594 	 0 
38.3594 	 2 
38.5800 	 1 
38.5916 	 2 
38.6032 	 0 
38.8238 	 1 
38.8354 	 0 
38.8354 	 2 
38.9515 	 2 
38.9515 	 1 
39.0676 	 0 
39.0676 	 2 
39.0676 	 1 
39.1837 	 1 
39.1953 	 2 
39.2998 	 1 
39.3114 	 0 
39.3114 	 2 
39.5320 	 1 
39.5436 	 0 
39.5436 	 2 
39.6597 	 2 
39.7758 	 1 
39.7874 	 0 
39.7874 	 2 
40.0196 	 2 
40.0196 	 1 
40.0312 	 0 
40.2518 	 1 
40.2634 	 2 
40.2634 	 0 
40.4956 	 1 
40.4956 	 2 
40.5072 	 0 
40.6233 	 1 
40.7394 	 1 
40.7394 	 0 
40.7394 	 2 
40.8555 	 1 
40.8555 	 2 
40.9716 	 0 
40.9716 	 2 
40.9716 	 1 
41.0877 	 1 
41.0993 	 0 
41.1109 	 2 
41.2038 	 1 
41.2154 	 0 
41.2154 	 2 
41.4476 	 1 
41.4476 	 0 
41.4476 	 2 
41.5637 	 2 
41.5753 	 1 
41.6798 	 1 
41.6914 	 0 
41.6914 	 2 
41.9236 	 1 
41.9236 	 0 
41.9236 	 2 
42.1558 	 1 
42.1674 	 2 
42.1674 	 0 
42.3996 	 1 
42.3996 	 2 
42.4112 	 0 
42.6434 	 2 
42.6434 	 1 
42.6434 	 0 
42.7595 	 0 
42.7595 	 1 
42.7595 	 2 
42.8756 	 2 
42.8756 	 1 
42.8756 	 0 
42.9917 	 1 
43.0034 	 0 
43.0150 	 2 
43.1078 	 1 
43.1195 	 0 
43.1195 	 2 
43.3517 	 0 
43.3517 	 2 
43.3517 	 1 
43.4678 	 2 
43.4794 	 0 
43.4794 	 1 
43.5839 	 1 
43.5955 	 0 
43.5955 	 2 
43.8277 	 2 
43.8277 	 1 
43.8393 	 0 
44.0599 	 1 
44.0715 	 2 
44.0715 	 0 
44.3037 	 1 
44.3037 	 2 
44.3153 	 0 
44.5475 	 1 
44.5475 	 2 
44.5475 	 0 
44.6636 	 0 
44.6636 	 2 
44.6636 	 1 
44.7797 	 0 
44.7797 	 2 
44.7797 	 1 
44.8958 	 1 
44.9190 	 2 
45.0119 	 1 
45.0235 	 0 
45.0235 	 2 
45.2557 	 0 
45.2557 	 1 
45.2557 	 2 
45.3718 	 2 
45.3718 	 0 
45.3718 	 1 
45.4879 	 2 
45.4879 	 1 
45.4995 	 0 
45.7317 	 0 
45.7317 	 1 
45.7317 	 2 
45.7898 	 0 
45.9755 	 1 
45.9755 	 2 
45.9755 	 0 
46.4515 	 1 
46.4515 	 2 
46.4631 	 0 
46.9275 	 1 
46.9275 	 2 
46.9391 	 0 
47.2990 	 1 
47.4035 	 2 
47.4035 	 0 
47.4035 	 1 
47.6357 	 0 
47.6357 	 2 
47.6357 	 1 
47.8795 	 0 
47.8795 	 2 
47.8795 	 1 
48.2511 	 1 
48.3556 	 2 
48.3556 	 0 
48.3556 	 1 
48.8316 	 2 
48.8316 	 1 
48.8432 	 0 
49.1799 	 2 
49.2960 	 2 
49.2960 	 1 
49.3076 	 0 
49.5398 	 2 
49.5398 	 0 
49.5398 	 1 
49.7836 	 1 
49.7836 	 0 
49.7836 	 2 
50.1551 	 1 
50.2596 	 2 
50.2596 	 1 
50.2712 	 0 
50.7356 	 1 
50.7356 	 2 
50.7356 	 0 
51.0839 	 2 
51.0955 	 1 
51.2116 	 1 
51.2116 	 0 
51.2116 	 2 
51.4438 	 0 
51.4438 	 1 
51.4438 	 2 
51.6876 	 1 
51.6876 	 2 
51.6992 	 0 
52.1636 	 1 
52.1636 	 2 
52.1752 	 0 
52.6396 	 2 
52.6396 	 1 
52.6512 	 0 
52.8602 	 2 
52.9879 	 1 
52.9995 	 2 
53.0576 	 2 
53.0576 	 1 
53.0576 	 0 
53.1040 	 1 
53.1156 	 2 
53.1156 	 0 
53.3478 	 1 
53.3478 	 0 
53.3478 	 2 
53.5917 	 0 
53.5917 	 2 
53.5917 	 1 
53.7078 	 1 
53.8239 	 1 
53.9632 	 1 
54.0677 	 2 
54.0677 	 1 
54.0677 	 0 
54.5437 	 2 
54.5553 	 1 
54.5553 	 0 
54.7759 	 2 
55.0081 	 2 
55.0197 	 1 
55.0197 	 0 
55.2519 	 1 
55.2519 	 2 
55.2519 	 0 
55.4957 	 1 
55.4957 	 2 
55.5073 	 0 
55.6234 	 2 
55.7163 	 1 
55.8672 	 1 
55.9717 	 1 
55.9717 	 2 
55.9833 	 0 
56.4593 	 2 
56.4593 	 0 
56.4593 	 1 
56.9237 	 1 
56.9237 	 0 
56.9237 	 2 
57.1559 	 1 
57.1559 	 2 
57.1675 	 0 
57.5158 	 1 
57.6319 	 1 
57.7829 	 1 
59.6753 	 1 
61.2078 	 1 
61.2078 	 2 
61.2194 	 0 
61.3355 	 1 
61.4400 	 2 
61.4516 	 1 
61.4516 	 0 
61.6838 	 2 
61.6838 	 1 
61.6954 	 0 
61.7999 	 1 
61.8231 	 2 
61.9276 	 2 
61.9276 	 1 
61.9276 	 0 
62.0437 	 2 
62.0437 	 1 
62.1598 	 0 
62.1598 	 2 
62.1598 	 1 
62.2875 	 1 
62.3920 	 1 
62.3920 	 2 
62.4036 	 0 
62.6358 	 2 
62.6358 	 1 
62.6358 	 0 
62.8796 	 0 
62.8796 	 2 
62.8796 	 1 
62.9957 	 1 
62.9957 	 2 
63.1118 	 0 
63.1118 	 1 
63.1118 	 2 
63.2279 	 2 
63.2395 	 1 
63.3440 	 1 
63.3440 	 2 
63.3556 	 0 
63.5878 	 1 
63.5878 	 2 
63.5878 	 0 
63.7039 	 1 
63.7156 	 2 
63.8200 	 1 
63.8317 	 2 
63.8317 	 0 
63.9478 	 1 
63.9594 	 2 
64.0639 	 1 
64.0639 	 0 
64.0639 	 2 
64.1800 	 1 
64.1916 	 2 
64.2961 	 2 
64.2961 	 1 
64.3077 	 0 
64.4122 	 1 
64.4122 	 0 
64.5399 	 1 
64.5399 	 2 
64.5515 	 0 
64.7837 	 2 
64.7837 	 1 
64.7837 	 0 
64.8998 	 2 
64.8998 	 1 
65.0159 	 2 
65.0159 	 1 
65.0275 	 0 
65.1320 	 2 
65.1436 	 1 
65.2481 	 2 
65.2597 	 0 
65.2597 	 1 
65.4919 	 1 
65.4919 	 2 
65.4919 	 0 
65.6080 	 1 
65.6196 	 2 
65.7357 	 2 
65.7357 	 1 
65.7357 	 0 
65.8518 	 1 
65.8634 	 2 
65.8634 	 0 
65.9679 	 2 
65.9679 	 1 
65.9795 	 0 
66.2001 	 2 
66.2117 	 1 
66.2117 	 0 
66.4439 	 1 
66.4439 	 2 
66.4555 	 0 
66.6877 	 0 
66.6877 	 2 
66.6877 	 1 
66.8038 	 2 
66.8038 	 1 
66.9199 	 2 
66.9315 	 1 
66.9315 	 0 
67.0360 	 2 
67.0476 	 1 
67.1521 	 1 
67.1637 	 0 
67.1637 	 2 
67.3959 	 1 
67.3959 	 2 
67.3959 	 0 
67.5236 	 2 
67.5236 	 1 
67.6397 	 2 
67.6397 	 1 
67.6397 	 0 
67.7558 	 2 
67.7558 	 1 
67.8719 	 2 
67.8719 	 1 
67.8835 	 0 
67.9996 	 2 
67.9996 	 1 
68.1157 	 1 
68.1157 	 0 
68.1157 	 2 
68.2318 	 0 
68.2318 	 1 
68.3015 	 1 
68.3015 	 2 
68.3015 	 0 
68.3479 	 1 
68.3479 	 2 
68.3479 	 0 
68.5917 	 1 
68.5917 	 0 
68.5917 	 2 
68.7078 	 2 
68.7195 	 1 
68.8239 	 2 
68.8356 	 1 
68.8356 	 0 
68.9517 	 1 
68.9517 	 2 
69.0561 	 2 
69.0678 	 0 
69.0678 	 1 
69.3000 	 2 
69.3000 	 0 
69.3000 	 1 
69.4277 	 1 
69.4277 	 2 
69.5438 	 2 
69.5438 	 1 
69.5554 	 0 
69.6715 	 2 
69.6715 	 1 
69.7760 	 2 
69.7876 	 0 
69.7876 	 1 
69.9037 	 1 
70.0198 	 0 
70.0198 	 1 
70.0198 	 2 
70.1359 	 1 
70.2520 	 1 
70.2636 	 2 
70.2636 	 0 
70.4958 	 0 
70.4958 	 1 
70.4958 	 2 
70.6235 	 1 
70.7396 	 0 
70.7396 	 2 
70.7396 	 1 
70.8441 	 2 
70.8557 	 1 
70.9718 	 1 
70.9718 	 2 
70.9718 	 0 
71.2040 	 1 
71.2156 	 0 
71.2156 	 2 
71.3317 	 1 
71.3433 	 2 
71.4478 	 2 
71.4478 	 0 
71.4478 	 1 
71.5639 	 1 
71.5755 	 0 
71.5755 	 2 
71.6800 	 1 
71.6916 	 2 
71.6916 	 0 
71.7961 	 1 
71.9238 	 2 
71.9238 	 0 
71.9238 	 1 
72.0399 	 1 
72.1560 	 2 
72.1560 	 1 
72.1676 	 0 
72.3998 	 2 
72.3998 	 1 
72.3998 	 0 
72.5159 	 1 
72.5275 	 2 
72.6436 	 0 
72.6436 	 2 
72.6436 	 1 
72.7481 	 2 
72.7597 	 1 
72.8758 	 1 
72.8758 	 0 
72.8758 	 2 
73.1080 	 2 
73.1080 	 1 
73.1196 	 0 
73.2357 	 1 
73.2473 	 2 
73.3518 	 0 
73.3518 	 2 
73.3518 	 1 
73.4679 	 1 
73.4795 	 2 
73.4795 	 0 
73.5840 	 1 
73.5956 	 0 
73.5956 	 2 
73.8278 	 0 
73.8278 	 1 
73.8278 	 2 
74.0600 	 1 
74.0717 	 0 
74.0717 	 2 
74.3039 	 1 
74.3039 	 2 
74.3155 	 0 
74.4200 	 2 
74.4316 	 1 
74.5477 	 2 
74.5477 	 0 
74.5477 	 1 
74.6638 	 2 
74.7799 	 0 
74.7799 	 1 
74.7799 	 2 
75.0237 	 2 
75.0237 	 1 
75.0237 	 0 
75.1398 	 1 
75.1514 	 2 
75.2559 	 1 
75.2559 	 2 
75.2559 	 0 
75.3720 	 1 
75.3720 	 2 
75.3836 	 0 
75.4881 	 1 
75.4997 	 2 
75.4997 	 0 
75.6042 	 0 
75.6042 	 1 
75.6158 	 2 
75.7319 	 2 
75.7319 	 0 
75.7319 	 1 
75.8480 	 2 
75.8480 	 1 
75.8596 	 0 
75.9641 	 2 
75.9641 	 1 
75.9641 	 0 
76.0918 	 1 
76.2079 	 0 
76.2079 	 2 
76.2079 	 1 
76.3356 	 1 
76.4517 	 2 
76.4517 	 1 
76.4517 	 0 
76.5678 	 2 
76.6839 	 2 
76.6839 	 0 
76.6839 	 1 
76.8000 	 1 
76.9277 	 2 
76.9277 	 0 
76.9277 	 1 
77.0438 	 0 
77.0438 	 1 
77.0554 	 2 
77.1599 	 1 
77.1599 	 2 
77.1599 	 0 
77.2760 	 1 
77.2876 	 2 
77.4037 	 1 
77.4037 	 0 
77.4037 	 2 
77.5198 	 1 
77.5198 	 2 
77.6359 	 0 
77.6359 	 1 
77.6359 	 2 
77.7520 	 1 
77.7636 	 0 
77.8681 	 1 
77.8797 	 0 
77.8797 	 2 
78.1119 	 0 
78.1119 	 2 
78.1235 	 1 
78.2280 	 2 
78.2396 	 1 
78.3557 	 1 
78.3557 	 2 
78.3557 	 0 
78.4718 	 2 
78.5879 	 1 
78.5879 	 0 
78.5879 	 2 
78.8317 	 0 
78.8317 	 1 
78.8317 	 2 
78.9478 	 1 
78.9595 	 2 
79.0639 	 2 
79.0639 	 1 
79.0756 	 0 
79.1800 	 1 
79.1917 	 2 
79.1917 	 0 
79.3078 	 2 
79.3078 	 0 
79.3078 	 1 
79.4239 	 1 
79.5400 	 1 
79.5400 	 2 
79.5400 	 0 
79.6561 	 0 
79.6561 	 2 
79.7722 	 2 
79.7722 	 1 
79.7838 	 0 
80.0160 	 2 
80.0160 	 1 
80.0276 	 0 
80.1437 	 1 
80.1553 	 0 
80.2598 	 0 
80.2598 	 1 
80.2598 	 2 
80.4920 	 1 
80.4920 	 0 
80.4920 	 2 
80.7358 	 0 
80.7358 	 2 
80.7358 	 1 
80.8519 	 1 
80.8519 	 2 
80.9680 	 2 
80.9680 	 0 
80.9680 	 1 
81.0841 	 1 
81.0957 	 2 
81.2118 	 1 
81.2118 	 0 
81.2118 	 2 
81.3279 	 1 
81.3395 	 2 
81.4440 	 2 
81.4440 	 1 
81.4440 	 0 
81.5601 	 0 
81.5717 	 1 
81.6878 	 2 
81.6878 	 0 
81.6878 	 1 
81.9200 	 2 
81.9316 	 0 
81.9316 	 1 
82.0477 	 1 
82.1638 	 2 
82.1638 	 1 
82.1638 	 0 
82.2799 	 2 
82.3960 	 0 
82.3960 	 1 
82.3960 	 2 
82.6398 	 1 
82.6398 	 0 
82.6398 	 2 
82.7559 	 1 
82.7675 	 2 
82.8720 	 1 
82.8720 	 2 
82.8720 	 0 
82.9997 	 1 
82.9997 	 0 
82.9997 	 2 
83.1158 	 2 
83.1158 	 1 
83.1158 	 0 
83.2319 	 2 
83.3480 	 1 
83.3480 	 2 
83.3480 	 0 
83.4757 	 1 
83.5338 	 1 
83.5454 	 2 
83.5918 	 1 
83.5918 	 0 
83.5918 	 2 
83.6963 	 0 
83.8240 	 1 
83.8240 	 2 
83.8356 	 0 
83.9401 	 1 
84.0678 	 2 
84.0678 	 1 
84.0678 	 0 
84.3000 	 1 
84.3000 	 0 
84.3000 	 2 
84.5439 	 2 
84.5439 	 0 
84.5439 	 1 
84.6600 	 1 
84.6716 	 2 
84.7761 	 2 
84.7761 	 1 
84.7877 	 0 
84.8922 	 1 
84.9038 	 2 
85.0199 	 1 
85.0199 	 2 
85.0199 	 0 
85.1360 	 1 
85.2521 	 1 
85.2521 	 2 
85.2521 	 0 
85.4959 	 0 
85.4959 	 1 
85.4959 	 2 
85.7281 	 2 
85.7397 	 1 
85.7397 	 0 
85.9719 	 1 
85.9719 	 0 
85.9719 	 2 
86.0880 	 2 
86.2041 	 1 
86.2041 	 0 
86.2041 	 2 
86.4479 	 0 
86.4479 	 2 
86.4479 	 1 
86.5640 	 1 
86.5756 	 2 
86.6801 	 2 
86.6801 	 1 
86.6917 	 0 
86.8078 	 1 
86.8078 	 0 
86.9239 	 1 
86.9239 	 0 
86.9239 	 2 
87.1561 	 2 
87.1561 	 1 
87.1677 	 0 
87.3999 	 2 
87.3999 	 1 
87.3999 	 0 
87.6437 	 2 
87.6437 	 0 
87.6437 	 1 
87.7598 	 1 
87.8759 	 0 
87.8759 	 2 
87.8759 	 1 
88.1081 	 1 
88.1081 	 2 
88.1081 	 0 
88.3519 	 2 
88.3519 	 0 
88.3519 	 1 
88.4796 	 1 
88.4796 	 2 
88.5841 	 2 
88.5957 	 0 
88.5957 	 1 
88.7118 	 2 
88.7118 	 1 
88.8279 	 2 
88.8279 	 1 
88.8279 	 0 
89.0601 	 0 
89.0601 	 2 
89.0601 	 1 
89.3039 	 0 
89.3039 	 1 
89.3039 	 2 
89.5478 	 0 
89.5478 	 1 
89.5478 	 2 
89.6639 	 2 
89.6755 	 1 
89.7800 	 1 
89.7800 	 2 
89.7916 	 0 
90.0122 	 1 
90.0238 	 2 
90.0354 	 0 
90.1515 	 1 
90.1515 	 2 
90.2560 	 1 
90.2560 	 2 
90.2676 	 0 
90.4998 	 2 
90.7320 	 2 
90.7436 	 0 
90.7436 	 1 
90.8713 	 1 
90.9758 	 1 
91.2080 	 1 
91.2080 	 2 
91.2196 	 0 
91.4518 	 0 
91.4518 	 1 
91.4518 	 2 
91.6840 	 1 
91.6956 	 0 
91.6956 	 2 
91.9278 	 0 
91.9278 	 1 
91.9278 	 2 
92.1600 	 2 
92.1716 	 1 
92.1716 	 0 
92.2877 	 0 
92.2877 	 1 
92.2877 	 2 
92.4038 	 2 
92.4038 	 1 
92.4038 	 0 
92.5199 	 0 
92.5315 	 1 
92.5315 	 2 
92.6360 	 1 
92.6360 	 0 
92.6476 	 2 
92.7637 	 1 
92.8798 	 1 
92.8914 	 2 
93.0075 	 0 
93.0075 	 1 
93.0075 	 2 
93.3558 	 1 
93.3558 	 0 
93.3558 	 2 
93.4719 	 1 
93.4835 	 2 
93.4835 	 0 
93.5880 	 2 
93.5880 	 1 
93.5880 	 0 
93.8318 	 2 
93.8318 	 1 
93.8318 	 0 
94.0640 	 2 
94.0640 	 0 
94.0640 	 1 
94.1917 	 2 
94.1917 	 1 
94.1917 	 0 
94.3078 	 2 
94.3078 	 0 
94.3078 	 1 
94.4356 	 2 
94.4356 	 1 
94.4356 	 0 
94.5400 	 1 
94.5400 	 0 
94.5517 	 2 
94.7839 	 1 
94.7839 	 2 
94.7955 	 0 
94.9116 	 0 
94.9116 	 1 
94.9116 	 2 
95.1322 	 1 
95.1438 	 2 
95.1554 	 0 
95.2599 	 2 
95.2715 	 0 
95.2715 	 1 
95.3876 	 1 
95.3876 	 0 
95.3876 	 2 
95.4921 	 1 
95.5037 	 0 
95.5037 	 2 
95.7359 	 1 
95.7359 	 2 
95.7475 	 0 
95.9681 	 2 
95.9681 	 0 
95.9797 	 1 
96.0958 	 2 
96.0958 	 0 
96.1074 	 1 
96.2119 	 2 
96.2119 	 0 
96.2119 	 1 
96.3396 	 2 
96.3396 	 0 
96.3396 	 1 
96.4441 	 0 
96.4441 	 1 
96.4557 	 2 
96.6879 	 2 
96.6879 	 1 
96.6995 	 0 
96.9201 	 1 
96.9201 	 0 
96.9201 	 2 
97.1639 	 2 
97.1639 	 1 
97.1755 	 0 
97.2800 	 0 
97.2916 	 1 
97.2916 	 2 
97.3961 	 0 
97.3961 	 1 
97.4077 	 2 
97.6399 	 2 
97.6399 	 1 
97.6515 	 0 
97.8721 	 2 
97.8837 	 0 
97.8837 	 1 
97.9998 	 0 
97.9998 	 1 
97.9998 	 2 
98.1159 	 0 
98.1159 	 1 
98.1159 	 2 
98.2436 	 2 
98.2436 	 0 
98.2436 	 1 
98.3481 	 1 
98.3481 	 0 
98.3597 	 2 
98.5803 	 2 
98.5919 	 1 
98.5919 	 0 
98.8241 	 0 
98.8241 	 1 
98.8241 	 2 
99.0679 	 0 
99.0679 	 2 
99.0679 	 1 
99.1956 	 0 
99.1956 	 2 
99.1956 	 1 
99.3117 	 0 
99.3117 	 2 
99.3117 	 1 
99.5439 	 2 
99.5439 	 1 
99.5439 	 0 
99.7878 	 2 
99.7878 	 1 
99.7878 	 0 
99.9039 	 1 
99.9039 	 2 
100.0200 	 1 
100.0200 	 2 
100.0316 	 0 
100.1477 	 0 
100.1477 	 1 
100.1477 	 2 
100.2522 	 1 
100.2522 	 0 
100.2638 	 2 
100.4960 	 1 
100.4960 	 0 
100.4960 	 2 
100.7282 	 2 
100.7282 	 1 
100.7282 	 0 
100.9720 	 1 
100.9720 	 2 
100.9836 	 0 
101.0881 	 1 
101.0881 	 0 
101.0997 	 2 
101.2042 	 1 
101.2158 	 0 
101.2158 	 2 
101.4480 	 1 
101.4480 	 0 
101.4480 	 2 
101.6918 	 1 
101.6918 	 0 
101.6918 	 2 
101.8079 	 1 
101.8195 	 2 
101.9240 	 0 
101.9240 	 1 
101.9240 	 2 
102.0517 	 0 
102.0517 	 1 
102.1562 	 0 
102.1562 	 1 
102.1678 	 2 
102.4000 	 2 
102.4000 	 1 
102.4000 	 0 
102.6322 	 2 
102.6322 	 1 
102.6438 	 0 
102.7599 	 1 
102.8760 	 1 
102.8760 	 2 
102.8876 	 0 
103.0037 	 1 
103.0153 	 0 
103.0153 	 2 
103.1198 	 0 
103.1198 	 1 
103.1198 	 2 
103.3520 	 0 
103.3520 	 1 
103.3520 	 2 
103.5958 	 1 
103.5958 	 2 
103.5958 	 0 
103.7119 	 2 
103.7119 	 1 
103.8280 	 2 
103.8280 	 1 
103.8396 	 0 
103.9557 	 0 
103.9557 	 1 
104.0602 	 0 
104.0602 	 1 
104.0718 	 2 
104.3040 	 1 
104.3040 	 0 
104.3040 	 2 
104.5478 	 2 
104.5478 	 1 
104.5478 	 0 
104.7800 	 2 
104.7800 	 1 
104.7917 	 0 
104.9078 	 1 
104.9078 	 0 
104.9194 	 2 
105.0239 	 0 
105.0239 	 1 
105.0239 	 2 
105.2561 	 0 
105.2561 	 1 
105.2561 	 2 
105.4999 	 0 
105.4999 	 1 
105.4999 	 2 
105.6160 	 1 
105.6160 	 2 
105.7321 	 1 
105.7321 	 2 
105.7321 	 0 
105.8482 	 2 
105.8598 	 1 
105.8598 	 0 
105.9643 	 1 
105.9759 	 0 
105.9759 	 2 
106.2081 	 1 
106.2081 	 0 
106.2081 	 2 
106.4403 	 2 
106.4519 	 0 
106.4519 	 1 
106.6841 	 0 
106.6841 	 2 
106.6841 	 1 
106.8002 	 0 
106.8118 	 1 
106.8118 	 2 
106.9279 	 0 
106.9279 	 1 
106.9279 	 2 
107.1601 	 0 
107.1601 	 2 
107.1601 	 1 
107.4039 	 0 
107.4039 	 1 
107.4039 	 2 
107.5200 	 2 
107.5200 	 1 
107.6361 	 1 
107.6361 	 2 
107.6477 	 0 
107.7638 	 2 
107.7638 	 1 
107.7638 	 0 
107.8799 	 0 
107.8799 	 1 
107.8799 	 2 
108.1121 	 0 
108.1121 	 1 
108.1121 	 2 
108.2398 	 1 
108.2398 	 2 
108.2398 	 0 
108.3443 	 2 
108.3559 	 1 
108.3559 	 0 
108.5881 	 0 
108.5881 	 2 
108.5881 	 1 
108.7042 	 1 
108.7158 	 2 
108.7158 	 0 
108.8319 	 2 
108.8319 	 0 
108.8319 	 1 
109.0641 	 2 
109.0641 	 0 
109.0641 	 1 
109.3079 	 2 
109.3079 	 0 
109.3079 	 1 
109.4240 	 1 
109.4356 	 2 
109.5401 	 0 
109.5401 	 2 
109.5401 	 1 
109.6562 	 2 
109.6678 	 1 
109.6678 	 0 
109.7839 	 2 
109.7839 	 1 
109.7839 	 0 
110.0161 	 0 
110.0161 	 2 
110.0278 	 1 
110.1439 	 2 
110.1439 	 0 
110.1555 	 1 
110.2483 	 2 
110.2600 	 1 
110.2600 	 0 
110.3761 	 2 
110.3761 	 0 
110.3877 	 1 
110.4922 	 2 
110.4922 	 1 
110.5038 	 0 
110.6199 	 2 
110.6199 	 1 
110.7360 	 0 
110.7360 	 2 
110.7360 	 1 
110.9682 	 0 
110.9682 	 2 
110.9682 	 1 
111.2120 	 1 
111.2120 	 0 
111.2120 	 2 
111.3281 	 1 
111.3397 	 2 
111.4442 	 1 
111.4442 	 2 
111.4442 	 0 
111.5719 	 2 
111.5719 	 1 
111.5719 	 0 
111.6880 	 1 
111.6880 	 2 
111.6880 	 0 
111.9202 	 2 
111.9202 	 1 
111.9318 	 0 
112.1640 	 0 
112.1640 	 1 
112.1640 	 2 
112.3962 	 1 
112.3962 	 2 
112.4078 	 0 
112.5239 	 2 
112.6400 	 1 
112.6400 	 0 
112.6400 	 2 
112.8722 	 2 
112.8722 	 1 
112.8722 	 0 
113.1160 	 0 
113.1160 	 1 
113.1160 	 2 
113.2437 	 2 
113.2437 	 1 
113.3482 	 2 
113.3598 	 0 
113.3598 	 1 
113.4759 	 2 
113.4759 	 0 
113.4875 	 1 
113.5920 	 0 
113.5920 	 2 
113.5920 	 1 
113.8242 	 2 
113.8242 	 1 
113.8358 	 0 
114.0680 	 0 
114.0680 	 1 
114.0680 	 2 
114.3118 	 0 
114.3118 	 1 
114.3118 	 2 
114.4279 	 2 
114.4279 	 1 
114.5440 	 0 
114.5440 	 1 
114.5440 	 2 
114.7762 	 0 
114.7762 	 2 
114.7878 	 1 
115.0200 	 1 
115.0200 	 2 
115.0317 	 0 
115.1478 	 1 
115.1478 	 2 
115.1594 	 0 
115.2639 	 2 
115.2639 	 1 
115.2639 	 0 
115.3800 	 0 
115.3916 	 2 
115.3916 	 1 
115.4961 	 0 
115.4961 	 2 
115.4961 	 1 
115.7283 	 2 
115.7399 	 0 
115.7399 	 1 
115.9721 	 1 
115.9837 	 0 
115.9837 	 2 
116.0998 	 1 
116.2043 	 1 
116.2043 	 2 
116.2159 	 0 
116.3320 	 2 
116.3320 	 1 
116.3320 	 0 
116.4481 	 2 
116.4481 	 1 
116.4481 	 0 
116.6803 	 2 
116.6919 	 1 
116.6919 	 0 
116.9241 	 1 
116.9241 	 0 
116.9357 	 2 
117.0518 	 1 
117.0518 	 0 
117.0634 	 2 
117.1563 	 2 
117.1679 	 0 
117.1679 	 1 
117.2840 	 0 
117.2840 	 2 
117.2956 	 1 
117.4001 	 0 
117.4001 	 1 
117.4001 	 2 
117.5394 	 1 
117.6439 	 1 
117.6439 	 2 
117.6439 	 0 
117.7716 	 1 
117.8761 	 0 
117.8761 	 1 
117.8877 	 2 
118.1083 	 1 
118.1199 	 2 
118.1199 	 0 
118.2360 	 1 
118.2476 	 2 
118.2476 	 0 
118.3521 	 0 
118.3521 	 1 
118.3521 	 2 
118.5843 	 1 
118.5843 	 2 
118.5959 	 0 
118.7120 	 2 
118.7120 	 1 
118.7236 	 0 
118.8281 	 1 
118.8397 	 0 
118.8397 	 2 
118.9558 	 1 
118.9558 	 0 
118.9674 	 2 
119.0603 	 2 
119.0719 	 0 
119.0719 	 1 
119.1764 	 1 
119.1880 	 2 
119.1880 	 0 
119.3041 	 2 
119.3041 	 0 
119.3041 	 1 
119.5363 	 1 
119.5479 	 2 
119.5479 	 0 
119.7801 	 1 
119.7801 	 2 
119.7917 	 0 
120.0239 	 2 
120.0239 	 0 
120.0239 	 1 
120.1400 	 2 
120.1517 	 1 
120.2561 	 0 
120.2561 	 1 
120.2678 	 2 
120.3839 	 1 
120.5000 	 2 
120.5000 	 0 
120.5000 	 1 
120.6277 	 1 
120.7322 	 0 
120.7322 	 1 
120.7438 	 2 
120.8599 	 2 
120.8599 	 1 
120.8599 	 0 
120.9760 	 0 
120.9760 	 2 
120.9760 	 1 
121.1037 	 0 
121.2198 	 2 
121.2198 	 0 
121.2198 	 1 
121.4520 	 1 
121.4636 	 2 
121.4636 	 0 
130.7283 	 1 
131.0999 	 1 
134.5364 	 1 
137.3925 	 1 
137.4041 	 2 
137.4041 	 0 
137.8801 	 0 
137.8801 	 1 
137.8801 	 2 
138.3561 	 1 
138.3561 	 0 
138.3561 	 2 
138.8321 	 1 
138.8321 	 0 
138.8321 	 2 
139.0527 	 1 
139.3197 	 2 
139.3197 	 0 
139.3197 	 1 
139.7841 	 0 
139.7957 	 2 
139.7957 	 1 
140.2601 	 1 
140.2601 	 2 
140.2601 	 0 
140.7361 	 1 
140.7361 	 2 
140.7361 	 0 
140.9567 	 1 
140.9683 	 2 
141.2122 	 1 
141.2122 	 0 
141.2122 	 2 
141.6882 	 1 
141.6882 	 0 
141.6998 	 2 
142.1642 	 0 
142.1642 	 2 
142.1642 	 1 
142.6402 	 0 
142.6402 	 2 
142.6518 	 1 
142.8608 	 1 
142.8608 	 2 
142.8608 	 0 
143.1162 	 2 
143.1162 	 0 
143.1162 	 1 
143.5922 	 0 
143.5922 	 1 
143.6038 	 2 
144.0682 	 0 
144.0682 	 2 
144.0682 	 1 
144.5442 	 0 
144.5442 	 2 
144.5558 	 1 
144.7648 	 0 
144.7648 	 1 
145.0202 	 1 
145.0202 	 0 
145.0318 	 2 
145.5078 	 1 
145.5078 	 2 
145.5078 	 0 
145.9722 	 1 
145.9722 	 0 
145.9722 	 2 
146.3322 	 1 
146.4483 	 0 
146.4599 	 2 
146.4599 	 1 
146.6688 	 0 
146.6688 	 1 
146.9243 	 0 
146.9243 	 1 
146.9359 	 2 
147.4003 	 0 
147.4119 	 2 
147.4119 	 1 
147.8763 	 2 
147.8763 	 0 
147.8763 	 1 
148.2362 	 1 
148.3523 	 0 
148.3639 	 1 
148.3639 	 2 
148.5729 	 1 
148.8399 	 1 
148.8399 	 2 
148.8399 	 0 
149.3159 	 0 
149.3159 	 1 
149.3159 	 2 
149.7803 	 2 
149.7803 	 0 
149.7919 	 1 
150.2563 	 0 
150.2679 	 2 
150.2679 	 1 
150.4769 	 1 
150.7323 	 0 
150.7439 	 1 
150.7439 	 2 
151.2083 	 0 
151.2083 	 1 
151.2083 	 2 
151.6960 	 0 
151.6960 	 2 
151.6960 	 1 
152.1720 	 1 
152.1720 	 2 
152.1720 	 0 
152.2997 	 1 
152.6480 	 2 
152.6480 	 0 
152.6480 	 1 
153.1240 	 0 
153.1240 	 1 
153.1240 	 2 
153.5884 	 2 
153.6000 	 1 
153.6000 	 0 
154.0760 	 1 
154.0760 	 2 
154.0760 	 0 
154.2966 	 1 
154.5520 	 2 
154.5520 	 0 
154.5520 	 1 
155.0280 	 2 
155.0280 	 0 
155.0280 	 1 
155.4924 	 2 
155.5040 	 0 
155.5040 	 1 
155.8523 	 2 
155.8523 	 1 
155.9800 	 2 
155.9800 	 0 
155.9800 	 1 
156.1890 	 1 
156.4561 	 0 
156.4561 	 1 
156.4561 	 2 
156.9321 	 1 
156.9321 	 0 
156.9321 	 2 
157.3965 	 2 
157.4081 	 1 
157.4081 	 0 
157.8841 	 0 
157.8841 	 1 
157.8841 	 2 
158.3601 	 0 
158.3601 	 2 
158.3601 	 1 
158.8361 	 1 
158.8361 	 0 
158.8361 	 2 
159.3121 	 2 
159.3121 	 1 
159.3121 	 0 
159.6488 	 2 
159.6604 	 1 
159.7881 	 1 
159.7881 	 0 
159.7881 	 2 
159.9971 	 1 
160.0087 	 0 
160.2641 	 1 
160.2641 	 0 
160.2641 	 2 
160.7401 	 1 
160.7401 	 0 
160.7401 	 2 
161.2161 	 0 
161.2161 	 1 
161.2161 	 2 
161.6922 	 2 
161.6922 	 0 
161.6922 	 1 
161.9127 	 1 
162.1682 	 2 
162.1682 	 0 
162.1682 	 1 
162.2843 	 2 
162.5397 	 1 
162.6442 	 2 
162.6442 	 0 
162.6442 	 1 
163.1086 	 2 
163.1202 	 0 
163.1202 	 1 
163.4685 	 2 
163.4801 	 1 
163.5962 	 2 
163.5962 	 0 
163.6078 	 1 
163.8284 	 1 
165.9762 	 2 
165.9762 	 1 
165.9762 	 0 
166.4522 	 2 
166.4522 	 1 
166.4522 	 0 
166.9283 	 0 
166.9283 	 1 
166.9283 	 2 
167.2882 	 0 
167.2882 	 1 
167.2882 	 2 
167.6481 	 0 
167.6481 	 2 
167.6481 	 1 
167.8803 	 1 
167.8803 	 2 
167.8919 	 0 
167.9964 	 1 
168.2402 	 1 
168.3563 	 0 
168.3563 	 1 
168.3563 	 2 
168.4840 	 1 
168.7162 	 1 
168.8323 	 2 
168.8323 	 0 
168.8323 	 1 
169.1806 	 2 
169.1806 	 0 
169.1922 	 1 
169.3083 	 0 
169.3083 	 1 
169.3083 	 2 
169.6566 	 1 
169.7843 	 0 
169.7843 	 2 
169.7843 	 1 
169.9004 	 1 
170.1442 	 1 
170.2603 	 0 
170.2603 	 1 
170.2603 	 2 
170.6202 	 1 
170.7363 	 1 
170.7363 	 2 
170.7363 	 0 
170.9685 	 2 
171.0846 	 0 
171.0846 	 2 
171.0846 	 1 
171.2123 	 2 
171.2123 	 1 
171.2239 	 0 
171.4445 	 1 
171.4445 	 2 
171.5606 	 1 
171.5722 	 2 
171.6883 	 0 
171.6883 	 2 
171.6883 	 1 
171.8044 	 2 
171.8161 	 1 
171.9205 	 2 
171.9322 	 1 
172.0483 	 1 
172.1644 	 2 
172.1644 	 0 
172.1644 	 1 
172.2921 	 1 
172.5243 	 1 
172.6404 	 2 
172.6404 	 1 
172.6404 	 0 
172.8842 	 2 
172.9887 	 0 
172.9887 	 2 
173.1164 	 0 
173.1164 	 2 
173.1280 	 1 
173.3486 	 1 
173.4647 	 1 
173.5924 	 0 
173.5924 	 2 
173.5924 	 1 
173.7085 	 2 
173.7085 	 1 
173.8246 	 2 
173.8362 	 1 
173.9407 	 1 
174.0684 	 1 
174.0684 	 2 
174.0800 	 0 
174.4167 	 1 
174.5444 	 0 
174.5444 	 1 
174.5444 	 2 
174.6605 	 2 
174.7882 	 2 
174.8927 	 2 
174.9043 	 0 
174.9043 	 1 
175.0204 	 2 
175.0320 	 0 
175.0320 	 1 
175.1365 	 2 
175.2642 	 2 
175.2642 	 1 
175.2758 	 0 
175.3803 	 2 
175.3803 	 1 
175.4964 	 0 
175.4964 	 2 
175.4964 	 1 
175.6125 	 2 
175.7286 	 2 
175.8563 	 1 
175.9724 	 0 
175.9724 	 1 
175.9840 	 2 
176.1001 	 1 
176.1001 	 2 
176.3207 	 0 
176.3323 	 1 
176.4484 	 1 
176.4484 	 2 
176.4484 	 0 
176.5761 	 2 
176.6922 	 0 
176.6922 	 2 
176.7967 	 1 
176.8083 	 0 
176.8083 	 2 
176.9244 	 1 
176.9244 	 0 
176.9361 	 2 
177.0522 	 2 
177.1566 	 1 
177.1683 	 0 
177.1683 	 2 
177.2727 	 1 
177.4005 	 2 
177.4005 	 0 
177.4005 	 1 
177.5166 	 2 
177.6327 	 2 
177.7488 	 2 
177.7604 	 1 
177.8765 	 2 
177.8765 	 0 
177.8765 	 1 
178.0042 	 2 
178.1203 	 1 
178.2364 	 1 
178.3641 	 1 
178.3641 	 0 
178.3641 	 2 
178.4802 	 2 
178.4802 	 1 
178.5963 	 2 
178.5963 	 1 
178.7008 	 2 
178.7124 	 1 
178.7124 	 0 
178.8401 	 2 
178.8401 	 0 
178.8401 	 1 
178.9446 	 1 
179.0723 	 2 
179.0723 	 1 
179.1768 	 2 
179.2000 	 1 
179.3045 	 1 
179.3161 	 0 
179.3161 	 2 
179.4322 	 2 
179.5367 	 2 
179.5483 	 1 
179.6644 	 1 
179.7805 	 1 
179.7921 	 0 
179.7921 	 2 
179.9082 	 2 
179.9198 	 1 
180.0243 	 1 
180.0243 	 0 
180.1404 	 1 
180.1404 	 0 
180.2565 	 0 
180.2565 	 1 
180.2681 	 2 
180.3842 	 2 
180.3842 	 1 
180.5003 	 2 
180.5003 	 1 
180.6164 	 0 
180.6164 	 1 
180.6164 	 2 
180.7325 	 0 
180.7325 	 1 
180.7441 	 2 
180.8486 	 1 
180.8602 	 2 
180.8718 	 1 
180.9647 	 2 
180.9763 	 1 
181.0808 	 2 
181.0808 	 1 
181.2201 	 2 
181.2201 	 0 
181.2201 	 1 
181.3362 	 1 
181.4523 	 1 
181.5568 	 1 
181.5800 	 1 
181.6961 	 1 
181.6961 	 0 
181.6961 	 2 
181.8239 	 1 
181.9283 	 1 
182.0561 	 1 
182.1605 	 1 
182.1722 	 2 
182.1722 	 0 
182.2883 	 1 
182.4044 	 1 
182.4044 	 2 
182.5205 	 2 
182.5321 	 1 
182.6482 	 1 
182.6482 	 2 
182.6482 	 0 
182.7759 	 1 
182.8339 	 1 
182.8804 	 0 
182.8804 	 1 
182.8920 	 2 
183.0081 	 1 
183.1126 	 0 
183.1126 	 1 
183.2403 	 1 
183.3564 	 1 
183.4841 	 1 
183.6002 	 1 
183.7163 	 1 
183.8440 	 1 
183.8440 	 2 
183.9485 	 1 
184.0762 	 1 
184.1923 	 1 
184.3084 	 1 
184.4245 	 1 
184.5522 	 1 
184.6683 	 1 
184.7844 	 1 
184.9005 	 1 
185.0166 	 1 
185.1443 	 1 
185.2604 	 1 
185.3765 	 1 
185.5042 	 1 
185.6203 	 1 
185.7480 	 1 
185.7596 	 2 
185.8525 	 1 
185.9802 	 1 
186.0963 	 1 
186.1079 	 0 
186.2124 	 1 
186.2240 	 2 
186.3401 	 1 
186.5723 	 1 
186.7000 	 1 
186.8161 	 1 
186.9439 	 1 
187.0019 	 1 
187.0483 	 1 
187.1644 	 1 
187.2805 	 1 
187.4083 	 1 
187.5360 	 1 
187.6405 	 1 
187.7682 	 1 
187.8843 	 1 
188.0004 	 1 
188.1165 	 1 
188.2442 	 1 
188.3603 	 1 
188.4880 	 2 
188.4880 	 1 
188.5925 	 1 
188.6041 	 2 
188.7202 	 2 
188.7202 	 1 
188.8247 	 1 
188.8363 	 0 
188.9408 	 1 
188.9524 	 0 
189.0801 	 1 
189.1962 	 0 
189.1962 	 1 
189.3123 	 1 
189.4400 	 1 
189.5561 	 1 
189.6722 	 1 
189.7999 	 1 
189.9160 	 1 
190.0321 	 1 
190.1482 	 1 
190.2527 	 1 
190.2759 	 1 
190.3920 	 1 
190.4965 	 1 
190.5197 	 0 
190.6126 	 1 
190.7519 	 1 
190.8680 	 1 
190.9841 	 1 
191.0886 	 1 
191.1118 	 1 
191.2279 	 1 
191.3440 	 1 
191.4601 	 1 
191.4717 	 2 
191.5646 	 1 
191.6923 	 1 
191.8084 	 1 
192.2961 	 1 
192.6560 	 1 
192.7605 	 1 
192.8882 	 1 
193.0159 	 1 
193.1204 	 1 
193.2365 	 1 
193.3642 	 1 
193.4803 	 1 
193.5964 	 1 
193.7241 	 1 
193.7937 	 1 
193.8286 	 1 
193.9679 	 1 
194.4439 	 1 
194.5600 	 1 
194.6180 	 1 
194.6645 	 1 
194.7806 	 1 
194.9199 	 1 
195.0244 	 1 
195.1521 	 1 
195.3843 	 1 
195.5004 	 1 
195.6165 	 1 
195.7326 	 2 
195.7442 	 1 
195.8603 	 1 
195.9764 	 1 
196.1041 	 1 
196.2202 	 1 
196.3363 	 1 
196.4640 	 1 
196.5685 	 1 
196.6962 	 1 
196.8123 	 1 
196.9284 	 1 
197.0445 	 1 
197.1606 	 1 
197.3000 	 1 
197.5205 	 1 
197.6366 	 1 
197.7644 	 1 
197.8921 	 1 
198.1243 	 1 
198.2520 	 1 
198.4958 	 1 
