11.6100 	 0 
13.1773 	 2 
13.1773 	 1 
13.3631 	 2 
13.5721 	 2 
13.5721 	 1 
13.7810 	 2 
13.9784 	 2 
13.9784 	 1 
14.1758 	 2 
14.3848 	 1 
14.3848 	 2 
14.5821 	 2 
14.7795 	 2 
14.7795 	 1 
14.9769 	 2 
15.1742 	 1 
15.1859 	 2 
15.3832 	 2 
15.5806 	 2 
15.5806 	 1 
15.7780 	 2 
15.9753 	 2 
15.9753 	 1 
16.1727 	 2 
16.3817 	 2 
16.3817 	 1 
16.5790 	 2 
16.7764 	 2 
16.7764 	 1 
16.9738 	 2 
17.1828 	 1 
17.1828 	 2 
17.3801 	 2 
17.5775 	 1 
17.5775 	 2 
17.7749 	 2 
17.9722 	 1 
18.1812 	 2 
18.3786 	 2 
18.3786 	 1 
18.5760 	 2 
18.7733 	 2 
18.7733 	 1 
18.9823 	 2 
19.1797 	 2 
19.1797 	 1 
19.3771 	 2 
19.5744 	 1 
19.5860 	 0 
19.7718 	 2 
19.9808 	 1 
20.1781 	 2 
20.3755 	 1 
20.3755 	 0 
20.3871 	 2 
20.5729 	 2 
20.7819 	 1 
20.7819 	 2 
20.9792 	 2 
21.1766 	 0 
21.1766 	 1 
21.1882 	 2 
21.3740 	 2 
21.5829 	 1 
21.5829 	 2 
21.7803 	 2 
21.9777 	 0 
21.9777 	 1 
21.9893 	 2 
22.1751 	 2 
22.3840 	 1 
22.3840 	 2 
22.5698 	 2 
22.7788 	 1 
22.7904 	 2 
22.9761 	 2 
23.1735 	 2 
23.1735 	 1 
23.3709 	 2 
23.5683 	 0 
23.5799 	 1 
23.5915 	 2 
23.7772 	 2 
23.9746 	 1 
24.1720 	 2 
24.3693 	 0 
24.3693 	 2 
24.3810 	 1 
24.5783 	 1 
24.5899 	 2 
24.7757 	 2 
24.7873 	 1 
24.9731 	 1 
25.1820 	 0 
25.1937 	 1 
25.3794 	 1 
25.5768 	 1 
25.9715 	 1 
25.9831 	 2 
26.0063 	 0 
26.0528 	 2 
26.1224 	 2 
26.1805 	 2 
26.3663 	 2 
26.3779 	 1 
26.5752 	 2 
26.7842 	 1 
26.9816 	 2 
27.1790 	 1 
27.2022 	 0 
27.3763 	 2 
27.5737 	 1 
27.7711 	 2 
27.9800 	 2 
27.9800 	 0 
27.9800 	 1 
28.1774 	 2 
28.3748 	 1 
28.5838 	 2 
28.7811 	 2 
28.7811 	 1 
28.9785 	 2 
29.1759 	 2 
29.1875 	 1 
29.1991 	 0 
29.3732 	 2 
29.5706 	 2 
29.5822 	 1 
29.7912 	 2 
29.8028 	 0 
29.9770 	 1 
29.9886 	 2 
30.1743 	 2 
30.3717 	 2 
30.3833 	 0 
30.3833 	 1 
30.5807 	 2 
30.7780 	 1 
30.7780 	 2 
30.9754 	 2 
31.1844 	 2 
31.1844 	 1 
31.1844 	 0 
31.3702 	 2 
31.5791 	 1 
31.5791 	 2 
31.7765 	 2 
31.9739 	 2 
31.9739 	 1 
32.1712 	 1 
32.1712 	 2 
32.3802 	 1 
32.3802 	 0 
32.3918 	 2 
32.4383 	 2 
32.5892 	 2 
32.7750 	 1 
32.7750 	 2 
32.9839 	 2 
33.1813 	 1 
33.1929 	 2 
33.3671 	 0 
33.3787 	 2 
33.5761 	 1 
33.5761 	 0 
33.5877 	 2 
33.7734 	 2 
33.9824 	 2 
33.9824 	 1 
34.3655 	 2 
34.3771 	 1 
34.3771 	 0 
34.3888 	 2 
34.5745 	 2 
34.7719 	 2 
34.7719 	 1 
34.9693 	 2 
34.9809 	 0 
35.1782 	 1 
35.1782 	 2 
35.3756 	 2 
35.5730 	 2 
35.5846 	 1 
35.7703 	 2 
35.9793 	 1 
36.1883 	 2 
36.2115 	 0 
36.3857 	 1 
36.3857 	 2 
36.5714 	 2 
36.7688 	 2 
36.7804 	 0 
36.7804 	 1 
36.9778 	 2 
37.1751 	 1 
37.1751 	 2 
37.3725 	 2 
37.3841 	 1 
37.5699 	 2 
37.5815 	 0 
37.5815 	 1 
37.7789 	 1 
37.7789 	 2 
37.9762 	 1 
38.0807 	 1 
38.1736 	 1 
38.3710 	 1 
38.3942 	 2 
38.5800 	 1 
38.7773 	 1 
38.7889 	 2 
39.3694 	 1 
39.3694 	 2 
39.9732 	 1 
40.1705 	 2 
40.5769 	 1 
40.7742 	 1 
40.9832 	 2 
41.9817 	 1 
42.1790 	 2 
42.5738 	 1 
43.1775 	 1 
43.3749 	 2 
43.7812 	 1 
43.9786 	 1 
44.1876 	 2 
45.1744 	 1 
45.1860 	 0 
45.7781 	 1 
46.3702 	 1 
46.9740 	 1 
47.1713 	 1 
47.5893 	 0 
48.3788 	 1 
48.9709 	 1 
49.1915 	 0 
49.5746 	 1 
49.9810 	 0 
50.1783 	 1 
50.1899 	 0 
50.3757 	 1 
50.7704 	 1 
50.9214 	 0 
51.3858 	 2 
51.5831 	 0 
51.5947 	 2 
52.3726 	 1 
52.7790 	 0 
53.3827 	 0 
53.5800 	 0 
53.9748 	 2 
53.9748 	 0 
53.9748 	 1 
54.3695 	 2 
54.3811 	 1 
54.3927 	 2 
54.7759 	 0 
55.5770 	 1 
55.9717 	 0 
56.5870 	 0 
56.7844 	 0 
57.1791 	 1 
57.1791 	 0 
57.5739 	 2 
57.5739 	 1 
57.7712 	 1 
57.7712 	 2 
57.7945 	 2 
57.9802 	 0 
58.7813 	 1 
59.1761 	 0 
59.7798 	 0 
59.9771 	 0 
60.3719 	 2 
60.3835 	 1 
60.3951 	 2 
60.7782 	 1 
60.7782 	 2 
61.1846 	 0 
61.9741 	 1 
62.3804 	 0 
62.9841 	 0 
63.1815 	 0 
63.5762 	 2 
63.5762 	 0 
63.5878 	 1 
63.9710 	 2 
63.9710 	 1 
64.1800 	 2 
64.1800 	 1 
64.3773 	 0 
64.3889 	 2 
64.5747 	 2 
64.7837 	 2 
64.9694 	 2 
65.1784 	 1 
65.1784 	 2 
65.3758 	 2 
65.5732 	 0 
65.5848 	 2 
65.7821 	 2 
65.9795 	 2 
66.1769 	 0 
66.1885 	 2 
66.3742 	 0 
66.3859 	 2 
66.5832 	 2 
66.7806 	 1 
66.7922 	 2 
66.9780 	 2 
67.1753 	 2 
67.1753 	 1 
67.3843 	 2 
67.5701 	 2 
67.5817 	 0 
67.5933 	 2 
67.7907 	 2 
67.9764 	 2 
68.1854 	 2 
68.3712 	 1 
68.3828 	 2 
68.7775 	 0 
68.7891 	 2 
69.3812 	 0 
69.3928 	 2 
69.5786 	 0 
69.9849 	 1 
70.3797 	 1 
70.5771 	 1 
70.7744 	 2 
70.7744 	 0 
71.1808 	 2 
71.5755 	 1 
71.7845 	 2 
71.9702 	 2 
71.9819 	 0 
72.1908 	 2 
72.5740 	 2 
72.5856 	 0 
72.7829 	 0 
72.9803 	 2 
73.1777 	 0 
73.1777 	 1 
73.5840 	 1 
73.7814 	 2 
73.9788 	 0 
74.3851 	 2 
74.7799 	 2 
74.7799 	 1 
75.1746 	 0 
75.3836 	 2 
75.7783 	 0 
75.7899 	 2 
75.9757 	 0 
76.3820 	 1 
77.1831 	 1 
77.1947 	 0 
77.2528 	 2 
77.3224 	 2 
77.5663 	 2 
77.5779 	 1 
77.7752 	 2 
77.9726 	 1 
78.1816 	 2 
78.3673 	 2 
78.3790 	 0 
78.3790 	 1 
78.5763 	 2 
78.7737 	 2 
78.7737 	 1 
78.9711 	 2 
79.1684 	 2 
79.1684 	 0 
79.1800 	 1 
79.3774 	 2 
79.5748 	 1 
79.5864 	 2 
79.7722 	 2 
79.9695 	 1 
79.9811 	 2 
80.1785 	 2 
80.3759 	 1 
80.3759 	 2 
80.3759 	 0 
80.5732 	 2 
80.7706 	 2 
80.7822 	 1 
80.9796 	 2 
80.9796 	 0 
81.1770 	 2 
81.1886 	 1 
81.3743 	 2 
81.5717 	 2 
81.5717 	 1 
81.5833 	 0 
81.6530 	 2 
81.7807 	 2 
81.9780 	 1 
81.9780 	 2 
82.1754 	 2 
82.3728 	 2 
82.3844 	 0 
82.3844 	 1 
82.4657 	 2 
82.5702 	 2 
82.7791 	 2 
82.7791 	 1 
82.9765 	 2 
83.1739 	 1 
83.1739 	 2 
83.3712 	 1 
83.3829 	 2 
83.5686 	 1 
83.5802 	 0 
83.5802 	 2 
83.7776 	 2 
83.9750 	 1 
83.9866 	 2 
84.1723 	 2 
84.3813 	 2 
84.3813 	 1 
84.5787 	 2 
84.7761 	 1 
84.7761 	 0 
84.7877 	 2 
84.9734 	 2 
85.1708 	 1 
85.1824 	 2 
85.3682 	 2 
85.5655 	 0 
85.5771 	 1 
85.5771 	 2 
85.7745 	 2 
85.9719 	 1 
85.9835 	 2 
86.1693 	 2 
86.3666 	 1 
86.3782 	 2 
86.5756 	 2 
86.7730 	 1 
86.7730 	 2 
86.7846 	 0 
86.9007 	 1 
86.9820 	 2 
87.1677 	 2 
87.1793 	 1 
87.3883 	 0 
87.3883 	 2 
87.4696 	 1 
87.5741 	 2 
87.5741 	 1 
87.7714 	 2 
87.9688 	 2 
87.9804 	 0 
87.9804 	 1 
88.1778 	 2 
88.3751 	 1 
88.3751 	 2 
88.5725 	 1 
88.5841 	 2 
88.7699 	 2 
88.7815 	 1 
88.7815 	 0 
88.9789 	 2 
88.9905 	 1 
89.5710 	 1 
89.9889 	 0 
90.0005 	 2 
91.1848 	 0 
91.7885 	 0 
91.9859 	 0 
93.1817 	 0 
94.3775 	 0 
94.9812 	 0 
95.1786 	 0 
96.3860 	 0 
97.5819 	 0 
98.1856 	 0 
98.3829 	 0 
99.5904 	 0 
100.7862 	 0 
101.3783 	 0 
101.5757 	 0 
102.7715 	 1 
102.7831 	 0 
102.8063 	 2 
102.9805 	 2 
103.5726 	 1 
103.5726 	 2 
103.7816 	 2 
103.9790 	 0 
104.5711 	 2 
104.5827 	 0 
104.7800 	 0 
105.1748 	 0 
105.1864 	 2 
105.1864 	 1 
105.3722 	 2 
105.5695 	 2 
105.5811 	 1 
105.5927 	 2 
105.9759 	 0 
106.7770 	 2 
106.7770 	 1 
106.9859 	 2 
107.1833 	 0 
107.7870 	 0 
107.7870 	 2 
107.9844 	 0 
108.3791 	 1 
108.3791 	 0 
108.3907 	 2 
108.5881 	 2 
108.7739 	 2 
108.7739 	 1 
108.9712 	 1 
109.1802 	 0 
109.1802 	 1 
109.5866 	 2 
109.7839 	 1 
109.9813 	 1 
110.3877 	 0 
110.3877 	 1 
110.5734 	 2 
110.7708 	 2 
110.9798 	 1 
110.9798 	 0 
110.9914 	 2 
111.1771 	 2 
111.1888 	 1 
111.1888 	 0 
111.3745 	 2 
111.5719 	 1 
111.5719 	 2 
111.9782 	 1 
111.9898 	 2 
112.1872 	 2 
112.3846 	 0 
112.3846 	 1 
112.5703 	 2 
112.7793 	 2 
112.9767 	 1 
113.1741 	 1 
113.5804 	 0 
113.5804 	 1 
113.9751 	 2 
114.1725 	 2 
114.1841 	 0 
114.1841 	 1 
114.3815 	 0 
114.3815 	 1 
114.7762 	 1 
114.7762 	 2 
114.9852 	 2 
115.1710 	 1 
115.1710 	 2 
115.1942 	 2 
115.3683 	 2 
115.3800 	 1 
115.6005 	 0 
115.6005 	 2 
115.8676 	 2 
116.2043 	 0 
116.7964 	 0 
116.9705 	 2 
117.3885 	 2 
117.5742 	 2 
117.7832 	 2 
118.3985 	 0 
118.5843 	 2 
118.9790 	 2 
119.1764 	 2 
119.3970 	 0 
119.7917 	 2 
120.0007 	 0 
120.1865 	 2 
120.5928 	 2 
120.9760 	 2 
121.1849 	 1 
121.6029 	 0 
122.3808 	 2 
122.6014 	 0 
123.1935 	 0 
123.3792 	 2 
123.7856 	 2 
124.8073 	 0 
125.1788 	 2 
125.3761 	 2 
125.5851 	 2 
125.7941 	 0 
126.3862 	 0 
126.7810 	 2 
126.9783 	 2 
127.1873 	 2 
127.3847 	 2 
128.3715 	 2 
128.3831 	 1 
128.5689 	 2 
128.7779 	 2 
128.7779 	 1 
128.9752 	 2 
129.1726 	 2 
129.1726 	 1 
129.3816 	 2 
129.5790 	 2 
129.5790 	 1 
129.7763 	 2 
129.9737 	 1 
129.9737 	 2 
130.1827 	 2 
130.3800 	 1 
130.3800 	 2 
130.5774 	 2 
130.7748 	 1 
130.7864 	 2 
130.9838 	 2 
131.1811 	 2 
131.1811 	 1 
131.3785 	 2 
131.5759 	 2 
131.5759 	 1 
131.7732 	 2 
131.9822 	 1 
131.9822 	 2 
132.1796 	 2 
132.3770 	 2 
132.3770 	 1 
132.5743 	 2 
132.7833 	 1 
132.7833 	 2 
132.9807 	 2 
133.1780 	 2 
133.1780 	 1 
133.3754 	 2 
133.5728 	 1 
133.5728 	 2 
133.7818 	 2 
133.9791 	 1 
133.9791 	 2 
134.1765 	 2 
134.3739 	 1 
134.3739 	 2 
134.5829 	 2 
134.7686 	 0 
134.7802 	 1 
134.7802 	 2 
134.9776 	 2 
135.1750 	 1 
135.1750 	 2 
135.3839 	 2 
135.5697 	 0 
135.5813 	 1 
135.5929 	 2 
135.7787 	 2 
135.9761 	 1 
135.9761 	 2 
136.1734 	 2 
136.3708 	 0 
136.3824 	 2 
136.3824 	 1 
136.5798 	 2 
136.7771 	 2 
136.7771 	 1 
136.9745 	 2 
137.1719 	 1 
137.1835 	 2 
137.3693 	 2 
137.5782 	 2 
137.5782 	 1 
137.7756 	 2 
137.9730 	 1 
137.9846 	 2 
138.1703 	 2 
138.3793 	 2 
138.3793 	 1 
138.5767 	 2 
138.7741 	 1 
138.7741 	 0 
138.7741 	 2 
138.9714 	 2 
139.1688 	 2 
139.1804 	 1 
139.3197 	 1 
139.3778 	 2 
139.5751 	 2 
139.5751 	 1 
139.5751 	 0 
139.7841 	 1 
139.7957 	 2 
139.9699 	 2 
139.9815 	 1 
140.1789 	 2 
140.1789 	 1 
140.3762 	 1 
140.3762 	 2 
140.3878 	 0 
140.4807 	 1 
140.5039 	 2 
140.5852 	 1 
140.7710 	 2 
140.7826 	 1 
141.1773 	 2 
141.1773 	 1 
141.3747 	 2 
141.5721 	 2 
141.5837 	 1 
141.7810 	 2 
141.9784 	 2 
141.9784 	 1 
142.1758 	 2 
142.3732 	 2 
142.3732 	 1 
142.5821 	 2 
142.7795 	 1 
142.7795 	 2 
142.9769 	 2 
143.1742 	 2 
143.1859 	 1 
143.3716 	 2 
143.5806 	 2 
143.5806 	 1 
143.7780 	 2 
143.9753 	 2 
143.9753 	 1 
144.1843 	 2 
144.3817 	 2 
144.3817 	 1 
144.5790 	 2 
144.7764 	 1 
144.7764 	 2 
144.9738 	 2 
145.1712 	 1 
145.1828 	 2 
145.3685 	 2 
145.5775 	 2 
145.5775 	 1 
145.7749 	 2 
145.9722 	 1 
145.9839 	 2 
146.1812 	 2 
146.3786 	 1 
146.3786 	 2 
146.5876 	 2 
146.7733 	 2 
146.7733 	 1 
146.9823 	 2 
147.1797 	 1 
147.1797 	 2 
147.3771 	 2 
147.5744 	 2 
147.5744 	 1 
147.7718 	 2 
147.9692 	 2 
147.9692 	 1 
148.1781 	 2 
148.3755 	 1 
148.3871 	 2 
148.5845 	 2 
148.7702 	 1 
148.7702 	 2 
148.9792 	 2 
149.1766 	 1 
149.1766 	 0 
149.1882 	 2 
149.3856 	 2 
149.5713 	 2 
149.5713 	 1 
149.7803 	 2 
149.9777 	 0 
149.9777 	 1 
149.9893 	 2 
150.1867 	 2 
150.3724 	 1 
150.3840 	 2 
150.5698 	 2 
150.7788 	 1 
150.7904 	 2 
150.9761 	 2 
151.1735 	 1 
151.1851 	 2 
151.3709 	 2 
151.5683 	 0 
151.5799 	 1 
151.5915 	 2 
151.7772 	 2 
151.9746 	 2 
151.9746 	 1 
152.1720 	 2 
152.3693 	 0 
152.3810 	 1 
152.3926 	 2 
152.5783 	 1 
152.5783 	 2 
152.7757 	 1 
152.7873 	 2 
152.9731 	 1 
152.9731 	 2 
153.1820 	 0 
153.1937 	 1 
153.3794 	 1 
153.5768 	 1 
153.9715 	 2 
153.9831 	 1 
154.1689 	 2 
154.3779 	 1 
154.3779 	 2 
154.5636 	 1 
154.5752 	 2 
154.7726 	 2 
154.7842 	 1 
154.9816 	 2 
155.1790 	 2 
155.1790 	 1 
155.3763 	 2 
155.5737 	 1 
155.5853 	 2 
155.7711 	 2 
155.7711 	 1 
155.9800 	 1 
155.9800 	 2 
156.1774 	 2 
156.3748 	 2 
156.3748 	 1 
156.5722 	 2 
156.7811 	 1 
156.7811 	 2 
156.9785 	 2 
157.1759 	 1 
157.1759 	 2 
157.3732 	 2 
157.5706 	 2 
157.5822 	 1 
157.7680 	 1 
157.7796 	 2 
157.9770 	 2 
157.9770 	 1 
158.1743 	 2 
158.3717 	 2 
158.3717 	 1 
158.5807 	 2 
158.7780 	 2 
158.7780 	 1 
158.9754 	 2 
158.9754 	 1 
159.1728 	 2 
159.1844 	 1 
159.3818 	 2 
159.5791 	 1 
159.5791 	 2 
159.7765 	 2 
159.9739 	 1 
159.9739 	 2 
160.1829 	 2 
160.3686 	 0 
160.3686 	 1 
160.3802 	 2 
160.5892 	 2 
160.7750 	 2 
160.7750 	 1 
160.9723 	 1 
160.9723 	 2 
161.1697 	 0 
161.1697 	 1 
161.1813 	 2 
161.3787 	 2 
161.5761 	 2 
161.5761 	 1 
161.7734 	 2 
161.9708 	 0 
161.9824 	 1 
161.9824 	 2 
162.1682 	 2 
162.1798 	 1 
162.3655 	 2 
162.3771 	 1 
162.5745 	 2 
162.7719 	 1 
162.7835 	 2 
162.9809 	 0 
162.9809 	 2 
163.1666 	 1 
163.1782 	 2 
163.3756 	 2 
163.5730 	 1 
163.5846 	 2 
163.7820 	 2 
163.9677 	 2 
163.9793 	 1 
164.1767 	 2 
164.1767 	 1 
164.3741 	 2 
164.3857 	 1 
164.5714 	 0 
164.5714 	 2 
164.7688 	 2 
164.7804 	 1 
164.9778 	 2 
165.1751 	 1 
165.1751 	 0 
165.1751 	 2 
165.3725 	 1 
165.3725 	 2 
165.3841 	 0 
165.5699 	 2 
165.5815 	 1 
165.7789 	 1 
165.7789 	 2 
166.3710 	 1 
166.7889 	 2 
166.7889 	 0 
167.1721 	 2 
167.3694 	 2 
167.5784 	 2 
167.5784 	 1 
167.7758 	 2 
167.9732 	 0 
167.9732 	 2 
168.0776 	 2 
168.1821 	 2 
168.3795 	 2 
168.5769 	 2 
168.5769 	 0 
168.7742 	 0 
168.7742 	 2 
168.9832 	 2 
169.1806 	 2 
169.1806 	 1 
169.2386 	 2 
169.2851 	 2 
169.3431 	 2 
169.3896 	 2 
169.5753 	 2 
169.5753 	 1 
169.7030 	 2 
169.8424 	 2 
169.9817 	 0 
170.1790 	 2 
170.3764 	 2 
170.5738 	 2 
170.7712 	 2 
170.7828 	 1 
170.9801 	 2 
171.1775 	 2 
171.1775 	 0 
171.2356 	 2 
171.2936 	 2 
171.3400 	 2 
171.3865 	 2 
171.5722 	 2 
171.7696 	 2 
171.7812 	 0 
171.9786 	 2 
171.9786 	 0 
172.1760 	 2 
172.3733 	 2 
172.3849 	 0 
172.3849 	 1 
172.5823 	 2 
172.7797 	 2 
172.7797 	 1 
172.8377 	 2 
172.8842 	 2 
172.9306 	 2 
172.9771 	 1 
172.9887 	 2 
173.0467 	 2 
173.0932 	 2 
173.1396 	 2 
173.1860 	 0 
173.1860 	 2 
173.3834 	 2 
173.5808 	 2 
173.7781 	 2 
173.9755 	 1 
173.9755 	 2 
174.1032 	 2 
174.2425 	 2 
174.3702 	 2 
174.3819 	 0 
174.5792 	 2 
174.7766 	 2 
174.9740 	 2 
174.9856 	 0 
175.1829 	 0 
175.1829 	 2 
175.3107 	 2 
175.4500 	 2 
175.5777 	 2 
175.5777 	 1 
175.6357 	 2 
175.6822 	 2 
175.7402 	 2 
175.7867 	 2 
175.9724 	 2 
175.9840 	 1 
176.0305 	 2 
176.0885 	 2 
176.1350 	 2 
176.1814 	 2 
176.3788 	 0 
176.5761 	 2 
176.7735 	 2 
176.9709 	 2 
177.1799 	 2 
177.1799 	 1 
177.3772 	 2 
177.5746 	 2 
177.5746 	 0 
177.6327 	 2 
177.6907 	 2 
177.7488 	 2 
177.7952 	 2 
177.9810 	 2 
178.1783 	 2 
178.1783 	 0 
178.3757 	 2 
178.3757 	 0 
178.5847 	 2 
178.7704 	 2 
178.7704 	 0 
178.7820 	 1 
178.7937 	 2 
178.9794 	 2 
179.1768 	 2 
179.1768 	 1 
179.2348 	 2 
179.2813 	 2 
179.3277 	 2 
179.3741 	 1 
179.3858 	 2 
179.4438 	 2 
179.4902 	 2 
179.5367 	 2 
179.5715 	 1 
179.5831 	 0 
179.6063 	 2 
179.6644 	 2 
179.7108 	 2 
179.7689 	 2 
179.8269 	 2 
179.8734 	 2 
179.9314 	 2 
179.9779 	 2 
180.1752 	 2 
180.3726 	 2 
180.3726 	 1 
180.5816 	 2 
180.7790 	 0 
180.7906 	 2 
180.8370 	 2 
180.8834 	 2 
180.9763 	 2 
181.1853 	 2 
181.3827 	 0 
181.3827 	 2 
181.5800 	 0 
181.5917 	 2 
181.7774 	 2 
181.9748 	 2 
181.9864 	 1 
182.0328 	 2 
182.0909 	 2 
182.1373 	 2 
182.1838 	 2 
182.3695 	 2 
182.3695 	 1 
182.4972 	 1 
182.5088 	 2 
182.6482 	 2 
182.7875 	 0 
182.9732 	 2 
183.1822 	 2 
183.3796 	 2 
183.5770 	 1 
183.5770 	 2 
183.7743 	 2 
183.9717 	 2 
183.9833 	 0 
184.0298 	 2 
184.0878 	 2 
184.1459 	 2 
184.1923 	 2 
184.3897 	 2 
184.5870 	 0 
184.5870 	 2 
184.7844 	 2 
184.7844 	 0 
184.9818 	 2 
185.1791 	 1 
185.1791 	 0 
185.1907 	 2 
185.3765 	 2 
185.5739 	 1 
185.5739 	 2 
185.6319 	 2 
185.6900 	 2 
185.7364 	 2 
185.7712 	 1 
185.7829 	 2 
185.8525 	 2 
185.8990 	 2 
185.9338 	 2 
185.9802 	 1 
185.9802 	 0 
185.9918 	 2 
186.1776 	 2 
186.3750 	 2 
186.5839 	 2 
186.5839 	 1 
186.7813 	 1 
186.7813 	 2 
186.8974 	 1 
186.9090 	 2 
187.0367 	 2 
187.0367 	 1 
187.1761 	 1 
187.1877 	 2 
187.1877 	 0 
187.3850 	 2 
187.5708 	 2 
187.7798 	 1 
187.7798 	 0 
187.7914 	 2 
187.9888 	 1 
187.9888 	 0 
187.9888 	 2 
188.1165 	 2 
188.1745 	 2 
188.2442 	 2 
188.3719 	 2 
188.3719 	 1 
188.4299 	 2 
188.4880 	 2 
188.5460 	 2 
188.5925 	 2 
188.7782 	 1 
188.7782 	 2 
188.8363 	 2 
188.8827 	 2 
188.9408 	 2 
188.9872 	 2 
189.1846 	 0 
189.1846 	 2 
189.1846 	 1 
189.3820 	 2 
189.5793 	 2 
189.7767 	 1 
189.7767 	 2 
189.9741 	 1 
189.9741 	 2 
190.1714 	 2 
190.3804 	 0 
190.3804 	 1 
190.3804 	 2 
190.4965 	 2 
190.5429 	 2 
190.5894 	 2 
190.7751 	 2 
190.9841 	 2 
190.9841 	 0 
190.9841 	 1 
191.1815 	 0 
191.1815 	 1 
191.1931 	 2 
191.3789 	 2 
191.5762 	 0 
191.5762 	 1 
191.5762 	 2 
191.7736 	 2 
191.9826 	 1 
191.9826 	 2 
192.0406 	 2 
192.0871 	 2 
192.1335 	 2 
192.1800 	 1 
192.1916 	 2 
192.2496 	 2 
192.2961 	 2 
192.3889 	 0 
192.3889 	 2 
192.4470 	 2 
192.5050 	 2 
192.5747 	 2 
192.7721 	 2 
192.9694 	 2 
193.1784 	 2 
193.1784 	 1 
193.3758 	 2 
193.5732 	 2 
193.6080 	 0 
193.6776 	 2 
193.7705 	 2 
193.9795 	 2 
194.1769 	 2 
194.3742 	 2 
194.3975 	 0 
194.5716 	 2 
194.7806 	 2 
194.7806 	 1 
194.8386 	 2 
194.8851 	 2 
194.9431 	 2 
194.9896 	 2 
195.1753 	 2 
195.1753 	 1 
195.3030 	 2 
195.3959 	 2 
195.4424 	 2 
195.5933 	 0 
195.7790 	 2 
195.9764 	 2 
196.1738 	 2 
196.1854 	 0 
196.3828 	 1 
196.3944 	 2 
196.5685 	 2 
196.7775 	 2 
196.8007 	 0 
196.8239 	 2 
196.8820 	 2 
196.9400 	 2 
196.9865 	 2 
197.1722 	 2 
197.3812 	 2 
197.5786 	 0 
197.5902 	 2 
197.7760 	 2 
197.9733 	 2 
197.9849 	 1 
198.0894 	 1 
198.1591 	 1 
198.1707 	 2 
198.3797 	 2 
198.3797 	 1 
198.4261 	 2 
198.4842 	 2 
198.5306 	 2 
198.5771 	 1 
198.5887 	 2 
198.6351 	 2 
198.6932 	 2 
198.7396 	 2 
198.7860 	 2 
198.7976 	 0 
198.9718 	 2 
199.1808 	 2 
199.3781 	 2 
199.5755 	 1 
199.5755 	 2 
199.7032 	 2 
199.8425 	 2 
199.9702 	 2 
199.9935 	 0 
199.9935 	 2 
200.1792 	 2 
200.3766 	 2 
200.5740 	 2 
200.7713 	 2 
200.7946 	 0 
200.9223 	 2 
201.0384 	 2 
201.1777 	 2 
201.1777 	 0 
201.1777 	 1 
201.2357 	 2 
201.2822 	 2 
201.3402 	 2 
201.3867 	 2 
201.5724 	 2 
201.5840 	 1 
201.6305 	 2 
201.6885 	 2 
201.7350 	 2 
201.7698 	 1 
201.7814 	 2 
201.8743 	 2 
201.8743 	 1 
201.9904 	 0 
202.1761 	 2 
202.3735 	 2 
202.5709 	 2 
202.5941 	 0 
202.7683 	 0 
202.7799 	 1 
202.7799 	 2 
202.9772 	 2 
203.1746 	 2 
203.1978 	 0 
203.2327 	 2 
203.2907 	 2 
203.3488 	 2 
203.3952 	 2 
203.5693 	 2 
203.7783 	 2 
203.9757 	 1 
203.9757 	 2 
203.9989 	 0 
204.0686 	 1 
204.0686 	 2 
204.0918 	 0 
204.1731 	 2 
204.2892 	 2 
204.3704 	 2 
204.3937 	 1 
204.4285 	 2 
204.5678 	 0 
204.5910 	 2 
204.6375 	 2 
204.6723 	 1 
204.7071 	 2 
204.7768 	 2 
204.7768 	 1 
204.8348 	 2 
204.8813 	 2 
204.9277 	 2 
204.9741 	 1 
204.9858 	 2 
205.0438 	 2 
205.0902 	 2 
205.1367 	 2 
205.1831 	 1 
205.2063 	 2 
205.2063 	 0 
205.2528 	 2 
205.3108 	 2 
205.3805 	 2 
205.5779 	 2 
205.7752 	 2 
205.9726 	 1 
205.9842 	 2 
206.1816 	 2 
206.3673 	 0 
206.3906 	 0 
206.3906 	 2 
206.5763 	 2 
206.7737 	 2 
206.9711 	 2 
207.1684 	 0 
207.1684 	 2 
207.3774 	 2 
207.5748 	 2 
207.5748 	 1 
207.6328 	 2 
207.6909 	 2 
207.7373 	 2 
207.7838 	 2 
207.9695 	 1 
207.9811 	 2 
208.1205 	 2 
208.1901 	 2 
208.2482 	 2 
208.3991 	 0 
208.5732 	 2 
208.7706 	 2 
208.9680 	 2 
208.9680 	 0 
208.9796 	 1 
208.9912 	 0 
209.1770 	 1 
209.1770 	 2 
209.3743 	 2 
209.5717 	 2 
209.5949 	 0 
209.6414 	 2 
209.7342 	 2 
209.7807 	 2 
209.9780 	 2 
210.1754 	 2 
210.3728 	 2 
210.3844 	 0 
210.5818 	 2 
210.6398 	 2 
210.6863 	 2 
210.7791 	 1 
210.7791 	 2 
210.8720 	 1 
210.8836 	 2 
210.9649 	 1 
210.9765 	 2 
211.0810 	 2 
211.1739 	 2 
211.1739 	 1 
211.2319 	 2 
211.2435 	 1 
211.2900 	 2 
211.3364 	 2 
211.3712 	 1 
211.3945 	 2 
211.4525 	 2 
211.4990 	 2 
211.5338 	 2 
211.5802 	 2 
211.6383 	 2 
211.7776 	 2 
211.9750 	 2 
212.1723 	 2 
212.3697 	 0 
212.3697 	 1 
212.3929 	 2 
212.5090 	 2 
212.6367 	 2 
212.7877 	 2 
212.9734 	 2 
213.1708 	 2 
213.3798 	 2 
213.5888 	 2 
213.5888 	 0 
213.7165 	 2 
213.8442 	 2 
213.9719 	 1 
213.9719 	 2 
214.0415 	 2 
214.0880 	 2 
214.1344 	 2 
214.1925 	 2 
214.3782 	 2 
214.3782 	 1 
214.4363 	 2 
214.4827 	 2 
214.5408 	 2 
214.5640 	 1 
214.5872 	 2 
214.6685 	 1 
214.6685 	 2 
214.7846 	 2 
214.7962 	 0 
214.9007 	 0 
214.9703 	 2 
215.1677 	 2 
215.3651 	 1 
215.3767 	 2 
215.3883 	 0 
215.5741 	 2 
215.5857 	 1 
215.7714 	 0 
215.7830 	 2 
215.9688 	 2 
216.1778 	 2 
216.3751 	 2 
216.5725 	 2 
216.7699 	 2 
216.7815 	 0 
216.8744 	 1 
216.8744 	 2 
216.8860 	 0 
216.9789 	 2 
217.0717 	 2 
217.0950 	 2 
217.1762 	 1 
217.1762 	 2 
217.3736 	 2 
217.5710 	 2 
217.5710 	 1 
217.6290 	 2 
217.6871 	 2 
217.7335 	 2 
217.7800 	 1 
217.7916 	 2 
217.8496 	 2 
217.8961 	 2 
217.9425 	 2 
218.0005 	 2 
220.7753 	 2 
225.1755 	 2 
226.3713 	 2 
226.7777 	 2 
229.1693 	 2 
