30.035	0
30.128	0
33.739	0
37.419	0
41.123	0
43.886	1
44.118	1
44.536	1
44.675	1
44.756	1
44.791	2
44.803	0
45.140	2
45.708	1
45.720	2
47.020	1
47.020	2
47.102	1
47.102	2
47.206	1
47.218	2
47.554	1
47.566	2
48.506	0
49.400	1
49.412	2
51.246	1
51.258	2
52.175	1
52.175	2
52.187	0
52.524	2
53.104	2
54.404	1
54.404	2
54.486	1
54.486	2
54.602	1
54.602	2
54.938	1
54.950	2
55.890	0
56.784	1
56.796	2
58.630	1
58.642	2
59.559	1
59.559	2
59.571	0
59.907	2
60.476	1
60.488	2
61.788	1
61.788	2
61.870	1
61.870	2
61.986	1
61.986	2
62.322	1
62.334	2
63.274	0
64.168	1
64.180	2
66.014	1
66.026	2
66.943	1
66.943	2
66.955	0
67.175	2
67.860	1
67.872	2
68.325	1
68.336	2
69.172	1
69.172	2
69.254	1
69.254	2
69.370	1
69.370	2
70.635	1
70.658	0
71.576	2
73.398	1
73.410	2
74.327	1
74.327	2
74.350	0
75.244	1
75.256	2
76.556	1
76.556	2
76.637	1
76.637	2
76.754	1
76.754	2
77.090	1
77.113	2
78.042	0
78.936	1
78.959	2
80.782	1
80.805	2
81.711	1
81.711	2
81.723	0
81.827	2
82.059	2
82.628	1
82.640	2
83.940	1
83.940	2
84.021	1
84.021	2
84.138	1
84.138	2
84.474	1
84.497	2
85.426	0
86.320	1
86.343	2
88.166	1
88.189	2
89.095	1
89.095	2
89.118	0
90.012	1
90.024	2
91.324	2
91.336	1
91.405	1
91.405	2
91.521	1
91.521	2
91.858	1
91.881	2
92.810	0
93.704	1
93.727	2
95.550	1
95.573	2
96.479	1
96.479	2
96.502	0
96.595	2
97.396	1
97.408	2
98.708	2
98.720	1
98.789	1
98.789	2
98.905	1
98.905	2
99.242	1
99.265	2
100.194	0
101.088	1
101.111	2
102.934	1
102.957	2
111.572	1
115.264	1
126.340	1
130.032	1
133.422	0
137.114	0
140.806	0
141.108	1
144.509	0
144.800	1
147.273	1
147.505	1
147.923	1
148.062	1
148.143	1
148.178	2
148.190	0
148.526	2
149.095	1
149.107	2
149.119	1
149.560	2
149.583	1
150.140	2
150.256	2
150.721	2
150.941	1
150.953	2
151.870	2
151.893	0
152.323	2
152.335	0
152.509	2
152.787	1
152.799	2
154.633	1
154.645	2
155.086	1
155.550	1
155.562	2
155.574	0
156.479	2
157.791	1
157.791	2
157.872	1
157.872	2
157.977	1
157.989	2
158.325	1
158.337	2
159.254	2
159.277	0
159.707	2
159.893	2
160.171	1
160.183	2
162.017	1
162.029	2
162.946	2
162.958	0
163.875	2
163.886	1
164.792	1
164.792	2
165.709	1
165.721	2
166.638	1
166.638	2
166.661	0
167.555	1
167.567	2
168.484	1
168.484	2
169.401	1
169.413	2
170.330	1
170.330	2
170.342	0
171.259	2
171.270	1
172.176	2
172.559	1
172.559	2
172.629	1
172.640	2
172.756	1
172.756	2
173.093	1
173.105	2
174.022	1
174.022	2
174.045	0
174.939	1
174.951	2
175.868	2
176.785	1
176.797	2
177.714	2
177.726	0
178.631	2
178.654	1
179.560	1
179.560	2
180.477	1
180.489	2
181.394	1
181.406	2
181.429	0
182.335	2
183.252	1
183.252	2
184.169	1
184.181	2
185.098	1
185.098	2
185.109	0
185.411	1
186.027	2
186.038	1
186.944	1
186.944	2
187.327	1
187.327	2
187.408	1
187.408	2
187.513	1
187.524	2
187.861	1
187.873	2
188.790	1
188.790	2
188.813	0
189.103	1
189.707	1
189.719	2
190.636	2
191.553	1
191.565	2
192.482	2
192.493	0
192.946	2
193.411	2
193.422	1
193.863	2
194.328	1
194.328	2
194.792	1
194.792	2
195.245	1
195.257	2
195.709	2
196.162	1
196.174	2
196.209	0
196.638	2
197.091	1
197.091	2
197.555	1
197.555	2
198.020	2
198.473	2
198.937	1
198.949	2
199.401	2
199.866	1
199.866	2
199.877	0
200.179	1
200.795	2
200.818	1
201.712	2
201.723	1
202.095	1
202.095	2
202.176	1
202.176	2
202.281	1
202.292	2
202.629	1
202.641	2
203.581	0
203.871	1
204.487	2
206.321	1
206.344	2
207.273	0
210.965	0
214.657	0
218.349	0
