0.232	1
0.255	0
0.650	1
0.778	1
0.789	0
1.057	1
1.324	1
1.335	0
1.741	1
1.869	1
1.881	0
1.916	0
2.148	1
2.415	1
2.438	0
2.833	1
2.961	1
2.972	0
3.239	1
3.506	1
3.518	0
3.646	1
3.680	0
3.924	1
4.040	1
4.040	2
4.063	0
4.319	1
4.342	0
4.598	1
4.609	0
5.016	1
5.143	1
5.155	0
5.190	0
5.422	1
5.689	1
5.700	0
6.107	1
6.118	0
6.235	1
6.246	0
6.513	1
6.780	1
6.792	0
7.198	1
7.210	0
7.326	1
7.338	0
7.605	1
7.872	1
7.883	0
8.185	0
8.429	0
8.951	1
8.986	0
9.253	1
9.381	1
9.509	1
9.520	0
9.555	0
9.787	1
9.927	1
10.043	1
10.066	0
10.333	1
10.472	1
10.588	1
10.646	0
10.879	1
11.029	1
11.134	1
11.157	0
11.436	1
11.564	1
11.680	1
11.703	0
11.970	1
12.109	1
12.225	1
12.237	0
12.376	1
12.399	0
12.516	1
12.655	1
12.771	1
12.771	2
12.794	0
13.050	1
13.073	0
13.073	1
13.201	1
13.317	1
13.340	0
13.607	1
13.746	1
13.862	1
14.153	1
14.292	1
14.408	1
14.431	0
14.698	1
14.838	1
14.849	0
14.954	1
15.244	1
15.383	1
15.499	1
15.523	0
15.790	1
15.917	1
16.045	1
16.068	0
16.335	1
16.475	1
16.591	1
16.614	0
16.742	1
16.753	0
16.881	1
16.904	0
17.009	1
17.136	1
17.136	2
17.160	0
17.287	1
17.415	1
17.438	0
17.682	1
17.694	0
17.972	1
18.100	1
18.123	1
18.228	1
18.274	0
18.518	1
18.657	1
18.773	1
18.797	0
19.052	1
19.191	1
19.319	1
19.365	0
19.609	1
19.632	0
19.749	1
19.865	1
19.888	0
20.155	1
20.283	1
20.410	1
20.457	0
20.701	1
20.840	1
20.956	1
20.979	0
21.107	1
21.235	1
21.374	1
21.502	1
21.502	2
21.548	0
21.769	1
21.792	1
21.931	1
22.047	1
22.082	0
22.338	1
22.465	1
22.489	1
22.593	1
22.639	0
22.883	1
23.023	1
23.139	1
23.174	0
23.417	1
23.557	1
23.684	1
23.719	0
23.975	1
23.986	0
24.114	1
24.230	1
24.265	0
24.520	1
24.648	1
24.776	1
24.811	0
25.054	1
25.205	1
25.321	1
25.345	0
25.472	1
25.600	1
25.739	1
25.867	1
25.902	0
26.018	1
26.134	1
26.413	1
26.448	0
26.703	1
26.831	1
26.854	1
26.958	1
26.993	0
27.237	1
27.376	1
27.504	1
27.539	0
27.783	1
27.922	1
28.050	1
28.085	0
28.340	1
28.352	0
28.479	1
28.595	1
28.630	0
28.886	1
29.013	1
29.141	1
29.176	0
29.420	1
29.559	1
29.687	1
29.710	0
29.826	1
29.965	1
30.105	1
30.221	2
30.232	1
30.267	0
30.499	1
30.523	1
30.662	1
30.778	1
30.813	0
31.068	1
31.196	1
31.219	1
31.324	1
31.359	0
31.602	1
31.742	1
31.869	1
31.893	0
32.148	1
32.287	1
32.415	1
32.450	0
32.694	1
32.717	0
32.845	1
32.961	1
32.996	0
33.112	1
33.251	1
33.379	1
33.506	1
33.541	0
33.657	1
33.785	1
33.924	1
34.052	1
34.075	0
34.191	1
34.470	1
34.586	2
34.598	1
34.633	0
34.749	1
34.865	1
34.911	0
35.027	1
35.143	1
35.178	0
35.724	0
36.815	0
37.047	1
37.082	0
37.907	0
38.998	0
39.277	0
39.811	2
39.938	2
40.089	0
41.181	0
42.272	0
43.352	0
44.455	0
45.546	0
45.778	1
45.813	0
46.637	0
47.717	0
47.996	0
48.019	2
48.820	0
49.900	0
50.178	0
51.003	0
52.082	0
52.593	1
52.628	0
52.883	1
53.011	1
53.034	1
53.139	1
53.185	0
53.418	1
53.568	1
53.685	1
53.719	0
53.963	1
54.102	1
54.230	1
54.265	0
54.520	1
54.544	0
54.660	1
54.695	2
54.776	1
54.811	0
55.066	1
55.194	1
55.217	1
55.322	1
55.356	0
55.600	1
55.740	1
55.786	2
55.867	1
55.890	0
56.018	1
56.146	1
56.285	1
56.413	1
56.448	0
56.506	2
56.680	1
56.703	1
56.842	1
56.959	1
56.982	2
56.993	0
57.249	1
57.377	1
57.400	1
57.504	1
57.539	0
57.783	1
57.922	1
58.050	1
58.073	0
58.329	1
58.468	1
58.596	1
58.630	0
58.886	1
58.897	0
59.025	1
59.141	1
59.164	0
59.431	1
59.559	1
59.687	1
59.722	0
59.838	1
59.966	1
60.105	1
60.233	1
60.256	0
60.372	1
60.511	1
60.651	1
60.767	2
60.778	1
60.813	0
60.929	1
61.045	1
61.208	1
61.277	2
61.324	1
61.347	0
61.614	1
61.742	1
61.765	1
61.870	1
61.904	0
62.148	1
62.288	1
62.415	1
62.438	0
62.694	1
62.833	1
62.961	1
62.996	0
63.251	1
63.263	0
63.390	1
63.507	1
63.530	0
63.797	1
63.925	1
64.052	1
64.087	0
64.331	1
64.447	2
64.470	1
64.598	1
64.621	0
64.737	1
64.877	1
65.016	1
65.132	1
65.178	0
65.411	1
65.434	1
65.573	1
65.689	1
65.724	0
65.980	1
66.107	1
66.223	1
66.270	0
66.514	1
66.653	1
66.781	1
66.804	0
67.059	1
67.199	1
67.326	1
67.361	0
67.605	1
67.628	0
67.756	1
67.872	1
67.895	0
68.162	1
68.290	1
68.418	1
68.452	0
68.696	1
68.836	1
68.952	1
68.986	0
69.103	1
69.242	1
69.381	1
69.497	2
69.509	1
69.544	0
69.648	1
69.776	1
69.822	0
70.055	1
70.345	1
70.484	1
70.879	1
71.018	1
71.425	1
71.564	1
71.982	1
72.110	1
72.516	1
72.667	1
73.062	1
73.201	1
73.607	1
73.747	1
74.165	1
74.292	1
74.699	1
74.850	1
75.244	1
75.384	1
75.790	1
75.929	1
76.347	1
76.475	1
76.881	1
77.032	1
77.427	1
77.566	1
77.706	1
77.857	1
77.961	1
78.112	1
78.240	1
78.379	1
78.518	1
78.692	1
78.750	2
78.774	1
78.809	0
79.064	1
79.192	1
79.215	1
79.319	1
79.366	0
79.610	1
79.749	1
79.865	1
79.900	0
80.144	1
80.283	1
80.411	1
80.457	0
80.701	1
80.724	0
80.840	1
80.956	1
80.991	0
81.247	1
81.374	1
81.502	1
81.548	0
81.792	1
81.932	1
82.048	1
82.083	0
82.199	1
82.326	1
82.466	1
82.593	1
82.628	0
82.860	1
83.023	1
83.139	1
83.174	0
83.197	2
83.429	1
83.557	1
83.580	1
83.685	1
83.720	0
83.963	1
84.103	1
84.230	1
84.265	0
84.509	1
84.532	2
84.648	1
84.776	1
84.811	0
85.066	1
85.090	0
85.206	1
85.322	1
85.357	0
85.473	1
85.507	2
85.612	1
85.740	1
85.867	1
85.902	0
85.914	2
86.030	1
86.146	1
86.413	1
86.436	0
86.564	1
86.703	1
86.831	1
86.947	2
86.959	1
86.994	0
87.110	1
87.226	1
87.504	1
87.539	0
87.574	1
87.655	1
87.795	1
87.818	2
87.922	1
87.946	1
88.050	1
88.085	0
88.329	1
88.468	1
88.596	1
88.619	0
88.874	1
89.014	1
89.141	1
89.176	0
89.432	1
89.443	0
89.455	2
89.571	1
89.687	1
89.722	0
89.757	2
89.977	1
90.105	1
90.233	1
90.268	0
90.511	1
90.651	1
90.778	1
90.802	0
90.918	1
91.057	1
91.196	1
91.324	1
91.359	0
91.591	1
91.614	1
91.638	0
91.661	0
91.754	1
91.870	1
91.905	0
91.916	2
92.160	1
92.288	1
92.415	1
92.450	0
92.694	1
92.833	1
92.961	1
92.984	0
93.240	1
93.379	1
93.507	1
93.542	0
93.797	1
93.809	0
93.936	1
94.052	1
94.076	0
94.343	1
94.470	1
94.598	1
94.633	0
94.877	1
95.016	1
95.144	1
95.167	0
95.283	1
95.422	1
95.562	1
95.678	2
95.689	1
95.713	0
95.840	1
95.956	1
96.235	1
96.258	0
96.525	1
96.676	1
96.781	1
96.816	0
97.059	1
97.199	1
97.315	1
97.350	0
97.605	1
97.744	1
97.872	1
97.907	0
98.035	2
98.081	1
98.151	1
98.174	0
98.209	2
98.302	1
98.406	1
98.441	0
98.708	1
98.836	1
98.963	1
98.998	0
99.242	1
99.381	1
99.498	1
99.532	0
99.648	1
99.788	1
99.927	1
100.043	1
100.078	0
100.322	1
100.345	1
100.473	1
100.589	1
100.624	0
100.879	1
101.018	1
101.135	1
101.181	0
101.425	1
101.564	1
101.680	1
101.715	0
101.970	1
102.110	1
102.226	1
102.272	0
102.516	1
102.539	0
102.655	1
102.772	1
102.806	0
102.922	1
103.062	1
103.189	1
103.317	1
103.364	0
103.480	1
103.607	1
103.747	1
103.863	1
103.898	0
104.014	1
104.153	1
104.281	1
104.409	1
104.443	0
104.559	1
104.687	1
104.838	1
104.954	1
104.989	0
105.244	1
105.326	2
105.395	1
105.500	1
105.546	0
105.790	1
105.929	1
106.046	1
106.080	0
106.336	1
106.463	1
106.591	1
106.638	0
106.881	1
106.905	0
107.021	1
107.137	1
107.172	0
107.427	1
107.555	1
107.683	1
107.729	0
107.973	1
108.112	1
108.228	1
108.263	0
108.379	1
108.507	1
108.646	1
108.774	1
108.774	2
108.809	0
109.064	1
109.203	1
109.227	0
109.320	1
109.354	0
109.610	1
109.738	1
109.761	1
109.865	1
109.900	0
110.155	1
110.295	1
110.411	1
110.446	0
110.690	1
110.829	1
110.957	1
111.003	0
111.247	1
111.270	0
111.386	1
111.502	1
111.537	0
111.792	1
111.920	1
112.048	1
112.083	0
112.199	1
112.327	1
112.477	1
112.594	1
112.628	0
112.744	1
112.884	1
113.012	1
113.139	1
113.174	0
113.290	1
113.406	1
114.091	2
114.265	0
115.183	2
115.322	1
115.322	2
115.357	0
115.589	1
115.624	0
116.053	2
116.274	2
116.448	0
116.553	1
116.750	1
116.924	2
117.505	1
117.505	2
117.539	0
117.772	1
117.806	0
117.876	2
118.050	2
118.457	1
118.457	2
118.631	0
118.863	2
119.548	2
119.687	2
119.699	1
119.722	0
119.954	1
119.954	2
119.989	0
120.639	2
120.813	0
120.976	1
121.046	2
121.870	2
121.905	0
122.137	1
122.137	2
122.172	0
122.822	2
122.996	0
123.286	2
123.426	2
123.495	2
124.053	2
124.087	0
124.308	2
124.320	1
124.354	0
124.587	2
125.005	2
125.179	0
125.411	1
126.096	1
126.096	2
126.224	1
126.235	2
126.270	0
126.502	1
126.537	0
126.676	0
127.187	1
127.187	2
127.361	0
128.360	2
128.453	0
128.685	1
128.720	0
128.766	2
128.952	2
128.964	1
129.544	0
130.403	2
130.589	1
130.589	2
130.624	0
130.868	1
130.902	0
131.135	1
131.158	0
131.425	1
131.576	1
131.680	1
131.727	0
131.820	1
131.971	1
132.110	1
132.226	1
132.249	0
132.516	1
132.656	1
132.772	1
132.783	0
132.818	0
133.062	1
133.085	0
133.201	1
133.317	1
133.341	0
133.608	1
133.747	1
133.863	1
133.875	0
133.909	0
134.153	1
134.293	1
134.409	1
134.432	0
134.560	1
134.699	1
134.815	2
134.838	1
134.954	1
134.954	2
135.012	0
135.233	1
135.384	1
135.500	1
135.523	0
135.790	1
135.906	2
135.918	1
136.046	1
136.057	0
136.104	0
136.185	2
136.278	2
136.336	1
136.475	1
136.568	2
136.591	1
136.615	0
136.870	1
137.009	1
137.137	1
137.149	0
137.183	0
137.404	2
137.427	1
137.451	0
137.567	1
137.683	1
137.706	0
137.973	1
138.089	2
138.101	1
138.228	1
138.275	0
138.519	1
138.658	1
138.774	1
138.797	0
138.925	1
139.064	1
139.192	1
139.308	2
139.320	1
139.343	0
139.436	2
139.471	1
139.598	1
139.680	2
139.784	2
139.865	1
139.877	0
140.156	1
140.272	2
140.283	1
140.307	1
140.411	1
140.458	0
140.701	1
140.841	1
140.957	1
140.968	0
141.131	1
141.166	2
141.235	1
141.375	1
141.502	1
141.514	0
141.549	0
141.758	2
141.793	1
141.816	0
141.932	1
142.048	1
142.071	0
142.338	1
142.454	2
142.466	1
142.489	1
142.594	1
142.605	0
142.640	0
142.872	1
143.023	1
143.139	1
143.163	0
143.290	1
143.418	1
143.557	1
143.685	1
143.685	2
143.697	0
143.743	0
143.952	1
143.975	1
144.115	1
144.231	1
144.254	0
144.521	1
144.637	2
144.649	1
144.672	1
144.776	1
144.788	0
144.823	0
145.043	2
145.055	1
145.194	1
145.322	1
145.345	0
145.601	1
145.740	1
145.868	1
145.879	0
145.914	0
146.135	2
146.158	1
146.170	0
146.297	1
146.413	1
146.437	0
146.704	1
146.820	2
146.831	1
146.959	1
146.971	0
147.006	0
147.238	1
147.377	1
147.505	1
147.516	0
147.644	1
147.783	1
147.923	1
148.039	2
148.050	1
148.062	0
148.201	1
148.317	1
148.596	1
148.608	0
148.886	1
149.014	1
149.037	1
149.142	1
149.153	0
149.188	0
149.420	1
149.444	2
149.560	1
149.687	1
149.699	0
149.966	1
150.105	1
150.140	2
150.233	1
150.245	0
150.280	0
150.523	1
150.535	0
150.663	1
150.779	1
150.790	0
151.046	2
151.069	1
151.185	2
151.197	1
151.324	1
151.336	0
151.371	0
151.603	1
151.742	1
151.870	1
151.882	0
152.009	1
152.126	2
152.149	1
152.172	2
152.288	1
152.404	1
152.404	2
152.427	0
152.462	0
152.683	1
152.706	1
152.845	1
152.961	1
152.973	0
153.228	2
153.252	1
153.368	2
153.379	1
153.507	1
153.554	0
153.774	2
153.786	1
153.925	1
154.041	2
154.053	1
154.064	0
154.297	2
154.331	1
154.355	2
154.424	2
154.471	1
154.540	2
154.598	0
154.598	1
154.877	1
154.900	0
155.028	1
155.144	1
155.156	0
155.283	1
155.434	1
155.550	2
155.562	1
155.690	1
155.736	0
155.841	1
155.968	1
156.108	1
156.235	1
156.247	0
156.375	1
156.514	1
156.653	1
156.770	1
156.770	2
156.793	0
156.932	1
157.048	1
157.211	1
157.327	1
157.338	0
157.617	1
157.756	1
157.861	1
157.919	0
158.151	1
158.186	2
158.290	1
158.407	1
158.430	0
158.697	1
158.836	1
158.883	2
158.952	1
158.964	0
159.010	0
159.242	1
159.266	0
159.382	1
159.498	1
159.521	0
159.800	1
159.916	2
159.927	1
160.044	1
160.055	0
160.102	0
160.334	1
160.473	1
160.589	1
160.612	0
160.740	1
160.845	2
160.879	1
161.019	1
161.135	1
161.135	2
161.146	0
161.193	0
161.414	1
161.437	1
161.564	1
161.681	1
161.704	0
161.971	1
162.087	2
162.110	1
162.226	1
162.238	0
162.284	0
162.516	1
162.656	1
162.772	1
162.772	2
162.795	0
163.027	2
163.062	1
163.085	2
163.167	2
163.201	1
163.283	2
163.318	1
163.329	0
163.364	0
163.608	1
163.631	0
163.747	1
163.863	1
163.886	0
164.153	1
164.270	2
164.281	1
164.409	1
164.420	0
164.455	0
164.699	1
164.838	1
164.955	1
164.978	0
165.105	1
165.245	1
165.373	1
165.500	1
165.523	0
165.651	1
165.779	1
166.046	1
166.069	0
166.336	1
166.487	1
166.592	1
166.603	0
166.638	0
166.882	1
167.021	1
167.137	1
167.149	0
167.416	1
167.567	1
167.683	1
167.695	0
167.741	0
167.973	1
167.985	0
168.112	1
168.229	1
168.240	0
168.496	2
168.519	1
168.635	2
168.647	1
168.774	1
168.786	0
168.821	0
169.053	1
169.204	1
169.320	1
169.343	0
169.471	1
169.540	2
169.599	1
169.738	1
169.761	2
169.866	1
169.866	2
169.877	0
169.924	0
170.133	1
170.295	1
170.411	1
170.423	0
170.678	2
170.701	1
170.818	2
170.829	1
170.957	1
170.969	0
171.003	0
171.247	1
171.386	1
171.503	1
171.526	0
171.781	1
171.921	1
172.048	1
172.048	2
172.060	0
172.327	1
172.350	0
172.478	1
172.594	1
172.606	0
172.861	2
172.884	1
173.000	2
173.012	1
173.140	1
173.151	0
173.186	0
173.302	1
173.418	1
173.558	1
173.685	1
173.697	0
173.836	1
173.964	1
174.103	1
174.219	2
174.231	1
174.243	0
174.382	1
174.498	1
174.498	2
174.660	1
174.777	1
174.788	0
175.044	2
175.067	1
175.195	1
175.218	1
175.322	1
175.334	0
175.369	0
175.601	1
175.740	1
175.868	1
175.880	0
176.147	1
176.286	1
176.414	1
176.425	0
176.460	0
176.681	2
176.704	1
176.715	0
176.843	1
176.959	1
176.971	0
177.215	2
177.250	1
177.366	2
177.377	1
177.505	1
177.772	2
177.784	1
177.923	1
178.051	1
178.062	0
178.190	1
178.271	2
178.329	1
178.469	1
178.492	2
178.585	1
178.596	2
178.608	0
178.643	0
178.852	2
178.863	1
178.887	1
179.026	1
179.142	1
179.154	0
179.409	2
179.432	1
179.548	2
179.560	1
179.688	1
179.955	2
179.966	1
180.106	1
180.233	1
180.245	0
180.512	1
180.651	1
180.779	1
180.791	0
181.058	1
181.081	0
181.209	1
181.325	1
181.348	0
181.615	1
181.731	2
181.743	1
181.870	1
181.882	0
182.149	1
182.288	1
182.416	1
182.428	0
182.555	1
182.834	1
182.950	1
182.973	0
183.113	1
183.217	2
183.229	1
185.144	1
185.411	1
186.236	1
187.327	1
188.418	2
188.685	1
189.510	2
191.959	2
192.226	1
192.250	0
192.517	1
192.668	1
192.772	1
192.795	0
193.062	1
193.202	1
193.318	1
193.341	0
193.608	1
193.747	1
193.863	1
193.887	0
194.154	1
194.293	1
194.409	1
194.432	0
194.699	1
194.827	1
194.955	1
194.978	0
195.245	1
195.384	1
195.500	1
195.524	0
195.651	1
195.791	1
195.930	1
196.046	1
196.069	0
196.336	1
196.348	0
196.476	1
196.592	1
196.615	0
196.882	1
197.010	1
197.033	1
197.137	1
197.161	0
197.428	1
197.567	1
197.683	1
197.706	0
197.962	1
198.101	1
198.229	1
198.252	0
198.519	1
198.658	1
198.774	1
198.798	0
199.065	1
199.192	1
199.320	1
199.343	0
199.610	1
199.750	1
199.866	1
199.889	0
200.017	1
200.144	1
200.284	1
200.400	2
200.411	1
200.435	0
200.562	1
200.678	1
200.713	0
200.957	1
200.980	0
201.247	1
201.375	1
201.398	1
201.503	1
201.514	0
201.781	1
201.816	2
201.932	1
202.048	1
202.060	0
202.327	1
202.466	1
202.513	2
202.594	1
202.606	0
202.884	1
202.908	0
203.024	1
203.163	0
203.430	1
203.558	1
203.581	1
203.685	1
203.697	0
203.964	1
204.103	1
204.208	2
204.231	1
204.243	0
204.382	1
204.487	2
204.510	1
204.649	1
204.777	1
204.788	0
204.835	0
205.044	1
205.067	1
205.206	1
205.322	1
205.334	0
205.613	1
205.740	1
205.764	1
205.868	1
205.880	0
206.147	1
206.286	1
206.402	2
206.414	1
206.425	0
206.669	2
206.692	1
206.716	2
206.785	2
206.832	1
206.901	2
206.959	1
206.971	0
207.250	1
207.261	0
207.389	1
207.505	1
207.517	0
207.795	1
207.923	1
208.051	1
208.062	0
208.329	1
208.469	1
208.596	1
208.608	0
208.736	1
208.875	1
209.014	1
209.131	2
209.142	1
209.154	0
209.293	1
209.409	1
209.688	1
209.699	0
209.978	1
210.106	2
210.129	1
210.233	1
210.245	0
210.512	1
210.547	2
210.651	1
210.779	1
210.791	0
211.058	1
211.197	1
211.325	1
211.336	0
211.615	1
211.627	0
211.754	1
211.870	1
211.882	0
212.161	1
212.288	1
212.416	1
212.428	0
212.695	1
212.834	1
212.962	1
212.973	0
213.101	1
213.217	2
213.240	1
213.322	2
213.380	1
213.496	1
213.519	0
213.554	0
213.798	1
213.937	1
214.053	1
214.065	0
214.343	1
214.471	1
214.599	1
214.610	0
214.645	0
214.877	1
215.017	1
215.144	1
215.156	0
215.400	2
215.423	1
215.458	2
215.528	2
215.562	1
215.644	2
215.690	1
215.702	0
215.737	0
215.969	1
215.992	0
216.120	1
216.236	1
216.247	0
216.375	1
216.526	1
216.654	1
216.781	1
216.793	0
216.828	0
216.932	1
217.060	1
217.199	1
217.316	1
217.339	0
217.466	1
217.606	1
217.745	1
217.861	1
217.861	2
217.884	0
218.012	1
218.140	1
218.419	1
218.430	0
218.558	1
218.697	1
218.848	1
218.964	1
218.976	0
219.011	0
219.243	1
219.266	2
219.382	1
219.498	1
219.521	0
219.788	1
219.928	1
219.951	2
220.044	1
220.056	0
220.102	0
220.334	1
220.357	0
220.473	1
220.613	0
220.880	1
221.031	1
221.135	1
221.147	0
221.193	0
221.425	1
221.565	1
221.669	2
221.681	1
221.704	0
221.832	1
221.948	2
221.971	1
221.994	2
222.110	1
222.227	1
222.250	0
222.285	0
222.528	1
222.656	1
222.772	1
222.795	0
223.062	1
223.202	1
223.318	1
223.330	0
223.376	0
223.608	1
223.747	1
223.864	1
223.864	2
223.887	0
224.119	2
224.142	1
224.177	2
224.247	2
224.282	1
224.363	2
224.409	1
224.421	0
224.467	0
224.700	1
224.723	0
224.839	1
224.955	1
224.978	0
225.245	1
225.373	1
225.501	1
225.512	0
225.547	0
225.791	1
225.930	1
226.046	1
226.069	0
226.197	1
226.325	1
226.464	1
226.580	2
226.592	1
226.615	0
226.743	1
226.871	1
227.138	1
227.161	0
227.428	1
227.556	1
227.556	2
227.579	1
227.683	1
227.695	0
227.974	1
227.997	2
228.113	1
228.229	1
228.252	0
228.508	1
228.647	1
228.705	2
228.775	1
228.786	0
229.065	1
229.088	0
229.204	1
229.320	1
229.343	0
229.611	1
229.738	1
229.866	1
229.878	0
230.156	1
230.296	1
230.412	1
230.423	0
230.563	1
230.667	2
230.690	1
230.830	1
230.957	1
230.969	0
231.015	0
231.248	1
231.387	1
231.503	1
231.526	0
231.793	1
231.921	1
231.944	1
232.049	1
232.060	0
232.327	1
232.467	1
232.594	1
232.606	0
232.850	2
232.873	1
232.908	2
232.989	2
233.012	1
233.105	2
233.140	1
233.152	0
233.430	1
233.442	0
233.570	1
233.686	1
233.697	0
233.976	1
234.104	1
234.231	1
234.243	0
234.382	1
234.510	1
234.649	1
234.777	1
234.789	0
234.928	1
235.056	1
235.195	1
235.311	2
235.323	1
235.346	0
235.474	1
235.590	1
235.752	1
235.880	1
236.019	1
236.449	0
236.716	2
237.540	0
237.772	1
238.631	0
239.409	2
239.723	0
239.990	0
240.814	0
241.313	2
241.592	2
241.697	2
241.813	2
241.905	0
242.138	1
242.173	0
242.997	0
244.053	1
244.088	0
244.320	1
244.355	0
245.017	2
245.180	0
245.447	2
246.271	0
246.538	0
247.362	0
248.128	2
248.233	2
248.454	0
248.721	0
249.545	0
250.555	2
250.636	0
250.868	1
250.903	0
251.728	0
252.772	1
253.051	1
253.086	0
253.910	0
254.166	2
255.002	0
256.093	0
256.871	2
257.184	0
258.276	0
258.775	2
259.042	2
259.274	2
262.467	2
262.896	2
265.590	2
268.016	2
