0.221	1
0.255	0
0.464	2
0.697	1
0.731	0
0.952	2
0.964	0
1.173	1
1.207	0
1.428	0
1.428	2
1.649	1
1.683	0
1.892	2
1.916	0
2.125	1
2.159	0
2.380	2
2.601	1
2.635	0
2.856	2
2.868	0
3.077	1
3.111	0
3.332	0
3.332	2
3.553	1
3.587	0
3.808	2
3.820	0
4.029	1
4.063	0
4.284	2
4.505	1
4.540	0
4.748	2
4.772	0
4.981	1
5.016	0
5.236	0
5.236	2
5.457	1
5.492	0
5.712	2
5.724	0
5.933	1
5.968	0
6.188	2
6.409	1
6.444	0
6.664	2
6.676	0
6.896	1
6.920	0
7.140	2
7.152	0
7.361	1
7.396	0
7.616	2
7.628	0
7.848	1
7.872	0
8.092	2
8.324	1
8.348	0
8.568	2
8.580	0
8.800	1
8.824	0
9.044	2
9.056	0
9.276	1
9.300	0
9.520	2
9.532	0
9.752	1
9.776	0
9.996	2
10.228	1
10.252	0
10.484	0
10.704	1
10.728	0
10.948	2
10.960	0
11.180	1
11.204	0
11.424	2
11.656	1
11.680	0
12.132	1
12.156	0
12.376	2
12.388	0
12.608	1
12.632	0
12.852	2
12.864	0
13.084	1
13.108	0
13.340	0
13.560	1
13.584	0
13.804	2
14.036	1
14.060	0
14.280	2
14.292	0
14.512	1
14.536	0
14.768	0
14.988	1
15.012	0
15.232	2
15.244	0
15.464	1
15.488	0
15.708	2
15.940	1
15.964	0
16.196	0
16.417	1
16.440	0
16.660	2
16.672	0
16.893	1
16.916	0
17.136	2
17.148	0
17.369	1
17.392	0
17.845	1
17.868	0
18.088	2
18.100	0
18.321	1
18.344	0
18.564	2
18.576	0
18.797	1
18.820	0
19.052	0
19.273	1
19.296	0
19.516	2
19.749	1
19.772	0
19.992	2
20.004	0
20.225	1
20.248	0
20.480	0
20.480	2
20.701	1
20.724	0
20.944	2
20.956	0
21.177	1
21.200	0
21.420	2
21.653	1
21.687	0
21.908	0
21.908	2
22.129	1
22.163	0
22.384	0
22.384	2
22.605	1
22.639	0
22.848	2
22.860	0
23.081	1
23.115	0
23.336	2
23.557	1
23.591	0
23.812	0
23.812	2
24.033	1
24.067	0
24.288	0
24.288	2
24.509	1
24.543	0
24.764	0
24.764	2
24.985	1
25.020	0
25.228	2
25.461	1
25.496	0
25.716	0
25.716	2
25.937	1
25.972	0
26.192	0
26.192	2
26.413	1
26.448	0
26.668	2
26.889	1
26.924	0
27.144	2
27.365	1
27.400	0
27.620	0
27.620	2
27.841	1
27.876	0
28.096	0
28.096	2
28.317	1
28.352	0
28.572	2
28.793	1
28.828	0
29.048	2
29.269	1
29.304	0
29.524	0
29.524	2
29.745	1
29.780	0
30.000	0
30.000	2
30.221	1
30.256	0
30.476	2
30.488	0
30.697	1
30.732	0
30.952	2
31.173	1
31.208	0
31.428	0
31.428	2
31.649	1
31.684	0
31.904	2
31.916	0
32.125	1
32.160	0
32.380	0
32.380	2
32.601	1
32.636	0
32.856	2
33.077	1
33.112	0
33.332	0
33.332	2
33.553	1
33.588	0
33.808	0
33.808	2
34.029	1
34.064	0
34.284	2
34.296	0
34.505	1
34.540	0
34.760	2
34.981	1
35.016	0
35.236	2
35.248	0
35.457	1
35.492	0
35.712	0
35.712	2
35.933	1
35.968	0
36.188	2
36.200	0
36.409	1
36.444	0
36.664	2
36.897	1
36.920	0
37.140	2
37.152	0
37.373	1
37.396	0
37.616	2
37.628	0
37.837	1
37.872	0
38.092	2
38.104	0
38.325	1
38.348	0
38.568	2
38.801	1
38.824	0
39.044	2
39.056	0
39.277	1
39.300	0
39.520	2
39.532	0
39.753	1
39.776	0
39.996	0
39.996	2
40.229	1
40.252	0
40.472	2
40.705	1
40.728	0
40.948	2
40.960	0
41.181	1
41.204	0
41.424	2
41.436	0
41.657	1
41.680	0
41.900	2
41.912	0
42.133	1
42.156	0
42.376	2
42.609	1
42.632	0
42.852	2
42.864	0
43.085	1
43.108	0
43.328	2
43.340	0
43.561	1
43.584	0
43.804	2
43.816	0
43.921	1
44.037	1
44.060	0
44.280	2
44.524	1
44.756	2
45.232	2
45.476	1
45.708	2
45.941	1
45.964	0
46.184	2
46.428	1
46.440	0
46.660	2
46.684	0
46.893	1
46.916	0
47.148	0
47.369	1
47.392	0
47.613	2
47.624	0
47.845	1
47.868	0
48.089	2
48.321	1
48.344	0
48.565	2
48.599	0
48.797	1
48.832	0
49.041	2
49.168	0
49.284	1
49.296	0
49.517	2
49.633	1
49.749	1
49.772	0
49.993	2
50.225	1
50.248	0
50.469	2
50.480	0
50.701	1
50.724	0
50.956	0
51.188	1
51.200	0
51.421	2
51.653	1
51.676	0
51.897	2
52.140	1
52.152	0
52.373	2
52.407	0
52.605	1
52.640	0
52.849	2
53.081	1
53.116	0
53.325	2
53.557	1
53.580	0
53.801	2
54.044	1
54.056	0
54.277	2
54.300	0
54.509	1
54.544	0
54.753	2
54.764	0
54.996	1
55.020	0
55.229	2
55.356	1
55.461	1
55.496	0
55.705	2
55.937	1
55.960	0
56.192	2
56.216	0
56.413	1
56.459	0
56.483	0
56.657	2
56.900	1
56.924	0
57.133	2
57.144	0
57.365	1
57.388	0
57.609	2
57.853	1
57.876	0
58.085	2
58.108	0
58.317	1
58.340	0
58.561	2
58.572	0
58.805	1
58.816	0
59.037	2
59.269	1
59.304	0
59.513	2
59.757	1
59.780	0
59.989	2
60.024	0
60.221	1
60.291	0
60.465	2
60.709	1
60.720	0
61.068	1
61.173	1
61.208	0
61.417	2
61.661	1
61.684	0
61.893	2
62.125	1
62.148	0
62.380	0
62.613	1
62.636	0
62.845	2
63.077	1
63.112	0
63.321	2
63.565	1
63.588	0
63.797	2
63.832	0
64.029	1
64.064	0
64.284	2
64.319	0
64.517	1
64.540	0
64.749	2
64.981	1
65.016	0
65.469	1
65.492	0
65.712	2
65.724	0
65.933	1
65.968	0
66.177	2
66.188	0
66.421	1
66.444	0
66.664	2
66.781	1
66.885	1
66.920	0
67.140	2
67.373	1
67.396	0
67.605	2
67.640	0
67.849	1
67.872	0
68.325	1
68.348	0
68.569	2
68.801	1
68.824	0
69.045	2
69.277	1
69.300	0
69.521	2
69.532	0
69.753	1
69.776	0
69.997	2
70.008	0
70.229	1
70.252	0
70.473	2
70.705	1
70.728	0
70.949	2
71.181	1
71.204	0
71.425	2
71.448	0
71.657	1
71.692	0
71.796	0
71.901	2
71.924	0
72.133	1
72.168	0
72.504	1
72.609	1
72.632	0
72.853	2
73.085	1
73.108	0
73.329	2
73.352	0
73.561	1
73.584	0
73.805	0
74.037	1
74.060	0
74.513	1
74.536	0
74.757	2
74.989	1
75.012	0
75.233	2
75.256	0
75.465	1
75.488	0
75.593	0
75.743	0
75.952	1
75.964	0
76.185	2
76.417	1
76.440	0
76.661	2
76.893	1
76.916	0
77.160	0
77.369	1
77.392	0
77.624	0
77.857	1
77.868	0
78.089	2
78.216	1
78.321	1
78.344	0
78.809	1
78.820	0
79.041	2
79.064	0
79.273	1
79.296	0
79.389	0
79.552	0
79.761	1
79.772	0
80.225	1
80.248	0
80.469	2
80.701	1
80.724	0
80.945	2
80.968	0
81.177	1
81.200	0
81.421	2
81.432	0
81.665	1
81.676	0
81.897	2
82.129	1
82.152	0
82.373	2
82.617	1
82.628	0
82.849	2
83.081	1
83.116	0
83.209	0
83.325	2
83.348	0
83.569	1
83.592	0
83.801	2
83.929	1
84.033	1
84.056	0
84.277	2
84.521	1
84.532	0
84.753	2
84.776	0
84.985	1
85.008	0
85.229	2
85.240	0
85.473	1
85.484	0
85.705	2
85.937	1
85.972	0
86.181	2
86.425	1
86.448	0
86.657	2
86.692	0
86.889	1
86.924	0
87.017	0
87.168	0
87.377	1
87.388	0
87.609	2
87.841	1
87.876	0
88.085	2
88.329	1
88.340	0
88.793	1
88.816	0
89.037	2
89.049	0
89.281	1
89.292	0
89.513	2
89.629	1
89.745	1
89.768	0
90.233	1
90.244	0
90.465	2
90.488	0
90.697	1
90.732	0
90.941	2
91.185	1
91.208	0
91.649	1
91.684	0
91.893	2
92.137	1
92.160	0
92.369	2
92.392	0
92.601	1
92.636	0
92.857	0
93.089	1
93.112	0
93.321	2
93.553	1
93.576	0
93.797	2
94.041	1
94.064	0
94.308	0
94.505	1
94.540	0
94.761	2
94.784	0
94.993	1
95.016	0
95.225	2
95.353	1
95.457	1
95.492	0
95.945	1
95.968	0
96.189	2
96.200	0
96.409	1
96.444	0
96.665	0
96.897	1
96.920	0
97.361	1
97.396	0
97.605	2
97.849	1
97.872	0
98.093	2
98.116	0
98.325	1
98.348	0
98.592	0
98.801	1
98.824	0
99.033	2
99.056	0
99.277	1
99.300	0
99.521	2
99.753	1
99.776	0
100.020	0
100.229	1
100.252	0
100.473	0
100.705	1
100.728	0
100.949	2
101.076	1
101.181	1
101.204	0
101.657	1
101.680	0
101.901	2
101.936	0
102.133	1
102.156	0
102.377	2
102.400	0
102.609	1
103.085	1
103.108	0
103.329	2
103.561	1
103.584	0
103.805	2
103.816	0
104.037	1
104.060	0
104.281	0
104.513	1
104.536	0
104.757	2
104.989	1
105.012	0
105.233	2
105.465	1
105.488	0
105.732	0
105.941	1
105.964	0
106.069	1
106.080	0
106.185	1
106.185	2
106.220	0
106.429	1
106.440	0
106.661	1
106.661	2
106.789	1
106.893	1
106.916	0
107.369	1
107.392	0
107.613	2
107.636	0
107.845	1
107.868	0
108.100	0
108.321	1
108.344	0
108.797	1
108.820	0
109.041	2
109.285	1
109.296	0
109.517	2
109.552	0
109.749	1
109.796	0
110.016	0
110.225	1
110.248	0
110.469	2
110.701	1
110.724	0
111.177	1
111.200	0
111.444	0
111.653	1
111.676	0
112.141	1
112.152	0
112.373	2
112.501	1
112.605	1
112.628	0
113.093	1
113.104	0
113.325	2
113.348	0
113.557	1
113.604	0
113.801	2
113.836	0
114.045	1
114.056	0
114.509	1
114.544	0
114.753	2
114.997	1
115.008	0
115.229	2
115.461	1
115.484	0
115.717	0
115.949	1
115.960	0
116.181	2
116.413	1
116.436	0
116.657	2
116.901	1
116.912	0
117.156	0
117.365	1
117.400	0
117.853	1
117.876	0
118.085	2
118.097	1
118.317	1
118.352	0
118.561	2
118.805	1
118.828	0
119.037	2
119.049	0
119.269	1
119.293	0
119.513	2
119.525	0
119.757	1
119.769	0
120.001	2
120.221	1
120.256	0
120.465	2
120.709	1
120.721	0
120.941	2
120.976	0
121.173	1
121.208	0
121.417	2
121.661	1
121.661	2
121.684	0
121.893	2
122.125	1
122.160	0
122.613	1
122.636	0
122.868	0
123.077	1
123.112	0
123.333	0
123.565	1
123.588	0
123.809	2
123.925	1
124.029	1
124.064	0
124.273	2
124.517	1
124.540	0
124.749	2
124.784	0
124.981	1
125.028	0
125.225	2
125.353	0
125.411	2
125.469	1
125.492	0
125.933	1
125.968	0
126.177	2
126.421	1
126.444	0
126.665	0
126.885	1
126.920	0
127.141	2
127.373	1
127.396	0
127.605	2
127.849	1
127.872	0
128.093	2
128.325	1
128.348	0
128.569	2
128.580	0
128.801	1
128.848	0
129.033	2
129.277	1
129.300	0
129.521	2
129.649	1
129.753	1
129.776	0
130.229	1
130.252	0
130.473	2
130.705	1
130.728	0
131.181	1
131.204	0
131.425	2
131.657	1
131.680	0
131.889	2
132.133	1
132.156	0
132.377	2
132.400	0
132.609	1
132.632	0
132.841	1
132.853	2
132.865	0
132.992	0
133.085	1
133.108	0
133.329	2
133.561	1
133.584	0
133.805	2
134.049	1
134.060	0
134.281	2
134.513	1
134.536	0
134.745	2
134.769	0
134.989	1
135.012	0
135.233	2
135.245	0
135.349	1
135.465	1
135.488	0
135.709	2
135.941	1
135.964	0
136.185	2
136.417	1
136.464	0
136.661	1
136.661	2
136.696	0
136.893	1
136.916	0
137.137	1
137.137	2
137.265	1
137.369	1
137.392	0
137.845	1
137.868	0
138.089	2
138.101	0
138.321	1
138.344	0
138.565	2
138.797	1
138.820	0
139.273	1
139.297	0
139.517	2
139.749	1
139.773	0
139.993	2
140.005	0
140.225	1
140.249	0
140.388	0
140.492	0
140.632	0
140.713	1
140.945	2
141.073	1
141.177	1
141.201	0
141.653	1
141.677	0
141.920	0
142.129	1
142.153	0
142.617	1
142.629	0
142.849	2
142.942	1
143.081	1
143.105	0
143.557	1
143.581	1
143.592	0
143.801	2
143.824	0
143.929	0
144.033	1
144.068	0
144.277	2
144.300	0
144.405	0
144.521	1
144.544	0
144.985	1
145.020	0
145.229	2
145.473	1
145.496	0
145.705	2
145.937	1
145.961	0
146.193	0
146.425	1
146.437	0
146.657	2
146.669	0
146.773	1
146.889	1
146.913	0
147.133	2
147.249	1
147.377	1
147.389	0
147.632	0
147.841	1
147.876	0
148.085	2
148.108	0
148.329	1
148.352	0
148.561	2
148.573	0
148.793	1
148.828	0
149.281	1
149.537	0
149.989	2
150.233	1
150.442	2
151.185	1
151.417	2
151.545	1
151.777	1
151.917	0
152.137	1
152.160	0
152.369	2
152.497	1
152.602	1
152.625	0
152.845	2
153.089	1
153.112	0
153.333	2
153.345	0
153.554	1
153.588	0
153.797	2
153.821	0
154.041	1
154.064	0
154.273	2
154.297	0
154.506	1
154.540	0
154.749	2
154.993	1
155.016	0
155.225	2
155.260	0
155.458	1
155.504	0
155.713	2
155.736	0
155.945	1
155.968	0
156.189	2
156.410	1
156.444	0
156.653	2
156.897	1
156.920	0
157.129	2
157.153	0
157.362	1
157.396	0
157.617	0
157.617	2
157.849	1
157.872	0
158.209	1
158.314	1
158.348	0
158.557	2
158.801	1
158.824	0
159.045	2
159.068	0
159.266	1
159.300	0
159.324	0
159.544	0
159.753	1
159.985	2
160.229	1
160.253	0
160.473	2
160.705	1
160.729	0
160.938	2
160.949	0
161.181	1
161.205	0
161.437	0
161.657	1
161.681	0
161.901	2
162.133	1
162.157	0
162.609	1
162.633	0
162.853	2
162.876	0
163.085	1
163.109	0
163.318	1
163.329	2
163.445	0
163.561	1
163.585	0
163.933	1
164.037	1
164.061	0
164.281	2
164.513	1
164.537	0
164.757	2
164.769	0
164.989	1
165.013	0
165.465	1
165.489	0
165.709	2
165.721	0
165.941	1
165.965	0
166.185	2
166.429	1
166.441	0
166.661	2
166.684	0
166.893	1
167.137	2
167.160	0
167.369	1
167.393	0
167.613	2
167.845	1
167.869	0
168.321	1
168.345	0
168.565	2
168.577	0
168.797	1
168.821	0
169.041	2
169.053	0
169.273	1
169.297	0
169.645	1
169.749	1
169.773	0
169.993	2
170.225	1
170.249	0
170.469	2
170.597	0
170.701	1
170.736	0
170.969	0
171.178	1
171.212	0
171.421	2
171.654	1
171.677	0
171.897	2
172.141	1
172.153	0
172.373	2
172.397	0
172.606	1
172.629	0
172.849	2
173.082	1
173.105	0
173.325	2
173.558	1
173.581	0
173.801	2
174.034	1
174.068	0
174.277	2
174.289	0
174.510	1
174.544	0
174.753	2
174.765	0
174.997	1
175.020	0
175.229	2
175.241	0
175.357	1
175.462	1
175.496	0
175.705	2
175.949	1
175.972	0
176.181	2
176.193	0
176.414	1
176.448	0
176.669	0
176.901	1
176.924	0
177.133	2
177.145	0
177.366	1
177.400	0
177.609	2
177.853	1
177.876	0
178.097	0
178.190	1
178.318	1
178.352	0
178.561	2
178.573	0
178.805	1
178.828	0
179.037	2
179.513	2
179.757	1
179.989	2
180.465	2
180.709	1
180.941	2
181.069	1
181.220	1
181.371	1
181.418	2
181.464	1
181.557	1
181.661	1
181.894	2
182.265	1
182.613	1
182.915	2
182.973	1
183.078	1
183.113	0
183.113	1
183.113	2
183.565	1
183.589	0
183.786	2
183.809	0
183.821	1
184.030	1
184.065	0
184.285	0
184.517	1
184.541	0
184.982	1
185.017	0
185.469	1
185.493	0
185.702	2
185.829	0
185.934	1
185.992	0
186.189	2
186.212	0
186.421	1
186.445	0
186.677	0
186.781	1
186.886	1
186.921	0
187.373	1
187.397	0
187.629	0
187.838	1
187.873	0
188.325	1
188.349	0
188.569	2
188.801	1
188.825	0
189.277	1
189.301	0
189.521	0
189.649	0
189.753	1
189.800	0
189.997	2
190.032	0
190.229	1
190.253	0
190.705	1
190.729	0
191.181	1
191.205	0
191.425	2
191.437	0
191.646	1
191.681	0
191.913	0
192.134	1
192.157	0
192.505	1
192.610	1
192.633	0
192.853	2
193.086	1
193.109	0
193.353	0
193.562	1
193.585	0
193.829	0
194.038	1
194.061	0
194.281	2
194.514	1
194.537	0
194.757	2
194.990	1
195.013	0
195.257	0
195.466	1
195.489	0
195.721	0
195.942	1
195.965	0
196.185	2
196.418	1
196.441	0
196.894	1
196.917	0
197.137	2
197.370	1
197.393	0
197.613	2
197.846	1
197.869	0
198.217	1
198.322	1
198.345	0
198.798	1
198.821	0
198.995	2
199.053	0
199.274	1
199.297	0
199.529	0
199.761	1
199.773	0
200.226	1
200.249	0
200.702	1
200.725	0
200.980	0
201.178	1
201.224	0
201.445	0
201.654	1
201.677	0
202.025	1
202.130	1
202.153	0
202.617	1
202.629	0
202.861	0
203.082	1
203.105	0
203.337	0
203.569	1
203.581	0
204.034	1
204.057	0
204.521	1
204.533	0
204.777	0
204.986	1
205.021	0
205.253	0
205.462	1
205.497	0
205.938	1
205.961	0
206.414	1
206.437	0
206.681	0
206.890	1
206.913	0
207.145	0
207.377	1
207.401	0
207.737	1
207.842	1
207.877	0
208.329	1
208.353	0
208.794	1
208.829	0
209.072	0
209.281	1
209.293	0
209.746	1
209.769	0
210.233	1
210.245	0
210.489	0
210.698	1
210.721	0
211.185	1
211.209	0
211.650	1
211.685	0
212.126	1
212.161	0
212.405	0
212.602	1
212.637	0
212.741	0
212.881	0
213.078	1
213.113	0
213.554	1
213.589	0
214.042	1
214.065	0
214.297	0
214.506	1
214.529	0
214.761	0
214.994	1
215.017	0
215.458	1
215.493	0
215.946	1
215.969	0
216.201	0
216.422	1
216.445	0
216.665	0
216.898	1
216.921	0
217.258	1
217.362	1
217.397	0
217.850	1
217.873	0
218.105	0
218.314	1
218.349	0
218.569	0
218.802	1
218.825	0
219.266	1
219.301	0
219.754	1
219.777	0
220.102	0
220.230	1
220.253	0
220.485	0
220.706	1
220.729	0
221.077	1
221.182	1
221.205	0
221.658	1
221.681	0
222.134	1
222.157	0
222.389	0
222.610	1
222.633	0
223.086	1
223.109	0
223.562	1
223.585	0
223.817	0
224.038	1
224.061	0
224.293	0
224.514	1
224.537	0
224.874	1
224.990	1
225.013	0
225.466	1
226.186	0
226.418	1
226.615	2
226.673	0
227.381	1
227.869	0
228.113	0
228.333	1
228.357	0
228.693	1
228.798	1
228.821	0
229.285	1
229.297	0
229.541	0
229.750	1
229.773	0
230.005	0
230.226	1
230.249	0
230.702	1
230.725	0
231.178	1
231.201	0
231.422	1
231.433	0
231.654	1
231.689	0
231.909	0
232.130	1
232.165	0
232.501	1
232.606	1
232.641	0
233.082	1
233.105	0
233.337	0
233.558	1
233.581	0
233.813	0
234.046	1
234.057	0
234.510	1
234.533	0
234.998	1
235.009	0
235.462	1
235.485	0
235.717	0
235.938	1
236.309	1
236.414	1
236.449	0
236.890	1
236.913	0
237.157	0
237.366	1
237.389	0
237.621	0
237.854	1
237.877	0
238.097	0
238.318	1
238.341	0
238.713	1
238.794	1
238.817	0
239.270	1
239.305	0
239.758	1
239.781	0
240.118	1
240.222	1
240.257	0
240.710	1
240.733	0
240.965	0
241.174	1
241.209	0
241.429	0
241.662	1
241.685	0
241.859	2
242.126	1
242.149	0
242.474	1
242.614	1
242.637	0
242.858	1
243.078	1
243.113	0
243.345	0
243.496	0
243.566	1
243.926	1
244.030	1
244.065	0
244.518	1
244.541	0
244.773	0
244.982	1
245.017	0
245.470	1
245.493	0
245.725	0
245.818	1
245.830	2
245.934	1
245.969	0
246.422	1
246.445	0
246.700	0
246.770	0
246.886	1
246.921	0
247.258	0
247.374	1
247.385	0
247.629	0
247.652	0
247.722	2
247.734	1
247.838	1
247.873	0
248.326	1
248.349	0
248.581	0
248.790	1
248.825	0
249.278	1
249.301	0
249.626	1
249.626	2
249.742	1
249.777	0
250.230	1
250.253	0
250.508	0
250.706	1
250.729	0
250.961	0
251.066	0
251.182	1
251.217	0
251.530	2
251.542	1
251.588	1
251.658	1
251.681	0
252.134	1
252.157	0
252.378	1
252.401	0
252.598	1
252.633	0
253.098	1
253.109	0
253.446	1
253.446	2
253.562	1
253.585	0
254.038	1
254.061	0
254.317	0
254.514	1
254.560	0
254.642	0
254.781	0
254.874	0
254.990	1
255.013	0
255.245	0
255.338	2
255.361	1
255.466	1
255.489	0
255.942	1
255.965	0
256.197	0
256.418	1
256.441	0
256.673	0
256.894	1
256.917	0
257.254	1
257.254	2
257.370	1
257.393	0
257.846	1
257.869	0
258.125	0
258.322	1
258.345	0
258.810	1
258.821	0
259.146	2
259.158	1
259.274	1
259.297	0
259.762	1
259.773	0
260.005	0
260.226	1
260.249	0
260.714	1
260.725	0
261.050	2
261.062	1
261.178	1
261.201	0
261.654	1
261.677	0
261.933	0
262.014	1
262.130	1
262.153	0
262.258	1
262.385	1
262.490	0
262.618	1
262.629	0
262.861	0
262.954	2
262.966	1
263.082	1
263.105	0
263.558	1
263.593	0
263.814	0
264.034	1
264.057	0
264.290	0
264.522	1
264.533	0
264.766	0
264.870	1
264.870	2
264.986	1
265.009	0
265.474	1
265.485	0
265.741	0
265.822	1
265.834	0
265.938	1
265.973	0
266.205	0
266.252	1
266.310	0
266.414	1
266.449	0
266.774	1
266.774	2
266.890	1
266.925	0
267.378	1
267.389	0
267.622	0
267.842	1
267.865	0
268.098	0
268.330	1
268.341	0
268.678	1
268.690	2
268.794	1
268.817	0
269.282	1
269.293	0
269.549	0
269.630	0
269.746	1
269.781	0
270.013	0
270.234	1
270.245	0
270.478	0
270.582	1
270.582	2
270.698	1
270.721	0
271.186	1
271.197	0
271.650	1
271.673	0
271.906	0
272.138	1
272.149	0
272.382	0
272.486	1
272.486	2
272.602	1
272.637	0
273.090	1
273.113	0
273.357	0
273.438	1
273.554	1
273.589	0
273.810	1
273.821	0
273.937	1
273.949	0
274.042	1
274.065	0
274.390	1
274.390	2
274.518	1
274.541	0
274.994	1
275.017	0
275.249	0
275.458	1
275.493	0
275.946	1
275.969	0
276.294	2
276.306	1
276.410	1
276.445	0
276.898	1
276.921	0
277.142	0
277.362	1
277.397	0
277.618	0
277.850	1
277.873	0
278.198	2
278.210	1
278.314	1
278.338	0
278.802	1
278.825	0
279.266	1
279.301	0
279.522	0
279.754	1
279.777	0
280.114	1
280.114	2
280.218	1
280.253	0
280.706	1
280.729	0
280.961	0
281.182	1
281.205	0
281.321	0
281.437	0
281.658	1
281.681	0
281.844	1
282.006	1
282.006	2
282.134	1
282.157	0
282.610	1
282.633	0
282.865	0
283.086	1
283.109	0
283.562	1
283.585	0
283.910	1
283.910	2
284.038	1
284.061	0
284.526	1
284.537	0
284.897	0
284.990	1
285.013	0
285.153	0
285.234	1
285.466	1
285.489	0
285.814	2
285.826	1
285.942	1
285.965	0
286.418	1
286.441	0
286.674	0
286.894	1
286.917	0
287.370	1
287.393	0
287.730	1
287.730	2
287.846	1
287.869	0
288.322	1
288.345	0
288.578	0
288.694	0
288.798	1
288.821	0
289.054	0
289.286	1
289.297	0
289.634	1
289.634	2
289.750	1
289.773	0
289.982	2
289.994	1
290.238	1
290.249	0
290.470	1
290.702	1
290.725	0
291.190	1
291.201	0
291.538	1
291.538	2
291.654	1
291.677	0
292.130	1
292.153	0
292.386	0
292.606	1
292.629	0
292.850	1
292.862	0
293.082	1
293.117	0
293.431	2
293.442	1
293.558	1
293.581	0
294.034	1
294.058	0
294.510	1
294.534	0
294.998	1
295.010	0
295.346	1
295.346	2
295.462	1
295.486	0
295.950	1
295.962	0
296.194	0
296.275	1
296.414	1
296.449	0
296.670	0
296.902	1
296.925	0
297.250	2
297.262	1
297.366	1
297.390	0
297.854	1
297.866	0
298.318	1
298.342	0
298.574	0
298.806	1
298.818	0
299.154	1
299.154	2
299.270	1
299.294	0
299.758	1
299.781	0
300.222	1
300.246	0
300.478	1
300.710	1
300.722	0
301.058	1
301.058	2
301.174	1
301.209	0
301.662	1
301.685	0
301.906	0
302.126	1
302.161	0
302.614	1
302.626	0
302.974	1
302.974	2
303.078	1
303.102	0
303.566	1
303.589	0
303.821	0
304.030	1
304.065	0
304.298	0
304.518	1
304.541	0
304.866	1
304.866	2
304.982	1
305.017	0
305.470	1
305.493	0
305.726	0
305.935	1
305.969	0
306.422	1
306.445	0
306.678	0
306.770	1
306.770	2
306.887	1
306.921	0
307.374	1
307.397	0
307.653	0
307.722	0
307.850	1
307.873	0
307.955	1
308.094	1
308.326	1
308.349	0
308.605	0
308.674	1
308.674	2
308.791	1
308.825	0
309.278	1
309.301	0
309.522	0
309.743	1
309.777	0
310.230	1
310.253	0
310.590	1
310.590	2
310.695	1
310.729	0
311.182	1
311.205	0
311.461	0
311.542	1
311.658	1
311.681	0
311.914	0
312.018	0
312.134	1
312.483	2
312.494	1
312.610	1
312.633	0
313.086	1
313.109	0
313.330	1
313.562	1
313.585	0
314.038	1
314.061	0
314.398	1
314.398	2
314.410	0
314.514	1
314.538	0
314.990	1
315.014	0
315.269	0
315.466	1
315.513	0
315.710	1
315.733	0
315.826	0
315.942	1
315.966	0
316.291	2
316.302	1
316.418	1
316.442	0
316.894	1
316.918	0
317.150	0
317.370	1
317.394	0
317.626	0
317.846	1
317.870	0
318.195	2
318.206	1
318.322	1
318.346	0
318.798	1
318.822	0
319.077	0
319.274	1
319.298	0
319.750	1
319.774	0
320.099	2
320.110	1
320.226	1
320.250	0
320.714	1
320.726	0
320.958	0
321.178	1
321.202	0
321.654	1
321.678	0
322.014	2
322.026	1
322.130	1
322.154	0
322.618	1
322.630	0
322.885	0
323.082	1
323.106	0
323.210	1
323.442	0
323.570	1
323.582	0
323.918	2
323.930	1
324.034	1
324.058	0
324.510	1
324.534	0
324.766	0
324.986	1
325.010	0
325.242	0
325.474	1
325.486	0
325.718	0
325.822	1
325.822	2
325.939	1
325.962	0
326.415	1
326.438	0
326.670	1
326.693	0
326.891	1
326.925	0
327.007	1
327.146	1
327.158	0
327.378	1
327.401	0
327.726	1
327.726	2
327.843	1
327.877	0
328.330	1
328.342	0
328.574	0
328.795	1
328.818	0
329.050	0
329.282	1
329.294	0
329.538	0
329.630	2
329.747	1
329.781	0
330.234	1
330.246	0
330.513	0
330.699	1
330.733	0
330.780	1
330.966	0
331.186	1
331.198	0
331.535	1
331.535	2
331.651	1
331.674	0
332.138	1
332.150	0
332.603	1
332.626	0
332.858	0
333.090	1
333.102	0
333.334	0
333.439	2
333.450	1
333.555	1
333.589	0
334.042	1
334.065	0
334.309	0
334.507	1
334.541	0
334.750	1
334.774	0
334.901	0
334.994	1
335.018	0
335.343	2
335.354	1
335.459	1
335.494	0
335.946	1
335.970	0
336.411	1
336.446	0
336.898	1
336.922	0
337.258	1
337.258	2
337.270	0
337.363	1
337.398	0
337.850	1
337.874	0
338.315	1
338.350	0
338.802	1
338.826	0
339.151	1
339.151	2
339.267	1
339.290	0
339.743	1
339.778	0
340.219	1
340.254	0
340.695	1
340.730	0
341.055	1
341.055	2
341.171	1
341.206	0
341.658	1
341.682	0
342.123	1
342.158	0
342.390	0
342.610	1
342.634	0
342.959	1
342.959	2
343.086	1
343.110	0
343.562	1
343.586	0
343.818	0
344.038	1
344.062	0
344.514	1
344.538	0
344.874	1
344.874	2
344.990	1
345.014	0
345.466	1
345.490	0
345.942	1
345.966	0
346.198	0
346.419	1
346.442	0
346.767	2
346.895	1
346.918	0
347.371	1
347.394	0
347.614	0
347.847	1
347.870	0
348.323	1
348.346	0
348.682	1
348.682	2
348.694	0
348.799	1
348.822	0
349.275	1
349.298	0
349.751	1
349.774	0
350.006	0
350.227	1
350.250	0
350.575	1
350.575	2
350.714	0
353.582	0
353.710	0
353.814	0
353.953	0
354.058	0
354.429	0
354.534	0
355.242	0
357.390	0
357.634	0
357.866	0
359.062	0
361.198	0
361.442	0
361.674	0
362.150	0
362.870	0
365.006	0
365.250	0
365.482	0
