2.368	0
2.368	2
2.496	2
2.635	2
2.891	1
3.146	1
3.158	2
3.170	0
3.437	1
3.460	0
3.460	2
3.576	2
3.715	2
3.971	1
4.005	1
4.238	2
4.365	1
4.377	2
4.389	0
4.470	2
4.656	2
4.795	2
4.923	1
4.934	2
4.946	0
5.074	1
5.329	1
5.352	0
5.619	0
5.619	2
5.735	2
5.875	2
6.130	1
6.548	2
6.699	0
6.699	1
6.815	2
6.954	2
7.221	1
7.488	1
7.488	2
7.512	0
7.779	0
7.906	2
8.046	2
8.301	1
8.324	1
8.348	0
8.684	1
8.696	2
8.707	0
8.800	2
8.986	2
9.125	2
9.242	1
9.265	0
9.265	2
9.392	1
9.915	1
9.938	0
9.938	2
10.066	2
10.321	1
10.344	0
10.484	1
10.646	0
10.890	2
11.006	1
11.029	0
11.029	2
11.146	2
11.285	2
11.540	1
11.587	2
11.831	1
11.865	0
11.935	0
12.005	0
12.098	2
12.109	0
12.225	1
12.225	2
12.249	0
12.365	2
12.527	0
13.003	2
13.038	0
13.131	0
13.131	2
13.189	0
13.235	0
13.305	2
13.444	2
13.572	1
13.584	2
13.595	0
13.990	2
14.002	1
14.025	0
14.245	2
14.257	1
14.280	0
14.385	2
14.791	1
15.186	2
15.348	0
15.348	2
15.464	2
15.604	2
15.662	0
15.732	0
15.801	0
15.871	1
16.161	1
16.173	0
16.335	0
16.405	1
16.428	0
16.428	2
16.544	2
16.684	2
16.881	0
16.951	1
16.951	2
17.229	2
17.334	1
17.357	0
17.357	2
17.485	2
17.636	2
17.763	2
17.891	1
17.914	0
17.914	2
18.030	1
18.054	1
18.321	2
18.564	1
18.588	0
18.588	2
18.715	2
19.122	1
19.400	2
19.516	1
19.563	2
19.644	1
19.667	0
19.667	1
19.667	2
19.795	2
19.934	2
20.190	1
20.445	1
20.457	2
20.468	0
20.503	1
20.759	0
20.759	1
20.875	2
21.014	2
21.142	1
21.537	2
21.664	2
21.687	0
21.687	1
21.769	2
21.954	2
22.094	2
22.221	1
22.233	0
22.233	2
22.372	1
22.639	1
22.651	0
22.651	2
22.779	0
22.918	0
22.918	2
23.034	0
23.034	2
23.174	2
23.394	0
23.429	1
23.742	1
23.754	0
23.812	0
23.847	2
23.975	1
23.998	0
24.114	2
24.253	2
24.520	1
24.787	1
24.787	2
24.811	0
25.089	0
25.194	2
25.333	2
25.588	1
25.867	2
25.983	1
25.995	0
25.995	2
26.099	2
26.273	2
26.413	2
26.540	1
26.552	0
26.564	2
26.575	1
26.622	0
26.691	1
26.924	0
26.958	2
27.214	1
27.237	0
27.237	2
27.307	0
27.365	2
27.411	1
27.643	0
27.690	0
27.759	1
27.806	2
28.189	2
28.201	1
28.305	1
28.328	0
28.328	2
28.444	2
28.584	0
28.584	2
28.642	0
28.665	0
28.735	0
28.816	0
28.862	1
29.071	0
29.141	0
29.385	1
29.408	0
29.408	2
29.524	2
29.663	2
29.907	1
30.209	1
30.302	1
30.302	2
30.325	0
30.348	1
30.383	0
30.430	2
30.604	2
30.743	2
30.871	1
30.883	2
30.894	0
31.033	1
31.196	1
31.289	2
31.324	0
31.498	0
31.544	2
31.556	1
31.579	0
31.684	2
31.823	2
31.962	0
32.090	1
32.113	1
32.287	0
32.485	2
32.624	1
32.647	1
32.647	2
32.659	0
32.763	2
32.903	2
33.170	1
33.483	1
33.495	0
33.704	1
33.727	0
33.843	2
33.982	2
34.180	0
34.249	1
34.633	1
34.644	2
34.656	0
34.923	2
35.062	2
35.178	1
35.201	0
35.213	2
35.236	1
35.619	2
35.863	1
35.886	0
35.886	2
36.014	2
36.420	1
36.699	2
36.862	2
36.943	1
36.955	2
36.966	0
37.094	2
37.349	2
37.489	1
37.744	1
37.756	2
37.767	0
37.907	2
38.034	1
38.034	2
38.058	0
38.429	2
38.568	1
38.835	2
38.963	1
38.975	2
38.986	0
39.068	2
39.114	2
39.509	1
39.532	0
39.532	2
39.660	1
39.927	1
39.950	0
40.089	2
40.217	0
40.217	2
40.623	2
40.728	1
41.146	2
41.297	0
41.297	1
41.297	2
41.703	2
41.819	1
42.075	2
42.086	1
42.109	0
42.249	2
42.353	1
42.376	0
42.376	1
42.376	2
42.771	2
42.899	1
42.910	0
42.922	1
43.166	2
43.294	2
43.305	0
43.386	2
43.445	2
43.839	1
43.851	0
43.862	2
43.979	1
44.257	2
44.397	2
44.513	1
44.536	0
44.536	2
44.919	1
44.919	2
44.942	0
45.082	1
45.244	0
45.488	2
45.604	1
45.604	2
45.616	0
45.627	2
45.999	2
46.138	1
46.452	0
46.521	0
46.521	1
46.556	2
46.649	0
46.684	2
46.695	0
46.835	0
47.078	2
47.113	0
47.206	1
47.601	2
47.624	0
47.763	2
48.158	1
48.181	0
48.181	2
48.309	1
48.588	2
48.599	1
48.623	0
48.739	2
48.855	1
48.866	0
48.866	2
49.273	2
49.377	1
49.377	2
49.784	2
49.923	1
49.946	0
49.946	2
50.004	1
50.248	0
50.352	2
50.898	2
51.003	1
51.026	0
51.026	2
51.421	2
51.467	0
51.537	1
51.560	1
51.931	1
51.943	2
51.955	0
52.094	2
52.477	1
52.500	0
52.512	2
52.616	1
53.046	2
53.162	1
53.185	0
53.185	2
53.568	2
53.708	1
53.998	2
54.242	1
54.253	2
54.265	0
54.381	2
54.520	2
54.648	2
54.776	1
55.043	1
55.043	2
55.066	0
55.205	2
55.322	1
55.333	2
55.356	0
55.472	2
55.600	2
55.728	2
55.914	0
56.134	2
56.274	2
56.285	0
56.366	2
56.413	2
56.471	1
56.552	1
56.552	2
56.692	2
56.808	1
56.831	0
56.831	2
56.959	1
57.249	0
57.388	2
57.516	0
57.516	2
57.632	2
57.771	2
57.922	2
58.073	1
58.143	1
58.236	1
58.387	1
58.433	2
58.596	0
58.596	1
58.596	2
58.712	2
58.851	2
59.002	2
59.373	2
59.408	0
59.548	2
59.664	2
59.675	0
59.791	2
59.931	2
59.966	1
60.047	0
60.070	2
60.198	1
60.465	2
60.592	0
60.592	2
60.685	2
60.743	2
60.871	2
61.010	2
61.150	0
61.161	2
61.277	1
61.556	2
61.695	2
61.812	1
61.835	0
61.835	2
61.951	2
62.218	1
62.218	2
62.229	0
62.380	1
62.787	2
62.891	2
62.914	0
63.031	2
63.170	2
63.298	2
63.460	2
63.750	0
63.820	0
63.855	2
63.901	0
63.983	2
63.994	0
64.122	2
64.134	0
64.250	2
64.377	1
64.377	2
64.505	1
64.551	1
64.900	2
64.923	0
64.958	1
65.016	2
65.062	2
65.109	1
65.132	0
65.190	2
65.329	2
65.480	0
65.480	2
65.596	1
65.887	2
65.910	0
66.038	2
66.142	1
66.165	0
66.165	2
66.281	2
66.421	2
66.572	2
66.676	1
66.676	2
67.082	2
67.222	1
67.245	0
67.245	2
67.361	2
67.500	2
67.512	1
67.547	0
67.651	1
67.651	2
67.698	0
68.069	0
68.185	2
68.220	0
68.301	1
68.325	0
68.325	2
68.441	2
68.452	1
68.580	2
68.719	2
68.766	0
68.836	1
68.894	0
69.230	1
69.242	2
69.254	0
69.381	2
69.521	2
69.660	2
69.776	1
69.799	0
69.811	2
70.217	2
70.345	2
70.449	1
70.473	0
70.484	2
70.600	2
70.740	2
70.867	2
71.007	1
71.425	2
71.541	1
71.552	0
71.552	2
71.843	1
72.121	0
72.121	1
73.027	0
73.050	0
73.143	1
73.154	2
73.317	1
73.572	2
73.700	0
73.700	1
73.723	2
74.130	2
74.257	2
74.281	1
74.513	0
74.513	1
74.675	2
74.803	2
75.151	1
75.209	2
75.302	1
75.314	0
75.349	2
75.755	2
75.860	1
75.871	0
75.883	2
76.011	2
76.150	2
76.289	2
76.428	2
76.452	1
76.545	2
76.684	1
76.684	2
76.696	0
76.835	2
76.963	2
77.090	2
77.230	2
77.264	1
77.346	0
77.357	2
77.473	1
77.497	2
77.624	2
77.636	1
77.764	2
77.891	2
78.019	1
78.031	0
78.042	2
78.449	2
78.588	2
78.600	0
78.600	1
78.832	1
78.843	0
78.983	2
79.122	2
79.494	0
79.517	2
79.633	1
79.656	2
79.911	1
80.074	2
80.225	2
80.457	2
80.585	2
80.713	1
80.747	2
80.875	2
80.991	1
81.003	0
81.142	2
81.258	1
81.270	2
81.293	0
81.340	1
81.421	2
81.688	2
81.804	2
81.816	1
81.862	0
81.885	1
82.083	2
82.094	1
82.210	1
82.222	0
82.233	2
82.350	2
82.628	2
82.756	1
82.779	0
82.779	2
83.035	2
83.162	1
83.185	0
83.325	2
83.441	1
83.453	0
83.453	2
83.580	2
83.708	2
83.859	2
83.963	1
83.987	2
84.393	2
84.532	1
84.532	2
84.544	0
84.939	2
84.973	1
85.043	1
85.066	2
85.206	2
85.357	0
85.484	2
85.496	1
85.612	2
85.624	1
85.635	0
85.751	2
85.879	2
85.891	1
85.983	0
85.995	1
86.018	2
86.134	1
86.146	2
86.413	2
86.518	1
86.541	0
86.552	2
86.947	2
87.098	0
87.098	2
87.214	1
87.249	2
87.365	2
87.516	2
87.644	2
87.748	1
87.771	0
87.771	2
87.911	2
88.027	2
88.178	2
88.317	2
88.573	2
88.723	2
88.816	1
88.840	0
88.863	0
88.863	2
89.107	2
89.234	2
89.362	1
89.397	2
89.525	2
89.664	1
89.699	0
89.768	0
89.792	2
89.908	1
89.919	2
89.931	0
90.070	2
90.198	2
90.337	2
90.732	2
90.871	2
90.883	0
90.895	1
90.987	1
90.999	2
91.080	0
91.162	2
91.405	1
91.429	0
91.429	2
91.533	1
91.580	2
91.696	2
91.812	0
91.835	2
91.974	2
92.067	1
92.079	0
92.102	2
92.230	2
92.357	2
92.497	2
92.624	1
92.648	0
93.031	2
93.170	2
93.182	0
93.193	1
93.298	1
93.379	1
93.495	0
93.565	0
93.588	2
93.634	0
93.693	1
93.727	2
93.855	2
93.983	2
94.029	1
94.134	2
94.169	0
94.215	1
94.250	0
94.250	2
94.389	2
94.528	2
94.656	2
94.714	0
94.842	0
95.062	2
95.202	0
95.213	2
95.283	1
95.597	2
95.747	0
95.747	2
95.887	2
95.898	1
95.980	1
96.015	2
96.073	1
96.119	1
96.293	2
96.421	0
96.421	2
96.560	2
96.816	2
96.943	1
97.222	2
97.361	2
97.988	2
99.138	1
99.161	0
99.521	2
99.556	0
99.660	2
99.695	1
99.753	0
100.055	1
100.078	0
100.078	2
100.217	2
100.461	1
100.484	0
100.624	2
100.751	0
100.751	2
101.169	2
101.285	2
101.808	1
101.831	0
102.899	1
102.911	0
103.050	0
103.155	1
103.271	0
103.433	1
103.445	0
103.503	1
103.840	1
103.863	0
103.979	2
104.374	1
104.397	0
104.397	2
104.536	2
104.954	2
105.047	1
105.070	0
105.082	2
105.488	2
105.779	0
105.883	2
106.138	1
106.162	0
106.301	0
106.951	1
106.998	0
107.032	1
107.067	0
107.137	0
107.241	0
107.369	0
107.624	1
107.648	0
107.787	1
108.170	0
108.170	2
108.217	1
108.263	0
108.309	2
108.321	0
108.414	0
108.530	0
108.704	1
108.727	0
108.727	2
108.855	2
109.111	1
109.134	0
109.273	2
109.401	0
109.401	2
109.819	2
109.935	2
109.946	0
110.481	0
110.794	0
110.852	0
110.933	0
111.015	2
111.154	2
111.398	0
111.433	1
111.560	0
111.688	2
111.746	0
111.839	1
112.048	0
112.141	0
112.199	0
112.350	2
112.443	1
112.501	0
112.501	1
112.501	2
112.628	2
112.884	2
113.046	0
113.046	1
113.186	2
113.313	2
113.604	2
113.720	0
113.731	2
113.929	1
114.138	2
114.277	1
114.532	2
114.776	1
114.799	0
114.799	2
114.904	2
115.183	2
115.322	1
115.345	2
115.589	2
115.601	0
115.740	2
115.868	1
115.868	2
115.891	0
116.262	2
116.402	1
116.460	0
116.680	2
116.796	1
116.808	2
116.820	0
116.889	2
116.901	1
116.959	2
116.982	1
117.354	1
117.365	2
117.377	0
117.760	1
117.783	0
117.923	2
118.050	0
118.050	2
118.468	2
118.561	1
118.619	0
118.619	1
118.758	1
118.817	1
118.875	0
118.886	1
118.979	2
119.130	0
119.130	1
119.142	2
119.351	1
119.548	2
119.919	1
119.919	2
119.943	0
120.082	2
120.198	1
120.210	2
120.221	0
120.477	0
120.604	2
120.883	1
120.988	1
120.999	2
121.127	2
121.139	0
121.139	1
121.208	2
121.278	2
121.696	0
121.696	2
121.823	1
122.091	2
122.241	2
122.346	1
122.369	0
122.369	2
122.752	1
122.764	2
122.776	0
122.926	0
122.926	1
123.077	0
123.310	1
123.321	2
123.437	1
123.437	2
123.460	0
123.577	2
123.704	2
123.832	2
123.971	1
124.006	2
124.273	0
124.389	2
124.517	2
124.540	0
124.656	1
124.668	2
124.680	0
124.912	2
125.039	1
125.330	2
125.434	2
125.457	0
125.527	2
125.597	2
125.666	0
125.736	2
125.771	1
125.864	2
125.945	1
126.003	1
126.026	0
126.026	2
126.282	2
126.421	2
126.433	1
126.456	0
126.572	2
126.676	2
126.711	0
126.827	2
127.106	2
127.222	1
127.617	2
127.768	1
127.768	2
127.779	0
127.907	2
127.942	1
128.012	1
128.093	0
128.163	0
128.186	1
128.197	2
128.232	0
128.302	1
128.453	2
128.731	2
128.836	1
128.848	2
128.859	0
128.987	2
129.254	2
129.312	0
129.649	2
129.672	1
129.765	1
129.788	0
129.788	2
129.927	2
130.067	2
130.345	0
130.345	2
130.612	2
130.647	1
130.752	2
130.879	2
131.007	2
131.019	0
131.146	2
131.413	2
131.553	1
131.971	2
132.075	1
132.098	0
132.110	2
132.156	1
132.481	2
132.609	1
132.644	2
132.772	2
132.876	1
132.888	2
132.899	0
133.039	2
133.143	1
133.166	2
133.201	0
133.317	2
133.573	2
133.700	1
133.724	1
133.979	2
133.991	1
134.107	1
134.118	0
134.118	2
134.246	2
134.513	2
134.653	1
134.664	0
134.664	2
134.780	1
134.931	2
135.059	1
135.082	0
135.210	2
135.326	1
135.338	0
135.338	2
135.477	2
135.593	2
135.744	2
135.848	1
135.883	2
135.918	0
136.139	2
136.173	0
136.290	2
136.429	0
136.429	1
136.429	2
136.835	2
136.847	1
136.940	1
137.102	2
137.218	1
137.242	0
137.369	2
137.497	2
137.509	1
137.520	0
137.636	2
137.764	2
137.892	1
137.903	2
138.019	1
138.043	0
138.043	2
138.298	2
138.414	1
138.437	0
138.449	2
138.553	1
138.844	2
138.983	0
138.995	2
139.099	1
139.134	1
139.146	2
139.262	2
139.401	2
139.540	2
139.656	2
139.668	0
139.796	2
139.923	2
140.063	2
140.202	2
140.376	0
140.458	2
140.608	2
140.713	1
140.736	0
140.759	2
141.131	2
141.259	1
141.282	2
141.421	2
141.677	2
141.793	1
141.804	2
141.816	0
141.955	2
142.095	2
142.222	2
142.362	2
142.617	2
142.756	0
142.768	2
142.780	0
142.896	2
143.047	2
143.163	2
143.290	1
143.314	2
143.325	0
143.430	1
143.581	2
143.685	1
143.708	0
143.720	2
143.859	2
143.952	1
143.975	0
143.999	2
144.126	2
144.242	2
144.393	2
144.509	1
144.544	0
144.788	2
144.927	2
145.067	2
145.078	0
145.322	2
145.485	2
145.589	1
145.612	2
145.740	2
145.879	2
145.903	0
145.937	1
146.019	2
146.146	1
146.146	2
146.286	2
146.413	2
146.553	2
146.599	0
146.657	1
146.680	2
146.704	1
146.715	0
146.820	2
146.947	2
147.087	0
147.098	2
147.482	2
147.632	0
147.632	2
147.656	1
147.772	2
147.900	2
147.923	1
148.004	1
148.178	2
148.306	2
148.317	0
148.445	2
148.712	2
148.840	1
149.119	2
149.258	2
149.409	0
149.420	2
149.653	2
149.780	2
149.908	1
149.943	2
150.071	2
150.175	1
150.187	2
150.198	0
150.338	2
150.442	1
150.465	2
150.489	0
150.605	2
150.732	2
150.872	2
150.999	1
150.999	2
151.023	1
151.046	0
151.266	1
151.278	2
151.290	1
151.394	1
151.417	0
151.429	2
151.545	2
151.812	2
151.963	0
151.963	2
152.230	2
152.358	1
152.369	0
152.509	2
152.625	1
152.636	0
152.636	2
152.776	2
152.892	2
153.043	2
153.147	1
153.182	2
153.205	1
153.217	0
153.437	2
153.472	0
153.577	2
153.728	0
153.728	2
154.134	2
154.239	1
154.262	2
154.389	2
154.529	2
154.540	0
154.668	2
154.680	1
154.796	2
154.807	1
154.819	0
154.935	2
155.063	2
155.179	0
155.179	1
155.202	2
155.318	1
155.330	2
155.504	1
155.597	2
155.713	1
155.736	0
155.748	2
155.864	2
156.131	2
156.282	0
156.294	2
156.398	1
156.433	2
156.549	2
156.700	2
156.828	2
156.955	2
156.967	0
157.095	2
157.362	2
157.675	0
157.756	2
157.907	2
158.012	1
158.035	0
158.058	2
158.430	2
158.557	1
158.581	2
158.708	2
158.848	1
158.883	0
158.952	0
158.975	2
159.033	0
159.092	1
159.103	2
159.115	0
159.254	2
159.382	2
159.533	2
159.927	2
159.951	1
160.055	0
160.055	2
160.194	2
160.264	0
160.345	2
160.612	0
160.612	2
160.670	1
160.729	1
160.879	2
160.996	0
161.158	2
161.251	1
161.274	0
161.297	2
161.425	2
161.692	2
161.808	1
161.843	0
162.075	2
162.226	2
162.354	2
162.377	0
162.679	0
162.783	2
162.888	1
162.911	2
163.039	2
163.178	2
163.201	0
163.213	1
163.318	2
163.399	1
163.445	0
163.445	2
163.573	2
163.689	1
163.712	2
163.852	2
163.898	0
163.968	1
164.246	2
164.386	0
164.397	2
164.908	1
164.931	0
164.931	2
165.071	2
165.082	1
165.164	1
165.198	2
165.268	1
165.303	1
165.431	1
165.477	2
165.605	2
165.616	0
166.011	2
166.139	1
166.162	2
166.557	2
166.824	2
166.963	2
167.358	2
167.381	1
167.636	2
167.741	1
168.043	2
168.310	2
168.600	1
169.250	2
169.657	2
170.342	2
170.469	2
170.609	2
170.736	2
171.154	2
171.549	2
171.828	2
172.489	1
172.629	2
172.907	2
174.521	2
174.800	2
175.473	2
175.601	2
176.019	2
176.692	2
177.087	2
180.698	1
