0.418	1
0.464	1
0.859	1
0.929	1
1.300	1
1.312	2
1.382	2
1.962	1
2.043	1
2.206	1
2.635	1
2.694	1
2.717	1
3.088	1
3.111	2
3.170	1
3.170	2
3.448	1
3.529	1
3.762	1
3.820	1
4.063	1
4.447	1
4.505	1
4.876	1
4.899	2
4.957	1
4.957	2
5.561	1
5.782	1
5.782	2
5.851	1
6.223	1
6.293	1
6.676	1
6.687	2
6.734	1
6.757	2
7.012	1
7.012	2
7.070	1
7.628	1
8.022	1
8.092	1
8.464	1
8.475	2
8.545	2
9.125	1
9.207	1
9.369	1
9.799	1
9.857	1
9.880	1
10.252	1
10.275	2
10.333	1
10.333	2
10.623	1
10.693	1
10.925	1
10.983	1
11.227	1
11.320	1
11.610	1
11.668	1
12.051	1
12.063	2
12.121	1
12.121	2
12.725	1
12.945	1
13.015	1
13.386	1
13.839	1
13.851	2
13.897	1
13.920	2
14.176	1
14.176	2
14.234	1
14.536	1
14.594	0
14.768	1
14.791	1
14.814	0
14.838	0
14.896	0
15.186	0
15.186	1
15.256	1
15.302	0
15.372	0
15.615	0
15.650	2
15.708	2
15.732	0
15.952	1
15.975	1
16.033	0
16.277	1
16.358	0
16.370	1
16.428	0
16.521	1
16.591	1
16.614	0
16.672	0
16.962	1
17.043	1
17.067	0
17.415	1
17.438	2
17.496	2
17.519	0
17.775	1
17.786	0
17.856	1
17.879	0
17.926	0
18.088	1
18.204	0
18.309	0
18.390	1
18.413	0
18.483	0
18.762	1
18.866	0
18.913	0
19.203	1
19.226	2
19.296	2
19.621	0
19.691	0
19.876	0
19.888	1
19.958	0
20.004	0
20.108	0
20.178	1
20.225	0
20.283	0
20.550	1
20.561	2
20.608	1
20.677	0
20.701	1
20.735	1
21.002	1
21.014	2
21.084	2
21.130	0
21.188	0
21.328	1
21.339	2
21.420	0
21.490	0
21.641	0
21.664	1
21.757	0
21.931	1
21.954	1
22.001	0
22.059	0
22.349	0
22.349	1
22.419	1
22.465	0
22.535	0
22.790	0
22.814	2
22.872	2
22.895	0
22.953	0
23.115	1
23.139	1
23.197	0
23.278	0
23.452	1
23.522	0
23.533	1
23.591	0
23.777	0
23.835	0
24.126	1
24.207	1
24.230	0
24.300	1
24.578	1
24.602	2
24.660	2
24.683	0
24.938	0
24.938	1
25.020	1
25.043	0
25.089	0
25.252	1
25.368	0
25.472	0
25.554	1
25.577	0
25.646	0
25.937	1
26.030	0
26.088	0
26.378	1
26.389	2
26.459	2
26.784	0
26.854	0
27.040	0
27.051	1
27.121	0
27.167	0
27.272	0
27.307	1
27.388	0
27.446	0
27.713	1
27.725	2
27.771	1
27.818	0
27.841	0
27.864	1
28.166	1
28.177	2
28.247	2
28.282	0
28.491	1
28.502	2
28.561	1
28.584	0
28.665	0
28.804	0
28.828	1
29.118	1
29.141	0
29.164	0
29.222	0
29.513	0
29.513	1
29.582	1
29.640	0
29.698	0
29.954	0
29.977	2
30.035	2
30.302	1
30.360	0
30.441	0
30.616	1
30.697	0
30.697	1
30.755	0
30.859	1
30.917	0
30.941	0
30.999	0
31.289	1
31.370	1
31.393	0
31.451	0
31.742	1
31.765	2
31.835	2
32.113	0
32.113	1
32.183	1
32.206	0
32.253	0
32.415	1
32.531	0
32.636	0
32.717	1
32.740	0
32.810	0
33.100	1
33.158	1
33.181	0
33.251	0
33.541	1
33.553	2
33.622	2
33.948	0
34.017	0
34.203	0
34.215	1
34.284	0
34.342	0
34.435	0
34.505	1
34.551	0
34.609	0
34.876	1
35.004	0
35.074	0
35.329	1
35.341	2
35.410	2
35.445	0
35.666	1
35.666	2
35.724	1
35.747	0
35.828	0
35.968	0
35.991	1
36.084	0
36.281	1
36.304	0
36.328	0
36.386	0
36.676	0
36.676	1
36.746	1
36.792	0
36.862	0
37.117	0
37.117	1
37.140	2
37.198	2
37.477	1
37.535	0
37.605	0
37.779	1
37.860	0
37.860	1
37.918	0
38.023	1
38.081	0
38.104	0
38.162	0
38.452	1
38.534	1
38.557	0
38.615	0
38.905	1
38.928	2
38.998	2
39.277	0
39.277	1
39.346	1
39.369	0
39.416	0
39.578	1
39.695	0
39.799	0
39.880	1
39.903	0
39.973	0
40.263	1
40.321	1
40.345	0
40.414	0
40.705	1
40.716	2
40.786	2
41.030	0
41.111	0
41.181	0
41.378	0
41.378	1
41.448	0
41.506	0
41.599	0
41.715	0
41.773	0
42.040	1
42.167	0
42.237	0
42.493	1
42.504	2
42.574	2
42.620	0
42.678	0
42.829	1
42.829	2
42.887	1
42.910	0
42.934	0
42.992	0
43.131	0
43.154	1
43.259	0
