13.351	2
13.549	2
13.758	2
13.955	2
14.153	2
14.350	2
14.547	2
14.756	2
14.954	2
15.151	2
15.348	2
15.557	2
15.755	2
15.952	2
16.149	2
16.347	2
16.556	2
16.753	2
16.951	2
17.148	2
17.357	2
17.554	2
17.752	2
17.949	2
18.146	2
18.355	2
18.553	2
18.750	2
18.947	2
19.156	2
19.354	2
19.551	0
19.551	2
19.644	0
19.749	2
19.772	0
19.807	0
19.934	0
19.958	2
20.155	2
20.352	2
20.376	0
20.445	0
20.550	2
20.573	0
20.608	0
20.701	0
20.735	0
20.747	2
20.956	2
21.153	0
21.153	2
21.177	0
21.339	0
21.351	2
21.502	0
21.537	0
21.548	2
21.757	2
21.954	0
21.954	2
21.978	0
22.105	0
22.140	0
22.152	2
22.303	0
22.349	2
22.547	2
22.744	0
22.756	2
22.941	0
22.953	2
23.069	0
23.150	2
23.348	2
23.557	0
23.557	2
23.708	0
23.754	2
23.835	0
23.870	0
23.951	2
24.149	2
24.358	1
24.358	2
24.509	0
24.555	2
24.636	0
24.671	0
24.752	2
24.950	2
25.159	2
25.554	2
25.670	0
25.913	0
25.948	2
25.972	1
26.006	0
26.030	0
26.099	0
26.157	2
26.355	2
26.552	2
26.749	2
26.947	2
27.156	2
27.179	0
27.179	1
27.202	0
27.237	0
27.307	0
27.353	2
27.550	2
27.748	2
27.957	2
27.980	0
27.980	1
28.015	0
28.038	0
28.108	0
28.154	2
28.352	2
28.549	2
28.758	2
28.955	2
29.153	2
29.199	0
29.234	0
29.350	2
29.547	2
29.745	2
29.768	1
29.780	0
29.803	0
29.838	0
29.907	0
29.954	2
30.023	0
30.151	2
30.348	2
30.372	1
30.407	0
30.499	0
30.557	2
30.755	2
30.952	2
31.150	2
31.208	0
31.300	0
31.347	0
31.347	2
31.556	2
31.753	2
31.951	2
32.148	2
32.345	2
32.369	1
32.508	0
32.554	2
32.670	0
32.752	2
32.949	2
33.158	2
33.274	0
33.309	0
33.355	2
33.437	0
33.472	0
33.553	2
33.576	1
33.599	0
33.634	0
33.704	0
33.750	2
33.948	2
34.075	0
34.157	2
34.203	0
34.354	2
34.366	1
34.400	0
34.435	0
34.505	0
34.551	2
34.621	0
34.749	2
34.842	0
34.958	2
35.004	0
35.039	0
35.155	2
35.352	2
35.550	2
35.573	1
35.701	0
35.747	2
35.863	0
35.956	2
36.153	2
36.177	1
36.200	0
36.235	0
36.304	0
36.351	2
36.444	0
36.548	2
36.571	0
36.746	2
36.769	1
36.780	0
36.804	0
36.838	0
36.955	2
37.152	0
37.152	2
37.349	2
37.535	0
37.547	2
37.570	1
37.605	0
37.698	0
37.756	2
37.825	0
38.499	0
38.557	2
38.592	0
38.742	0
38.766	1
39.358	1
39.555	1
39.950	1
40.356	1
40.554	1
40.763	1
41.947	1
42.562	1
43.154	1
43.758	1
43.955	1
44.362	1
45.151	0
45.151	1
45.372	0
45.534	0
45.755	1
45.976	0
46.010	0
46.138	0
46.173	0
46.301	0
46.359	1
46.556	1
46.753	0
46.777	0
46.939	0
46.951	1
46.974	0
47.102	0
47.160	1
47.554	0
47.578	0
47.705	0
47.868	0
47.903	0
48.100	0
48.158	0
48.356	1
48.506	0
48.541	0
48.704	0
48.948	1
49.157	0
49.273	0
49.308	0
49.435	0
49.470	0
49.551	1
49.958	0
50.074	0
50.109	0
50.155	1
50.271	0
50.352	1
51.548	1
51.560	0
51.583	2
52.349	2
52.767	0
53.371	0
53.568	0
53.952	2
54.358	2
54.753	1
54.764	0
55.147	1
55.554	2
55.960	0
56.541	1
56.564	0
56.761	0
57.156	2
57.551	2
57.760	2
57.969	0
58.758	2
59.153	1
59.164	0
59.571	1
59.768	0
59.966	0
60.349	2
60.755	2
61.161	0
61.951	2
62.369	0
62.961	0
63.170	0
63.553	2
63.959	2
64.157	2
64.342	1
64.366	0
64.389	2
64.749	2
64.958	2
65.155	2
65.167	1
65.353	2
65.550	1
65.550	2
65.562	0
65.747	2
65.956	2
66.142	1
66.154	2
66.165	0
66.351	2
66.363	0
66.548	2
66.757	2
66.955	2
67.152	2
67.349	2
67.547	2
67.570	0
67.756	2
67.953	2
68.151	2
68.348	2
68.371	1
68.557	2
68.743	1
68.754	2
68.766	0
68.952	2
69.149	2
69.346	2
69.370	0
69.544	1
69.555	2
69.567	0
69.753	2
69.950	2
69.962	1
70.147	2
70.356	2
70.554	2
70.751	2
70.763	0
70.949	2
71.158	2
71.355	1
71.355	2
71.552	2
71.750	2
71.947	2
71.970	0
72.156	2
72.353	2
72.551	2
72.562	0
72.748	2
72.771	0
72.957	2
73.154	2
73.352	2
73.549	2
73.747	2
73.944	1
73.944	2
73.967	0
74.153	2
74.350	2
74.548	2
74.757	2
74.954	2
75.151	2
75.163	0
75.349	2
75.546	2
75.755	2
75.767	0
75.952	2
75.964	0
76.150	2
76.963	1
77.148	2
77.172	0
77.172	1
77.206	0
77.241	0
77.253	1
77.299	0
77.357	2
77.427	0
77.508	1
77.555	2
77.752	2
77.949	2
78.147	2
78.356	2
78.379	0
78.379	1
78.437	0
78.460	1
78.553	2
78.750	2
78.948	2
79.157	2
79.168	1
79.180	0
79.215	0
79.261	1
79.354	0
79.354	2
79.552	2
79.749	2
79.946	2
80.155	2
80.353	2
80.376	1
80.434	0
80.504	0
80.550	2
80.643	0
80.747	2
80.945	2
80.956	0
80.968	1
81.003	0
81.038	0
81.107	0
81.154	2
81.223	0
81.247	0
81.351	2
81.548	2
81.572	1
81.607	0
81.641	0
81.653	1
81.711	0
81.757	2
81.827	0
81.850	0
81.955	2
82.152	2
82.350	2
82.373	1
82.408	0
82.431	0
82.500	0
82.547	2
82.651	0
82.756	2
82.953	2
83.151	2
83.348	2
83.545	2
83.569	0
83.569	1
83.708	0
83.754	2
83.812	1
83.929	0
83.952	2
84.149	2
84.358	2
84.474	0
84.509	0
84.555	2
84.672	0
84.753	2
84.776	0
84.776	1
84.834	0
84.857	1
84.904	0
84.950	2
85.148	2
85.159	0
85.240	0
85.357	2
85.438	0
85.554	2
85.577	1
85.612	0
85.635	1
85.716	0
85.751	2
85.949	2
85.960	0
86.042	0
86.146	2
86.204	0
86.239	0
86.355	2
86.436	0
86.552	2
86.750	2
86.773	0
86.773	1
86.877	1
86.901	0
86.947	2
87.075	0
87.156	2
87.353	2
87.377	1
87.400	0
87.435	0
87.504	0
87.551	2
87.644	0
87.748	2
87.771	0
87.946	2
87.969	1
88.004	0
88.038	0
88.050	1
88.108	0
88.155	2
88.224	0
88.352	2
88.364	0
88.410	0
88.549	2
88.747	2
88.770	0
88.770	1
88.805	0
88.840	0
88.909	0
88.956	2
89.025	0
89.049	0
89.966	0
91.150	1
91.162	0
91.765	0
91.951	1
91.963	0
93.170	0
94.343	1
94.366	0
94.946	1
94.970	0
95.144	1
95.167	0
96.351	1
96.363	0
97.570	0
98.162	0
98.360	0
99.544	1
99.567	0
100.763	0
101.367	0
101.552	1
101.564	0
102.748	1
102.772	0
103.549	2
103.956	1
103.967	0
104.548	1
104.571	0
104.745	1
104.768	0
105.152	2
105.558	2
105.953	1
105.964	0
106.754	2
107.172	0
107.752	1
107.764	0
107.950	1
107.961	0
108.356	2
108.751	2
108.948	2
109.157	1
109.169	0
109.749	1
109.958	2
110.353	1
110.364	0
110.957	1
110.968	0
111.154	1
111.166	0
111.549	2
111.955	2
112.350	1
112.361	0
112.953	1
113.151	2
113.557	1
113.569	0
114.149	1
114.161	0
114.358	1
114.370	0
114.753	2
115.159	2
115.357	2
115.554	1
115.589	2
116.169	0
116.239	0
116.367	1
116.773	0
116.843	0
117.156	1
118.375	0
118.445	0
118.642	0
118.840	0
119.374	0
119.409	1
119.443	0
119.560	1
119.954	1
119.978	0
120.036	0
120.361	1
121.162	1
121.568	0
121.638	0
121.835	0
122.044	0
122.555	1
122.567	0
122.636	0
123.170	0
123.240	0
124.772	0
124.842	0
125.039	0
125.237	0
125.759	1
125.771	0
125.841	0
126.375	0
126.444	0
128.546	2
128.755	2
128.952	2
129.149	2
129.347	2
129.556	2
129.753	2
129.950	2
130.148	2
130.345	1
130.357	2
130.554	2
130.752	2
130.949	2
131.146	2
131.355	2
131.553	2
131.750	2
131.947	2
132.156	2
132.354	2
132.551	2
132.748	2
132.946	2
133.155	2
133.352	2
133.550	2
133.747	2
133.956	2
134.153	2
134.351	2
134.548	2
134.757	2
134.873	0
134.908	0
134.954	2
135.036	0
135.070	0
135.152	2
135.349	2
135.558	2
135.674	0
135.709	0
135.755	2
135.837	0
135.953	2
136.150	2
136.348	2
136.475	0
136.557	2
136.638	0
136.673	0
136.754	2
136.951	2
137.149	2
137.242	0
137.276	0
137.346	2
137.555	2
137.752	2
137.950	2
138.043	0
138.147	2
138.170	0
138.356	2
138.553	2
138.751	0
138.751	2
138.774	0
138.844	0
138.948	2
138.971	0
139.134	0
139.157	2
139.355	2
139.552	0
139.552	2
139.749	2
139.773	0
139.900	0
139.958	2
140.156	2
141.154	2
141.351	2
141.549	2
141.746	2
141.955	1
141.955	2
142.153	2
142.350	2
142.547	2
142.756	1
142.756	2
142.954	2
143.151	2
143.348	2
143.557	1
143.557	2
143.755	2
143.952	2
144.149	2
144.347	2
144.556	2
144.753	2
144.951	2
145.148	2
145.160	1
145.357	2
145.554	2
145.752	2
145.949	2
146.146	2
146.355	2
146.553	2
146.750	2
146.762	1
146.947	2
147.156	2
147.354	2
147.551	0
147.551	2
147.644	0
147.749	2
147.934	0
147.958	2
148.155	2
148.167	1
148.352	2
148.538	0
148.550	2
148.573	0
148.735	0
148.747	2
148.956	2
149.153	2
149.177	0
149.339	0
149.351	2
149.374	0
149.432	2
149.502	0
149.537	0
149.548	2
149.757	1
149.757	2
149.954	0
149.954	2
150.105	0
150.140	0
150.152	2
150.268	0
150.303	0
150.349	2
150.500	0
150.547	2
150.744	0
150.756	2
150.953	2
151.150	2
151.348	2
151.359	1
151.557	0
151.557	2
151.708	0
151.754	2
151.870	0
151.951	2
152.149	2
152.358	2
152.474	0
152.555	2
152.625	1
152.636	0
152.671	0
152.752	2
152.950	2
152.961	1
153.159	2
153.554	2
153.913	0
153.960	1
153.983	2
154.157	2
154.355	2
154.552	1
154.552	2
154.749	2
154.947	2
155.156	1
155.156	2
155.353	2
155.550	2
155.748	2
155.759	1
155.957	1
155.957	2
156.154	2
156.352	2
156.549	2
156.758	2
156.955	2
157.153	1
157.153	2
157.234	1
157.350	2
157.547	2
157.756	1
157.756	2
157.954	2
158.151	2
158.348	2
158.360	1
158.557	2
158.755	2
158.952	1
158.952	2
159.150	1
159.150	2
159.347	2
159.556	2
159.753	2
159.951	2
160.148	2
160.357	0
160.357	1
160.357	2
160.473	0
160.508	0
160.554	2
160.636	0
160.670	0
160.740	0
160.752	2
160.949	1
160.949	2
161.146	2
161.274	0
161.355	2
161.437	0
161.472	0
161.553	1
161.553	2
161.750	2
161.948	2
162.157	1
162.157	2
162.238	0
162.354	2
162.551	2
162.749	0
162.749	2
162.842	0
162.876	0
162.958	2
163.004	0
163.039	0
163.155	2
163.236	0
163.352	2
163.515	0
163.550	1
163.550	2
163.747	2
163.933	0
163.956	2
164.153	1
164.153	2
164.351	0
164.351	2
164.444	0
164.548	2
164.571	0
164.606	0
164.734	0
164.757	1
164.757	2
164.955	2
165.152	0
165.152	2
165.349	2
165.361	1
165.535	0
165.547	2
165.558	1
165.756	2
166.754	1
166.766	0
167.555	2
167.950	1
167.962	0
168.542	1
168.565	0
168.739	1
168.763	0
169.157	2
169.552	2
169.947	1
169.970	0
170.748	2
171.143	1
171.166	0
171.746	1
171.770	0
171.944	1
171.967	0
172.350	2
172.756	2
173.163	0
173.952	2
174.370	0
174.962	0
174.974	1
175.171	0
176.367	0
177.157	2
177.563	0
178.167	0
178.364	0
179.351	1
179.572	0
179.572	2
180.349	2
180.547	2
180.767	0
181.371	0
181.568	0
181.952	2
182.346	2
182.764	0
183.554	2
183.751	2
183.960	0
184.564	0
184.750	1
184.761	0
185.156	2
185.551	2
185.957	1
185.969	0
186.549	1
186.746	2
187.153	1
187.164	0
187.757	1
187.768	0
187.954	1
187.966	0
188.349	2
189.150	1
189.161	0
189.753	1
189.951	2
190.148	2
190.357	1
190.369	0
190.961	0
191.158	1
191.170	0
191.948	2
192.366	1
192.389	2
192.401	0
192.435	0
192.505	0
193.155	2
193.550	2
193.573	1
193.585	0
193.608	0
193.631	0
193.701	0
194.351	2
194.374	1
194.386	0
194.409	0
194.444	0
194.746	2
195.152	2
195.361	2
195.454	2
195.570	1
195.605	0
195.698	0
196.174	1
196.209	0
196.301	0
196.336	0
196.348	2
196.778	0
196.778	1
196.801	0
196.836	0
196.905	0
197.567	1
197.602	0
197.637	0
197.706	0
197.753	2
197.811	2
197.869	2
197.915	2
198.055	2
198.159	2
198.264	2
198.356	2
198.461	2
198.554	2
198.774	0
198.774	1
198.798	0
198.902	0
199.065	0
199.134	0
199.552	0
199.552	2
199.738	0
199.773	0
199.901	0
199.935	0
199.970	1
200.005	0
200.040	0
200.110	0
200.353	0
200.377	0
200.539	0
200.574	0
200.702	0
200.771	1
200.806	0
200.899	0
201.154	0
201.154	2
201.305	0
201.340	0
201.503	0
201.549	2
201.758	2
201.863	2
201.967	1
202.002	0
202.106	0
202.269	0
202.339	0
202.571	1
202.582	0
202.606	0
202.699	0
202.757	2
203.035	0
203.070	0
203.175	1
203.209	0
203.302	0
203.558	0
203.558	2
203.651	2
203.674	0
203.709	0
203.755	1
203.836	0
203.871	0
203.964	2
203.976	1
203.999	0
204.034	0
204.057	2
204.103	0
204.254	2
204.359	2
204.556	2
204.603	2
204.661	2
204.719	2
204.765	2
205.172	1
205.172	2
205.206	0
205.230	0
205.253	1
205.334	0
205.450	0
205.752	2
205.949	2
206.147	2
206.367	1
206.379	0
206.437	0
206.460	1
206.541	0
206.623	0
206.750	2
206.948	2
207.145	2
207.180	0
207.180	1
207.215	0
207.250	1
207.319	0
207.354	0
207.552	2
207.946	2
208.155	2
208.260	2
208.364	1
208.434	0
208.457	1
208.504	0
208.643	0
208.956	0
208.968	1
209.003	0
209.038	0
209.049	1
209.107	0
209.154	2
209.351	2
209.572	1
209.607	0
209.653	1
209.699	0
209.850	0
210.152	2
210.373	1
210.408	0
210.431	0
210.500	0
210.547	2
210.605	2
210.651	0
210.663	2
210.721	2
210.860	2
210.953	2
211.058	2
211.162	2
211.255	2
211.348	2
211.569	0
211.569	1
211.650	1
211.708	0
211.952	2
212.149	2
212.346	2
212.474	0
212.509	0
212.637	0
212.672	0
212.764	0
212.776	1
212.834	0
212.904	0
213.043	0
213.148	2
213.159	0
213.403	0
213.438	0
213.566	0
213.577	1
213.635	0
213.658	1
213.705	0
213.844	0
213.960	0
214.204	0
214.239	0
214.355	2
214.552	2
214.657	2
214.761	2
214.773	0
214.773	1
214.831	1
214.901	0
214.959	2
215.133	0
215.156	2
215.261	2
215.353	2
215.377	1
215.400	0
215.435	0
215.458	2
215.504	0
215.562	2
215.644	0
215.655	2
215.771	0
215.957	2
215.969	1
216.004	0
216.038	0
216.108	0
216.131	0
216.155	2
216.247	0
216.352	0
216.735	0
216.758	2
216.805	0
216.851	2
216.909	0
217.060	2
217.989	2
218.755	1
220.357	1
221.960	1
224.955	1
228.159	1
229.761	1
241.987	1
