20.399	0
20.677	1
20.875	0
21.351	0
21.978	0
22.105	1
22.581	1
22.930	0
23.359	1
23.406	0
23.835	1
23.882	0
24.509	0
25.124	0
25.345	0
25.449	0
25.925	0
26.401	0
27.028	0
27.469	1
27.504	0
27.945	1
27.980	0
28.421	1
28.456	0
28.932	0
29.559	0
30.511	0
30.790	1
30.975	0
31.451	0
32.090	0
32.206	1
32.682	1
33.030	0
33.506	0
33.948	1
33.982	0
34.609	0
34.900	1
35.422	0
35.561	0
36.037	0
36.502	0
37.140	0
37.616	0
38.081	0
38.522	1
38.557	0
39.033	0
40.612	0
40.890	1
41.088	0
41.564	0
42.191	0
42.318	1
42.783	1
43.143	0
43.619	0
44.060	1
44.083	0
44.722	0
45.000	1
45.500	0
45.558	0
45.662	0
46.138	0
46.614	0
47.241	0
47.682	1
47.717	0
48.042	2
48.193	0
48.669	0
49.145	0
49.772	0
50.724	0
51.003	1
51.154	1
51.188	0
51.630	1
51.664	0
52.303	0
52.419	1
53.243	0
53.290	1
53.719	0
54.161	1
54.195	0
54.253	2
54.822	0
55.113	1
55.635	0
55.774	0
56.250	0
56.715	0
57.353	0
57.818	0
58.294	0
58.735	1
58.770	0
59.246	0
60.825	0
61.301	0
61.765	0
62.404	0
62.520	1
62.996	1
63.309	1
63.356	0
63.820	0
64.273	1
64.296	0
64.935	0
65.225	1
65.469	1
65.712	0
65.771	0
65.875	0
65.898	0
66.351	0
66.827	0
67.454	0
67.930	0
68.360	1
68.406	0
68.870	0
69.323	1
69.358	0
69.985	0
70.264	1
70.925	0
71.401	0
71.877	0
72.179	2
72.504	0
73.456	0
73.665	1
73.932	0
74.374	1
74.408	0
74.687	1
74.699	2
74.733	1
75.035	0
75.326	1
75.848	0
75.976	0
76.452	0
76.928	0
77.555	0
77.996	1
78.031	0
78.507	0
78.948	1
78.983	0
79.424	1
79.459	0
80.376	1
81.038	0
81.502	0
81.978	0
82.280	1
82.617	0
83.209	1
83.557	0
84.033	0
84.474	1
84.509	0
85.136	0
85.426	1
85.983	0
86.088	0
86.564	0
87.028	0
87.667	0
88.143	0
88.619	0
89.083	0
89.536	1
89.559	0
90.198	0
90.477	1
91.138	0
91.614	0
92.090	0
92.717	0
92.845	1
93.309	1
93.669	0
94.099	1
94.145	0
94.586	1
94.610	0
95.248	0
95.527	1
96.061	0
96.189	0
96.665	0
97.141	0
97.768	0
98.244	0
98.720	0
99.196	0
99.637	1
99.672	0
100.577	1
101.251	0
101.715	0
102.191	0
102.470	1
102.493	0
102.516	0
102.818	0
103.770	0
104.049	1
104.072	0
104.095	0
104.211	1
104.246	0
104.676	1
104.722	0
105.314	1
105.349	0
106.255	1
106.301	0
106.731	1
106.777	0
107.207	1
107.241	0
107.520	1
107.555	0
107.880	0
108.309	1
108.344	0
108.785	1
108.820	0
109.099	1
109.145	0
109.261	1
109.296	0
109.738	1
109.772	0
111.316	1
111.351	0
111.781	1
111.827	0
112.257	1
112.292	0
112.895	1
112.930	0
113.836	1
113.882	0
114.312	1
114.347	0
114.788	1
114.823	0
115.450	0
121.452	0
121.731	1
121.893	1
121.928	0
122.369	1
122.404	0
123.031	0
123.321	1
123.983	0
124.459	0
124.935	0
125.179	1
125.214	2
125.562	0
126.142	2
126.340	0
126.502	0
126.943	1
126.978	0
127.454	0
127.791	2
128.081	0
128.557	0
129.033	0
129.509	0
129.985	0
130.612	0
130.740	2
131.529	1
131.564	0
131.843	1
132.029	0
132.505	0
132.795	2
133.143	0
133.259	1
133.735	1
134.084	0
134.560	0
135.001	1
135.036	0
135.663	0
135.953	1
136.475	0
136.615	0
137.091	0
137.555	0
138.194	0
138.670	0
139.134	0
139.610	0
140.086	0
141.560	1
141.665	0
141.944	1
142.106	1
142.141	0
142.617	0
143.244	0
143.372	1
143.836	1
143.906	2
144.196	0
144.417	2
144.672	0
145.090	2
145.113	1
145.136	0
145.775	0
146.054	1
146.553	0
146.611	0
146.715	0
146.739	0
147.191	0
147.667	0
148.294	0
148.770	0
149.246	0
149.246	2
149.722	0
150.198	0
150.825	0
151.766	0
152.044	1
152.207	1
152.242	0
152.335	2
152.393	1
152.393	2
152.683	1
152.718	0
153.345	0
153.472	1
153.948	1
154.297	0
154.773	0
155.214	1
155.249	0
155.876	0
156.166	1
156.816	0
157.304	0
157.768	0
158.407	0
158.871	0
159.312	1
159.347	0
159.788	1
159.823	0
160.264	1
160.299	0
161.878	0
162.354	0
162.795	1
162.818	0
163.457	0
163.747	1
164.339	1
164.397	0
164.873	0
165.349	0
165.976	0
166.220	1
166.603	0
166.766	0
166.824	0
166.928	0
166.951	0
167.404	0
167.845	1
167.869	0
167.869	1
168.507	0
168.797	1
168.983	0
169.459	0
169.924	0
170.411	0
171.038	0
171.979	0
172.257	1
172.455	0
172.896	1
172.931	0
173.558	0
173.848	1
174.510	0
174.986	0
175.462	0
175.659	2
176.089	0
176.901	0
177.029	0
177.505	0
177.958	1
177.981	0
178.608	0
178.898	1
179.084	0
179.560	0
180.036	0
180.512	0
182.091	0
182.370	1
182.555	0
183.008	1
183.031	0
183.333	2
183.380	1
183.670	0
183.786	1
183.948	1
184.610	0
185.086	0
185.562	0
186.189	0
187.141	0
187.617	0
188.082	0
188.720	0
189.196	0
189.672	0
190.137	0
190.613	0
191.240	0
192.192	0
192.668	0
193.144	0
193.771	0
