7.651	0
14.768	1
14.768	2
14.791	0
14.872	2
14.988	2
15.093	2
15.105	1
15.128	0
15.209	2
15.314	2
15.430	2
15.441	1
15.464	0
15.546	2
15.650	2
15.766	1
15.766	2
15.790	0
15.871	2
15.999	1
16.010	0
16.091	2
16.103	1
16.126	0
16.208	2
16.312	2
16.324	1
16.347	0
16.428	2
16.486	2
16.544	1
16.544	2
16.567	0
16.649	2
16.765	2
16.869	2
16.881	1
16.904	0
16.985	2
17.090	2
17.206	2
17.218	1
17.241	0
17.322	2
17.427	2
17.543	1
17.543	2
17.566	0
17.647	2
17.775	1
17.786	0
17.868	2
17.879	1
17.903	0
17.984	2
18.100	1
18.100	2
18.123	0
18.204	2
18.262	2
18.321	1
18.321	2
18.344	0
18.425	2
18.541	2
18.646	2
18.657	1
18.680	0
18.715	0
18.762	2
18.878	2
18.982	2
18.994	1
19.017	0
19.098	2
19.203	2
19.319	2
19.331	1
19.342	0
19.423	2
19.551	1
19.574	0
19.644	2
19.656	1
19.679	0
19.760	2
19.876	1
19.876	2
19.900	0
19.981	2
20.039	2
20.097	2
20.108	1
20.120	0
20.201	2
20.317	2
20.422	2
20.434	1
20.457	0
20.538	2
20.654	2
20.759	2
20.770	1
20.793	0
20.875	2
20.979	2
21.095	2
21.107	1
21.130	0
21.211	2
21.328	1
21.351	0
21.432	1
21.432	2
21.467	0
21.537	2
21.653	2
21.664	1
21.676	0
21.757	2
21.815	2
21.873	2
21.885	1
21.908	0
21.989	2
22.094	2
22.210	1
22.210	2
22.245	0
22.314	2
22.430	2
22.535	2
22.547	1
22.570	0
22.651	2
22.767	2
22.872	2
22.883	1
22.906	0
22.988	2
23.104	1
23.127	0
23.208	2
23.220	1
23.243	0
23.313	2
23.429	2
23.441	1
23.452	0
23.545	2
23.591	2
23.650	2
23.661	1
23.684	0
23.766	2
23.870	2
23.986	2
23.998	1
24.021	0
24.091	2
24.207	2
24.311	2
24.323	1
24.346	0
24.427	2
24.543	2
24.648	2
24.660	1
24.683	0
24.764	2
24.880	1
24.903	0
24.985	2
24.996	1
25.020	0
25.101	2
25.205	2
25.217	1
25.240	0
25.321	2
25.379	2
25.426	2
25.437	1
25.461	0
25.542	2
25.646	2
25.763	2
25.774	1
25.797	0
25.867	2
25.983	2
26.099	1
26.099	2
26.122	0
26.157	0
26.204	2
26.320	2
26.424	2
26.436	1
26.459	0
26.540	2
26.657	1
26.680	0
26.761	2
26.773	1
26.796	0
26.877	2
26.982	2
26.993	1
27.016	0
27.098	2
27.156	2
27.202	2
27.214	1
27.237	0
27.318	2
27.434	2
27.539	2
27.550	1
27.574	0
27.655	2
27.759	2
27.876	2
27.887	1
27.910	0
27.980	2
28.096	2
28.201	2
28.212	1
28.235	0
28.317	2
28.433	1
28.456	0
28.537	2
28.549	1
28.572	0
28.653	2
28.758	2
28.770	1
28.793	0
28.874	2
28.932	2
28.979	2
28.990	1
29.013	0
29.095	2
29.211	2
29.315	2
29.327	1
29.350	0
29.431	2
29.536	2
29.652	2
29.663	1
29.687	0
29.756	2
29.872	2
29.989	1
29.989	2
30.012	0
30.093	2
30.221	1
30.232	0
30.314	2
30.325	1
30.348	0
30.430	2
30.546	1
30.546	2
30.569	0
30.650	2
30.708	2
30.766	1
30.766	2
30.790	0
30.871	2
30.987	2
31.092	2
31.103	1
31.126	0
31.208	2
31.324	2
31.428	2
31.440	1
31.463	0
31.544	2
31.649	2
31.765	1
31.765	2
31.788	0
31.869	2
31.997	1
32.009	0
32.090	2
32.102	1
32.125	0
32.206	2
32.322	1
32.322	2
32.345	0
32.427	2
32.485	2
32.543	1
32.543	2
32.566	0
32.682	2
32.821	2
32.879	1
32.903	0
32.938	0
32.984	2
33.135	2
33.216	1
33.239	0
33.274	2
33.425	2
33.553	1
33.564	0
33.576	2
33.715	2
33.773	1
33.785	0
33.878	1
33.878	2
33.901	0
34.017	2
34.099	1
34.122	0
34.157	2
34.319	2
34.331	1
34.342	0
34.458	2
34.609	2
34.656	1
34.679	0
34.714	0
34.760	2
34.911	2
34.992	1
35.016	0
35.051	2
35.201	2
35.329	1
35.352	0
35.352	2
35.492	2
35.550	1
35.573	0
35.654	1
35.654	2
35.677	0
35.794	2
35.886	1
35.898	0
35.944	2
36.095	2
36.107	1
36.130	0
36.212	2
36.316	2
36.432	1
36.432	2
36.467	0
36.537	2
36.653	2
36.757	2
36.769	1
36.792	0
36.873	2
36.989	2
37.094	2
37.105	1
37.129	0
37.210	2
37.326	1
37.349	0
37.431	2
37.442	1
37.465	0
37.535	2
37.651	2
37.663	1
37.674	0
37.767	2
37.825	2
37.872	2
37.883	1
37.907	0
37.988	2
38.092	2
38.208	2
38.220	1
38.243	0
38.313	2
38.429	2
38.545	1
38.545	2
38.568	0
38.650	2
38.766	2
38.870	2
38.882	1
38.905	0
38.986	2
39.102	1
39.126	0
39.207	2
39.219	1
39.242	0
39.323	2
39.427	2
39.439	1
39.462	0
39.544	2
39.602	2
39.648	2
39.660	1
39.683	0
39.799	2
39.938	2
39.996	1
40.020	0
40.101	2
40.240	2
40.321	1
40.345	0
40.380	2
40.542	2
40.647	2
40.658	1
40.681	0
40.716	0
40.763	2
40.879	1
40.902	0
40.983	2
40.995	1
41.018	0
41.099	2
41.204	2
41.215	1
41.239	0
41.320	2
41.378	2
41.424	2
41.436	1
41.459	0
41.575	2
41.715	2
41.773	1
41.796	0
41.877	2
42.017	2
42.109	1
42.121	0
42.156	2
42.318	2
42.434	1
42.458	0
42.458	2
42.493	0
42.609	2
42.655	1
42.678	0
42.760	2
42.771	1
42.794	0
42.910	2
42.992	1
43.015	0
43.050	2
43.201	2
43.212	1
43.236	0
43.317	2
43.433	2
43.537	2
43.549	1
43.572	0
43.654	2
43.758	2
43.874	2
43.886	1
43.909	0
43.990	2
44.095	2
44.211	1
44.211	2
44.246	0
44.315	2
44.443	1
44.455	0
44.536	2
44.547	1
44.571	0
44.652	2
44.756	2
44.768	1
44.791	0
44.873	2
44.931	2
44.989	1
44.989	2
45.012	0
45.093	2
45.209	2
45.314	2
45.325	1
45.349	0
45.430	2
45.534	2
45.650	2
45.662	1
45.685	0
45.767	2
45.871	2
45.987	2
45.999	1
46.022	0
46.092	2
46.219	1
46.231	0
46.312	2
46.324	1
46.347	0
46.428	2
46.544	1
46.544	2
46.568	0
46.649	2
46.707	2
46.765	1
46.765	2
46.788	0
46.869	2
46.986	2
47.090	2
47.102	1
47.125	0
47.160	0
47.206	2
47.322	2
47.427	2
47.438	1
47.462	0
47.543	2
47.647	2
47.763	2
47.775	1
47.798	0
47.880	2
47.996	1
48.007	0
48.089	2
48.100	1
48.123	0
48.205	2
48.321	1
48.321	2
48.344	0
48.425	2
48.483	2
48.541	2
48.553	1
48.565	0
48.657	2
48.762	2
48.878	1
48.878	2
48.901	0
48.936	0
48.982	2
49.099	2
49.203	2
49.215	1
49.238	0
49.319	2
49.424	2
49.540	2
49.551	1
49.575	0
49.656	2
49.772	1
49.795	0
49.865	2
49.876	1
49.900	0
49.981	2
50.097	2
50.109	1
50.120	0
50.202	2
50.260	2
50.318	2
50.329	1
50.352	0
50.434	2
50.538	2
50.654	1
50.654	2
50.678	0
50.759	2
50.875	2
50.979	2
50.991	1
51.014	0
51.096	2
51.200	2
51.316	2
51.328	1
51.351	0
51.432	2
51.548	1
51.572	0
51.653	2
51.664	1
51.688	0
51.757	2
51.873	2
51.885	1
51.897	0
51.989	2
52.036	2
52.094	2
52.106	1
52.129	0
52.210	2
52.315	2
52.431	2
52.442	1
52.465	0
52.535	2
52.651	2
52.767	1
52.767	2
52.791	0
52.872	2
52.988	2
53.092	2
53.104	1
53.127	0
53.209	2
53.325	1
53.348	0
53.429	2
53.441	1
53.464	0
53.545	2
53.650	2
53.661	1
53.685	0
53.766	2
53.824	2
53.870	2
53.882	1
53.905	0
53.986	2
54.091	2
54.207	2
54.219	1
54.242	0
54.323	2
54.428	2
54.544	1
54.544	2
54.567	0
54.648	2
54.764	2
54.869	2
54.880	1
54.904	0
54.938	0
54.985	2
55.101	1
55.124	0
55.205	2
55.217	1
55.240	0
55.322	2
55.426	2
55.438	1
55.461	0
55.542	2
55.600	2
55.647	2
55.658	1
55.681	0
55.798	2
55.937	2
55.995	1
56.018	0
56.099	2
56.239	2
56.320	1
56.343	0
56.378	2
56.541	2
56.657	1
56.680	0
56.680	2
56.715	0
56.831	2
56.877	1
56.900	0
56.982	2
56.993	1
57.017	0
57.133	2
57.214	1
57.237	0
57.272	2
57.504	1
58.863	1
61.034	1
62.415	1
63.437	1
65.283	1
65.306	1
68.116	1
68.197	1
68.418	1
68.534	1
68.836	1
69.637	1
69.660	1
71.308	1
71.657	2
71.703	1
71.750	1
71.761	2
71.877	2
71.982	2
72.098	2
72.202	2
72.319	2
72.435	2
72.539	2
72.655	2
72.760	2
72.887	1
72.899	0
72.980	2
73.085	1
73.096	2
73.213	1
73.213	2
73.236	0
73.317	2
73.375	2
73.433	2
73.538	2
73.654	2
73.758	2
73.874	2
73.990	2
74.095	2
74.211	2
74.304	1
74.315	2
74.432	2
74.536	2
74.664	1
74.675	0
74.757	2
74.873	2
74.989	1
74.989	2
75.012	0
75.093	2
75.151	2
75.209	2
75.221	1
75.256	1
75.314	2
75.430	2
75.546	2
75.651	2
75.767	2
75.871	2
75.987	2
76.092	2
76.208	2
76.312	2
76.440	1
76.463	0
76.545	2
76.649	2
76.765	1
76.765	2
76.788	0
76.870	2
76.928	2
76.986	2
77.090	2
77.206	2
77.322	2
77.427	2
77.543	2
77.648	2
77.659	1
77.764	2
77.868	2
77.984	2
78.100	2
78.216	1
78.240	0
78.321	2
78.425	2
78.541	2
78.553	1
78.565	0
78.646	2
78.704	2
78.762	2
78.855	1
78.878	2
78.983	2
79.099	2
79.203	2
79.319	2
79.424	2
79.505	1
79.540	2
79.656	2
79.761	2
79.877	2
79.993	1
80.016	0
80.097	2
80.202	2
80.318	2
80.329	1
80.341	0
80.434	2
80.480	2
80.538	2
80.655	2
80.759	2
80.875	2
80.980	2
81.096	2
81.212	2
81.316	2
81.432	2
81.537	2
81.653	2
81.769	1
81.792	0
81.874	2
81.990	2
82.094	2
82.106	1
82.117	0
82.210	2
82.268	2
82.419	1
82.640	1
83.859	1
84.973	1
85.879	1
85.902	0
86.216	1
86.239	0
86.320	1
86.552	1
86.576	0
86.889	1
86.912	0
87.110	1
87.121	0
87.214	1
87.237	0
87.435	1
87.667	1
87.713	0
87.992	1
88.050	0
88.329	1
88.654	1
88.886	1
88.898	0
88.990	1
89.211	1
89.327	1
89.443	1
89.466	0
89.768	1
89.803	0
90.105	1
90.128	0
90.442	1
90.465	0
90.662	1
90.686	0
90.767	1
90.802	0
90.836	1
90.895	1
90.987	1
91.220	1
91.243	0
91.266	0
91.556	1
91.580	0
91.603	0
91.777	1
91.881	1
91.939	0
92.218	1
92.264	0
92.439	1
92.462	0
92.543	1
92.764	1
92.880	1
92.891	0
92.996	1
93.019	0
93.333	1
93.356	0
93.658	1
93.681	0
93.727	1
93.994	1
94.018	0
94.215	1
94.238	0
94.331	1
94.354	0
94.389	1
94.447	1
94.552	1
94.772	1
94.795	0
94.819	0
95.109	1
95.434	1
95.446	0
95.643	1
95.771	1
95.782	0
95.864	1
95.991	1
96.015	0
96.223	0
96.328	1
96.351	0
96.432	1
96.444	0
96.549	1
96.723	1
96.781	1
96.839	1
97.338	1
97.768	1
97.791	0
97.907	0
98.104	1
98.662	1
98.882	1
98.987	1
99.323	1
99.544	1
99.567	0
99.660	1
99.881	1
99.904	0
99.985	1
100.101	1
100.124	0
100.206	2
100.322	2
100.438	1
100.461	0
100.496	0
100.763	2
100.775	1
100.798	0
101.100	2
101.111	1
101.135	0
101.216	2
101.332	1
101.343	0
101.436	1
101.460	0
101.657	1
101.669	2
101.889	1
101.936	0
102.098	2
102.214	1
102.249	0
102.272	0
102.539	2
102.551	1
102.772	2
102.876	1
102.992	2
103.108	1
103.120	0
103.213	1
103.329	1
103.433	1
103.433	2
103.538	1
103.665	1
103.689	0
103.770	2
103.874	2
103.991	1
104.025	0
104.327	1
104.327	2
104.350	0
104.652	2
104.664	1
104.687	0
104.768	2
104.885	1
104.908	0
104.989	1
105.024	0
105.210	1
105.221	2
105.442	1
105.465	0
105.488	0
105.651	2
105.779	1
105.802	0
105.825	0
105.999	1
106.092	2
106.104	1
106.324	2
106.440	1
106.545	2
106.661	1
106.684	0
106.765	1
106.800	0
106.986	1
107.009	0
107.102	1
107.114	0
107.218	1
107.241	0
107.323	2
107.427	2
107.555	1
107.578	0
107.880	1
107.880	2
107.903	0
108.100	2
108.217	1
108.217	2
108.240	0
108.321	2
108.437	1
108.553	1
108.577	0
108.611	1
108.774	1
108.774	2
108.785	0
108.994	1
109.041	0
109.215	2
109.331	1
109.378	0
109.656	1
109.656	2
109.865	1
109.877	2
109.981	2
109.993	1
110.097	2
110.214	1
110.237	0
110.330	1
110.353	0
110.550	1
110.562	0
110.562	2
110.655	1
110.666	0
110.771	1
110.794	0
110.875	2
110.945	1
111.003	1
111.003	2
111.107	1
111.131	0
111.433	2
111.444	1
111.467	0
111.560	1
111.769	1
111.769	2
111.804	0
111.874	2
111.990	1
112.013	0
112.106	1
112.129	0
112.327	1
112.338	2
112.884	1
113.104	1
113.209	1
113.546	1
113.638	1
113.894	0
114.207	1
114.323	1
114.323	2
114.347	0
114.428	2
114.544	2
114.649	2
114.660	1
114.683	0
114.718	0
114.765	1
114.765	2
114.869	2
114.985	2
114.997	1
115.020	0
115.101	2
115.206	2
115.322	1
115.322	2
115.357	0
115.392	1
115.426	2
115.554	1
115.566	0
115.647	2
115.659	1
115.682	0
115.728	1
115.763	2
115.868	2
115.879	1
115.902	0
115.984	2
116.042	2
116.088	2
116.111	1
116.158	0
116.204	2
116.320	2
116.425	2
116.436	1
116.471	0
116.495	0
116.541	2
116.645	2
116.762	2
116.773	1
116.878	2
116.971	1
116.982	2
117.098	1
117.098	2
117.203	2
117.330	1
117.342	0
117.423	2
117.435	1
117.539	2
117.551	1
117.656	1
117.656	2
117.760	2
117.818	2
117.876	1
117.876	2
117.911	0
117.981	2
118.097	2
118.201	2
118.213	1
118.248	0
118.317	2
118.433	2
118.538	2
118.549	1
118.573	0
118.654	2
118.758	2
118.875	2
118.886	1
118.909	0
118.991	2
119.107	1
119.130	0
119.200	2
119.223	1
119.246	0
119.316	2
119.432	1
119.432	2
119.536	2
119.594	2
119.652	2
119.664	1
119.687	0
119.710	0
119.769	2
119.873	2
119.978	2
119.989	1
120.024	0
120.047	0
120.094	2
120.210	2
120.314	2
120.326	1
120.419	1
120.430	2
120.535	2
120.651	2
120.662	1
120.767	2
120.883	1
120.906	0
120.988	1
120.988	2
121.022	0
121.092	2
121.208	2
121.220	1
121.231	0
121.324	2
121.371	2
121.429	2
121.440	1
121.464	0
121.545	2
121.649	2
121.765	2
121.777	1
121.800	0
121.870	2
121.986	2
122.091	2
122.102	1
122.125	0
122.172	1
122.207	2
122.323	2
122.427	2
122.439	1
122.462	0
122.497	0
122.543	2
122.659	1
122.683	0
122.764	2
122.776	1
122.799	0
122.880	2
122.984	2
122.996	1
123.008	0
123.101	2
123.147	2
123.205	2
123.217	1
123.263	0
123.321	2
123.426	2
123.542	2
123.553	1
123.646	2
123.762	2
123.867	2
123.878	1
123.983	2
124.099	2
124.204	2
124.215	1
124.308	1
124.320	2
124.436	1
124.459	0
124.540	2
124.552	1
124.656	2
124.761	2
124.772	1
124.784	0
124.877	1
124.877	2
124.889	0
124.935	2
124.981	2
124.993	1
125.016	0
125.098	2
125.202	2
125.225	1
125.318	2
125.330	1
125.353	0
125.423	2
125.539	2
125.655	2
125.666	1
125.690	0
125.759	2
125.875	2
125.980	2
125.991	1
126.026	0
126.096	2
126.212	1
126.235	0
126.317	2
126.328	1
126.351	0
126.433	2
126.537	2
126.549	1
126.653	2
126.711	2
126.758	2
126.781	1
126.827	0
126.874	2
126.978	2
127.094	2
127.106	1
127.129	0
127.152	0
127.211	2
127.315	2
127.327	1
127.431	1
127.431	2
127.536	2
127.640	1
127.652	2
127.756	2
127.768	1
127.872	2
127.988	1
128.012	0
128.093	2
128.104	1
128.128	0
128.209	2
128.313	2
128.325	1
128.430	1
128.430	2
128.488	2
128.546	1
128.546	2
128.569	0
128.650	2
128.766	2
128.871	2
128.882	1
128.906	0
128.929	2
128.952	1
128.975	1
128.987	2
129.091	2
129.207	2
129.219	1
129.242	0
129.324	2
129.428	2
129.544	2
129.556	1
129.579	0
129.649	2
129.765	2
129.776	1
129.788	0
129.869	2
129.881	1
129.904	0
129.985	2
130.101	1
130.101	2
130.125	0
130.322	2
130.334	1
130.380	0
130.426	2
130.543	2
130.647	2
130.659	1
130.682	0
130.705	2
130.717	0
130.763	2
130.868	2
130.984	2
130.995	1
131.100	2
131.204	2
131.320	1
131.320	2
131.425	2
131.541	2
131.553	1
131.564	0
131.646	2
131.657	1
131.680	0
131.762	2
131.878	1
131.878	2
131.982	1
132.098	1
132.098	2
132.133	0
132.203	2
132.319	2
132.423	2
132.447	1
132.470	0
132.481	2
132.540	2
132.656	2
132.760	2
132.772	1
132.795	0
132.876	2
132.981	2
133.097	2
133.108	1
133.132	0
133.201	2
133.317	2
133.329	1
133.352	0
133.422	2
133.445	1
133.468	0
133.503	1
133.538	2
133.561	1
133.654	1
133.654	2
133.875	2
133.886	1
133.933	0
133.979	2
134.095	2
134.200	2
134.223	1
134.246	0
134.269	0
134.269	2
134.316	2
134.432	2
134.444	1
134.536	2
134.548	1
134.653	2
134.769	2
134.873	2
134.885	1
134.989	2
135.094	2
135.105	1
135.129	0
135.210	2
135.221	1
135.245	0
135.314	2
135.326	1
135.430	2
135.442	1
135.454	0
135.546	1
135.651	2
135.663	1
135.686	0
135.767	2
135.872	2
135.988	2
135.999	1
136.022	0
136.046	2
136.092	2
136.208	2
136.313	2
136.324	1
136.348	0
136.394	1
136.429	2
136.545	2
136.649	2
136.661	1
136.684	0
136.766	2
136.870	2
136.882	1
136.905	0
136.986	2
136.998	1
137.021	0
137.102	2
137.207	2
137.218	1
137.427	2
137.439	1
137.462	0
137.485	0
137.543	2
137.648	2
137.764	2
137.776	1
137.822	2
137.868	2
137.985	2
138.089	2
138.101	1
138.205	2
138.310	1
138.321	2
138.426	2
138.437	1
138.530	1
138.542	2
138.646	2
138.658	1
138.681	0
138.762	2
138.774	1
138.797	0
138.879	2
138.983	2
138.995	1
139.006	0
139.099	1
139.111	0
139.204	2
139.215	1
139.238	0
139.320	2
139.424	2
139.505	1
139.540	2
139.552	1
139.575	0
139.598	2
139.645	2
139.761	2
139.877	1
139.877	2
139.912	0
139.981	2
140.098	2
140.202	2
140.214	1
140.249	0
140.318	2
140.434	1
140.434	2
140.458	0
140.539	2
140.550	1
140.574	0
140.655	2
140.759	2
140.771	1
140.783	0
140.980	2
141.003	1
141.050	0
141.096	2
141.201	2
141.317	2
141.328	1
141.351	0
141.375	0
141.375	2
141.433	2
141.537	2
141.549	1
141.653	1
141.653	2
141.758	2
141.874	2
141.978	2
141.990	1
142.095	2
142.211	1
142.211	2
142.234	0
142.315	2
142.327	1
142.350	0
142.431	2
142.536	2
142.547	1
142.652	1
142.768	1
142.768	2
142.791	0
142.896	0
142.907	2
143.047	2
143.105	1
143.163	0
143.209	2
143.348	2
143.441	1
143.464	0
143.499	2
143.650	2
143.766	1
143.801	2
143.813	0
143.940	2
143.999	1
144.091	2
144.103	1
144.161	0
144.242	0
144.242	2
144.324	1
144.347	0
144.382	2
144.428	0
144.475	0
144.544	2
144.556	1
144.579	0
144.684	2
144.834	2
144.881	1
144.962	0
144.985	2
145.125	2
145.218	1
145.241	0
145.276	0
145.276	2
145.427	2
145.543	1
145.578	0
145.578	2
145.717	2
145.775	1
145.786	0
145.868	2
145.879	1
145.903	0
145.937	0
145.949	1
146.007	0
146.019	2
146.100	1
146.158	0
146.158	2
146.193	0
146.321	2
146.332	1
146.355	0
146.390	0
146.460	2
146.471	0
146.541	0
146.611	2
146.657	1
146.680	0
146.762	2
146.913	2
146.994	1
147.006	0
147.052	0
147.052	2
147.075	0
147.087	1
147.203	2
147.331	1
147.354	0
147.354	2
147.493	2
147.551	1
147.574	0
147.656	1
147.656	2
147.691	0
147.725	1
147.795	2
147.876	1
147.923	0
147.934	2
148.004	0
148.097	2
148.108	1
148.167	0
148.190	0
148.225	1
148.236	2
148.283	1
148.387	2
148.434	1
148.468	0
148.503	1
148.538	2
148.689	2
148.770	1
148.793	0
148.828	2
148.863	1
148.979	2
149.107	0
149.107	1
149.130	2
149.165	0
149.188	0
149.269	2
149.328	1
149.432	2
149.444	1
149.467	0
149.502	1
149.571	2
149.583	0
149.664	1
149.687	0
149.722	2
149.780	0
149.873	2
149.885	1
149.908	0
150.013	2
150.059	1
150.082	1
150.163	2
150.210	1
150.245	0
150.314	2
150.465	2
150.547	1
150.570	0
150.605	2
150.616	1
150.639	1
150.767	2
150.883	1
150.906	0
150.906	2
151.046	2
151.104	1
151.127	0
151.208	2
151.220	1
151.243	0
151.348	2
151.394	1
151.441	1
151.452	0
151.499	2
151.650	2
151.661	1
151.684	0
151.800	2
151.940	2
151.998	1
152.021	0
152.091	2
152.242	2
152.335	1
152.358	0
152.381	2
152.416	1
152.543	2
152.660	1
152.683	0
152.683	2
152.822	2
152.880	1
152.903	0
152.985	2
152.996	1
153.020	0
153.124	2
153.217	1
153.275	2
153.426	2
153.449	1
153.472	0
153.577	2
153.716	2
153.774	1
153.797	0
153.879	2
154.018	2
154.111	1
154.134	0
154.157	2
154.204	1
154.320	2
154.436	1
154.459	2
154.471	0
154.506	1
154.610	2
154.657	1
154.680	0
154.761	2
154.773	1
154.796	0
154.912	2
154.993	1
155.051	2
155.167	1
155.202	2
155.225	1
155.237	0
155.353	2
155.492	2
155.550	1
155.574	0
155.655	2
155.794	2
155.887	1
155.910	0
155.934	2
156.096	2
156.212	1
156.235	0
156.235	2
156.282	1
156.386	2
156.433	1
156.456	0
156.537	2
156.549	1
156.572	0
156.619	1
156.688	2
156.770	1
156.828	2
156.979	2
157.002	1
157.013	0
157.095	2
157.118	1
157.141	0
157.211	0
157.211	2
157.315	2
157.327	1
157.350	0
157.373	0
157.420	1
157.431	2
157.536	2
157.652	2
157.663	0
157.663	1
157.722	0
157.745	0
157.768	2
157.872	2
157.989	1
157.989	2
158.023	0
158.093	0
158.093	2
158.221	1
158.232	0
158.314	2
158.325	1
158.360	0
158.395	1
158.430	2
158.453	0
158.534	2
158.546	1
158.592	0
158.639	0
158.650	1
158.650	2
158.685	0
158.708	2
158.766	1
158.766	2
158.801	0
158.813	1
158.859	0
158.859	1
158.871	2
158.894	1
158.906	0
158.987	0
158.987	2
159.092	2
159.103	1
159.126	0
159.208	0
159.208	2
159.324	2
159.428	2
159.440	1
159.486	0
159.544	2
159.556	0
159.649	2
159.765	1
159.765	2
159.800	0
159.835	0
159.858	0
159.869	2
159.997	1
160.009	0
160.090	2
160.102	1
160.125	0
160.171	1
160.206	2
160.322	1
160.322	2
160.369	0
160.427	2
160.450	0
160.485	2
160.543	1
160.543	2
160.601	0
160.636	0
160.647	2
160.670	1
160.752	0
160.763	2
160.868	2
160.879	1
160.903	0
160.949	1
160.984	2
161.100	2
161.205	2
161.216	1
161.239	0
161.321	2
161.425	2
161.541	2
161.553	0
161.553	1
161.599	0
161.634	0
161.646	2
161.773	1
161.843	0
161.878	1
161.878	2
161.913	0
161.948	0
161.948	1
161.982	2
162.006	1
162.029	0
162.099	1
162.099	2
162.110	0
162.133	0
162.203	2
162.226	0
162.261	2
162.319	1
162.319	2
162.354	0
162.424	2
162.447	0
162.528	0
162.540	2
162.656	1
162.656	2
162.714	0
162.749	0
162.760	2
162.876	2
162.981	2
162.992	1
163.016	0
163.097	2
163.143	0
163.201	2
163.213	0
163.318	2
163.329	1
163.352	0
163.376	0
163.434	2
163.550	1
163.561	0
163.619	0
163.654	2
163.666	1
163.747	0
163.759	2
163.794	0
163.875	2
163.886	1
163.898	0
163.979	2
163.991	0
164.037	2
164.107	1
164.130	0
164.444	1
164.467	0
164.769	1
164.804	0
165.105	1
165.129	0
165.326	1
165.349	0
165.442	1
165.465	0
165.558	1
165.663	1
165.883	1
165.907	0
166.220	1
166.243	0
166.545	1
166.580	0
166.615	1
166.882	1
166.905	0
166.975	1
167.102	1
167.126	0
167.219	1
167.242	0
167.439	1
167.544	1
167.660	1
167.683	0
167.996	1
168.020	0
168.333	1
168.356	0
168.426	1
168.658	1
168.681	0
168.879	1
168.902	0
168.995	1
169.018	0
169.215	1
169.320	1
169.332	0
169.436	1
169.459	0
169.773	1
169.796	0
170.109	1
170.133	0
170.284	1
170.434	1
170.458	0
170.655	1
170.678	0
170.771	1
170.794	0
170.992	1
171.096	1
171.224	1
171.259	1
172.211	1
172.222	0
172.664	1
172.884	1
173.105	1
173.325	1
173.662	0
173.767	1
173.999	0
174.335	0
174.649	1
174.800	0
175.775	0
175.775	1
176.112	1
176.216	1
176.437	1
176.657	1
176.878	1
177.215	1
177.319	1
177.435	1
177.551	0
177.876	1
177.993	1
178.341	1
178.352	0
179.107	1
179.328	0
179.328	1
179.664	1
179.769	1
179.989	1
180.210	1
180.431	1
180.872	1
181.104	0
181.441	0
181.766	1
181.777	0
181.917	0
182.671	1
182.880	1
183.217	0
183.217	1
183.333	1
183.554	1
183.983	1
184.320	1
184.436	1
184.668	0
184.993	1
185.098	1
185.446	1
185.469	0
185.504	1
186.433	1
186.445	0
186.770	1
186.886	1
187.106	1
187.327	1
187.548	1
187.884	0
187.989	1
188.221	0
188.558	0
188.871	1
189.022	0
189.057	1
189.777	1
189.997	0
189.997	1
190.438	1
190.659	1
190.880	1
191.100	1
191.437	1
191.541	1
191.774	0
192.215	1
192.563	1
192.575	0
193.550	0
193.550	1
193.887	0
193.887	1
193.991	1
194.223	1
194.432	1
194.653	1
195.094	1
195.326	0
195.663	0
195.988	1
196.000	0
199.761	2
199.877	2
200.319	2
200.771	2
200.887	1
200.899	0
201.213	1
201.213	2
201.538	2
201.572	0
201.642	0
201.654	2
201.793	0
201.863	0
202.106	2
202.327	2
202.548	2
202.664	1
202.675	0
202.989	1
203.012	0
203.326	2
203.430	2
203.871	2
204.324	2
204.440	1
204.463	0
204.765	1
204.765	2
204.788	0
205.090	2
205.125	0
205.195	0
205.218	2
205.346	0
205.415	0
205.578	0
205.648	2
205.880	2
206.100	2
206.216	1
206.240	0
206.553	1
206.553	2
206.565	0
206.669	0
206.878	2
207.761	2
207.993	1
208.016	0
208.329	1
208.573	0
208.678	0
208.747	0
208.771	2
208.910	0
208.980	0
209.223	2
209.653	2
209.769	1
209.792	0
210.106	1
210.106	2
210.117	0
210.292	0
210.431	2
211.325	2
211.545	1
211.569	0
211.882	1
212.242	0
212.312	0
212.463	0
212.532	0
212.683	0
212.753	0
213.322	1
213.345	0
213.519	1
213.658	1
213.670	0
213.786	0
213.879	2
213.891	1
213.902	0
213.937	0
213.972	0
213.983	2
214.100	2
214.204	2
214.216	1
214.239	0
214.320	2
214.425	2
214.541	2
214.552	1
214.645	0
214.657	2
214.761	2
214.877	2
214.889	1
214.901	0
214.936	0
214.982	2
215.110	1
215.121	0
215.203	2
215.226	1
215.237	0
215.319	2
215.435	1
215.435	2
215.539	2
215.597	2
215.655	2
215.667	1
215.679	0
215.713	0
215.760	2
215.876	2
215.980	2
215.992	1
216.015	0
216.097	2
216.201	2
216.317	2
216.329	1
216.433	2
216.538	2
216.654	2
216.665	1
216.735	1
216.758	2
216.886	1
216.909	0
216.979	2
216.990	1
217.014	0
217.095	2
217.211	1
217.211	2
217.234	0
217.316	2
217.374	2
217.432	1
217.432	2
217.455	0
217.525	0
217.536	2
217.652	2
217.757	2
217.780	1
217.803	0
217.873	2
217.989	2
218.093	2
218.117	1
218.128	0
218.198	0
218.210	2
218.314	2
218.430	2
218.442	1
218.465	0
218.535	2
218.662	1
218.686	0
218.755	2
218.778	1
218.802	0
218.860	0
218.871	2
218.987	1
218.987	2
219.011	0
219.092	2
219.150	2
219.208	2
219.220	1
219.243	0
219.324	2
219.417	0
219.429	2
219.533	2
219.545	1
219.568	0
219.638	0
219.649	2
219.765	2
219.870	2
219.881	1
219.905	0
219.986	2
220.090	2
220.206	2
220.218	1
220.323	2
220.439	1
220.462	0
220.532	2
220.543	1
220.566	0
220.648	2
220.764	2
220.775	1
220.787	0
220.868	2
220.891	0
220.926	2
220.984	2
220.996	1
221.019	0
221.100	2
221.205	2
221.321	2
221.333	1
221.356	0
221.414	0
221.425	2
221.542	2
221.646	2
221.669	1
221.681	0
221.716	0
221.762	2
221.878	2
221.983	2
221.994	1
222.018	0
222.099	2
222.215	1
222.238	0
222.319	2
222.331	1
222.354	0
222.424	2
222.540	2
222.552	1
222.563	0
222.656	2
222.703	2
222.761	2
222.772	1
222.795	0
222.877	2
222.981	0
222.981	2
223.097	2
223.109	1
223.121	0
223.202	0
223.202	2
223.318	2
223.422	2
223.434	1
223.539	2
223.655	2
223.759	2
223.771	1
223.875	2
223.991	1
224.015	0
224.096	2
224.107	1
224.119	0
224.212	2
224.316	2
224.328	1
224.340	0
224.432	2
224.491	2
224.537	2
224.549	1
224.572	0
224.641	0
224.653	2
224.758	2
224.874	2
224.885	1
224.908	0
224.978	0
224.978	2
225.094	2
225.210	2
225.222	1
225.245	0
225.303	0
225.315	2
225.431	2
225.535	2
225.559	1
225.582	0
225.640	0
225.652	2
225.768	1
225.791	0
225.872	2
225.884	1
225.907	0
225.977	0
225.988	2
226.093	2
226.104	1
226.209	2
226.267	2
226.313	2
226.325	1
226.348	0
226.418	0
226.429	2
226.534	0
226.545	2
226.650	2
226.662	1
226.685	0
226.754	0
226.766	2
226.871	2
226.905	0
226.987	1
226.987	2
227.091	2
227.207	2
227.312	2
227.323	1
227.347	0
227.370	0
227.405	1
227.428	2
227.544	1
227.567	0
227.648	2
227.660	1
227.683	0
227.765	2
227.869	2
227.881	1
227.904	0
227.985	2
228.008	0
228.043	2
228.090	2
228.113	1
228.124	0
228.194	0
228.206	2
228.322	2
228.426	2
228.450	1
228.461	0
228.542	2
228.647	2
228.763	2
228.775	1
228.879	2
228.984	2
229.100	2
229.111	1
229.123	0
229.204	2
229.332	1
229.343	0
229.425	2
229.448	1
229.460	0
229.541	2
229.657	1
229.657	2
229.761	2
229.820	2
229.878	2
229.889	1
229.901	0
229.982	2
230.098	2
230.203	2
230.237	0
230.319	2
230.435	2
230.539	1
230.539	2
230.655	2
230.760	2
230.876	2
230.980	2
231.108	1
231.201	2
231.213	1
231.317	2
231.433	2
231.538	2
231.596	2
231.654	2
231.758	2
231.874	2
231.979	2
232.095	2
232.211	2
232.316	2
232.432	2
232.536	2
232.652	2
232.757	2
232.885	1
232.977	2
233.094	2
233.210	2
233.430	2
233.651	2
233.767	2
233.871	2
233.987	2
