0.383	1
0.418	0
1.231	2
1.242	1
1.277	0
1.881	1
1.916	0
2.090	2
2.101	1
2.136	0
2.926	2
2.961	1
2.984	0
3.274	1
3.309	0
3.541	2
3.599	1
3.634	0
3.808	1
3.843	0
4.180	2
4.342	2
4.458	1
4.458	2
4.493	0
4.992	1
5.027	0
5.317	1
5.341	0
5.480	2
5.526	1
5.561	0
6.165	1
6.200	0
6.316	2
6.385	1
6.420	0
7.024	1
7.059	0
7.245	1
7.268	0
7.883	1
7.918	0
8.092	2
8.104	1
8.127	0
8.417	1
8.452	0
8.940	2
8.951	1
8.986	0
9.601	1
9.636	0
9.776	2
10.136	1
10.170	0
10.461	1
10.484	0
10.995	1
11.029	0
11.204	2
11.320	2
11.529	1
11.564	0
11.854	1
11.877	0
12.330	2
12.388	1
12.411	0
13.026	1
13.061	0
13.177	2
13.560	1
13.595	0
13.665	2
13.688	1
13.886	1
13.909	0
14.095	1
14.129	0
14.420	1
14.454	0
14.745	1
14.768	0
14.988	0
15.023	2
15.279	1
15.314	0
15.604	1
15.627	0
15.813	1
15.848	0
16.138	1
16.161	0
16.451	1
16.486	0
16.695	0
16.997	1
17.020	0
17.310	1
17.345	0
17.531	1
17.554	0
17.845	1
17.879	0
18.170	1
18.204	0
18.413	0
18.704	1
18.739	0
19.029	1
19.064	0
19.238	1
19.273	0
19.563	1
19.598	0
19.888	1
19.911	0
20.132	0
20.422	1
20.457	0
20.735	1
20.770	0
20.956	1
20.991	0
21.281	1
21.304	0
21.595	1
21.629	0
21.838	0
22.129	1
22.163	0
22.454	1
22.489	0
22.674	1
22.698	0
22.988	1
23.023	0
23.290	2
23.313	1
23.348	0
23.557	0
23.708	2
23.847	1
23.882	0
24.172	1
24.207	0
24.381	1
24.416	0
24.706	1
24.741	0
25.031	1
25.054	0
25.263	0
25.565	1
25.600	0
25.879	1
25.913	0
26.099	1
26.134	0
26.424	1
26.448	0
26.738	1
26.773	0
26.982	0
27.272	1
27.307	0
27.597	1
27.632	0
27.806	1
28.131	1
28.166	0
28.456	1
28.479	0
28.665	1
28.700	0
29.013	0
29.315	1
29.338	0
29.524	1
29.559	0
29.849	1
29.872	0
30.174	1
30.198	0
30.383	1
30.418	0
30.732	0
31.022	1
31.057	0
31.242	1
31.277	0
31.568	1
31.591	0
31.881	1
31.916	0
32.102	1
32.125	0
32.241	2
32.450	0
32.740	1
32.775	0
32.961	1
32.984	0
33.274	1
33.309	0
33.599	1
33.634	0
33.808	1
33.843	0
34.157	0
34.458	1
34.482	0
34.667	1
34.702	0
34.992	1
35.027	0
35.318	1
35.341	0
35.527	1
35.561	0
35.875	0
36.165	1
36.200	0
36.386	1
36.420	0
36.711	1
36.734	0
37.024	1
37.059	0
37.245	1
37.268	0
37.593	0
37.883	1
37.918	0
38.104	1
38.127	0
38.243	2
38.417	1
38.452	0
38.742	1
38.766	0
38.951	1
38.986	0
39.300	0
39.602	1
39.625	0
39.811	1
39.845	0
40.136	1
40.159	0
40.461	1
40.484	0
40.739	2
41.529	0
48.379	0
48.379	1
55.240	1
55.275	0
56.134	0
56.738	1
56.773	0
56.959	1
56.993	0
57.028	2
57.853	0
58.131	1
58.166	0
58.456	1
58.491	0
58.665	1
58.700	0
59.315	1
59.350	0
59.582	2
59.849	1
59.884	0
60.175	1
60.198	0
60.383	1
60.383	2
60.418	0
61.022	1
61.057	0
61.277	0
61.881	1
61.916	0
62.102	1
62.137	0
62.740	1
62.775	0
62.984	0
63.274	1
63.309	0
63.356	2
63.808	1
63.843	0
64.459	1
64.493	0
64.993	1
65.027	0
65.318	1
65.341	0
65.596	2
65.852	1
65.875	0
66.421	0
66.711	1
66.734	0
67.245	1
67.280	0
67.884	1
67.918	0
68.418	1
68.452	0
68.522	2
68.545	1
68.743	1
68.766	0
68.963	1
68.986	0
69.277	1
69.312	0
69.602	1
69.637	0
69.811	1
69.846	0
70.461	1
70.484	0
70.670	1
70.705	0
70.995	1
71.030	0
71.308	1
71.343	0
71.529	1
71.564	0
71.854	1
71.877	0
72.168	1
72.202	0
72.388	1
72.411	0
72.702	1
72.737	0
73.027	1
73.062	0
73.247	1
73.271	0
73.572	1
73.596	0
73.886	1
73.921	0
74.095	1
74.130	0
74.420	1
74.455	0
74.536	2
74.745	1
74.780	0
74.954	1
74.989	0
75.314	0
75.604	1
75.627	0
75.813	1
75.836	0
76.138	1
76.173	0
76.254	2
76.452	1
76.487	0
76.672	1
76.707	0
77.311	1
77.346	0
77.531	1
77.555	0
77.845	1
77.880	0
78.170	1
78.205	0
78.391	1
78.414	0
78.565	2
78.739	0
79.029	1
79.064	0
79.238	1
79.273	0
79.563	1
79.598	0
79.888	1
79.923	0
80.097	1
80.132	0
80.422	1
80.457	0
80.747	1
80.771	0
80.956	1
80.991	0
81.281	1
81.305	0
81.595	1
81.630	0
81.816	1
81.850	0
82.152	1
82.164	0
82.454	1
82.489	0
82.663	1
82.698	0
82.988	1
83.023	0
83.313	1
83.348	0
83.522	1
83.557	0
83.882	0
84.172	1
84.207	0
84.381	1
84.416	0
84.706	1
84.741	0
85.031	1
85.055	0
85.240	1
85.275	0
85.566	1
85.600	0
85.879	1
85.914	0
86.100	1
86.134	0
86.425	1
86.448	0
86.738	1
86.773	0
86.959	1
86.959	2
86.994	0
87.284	1
87.307	0
87.597	1
87.632	0
87.818	1
87.841	0
88.131	1
88.166	0
88.456	1
88.491	0
88.665	1
88.700	0
89.002	1
89.025	0
89.316	1
89.350	0
89.525	1
89.548	0
89.850	1
89.884	0
90.175	1
90.198	0
90.384	1
90.419	0
90.732	0
91.034	1
91.057	0
91.243	1
91.278	0
91.568	1
91.591	0
91.881	1
91.916	0
92.102	1
92.137	0
92.450	0
92.740	1
92.775	0
92.961	1
92.984	0
93.275	1
93.309	0
93.600	1
93.634	0
93.809	1
93.843	0
94.169	0
94.459	1
94.494	0
94.668	1
94.703	0
94.993	1
95.028	0
95.318	1
95.341	0
95.527	1
95.527	2
95.562	0
95.887	0
96.165	1
96.200	0
96.386	1
96.409	0
96.491	0
97.280	0
97.535	2
97.884	1
97.919	0
98.104	1
98.128	0
98.987	0
99.277	1
99.312	0
99.602	1
99.637	0
99.811	1
99.846	0
100.461	1
100.484	0
100.995	1
101.018	0
101.309	1
101.343	0
101.529	1
101.564	0
102.168	1
102.203	0
102.423	0
103.027	1
103.062	0
103.248	1
103.271	0
103.886	1
103.921	0
104.130	0
104.420	1
104.455	0
104.954	1
104.989	0
105.593	1
105.628	0
105.871	2
106.138	1
106.162	0
106.452	1
106.487	0
106.742	2
106.986	1
107.021	0
107.566	0
107.590	2
107.845	1
107.880	0
108.391	1
108.414	0
108.449	2
109.029	1
109.064	0
109.563	1
109.598	0
109.888	1
109.912	0
110.097	0
110.945	2
111.363	2
111.792	2
112.640	2
113.894	2
114.068	2
114.184	2
115.194	2
116.030	2
116.947	1
116.959	0
122.508	2
123.379	2
123.402	1
123.809	1
123.844	0
124.459	1
124.482	0
124.703	0
124.993	1
125.028	0
125.527	1
125.562	0
125.829	2
126.166	1
126.200	0
126.711	1
126.735	0
127.025	1
127.060	0
127.257	2
127.303	2
127.559	1
127.594	0
128.139	0
128.418	1
128.453	0
128.952	1
128.987	0
129.602	1
129.625	0
129.881	2
130.136	1
130.171	0
130.461	1
130.485	0
130.670	1
130.705	0
130.995	1
131.030	0
131.320	1
131.344	0
131.529	1
131.564	0
132.168	1
132.203	0
132.389	1
132.412	0
132.679	2
132.702	1
132.737	0
133.027	1
133.062	0
133.248	1
133.271	0
133.573	1
133.596	0
133.886	1
133.921	0
134.095	1
134.130	0
134.420	1
134.455	0
134.745	1
134.769	0
134.954	1
134.989	0
135.314	0
135.605	1
135.628	0
135.814	1
135.848	0
136.139	1
136.162	0
136.452	1
136.487	0
136.673	1
136.707	0
137.021	0
137.311	1
137.346	0
137.520	1
137.567	0
137.845	1
137.880	0
138.170	1
138.205	0
138.391	1
138.414	0
138.530	2
138.739	0
139.029	1
139.064	0
139.238	1
139.273	0
139.564	1
139.598	0
139.889	1
139.912	0
140.098	1
140.132	0
140.423	1
140.458	0
140.748	1
140.771	0
140.957	1
140.992	0
141.282	1
141.305	0
141.444	2
141.595	1
141.630	0
141.816	1
141.851	0
142.164	0
142.454	1
142.489	0
142.675	1
142.698	0
142.988	1
143.023	0
143.302	2
143.314	1
143.348	0
143.523	1
143.557	0
143.882	0
144.173	1
144.208	0
144.382	1
144.405	0
144.707	1
144.742	0
145.032	1
145.055	0
145.241	1
145.276	0
145.380	2
145.891	1
145.914	0
146.100	1
146.135	0
146.425	1
146.448	0
146.739	1
146.773	0
146.959	1
146.994	0
147.284	1
147.307	0
147.598	1
147.632	0
147.818	1
147.841	0
148.132	1
148.167	0
148.457	1
148.492	0
148.666	1
148.701	0
149.026	0
149.316	1
149.351	0
149.525	1
149.560	0
149.850	1
149.885	0
150.175	1
150.198	0
150.384	1
150.419	0
150.709	1
150.732	0
151.023	1
151.057	0
151.232	1
151.278	0
151.568	1
151.591	0
151.882	1
151.917	0
152.102	1
152.137	0
152.741	1
152.776	0
152.961	1
152.985	0
153.275	1
153.310	0
153.600	1
153.623	0
153.809	1
153.844	0
154.169	0
154.459	1
154.482	0
154.668	1
154.703	0
154.993	1
155.028	0
155.318	1
155.341	0
155.527	1
155.562	0
155.852	1
155.887	0
156.166	1
156.201	0
156.386	1
156.421	0
156.700	1
156.735	0
157.025	1
157.060	0
157.246	1
157.269	0
157.571	1
157.594	0
157.605	2
157.884	1
157.919	0
158.105	1
158.128	0
158.418	1
158.453	0
158.743	1
158.778	0
158.964	1
158.987	0
159.602	1
159.637	0
159.811	1
159.846	0
160.136	1
160.171	0
160.485	0
160.670	1
160.705	0
161.019	0
161.309	1
161.344	0
161.530	1
161.564	0
161.843	1
161.878	0
162.168	1
162.203	0
162.389	1
162.412	0
162.737	0
163.027	1
163.062	0
163.248	1
163.271	0
163.561	1
163.596	0
163.886	1
163.921	0
164.095	1
164.130	0
164.455	0
164.746	1
164.769	0
