0.244	1
0.267	0
0.720	1
0.743	0
1.196	1
1.219	0
1.672	1
1.695	0
1.904	0
1.904	1
2.148	1
2.171	0
2.624	1
2.647	0
3.100	1
3.123	0
3.448	0
3.576	1
3.599	0
3.796	1
3.820	0
4.052	1
4.075	0
4.528	1
4.551	0
5.004	1
5.027	0
5.480	1
5.503	0
5.700	1
5.956	1
5.979	0
6.432	1
6.455	0
6.920	1
6.931	0
7.256	0
7.396	1
7.407	0
7.616	1
7.639	0
7.872	1
7.883	0
8.348	1
8.359	0
8.824	1
8.835	0
9.300	1
9.311	0
9.520	1
9.520	2
9.532	0
9.776	1
9.787	0
10.252	1
10.263	0
10.728	1
10.751	0
11.204	1
11.215	0
11.424	1
11.424	2
11.436	0
11.680	1
11.703	0
12.156	1
12.179	0
12.632	1
12.655	0
13.108	1
13.131	0
13.328	2
15.488	1
15.511	0
15.964	1
15.987	0
16.440	1
16.463	0
16.916	1
16.939	0
17.136	1
17.148	0
17.392	1
17.415	0
17.868	1
17.891	0
18.344	1
18.367	0
18.820	1
18.843	0
19.040	1
19.052	0
19.296	1
19.319	0
19.772	1
19.795	0
20.248	1
20.271	0
20.724	1
20.747	0
20.944	1
20.956	0
21.200	1
21.223	0
21.676	1
21.699	0
22.152	1
22.175	0
22.628	1
22.651	0
22.848	1
22.860	0
23.104	1
23.127	0
23.580	1
23.603	0
24.056	1
24.079	0
24.532	1
24.555	0
24.752	1
24.764	0
25.008	1
25.031	0
25.484	1
25.507	0
25.960	1
25.983	0
26.436	1
26.459	0
26.657	1
26.691	0
26.715	0
26.912	1
26.935	0
27.388	1
27.411	0
27.864	1
27.887	0
28.340	1
28.363	0
28.561	1
28.619	0
28.804	0
30.708	2
30.720	1
30.743	0
31.184	2
31.196	1
31.219	0
31.324	0
31.660	2
31.672	1
31.695	0
32.136	2
32.148	1
32.171	0
32.369	1
32.380	2
32.392	0
32.520	0
32.612	2
32.624	1
32.647	0
33.088	2
33.100	1
33.123	0
33.564	2
33.576	1
33.599	0
33.924	0
34.040	2
34.052	1
34.075	0
34.273	1
34.284	2
34.296	0
34.319	0
34.424	0
34.516	2
34.528	1
34.551	0
34.667	0
34.992	2
35.004	1
35.027	0
35.468	2
35.492	1
35.503	0
35.944	2
35.956	1
35.979	0
36.188	1
36.188	2
36.212	0
36.420	2
36.432	1
36.455	0
36.583	0
36.897	2
36.920	1
36.931	0
37.036	2
37.373	2
37.396	1
37.407	0
37.790	2
37.849	2
37.872	1
37.883	0
38.092	1
38.092	2
38.127	0
38.243	0
38.325	2
38.348	1
38.359	0
38.801	2
38.824	1
38.835	0
39.277	2
39.300	1
39.311	0
39.753	2
39.764	1
39.787	0
39.996	1
39.996	2
40.229	2
40.252	1
40.263	0
40.507	0
40.716	2
40.728	1
40.739	0
41.192	2
41.204	1
41.227	0
41.552	0
41.668	2
41.680	1
41.691	0
41.900	1
41.912	0
41.912	2
42.051	0
42.144	2
42.156	1
42.179	0
42.295	0
42.620	2
42.632	1
42.655	0
42.771	0
43.096	2
43.108	1
43.131	0
43.328	0
43.572	2
43.584	1
43.607	0
43.804	1
43.816	2
43.839	0
44.048	2
44.060	1
44.083	0
44.188	0
44.327	0
44.524	2
44.536	1
44.559	0
44.664	0
45.000	2
45.012	1
45.035	0
45.349	1
45.418	1
45.476	2
45.488	1
45.511	0
45.720	2
45.732	0
45.952	2
45.964	1
45.987	0
46.092	0
46.219	0
46.428	2
46.440	1
46.463	0
46.568	0
46.904	2
46.916	1
46.939	0
47.380	2
47.392	1
47.415	0
47.613	1
47.624	0
47.624	2
47.856	2
47.868	1
47.891	0
48.332	2
48.344	1
48.367	0
48.483	0
48.808	2
48.820	1
48.843	0
49.284	2
49.296	1
49.319	0
49.517	1
49.528	0
49.528	2
49.760	2
49.772	1
49.795	0
49.911	0
50.027	0
50.236	2
50.248	1
50.271	0
50.376	0
50.712	2
50.724	1
50.747	0
51.188	2
51.200	1
51.223	0
51.432	2
51.664	2
51.676	1
51.699	0
51.815	0
51.943	0
52.140	2
52.152	1
52.175	0
52.291	0
52.616	2
52.628	1
52.651	0
53.034	2
53.092	2
53.104	1
53.127	0
53.336	2
53.568	2
53.847	0
54.044	2
54.520	2
54.996	2
55.240	2
55.472	2
55.612	0
55.740	0
55.948	2
56.099	0
56.424	2
56.842	1
56.900	2
57.144	2
57.609	1
57.644	0
58.003	0
59.339	0
59.362	1
59.768	1
59.838	1
59.954	1
60.012	0
60.534	0
60.546	1
60.883	0
60.906	1
61.010	0
61.022	1
61.185	2
61.196	1
61.219	0
61.336	0
61.661	2
61.672	1
61.695	0
62.137	2
62.148	1
62.171	0
62.427	0
62.613	2
62.624	1
62.647	0
62.856	0
62.856	1
62.856	2
63.089	2
63.100	1
63.123	0
63.332	2
63.565	2
63.576	1
63.599	0
64.041	2
64.052	1
64.075	0
64.331	0
64.401	1
64.517	2
64.528	1
64.551	0
64.749	1
64.760	2
64.772	0
64.993	2
65.004	1
65.027	0
65.469	2
65.480	1
65.503	0
65.945	2
65.956	1
65.980	0
66.421	2
66.432	1
66.456	0
66.653	1
66.664	2
66.827	1
66.839	0
66.897	2
66.920	1
66.932	0
67.373	2
67.384	1
67.408	0
67.512	2
67.849	2
67.872	1
67.884	0
68.139	0
68.209	1
68.267	2
68.325	2
68.348	1
68.360	0
68.569	1
68.569	2
68.592	0
68.801	2
68.812	1
68.836	0
68.963	0
69.277	2
69.300	1
69.312	0
69.753	2
69.776	1
69.788	0
70.043	0
70.113	1
70.229	2
70.252	1
70.264	0
70.473	1
70.473	2
70.484	0
70.647	0
70.705	2
70.728	1
70.740	0
71.181	2
71.204	1
71.227	0
71.657	2
71.680	1
71.703	0
71.901	0
72.017	1
72.133	2
72.156	1
72.168	0
72.377	1
72.377	2
72.388	0
72.620	2
72.632	1
72.655	0
72.876	0
73.096	2
73.108	1
73.131	0
73.572	2
73.584	1
73.607	0
74.048	2
74.060	1
74.083	0
74.292	2
74.524	2
74.536	1
74.559	0
75.000	2
75.012	1
75.035	0
75.128	2
75.476	2
75.488	1
75.511	0
75.952	2
75.964	1
75.987	0
76.196	0
76.196	2
76.231	0
76.324	0
76.347	0
76.428	2
76.440	1
76.463	0
76.904	2
76.916	1
76.939	0
77.380	2
77.392	1
77.415	0
77.857	2
77.868	1
77.891	0
78.089	1
78.100	0
78.100	2
78.251	0
78.333	2
78.344	1
78.367	0
78.460	0
78.809	2
78.820	1
78.843	0
78.959	0
79.285	2
79.296	1
79.319	0
79.761	2
79.772	1
79.795	0
79.993	1
80.004	0
80.004	2
80.167	0
80.237	2
80.248	1
80.271	0
80.387	0
80.713	2
80.724	1
80.747	0
80.968	0
81.084	2
81.189	2
81.200	1
81.223	0
81.665	2
81.676	1
81.699	0
81.897	1
81.908	2
82.141	2
82.152	1
82.175	0
82.617	2
82.628	1
82.651	0
82.988	2
83.093	2
83.104	1
83.127	0
83.511	2
83.569	2
83.580	1
83.603	0
83.812	2
83.836	0
83.870	0
83.987	0
84.045	2
84.056	1
84.079	0
84.196	0
84.335	0
84.521	2
84.532	1
84.555	0
84.892	2
84.997	2
85.008	1
85.031	0
85.240	0
85.473	2
85.484	1
85.507	0
85.705	1
85.716	0
85.716	2
85.949	2
85.960	1
85.983	0
86.425	2
86.436	1
86.460	0
86.796	2
86.901	2
86.912	1
86.936	0
87.144	0
87.377	2
87.388	1
87.412	0
87.609	1
87.620	2
87.644	0
87.853	2
87.864	1
87.888	0
88.329	2
88.340	1
88.364	0
88.700	2
88.805	2
88.816	1
88.840	0
89.281	2
89.292	1
89.316	0
89.513	1
89.525	2
89.548	0
89.571	0
89.757	2
90.233	2
90.709	2
91.185	2
91.429	2
91.661	2
91.672	1
91.696	0
91.905	2
91.928	0
92.148	1
92.172	0
92.508	2
92.613	2
92.624	1
92.648	0
92.857	2
92.984	1
93.008	0
93.217	0
93.333	1
93.460	2
93.565	2
93.576	1
93.600	0
93.809	2
94.052	1
94.076	0
94.203	0
94.273	1
94.319	0
94.517	2
94.528	1
94.552	0
94.679	0
94.761	2
94.888	1
94.912	0
95.051	1
95.132	1
95.155	0
95.248	1
95.271	0
95.411	0
95.492	1
95.504	0
95.713	2
95.956	1
95.980	0
96.084	2
96.432	1
96.456	0
96.665	2
96.908	1
96.932	0
97.129	1
97.384	1
97.408	0
97.617	2
97.872	1
97.884	0
97.988	2
98.337	1
98.360	0
98.569	2
98.813	1
98.847	0
98.940	0
98.987	0
99.056	0
99.091	1
99.114	0
99.230	0
99.300	1
99.312	0
99.521	1
99.521	2
99.776	1
99.788	0
100.252	1
100.264	0
100.473	2
100.728	1
100.740	0
100.949	1
100.960	0
101.204	1
101.216	0
101.425	2
101.680	1
101.692	0
101.796	2
102.156	1
102.179	0
102.377	2
102.632	1
102.655	0
102.783	0
102.853	0
102.911	0
103.027	0
103.108	1
103.131	0
103.584	1
103.607	0
103.700	2
103.805	1
104.060	1
104.083	0
104.281	2
104.536	1
104.559	0
105.012	1
105.035	0
105.233	2
105.488	1
105.511	0
105.604	2
105.964	1
105.987	0
106.440	1
106.463	0
106.672	1
106.684	0
106.916	1
106.940	0
107.137	2
107.392	1
107.416	0
107.508	2
107.868	1
107.892	0
108.228	1
108.240	0
108.565	1
108.577	0
108.704	2
108.820	1
108.844	0
109.296	1
109.320	0
109.412	2
109.772	1
109.796	0
110.005	0
110.132	1
110.144	0
110.364	1
110.388	0
110.481	1
110.504	0
110.724	1
110.748	0
111.200	1
111.224	0
111.316	2
111.560	2
111.676	1
111.700	0
112.152	1
112.176	0
112.373	1
112.512	2
112.628	1
112.652	0
113.104	1
113.128	0
113.464	2
113.569	2
113.580	1
113.604	0
113.929	0
114.056	1
114.080	0
114.289	1
114.300	0
114.416	2
114.532	1
114.556	0
115.008	1
115.032	0
115.368	2
115.484	1
115.508	0
115.960	1
115.984	0
116.181	1
116.193	0
116.320	2
116.425	2
116.436	1
116.460	0
116.912	1
116.936	0
117.272	2
117.377	2
117.388	1
117.412	0
117.864	1
117.888	0
118.085	1
118.097	0
118.224	2
118.329	2
118.340	1
118.364	0
118.817	1
118.840	0
119.176	2
119.293	1
119.316	0
119.769	1
119.792	0
119.908	0
120.024	0
120.047	0
120.128	2
120.245	1
120.268	0
120.721	1
120.744	0
121.197	1
121.220	0
121.347	0
137.392	1
137.416	0
137.868	1
137.892	0
138.344	1
138.368	0
138.820	1
138.844	0
139.041	1
139.053	0
139.297	1
139.320	0
139.773	1
139.796	0
140.249	1
140.272	0
140.725	1
140.748	0
140.945	1
140.957	0
141.201	1
141.224	0
141.677	1
141.700	0
142.153	1
142.176	0
142.629	1
142.652	0
142.849	1
142.861	0
143.105	1
143.128	0
143.581	1
143.604	0
144.057	1
144.080	0
144.533	1
144.556	0
144.765	1
144.776	0
145.009	1
145.032	0
145.485	1
145.508	0
145.961	1
145.984	0
146.437	1
146.460	0
146.657	1
146.669	0
146.913	1
146.936	0
147.389	1
147.412	0
147.865	1
147.888	0
148.341	1
148.364	0
148.561	1
148.573	0
148.817	1
148.840	0
149.293	1
149.316	0
149.769	1
149.792	0
150.245	1
150.268	0
150.465	1
150.477	0
150.721	1
150.744	0
151.197	1
151.220	0
151.673	1
151.696	0
151.742	0
152.149	1
152.172	0
152.393	0
152.625	1
152.648	0
153.101	1
153.124	0
153.577	1
153.600	0
154.053	1
154.076	0
154.285	0
154.285	1
154.529	1
154.552	0
155.005	1
155.028	0
155.481	1
155.504	0
155.957	1
155.980	0
156.177	1
156.201	0
156.433	1
156.456	0
156.909	1
156.932	0
157.385	1
157.408	0
157.861	1
157.884	0
158.081	1
158.105	0
158.348	1
158.360	0
158.824	1
158.836	0
159.289	1
159.312	0
159.777	1
159.788	0
159.997	1
160.020	0
160.253	1
160.264	0
160.717	1
160.740	0
161.205	1
161.216	0
161.681	1
161.692	0
161.901	1
161.913	0
162.157	1
162.168	0
162.633	1
162.644	0
163.109	1
163.132	0
163.585	1
163.596	0
163.805	1
163.817	0
164.049	0
164.525	0
165.709	1
165.965	1
165.988	0
166.441	1
166.464	0
166.917	1
166.940	0
167.277	1
167.288	0
167.625	1
167.648	0
167.869	1
167.892	0
167.985	0
168.345	1
168.368	0
168.821	1
168.844	0
169.297	1
169.320	0
169.517	1
169.552	0
169.575	0
169.773	1
169.796	0
169.889	0
170.017	0
170.249	1
170.272	0
170.365	0
170.725	1
170.748	0
171.061	1
171.073	0
171.201	1
171.224	0
171.421	1
171.433	0
171.468	0
171.677	1
171.700	0
171.816	0
172.153	1
172.176	0
172.269	0
172.629	1
172.652	0
173.105	1
173.128	0
173.325	1
173.349	0
173.465	0
173.581	1
173.604	0
173.720	0
174.057	1
174.080	0
174.533	1
174.556	0
175.009	1
175.032	0
175.241	1
175.264	0
175.392	0
175.485	1
175.508	0
175.961	1
175.984	0
176.100	0
176.437	1
176.460	0
176.669	0
176.913	1
176.936	0
177.133	1
177.157	0
177.389	1
177.412	0
177.865	1
177.888	0
178.341	1
178.364	0
178.573	0
178.689	0
178.817	1
178.840	0
179.037	1
179.293	1
179.316	0
179.421	0
179.769	1
179.792	0
180.245	1
180.268	0
180.721	1
180.744	0
180.941	1
180.965	0
181.081	0
181.197	1
181.220	0
181.336	0
181.673	1
181.696	0
182.149	1
182.172	0
182.625	1
182.648	0
182.857	1
182.869	0
182.996	0
183.240	0
183.380	0
188.581	0
188.709	0
190.497	0
190.624	0
191.007	0
191.344	0
196.209	0
196.325	0
198.124	0
198.264	0
198.380	0
198.484	0
200.295	0
200.411	0
203.743	0
203.871	0
205.659	0
205.775	0
206.007	0
206.112	0
208.028	0
