0.372	1
0.952	1
1.277	1
1.602	1
2.844	1
3.158	1
3.808	1
3.913	1
4.017	1
4.087	1
5.341	1
5.654	1
5.886	1
6.118	1
6.281	1
6.502	1
6.606	1
7.872	1
8.766	1
8.916	1
9.091	1
9.752	1
10.019	1
10.344	1
10.728	1
10.867	1
10.913	2
10.937	1
10.995	1
11.006	2
11.088	1
11.111	2
11.180	1
11.227	2
11.273	1
11.320	2
11.343	1
11.436	2
11.482	1
11.529	2
11.552	1
11.633	1
11.633	2
11.668	1
11.703	1
11.784	1
11.842	2
11.877	1
11.947	2
12.028	1
12.051	2
12.214	1
12.249	1
12.260	2
12.283	1
12.469	2
12.527	1
12.574	2
12.597	1
12.725	1
12.783	2
12.852	1
12.887	1
12.887	2
12.922	1
13.038	1
13.073	1
13.108	1
13.166	1
13.340	1
13.410	2
13.444	1
13.468	1
13.502	1
13.537	1
13.595	1
13.619	2
13.653	1
13.723	2
13.793	1
13.827	2
13.897	1
13.944	1
14.060	1
14.118	1
14.141	1
14.211	1
14.350	2
14.362	1
14.420	1
14.454	2
14.466	1
14.501	1
14.547	2
14.652	2
14.675	1
14.721	1
14.756	1
14.791	1
14.872	2
14.907	1
14.965	2
15.047	1
15.070	2
15.174	2
15.197	1
15.279	2
15.337	1
15.395	2
15.406	1
15.488	2
15.592	2
15.604	1
15.673	1
15.697	2
15.766	1
15.801	2
15.848	1
15.906	2
15.929	1
16.010	1
16.010	2
16.045	1
16.115	2
16.219	2
16.300	1
16.324	2
16.370	1
16.428	2
16.533	1
16.533	2
16.591	1
16.625	1
16.742	2
16.765	1
16.846	2
16.858	1
16.939	1
17.194	1
17.299	1
17.589	1
17.845	1
17.879	1
17.891	2
17.914	1
17.949	1
17.984	2
18.088	2
18.170	1
18.204	2
18.274	1
18.297	2
18.321	1
18.460	1
18.506	2
18.553	1
18.622	2
18.727	1
18.808	1
18.820	2
18.924	2
18.971	1
19.029	2
19.052	1
19.133	1
19.168	1
19.423	1
19.493	1
19.714	1
20.178	2
20.283	2
20.364	1
20.387	2
20.422	1
20.492	2
20.596	1
20.677	1
20.701	2
20.747	1
20.910	2
20.968	1
21.002	1
21.037	1
21.119	2
21.223	2
21.328	2
21.432	2
21.444	1
21.525	2
21.641	2
22.047	2
22.152	2
22.175	1
22.256	2
22.465	2
22.570	2
22.616	1
22.790	2
22.872	1
22.883	2
22.906	1
22.988	2
23.197	2
23.406	2
23.441	1
23.510	2
23.591	1
23.719	2
23.800	1
23.824	2
23.870	1
23.928	2
24.091	1
24.137	2
24.160	1
24.346	2
24.451	2
24.532	1
24.555	2
24.660	2
24.764	2
24.869	2
24.973	2
25.078	2
25.182	2
25.287	2
25.356	1
25.391	2
25.414	1
25.496	2
25.600	2
25.635	1
25.704	2
25.809	2
25.913	2
25.960	1
25.995	1
26.018	2
26.122	2
26.227	2
26.308	1
26.331	2
26.424	2
26.540	2
26.564	1
26.633	2
26.738	2
26.854	2
26.935	1
26.947	2
27.051	2
27.156	2
27.260	2
27.365	2
27.469	2
27.574	2
27.678	2
27.783	2
27.864	1
27.887	2
27.899	1
27.934	1
27.992	2
28.096	2
28.177	1
28.201	2
28.294	1
28.305	2
28.410	2
28.479	1
28.514	2
28.619	2
28.723	2
28.828	2
28.932	2
29.037	2
29.095	1
29.141	2
29.153	1
29.246	2
29.350	1
29.350	2
29.455	2
29.559	2
29.663	2
29.768	2
29.872	2
29.977	2
30.070	2
30.186	2
30.279	2
30.325	1
30.372	0
30.395	2
30.407	1
30.488	2
30.569	1
30.592	2
30.650	1
30.685	0
30.801	2
30.906	2
30.941	1
31.010	2
31.022	1
31.115	2
31.219	2
31.266	1
31.742	2
31.951	0
32.055	2
32.160	2
32.264	2
32.369	2
32.473	2
32.578	2
32.682	2
32.787	2
32.821	1
32.856	0
32.961	1
32.996	2
33.100	2
33.146	1
33.181	0
33.263	1
33.309	2
33.448	1
33.495	1
33.518	2
33.622	2
33.727	2
33.773	1
33.808	0
34.064	1
34.110	1
34.145	1
34.238	2
34.354	2
34.551	2
34.656	2
34.725	1
34.760	2
34.969	2
35.074	2
35.178	2
35.283	2
35.318	1
35.352	0
35.492	2
35.596	2
35.654	1
35.689	0
35.805	2
35.979	1
36.014	2
36.049	1
36.084	1
36.119	2
36.223	2
36.281	1
36.316	0
36.583	1
36.699	1
37.059	2
37.164	2
37.268	2
37.373	2
37.477	2
37.581	2
37.686	2
37.779	2
37.825	1
37.860	0
37.953	1
37.988	2
38.092	2
38.150	1
38.185	0
38.301	2
38.487	1
38.510	2
38.522	1
38.557	1
38.615	2
38.719	2
38.777	1
38.812	0
39.137	1
39.242	2
39.346	2
39.555	2
39.660	2
39.764	2
39.869	2
39.973	2
40.078	2
40.182	2
40.287	2
40.333	1
40.368	0
40.496	2
40.600	2
40.693	0
40.809	2
41.018	2
41.041	1
41.123	2
41.227	2
41.285	1
41.610	1
41.738	2
41.854	2
41.947	2
42.051	2
42.156	2
42.249	1
42.260	2
42.365	2
42.469	2
42.574	2
42.678	2
42.783	2
42.829	1
42.864	0
42.992	2
43.096	2
43.154	1
43.189	0
43.305	2
43.410	2
43.433	1
43.514	1
43.514	2
43.549	1
43.619	2
43.723	2
43.781	1
43.816	0
44.246	2
44.350	2
44.559	2
44.664	2
44.722	1
44.768	2
44.873	2
44.977	2
45.070	2
45.186	2
45.279	2
45.325	1
45.360	0
45.488	2
45.604	2
45.685	0
45.801	2
45.871	1
45.987	1
46.010	2
46.022	1
46.057	1
46.115	2
46.219	2
46.277	1
46.312	0
46.660	1
46.742	2
46.846	2
47.160	2
47.264	2
47.369	2
47.473	2
47.578	2
47.682	2
47.787	2
47.833	1
47.868	0
47.996	2
48.100	2
48.158	1
48.239	1
48.309	2
48.472	1
48.518	2
48.623	2
48.727	2
48.785	1
48.808	0
49.238	2
49.424	1
49.447	2
49.551	2
49.598	1
49.656	2
49.760	2
49.865	2
49.969	2
50.074	2
50.178	2
50.283	2
50.329	1
50.364	0
50.654	1
50.689	0
51.270	1
51.455	1
52.825	1
52.860	0
53.150	1
53.777	1
54.242	1
54.869	1
55.031	1
55.333	1
55.368	0
55.658	1
55.693	0
56.274	1
56.622	1
56.668	0
57.516	1
57.713	1
57.829	1
57.864	0
58.154	1
58.781	1
58.816	0
60.035	1
60.325	1
60.372	0
60.651	1
61.277	1
62.218	1
62.357	1
62.531	1
62.833	1
62.856	0
63.158	1
63.774	1
64.575	1
65.016	1
65.329	1
65.364	0
65.654	1
65.689	0
66.130	0
66.270	1
66.316	0
66.467	1
66.618	1
66.676	0
67.048	1
67.535	1
67.825	1
67.860	0
68.151	1
68.185	0
68.325	1
68.766	1
69.567	1
69.683	1
69.706	1
70.020	1
70.333	1
70.496	1
70.647	2
70.798	2
70.949	1
71.274	1
71.378	0
71.425	2
71.587	2
71.738	1
71.738	2
72.063	1
72.202	1
72.365	1
72.818	1
73.143	2
73.178	1
73.305	2
73.480	1
73.735	1
73.932	2
74.083	2
74.234	2
74.362	1
74.397	2
74.722	2
74.733	1
74.908	1
75.047	1
75.500	1
75.627	1
75.651	2
75.802	2
75.964	1
76.127	1
76.266	1
76.417	1
76.428	2
76.591	2
76.742	2
76.904	1
77.021	1
77.090	1
77.113	1
77.253	1
78.147	1
78.147	2
78.228	1
78.298	2
78.344	1
78.460	1
78.611	1
78.774	1
78.797	1
78.925	2
79.087	2
79.238	2
79.343	1
79.401	2
79.412	1
79.517	1
79.540	1
79.702	1
79.865	2
80.028	2
80.039	1
80.202	1
80.353	1
80.492	1
80.678	2
80.933	1
80.956	2
81.119	2
81.270	2
81.421	1
81.711	1
81.850	2
82.059	1
82.338	1
82.512	2
83.162	1
83.162	2
83.453	2
83.476	1
83.615	1
83.615	2
83.778	2
83.929	1
84.381	2
84.555	1
84.706	1
84.857	1
85.020	2
85.171	1
85.484	1
85.647	2
85.798	1
85.960	1
85.960	2
86.111	1
86.111	2
86.262	1
86.285	2
86.448	1
86.901	2
87.075	1
87.226	1
87.365	2
87.516	1
87.528	2
87.748	1
88.015	1
88.143	2
88.456	1
88.456	2
88.619	2
88.677	1
88.723	1
88.793	1
88.793	2
88.816	1
88.932	1
89.397	2
89.490	1
89.571	1
89.710	2
89.722	1
89.861	2
90.012	1
90.035	2
90.128	1
90.198	1
90.244	1
90.279	1
90.337	2
90.372	0
90.477	1
90.616	2
90.651	1
90.686	0
90.790	1
90.929	1
91.103	1
91.115	2
91.254	2
91.312	0
91.417	1
91.730	1
91.916	2
91.928	1
92.056	1
92.206	2
92.218	1
92.369	2
92.543	1
92.566	2
92.822	1
93.031	1
93.147	2
93.158	1
93.182	0
93.193	2
93.333	1
93.460	2
93.484	1
93.611	2
93.774	2
93.797	2
94.261	1
94.401	2
94.447	1
94.575	1
95.039	1
95.330	1
95.364	0
95.655	1
95.655	2
95.689	0
95.956	2
95.968	1
96.119	1
96.270	2
96.282	1
96.456	1
96.734	2
96.874	2
96.897	1
97.199	1
97.199	2
97.257	1
97.524	1
97.524	2
97.675	2
97.826	1
97.860	0
98.151	1
98.162	2
98.197	0
98.302	1
98.348	1
98.453	1
98.453	2
98.604	1
98.615	2
98.743	2
98.778	1
98.813	0
98.917	1
99.242	2
99.381	2
99.706	1
99.706	2
99.846	0
99.857	2
100.020	1
100.032	2
100.090	1
100.229	1
100.333	1
100.333	2
100.368	0
100.484	1
100.531	1
100.659	1
100.659	2
100.960	2
100.995	1
101.111	2
101.123	1
101.274	1
101.320	2
101.471	1
101.738	2
101.912	2
102.203	1
102.203	2
102.365	1
102.365	2
102.528	2
102.539	1
102.679	2
102.830	1
102.830	2
102.864	0
103.027	1
103.155	1
103.155	2
103.189	0
103.491	1
103.782	1
103.805	2
104.234	2
104.432	2
104.861	2
105.012	2
105.024	1
105.082	2
105.186	1
105.326	1
105.593	1
105.651	1
105.674	2
105.837	1
105.929	1
105.964	2
106.115	2
106.266	2
106.278	1
106.313	0
106.905	2
107.044	2
107.369	2
107.392	1
107.474	1
107.543	1
107.566	2
107.833	1
107.857	0
107.996	1
108.159	1
108.182	2
108.484	1
108.635	1
108.774	1
108.809	0
108.820	2
109.087	2
109.401	2
109.552	2
109.691	2
109.703	1
109.865	1
109.865	2
110.016	1
110.016	2
110.039	1
110.086	1
110.202	1
110.330	1
110.330	2
110.655	1
110.690	0
110.957	2
111.107	1
111.107	2
111.282	1
111.595	1
111.630	1
111.665	1
111.897	2
112.361	2
112.512	2
112.675	2
112.826	1
112.826	2
112.861	0
113.023	1
113.139	2
113.186	0
113.453	2
113.511	1
113.615	2
113.778	1
113.813	0
113.975	1
114.254	1
114.393	2
114.730	1
114.869	2
115.008	2
115.171	2
115.183	1
115.287	1
115.357	0
116.111	2
116.274	1
116.320	0
116.448	1
116.773	1
116.889	2
116.912	1
117.261	1
117.365	2
117.505	2
117.667	2
117.830	1
117.864	0
118.143	2
118.190	0
118.457	2
118.608	2
118.782	1
118.817	0
118.967	1
119.118	1
119.269	1
119.304	1
119.397	2
119.873	2
120.012	2
120.024	1
120.175	2
120.326	2
120.477	2
120.639	2
120.802	2
120.953	2
121.115	2
121.731	2
121.893	2
122.044	2
122.207	2
122.358	2
122.683	1
122.834	2
122.984	2
123.147	2
123.298	2
123.449	2
123.611	2
124.389	2
124.865	2
125.005	2
125.167	2
125.330	1
125.330	2
125.481	2
125.643	2
125.794	2
125.957	2
126.108	2
126.305	1
126.897	2
127.361	2
127.512	2
127.663	2
127.826	2
127.977	2
128.139	2
128.221	1
128.302	2
128.383	1
128.453	2
128.615	2
128.929	1
129.393	2
129.869	2
130.009	2
130.171	2
130.334	2
130.473	2
130.496	1
130.670	2
130.798	2
130.949	2
130.972	1
131.111	2
131.135	1
131.309	2
131.448	1
131.913	2
132.226	1
132.365	2
132.540	1
132.667	2
132.830	2
132.981	2
132.992	1
133.166	2
133.306	2
133.364	1
133.457	1
133.457	2
133.608	2
133.631	1
133.770	2
133.956	1
134.397	2
134.560	1
134.722	1
134.861	2
135.012	2
135.024	1
135.163	2
135.326	2
135.477	2
135.488	1
135.686	2
135.790	2
135.953	2
135.964	1
136.115	2
136.278	2
136.731	2
136.905	2
137.369	2
137.509	2
137.532	1
137.973	2
137.985	1
138.159	2
138.298	2
138.449	2
138.461	1
138.600	2
138.623	1
138.774	2
138.913	2
138.983	1
139.227	2
139.389	2
139.540	2
139.564	1
139.703	2
139.714	1
139.854	2
140.028	1
140.028	2
140.167	2
140.481	2
140.492	1
140.678	2
140.713	1
140.794	2
140.817	1
140.864	1
140.957	1
140.957	2
141.108	2
141.270	2
141.282	1
141.317	0
141.421	1
141.723	2
141.758	0
141.827	0
141.886	0
141.909	2
142.013	0
142.036	2
142.060	1
142.141	0
142.234	1
142.350	2
142.512	0
142.512	2
142.547	1
142.640	0
142.663	2
142.721	1
142.826	1
142.861	0
142.988	1
143.047	0
143.128	0
143.163	1
143.163	2
143.221	1
143.256	0
143.290	2
143.314	1
143.453	1
143.604	2
143.639	1
143.673	0
143.743	0
143.766	2
143.778	1
144.231	2
144.242	0
144.370	0
144.393	2
144.440	0
144.498	0
144.544	2
144.591	1
144.707	2
144.718	1
144.858	0
144.858	2
144.997	0
145.032	1
145.032	2
145.055	0
145.136	0
145.160	2
145.229	1
145.334	1
145.380	0
145.496	1
145.659	0
145.682	2
145.694	1
145.798	0
145.845	1
145.961	1
146.077	0
146.100	2
146.216	0
146.274	1
146.274	2
146.309	0
146.379	1
146.448	1
146.715	0
146.727	2
146.797	0
146.820	1
146.855	0
146.901	2
146.982	0
147.017	1
147.040	2
147.098	1
147.342	0
147.354	2
147.412	0
147.470	0
147.516	2
147.540	0
147.621	0
147.667	2
147.702	1
147.725	1
147.830	1
147.865	0
148.074	0
148.155	0
148.167	2
148.225	1
148.294	2
148.341	0
148.364	1
148.445	2
148.457	1
148.561	0
148.608	2
148.701	0
148.770	2
148.782	1
148.817	0
148.898	0
149.037	1
149.200	0
149.269	0
149.339	0
149.397	2
149.467	0
149.525	0
149.722	1
149.815	0
149.862	2
149.896	0
150.024	0
150.024	1
150.094	0
150.163	0
150.163	2
150.326	1
150.326	2
150.372	0
150.489	1
150.686	2
150.790	2
150.953	2
150.965	1
151.115	2
151.278	1
151.278	2
151.464	1
151.905	2
152.021	0
152.067	0
152.358	2
152.509	2
152.532	1
152.671	2
152.683	1
152.834	1
152.834	2
152.985	1
153.170	2
153.182	0
153.298	2
153.321	1
153.449	2
153.461	1
153.612	2
153.635	1
153.670	0
153.739	0
153.763	2
153.774	1
153.821	0
153.960	1
154.389	2
154.436	0
154.494	0
154.575	1
154.715	1
154.854	1
154.865	2
155.028	1
155.167	2
155.330	1
155.330	2
155.365	0
155.492	1
155.678	2
155.794	1
155.794	2
155.818	1
155.945	2
155.957	1
156.108	2
156.270	2
156.282	1
156.317	0
156.410	0
156.851	0
156.897	2
157.362	2
157.513	2
157.524	1
157.663	2
157.826	1
157.826	2
157.861	0
157.989	0
157.989	1
158.070	0
158.151	0
158.163	2
158.209	0
158.267	0
158.302	2
158.453	1
158.453	2
158.616	2
158.697	0
158.766	0
158.766	2
158.778	1
158.813	0
159.393	0
159.393	2
159.533	0
159.556	1
159.718	1
159.869	2
160.032	1
160.171	2
160.334	1
160.334	2
160.380	0
160.496	1
160.554	0
160.682	2
160.798	2
160.821	0
160.961	2
161.112	2
161.274	1
161.274	2
161.425	2
161.460	1
161.588	2
161.739	2
161.901	2
162.052	2
162.203	2
162.354	2
162.516	2
162.528	1
162.679	1
162.830	1
162.830	2
162.865	0
162.981	2
163.109	0
163.155	2
163.213	1
163.236	0
163.306	2
163.364	0
163.457	2
163.608	2
163.666	0
163.736	0
163.770	2
163.782	1
163.817	0
163.921	0
164.084	2
164.397	2
164.711	2
164.862	2
165.024	2
165.175	1
165.175	2
165.326	1
165.326	2
165.489	2
165.790	2
165.953	2
166.034	1
166.116	2
166.278	1
166.278	2
166.313	0
166.580	2
166.742	2
166.893	2
167.056	2
167.091	1
167.207	2
167.369	2
167.520	2
167.683	2
167.718	0
167.834	1
167.834	2
168.147	2
168.298	2
168.345	1
168.368	1
168.461	2
168.496	1
168.647	1
168.763	2
168.774	1
168.809	0
169.227	2
169.390	2
169.552	2
169.703	2
169.866	2
170.017	2
170.075	1
170.179	1
170.179	2
170.318	2
170.330	1
170.365	0
170.643	2
171.259	2
171.282	1
171.317	0
171.584	2
171.630	1
171.746	2
172.048	2
172.211	2
172.373	2
172.408	1
172.559	1
172.664	2
172.826	1
172.861	0
173.302	2
173.453	2
173.476	0
173.534	1
173.616	2
173.639	1
173.767	2
173.778	1
173.813	0
173.952	1
174.045	1
174.080	2
174.219	1
174.243	2
174.393	2
174.544	2
174.707	2
174.869	2
175.020	2
175.067	1
175.183	2
175.322	2
175.334	1
175.833	1
176.112	2
176.216	1
176.286	1
176.298	2
176.901	1
176.924	2
177.215	1
177.517	2
177.528	1
177.667	2
177.679	1
177.830	1
177.830	2
177.876	0
178.167	2
178.469	1
178.608	2
178.782	1
178.782	2
178.968	1
179.386	2
179.560	1
179.699	1
179.850	1
180.024	1
180.175	1
180.175	2
180.326	1
180.338	2
180.512	1
180.628	2
180.814	1
180.965	1
181.104	2
181.278	1
181.313	0
181.476	1
181.661	1
181.696	1
181.940	2
182.358	2
182.822	2
182.834	1
183.159	2
183.496	1
183.612	2
183.647	1
183.763	2
184.250	1
184.413	2
184.750	1
185.017	2
185.527	1
185.644	2
185.876	1
186.154	1
186.270	2
186.863	1
186.897	2
187.095	1
187.164	1
187.211	1
187.513	1
187.513	2
187.687	1
187.722	1
187.791	1
187.989	1
188.116	2
188.151	1
188.233	1
188.349	1
188.639	1
188.732	2
188.801	1
189.347	2
189.521	1
189.719	1
189.800	1
189.951	1
189.962	2
190.415	1
191.936	1
193.643	1
194.096	1
195.326	1
195.361	0
195.535	1
195.651	1
195.686	0
195.825	1
196.278	1
196.313	0
197.091	1
197.254	1
197.393	1
197.428	1
197.834	1
197.869	0
198.159	1
198.333	1
198.658	1
198.774	1
198.809	0
198.960	1
199.901	1
200.214	1
200.330	1
200.365	0
200.551	1
200.655	1
200.690	0
201.166	1
201.282	1
201.317	0
201.793	1
201.944	1
201.990	1
202.083	1
202.153	1
202.826	1
202.861	0
203.151	1
203.186	0
203.349	1
203.500	1
203.639	1
203.778	1
203.813	0
204.591	1
204.904	1
205.067	1
205.206	1
205.241	1
205.322	1
205.357	0
205.648	1
205.682	0
206.274	1
206.309	0
206.472	1
206.623	1
206.681	1
206.762	1
207.714	1
207.830	1
207.865	0
208.039	1
208.155	1
208.190	0
208.329	1
208.469	1
208.980	1
209.258	1
209.525	1
209.595	1
209.653	1
209.757	1
209.897	1
209.932	1
210.326	1
210.361	0
210.651	1
210.686	0
210.837	1
211.162	1
211.278	1
211.313	0
212.393	1
212.718	1
212.834	1
212.857	0
212.881	0
213.020	1
213.055	1
213.159	1
213.182	0
214.285	1
214.436	1
214.483	1
214.576	1
215.330	1
215.365	0
215.516	1
215.620	2
215.644	1
215.690	0
215.771	1
215.934	1
216.050	1
216.143	1
216.178	1
216.271	2
216.282	1
216.317	0
216.898	2
217.049	1
217.211	1
217.374	1
217.548	2
217.710	1
217.780	1
218.175	2
218.326	1
218.465	1
218.767	2
218.790	1
218.918	1
219.173	1
219.266	1
219.312	1
219.359	2
219.556	1
219.847	1
219.997	1
220.021	2
220.172	1
220.323	2
220.334	1
220.532	1
220.694	1
220.833	1
220.868	1
220.961	1
221.449	1
221.762	1
222.099	1
222.250	1
222.296	1
222.389	1
222.505	1
223.016	1
223.341	1
223.480	1
223.655	1
223.817	1
223.864	1
223.956	1
224.026	1
224.595	1
224.758	1
224.897	1
225.222	1
225.431	1
225.524	1
225.593	1
225.965	1
226.453	1
226.789	1
226.940	1
226.987	1
227.080	1
227.242	1
227.834	0
227.974	1
228.345	1
228.473	1
228.647	1
228.682	1
228.717	1
228.960	1
229.274	1
229.773	1
229.912	1
230.063	1
230.110	1
230.203	1
230.667	0
230.702	1
230.795	0
230.806	1
230.957	1
231.201	1
231.352	0
231.468	0
231.828	1
231.898	1
231.921	0
232.234	1
232.838	1
233.326	1
233.453	1
233.570	0
233.639	0
233.662	1
233.732	1
233.767	0
234.394	1
234.707	1
234.777	1
235.172	1
235.334	1
235.381	0
235.474	0
235.706	0
235.752	0
235.938	1
236.054	0
236.124	0
236.182	0
236.240	0
236.379	0
236.449	1
236.565	0
236.658	0
236.751	0
236.797	1
236.820	0
236.890	1
236.925	0
237.842	1
237.877	0
238.039	0
238.179	0
238.597	0
238.736	0
238.864	0
239.224	0
239.398	1
239.421	0
240.338	1
240.524	0
240.594	0
241.081	0
241.220	0
241.279	0
241.348	0
241.708	0
241.778	0
241.894	1
241.929	0
242.846	1
242.881	0
242.997	0
243.078	0
243.206	0
243.241	1
243.554	0
243.693	0
243.891	0
244.181	0
244.390	1
244.425	0
245.342	1
245.377	0
245.493	0
245.563	0
245.737	1
245.841	1
245.923	0
246.108	0
246.248	0
246.317	0
246.375	0
246.399	1
246.549	0
246.886	1
246.933	0
247.037	0
247.676	1
247.838	1
247.873	0
248.036	0
248.105	0
248.163	0
248.198	1
248.291	0
248.500	0
248.593	0
248.628	1
248.662	0
248.732	0
248.918	0
248.930	1
249.220	0
249.394	1
249.429	0
250.183	1
250.276	0
250.346	1
250.508	0
250.578	0
250.683	1
250.984	0
251.066	0
251.205	0
251.344	0
251.530	1
251.623	0
251.704	0
251.774	0
251.844	0
251.890	1
252.680	1
252.842	1
252.877	0
252.993	0
253.063	0
253.098	1
253.132	0
253.202	0
253.411	1
253.481	1
253.539	0
253.620	0
253.690	0
253.759	0
253.841	1
253.887	0
253.945	0
254.061	1
254.154	0
254.212	1
254.386	1
254.433	0
254.526	1
255.176	1
255.338	1
255.338	2
255.536	0
255.617	0
255.663	1
255.675	0
255.814	0
255.942	1
256.104	0
256.116	2
256.139	1
256.348	1
256.430	2
256.546	0
256.731	0
256.743	2
256.801	0
256.894	1
256.894	2
256.929	0
257.672	1
257.683	2
257.695	0
257.846	1
258.020	0
258.067	1
258.090	0
258.403	0
258.717	0
258.868	0
258.972	0
259.088	2
259.239	2
259.390	1
259.402	2
259.425	0
260.180	2
260.342	1
260.377	0
260.574	0
260.702	0
260.760	0
261.132	0
261.201	0
261.271	0
261.341	0
261.503	0
261.584	2
261.747	2
261.898	1
262.374	2
262.838	1
262.838	2
262.873	0
263.047	0
263.129	0
263.163	1
263.187	0
263.233	1
263.268	0
263.303	2
263.616	0
263.755	0
264.046	0
264.394	2
264.557	2
264.719	2
264.870	2
265.021	2
265.172	1
265.183	2
265.334	2
265.346	1
265.381	0
265.555	0
265.660	1
265.694	0
265.938	1
266.043	0
266.252	0
266.298	1
266.310	0
266.333	1
266.565	0
266.588	2
266.658	0
266.739	0
266.809	0
266.890	1
266.937	0
267.749	0
267.842	1
267.842	2
267.877	0
267.958	0
268.040	0
268.272	0
268.307	2
268.341	0
268.446	1
268.783	1
268.817	1
268.841	0
268.887	1
268.910	0
268.934	2
269.038	0
269.050	1
269.247	2
269.386	1
269.444	2
269.874	2
270.176	1
270.373	0
270.605	1
270.652	2
270.675	1
270.698	0
270.745	1
270.803	2
270.942	1
271.314	1
271.406	1
271.476	1
271.499	0
271.569	1
271.592	2
271.894	1
271.929	0
272.196	1
272.684	2
272.846	1
272.869	0
273.078	1
273.183	1
273.252	1
273.276	0
273.415	1
273.786	1
273.914	0
273.972	0
274.065	1
274.402	1
274.437	1
274.448	2
275.331	1
275.377	0
275.702	0
275.760	0
275.934	1
276.306	1
276.376	1
276.457	1
276.503	0
276.538	1
276.573	0
276.817	1
276.886	1
276.944	0
277.084	1
277.188	1
277.676	1
277.838	1
277.873	0
277.966	0
278.071	1
278.268	0
278.442	1
278.779	1
278.814	1
278.837	0
278.895	1
278.918	0
278.976	1
279.057	1
279.243	1
279.324	1
279.394	1
279.557	1
279.580	1
279.696	1
279.835	1
279.940	1
280.009	1
280.381	0
280.648	1
280.694	0
280.752	1
280.903	0
280.927	1
281.194	1
281.287	1
281.368	1
281.472	1
281.565	1
281.577	0
281.809	1
281.890	1
282.180	1
282.842	1
282.877	0
283.074	1
283.144	1
283.179	1
283.272	0
283.678	1
283.759	0
283.771	1
283.806	1
283.841	0
284.050	1
284.386	1
284.468	1
284.537	1
284.677	1
285.002	1
285.338	1
285.373	0
285.640	1
285.698	0
285.722	1
285.907	1
285.931	1
286.047	1
286.140	1
286.163	1
286.198	1
286.256	1
286.314	1
286.360	0
286.383	1
286.453	1
286.499	0
286.557	0
286.592	1
286.871	1
286.894	1
286.975	1
287.010	1
287.521	1
287.707	1
287.846	1
288.229	1
288.276	0
288.461	1
288.554	1
288.589	1
288.705	1
288.740	1
288.845	1
288.891	1
289.042	0
289.065	1
289.379	1
289.588	1
289.750	1
289.866	1
289.936	1
290.099	1
290.307	1
290.377	0
290.400	0
290.667	1
290.958	1
291.062	1
291.085	1
291.283	1
291.422	0
291.434	1
291.550	1
291.608	1
291.724	0
291.898	1
291.933	0
291.991	1
292.304	1
292.664	1
292.757	1
292.838	1
292.873	0
292.989	1
293.117	1
293.210	1
293.291	1
293.465	1
293.570	1
293.605	1
293.674	1
293.698	1
293.802	1
294.139	1
294.174	1
294.301	1
294.371	1
294.475	1
294.673	1
295.335	1
295.439	1
295.660	1
295.776	1
295.857	1
296.043	1
296.078	1
296.240	1
296.333	1
296.530	1
296.600	1
296.716	1
296.925	1
297.006	1
297.111	1
297.215	1
297.448	1
297.529	1
297.657	1
297.726	1
297.808	1
297.877	1
298.040	1
298.109	1
298.191	1
298.249	1
298.504	1
298.609	1
298.760	1
298.818	1
298.899	1
298.945	1
299.027	1
299.096	1
299.131	1
299.166	1
299.201	1
299.259	1
299.317	1
299.352	1
299.386	1
299.503	1
299.595	1
299.677	1
299.921	1
300.176	1
300.362	1
300.431	1
300.815	1
300.907	1
300.954	1
301.000	1
301.035	1
301.093	1
301.302	1
301.395	1
301.558	1
301.639	1
301.767	1
302.243	1
302.277	1
302.684	1
303.763	1
303.914	1
304.054	1
304.205	1
304.437	1
304.611	1
304.681	1
304.750	1
304.808	1
304.901	1
304.994	1
305.180	1
305.250	1
305.389	1
305.435	1
305.528	1
305.586	1
306.956	1
307.061	1
307.200	1
308.326	1
315.327	1
317.684	2
318.404	2
319.658	1
319.727	1
319.843	1
322.676	2
323.094	1
325.509	1
326.786	1
327.680	2
327.889	2
328.098	2
328.307	2
328.504	2
329.038	2
329.758	2
330.757	1
330.942	1
335.470	1
335.552	1
