0.522	1
0.882	0
0.894	1
1.149	1
1.277	1
2.032	1
2.786	1
3.042	1
3.541	1
3.785	1
3.796	0
4.296	1
4.551	1
5.062	1
5.294	0
5.306	1
5.561	2
5.608	1
5.631	1
5.654	2
5.724	1
5.805	1
6.060	1
6.513	0
6.525	1
7.152	1
7.279	1
7.999	1
8.022	0
8.022	1
8.661	1
8.777	1
9.497	1
9.520	0
9.520	1
10.159	1
10.286	1
11.018	0
11.029	1
11.564	2
11.610	1
11.656	2
11.726	1
11.784	1
12.028	1
12.516	0
12.887	0
13.154	1
13.270	1
14.036	1
14.791	1
14.803	2
15.035	1
15.546	1
15.790	0
15.894	0
16.300	1
16.544	1
17.055	1
17.299	0
17.810	1
17.810	2
18.518	0
18.530	1
18.866	1
19.284	1
20.027	0
20.039	1
20.793	1
20.805	2
21.049	1
21.548	1
21.641	1
21.792	1
22.303	1
22.558	1
23.290	1
23.568	2
23.603	2
23.661	2
23.754	2
23.789	2
23.882	1
24.033	2
24.079	1
24.079	2
24.102	1
24.160	1
24.311	2
24.358	2
24.381	1
24.451	1
24.509	0
24.880	0
24.892	1
25.054	1
25.078	0
25.275	1
25.298	2
25.530	1
25.542	0
25.995	1
26.018	0
26.564	2
26.575	0
26.575	1
26.633	1
26.703	2
26.726	1
26.784	1
26.807	2
27.028	1
27.040	0
27.492	1
27.516	0
27.550	1
27.794	0
27.794	1
28.061	2
28.073	0
28.073	1
28.131	1
28.224	1
28.294	1
28.305	2
28.526	1
28.549	0
29.002	1
29.013	0
29.060	1
29.304	0
29.304	1
29.571	0
29.571	1
29.571	2
29.629	1
29.663	2
29.698	2
29.722	1
29.803	1
29.803	2
30.035	1
30.047	0
30.499	1
30.511	0
30.871	1
31.057	1
31.080	0
31.277	1
31.300	2
31.533	1
31.544	0
31.997	1
32.009	0
32.369	1
32.566	1
32.578	0
32.787	1
32.798	2
33.030	1
33.042	0
33.495	1
33.518	0
33.866	1
34.064	1
34.075	0
34.157	1
34.284	1
34.307	2
34.528	1
34.540	0
34.992	1
35.016	0
35.364	1
35.561	2
35.573	0
35.573	1
35.631	1
35.654	2
35.724	1
35.747	2
35.782	1
35.794	2
35.817	1
35.886	1
36.037	1
36.037	2
36.049	0
36.072	2
36.095	1
36.165	1
36.502	1
36.513	0
37.059	1
37.071	0
37.291	1
37.303	2
37.535	1
37.547	0
37.999	1
38.011	0
38.046	1
38.290	0
38.290	1
38.568	1
38.568	2
38.580	0
38.603	2
38.626	1
38.661	2
38.696	2
38.801	1
38.801	2
39.033	1
39.044	0
39.497	1
39.509	0
39.555	1
39.799	0
39.811	1
40.066	2
40.078	0
40.078	1
40.159	2
40.205	2
40.298	2
40.310	1
40.530	1
40.542	0
40.995	1
41.018	0
41.064	1
41.308	0
41.320	1
41.564	1
41.564	2
41.575	0
41.633	1
41.703	2
41.726	1
41.796	2
41.819	1
42.028	1
42.040	0
42.075	1
42.330	1
42.504	1
42.516	0
42.585	1
42.597	2
42.818	0
42.829	1
43.061	1
43.073	0
43.305	2
43.328	1
43.526	1
43.549	0
43.584	1
43.839	1
44.002	1
44.013	0
44.083	1
44.315	0
44.327	1
44.559	1
44.571	0
44.803	2
44.838	1
45.035	1
45.047	0
45.082	1
45.337	1
45.500	1
45.511	0
45.581	1
45.825	0
45.825	1
46.057	1
46.080	0
46.301	2
46.335	1
46.533	1
46.544	0
46.579	1
46.835	1
46.997	1
47.009	0
47.078	1
47.322	0
47.334	1
47.566	2
47.578	0
47.578	1
47.601	2
47.659	2
47.729	1
47.752	2
47.798	2
47.821	1
48.030	2
48.042	0
48.042	1
48.100	1
48.158	1
48.495	1
48.506	0
48.913	1
49.064	1
49.075	0
49.528	1
49.540	0
50.004	1
50.016	0
50.561	1
50.573	0
51.026	1
51.049	0
51.502	1
51.513	0
51.560	1
52.059	1
52.071	0
52.535	1
52.547	0
53.000	1
53.011	0
53.406	2
53.418	1
53.557	1
53.580	0
54.033	1
54.044	0
54.497	1
54.509	0
55.066	1
55.078	0
55.531	1
55.542	0
55.995	1
56.007	0
56.424	2
56.564	1
56.575	0
56.912	1
57.028	1
57.040	0
57.493	1
57.516	0
57.911	2
58.061	1
58.073	0
58.526	1
58.549	0
59.002	1
59.014	0
59.118	1
59.420	2
59.559	1
59.571	0
60.035	1
60.047	0
60.128	2
60.500	1
60.511	0
60.883	0
61.150	1
61.277	1
61.997	1
62.009	0
62.787	1
63.042	1
63.495	1
63.518	0
63.785	1
63.797	0
63.866	1
64.296	1
64.551	1
64.993	1
65.016	0
65.295	0
65.353	1
65.747	1
65.759	0
65.805	1
66.026	1
66.049	0
66.305	1
66.328	0
66.502	1
66.514	0
66.873	1
67.280	1
68.000	1
68.011	0
68.661	1
68.778	1
69.497	1
69.509	0
70.287	1
70.995	1
71.007	0
71.378	1
71.657	1
71.750	1
71.761	0
72.028	1
72.040	0
72.307	1
72.330	0
72.493	1
72.516	0
72.864	0
72.876	1
73.143	1
73.642	1
73.770	1
73.898	1
74.153	0
74.153	1
74.397	0
74.397	1
74.780	1
75.024	1
75.279	1
75.535	1
75.790	1
76.150	0
76.161	1
76.545	1
76.788	1
77.172	1
77.543	1
77.706	1
77.798	1
78.170	0
78.170	1
78.553	1
78.809	1
79.180	1
79.435	1
79.563	1
79.853	1
79.946	0
79.946	1
80.306	0
80.318	1
80.434	0
80.446	1
80.817	1
81.072	1
81.572	1
81.827	1
82.083	1
82.338	1
82.466	1
82.826	0
82.837	1
82.953	0
82.965	1
83.336	1
83.720	1
83.847	1
84.219	1
84.346	1
84.857	1
85.229	1
85.856	1
86.367	1
86.494	1
86.866	1
86.994	1
87.493	1
87.620	1
87.876	1
88.120	1
88.247	1
88.631	1
88.758	1
89.385	1
89.513	1
90.268	1
90.767	1
90.895	1
91.905	1
92.160	1
92.276	1
94.981	0
94.993	1
95.422	0
95.434	1
95.875	0
95.887	1
96.212	0
96.212	1
96.537	0
96.549	1
96.769	0
96.781	1
97.210	0
97.222	1
97.663	0
97.675	1
97.988	0
98.000	1
98.325	0
98.337	1
98.557	0
98.557	1
98.998	0
99.010	1
99.126	2
99.439	0
99.451	1
99.776	0
99.788	1
100.113	0
100.124	1
100.333	0
100.345	1
100.786	0
100.798	1
101.227	0
101.239	1
101.564	0
101.576	1
101.901	0
101.912	1
102.121	0
102.133	1
102.574	0
102.586	1
103.015	0
103.027	1
103.352	0
103.364	1
103.689	0
103.700	1
103.909	0
103.921	1
104.362	0
104.374	1
104.803	0
104.815	1
105.140	0
105.152	1
105.477	0
105.488	1
105.639	1
105.697	0
105.709	1
106.138	1
106.150	0
106.162	1
106.591	0
106.603	1
106.928	0
106.940	1
107.265	0
107.276	1
107.485	0
107.497	1
107.926	0
107.938	1
108.379	0
108.391	1
108.716	0
108.727	1
109.053	0
109.053	1
109.261	1
109.273	0
109.714	1
109.726	0
109.761	2
110.155	1
110.167	0
110.492	1
110.504	0
110.829	1
110.840	0
111.049	1
111.061	0
111.502	1
111.514	0
111.653	1
111.943	1
111.955	0
112.280	1
112.292	0
112.617	1
112.628	0
112.837	1
112.849	0
113.279	1
113.302	0
113.337	2
113.360	1
113.731	1
113.743	0
114.068	1
114.080	0
114.405	1
114.416	0
114.625	1
114.637	0
114.695	1
115.066	1
115.078	0
115.125	2
115.519	1
115.531	0
115.856	1
115.868	0
116.181	1
116.204	0
116.413	0
116.425	1
116.912	2
117.725	1
118.201	0
118.213	1
118.642	1
118.700	2
119.188	1
119.989	0
120.001	1
120.488	2
121.777	0
121.789	1
122.276	2
123.565	0
123.577	1
123.937	1
124.053	0
124.053	2
124.064	1
124.320	1
124.575	1
124.819	1
125.074	1
125.202	1
125.353	0
125.353	1
125.457	1
125.701	1
125.841	2
126.084	1
126.328	1
126.584	1
127.141	0
127.152	1
127.222	1
127.582	0
127.594	1
127.849	1
128.093	1
128.731	1
128.917	0
128.929	1
129.405	2
129.602	1
129.858	1
130.241	1
130.612	1
130.705	0
130.717	1
130.856	0
130.868	1
131.111	1
131.193	2
131.750	1
132.005	1
132.377	1
132.493	0
132.505	1
132.632	1
132.876	1
132.981	2
133.259	1
133.515	1
133.759	1
134.014	1
134.142	1
134.281	0
134.293	1
134.374	0
134.385	1
134.641	1
134.745	1
134.769	2
135.024	1
135.279	1
135.523	1
135.906	1
136.069	0
136.081	1
136.150	0
136.510	1
136.557	2
136.789	1
137.033	1
137.416	1
137.845	1
137.857	0
138.194	1
138.298	1
138.310	0
138.577	1
138.739	1
138.751	0
139.076	1
139.088	0
139.413	1
139.424	0
139.459	1
139.633	1
139.645	0
139.738	1
139.981	1
140.086	1
140.098	0
140.365	1
140.527	1
140.539	0
140.864	1
140.875	0
141.201	1
141.212	0
141.247	1
141.421	1
141.433	0
141.769	1
141.862	1
141.886	0
142.153	1
142.315	1
142.327	0
142.652	1
142.663	0
142.988	1
143.000	0
143.035	1
143.209	1
143.221	0
143.557	1
143.650	1
143.673	0
143.940	1
144.103	1
144.115	0
144.440	1
144.451	0
144.765	1
144.788	0
144.823	1
144.997	0
145.009	1
145.345	1
145.450	0
145.461	1
145.891	0
145.903	1
146.228	0
146.239	1
146.564	0
146.576	1
146.785	0
146.797	1
147.133	1
147.238	0
147.249	1
147.679	0
147.691	1
148.016	0
148.027	1
148.352	0
148.364	1
148.573	0
148.584	1
148.921	1
149.026	0
149.037	1
149.467	0
149.478	1
149.804	0
149.815	1
150.140	0
150.152	1
150.361	0
150.372	1
150.709	1
150.814	0
150.814	1
151.255	0
151.266	1
151.591	0
151.603	1
151.928	0
151.940	1
152.137	1
152.149	0
152.497	1
152.590	1
152.602	0
152.869	1
153.031	1
153.043	0
153.368	1
153.379	0
153.437	1
153.704	1
153.716	0
153.751	1
153.925	1
153.937	0
154.273	1
154.378	1
154.389	0
154.657	1
154.819	1
154.831	0
155.156	1
155.167	0
155.225	1
155.492	1
155.504	0
155.713	1
155.725	0
156.061	1
156.154	1
156.177	0
156.444	1
156.607	1
156.619	0
156.944	1
156.955	0
157.013	1
157.280	1
157.292	0
157.327	1
157.501	1
157.513	0
157.849	1
157.942	1
157.965	0
158.232	1
158.395	1
158.407	0
158.732	1
158.743	0
158.801	1
159.068	1
159.080	0
159.115	1
159.289	0
159.300	1
159.637	1
159.742	0
159.753	1
160.020	1
160.183	0
160.194	1
160.520	0
160.531	1
160.856	0
160.868	1
161.077	0
161.088	1
161.425	1
161.530	0
161.541	1
161.808	1
161.971	0
161.982	1
162.307	0
162.319	1
162.644	0
162.656	1
162.865	0
162.876	1
163.213	1
163.318	0
163.329	1
163.759	0
163.770	1
164.095	0
164.107	1
164.432	0
164.444	1
164.653	0
164.664	1
165.001	1
165.105	0
165.117	1
165.547	0
165.558	1
165.883	0
165.895	1
166.220	0
166.232	1
166.429	1
166.441	0
166.789	1
166.882	1
166.893	0
167.160	1
167.323	1
167.335	0
167.660	1
167.671	0
167.729	1
167.996	1
168.008	0
168.043	1
168.217	1
168.229	0
168.565	1
168.670	1
168.681	0
168.948	1
169.111	1
169.123	0
169.448	1
169.459	0
169.517	1
169.784	1
169.796	0
169.831	1
170.005	1
170.017	0
170.353	1
170.446	1
170.469	0
170.736	1
170.899	1
170.910	0
170.910	2
171.236	1
171.247	0
171.305	1
171.328	2
171.572	1
171.584	0
171.619	1
171.793	1
171.804	0
172.141	1
172.234	1
172.257	0
172.524	1
172.687	1
172.698	0
173.023	1
173.035	0
173.360	1
173.372	0
173.407	1
173.581	0
173.592	1
173.929	1
174.034	0
174.045	1
174.312	1
174.475	0
174.486	1
174.811	0
174.823	1
175.148	0
175.160	1
175.369	0
175.380	1
175.717	1
175.821	0
175.833	1
176.100	1
176.263	0
176.274	1
176.599	0
176.611	1
176.936	0
176.948	1
177.157	0
177.168	1
177.505	1
177.609	0
177.621	1
177.888	1
178.051	0
178.062	1
178.387	0
178.399	1
178.724	0
178.736	1
178.945	0
178.956	1
179.293	1
179.397	0
179.397	1
179.676	1
179.839	0
179.850	1
180.175	0
180.187	1
180.512	0
180.524	1
180.721	1
180.744	0
181.174	1
181.185	0
181.615	1
181.626	0
181.952	1
181.963	0
181.963	2
182.021	1
182.288	1
182.300	0
182.509	1
182.520	0
182.962	1
182.973	0
183.403	1
183.414	0
183.740	1
183.751	0
183.809	1
184.076	1
184.088	0
184.169	2
184.297	1
184.308	0
184.750	1
184.761	0
185.191	1
185.202	0
185.527	1
185.539	0
185.597	1
185.620	2
185.864	1
185.876	0
186.085	1
186.096	0
186.526	1
186.549	0
186.979	1
186.990	0
187.315	1
187.327	0
187.385	1
187.652	1
187.664	0
187.873	0
187.884	1
188.325	0
188.337	1
188.767	0
188.778	1
189.103	0
189.115	1
189.440	0
189.452	1
189.661	0
189.672	1
190.113	0
190.125	1
190.555	0
190.566	1
190.891	0
190.903	1
191.228	0
191.240	1
191.449	0
191.460	1
191.901	0
191.913	1
192.342	0
192.354	1
192.679	0
192.691	1
193.016	0
193.027	1
193.236	0
193.248	1
193.689	0
193.689	1
194.130	0
194.142	1
194.467	0
194.479	1
194.804	0
194.815	1
