0.476	2
0.743	0
1.207	1
1.231	0
1.289	0
1.707	1
1.741	0
2.450	1
2.485	0
2.949	1
2.984	0
3.193	1
3.228	0
3.692	1
3.727	0
4.191	1
4.226	0
4.458	2
4.725	0
5.190	1
5.213	0
5.271	0
5.689	1
5.724	0
6.432	1
6.467	0
6.931	1
6.966	0
7.175	1
7.210	0
7.674	1
7.709	0
8.173	1
8.208	0
8.440	2
8.707	0
9.172	1
9.195	0
9.253	0
9.671	1
9.706	0
10.414	1
10.449	0
10.913	1
10.948	0
11.157	1
11.192	0
11.656	1
11.691	0
12.156	1
12.190	0
12.423	2
12.690	0
13.154	1
13.189	0
13.235	0
13.653	1
13.688	0
14.396	1
14.431	0
14.896	1
14.930	0
15.151	1
15.174	0
15.639	1
15.673	0
16.138	1
16.173	0
16.405	2
16.684	0
17.136	1
17.171	0
17.218	0
17.392	2
17.636	1
17.670	0
18.135	2
18.379	1
18.413	0
18.878	2
18.889	1
18.913	0
19.133	1
19.168	0
19.621	1
19.656	0
20.132	1
20.155	0
20.387	2
20.666	0
21.119	1
21.153	0
21.200	0
21.374	2
21.618	1
21.653	0
22.117	2
22.361	1
22.396	0
22.860	2
22.872	1
22.895	0
23.115	1
23.150	0
23.615	1
23.638	0
24.114	1
24.137	0
24.369	2
24.602	2
24.648	0
24.741	1
25.101	1
25.101	2
25.136	0
25.194	0
25.228	2
25.472	2
25.600	1
25.635	0
25.855	2
26.099	2
26.343	1
26.366	2
26.378	0
26.598	2
26.726	1
26.854	1
26.877	0
27.098	1
27.098	2
27.133	0
27.225	2
27.469	2
27.597	1
27.620	0
27.841	2
28.096	1
28.096	2
28.119	0
28.340	1
28.352	2
28.630	0
28.723	1
28.839	1
29.118	0
29.176	0
29.211	1
29.594	1
29.710	1
29.965	1
30.337	1
30.708	1
30.836	1
31.080	1
31.208	1
31.579	1
31.707	1
31.730	0
31.951	1
32.334	2
32.485	0
32.729	0
32.787	0
32.949	1
32.972	0
33.355	0
33.576	1
33.599	0
33.692	1
33.727	0
33.948	1
33.971	0
34.226	0
34.331	2
34.482	0
34.691	1
34.714	0
34.934	1
34.981	0
35.318	1
35.341	0
35.596	0
35.689	1
35.712	0
35.933	1
35.968	0
36.188	1
36.212	0
36.316	2
36.467	0
36.676	1
36.711	0
36.769	0
36.931	1
36.966	0
37.338	0
37.558	1
37.593	0
37.674	1
37.709	0
37.930	1
37.953	0
38.174	1
38.208	0
38.313	2
38.464	0
38.673	1
38.708	0
38.754	0
38.917	1
38.963	0
39.323	0
39.578	0
39.671	1
39.706	0
39.915	1
39.950	0
40.205	0
40.298	2
40.414	1
40.449	0
40.658	1
40.693	0
40.914	1
40.948	0
41.308	0
41.540	1
41.575	0
41.657	1
41.691	0
41.912	1
41.935	0
42.191	0
42.295	2
42.446	0
42.655	1
42.690	0
42.736	0
42.934	0
43.282	1
43.317	0
43.526	1
43.561	0
43.654	1
43.688	0
43.932	0
44.188	0
44.280	2
44.443	0
44.652	1
44.675	0
44.733	0
44.931	0
45.267	1
45.302	0
45.523	1
45.558	0
45.674	0
45.894	1
45.929	0
46.138	1
46.173	0
46.266	1
46.277	2
46.428	0
46.672	0
46.719	0
46.765	1
46.893	1
46.916	0
47.020	1
47.137	1
47.299	0
47.520	1
47.543	0
47.636	1
47.671	0
47.891	1
47.914	0
48.135	1
48.170	0
48.274	2
48.425	0
48.634	1
48.657	0
48.715	0
48.878	1
48.924	0
49.261	0
49.505	1
49.540	0
49.656	0
49.876	1
49.911	0
50.120	1
50.155	0
50.260	2
50.411	0
50.654	0
50.712	0
50.875	1
50.910	0
51.246	1
51.281	0
51.525	0
51.618	1
51.653	0
51.862	1
51.897	0
52.117	1
52.152	0
52.257	2
52.407	0
52.616	1
52.640	0
52.860	1
52.895	0
53.243	1
53.267	0
53.487	1
53.522	0
53.615	1
53.650	0
53.859	1
53.894	0
54.114	1
54.149	0
54.242	2
54.393	0
54.602	1
54.637	0
54.695	0
54.857	1
54.892	0
55.229	1
55.263	0
55.519	0
55.635	0
55.844	1
55.879	0
56.099	1
56.134	0
56.239	2
56.390	0
56.599	1
56.622	0
56.680	0
56.842	1
56.877	0
57.249	0
57.504	0
57.632	0
57.841	1
57.876	0
58.096	1
58.131	0
58.224	2
58.375	0
58.584	1
58.619	0
58.677	0
58.839	1
58.874	0
59.246	0
59.466	1
59.501	0
59.617	0
59.838	1
59.861	0
60.082	1
60.116	0
60.221	2
60.372	0
60.581	1
60.616	0
60.662	0
60.825	1
60.871	0
61.208	1
61.231	0
61.452	1
61.486	0
61.579	1
61.614	0
61.823	1
61.858	0
62.079	1
62.113	0
62.206	1
62.578	1
62.705	1
62.949	1
63.077	1
63.449	1
63.576	1
63.820	1
64.192	1
64.203	2
64.354	0
64.598	0
64.644	0
64.842	0
64.946	1
65.062	1
65.213	0
65.445	1
65.469	0
65.562	1
65.596	0
65.817	1
65.840	0
66.096	0
66.188	1
66.200	2
66.351	0
66.583	0
66.641	0
66.688	1
66.839	0
66.932	1
67.059	1
67.210	0
67.431	1
67.466	0
67.582	0
67.802	1
67.837	0
68.081	0
68.174	1
68.185	2
68.336	0
68.580	0
68.638	0
68.673	1
68.836	0
68.928	1
69.045	1
69.207	0
69.428	1
69.451	0
69.544	1
69.579	0
69.799	1
69.822	0
70.043	1
70.078	0
70.171	1
70.182	2
70.333	0
70.565	0
70.623	0
70.786	1
70.821	0
70.914	1
71.041	1
71.192	0
71.413	1
71.448	0
71.564	0
71.784	1
71.819	0
72.063	0
72.156	1
72.168	2
72.284	1
72.319	0
72.562	0
72.620	0
72.655	1
72.818	0
72.911	1
73.038	1
73.154	1
73.189	0
73.410	1
73.433	0
73.561	0
73.781	1
73.805	0
74.060	0
74.153	1
74.165	2
74.315	0
74.548	0
74.606	0
74.652	1
74.803	0
74.896	1
75.024	1
75.175	0
75.395	1
75.430	0
75.523	1
75.546	0
75.778	1
75.802	0
76.045	0
76.150	1
76.150	2
76.301	0
76.545	0
76.603	0
76.637	1
76.765	1
76.800	0
77.021	1
77.392	1
77.508	1
77.764	1
78.135	1
78.391	1
78.762	1
78.878	1
79.006	1
79.134	1
79.377	1
79.749	1
80.004	1
80.132	1
80.132	2
80.248	1
80.283	0
80.527	0
80.585	0
80.631	1
80.747	1
80.782	0
80.875	1
81.003	1
81.154	0
81.374	1
81.409	0
81.502	1
81.525	0
81.746	1
81.769	0
81.990	1
82.024	0
82.117	1
82.129	2
82.280	0
82.524	0
82.570	0
82.617	1
82.779	0
82.860	1
82.988	1
83.151	0
83.371	1
83.394	0
83.487	1
83.522	0
83.743	1
83.766	0
84.021	0
84.114	1
84.114	2
84.277	0
84.509	0
84.567	0
84.614	1
84.730	1
84.764	0
84.857	1
84.985	1
85.101	1
85.136	0
85.357	1
85.391	0
85.484	1
85.507	0
85.728	1
85.763	0
85.972	1
86.007	0
86.100	1
86.111	2
86.262	0
86.506	0
86.552	0
86.599	1
86.761	0
86.854	1
86.970	1
87.133	0
87.353	1
87.377	0
87.470	1
87.504	0
87.725	1
87.748	0
88.004	0
88.097	1
88.108	2
88.259	0
88.491	0
88.549	0
88.747	0
88.967	1
89.118	0
89.339	1
89.374	0
89.466	1
89.490	0
89.722	1
89.745	0
89.989	0
90.082	1
90.093	2
90.210	1
90.244	0
90.488	0
90.546	0
90.581	1
90.709	1
90.744	0
90.836	1
90.953	1
91.080	1
91.115	0
91.336	1
91.359	0
91.452	1
91.487	0
91.707	1
91.730	0
91.951	1
91.986	0
92.079	1
92.090	2
92.241	0
92.473	0
92.532	0
92.578	1
92.729	0
92.822	1
92.949	1
93.321	1
93.449	1
93.693	1
94.447	1
94.563	2
94.691	1
95.562	2
95.817	1
96.061	1
96.073	2
96.351	0
96.839	0
96.885	0
97.059	1
97.303	1
97.338	0
97.559	1
97.802	1
97.860	0
98.081	0
98.557	1
98.580	0
98.801	1
98.824	0
99.300	1
99.323	0
99.823	0
100.043	1
100.055	2
100.333	0
100.821	0
100.914	0
101.042	1
101.285	1
101.320	0
101.541	1
101.785	1
102.040	1
102.063	0
102.539	1
102.563	0
102.783	1
102.806	0
103.282	1
103.306	0
103.782	1
103.805	0
104.025	1
104.049	2
104.316	0
104.803	0
104.861	0
105.024	1
105.268	1
105.302	0
105.535	1
105.767	1
105.825	0
106.046	0
106.522	1
106.556	0
106.789	0
107.265	1
107.299	0
107.787	0
108.008	1
108.031	2
108.298	0
108.785	0
108.878	0
109.006	1
109.250	1
109.285	0
109.505	1
109.749	1
110.005	1
110.028	0
110.504	1
110.539	0
110.782	0
111.247	1
111.282	0
111.746	1
111.769	0
111.990	1
112.013	2
112.280	0
112.768	0
112.826	0
113.000	1
113.232	1
113.267	0
113.499	1
113.743	1
114.022	0
114.486	1
114.521	0
114.730	1
114.765	0
115.229	1
115.264	0
115.763	0
115.984	1
115.995	2
116.262	0
116.750	0
116.971	1
117.226	1
117.249	0
117.470	1
117.725	1
117.969	1
118.004	0
118.468	1
118.503	0
118.712	1
118.747	0
119.211	1
119.246	0
119.710	1
119.745	0
119.966	1
119.978	2
120.245	0
120.732	0
120.790	0
120.953	1
121.208	1
121.243	0
121.452	1
121.707	1
121.951	1
121.986	0
122.450	1
122.485	0
122.706	1
122.729	0
123.205	1
123.228	0
123.693	1
123.728	0
123.948	1
123.960	2
124.192	1
124.227	0
124.714	0
124.772	0
124.935	1
125.190	1
125.225	0
125.434	1
125.690	1
125.933	1
126.061	1
126.096	0
126.305	1
126.340	0
126.433	1
126.595	0
126.688	1
126.804	1
127.071	0
127.176	1
127.303	1
127.338	0
127.431	1
127.559	1
127.582	0
127.675	1
127.930	1
127.954	0
128.302	1
128.325	0
128.383	0
128.546	1
128.580	0
128.697	2
128.801	1
128.952	0
129.173	1
129.207	0
129.300	1
129.324	0
129.428	1
129.544	1
129.579	0
129.811	2
129.916	1
129.950	0
130.287	1
130.322	0
130.380	0
130.543	1
130.566	0
130.682	2
130.798	1
130.949	0
131.170	1
131.193	0
131.286	1
131.320	0
131.413	1
131.529	1
131.564	0
131.808	2
131.913	1
131.936	0
132.284	1
132.307	0
132.365	0
132.528	1
132.574	0
132.679	2
132.783	1
132.934	0
133.155	1
133.190	0
133.306	0
133.410	1
133.526	1
133.561	0
133.793	2
133.898	1
133.933	0
134.269	1
134.304	0
134.362	0
134.525	1
134.560	0
134.664	2
134.780	1
134.931	0
135.152	1
135.187	0
135.303	0
135.396	1
135.523	1
135.546	0
135.790	2
135.895	1
135.930	0
136.266	1
136.301	0
136.348	0
136.545	0
136.661	2
136.766	1
136.893	1
136.916	0
137.137	1
137.172	0
137.265	1
137.300	0
137.392	1
137.509	1
137.543	0
137.776	2
137.880	1
137.915	0
138.263	1
138.286	0
138.344	0
138.507	1
138.542	0
138.646	2
138.762	1
138.913	0
139.134	1
139.169	0
139.285	0
139.378	1
139.505	1
139.529	0
139.773	2
139.877	1
139.912	0
140.249	1
140.283	0
140.330	0
140.527	0
140.643	2
140.748	1
140.875	1
140.899	0
141.119	1
141.154	0
141.282	0
141.375	1
141.491	1
141.526	0
141.758	2
141.874	1
141.897	0
142.269	0
142.327	0
142.373	1
142.489	1
142.524	0
142.617	1
142.745	1
142.896	0
143.116	1
143.151	0
143.244	1
143.267	0
143.360	1
143.488	1
143.511	0
143.755	2
143.894	0
144.231	1
144.266	0
144.312	0
144.509	0
144.625	2
144.730	1
144.858	1
144.893	0
145.136	0
145.229	1
145.264	0
145.357	1
145.473	1
145.508	0
145.752	2
145.856	1
145.879	0
146.228	1
146.251	0
146.309	0
146.506	0
146.622	2
146.727	1
146.878	0
147.098	1
147.133	0
147.249	0
147.342	1
147.470	1
147.505	0
147.737	2
147.841	1
147.876	0
148.213	1
148.248	0
148.306	0
148.468	1
148.503	0
148.608	2
148.724	1
148.863	0
149.119	0
149.211	1
149.246	0
149.339	1
149.455	1
149.490	0
149.734	2
149.862	0
150.210	1
150.233	0
150.291	0
150.454	1
150.489	0
150.605	2
150.709	1
150.825	1
150.860	0
151.081	1
151.115	0
151.208	1
151.232	0
151.336	1
151.452	1
151.487	0
151.719	2
151.859	0
152.195	1
152.230	0
152.288	0
152.485	0
152.590	2
152.694	1
152.822	1
152.857	0
153.078	1
153.112	0
153.228	0
153.321	1
153.449	1
153.472	0
153.716	2
153.821	1
153.855	0
154.192	1
154.227	0
154.273	0
154.436	1
154.471	0
154.587	2
154.691	1
154.842	0
155.063	1
155.098	0
155.191	1
155.225	0
155.318	1
155.434	1
155.469	0
155.701	2
155.806	1
155.841	0
156.177	1
156.212	0
156.270	0
156.433	1
156.468	0
156.572	2
156.688	1
156.839	0
157.060	1
157.095	0
157.211	0
157.304	1
157.431	1
157.455	0
157.698	2
157.803	1
157.838	0
158.209	0
158.256	0
158.302	1
158.430	1
158.465	0
158.557	1
158.674	1
159.045	1
159.173	1
159.428	1
159.800	1
159.823	0
160.067	0
160.125	0
160.171	1
160.287	1
160.415	1
160.543	1
160.578	0
160.670	1
160.810	2
160.821	0
161.042	1
161.077	0
161.170	1
161.193	0
161.286	1
161.414	1
161.437	0
161.681	2
161.785	1
161.820	0
162.029	1
162.064	0
162.122	0
162.157	1
162.284	1
162.412	1
162.540	1
162.563	0
162.656	1
162.807	0
163.039	1
163.062	0
163.155	1
163.190	0
163.283	1
163.399	1
163.434	0
163.782	1
163.805	0
164.061	0
164.107	0
164.153	1
164.281	1
164.397	1
164.560	0
164.653	1
164.792	2
164.804	0
165.024	1
165.059	0
165.152	1
165.175	0
165.268	1
165.396	1
165.431	0
165.663	2
165.767	1
165.802	0
166.046	0
166.104	0
166.150	1
166.266	1
166.394	1
166.522	1
166.545	0
166.638	1
166.801	0
167.021	1
167.044	0
167.137	1
167.172	0
167.265	1
167.393	1
167.416	0
167.660	2
167.764	1
167.787	0
168.008	1
168.043	0
168.089	0
168.136	1
168.263	1
168.391	1
168.530	0
168.635	1
168.774	2
168.786	0
169.006	1
169.041	0
169.134	1
169.157	0
169.262	1
169.378	1
169.413	0
169.645	2
169.749	1
169.784	0
170.005	1
170.028	0
170.086	0
170.133	1
170.249	1
170.376	1
170.504	1
170.539	0
170.632	1
170.748	1
170.771	2
170.783	0
171.003	1
171.038	0
171.119	1
171.154	0
171.247	1
171.375	1
171.398	0
171.642	2
171.746	1
171.781	0
171.990	1
172.025	0
172.071	0
172.118	1
172.246	1
172.373	1
172.489	1
172.524	0
172.617	1
172.756	2
172.768	0
172.989	1
173.023	0
173.151	0
173.232	1
173.360	1
173.395	0
173.627	2
173.732	1
173.987	1
174.359	1
174.614	1
174.730	1
174.986	1
175.357	1
175.485	1
175.601	1
175.729	1
175.891	0
175.984	1
176.019	0
176.077	0
176.100	1
176.228	1
176.356	1
176.379	0
176.472	1
176.495	2
176.599	1
176.750	0
176.971	1
177.006	0
177.099	1
177.133	0
177.226	1
177.377	0
177.609	2
177.726	1
177.772	0
177.888	0
177.981	1
178.004	0
178.062	0
178.109	1
178.225	1
178.341	1
178.376	0
178.469	1
178.596	1
178.747	0
178.968	1
179.003	0
179.096	1
179.119	0
179.212	1
179.374	0
179.606	2
179.711	1
179.873	0
179.966	1
180.001	0
180.059	0
180.082	1
180.210	1
180.373	0
180.465	1
180.477	2
180.582	1
180.733	0
180.953	1
180.988	0
181.081	1
181.116	0
181.209	1
181.359	0
181.592	2
181.708	1
181.824	1
181.870	0
181.963	1
181.998	0
182.044	0
182.079	1
182.207	1
182.323	1
182.358	0
182.451	1
182.579	1
182.729	0
182.950	1
182.985	0
183.078	1
183.101	0
183.194	1
183.356	0
183.589	2
183.693	1
183.856	0
183.960	1
183.983	0
184.041	0
184.065	1
184.192	1
184.320	1
184.343	0
184.448	1
184.459	2
184.564	1
184.715	0
184.947	1
184.970	0
185.063	1
185.098	0
185.191	1
185.342	0
185.585	2
185.690	1
185.853	0
185.945	1
185.980	0
186.038	0
186.061	1
186.189	1
186.340	0
186.433	1
186.561	1
186.712	0
186.932	1
186.967	0
187.060	1
187.083	0
187.176	1
187.339	0
187.571	2
187.675	1
187.803	1
187.838	0
187.942	1
187.966	0
188.024	0
188.058	1
188.175	1
188.337	0
188.430	1
188.442	2
188.546	1
188.674	1
188.709	0
188.929	1
188.952	0
189.045	1
189.080	0
189.173	1
189.324	0
189.568	2
189.672	1
189.835	0
189.962	0
190.020	0
190.171	1
190.288	1
190.322	0
190.415	1
190.694	0
190.914	1
190.949	0
191.042	1
191.077	0
191.286	1
191.669	1
191.692	0
191.820	0
191.866	0
192.319	0
192.424	2
192.540	1
192.691	0
192.911	1
192.935	0
193.027	1
193.062	0
193.155	1
193.283	1
193.306	0
193.434	1
193.550	1
193.585	0
193.654	1
193.689	0
193.805	0
193.863	0
194.026	1
194.154	1
194.305	0
194.397	1
194.537	1
194.676	0
194.897	1
194.932	0
195.024	1
195.059	0
195.152	1
195.303	0
195.535	2
195.651	1
195.675	0
195.802	0
195.849	0
196.023	1
196.139	1
196.301	0
196.394	1
196.406	2
196.522	1
196.673	0
196.894	1
196.928	0
197.021	1
197.045	0
197.137	1
197.288	0
197.637	1
197.671	0
197.788	0
197.846	0
198.008	1
198.136	1
198.287	0
198.380	1
198.403	2
198.507	1
198.670	0
198.879	1
198.914	0
199.007	1
199.041	0
199.134	1
199.250	1
199.285	0
199.634	1
200.005	1
200.377	1
201.247	1
201.619	1
201.990	1
202.374	1
203.244	1
203.616	1
203.987	1
204.359	1
205.230	1
205.601	1
205.973	1
206.356	1
207.226	1
207.598	1
207.970	1
208.341	1
209.212	1
209.583	1
209.966	1
210.326	1
211.209	1
211.580	1
211.952	1
212.323	1
213.194	1
213.577	1
213.949	1
214.320	1
215.191	1
