8.499	1
8.603	0
8.789	0
10.263	0
10.472	0
11.238	0
12.469	0
15.314	0
17.160	0
17.810	0
17.845	0
17.879	0
18.204	0
19.493	0
19.551	0
19.667	0
19.737	0
19.969	0
20.108	1
21.571	1
21.571	2
22.291	1
22.291	2
23.023	1
23.023	2
23.742	1
23.986	1
24.474	2
25.437	1
25.437	2
26.169	1
26.169	2
26.413	2
26.900	1
27.376	2
27.469	0
27.609	1
27.852	1
27.910	0
28.352	2
29.315	1
29.315	2
30.035	1
30.035	2
30.766	1
30.766	2
31.486	1
32.218	2
34.145	1
34.145	2
34.273	1
34.273	2
34.876	1
34.876	2
34.992	1
34.992	2
35.143	0
35.190	0
35.352	1
35.445	0
35.596	0
35.596	1
35.701	0
39.323	0
39.648	0
39.753	0
39.857	0
39.962	1
39.962	2
40.681	1
40.681	2
41.413	1
41.413	2
42.376	0
42.864	2
43.027	0
43.178	0
43.270	0
43.340	1
43.421	0
43.503	0
43.665	0
43.828	1
43.828	2
44.095	0
44.547	2
44.559	1
44.803	2
45.279	1
45.767	2
46.962	1
47.137	0
47.206	1
47.578	0
47.705	2
48.669	2
50.596	1
50.608	2
50.689	0
51.119	0
51.188	0
51.560	1
51.618	0
52.048	1
52.129	0
53.011	1
54.462	1
54.695	0
54.787	0
54.962	0
55.043	0
55.147	0
55.252	0
55.345	0
55.438	0
55.438	1
55.612	0
55.716	0
55.821	0
56.181	0
56.274	0
56.401	1
56.726	0
56.900	0
57.179	0
57.272	0
57.365	1
57.551	0
57.655	0
58.886	0
59.304	1
59.339	0
59.397	0
60.267	1
61.243	1
61.301	0
61.730	0
61.730	1
61.800	0
62.206	1
62.392	0
62.694	1
62.938	0
63.042	0
63.135	0
63.170	1
63.414	0
63.507	0
64.145	1
64.865	0
65.109	1
65.120	2
65.236	1
65.236	2
65.840	1
65.840	2
65.968	1
65.968	2
66.560	1
66.688	1
67.048	1
67.117	0
67.617	0
68.011	1
68.499	1
68.986	1
69.462	1
69.950	1
70.113	0
70.217	0
70.322	0
70.438	1
70.600	0
70.914	1
71.401	1
71.889	1
72.168	0
72.853	1
73.340	1
73.851	0
73.898	0
74.060	1
74.153	0
74.304	1
74.408	0
74.652	0
75.384	0
75.569	0
75.848	0
75.999	1
76.266	0
76.347	0
76.742	0
76.823	0
77.322	0
77.473	0
77.531	0
77.589	0
77.648	0
77.706	2
77.729	0
77.752	0
77.833	0
77.857	0
77.949	2
78.425	2
78.681	2
78.797	2
78.913	2
79.157	2
79.273	2
79.401	2
79.633	2
79.761	2
79.877	2
80.004	2
80.120	2
80.492	2
80.608	2
80.724	2
80.852	2
81.212	2
81.456	2
82.175	2
82.419	2
83.023	2
83.394	2
83.627	2
83.754	2
83.870	2
84.242	2
84.474	2
84.602	2
84.718	2
85.078	2
86.169	2
86.297	2
86.413	2
86.541	2
86.657	2
86.773	2
86.901	2
87.017	2
87.133	2
87.388	2
87.504	2
87.864	2
87.980	2
88.224	2
88.352	2
88.468	2
88.712	2
88.840	2
88.956	2
89.432	2
89.559	2
89.675	2
90.163	2
90.407	2
90.523	2
90.651	2
90.895	2
91.011	2
91.254	2
91.371	2
91.498	2
91.614	2
91.974	2
92.102	2
92.346	2
92.590	2
92.822	2
93.066	2
93.182	2
93.309	2
93.425	2
93.553	2
94.273	2
94.401	2
94.517	2
94.645	2
94.761	2
94.888	2
95.004	2
95.248	2
95.736	2
95.852	2
96.572	2
96.700	2
96.943	2
97.176	2
97.303	2
97.419	2
97.663	2
97.779	2
98.035	2
98.151	2
98.511	2
98.627	2
98.754	2
98.998	2
99.114	2
99.718	2
99.834	2
100.078	2
100.206	2
100.926	2
101.053	2
101.169	2
101.297	2
101.413	2
101.541	2
101.773	2
101.901	2
102.145	2
102.261	2
102.504	2
102.621	2
102.980	2
103.108	2
103.224	2
103.584	2
103.840	2
103.956	2
104.083	2
104.200	2
104.559	2
104.687	2
104.850	0
105.047	2
105.163	2
105.337	0
105.419	2
105.755	1
105.860	0
106.011	2
106.127	2
106.243	1
106.313	0
106.498	2
106.614	2
106.719	1
106.835	0
106.974	2
107.207	1
107.346	2
107.578	2
107.694	1
107.950	2
108.182	1
108.309	2
108.426	2
108.658	1
109.041	2
109.145	1
109.273	2
109.517	2
109.621	1
109.761	2
109.877	2
110.005	2
110.109	1
110.364	2
110.481	2
110.597	1
110.724	2
111.084	1
111.560	1
111.816	2
111.943	2
112.048	1
112.419	2
112.536	1
113.012	1
113.151	2
113.499	1
113.627	2
113.871	2
113.987	1
114.463	1
114.950	1
115.334	2
115.438	1
115.566	2
115.914	1
116.402	1
116.541	2
116.773	2
116.889	1
117.261	2
117.365	1
117.505	2
117.551	0
117.621	2
117.644	0
117.725	0
117.748	2
117.783	0
117.853	1
117.934	0
118.039	0
118.108	0
118.108	2
118.190	0
118.224	2
118.329	0
118.340	1
118.387	0
118.445	0
118.584	2
118.817	1
118.886	0
119.304	1
119.316	2
119.397	0
119.443	2
119.803	2
120.268	1
120.279	2
120.303	0
120.337	2
120.349	0
120.395	2
120.454	2
120.523	2
120.767	2
120.999	1
120.999	2
121.057	0
121.243	1
121.243	2
121.359	2
121.487	2
121.731	2
121.974	2
122.218	2
122.276	2
122.334	2
122.392	2
122.450	2
122.462	1
122.520	1
122.520	2
122.578	1
122.578	2
122.636	2
122.694	1
122.694	2
122.938	1
122.938	2
123.182	1
123.182	2
123.240	2
123.298	2
123.426	1
123.426	2
123.495	0
123.669	2
123.786	2
123.902	1
123.913	2
124.029	2
124.145	1
124.157	2
124.204	2
124.273	2
124.331	2
124.389	2
124.447	0
124.447	2
124.505	2
124.575	2
124.633	2
124.796	2
124.958	2
125.051	0
125.121	1
125.121	2
125.144	0
125.272	2
125.434	2
125.597	1
125.597	2
125.759	2
125.841	1
125.841	2
125.922	2
125.957	2
125.968	1
126.084	1
126.084	2
126.142	2
126.200	2
126.270	2
126.328	1
126.328	2
126.386	1
126.386	2
126.433	0
126.444	1
126.444	2
126.502	2
126.560	0
126.572	1
126.572	2
126.630	0
126.723	2
126.816	1
126.816	2
126.885	2
127.048	1
127.048	2
127.176	2
127.234	2
127.292	1
127.292	2
127.350	2
127.420	1
127.420	2
127.478	2
127.536	1
127.536	2
127.594	2
127.652	2
127.721	2
127.779	1
127.779	2
127.837	2
127.884	0
127.896	2
127.942	0
127.954	2
128.012	1
128.023	2
128.081	2
128.104	0
128.139	2
128.197	2
128.267	2
128.499	2
128.743	1
128.743	2
128.836	0
128.987	1
128.987	2
129.103	2
129.231	2
129.474	2
129.707	2
129.962	2
130.020	2
130.078	2
130.136	2
130.194	1
130.194	2
130.252	2
130.264	1
130.322	1
130.322	2
130.380	2
130.438	1
130.438	2
130.682	1
130.682	2
130.926	1
130.926	2
130.984	2
130.995	0
131.042	2
131.170	1
131.170	2
131.286	1
131.286	2
131.402	2
131.413	1
131.529	2
131.646	1
131.646	2
131.773	2
131.889	1
131.889	2
131.947	2
131.982	0
132.005	2
132.075	2
132.133	1
132.133	2
132.180	0
132.191	2
132.249	2
132.261	1
132.284	0
132.307	2
132.377	2
132.493	1
132.493	2
132.621	1
132.621	2
132.690	2
132.853	0
132.853	1
132.865	2
132.981	2
133.097	1
133.097	2
133.341	1
133.341	2
133.468	1
133.468	2
133.584	1
133.584	2
133.642	2
133.700	2
133.828	1
133.828	2
133.991	1
133.991	2
134.072	2
134.142	2
134.153	1
134.304	2
134.316	1
134.432	2
134.548	1
134.548	2
134.792	1
134.792	2
134.850	2
134.920	2
135.024	0
135.036	1
135.036	2
135.279	1
135.279	2
135.314	0
135.338	2
135.396	1
135.396	2
135.454	2
135.523	1
135.523	2
135.581	2
135.639	1
135.639	2
135.697	2
135.755	1
135.767	2
135.814	2
135.848	0
135.883	2
135.941	2
135.999	2
136.243	2
136.487	1
136.487	2
136.545	0
136.649	0
136.731	1
136.731	2
136.847	2
136.975	2
137.207	2
137.451	2
137.694	2
137.752	2
137.822	2
137.880	2
137.938	1
137.938	2
137.996	1
137.996	2
138.054	2
138.066	1
138.124	2
138.182	1
138.182	2
138.205	0
138.426	1
138.426	2
138.670	2
138.728	2
138.786	2
138.902	1
138.902	2
139.146	2
139.273	2
139.389	1
139.389	2
139.505	2
139.622	1
139.633	2
139.691	2
139.749	2
139.807	2
139.854	0
139.877	2
139.935	2
139.947	0
139.993	2
140.040	0
140.051	2
140.121	2
140.272	2
140.353	1
140.434	2
140.527	0
140.597	1
140.597	2
140.608	0
140.713	0
140.759	2
140.922	2
141.084	1
141.084	2
141.189	0
141.235	0
141.247	2
141.293	0
141.340	0
141.386	0
141.410	2
141.572	2
141.630	2
141.688	2
141.746	2
141.804	1
141.816	2
141.874	1
141.874	2
141.920	0
141.932	1
141.932	2
141.967	0
141.990	2
142.048	0
142.048	1
142.048	2
142.106	0
142.211	2
142.292	1
142.292	2
142.373	2
142.536	2
142.594	2
142.652	2
142.721	2
142.780	1
142.780	2
142.838	2
142.884	0
142.896	2
142.942	0
142.954	2
143.023	2
143.081	2
143.093	0
143.139	2
143.197	2
143.256	1
143.256	2
143.383	2
143.441	2
143.499	0
143.499	1
143.511	2
143.557	0
143.557	2
143.627	2
143.685	2
143.743	2
143.987	2
144.126	0
144.196	0
144.219	1
144.231	2
144.266	0
144.335	0
144.475	1
144.475	2
144.591	2
144.707	2
144.951	2
145.194	2
145.438	2
145.496	2
145.554	2
145.624	2
145.682	1
145.682	2
145.740	1
145.740	2
145.798	1
145.798	2
145.856	2
145.926	1
145.926	2
145.995	0
146.019	0
146.170	1
146.170	2
146.402	1
146.413	2
146.471	2
146.530	2
146.646	1
146.646	2
146.773	0
146.843	0
146.866	0
146.889	2
146.994	0
147.006	2
147.133	1
147.133	2
147.203	0
147.249	2
147.365	1
148.097	1
148.167	0
148.190	0
148.283	0
148.341	1
148.341	2
148.376	0
149.316	2
149.548	1
149.548	2
149.618	1
149.618	2
149.676	1
149.676	2
149.792	1
149.792	2
149.827	0
150.036	1
150.036	2
150.280	1
150.280	2
150.523	1
150.523	2
150.651	0
150.756	0
150.999	1
150.999	2
151.092	0
151.243	1
151.313	0
151.545	0
151.963	1
152.067	0
152.694	1
153.194	2
153.414	1
153.530	0
153.600	0
154.157	2
154.389	1
154.865	1
155.109	1
155.202	0
155.341	0
155.411	0
155.841	1
155.934	0
157.060	2
157.640	0
158.012	1
158.523	0
158.569	0
158.824	0
158.987	0
158.987	1
158.999	2
159.045	0
159.138	0
159.707	1
160.520	0
160.914	1
160.984	0
161.890	1
162.853	1
162.865	2
163.097	0
163.201	0
163.294	0
163.573	1
163.782	0
164.804	2
165.779	2
165.999	1
166.719	1
166.766	0
166.824	0
167.207	1
167.288	0
167.695	1
167.729	0
167.799	0
168.171	1
168.240	0
168.658	1
168.693	0
168.739	0
168.763	0
169.146	1
169.622	1
169.703	0
169.738	0
170.109	1
170.597	1
171.073	1
171.561	1
172.048	1
172.536	1
173.012	1
173.500	1
173.976	1
174.463	1
174.951	1
175.438	1
175.914	1
176.402	1
176.878	1
177.366	1
177.853	1
178.341	1
178.817	1
179.304	1
179.792	1
180.268	1
180.756	1
181.243	1
181.719	1
182.207	1
182.695	1
183.171	1
183.658	1
184.146	1
184.622	1
185.109	1
185.597	1
186.073	1
186.317	1
186.561	1
187.060	2
188.999	2
190.195	1
190.438	1
190.926	2
191.901	2
194.061	1
194.305	1
194.804	2
195.767	2
196.731	2
198.670	2
201.572	2
201.630	2
201.642	0
201.689	2
201.747	2
201.805	1
201.805	2
201.886	0
202.048	1
202.048	2
202.141	0
202.292	2
202.536	1
202.536	2
202.652	2
202.780	2
203.024	2
203.267	1
203.267	2
203.500	2
203.558	2
203.627	2
203.685	2
203.743	2
203.802	2
203.871	2
203.929	2
203.987	2
204.231	2
204.475	2
204.533	2
204.591	2
204.707	2
204.951	2
205.079	2
205.195	2
205.322	2
205.439	1
205.439	2
205.497	2
205.555	2
205.624	2
205.671	1
205.682	2
205.740	2
205.798	2
205.868	2
205.915	1
205.926	2
206.089	2
206.240	2
206.402	1
206.402	2
206.565	2
206.727	2
206.890	2
207.052	2
207.134	1
207.134	2
207.215	2
207.377	2
207.435	2
207.494	2
207.552	2
207.610	2
207.679	2
207.737	2
207.795	2
207.853	2
208.016	2
208.179	2
208.341	2
208.353	0
208.399	2
208.457	2
208.527	2
208.585	2
208.643	2
208.701	2
208.771	2
208.829	2
208.887	2
208.945	2
209.003	2
209.072	2
209.131	2
209.189	2
209.247	2
209.305	1
209.316	2
209.363	2
209.432	2
209.490	2
209.548	1
209.548	2
209.641	0
209.792	1
209.792	2
209.885	0
210.036	2
210.280	1
210.280	2
210.396	2
210.512	2
210.756	2
211.000	2
211.011	1
211.244	2
211.302	2
211.371	2
211.429	2
211.487	2
211.545	2
211.603	2
211.673	2
211.731	1
211.731	2
211.975	2
212.219	2
212.277	2
212.335	2
212.451	2
212.695	2
212.822	2
212.939	2
213.055	2
213.182	2
213.240	2
213.299	2
213.357	2
213.415	1
213.426	2
213.484	2
213.542	2
213.600	2
213.658	1
213.670	2
213.821	2
213.983	2
214.146	2
214.274	2
214.390	2
214.634	2
214.877	2
214.936	2
214.994	2
215.121	2
215.353	2
215.597	2
215.725	2
215.841	2
216.085	2
216.143	2
216.201	2
216.329	2
216.573	2
216.631	2
216.689	2
216.747	2
216.805	1
216.816	2
216.874	2
216.932	2
216.990	2
217.060	2
218.024	2
218.999	2
219.963	2
220.926	2
223.829	2
224.804	2
226.731	2
227.706	2
228.670	2
244.158	2
245.121	2
246.097	2
247.060	2
248.024	2
248.999	2
249.963	2
250.926	2
251.902	2
