44.768	2
47.787	0
48.251	2
48.286	0
48.750	2
48.785	0
49.296	0
49.795	0
50.294	0
50.794	0
51.293	0
51.792	0
52.291	0
52.756	2
52.791	0
53.290	0
53.777	2
53.789	0
54.277	2
54.288	0
54.753	2
54.787	0
55.287	0
55.774	2
55.786	0
56.285	0
56.784	0
57.295	0
57.794	0
58.259	2
58.294	0
58.793	0
59.292	0
59.675	2
59.791	0
60.279	2
60.291	0
60.790	0
61.277	2
61.289	0
61.777	2
61.788	0
62.288	0
62.752	2
62.775	2
62.787	0
63.274	2
63.286	0
63.774	2
63.785	0
64.261	1
64.273	2
64.296	0
64.772	2
64.795	0
65.260	1
65.271	2
65.295	0
65.794	0
66.258	1
66.270	2
66.293	0
66.792	0
67.268	1
67.268	2
67.291	0
67.779	2
67.791	0
68.267	1
68.267	2
68.290	0
68.778	2
68.789	0
69.265	1
69.265	2
69.288	0
69.776	2
69.788	0
70.264	1
70.275	2
70.287	0
70.751	2
70.774	2
70.786	0
71.262	1
71.274	2
71.297	0
71.773	2
71.796	0
72.260	1
72.260	2
72.295	0
72.771	2
72.795	0
73.259	1
73.271	2
73.294	0
73.770	2
73.793	0
74.269	1
74.269	2
74.292	0
74.780	2
74.791	0
75.267	1
75.267	2
75.291	0
75.778	2
75.790	0
76.266	1
76.266	2
76.289	0
76.777	2
76.788	0
77.264	1
77.276	2
77.288	0
77.787	0
78.263	1
78.274	2
78.298	0
78.750	2
78.774	2
78.785	0
79.261	1
79.273	2
79.296	0
79.772	2
79.795	0
80.260	1
80.271	2
80.295	0
80.771	2
80.794	0
81.270	1
81.270	2
81.293	0
81.746	2
81.792	0
82.268	1
82.268	2
82.292	0
82.756	2
82.791	0
83.267	1
83.267	2
83.290	0
83.789	0
84.265	1
84.265	2
84.288	0
84.753	2
84.776	2
84.788	0
85.264	1
85.275	2
85.287	0
85.786	0
86.262	1
86.262	2
86.297	0
86.750	2
86.773	2
86.785	0
87.261	1
87.272	2
87.295	0
87.771	2
87.795	0
88.259	1
88.271	2
88.294	0
88.770	2
88.793	0
89.269	1
89.269	2
89.292	0
89.757	2
89.792	0
90.268	1
90.268	2
90.291	0
90.755	2
90.790	0
91.266	1
91.266	2
91.289	0
91.777	2
91.788	0
92.264	1
92.264	2
92.288	0
92.775	2
92.787	0
93.263	1
93.275	2
93.286	0
93.785	0
94.261	1
94.273	2
94.296	0
94.795	0
95.260	1
95.271	2
95.295	0
95.794	0
96.270	1
96.270	2
96.293	0
96.792	0
97.268	1
97.268	2
97.292	0
97.791	0
98.267	1
98.267	2
98.290	0
98.743	2
98.789	0
99.265	1
99.277	2
99.289	0
99.683	0
99.765	1
99.776	2
99.788	0
100.264	1
100.264	2
100.287	0
100.786	0
101.262	1
101.274	2
101.285	0
101.750	2
101.785	0
102.261	1
102.272	2
102.296	0
102.795	0
103.259	1
103.271	2
103.294	0
103.677	0
103.758	1
103.793	0
104.269	1
104.281	2
104.292	0
104.792	0
105.268	1
105.268	2
105.291	0
105.790	0
106.266	1
106.278	2
106.289	0
106.789	0
107.265	1
107.276	2
107.288	0
107.683	0
107.764	1
107.787	0
108.263	1
108.263	2
108.286	0
108.785	0
109.261	1
109.273	2
109.285	0
109.749	2
109.784	0
110.260	1
110.272	2
110.295	0
110.794	0
111.258	1
111.270	2
111.293	0
111.676	0
111.746	2
111.758	1
111.781	2
111.792	0
112.268	1
112.268	2
112.292	0
112.791	0
113.267	1
113.267	2
113.290	0
113.789	0
114.265	1
114.265	2
114.289	0
114.741	2
114.788	0
115.264	1
115.264	2
115.287	0
115.682	0
115.763	1
115.786	0
116.262	1
116.274	2
116.286	0
116.750	2
116.785	0
117.261	1
117.272	2
117.296	0
117.795	0
118.259	1
118.271	2
118.294	0
118.747	2
118.793	0
119.269	1
119.269	2
119.293	0
119.676	0
119.745	2
119.757	1
119.780	2
119.792	0
120.268	1
120.268	2
120.291	0
120.790	0
121.266	1
121.278	2
121.289	0
121.789	0
122.265	1
122.265	2
122.288	0
122.741	2
122.787	0
123.263	1
123.275	2
123.286	0
123.681	0
123.762	1
123.786	0
124.262	1
124.273	2
124.285	0
124.784	0
125.260	1
125.272	2
125.295	0
125.794	0
126.259	1
126.270	2
126.293	0
126.793	0
127.269	1
127.280	2
127.292	0
127.675	0
127.745	2
127.756	1
127.779	2
127.791	0
128.267	1
128.267	2
128.290	0
128.789	0
129.265	1
129.265	2
129.289	0
129.741	2
129.776	2
129.788	0
130.264	1
130.264	2
130.287	0
130.740	2
130.786	0
131.262	1
131.274	2
131.286	0
131.680	0
131.762	1
131.785	0
131.785	2
132.261	1
132.261	2
132.296	0
132.795	0
133.259	1
133.271	2
133.294	0
133.747	2
133.793	0
134.269	1
134.269	2
134.293	0
134.745	2
134.792	0
135.268	1
135.268	2
135.291	0
135.674	0
135.744	2
135.767	1
135.779	2
135.790	0
136.266	1
136.278	2
136.290	0
136.348	0
136.789	0
137.265	1
137.276	2
137.288	0
137.752	2
137.776	2
137.787	0
138.263	1
138.275	2
138.286	0
138.751	2
138.786	0
138.902	0
139.262	1
139.273	2
139.285	0
139.680	0
139.738	2
139.761	1
139.784	0
139.831	0
139.912	0
140.272	1
140.272	2
140.783	0
141.270	1
141.282	2
141.769	0
141.862	0
141.944	0
142.269	1
142.269	2
142.292	0
142.780	2
142.849	0
142.930	0
143.267	1
143.279	2
143.290	0
143.743	2
143.755	1
143.778	2
143.790	0
144.266	1
144.266	2
144.289	0
144.776	2
144.788	0
145.264	1
145.276	2
145.786	0
146.262	1
146.274	2
146.286	0
146.402	0
146.750	2
146.773	2
146.785	0
146.866	0
147.261	1
147.273	2
147.691	0
147.737	2
147.760	1
147.795	0
148.259	1
148.259	2
148.294	0
148.863	0
148.991	0
149.269	1
149.269	2
149.293	0
149.745	2
149.792	0
150.268	1
150.268	2
150.291	0
150.744	2
150.790	0
151.266	1
151.266	2
151.290	0
151.673	0
151.742	2
151.766	1
151.777	2
151.789	0
152.265	1
152.276	2
152.288	0
152.346	0
152.787	0
153.263	1
153.275	2
153.287	0
153.774	2
153.786	0
154.262	1
154.262	2
154.285	0
154.784	0
155.260	1
155.272	2
155.295	0
155.678	0
155.736	2
155.759	1
155.783	0
155.841	0
155.910	0
155.992	0
156.270	1
156.270	2
156.793	0
157.269	1
157.280	2
157.524	0
157.791	0
157.861	0
158.267	1
158.279	2
158.290	0
158.743	2
158.859	0
158.929	0
159.022	0
159.266	1
159.266	2
159.289	0
159.742	2
159.765	1
159.788	0
160.264	1
160.264	2
160.287	0
160.369	0
160.775	2
160.787	0
161.263	1
161.274	2
161.750	2
161.785	0
161.866	0
162.261	1
162.273	2
162.296	0
162.400	0
162.783	0
162.865	0
163.260	1
163.271	2
163.689	0
163.736	2
163.759	1
163.782	2
163.794	0
164.258	1
164.270	2
164.293	0
164.989	0
165.268	1
165.268	2
165.291	0
165.489	0
165.779	2
165.790	0
166.266	1
166.278	2
166.290	0
166.499	0
166.742	2
166.777	2
166.789	0
167.265	1
167.277	2
167.288	0
167.683	0
167.764	1
167.787	0
167.787	2
168.263	1
168.275	2
168.287	0
168.345	0
168.751	2
168.786	0
169.262	1
169.262	2
169.285	0
169.784	0
170.260	1
170.272	2
170.295	0
170.794	0
171.259	1
171.270	2
171.294	0
171.677	0
171.758	1
171.781	2
171.839	0
171.909	0
171.990	0
172.269	1
172.269	2
172.745	2
172.791	0
173.267	1
173.279	2
173.523	0
173.778	2
173.790	0
173.871	0
173.941	0
174.266	1
174.266	2
174.289	0
174.742	2
174.788	0
174.858	0
174.928	0
175.020	0
175.264	1
175.276	2
175.287	0
175.763	1
175.787	0
176.263	1
176.263	2
176.286	0
176.367	0
176.785	0
177.261	1
177.273	2
177.784	0
178.260	1
178.271	2
178.294	0
178.399	0
178.747	2
178.782	0
179.270	1
179.270	2
179.688	0
179.746	2
179.757	1
179.780	2
179.792	0
180.268	1
180.268	2
180.291	0
180.988	0
181.267	1
181.267	2
181.290	0
181.743	2
181.789	0
182.265	1
182.277	2
182.288	0
182.497	0
182.776	2
182.787	0
183.263	1
183.275	2
183.287	0
183.681	0
183.763	1
183.786	0
183.786	2
184.262	1
184.274	2
184.285	0
184.784	0
185.260	1
185.272	2
185.295	0
185.794	0
186.259	1
186.270	2
186.294	0
186.746	2
186.793	0
187.269	1
187.269	2
187.292	0
187.675	0
187.745	2
187.757	1
187.780	2
187.791	0
187.826	0
187.907	0
187.989	0
188.267	1
188.267	2
188.743	2
188.790	0
189.266	1
189.277	2
189.521	0
189.765	1
189.777	2
189.788	0
189.870	0
189.951	0
190.264	1
190.264	2
190.288	0
190.752	2
190.775	2
190.787	0
190.856	0
190.938	0
191.263	0
191.263	1
191.274	2
191.286	0
191.739	2
191.762	1
191.785	0
192.261	1
192.273	2
192.284	0
192.366	0
192.784	0
193.260	1
193.271	2
193.794	0
194.270	1
194.281	2
194.293	0
194.397	0
194.746	2
194.792	0
195.268	1
195.268	2
195.675	2
195.686	0
195.744	2
195.767	1
195.791	0
196.267	1
196.267	2
196.290	0
196.986	0
197.265	1
197.265	2
197.288	0
197.741	2
197.788	0
198.264	1
198.275	2
198.287	0
198.496	0
198.751	2
198.786	0
199.262	1
199.274	2
199.285	0
199.680	0
199.738	2
199.761	1
199.784	2
199.796	0
200.260	1
200.272	2
200.284	0
200.795	0
201.259	1
201.271	2
201.294	0
201.793	0
202.269	1
202.269	2
202.292	0
202.791	0
203.267	1
203.267	2
203.291	0
203.674	0
203.767	1
203.825	0
203.906	0
204.266	1
204.278	2
204.754	2
204.788	0
205.264	1
205.276	2
205.764	1
205.775	2
205.787	0
205.868	0
206.263	1
206.286	0
206.286	2
206.785	0
206.855	0
206.936	0
207.261	0
207.261	1
207.273	2
207.285	0
207.737	2
207.761	1
207.784	0
207.784	2
208.260	1
208.260	2
208.295	0
208.782	0
209.270	1
209.281	2
209.792	0
210.268	1
210.268	2
210.292	0
210.396	0
210.744	2
210.791	0
211.267	1
211.267	2
211.325	0
211.743	2
211.766	1
211.778	2
211.789	0
212.265	1
212.265	2
212.288	0
212.857	0
212.985	0
213.264	1
213.264	2
213.287	0
213.403	0
213.751	2
213.763	1
213.786	0
214.262	1
214.274	2
214.285	0
214.785	0
215.261	1
215.272	2
215.284	0
215.679	0
215.737	2
215.760	1
215.783	2
215.795	0
216.259	1
216.271	2
216.294	0
216.793	0
217.269	1
217.269	2
217.292	0
217.745	2
217.792	0
218.268	1
218.268	2
218.291	0
218.790	0
219.266	1
219.266	2
219.289	0
219.684	0
219.742	2
219.765	1
219.788	0
219.823	0
219.905	0
219.997	0
220.264	1
220.264	2
220.787	0
221.263	1
221.275	2
221.530	0
221.762	1
221.785	0
221.867	0
222.261	1
222.273	2
222.285	0
222.784	0
222.854	0
222.935	0
223.028	0
223.260	0
223.260	1
223.271	2
223.283	0
223.736	2
223.759	1
223.782	2
223.794	0
224.258	1
224.270	2
224.293	0
224.792	0
225.268	1
225.268	2
225.292	0
225.791	0
225.860	0
226.267	1
226.267	2
226.290	0
226.743	2
226.789	0
227.265	1
227.265	2
227.695	0
227.765	1
227.776	2
227.788	0
228.264	1
228.287	0
228.751	2
228.984	0
229.262	1
229.262	2
229.285	0
229.402	0
229.761	1
229.785	0
230.261	1
230.272	2
230.296	0
230.493	0
230.795	0
231.259	1
231.271	2
231.294	0
231.677	0
231.758	1
231.782	2
231.793	0
232.269	1
232.281	2
232.292	0
232.350	0
232.792	0
233.268	1
233.268	2
233.291	0
233.755	2
233.790	0
234.266	1
234.266	2
234.289	0
234.789	0
235.265	1
235.276	2
235.288	0
235.683	0
235.741	2
235.764	1
235.787	0
235.822	0
235.915	0
235.996	0
236.263	1
236.275	2
236.751	2
236.785	0
237.261	1
237.285	2
237.529	0
237.784	0
237.865	0
238.260	1
238.272	2
238.295	0
238.852	0
238.933	0
239.015	0
239.270	1
239.270	2
239.282	0
239.758	1
239.792	0
240.268	1
240.280	2
240.292	0
240.791	0
241.267	1
241.279	2
241.789	0
241.859	0
242.265	1
242.277	2
242.289	0
242.788	0
243.264	1
243.264	2
243.682	0
243.763	1
243.786	0
244.262	1
244.262	2
244.286	0
244.982	0
245.261	1
245.272	2
245.284	0
245.400	0
245.748	2
245.783	0
246.259	1
246.271	2
246.294	0
246.491	0
246.793	0
247.269	1
247.269	2
247.293	0
247.676	0
247.745	2
247.757	1
247.780	2
247.792	0
248.268	1
248.268	2
248.291	0
248.349	0
248.790	0
249.266	1
249.266	2
249.289	0
249.754	2
249.777	2
249.789	0
250.265	1
250.265	2
250.288	0
250.741	2
250.787	0
251.263	1
251.275	2
251.286	0
251.681	0
251.739	2
251.762	1
251.786	0
251.832	0
251.913	0
251.995	0
252.262	1
252.273	2
252.749	2
252.784	0
253.260	1
253.272	2
253.306	2
253.782	0
253.864	0
254.259	1
254.270	2
254.293	0
254.781	0
254.851	0
254.932	0
255.013	0
255.269	1
255.269	2
255.280	0
255.745	2
255.768	1
255.779	2
255.791	0
256.267	1
256.279	2
256.290	0
256.789	0
257.265	1
257.277	2
257.788	0
258.264	1
258.276	2
258.287	0
258.403	0
258.752	2
258.775	2
258.786	0
258.868	0
259.262	1
259.274	2
259.680	0
259.738	2
259.762	1
259.785	0
260.261	1
260.261	2
260.284	0
260.981	0
261.259	1
261.271	2
261.294	0
261.492	0
261.747	2
261.782	0
262.269	1
262.281	2
262.293	0
262.490	0
262.745	2
262.792	0
263.268	1
263.268	2
263.291	0
263.686	0
263.744	2
263.767	1
263.779	2
263.790	0
264.266	1
264.266	2
264.290	0
264.348	0
264.754	2
264.789	0
265.265	1
265.265	2
265.288	0
265.752	2
265.787	0
266.263	1
266.263	2
266.286	0
266.751	2
266.786	0
267.262	1
267.273	2
267.285	0
267.680	0
267.738	2
267.761	1
267.784	0
267.912	0
267.993	0
268.272	1
268.272	2
268.783	0
269.270	1
269.282	2
269.781	0
269.862	0
270.269	1
270.269	2
270.292	0
270.745	2
270.768	2
270.791	0
270.849	0
270.930	0
271.012	0
271.267	1
271.279	2
271.290	0
271.766	1
271.790	0
272.266	1
272.266	2
272.289	0
272.370	0
272.753	2
272.788	0
273.264	1
273.264	2
273.752	2
273.786	0
274.262	1
274.274	2
274.286	0
274.402	0
274.750	2
274.785	0
274.866	0
275.261	1
275.273	2
275.691	0
275.737	2
275.760	1
275.783	0
275.783	2
276.259	1
276.271	2
276.294	0
277.269	1
277.269	2
277.293	0
277.792	0
278.268	1
278.268	2
278.291	0
278.489	0
278.790	0
279.266	1
279.278	2
279.290	0
279.684	0
279.742	2
279.766	1
279.777	2
279.789	0
280.265	1
280.265	2
280.288	0
280.346	0
280.787	0
281.263	1
281.275	2
281.287	0
281.751	2
281.786	0
282.262	1
282.273	2
282.285	0
282.796	0
283.260	1
283.272	2
283.295	0
283.678	0
283.910	0
284.270	1
284.270	2
284.793	0
285.269	1
285.269	2
286.267	1
287.266	1
