0.0464 	 0 
0.2206 	 2 
0.5689 	 2 
0.5689 	 1 
0.5921 	 2 
0.8243 	 1 
0.8359 	 0 
1.6951 	 1 
1.6951 	 2 
1.9621 	 2 
2.2291 	 0 
2.4961 	 2 
2.7748 	 1 
2.7748 	 2 
3.0418 	 0 
3.3088 	 2 
3.4366 	 2 
3.5759 	 2 
3.8545 	 1 
3.8545 	 2 
3.9706 	 2 
4.4002 	 0 
4.9459 	 1 
4.9459 	 2 
5.2245 	 2 
5.2361 	 0 
5.4915 	 2 
5.7585 	 2 
6.0372 	 2 
6.0372 	 1 
6.1533 	 2 
6.3042 	 2 
6.5712 	 1 
6.5829 	 0 
6.8383 	 2 
7.1169 	 1 
7.1169 	 2 
7.3956 	 2 
7.4072 	 0 
7.9412 	 2 
8.2315 	 1 
8.2315 	 2 
8.3360 	 2 
8.4869 	 2 
8.7655 	 0 
8.7655 	 1 
9.3112 	 1 
9.5666 	 1 
9.5782 	 0 
9.8453 	 2 
10.1123 	 2 
10.3909 	 1 
10.3909 	 2 
10.4954 	 2 
10.9366 	 1 
10.9482 	 0 
11.4939 	 2 
11.4939 	 1 
11.6100 	 2 
11.7609 	 0 
12.3066 	 2 
12.5852 	 2 
12.5852 	 1 
13.1193 	 0 
13.6649 	 2 
13.6649 	 1 
13.9436 	 0 
14.7563 	 2 
14.7563 	 1 
15.0233 	 2 
15.3020 	 1 
15.3136 	 0 
15.8476 	 1 
15.8476 	 2 
16.1379 	 0 
16.3933 	 2 
16.6719 	 2 
16.9506 	 2 
16.9506 	 1 
17.2176 	 2 
17.4962 	 0 
17.7633 	 2 
18.0419 	 1 
18.0419 	 2 
18.3205 	 2 
18.3205 	 0 
18.5876 	 2 
18.8546 	 2 
19.1332 	 2 
19.1332 	 1 
19.4003 	 2 
19.6673 	 0 
19.6789 	 2 
19.9343 	 2 
20.2246 	 2 
20.2246 	 1 
20.5032 	 0 
20.5032 	 2 
20.7470 	 2 
21.0257 	 2 
21.3043 	 1 
21.3159 	 2 
21.8500 	 1 
21.8616 	 0 
22.1286 	 2 
22.4073 	 1 
22.6859 	 2 
23.2316 	 2 
23.4986 	 1 
23.4986 	 2 
24.0443 	 0 
24.5899 	 1 
24.5899 	 2 
24.8686 	 0 
24.8686 	 1 
25.1240 	 2 
25.3910 	 2 
25.6813 	 2 
25.6813 	 1 
25.9483 	 2 
26.2037 	 0 
26.7378 	 1 
26.7610 	 2 
27.0164 	 0 
27.0164 	 1 
27.2951 	 2 
27.8291 	 1 
27.8639 	 2 
28.1078 	 2 
28.3864 	 2 
28.3864 	 0 
28.6418 	 2 
28.9088 	 1 
28.9437 	 2 
29.1875 	 0 
29.4661 	 2 
29.7332 	 2 
30.0118 	 2 
30.0118 	 1 
30.1395 	 2 
30.2788 	 2 
30.5342 	 0 
31.0683 	 1 
31.0799 	 2 
31.3469 	 1 
31.3585 	 0 
31.6256 	 2 
32.1596 	 2 
32.1596 	 1 
32.6937 	 0 
32.6937 	 1 
33.2394 	 1 
