0.0348 	 0 
0.0464 	 1 
0.0464 	 2 
0.9288 	 0 
1.1262 	 1 
1.1378 	 2 
2.0201 	 0 
2.2175 	 0 
2.2175 	 2 
3.0999 	 0 
3.2972 	 1 
3.2972 	 2 
3.6339 	 1 
3.8429 	 1 
4.1680 	 0 
4.3886 	 0 
5.3058 	 0 
5.5263 	 1 
5.5263 	 2 
5.8630 	 1 
6.0604 	 2 
6.3739 	 0 
6.5712 	 2 
6.5712 	 0 
7.1169 	 2 
7.4652 	 0 
7.6626 	 1 
7.6626 	 2 
8.0341 	 1 
8.2199 	 2 
8.5449 	 0 
8.7539 	 0 
8.7539 	 2 
9.1022 	 1 
9.3344 	 2 
9.6595 	 0 
9.8569 	 1 
9.8569 	 2 
10.0426 	 2 
10.4141 	 2 
10.7392 	 0 
10.9482 	 2 
10.9482 	 0 
11.4939 	 2 
11.6100 	 2 
11.8190 	 0 
12.0163 	 1 
12.0279 	 2 
12.1789 	 2 
12.1789 	 1 
12.3066 	 1 
12.3182 	 2 
12.4575 	 1 
12.5388 	 2 
12.5852 	 1 
12.9103 	 1 
13.0844 	 0 
13.0961 	 2 
13.4792 	 1 
14.0016 	 0 
14.1990 	 1 
14.2106 	 2 
14.7447 	 2 
15.0814 	 0 
15.2671 	 0 
15.2671 	 2 
15.8360 	 2 
16.1379 	 1 
16.3004 	 2 
16.3817 	 0 
16.4281 	 1 
16.9390 	 2 
16.9390 	 1 
17.2408 	 0 
17.4730 	 0 
18.0303 	 2 
18.3554 	 0 
18.5760 	 1 
18.5876 	 2 
18.7037 	 2 
18.9127 	 1 
19.1449 	 2 
19.1449 	 1 
19.4932 	 1 
19.6905 	 2 
20.0156 	 0 
20.2246 	 0 
20.2246 	 1 
20.2246 	 2 
20.7819 	 1 
20.7819 	 2 
21.1069 	 2 
21.3043 	 1 
21.3043 	 2 
21.3043 	 0 
21.8616 	 2 
22.2099 	 2 
22.4073 	 1 
22.4073 	 2 
22.4073 	 0 
22.9645 	 1 
22.9761 	 2 
23.2200 	 2 
23.4870 	 2 
23.8005 	 0 
23.9978 	 0 
23.9978 	 2 
24.3345 	 1 
24.5435 	 2 
24.8570 	 0 
25.0892 	 1 
25.0892 	 2 
25.3794 	 1 
25.6232 	 1 
25.9019 	 0 
26.1573 	 0 
26.7494 	 2 
27.0396 	 0 
27.2718 	 1 
27.6085 	 0 
27.8407 	 2 
28.1542 	 0 
28.3748 	 0 
28.3748 	 2 
28.6999 	 0 
28.6999 	 2 
28.8972 	 2 
29.2339 	 0 
29.4545 	 1 
29.7680 	 0 
29.7680 	 2 
30.0002 	 2 
30.3253 	 0 
30.5459 	 0 
30.5459 	 2 
31.1263 	 2 
31.4282 	 0 
31.6488 	 1 
32.1829 	 2 
32.4847 	 0 
32.7169 	 2 
32.7169 	 0 
33.2858 	 2 
33.5877 	 1 
33.5877 	 2 
33.5993 	 0 
33.8199 	 2 
33.8199 	 1 
33.9940 	 2 
34.1217 	 1 
34.3771 	 1 
34.6674 	 1 
34.6790 	 2 
34.9228 	 0 
34.9228 	 2 
35.2363 	 2 
35.4453 	 2 
35.4453 	 1 
35.7936 	 0 
36.0258 	 2 
36.0258 	 1 
36.8965 	 0 
37.1055 	 2 
37.1055 	 0 
37.4886 	 2 
37.6860 	 2 
38.0111 	 0 
38.2200 	 1 
38.2200 	 2 
38.5800 	 1 
38.7541 	 1 
38.7657 	 2 
39.0908 	 1 
39.3114 	 1 
39.3114 	 2 
39.8571 	 0 
39.8571 	 2 
40.1937 	 2 
40.4027 	 2 
40.4027 	 1 
40.7394 	 1 
40.9484 	 2 
41.2851 	 1 
41.4592 	 1 
41.4708 	 0 
41.4708 	 2 
41.8888 	 1 
42.0281 	 1 
42.1442 	 1 
42.4229 	 2 
42.4229 	 1 
42.5738 	 1 
42.6086 	 2 
42.8756 	 1 
42.8989 	 2 
43.1078 	 1 
43.1311 	 2 
43.4213 	 0 
43.6767 	 0 
44.2456 	 2 
44.5823 	 0 
44.8029 	 2 
44.8029 	 1 
45.1048 	 1 
45.3370 	 2 
45.6504 	 0 
45.8710 	 2 
46.1961 	 1 
46.3935 	 2 
46.3935 	 0 
46.4980 	 2 
46.7534 	 0 
46.9507 	 2 
46.9507 	 1 
47.2758 	 1 
47.4848 	 1 
47.5893 	 1 
47.8563 	 1 
48.0421 	 2 
48.4020 	 1 
48.5994 	 1 
48.5994 	 0 
48.6110 	 2 
48.9361 	 2 
49.1334 	 1 
49.1334 	 2 
49.6675 	 2 
49.9926 	 0 
50.1783 	 1 
50.1783 	 0 
50.1783 	 2 
50.7588 	 2 
51.1071 	 0 
51.3045 	 1 
51.3161 	 2 
51.6412 	 1 
51.7108 	 2 
51.9546 	 2 
52.1752 	 0 
52.3958 	 0 
53.3246 	 0 
53.5104 	 1 
53.5220 	 2 
53.8587 	 1 
54.0677 	 2 
54.4044 	 0 
54.6017 	 0 
54.6017 	 2 
54.9500 	 1 
55.1590 	 2 
55.4957 	 0 
55.6815 	 2 
55.6815 	 1 
56.0181 	 1 
56.2271 	 2 
56.2387 	 1 
56.5638 	 0 
56.7612 	 2 
56.7612 	 0 
57.1095 	 1 
57.3185 	 2 
57.6319 	 0 
57.8757 	 2 
57.8757 	 1 
58.0499 	 2 
58.1892 	 1 
58.4330 	 2 
58.7349 	 0 
58.9322 	 0 
58.9322 	 2 
59.3038 	 1 
59.5244 	 2 
59.8262 	 1 
60.0468 	 2 
60.0584 	 0 
60.0700 	 1 
60.1977 	 1 
60.3254 	 1 
60.3487 	 2 
60.4532 	 1 
60.4648 	 2 
60.5693 	 1 
60.5809 	 0 
60.5925 	 2 
60.9176 	 1 
61.1265 	 0 
61.4980 	 1 
61.6954 	 2 
62.0321 	 0 
62.2295 	 1 
62.6010 	 1 
62.7868 	 2 
63.1118 	 0 
63.3208 	 2 
63.3208 	 0 
63.6691 	 1 
63.8781 	 2 
64.2032 	 0 
64.4238 	 1 
64.7605 	 1 
64.9462 	 2 
65.2829 	 0 
65.4919 	 0 
65.5151 	 2 
65.8402 	 1 
66.0724 	 2 
66.3859 	 0 
66.6180 	 2 
66.6180 	 1 
66.7574 	 2 
66.8386 	 2 
66.9083 	 2 
66.9315 	 1 
67.1405 	 2 
67.1753 	 2 
67.4656 	 0 
67.6746 	 1 
67.6862 	 2 
68.0112 	 1 
68.2086 	 2 
68.2202 	 0 
68.3944 	 1 
68.4640 	 1 
68.5569 	 1 
68.6266 	 1 
68.7427 	 0 
68.7427 	 2 
68.8472 	 1 
68.9517 	 1 
69.0910 	 1 
69.1606 	 1 
69.2651 	 0 
69.5205 	 1 
69.8224 	 2 
69.8224 	 0 
70.6932 	 0 
70.9137 	 1 
71.2737 	 1 
71.7961 	 0 
72.0167 	 0 
72.0167 	 2 
72.5856 	 2 
72.9107 	 0 
73.1196 	 1 
73.4331 	 0 
73.4331 	 2 
73.6885 	 2 
73.9788 	 0 
73.9904 	 2 
74.1994 	 0 
74.2110 	 2 
74.7799 	 2 
75.0817 	 0 
75.3255 	 1 
75.6506 	 0 
75.8944 	 1 
76.1731 	 1 
76.4285 	 2 
76.4285 	 0 
76.7187 	 1 
76.9625 	 2 
76.9741 	 0 
77.2296 	 2 
77.4734 	 1 
77.4734 	 2 
77.5082 	 1 
77.8217 	 2 
78.0307 	 2 
78.0423 	 1 
78.3441 	 0 
78.5647 	 0 
79.4355 	 2 
79.4355 	 0 
79.6793 	 1 
79.7025 	 2 
79.9695 	 0 
79.9811 	 2 
80.1669 	 2 
80.4920 	 2 
80.5036 	 0 
80.7358 	 0 
80.7474 	 2 
81.0609 	 2 
81.0609 	 0 
81.2698 	 2 
81.5717 	 0 
81.8155 	 2 
81.8155 	 1 
82.1406 	 2 
82.1406 	 0 
82.6979 	 0 
82.9185 	 0 
82.9301 	 2 
83.4641 	 2 
83.7892 	 2 
83.8008 	 0 
84.0098 	 1 
84.0214 	 2 
84.5555 	 2 
84.8457 	 2 
84.8457 	 0 
85.0779 	 2 
85.0895 	 0 
85.6352 	 2 
85.9371 	 0 
86.1693 	 1 
86.4827 	 1 
86.6801 	 2 
87.0168 	 0 
87.2374 	 0 
88.1662 	 0 
88.3751 	 1 
88.3868 	 2 
88.9324 	 2 
89.2575 	 0 
89.4549 	 0 
89.4549 	 2 
89.8264 	 2 
90.0238 	 2 
90.3488 	 0 
90.5346 	 1 
90.5346 	 2 
90.5810 	 2 
90.9177 	 0 
91.1151 	 2 
91.4402 	 0 
91.6376 	 0 
91.6376 	 2 
92.2064 	 2 
92.5199 	 0 
92.7289 	 2 
92.7289 	 1 
93.5880 	 0 
93.8086 	 0 
93.8086 	 2 
94.3891 	 2 
94.6910 	 2 
94.7026 	 0 
94.9116 	 2 
94.9232 	 1 
95.4456 	 2 
95.7707 	 0 
95.9797 	 0 
97.0942 	 1 
97.1059 	 2 
97.6515 	 2 
97.9766 	 0 
98.1856 	 2 
98.1856 	 0 
98.7661 	 2 
99.0795 	 2 
99.0912 	 0 
99.3117 	 2 
99.3234 	 1 
99.6368 	 0 
99.6368 	 2 
100.1825 	 0 
100.3915 	 0 
100.3915 	 2 
100.9371 	 2 
101.2390 	 0 
101.4712 	 1 
102.0285 	 2 
102.3420 	 0 
102.3420 	 2 
102.5509 	 2 
102.5625 	 0 
103.1198 	 2 
103.4217 	 0 
103.4217 	 2 
103.6655 	 1 
103.9790 	 0 
103.9790 	 2 
104.5014 	 2 
104.5130 	 0 
104.7336 	 0 
105.6276 	 0 
