0.2786 	 1 
0.2786 	 2 
0.4180 	 1 
0.4296 	 2 
0.5457 	 2 
0.5457 	 1 
0.6850 	 1 
0.6966 	 2 
0.8243 	 2 
0.8243 	 1 
0.9520 	 2 
0.9520 	 1 
1.0913 	 2 
1.0913 	 1 
1.2307 	 1 
1.2423 	 2 
1.3700 	 1 
1.3700 	 2 
1.5093 	 2 
1.5093 	 1 
1.6370 	 1 
1.6486 	 2 
1.7879 	 2 
1.7879 	 1 
1.9156 	 1 
1.9273 	 2 
2.0550 	 1 
2.0550 	 2 
2.1943 	 2 
2.1943 	 1 
2.3336 	 1 
2.3336 	 2 
2.4729 	 1 
2.4729 	 2 
2.6122 	 1 
2.6122 	 2 
2.7400 	 2 
2.7400 	 1 
2.8793 	 1 
2.8793 	 2 
3.0186 	 2 
3.0186 	 1 
3.1347 	 2 
3.2740 	 1 
3.2856 	 2 
3.4133 	 2 
3.4133 	 1 
3.5410 	 1 
3.5527 	 2 
3.6920 	 1 
3.6920 	 2 
3.8197 	 1 
3.8197 	 2 
3.9706 	 2 
3.9706 	 1 
4.0983 	 1 
4.0983 	 2 
4.2376 	 1 
4.2376 	 2 
4.3770 	 1 
4.3770 	 2 
4.5047 	 1 
4.5163 	 2 
4.6440 	 1 
4.6556 	 2 
4.7833 	 1 
4.7949 	 2 
4.9110 	 2 
4.9110 	 1 
5.0620 	 2 
5.0620 	 1 
5.1897 	 2 
5.1897 	 1 
5.3174 	 2 
5.4567 	 2 
5.4567 	 1 
5.5960 	 2 
5.5960 	 1 
5.7353 	 1 
5.7353 	 2 
5.8630 	 1 
5.8746 	 2 
6.0024 	 1 
6.0024 	 2 
6.1301 	 1 
6.1417 	 2 
6.2810 	 1 
6.2810 	 2 
6.4087 	 2 
6.5480 	 1 
6.5596 	 2 
6.6990 	 1 
6.6990 	 2 
6.8267 	 1 
6.8267 	 2 
6.9776 	 2 
6.9776 	 1 
7.0937 	 1 
7.1053 	 2 
7.2446 	 1 
7.2446 	 2 
7.3723 	 2 
7.3723 	 1 
7.5117 	 1 
7.5117 	 2 
7.6394 	 2 
7.6394 	 1 
7.7787 	 1 
7.7787 	 2 
7.9064 	 2 
7.9064 	 1 
8.0457 	 1 
8.0457 	 2 
8.1850 	 1 
8.1850 	 2 
8.3127 	 2 
8.4637 	 2 
8.4637 	 1 
8.5914 	 2 
8.7307 	 2 
8.7307 	 1 
8.9977 	 1 
9.0093 	 2 
9.1487 	 2 
9.1487 	 1 
9.2764 	 2 
9.2764 	 1 
9.4041 	 1 
9.4157 	 2 
9.5434 	 2 
9.5434 	 1 
9.6711 	 2 
9.6711 	 1 
9.8104 	 2 
9.8104 	 1 
9.9498 	 1 
9.9498 	 2 
10.0891 	 2 
10.0891 	 1 
10.2284 	 2 
10.2284 	 1 
10.3677 	 2 
10.3677 	 1 
10.5070 	 1 
10.5070 	 2 
10.6347 	 2 
10.6347 	 1 
10.7857 	 1 
10.7857 	 2 
10.9018 	 1 
10.9134 	 2 
11.0527 	 1 
11.0643 	 2 
11.1804 	 2 
11.1804 	 1 
11.3313 	 1 
11.3313 	 2 
11.4474 	 1 
11.4590 	 2 
11.5984 	 1 
11.6100 	 2 
11.7261 	 2 
11.7261 	 1 
11.8654 	 2 
11.8654 	 1 
11.9931 	 2 
11.9931 	 1 
12.1324 	 2 
12.1324 	 1 
12.2717 	 1 
12.2834 	 2 
12.4111 	 1 
12.4111 	 2 
12.5388 	 2 
12.5388 	 1 
12.6781 	 1 
12.6897 	 2 
12.8174 	 1 
12.8174 	 2 
12.9451 	 2 
12.9567 	 1 
13.0961 	 1 
13.1077 	 2 
13.2354 	 1 
13.2354 	 2 
13.3747 	 1 
13.3747 	 2 
13.5140 	 1 
13.5140 	 2 
13.6417 	 2 
13.6417 	 1 
13.7810 	 2 
13.7810 	 1 
13.9088 	 1 
13.9204 	 2 
14.0481 	 2 
14.0597 	 1 
14.1874 	 1 
14.1874 	 2 
14.3383 	 2 
14.3383 	 1 
14.4660 	 1 
14.4660 	 2 
14.6054 	 1 
14.6054 	 2 
14.7331 	 1 
14.7447 	 2 
14.8840 	 1 
14.8840 	 2 
15.0117 	 1 
15.0117 	 2 
15.1626 	 2 
15.1626 	 1 
15.2903 	 1 
15.2903 	 2 
15.4413 	 2 
15.4413 	 1 
15.5574 	 2 
15.5574 	 1 
15.7083 	 2 
15.7083 	 1 
15.8360 	 1 
15.8360 	 2 
15.9869 	 2 
15.9869 	 1 
16.1030 	 1 
16.1030 	 2 
16.2424 	 1 
16.2424 	 2 
16.3701 	 1 
16.3701 	 2 
16.4978 	 1 
16.5094 	 2 
16.6487 	 1 
16.6603 	 2 
16.7764 	 2 
16.7764 	 1 
16.9157 	 2 
16.9157 	 1 
17.0434 	 2 
17.1944 	 1 
17.1944 	 2 
17.3221 	 2 
17.3337 	 1 
17.4614 	 1 
17.4614 	 2 
17.6239 	 2 
17.7400 	 1 
17.7400 	 2 
17.8794 	 2 
17.8794 	 1 
18.0071 	 1 
18.0187 	 2 
18.1464 	 1 
18.1464 	 2 
18.2857 	 1 
18.2857 	 2 
18.4250 	 2 
18.5644 	 2 
18.5644 	 1 
18.6921 	 1 
18.7037 	 2 
18.8314 	 1 
18.8314 	 2 
18.9591 	 1 
18.9707 	 2 
19.0984 	 2 
19.0984 	 1 
19.2377 	 2 
19.2377 	 1 
19.3771 	 1 
19.3771 	 2 
19.5164 	 2 
19.5164 	 1 
19.6557 	 1 
19.6557 	 2 
19.7950 	 1 
19.7950 	 2 
19.9227 	 1 
19.9227 	 2 
20.0620 	 2 
20.0620 	 1 
20.1898 	 1 
20.2014 	 2 
20.3407 	 2 
20.3407 	 1 
20.4684 	 1 
20.4684 	 2 
20.6077 	 2 
20.6077 	 1 
20.7354 	 1 
20.7470 	 2 
20.8863 	 2 
20.8863 	 1 
21.0141 	 2 
21.0141 	 1 
21.1534 	 2 
21.1534 	 1 
21.2695 	 1 
21.2811 	 2 
21.4320 	 1 
21.4320 	 2 
21.5597 	 1 
21.5713 	 2 
21.6990 	 2 
21.8384 	 1 
21.8384 	 2 
21.9777 	 1 
21.9893 	 2 
22.1054 	 1 
22.1054 	 2 
22.2447 	 1 
22.2447 	 2 
22.3840 	 2 
22.3840 	 1 
22.5117 	 2 
22.5117 	 1 
22.6511 	 2 
22.6511 	 1 
22.7904 	 2 
22.9297 	 2 
22.9297 	 1 
23.0806 	 2 
23.0806 	 1 
23.2083 	 1 
23.2200 	 2 
23.3361 	 1 
23.3477 	 2 
23.4754 	 1 
23.4754 	 2 
23.6147 	 1 
23.6147 	 2 
23.7424 	 1 
23.7540 	 2 
23.8933 	 1 
23.8933 	 2 
24.0210 	 1 
24.0327 	 2 
24.1720 	 1 
24.1720 	 2 
24.2997 	 1 
24.2997 	 2 
24.4390 	 2 
24.4390 	 1 
24.5667 	 1 
24.5667 	 2 
24.7060 	 1 
24.7060 	 2 
24.8337 	 1 
24.8337 	 2 
24.9731 	 2 
24.9731 	 1 
25.1008 	 1 
25.1124 	 2 
25.2401 	 1 
25.2517 	 2 
25.3794 	 1 
25.3910 	 2 
25.5071 	 1 
25.5071 	 2 
25.6348 	 1 
25.6464 	 2 
25.7858 	 2 
25.9251 	 1 
25.9367 	 2 
26.0528 	 1 
26.0528 	 2 
26.1921 	 2 
26.2037 	 1 
26.4707 	 1 
26.4824 	 2 
26.6101 	 2 
26.6101 	 1 
26.7494 	 2 
26.7494 	 1 
26.8771 	 1 
26.8771 	 2 
27.0164 	 2 
27.0164 	 1 
27.1557 	 2 
27.2951 	 2 
27.2951 	 1 
27.4344 	 2 
27.4344 	 1 
27.5621 	 2 
27.5621 	 1 
27.7014 	 1 
27.7014 	 2 
27.8407 	 2 
27.8407 	 1 
27.9684 	 1 
27.9800 	 2 
28.1078 	 1 
28.1194 	 2 
28.2471 	 2 
28.2471 	 1 
28.3864 	 2 
28.3864 	 1 
28.5257 	 1 
28.5373 	 2 
28.6650 	 2 
28.6650 	 1 
28.7927 	 1 
28.8044 	 2 
28.9321 	 1 
28.9321 	 2 
29.0598 	 1 
29.0714 	 2 
29.2107 	 1 
29.2107 	 2 
29.3384 	 2 
29.3384 	 1 
29.4661 	 1 
29.4777 	 2 
29.6171 	 1 
29.6171 	 2 
29.7332 	 2 
29.7332 	 1 
29.8957 	 2 
29.8957 	 1 
30.0118 	 1 
30.0118 	 2 
30.1627 	 1 
30.1627 	 2 
30.2904 	 1 
30.3020 	 2 
30.4414 	 1 
30.4414 	 2 
30.5575 	 1 
30.5691 	 2 
30.7084 	 1 
30.7084 	 2 
30.8245 	 2 
30.8245 	 1 
30.9754 	 2 
30.9754 	 1 
31.1031 	 1 
31.1031 	 2 
31.2308 	 1 
31.2424 	 2 
31.3702 	 2 
31.3702 	 1 
31.5095 	 1 
31.5095 	 2 
31.6488 	 2 
31.6488 	 1 
31.7881 	 2 
31.7881 	 1 
31.9158 	 2 
31.9158 	 1 
32.0435 	 1 
32.0551 	 2 
32.1829 	 1 
32.1945 	 2 
32.3222 	 1 
32.3338 	 2 
32.4615 	 2 
32.4615 	 1 
32.6008 	 1 
32.6124 	 2 
32.7401 	 1 
32.7401 	 2 
32.8795 	 1 
32.8795 	 2 
33.0072 	 1 
33.0072 	 2 
33.1465 	 1 
33.1581 	 2 
33.2858 	 1 
33.2858 	 2 
33.4251 	 1 
33.4251 	 2 
33.5528 	 1 
33.5528 	 2 
33.6922 	 2 
33.6922 	 1 
33.8199 	 1 
33.8199 	 2 
33.9592 	 2 
33.9592 	 1 
34.0985 	 2 
34.0985 	 1 
34.2262 	 2 
34.3655 	 2 
34.3655 	 1 
34.5049 	 2 
34.6442 	 1 
34.6558 	 2 
34.9228 	 2 
34.9228 	 1 
35.0505 	 1 
35.0621 	 2 
35.1898 	 1 
35.2015 	 2 
35.3176 	 1 
35.3176 	 2 
35.4685 	 2 
35.4685 	 1 
35.6078 	 1 
35.6078 	 2 
35.7355 	 2 
35.7471 	 1 
35.8632 	 2 
36.0141 	 2 
36.0141 	 1 
36.1419 	 1 
36.1535 	 2 
36.2812 	 1 
36.2928 	 2 
36.4089 	 1 
36.4205 	 2 
36.5598 	 1 
36.5598 	 2 
36.7224 	 2 
36.8501 	 2 
36.8501 	 1 
36.9778 	 2 
36.9894 	 1 
37.1055 	 2 
37.1171 	 1 
37.2332 	 2 
37.2332 	 1 
37.3841 	 1 
37.3841 	 2 
37.5234 	 2 
37.5234 	 1 
37.6512 	 2 
37.6512 	 1 
37.7905 	 2 
37.7905 	 1 
37.9182 	 1 
37.9298 	 2 
38.0575 	 2 
38.0575 	 1 
38.1968 	 1 
38.1968 	 2 
38.3245 	 1 
38.3245 	 2 
38.4522 	 2 
38.4522 	 1 
38.6148 	 2 
38.6148 	 1 
38.7425 	 2 
38.7425 	 1 
38.8818 	 1 
38.8934 	 2 
39.0211 	 1 
39.0211 	 2 
39.1605 	 2 
39.1605 	 1 
39.2998 	 1 
39.2998 	 2 
39.4275 	 1 
39.4391 	 2 
39.5668 	 1 
39.5784 	 2 
39.7061 	 1 
39.7177 	 2 
39.8338 	 1 
39.8338 	 2 
39.9848 	 2 
39.9848 	 1 
40.1125 	 2 
40.1125 	 1 
40.2402 	 2 
40.3795 	 2 
40.3795 	 1 
40.5188 	 2 
40.5188 	 1 
40.6581 	 1 
40.6581 	 2 
40.7859 	 1 
40.7975 	 2 
40.9252 	 1 
40.9252 	 2 
41.0529 	 1 
41.0645 	 2 
41.2038 	 1 
41.2038 	 2 
41.3315 	 2 
41.4708 	 1 
41.4824 	 2 
41.6218 	 1 
41.6218 	 2 
41.7495 	 1 
41.7611 	 2 
41.9004 	 1 
41.9004 	 2 
42.0281 	 1 
42.0281 	 2 
42.1674 	 1 
42.1790 	 2 
42.2951 	 1 
42.2951 	 2 
42.4345 	 1 
42.4345 	 2 
42.5622 	 1 
42.5622 	 2 
42.7015 	 1 
42.7015 	 2 
42.8292 	 2 
42.8292 	 1 
42.9685 	 2 
42.9685 	 1 
43.1078 	 2 
43.1195 	 1 
43.2356 	 2 
43.3865 	 2 
43.3865 	 1 
43.5142 	 2 
43.6535 	 1 
43.6535 	 2 
43.7116 	 2 
43.9205 	 1 
43.9322 	 2 
44.0715 	 2 
44.0715 	 1 
44.1992 	 1 
44.1992 	 2 
44.3269 	 1 
44.3385 	 2 
44.4662 	 2 
44.4662 	 1 
44.5939 	 1 
44.5939 	 2 
44.7332 	 1 
44.7449 	 2 
44.8726 	 1 
44.8726 	 2 
45.0119 	 2 
45.0119 	 1 
45.1512 	 1 
45.1512 	 2 
45.2905 	 1 
45.2905 	 2 
45.4298 	 2 
45.4298 	 1 
45.5576 	 1 
45.5576 	 2 
45.7085 	 2 
45.7085 	 1 
45.8246 	 1 
45.8362 	 2 
45.9755 	 1 
45.9871 	 2 
46.1032 	 2 
46.1032 	 1 
46.2541 	 1 
46.2541 	 2 
46.3702 	 1 
46.3819 	 2 
46.5212 	 1 
46.5212 	 2 
46.6489 	 1 
46.6489 	 2 
46.7882 	 2 
46.7882 	 1 
46.9159 	 2 
46.9159 	 1 
47.0552 	 2 
47.0552 	 1 
47.1946 	 1 
47.2062 	 2 
47.3339 	 1 
47.3339 	 2 
47.4616 	 1 
47.4616 	 2 
47.6125 	 1 
47.6125 	 2 
47.7402 	 2 
47.7402 	 1 
47.8795 	 2 
47.8795 	 1 
48.0189 	 1 
48.0305 	 2 
48.1582 	 2 
48.1582 	 1 
48.2975 	 1 
48.2975 	 2 
48.4368 	 1 
48.4368 	 2 
48.5645 	 1 
48.5645 	 2 
48.7039 	 1 
48.7039 	 2 
48.8316 	 1 
48.8432 	 2 
48.9709 	 2 
48.9825 	 1 
49.1102 	 2 
49.1102 	 1 
49.2611 	 2 
49.2611 	 1 
49.3888 	 2 
49.3888 	 1 
49.5282 	 2 
49.5282 	 1 
49.6559 	 1 
49.6675 	 2 
49.8068 	 1 
49.8068 	 2 
49.9345 	 1 
49.9345 	 2 
50.0854 	 1 
50.0854 	 2 
50.2132 	 1 
50.2132 	 2 
50.3641 	 1 
50.3641 	 2 
50.4802 	 2 
50.4802 	 1 
50.6311 	 1 
50.6311 	 2 
50.7588 	 1 
50.7588 	 2 
50.9098 	 1 
50.9098 	 2 
51.0259 	 2 
51.0259 	 1 
51.1652 	 1 
51.1652 	 2 
51.2929 	 2 
51.2929 	 1 
51.4206 	 1 
51.4322 	 2 
51.5715 	 1 
51.5831 	 2 
51.6992 	 1 
51.6992 	 2 
51.8385 	 2 
51.8385 	 1 
51.9663 	 2 
52.1172 	 2 
52.1172 	 1 
52.2449 	 2 
52.2565 	 1 
52.3842 	 1 
52.3842 	 2 
52.4771 	 2 
52.5468 	 2 
52.6629 	 1 
52.6745 	 2 
52.8022 	 2 
52.8022 	 1 
52.9415 	 1 
52.9415 	 2 
53.0692 	 1 
53.0692 	 2 
53.2085 	 1 
53.2085 	 2 
53.3478 	 2 
53.4872 	 1 
53.4872 	 2 
53.6149 	 1 
53.6265 	 2 
53.7542 	 1 
53.7542 	 2 
53.8935 	 2 
53.8935 	 1 
54.0212 	 2 
54.0212 	 1 
54.1605 	 2 
54.1605 	 1 
54.2999 	 2 
54.2999 	 1 
54.4392 	 2 
54.4392 	 1 
54.5785 	 2 
54.5785 	 1 
54.7178 	 2 
54.7178 	 1 
54.8455 	 2 
54.8455 	 1 
54.9849 	 1 
54.9849 	 2 
55.1126 	 1 
55.1242 	 2 
55.2635 	 1 
55.2635 	 2 
55.3912 	 2 
55.3912 	 1 
55.5305 	 1 
55.5305 	 2 
55.6582 	 1 
55.6698 	 2 
55.8092 	 2 
55.8092 	 1 
55.9369 	 1 
55.9369 	 2 
56.0762 	 2 
56.0762 	 1 
56.2039 	 1 
56.2039 	 2 
56.3548 	 2 
56.3548 	 1 
56.4825 	 1 
56.4941 	 2 
56.6219 	 2 
56.7612 	 2 
56.7612 	 1 
56.9005 	 1 
56.9121 	 2 
57.0282 	 2 
57.0282 	 1 
57.1675 	 2 
57.1675 	 1 
57.3068 	 2 
57.3068 	 1 
57.4346 	 2 
57.4346 	 1 
57.5739 	 2 
57.5739 	 1 
57.7132 	 2 
57.7132 	 1 
57.8525 	 2 
57.8525 	 1 
57.9918 	 1 
58.0034 	 2 
58.1312 	 2 
58.1312 	 1 
58.2589 	 1 
58.2705 	 2 
58.3982 	 1 
58.3982 	 2 
58.5375 	 1 
58.5375 	 2 
58.6652 	 1 
58.6768 	 2 
58.8161 	 1 
58.8161 	 2 
58.9439 	 1 
58.9555 	 2 
59.0948 	 1 
59.0948 	 2 
59.2225 	 1 
59.2341 	 2 
59.3618 	 2 
59.3618 	 1 
59.4895 	 1 
59.5011 	 2 
59.6288 	 2 
59.6288 	 1 
59.7566 	 1 
59.7566 	 2 
59.8959 	 2 
59.8959 	 1 
60.0236 	 1 
60.0352 	 2 
60.1629 	 1 
60.1745 	 2 
60.3022 	 1 
60.3138 	 2 
60.4299 	 1 
60.4299 	 2 
60.5693 	 2 
60.5693 	 1 
60.7086 	 2 
60.8595 	 2 
60.8595 	 1 
60.9756 	 2 
60.9872 	 1 
61.1149 	 2 
61.1265 	 1 
61.3936 	 1 
61.4052 	 2 
61.5329 	 2 
61.5329 	 1 
61.6722 	 2 
61.6722 	 1 
61.7999 	 2 
61.7999 	 1 
61.9392 	 1 
61.9392 	 2 
62.0785 	 2 
62.2179 	 2 
62.2179 	 1 
62.3572 	 2 
62.3572 	 1 
62.4849 	 1 
62.4849 	 2 
62.6242 	 1 
62.6242 	 2 
62.7635 	 1 
62.7635 	 2 
62.8912 	 1 
62.9029 	 2 
63.0422 	 1 
63.0422 	 2 
63.1699 	 2 
63.1699 	 1 
63.3092 	 2 
63.3092 	 1 
63.4601 	 1 
63.4601 	 2 
63.5878 	 1 
63.5878 	 2 
63.7156 	 1 
63.7272 	 2 
63.8549 	 1 
63.8549 	 2 
63.9826 	 1 
63.9942 	 2 
64.1335 	 1 
64.1335 	 2 
64.2612 	 1 
64.2612 	 2 
64.4005 	 2 
64.4005 	 1 
64.5399 	 1 
64.5399 	 2 
64.6560 	 1 
64.6676 	 2 
64.8185 	 2 
64.8185 	 1 
64.9346 	 2 
64.9346 	 1 
65.0855 	 2 
65.0855 	 1 
65.2132 	 1 
65.2249 	 2 
65.3642 	 1 
65.3642 	 2 
65.4919 	 2 
65.4919 	 1 
65.6312 	 1 
65.6312 	 2 
65.7473 	 2 
65.7473 	 1 
65.8982 	 1 
65.8982 	 2 
66.0259 	 2 
66.0259 	 1 
66.1537 	 1 
66.1653 	 2 
66.2930 	 1 
66.2930 	 2 
66.4323 	 1 
66.4323 	 2 
66.5716 	 2 
66.5716 	 1 
66.7109 	 2 
66.7109 	 1 
66.8386 	 2 
66.8386 	 1 
66.9780 	 2 
66.9780 	 1 
67.1173 	 2 
67.1173 	 1 
67.2450 	 1 
67.2566 	 2 
67.3843 	 2 
67.3843 	 1 
67.5352 	 2 
67.5352 	 1 
67.6629 	 1 
67.6746 	 2 
67.8023 	 1 
67.8139 	 2 
67.9300 	 2 
67.9300 	 1 
68.0693 	 1 
68.0809 	 2 
68.2086 	 2 
68.2086 	 1 
68.3479 	 2 
68.3479 	 1 
68.4756 	 2 
68.4756 	 1 
68.6150 	 2 
68.6150 	 1 
68.7427 	 1 
68.7427 	 2 
68.8820 	 1 
68.8820 	 2 
69.0213 	 1 
69.0213 	 2 
69.1606 	 2 
69.2883 	 1 
69.2883 	 2 
69.4393 	 2 
69.5786 	 2 
69.5786 	 1 
69.8456 	 2 
69.8456 	 1 
69.9733 	 1 
69.9849 	 2 
70.1127 	 1 
70.1243 	 2 
70.2404 	 1 
70.2520 	 2 
70.3913 	 1 
70.3913 	 2 
70.5306 	 2 
70.5306 	 1 
70.6699 	 1 
70.6699 	 2 
70.7860 	 2 
70.9370 	 1 
70.9370 	 2 
71.0763 	 2 
71.0763 	 1 
71.2156 	 2 
71.2156 	 1 
71.3433 	 2 
71.3433 	 1 
71.4826 	 2 
71.4826 	 1 
71.6452 	 2 
71.7729 	 2 
71.7729 	 1 
71.9006 	 2 
72.0283 	 2 
72.0399 	 1 
72.1560 	 2 
72.1560 	 1 
72.3069 	 2 
72.3069 	 1 
72.4463 	 2 
72.4463 	 1 
72.5740 	 2 
72.5740 	 1 
72.7133 	 1 
72.7133 	 2 
72.8294 	 1 
72.8294 	 2 
72.9571 	 2 
73.0964 	 1 
73.0964 	 2 
73.2241 	 1 
73.2357 	 2 
73.3634 	 2 
73.3634 	 1 
73.5028 	 1 
73.5144 	 2 
73.6421 	 1 
73.6421 	 2 
73.7814 	 1 
73.7814 	 2 
73.9091 	 1 
73.9207 	 2 
74.0600 	 2 
74.0600 	 1 
74.1994 	 2 
74.1994 	 1 
74.3271 	 2 
74.3271 	 1 
74.4664 	 1 
74.4664 	 2 
74.6057 	 2 
74.6057 	 1 
74.7334 	 1 
74.7334 	 2 
74.8727 	 1 
74.8844 	 2 
75.0121 	 2 
75.0121 	 1 
75.1398 	 2 
75.2791 	 1 
75.2791 	 2 
75.4184 	 1 
75.4184 	 2 
75.5577 	 2 
75.5577 	 1 
75.6854 	 2 
75.6854 	 1 
75.8132 	 1 
75.8248 	 2 
75.9525 	 1 
75.9525 	 2 
76.1034 	 2 
76.1034 	 1 
76.2311 	 1 
76.2311 	 2 
76.3704 	 2 
76.3704 	 1 
76.5098 	 1 
76.5214 	 2 
76.6491 	 2 
76.6491 	 1 
76.7884 	 1 
76.8000 	 2 
76.9161 	 1 
76.9277 	 2 
77.0670 	 1 
77.0670 	 2 
77.1947 	 1 
77.1947 	 2 
77.3224 	 1 
77.3341 	 2 
77.4502 	 1 
77.4618 	 2 
77.5895 	 1 
77.6011 	 2 
77.7288 	 1 
77.7288 	 2 
77.8565 	 1 
77.8681 	 2 
78.0074 	 1 
78.0074 	 2 
78.1235 	 2 
78.2745 	 2 
78.2861 	 1 
78.4138 	 1 
78.4138 	 2 
78.5531 	 1 
78.5531 	 2 
78.5995 	 2 
78.8201 	 2 
78.8201 	 1 
78.9595 	 2 
78.9595 	 1 
79.0988 	 2 
79.0988 	 1 
79.2265 	 1 
79.2265 	 2 
79.3542 	 1 
79.3658 	 2 
79.4935 	 1 
79.4935 	 2 
79.6328 	 2 
79.6328 	 1 
79.7605 	 1 
79.7722 	 2 
79.8999 	 1 
79.9115 	 2 
80.0392 	 1 
80.0508 	 2 
80.1785 	 1 
80.1901 	 2 
80.3178 	 1 
80.3294 	 2 
80.4571 	 1 
80.4571 	 2 
80.5965 	 1 
80.5965 	 2 
80.7242 	 1 
80.7242 	 2 
80.8751 	 1 
80.8751 	 2 
80.9912 	 1 
81.0028 	 2 
81.1421 	 1 
81.1537 	 2 
81.2698 	 1 
81.2698 	 2 
81.4092 	 2 
81.4092 	 1 
81.5369 	 2 
81.5369 	 1 
81.6762 	 1 
81.6762 	 2 
81.8039 	 1 
81.8155 	 2 
81.9548 	 1 
81.9548 	 2 
82.0941 	 1 
82.0941 	 2 
82.2219 	 1 
82.2335 	 2 
82.3612 	 1 
82.3612 	 2 
82.5005 	 2 
82.5005 	 1 
82.6398 	 2 
82.6398 	 1 
82.7675 	 1 
82.7675 	 2 
82.9185 	 1 
82.9185 	 2 
83.0462 	 1 
83.0578 	 2 
83.1971 	 1 
83.1971 	 2 
83.3248 	 1 
83.3364 	 2 
83.4525 	 1 
83.4641 	 2 
83.5918 	 1 
83.6034 	 2 
83.7312 	 1 
83.7312 	 2 
83.8705 	 2 
83.8705 	 1 
83.9982 	 1 
84.0098 	 2 
84.1607 	 2 
84.1607 	 1 
84.2884 	 2 
84.2884 	 1 
84.4161 	 1 
84.4278 	 2 
84.5555 	 2 
84.5555 	 1 
84.6948 	 2 
84.6948 	 1 
84.8225 	 2 
84.8225 	 1 
84.9734 	 1 
84.9734 	 2 
85.1011 	 1 
85.1127 	 2 
85.2637 	 2 
85.2637 	 1 
85.3682 	 1 
85.3798 	 2 
85.5191 	 1 
85.5307 	 2 
85.6584 	 1 
85.6584 	 2 
85.7977 	 1 
85.8093 	 2 
85.9254 	 1 
85.9254 	 2 
86.0532 	 2 
86.0648 	 1 
86.1925 	 1 
86.1925 	 2 
86.3202 	 2 
86.3202 	 1 
86.4711 	 1 
86.4711 	 2 
86.5988 	 2 
86.5988 	 1 
86.7381 	 1 
86.7381 	 2 
86.8659 	 2 
87.0168 	 2 
87.0168 	 1 
87.1445 	 2 
87.1445 	 1 
87.2722 	 1 
87.2838 	 2 
87.4347 	 2 
87.5624 	 2 
87.5624 	 1 
87.6902 	 1 
87.7018 	 2 
87.8295 	 2 
87.8295 	 1 
87.9688 	 2 
87.9688 	 1 
88.1081 	 2 
88.1081 	 1 
88.2474 	 2 
88.3751 	 2 
88.3751 	 1 
88.5145 	 2 
88.5145 	 1 
88.6422 	 1 
88.6538 	 2 
88.7815 	 1 
88.7931 	 2 
88.9092 	 1 
88.9208 	 2 
89.0485 	 1 
89.0485 	 2 
89.1878 	 2 
89.1878 	 1 
89.3272 	 2 
89.3388 	 1 
89.4665 	 2 
89.4665 	 1 
89.6058 	 1 
89.6058 	 2 
89.7451 	 2 
89.7451 	 1 
89.8728 	 1 
89.8844 	 2 
90.0122 	 2 
90.0122 	 1 
90.1515 	 1 
90.1515 	 2 
90.2792 	 1 
90.2908 	 2 
90.4185 	 1 
90.4185 	 2 
90.5578 	 1 
90.5578 	 2 
90.7088 	 2 
90.7088 	 1 
90.8365 	 1 
90.8365 	 2 
90.9758 	 1 
90.9758 	 2 
91.0919 	 2 
91.0919 	 1 
91.2428 	 1 
91.2544 	 2 
91.3821 	 1 
91.3821 	 2 
91.5215 	 2 
91.6492 	 2 
91.6492 	 1 
91.8001 	 1 
91.8001 	 2 
91.9278 	 2 
91.9278 	 1 
92.0555 	 1 
92.0671 	 2 
92.1948 	 1 
92.1948 	 2 
92.3341 	 2 
92.3341 	 1 
92.4735 	 2 
92.4735 	 1 
92.6128 	 2 
92.6128 	 1 
92.7521 	 2 
92.7521 	 1 
92.8914 	 2 
93.0307 	 1 
93.0307 	 2 
93.1585 	 1 
93.1585 	 2 
93.2978 	 2 
93.2978 	 1 
93.4255 	 1 
93.4371 	 2 
93.5648 	 2 
93.5648 	 1 
93.7041 	 2 
93.7157 	 1 
93.8434 	 1 
93.8434 	 2 
93.9828 	 1 
93.9944 	 2 
94.1221 	 1 
94.1221 	 2 
94.2498 	 1 
94.2614 	 2 
94.3891 	 1 
94.3891 	 2 
94.5284 	 1 
94.5284 	 2 
94.6561 	 1 
94.6561 	 2 
94.7839 	 2 
94.7839 	 1 
94.9232 	 2 
94.9232 	 1 
95.0625 	 1 
95.0625 	 2 
95.2018 	 2 
95.2018 	 1 
95.3295 	 2 
95.3295 	 1 
95.4572 	 1 
95.4572 	 2 
95.5966 	 2 
95.7475 	 2 
95.7475 	 1 
95.8752 	 1 
95.8752 	 2 
96.0145 	 2 
96.0145 	 1 
96.2932 	 2 
96.2932 	 1 
96.4209 	 1 
96.4325 	 2 
96.5602 	 1 
96.5718 	 2 
96.6879 	 1 
96.6995 	 2 
96.8388 	 2 
96.8388 	 1 
96.9781 	 2 
97.1175 	 2 
97.1175 	 1 
97.2568 	 1 
97.2568 	 2 
97.3845 	 1 
97.3845 	 2 
97.5122 	 1 
97.5238 	 2 
97.6515 	 1 
97.6515 	 2 
97.7908 	 1 
97.7908 	 2 
97.9302 	 1 
97.9302 	 2 
98.0695 	 2 
98.0695 	 1 
98.2088 	 1 
98.2088 	 2 
98.3481 	 1 
98.3481 	 2 
98.4758 	 1 
98.4758 	 2 
98.6151 	 1 
98.6151 	 2 
98.7429 	 1 
98.7545 	 2 
98.8822 	 1 
98.8822 	 2 
99.0215 	 2 
99.0215 	 1 
99.1608 	 2 
99.1608 	 1 
99.2885 	 1 
99.3001 	 2 
99.4395 	 2 
99.4395 	 1 
99.5556 	 2 
99.5556 	 1 
99.7065 	 1 
99.7181 	 2 
99.8226 	 2 
99.8226 	 1 
99.9735 	 2 
99.9735 	 1 
100.1128 	 2 
100.1128 	 1 
100.2522 	 2 
100.2522 	 1 
100.3799 	 2 
100.3799 	 1 
100.5192 	 1 
100.5308 	 2 
100.6353 	 1 
100.6469 	 2 
100.7862 	 1 
100.7978 	 2 
100.9139 	 1 
100.9139 	 2 
101.0532 	 1 
101.0532 	 2 
101.1926 	 2 
101.1926 	 1 
101.3203 	 2 
101.3319 	 1 
101.4712 	 2 
101.4712 	 1 
101.6105 	 1 
101.6105 	 2 
101.7266 	 1 
101.7382 	 2 
101.8659 	 1 
101.8776 	 2 
102.0053 	 1 
102.0053 	 2 
102.1446 	 1 
102.1446 	 2 
102.2839 	 2 
102.2839 	 1 
102.4232 	 2 
102.4232 	 1 
102.5625 	 1 
102.5625 	 2 
102.7019 	 2 
102.7019 	 1 
102.8180 	 1 
102.8296 	 2 
102.9689 	 2 
102.9689 	 1 
103.0966 	 1 
103.0966 	 2 
103.2475 	 1 
103.2475 	 2 
103.3752 	 1 
103.3752 	 2 
103.5029 	 2 
103.5146 	 1 
103.6423 	 1 
103.6423 	 2 
103.7700 	 1 
103.7816 	 2 
103.9209 	 1 
103.9209 	 2 
104.0486 	 2 
104.0486 	 1 
104.1879 	 2 
104.1879 	 1 
104.3273 	 2 
104.4666 	 2 
104.4666 	 1 
104.5014 	 1 
104.7336 	 2 
104.7452 	 1 
104.8729 	 1 
104.8845 	 2 
105.0122 	 2 
105.0122 	 1 
105.1400 	 2 
105.1400 	 1 
105.2793 	 1 
105.2909 	 2 
105.4186 	 1 
105.4302 	 2 
105.5579 	 2 
105.5579 	 1 
105.6856 	 2 
105.6856 	 1 
105.8249 	 1 
105.8366 	 2 
105.9643 	 1 
105.9759 	 2 
106.1036 	 1 
106.1036 	 2 
106.2313 	 1 
106.2429 	 2 
106.3706 	 1 
106.3822 	 2 
106.5448 	 2 
106.6609 	 1 
106.6609 	 2 
106.8002 	 2 
106.9279 	 1 
106.9279 	 2 
107.0440 	 2 
107.0440 	 1 
107.2065 	 1 
107.2065 	 2 
107.3459 	 1 
107.3459 	 2 
107.4620 	 1 
107.4736 	 2 
107.6129 	 1 
107.6129 	 2 
107.7406 	 1 
107.7406 	 2 
107.8683 	 2 
108.0076 	 1 
108.0076 	 2 
108.1353 	 1 
108.1353 	 2 
108.2746 	 2 
108.2746 	 1 
108.4140 	 2 
108.4140 	 1 
108.5417 	 2 
108.5417 	 1 
108.6926 	 2 
108.6926 	 1 
108.8203 	 2 
108.8203 	 1 
108.9596 	 2 
108.9596 	 1 
109.0990 	 1 
109.0990 	 2 
109.2383 	 1 
109.2383 	 2 
109.3776 	 2 
109.3776 	 1 
109.5053 	 1 
109.5169 	 2 
109.6330 	 2 
109.6330 	 1 
109.7839 	 2 
109.7839 	 1 
109.9117 	 2 
109.9117 	 1 
110.0394 	 2 
110.1787 	 1 
110.1787 	 2 
110.3180 	 2 
110.3180 	 1 
110.4573 	 1 
110.4689 	 2 
110.5850 	 1 
110.5966 	 2 
110.7244 	 2 
110.7244 	 1 
110.8521 	 1 
110.8637 	 2 
111.0030 	 2 
111.0030 	 1 
111.1423 	 2 
111.1423 	 1 
111.2816 	 2 
111.2816 	 1 
111.4210 	 2 
111.4210 	 1 
111.5603 	 2 
111.5603 	 1 
111.6996 	 1 
111.6996 	 2 
111.8273 	 2 
111.8273 	 1 
111.9666 	 1 
111.9782 	 2 
112.0943 	 2 
112.0943 	 1 
112.2337 	 1 
112.2337 	 2 
112.3614 	 2 
112.3614 	 1 
112.5007 	 1 
112.5007 	 2 
112.6284 	 1 
112.6400 	 2 
112.7677 	 1 
112.7677 	 2 
112.9186 	 1 
112.9186 	 2 
113.0347 	 2 
113.0347 	 1 
113.1857 	 2 
113.1857 	 1 
113.3134 	 2 
113.4527 	 2 
113.4643 	 1 
113.5107 	 2 
113.7313 	 2 
113.7313 	 1 
113.8707 	 1 
113.8707 	 2 
113.9984 	 1 
114.0100 	 2 
114.1261 	 1 
114.1377 	 2 
114.2654 	 2 
114.2654 	 1 
114.3931 	 2 
114.4047 	 1 
114.5440 	 1 
114.5440 	 2 
114.6717 	 2 
114.6717 	 1 
114.8111 	 2 
114.8111 	 1 
114.9504 	 1 
114.9504 	 2 
115.0897 	 2 
115.0897 	 1 
115.2290 	 1 
115.2406 	 2 
115.3567 	 1 
115.3567 	 2 
115.5077 	 2 
115.5077 	 1 
115.6354 	 2 
115.6354 	 1 
115.7863 	 2 
115.7863 	 1 
115.9024 	 1 
115.9024 	 2 
116.0533 	 1 
116.0533 	 2 
116.1810 	 1 
116.1810 	 2 
116.3204 	 1 
116.3204 	 2 
116.4481 	 2 
116.4481 	 1 
116.5874 	 1 
116.5874 	 2 
116.7151 	 2 
116.7151 	 1 
116.8544 	 1 
116.8660 	 2 
116.9937 	 1 
117.0054 	 2 
117.1331 	 1 
117.1331 	 2 
117.2608 	 1 
117.2608 	 2 
117.4117 	 2 
117.4117 	 1 
117.5394 	 1 
117.5394 	 2 
117.6787 	 1 
117.6787 	 2 
117.8180 	 1 
117.8297 	 2 
117.9574 	 2 
117.9574 	 1 
118.0967 	 2 
118.0967 	 1 
118.2360 	 2 
118.2360 	 1 
118.3637 	 2 
118.3637 	 1 
118.5030 	 2 
118.5030 	 1 
118.6307 	 1 
118.6424 	 2 
118.7817 	 1 
118.7817 	 2 
118.9094 	 1 
118.9094 	 2 
119.0603 	 1 
119.0603 	 2 
119.1880 	 1 
119.1996 	 2 
119.3273 	 1 
119.3390 	 2 
119.4667 	 1 
119.4667 	 2 
119.6060 	 1 
119.6060 	 2 
119.7337 	 1 
119.7337 	 2 
119.8846 	 1 
119.8846 	 2 
120.0123 	 1 
120.0123 	 2 
120.1633 	 1 
120.1749 	 2 
120.2910 	 1 
120.2910 	 2 
120.4303 	 2 
120.4303 	 1 
120.5580 	 2 
120.5580 	 1 
120.6973 	 2 
120.6973 	 1 
120.8250 	 1 
120.8250 	 2 
120.9644 	 1 
120.9644 	 2 
121.1037 	 2 
121.1037 	 1 
121.2314 	 2 
121.2314 	 1 
121.3591 	 2 
121.3591 	 1 
121.4868 	 1 
121.4984 	 2 
121.6377 	 2 
121.6377 	 1 
121.7771 	 2 
121.7771 	 1 
121.9048 	 1 
121.9164 	 2 
122.0557 	 1 
122.0557 	 2 
122.1834 	 2 
122.1834 	 1 
122.3111 	 2 
122.3111 	 1 
122.4388 	 1 
122.4388 	 2 
122.5898 	 1 
122.6014 	 2 
122.7175 	 1 
122.7175 	 2 
122.8568 	 2 
122.8568 	 1 
122.9961 	 1 
123.0077 	 2 
123.1354 	 2 
123.1470 	 1 
123.2747 	 1 
123.2747 	 2 
123.4141 	 1 
123.4141 	 2 
123.5418 	 2 
123.5418 	 1 
123.7043 	 1 
123.7043 	 2 
123.8204 	 1 
123.8320 	 2 
123.9597 	 1 
123.9713 	 2 
124.1107 	 2 
124.1107 	 1 
124.2500 	 2 
124.2500 	 1 
124.3777 	 2 
124.3777 	 1 
124.5170 	 1 
124.5286 	 2 
124.6447 	 1 
124.6447 	 2 
