0.0464 	 0 
0.0464 	 1 
0.0464 	 2 
0.3483 	 1 
0.9288 	 1 
0.9288 	 2 
1.1262 	 1 
1.1262 	 2 
1.4048 	 2 
1.5441 	 1 
1.5790 	 2 
1.7531 	 2 
2.0085 	 2 
2.2059 	 2 
2.2175 	 1 
3.0999 	 0 
3.0999 	 2 
3.1115 	 1 
3.2972 	 1 
3.2972 	 2 
3.2972 	 0 
3.4482 	 2 
3.6339 	 1 
3.6339 	 0 
3.6339 	 2 
3.8545 	 2 
3.8545 	 1 
4.1448 	 2 
4.1564 	 0 
4.1564 	 1 
4.3886 	 1 
4.3886 	 2 
4.7253 	 2 
4.9807 	 2 
5.2013 	 2 
5.5147 	 2 
5.5263 	 1 
5.5263 	 0 
5.9443 	 2 
6.0604 	 1 
6.2578 	 2 
6.3855 	 1 
6.5480 	 2 
6.5712 	 1 
6.8034 	 2 
6.9776 	 2 
7.1053 	 2 
7.1169 	 1 
7.4188 	 2 
7.4652 	 1 
7.6626 	 2 
7.6626 	 1 
7.6742 	 0 
7.9761 	 2 
8.2315 	 1 
8.2315 	 2 
8.5333 	 2 
8.7423 	 0 
8.7423 	 2 
8.7539 	 1 
9.0442 	 2 
9.3460 	 1 
9.3576 	 2 
9.6595 	 1 
9.6711 	 2 
9.8685 	 2 
9.8685 	 0 
9.8685 	 1 
10.0775 	 2 
10.7624 	 2 
10.9482 	 2 
10.9482 	 0 
10.9482 	 1 
11.2385 	 2 
11.5055 	 2 
11.5171 	 1 
11.5287 	 2 
11.8190 	 0 
11.8190 	 1 
12.0279 	 0 
12.0279 	 2 
12.0279 	 1 
12.3066 	 2 
12.3066 	 1 
12.4575 	 1 
12.4575 	 2 
12.5852 	 2 
12.9103 	 1 
12.9219 	 0 
12.9219 	 2 
13.0844 	 0 
13.0844 	 2 
13.0844 	 1 
13.3747 	 2 
14.0132 	 1 
14.0249 	 2 
14.1990 	 1 
14.1990 	 2 
15.0698 	 2 
15.0814 	 1 
15.2671 	 0 
15.2671 	 2 
15.2671 	 1 
15.8244 	 2 
15.8360 	 1 
16.1495 	 2 
16.1611 	 1 
16.3817 	 2 
16.4049 	 1 
16.6835 	 2 
16.6951 	 1 
16.9390 	 2 
16.9506 	 1 
16.9854 	 2 
17.2408 	 1 
17.2640 	 2 
17.4846 	 1 
18.0187 	 1 
18.3438 	 2 
18.5876 	 2 
18.5876 	 1 
18.9475 	 2 
18.9823 	 1 
19.1565 	 1 
19.4932 	 2 
19.5048 	 1 
19.6905 	 2 
19.7021 	 1 
20.0272 	 2 
20.0272 	 1 
20.2246 	 0 
20.2246 	 1 
20.2246 	 2 
20.5729 	 1 
20.5729 	 2 
20.7702 	 2 
20.7819 	 1 
21.0837 	 2 
21.3043 	 1 
21.3043 	 0 
21.3043 	 2 
21.8616 	 2 
21.8616 	 0 
21.8732 	 1 
22.1867 	 2 
22.1983 	 1 
22.3956 	 2 
22.3956 	 1 
22.3956 	 0 
22.9645 	 1 
22.9761 	 0 
22.9761 	 2 
23.2200 	 2 
23.4754 	 2 
23.4870 	 1 
23.7888 	 1 
23.9862 	 0 
23.9978 	 2 
24.0094 	 1 
24.3229 	 2 
24.3345 	 0 
24.3345 	 1 
24.5435 	 2 
24.5551 	 1 
24.8221 	 2 
24.8337 	 0 
24.8454 	 1 
25.0892 	 0 
25.0892 	 2 
25.0892 	 1 
25.3794 	 2 
25.6232 	 2 
25.9019 	 1 
26.1573 	 1 
26.2153 	 2 
26.7378 	 1 
27.0396 	 0 
27.0396 	 1 
27.0396 	 2 
27.2602 	 2 
27.2718 	 1 
27.2718 	 0 
27.5853 	 2 
27.5969 	 1 
27.5969 	 0 
27.8291 	 2 
27.8407 	 1 
28.1310 	 1 
28.1426 	 2 
28.1426 	 0 
28.3748 	 0 
28.3748 	 2 
28.3748 	 1 
28.6999 	 1 
28.6999 	 0 
28.6999 	 2 
28.9205 	 1 
28.9321 	 2 
29.2339 	 2 
29.2339 	 1 
29.4545 	 2 
29.4661 	 1 
29.7680 	 2 
29.7680 	 0 
29.7680 	 1 
30.0118 	 2 
30.3137 	 0 
30.3253 	 2 
30.3253 	 1 
30.5342 	 1 
30.5459 	 2 
30.5459 	 0 
30.8477 	 2 
31.1263 	 1 
31.1380 	 2 
31.4282 	 0 
31.4398 	 1 
31.4398 	 2 
31.6604 	 0 
31.6604 	 2 
31.6604 	 1 
31.9507 	 2 
31.9623 	 1 
32.1945 	 1 
32.1945 	 2 
32.4847 	 2 
32.4847 	 1 
32.7053 	 2 
32.7053 	 0 
32.7053 	 1 
33.0304 	 1 
33.0420 	 2 
33.2742 	 1 
33.2742 	 2 
33.5877 	 2 
33.5877 	 0 
33.5993 	 1 
33.8315 	 0 
33.8315 	 1 
33.8315 	 2 
34.1217 	 1 
34.1333 	 0 
34.1333 	 2 
34.3771 	 2 
34.3771 	 1 
34.3771 	 0 
34.6790 	 1 
34.6790 	 2 
34.9228 	 2 
34.9228 	 1 
34.9228 	 0 
35.2363 	 2 
35.2363 	 1 
35.4453 	 2 
35.4453 	 0 
35.4569 	 1 
35.7703 	 2 
35.7820 	 0 
35.7936 	 1 
36.0258 	 2 
36.0374 	 1 
36.0374 	 0 
36.5830 	 2 
36.8965 	 2 
36.8965 	 1 
37.1055 	 1 
37.1055 	 0 
37.1171 	 2 
37.6860 	 1 
37.6860 	 0 
37.6976 	 2 
37.9995 	 0 
38.0227 	 1 
38.0227 	 2 
38.2200 	 2 
38.2200 	 0 
38.2200 	 1 
38.5567 	 2 
38.7657 	 1 
38.7657 	 2 
39.3114 	 1 
39.3114 	 2 
39.8571 	 2 
39.8571 	 1 
40.4027 	 2 
40.4027 	 0 
40.4027 	 1 
40.9484 	 1 
41.2967 	 2 
41.4592 	 1 
41.4592 	 2 
41.4592 	 0 
41.7495 	 2 
41.8888 	 1 
42.0281 	 1 
42.0281 	 2 
42.1442 	 2 
42.1442 	 1 
42.4112 	 2 
42.4345 	 1 
42.5738 	 2 
42.5738 	 1 
42.8756 	 2 
42.8873 	 0 
42.8873 	 1 
43.1195 	 2 
43.1195 	 1 
43.4097 	 2 
43.4213 	 1 
43.6767 	 1 
43.6767 	 2 
44.2224 	 2 
44.2340 	 1 
44.5591 	 0 
44.5707 	 1 
44.5707 	 2 
44.8029 	 2 
44.8029 	 0 
44.8029 	 1 
45.0932 	 2 
45.3254 	 2 
45.3486 	 1 
45.6388 	 2 
45.6504 	 0 
45.6504 	 1 
45.8710 	 2 
45.8826 	 1 
46.3819 	 2 
46.3819 	 0 
46.3819 	 1 
46.7418 	 1 
46.7418 	 0 
46.7418 	 2 
46.8346 	 2 
46.9507 	 1 
46.9507 	 0 
46.9507 	 2 
47.2294 	 2 
47.2642 	 2 
47.4848 	 2 
47.4848 	 1 
48.0305 	 0 
48.0305 	 2 
48.0305 	 1 
48.5878 	 1 
48.5878 	 0 
48.5878 	 2 
48.9477 	 2 
49.1334 	 1 
49.1334 	 2 
49.1450 	 0 
49.4121 	 2 
49.6559 	 2 
49.6675 	 1 
49.9810 	 2 
49.9810 	 1 
49.9810 	 0 
50.1783 	 1 
50.1783 	 2 
50.1783 	 0 
50.4686 	 2 
50.5963 	 1 
50.7472 	 2 
50.7588 	 1 
51.0607 	 2 
51.3045 	 2 
51.3045 	 1 
51.3161 	 0 
51.5947 	 2 
51.5947 	 1 
51.6412 	 2 
51.9430 	 2 
52.2565 	 2 
52.4074 	 2 
52.4074 	 1 
52.9531 	 1 
53.3130 	 0 
53.3130 	 1 
53.3246 	 2 
53.5104 	 2 
53.5220 	 1 
53.5220 	 0 
53.8703 	 2 
53.9748 	 2 
54.0793 	 1 
54.1489 	 2 
54.3927 	 2 
54.4044 	 1 
54.4044 	 0 
54.5901 	 2 
54.6017 	 1 
54.8688 	 2 
55.1590 	 1 
55.1590 	 0 
55.1590 	 2 
55.2403 	 2 
55.4841 	 2 
55.4841 	 0 
55.4957 	 1 
55.6815 	 1 
55.6815 	 2 
55.9485 	 2 
56.0298 	 1 
56.1110 	 2 
56.2271 	 2 
56.2387 	 1 
56.5522 	 2 
56.5638 	 1 
56.7496 	 0 
56.7496 	 2 
56.7612 	 1 
57.0398 	 2 
57.3301 	 2 
57.3301 	 1 
57.6203 	 1 
57.8641 	 2 
57.8641 	 1 
58.2356 	 1 
58.2356 	 2 
58.4214 	 1 
58.4330 	 2 
58.7349 	 1 
58.7349 	 2 
58.9322 	 1 
58.9322 	 0 
58.9322 	 2 
59.3154 	 2 
59.5244 	 2 
59.5360 	 1 
59.8378 	 2 
59.8378 	 1 
59.9075 	 2 
60.0584 	 2 
60.0700 	 1 
60.2093 	 0 
60.2093 	 1 
60.2093 	 2 
60.3371 	 2 
60.3371 	 1 
60.4648 	 2 
60.5809 	 0 
60.5809 	 2 
60.5809 	 1 
60.8595 	 2 
60.9176 	 2 
60.9292 	 1 
61.1149 	 1 
61.1149 	 0 
61.1149 	 2 
61.4980 	 1 
61.4980 	 2 
61.7070 	 1 
61.7070 	 2 
62.0205 	 2 
62.0321 	 0 
62.0321 	 1 
62.2295 	 2 
62.2295 	 1 
62.6010 	 1 
62.6010 	 2 
62.7868 	 1 
62.7984 	 2 
63.1002 	 1 
63.1118 	 0 
63.1118 	 2 
63.3208 	 2 
63.3208 	 1 
63.3208 	 0 
63.6807 	 2 
63.8781 	 1 
63.8781 	 2 
64.2032 	 2 
64.2032 	 0 
64.2148 	 1 
64.4238 	 2 
64.4238 	 0 
64.4238 	 1 
64.7721 	 2 
64.7837 	 1 
64.9578 	 2 
64.9578 	 1 
65.2829 	 2 
65.2829 	 1 
65.4919 	 2 
65.5035 	 0 
65.5035 	 1 
65.8634 	 2 
66.0724 	 1 
66.0840 	 2 
66.3742 	 1 
66.6180 	 2 
66.6180 	 0 
66.6180 	 1 
66.9083 	 2 
67.1521 	 2 
67.4656 	 2 
67.4656 	 1 
67.6862 	 1 
67.6862 	 2 
67.6862 	 0 
67.9996 	 2 
67.9996 	 1 
68.0112 	 0 
68.2086 	 1 
68.2086 	 2 
68.2086 	 0 
68.6150 	 2 
68.7427 	 1 
68.7427 	 2 
69.1606 	 2 
69.5089 	 2 
69.6599 	 2 
69.8108 	 2 
69.8224 	 1 
70.3681 	 2 
70.3797 	 1 
70.6699 	 2 
70.6932 	 0 
70.6932 	 1 
70.9137 	 0 
70.9137 	 2 
70.9137 	 1 
71.2969 	 2 
71.4826 	 2 
71.4826 	 1 
71.8077 	 2 
72.0051 	 2 
72.0167 	 1 
72.9107 	 1 
72.9107 	 2 
72.9107 	 0 
73.1196 	 1 
73.1312 	 2 
73.1312 	 0 
73.4215 	 0 
73.4215 	 2 
73.4215 	 1 
73.6769 	 2 
73.9788 	 2 
73.9788 	 0 
73.9904 	 1 
74.1994 	 1 
74.2110 	 2 
74.2110 	 0 
74.4664 	 2 
74.7450 	 2 
74.7683 	 1 
75.0701 	 2 
75.0817 	 1 
75.3255 	 2 
75.3371 	 1 
75.6042 	 2 
75.6042 	 1 
75.7087 	 2 
75.7203 	 1 
75.8944 	 2 
75.8944 	 0 
75.9060 	 1 
76.4285 	 2 
76.4285 	 1 
76.6375 	 2 
76.8348 	 2 
76.8464 	 1 
76.9625 	 2 
77.2180 	 1 
77.2180 	 2 
77.4734 	 2 
77.4734 	 0 
77.4734 	 1 
77.8217 	 1 
77.8333 	 2 
78.0423 	 2 
78.0423 	 1 
78.0539 	 0 
78.3325 	 1 
78.3325 	 2 
78.5647 	 0 
78.5647 	 1 
79.1336 	 1 
79.1336 	 2 
79.4355 	 2 
79.4471 	 1 
79.6793 	 0 
79.6793 	 1 
79.6793 	 2 
79.9695 	 2 
79.9695 	 0 
79.9695 	 1 
80.1785 	 1 
80.1785 	 2 
80.4920 	 2 
80.5036 	 1 
80.5036 	 0 
80.7358 	 0 
80.7358 	 2 
80.7358 	 1 
81.0493 	 0 
81.0493 	 2 
81.0609 	 1 
81.2698 	 2 
81.5833 	 2 
81.5833 	 1 
81.8155 	 0 
81.8155 	 2 
81.8155 	 1 
82.1290 	 0 
82.1406 	 1 
82.1406 	 2 
82.9068 	 1 
82.9185 	 0 
82.9185 	 2 
83.4641 	 2 
83.4757 	 1 
83.7892 	 0 
83.7892 	 2 
83.8008 	 1 
84.0098 	 2 
84.0214 	 1 
84.0214 	 0 
84.3117 	 2 
84.5555 	 2 
84.5555 	 1 
84.8341 	 2 
84.8341 	 0 
84.8457 	 1 
85.0895 	 1 
85.0895 	 2 
85.3682 	 1 
85.3682 	 2 
85.6352 	 1 
85.6352 	 2 
85.9487 	 1 
85.9951 	 2 
86.1693 	 1 
86.1809 	 0 
86.1809 	 2 
86.4827 	 2 
86.4827 	 1 
86.4943 	 0 
86.6801 	 2 
86.6801 	 1 
87.0284 	 1 
87.0284 	 2 
87.2490 	 1 
87.2838 	 2 
87.8179 	 1 
88.1546 	 1 
88.1662 	 0 
88.3751 	 1 
88.3868 	 2 
88.3868 	 0 
88.7467 	 2 
88.9324 	 1 
88.9673 	 2 
89.2575 	 1 
89.2575 	 2 
89.2575 	 0 
89.4549 	 0 
89.4665 	 1 
89.4665 	 2 
89.7567 	 2 
90.0354 	 2 
90.0354 	 1 
90.3372 	 2 
90.3372 	 0 
90.3488 	 1 
90.5462 	 2 
90.5462 	 1 
90.9061 	 0 
90.9061 	 2 
90.9061 	 1 
91.1151 	 2 
91.1151 	 1 
91.4170 	 2 
91.4402 	 1 
91.6376 	 0 
91.6492 	 1 
91.6492 	 2 
92.0787 	 2 
92.3109 	 2 
92.5083 	 2 
92.5083 	 1 
92.5083 	 0 
92.7289 	 1 
92.7289 	 0 
92.7289 	 2 
93.2513 	 2 
93.5764 	 0 
93.5880 	 2 
93.5880 	 1 
93.8086 	 2 
93.8086 	 0 
93.8202 	 1 
94.1453 	 2 
94.3891 	 2 
94.3891 	 1 
94.6910 	 2 
94.6910 	 0 
94.7026 	 1 
94.9232 	 2 
94.9232 	 1 
95.2250 	 2 
95.2715 	 1 
95.4456 	 2 
95.4572 	 1 
95.7475 	 2 
95.7591 	 0 
95.7707 	 1 
95.9797 	 2 
95.9913 	 1 
96.0261 	 2 
97.1059 	 2 
97.1059 	 0 
97.1059 	 1 
97.6631 	 2 
97.9766 	 2 
98.1856 	 2 
98.1856 	 1 
98.1856 	 0 
98.7661 	 2 
99.0912 	 2 
99.0912 	 0 
99.1028 	 1 
99.3234 	 1 
99.3234 	 0 
99.3234 	 2 
99.6368 	 2 
99.6368 	 1 
99.6368 	 0 
100.1825 	 1 
100.1825 	 2 
100.1825 	 0 
100.3915 	 2 
100.4031 	 1 
100.9371 	 2 
100.9488 	 1 
100.9488 	 0 
101.2390 	 2 
101.2390 	 1 
101.2390 	 0 
101.4712 	 1 
101.4828 	 2 
101.4828 	 0 
102.0285 	 2 
102.0285 	 1 
102.0285 	 0 
102.2259 	 2 
102.3420 	 1 
102.3420 	 0 
102.3420 	 2 
102.5393 	 2 
102.5509 	 1 
102.8992 	 2 
103.0502 	 2 
103.1779 	 2 
103.2011 	 1 
103.3056 	 2 
103.4217 	 1 
103.4217 	 0 
103.4217 	 2 
103.6539 	 1 
103.6655 	 2 
103.9673 	 2 
103.9673 	 0 
103.9790 	 1 
104.2692 	 2 
104.5014 	 2 
104.5130 	 1 
104.7336 	 2 
104.7336 	 1 
105.6276 	 2 
105.6392 	 1 
105.6624 	 2 
105.7553 	 2 
105.9178 	 2 
106.1384 	 2 
106.3938 	 2 
106.6609 	 2 
106.8815 	 2 
106.9743 	 2 
