0.2786 	 2 
0.2786 	 1 
0.2902 	 0 
0.4180 	 2 
0.4180 	 1 
0.5457 	 2 
0.5457 	 1 
0.6850 	 1 
0.6850 	 2 
0.8127 	 1 
0.8243 	 2 
0.9520 	 2 
1.0913 	 1 
1.0913 	 2 
1.2307 	 1 
1.2307 	 2 
1.3700 	 2 
1.3700 	 1 
1.3700 	 0 
1.5093 	 1 
1.5093 	 2 
1.6370 	 1 
1.6370 	 0 
1.6370 	 2 
1.7763 	 1 
1.7763 	 0 
1.7879 	 2 
1.9156 	 1 
1.9156 	 2 
1.9156 	 0 
2.0550 	 2 
2.0550 	 1 
2.1943 	 1 
2.1943 	 0 
2.1943 	 2 
2.3336 	 1 
2.3336 	 2 
2.3336 	 0 
2.4729 	 1 
2.4729 	 2 
2.4845 	 0 
2.6006 	 2 
2.6122 	 1 
2.7400 	 1 
2.7400 	 2 
2.8677 	 2 
2.8793 	 1 
3.0186 	 2 
3.0186 	 1 
3.1463 	 2 
3.2740 	 2 
3.2856 	 1 
3.4133 	 1 
3.4133 	 2 
3.5410 	 2 
3.5410 	 0 
3.5527 	 1 
3.6920 	 2 
3.6920 	 1 
3.8197 	 2 
3.8197 	 1 
3.9590 	 2 
3.9706 	 1 
4.0983 	 2 
4.0983 	 1 
4.2376 	 2 
4.2376 	 1 
4.3654 	 1 
4.3770 	 2 
4.5047 	 2 
4.6440 	 1 
4.6440 	 2 
4.6556 	 0 
4.7833 	 1 
4.7833 	 2 
4.9110 	 1 
4.9110 	 2 
5.0503 	 1 
5.0620 	 2 
5.1780 	 2 
5.1780 	 1 
5.3174 	 2 
5.4567 	 1 
5.4567 	 2 
5.5960 	 1 
5.5960 	 2 
5.7353 	 1 
5.7353 	 2 
5.7469 	 0 
5.8630 	 1 
5.8630 	 2 
6.0024 	 1 
6.0024 	 2 
6.1301 	 1 
6.1417 	 2 
6.2810 	 1 
6.2810 	 2 
6.4087 	 2 
6.5480 	 2 
6.5480 	 1 
6.5480 	 0 
6.6873 	 1 
6.6990 	 2 
6.8267 	 1 
6.8267 	 2 
6.9776 	 2 
6.9776 	 1 
7.0937 	 2 
7.1053 	 1 
7.2446 	 2 
7.2446 	 1 
7.3723 	 1 
7.3723 	 2 
7.5117 	 2 
7.6394 	 2 
7.6394 	 1 
7.7671 	 2 
7.7787 	 1 
7.9064 	 0 
7.9064 	 1 
7.9064 	 2 
8.0457 	 2 
8.0457 	 1 
8.1850 	 1 
8.1850 	 2 
8.3011 	 1 
8.3127 	 2 
8.4521 	 1 
8.4637 	 2 
8.5682 	 1 
8.5914 	 2 
8.7191 	 0 
8.7191 	 2 
8.7191 	 1 
8.9629 	 1 
9.0093 	 2 
9.1487 	 1 
9.2764 	 2 
9.2764 	 1 
9.4041 	 2 
9.4041 	 1 
9.5318 	 1 
9.5434 	 2 
9.6711 	 2 
9.8104 	 1 
9.8104 	 2 
9.8220 	 0 
9.9381 	 1 
9.9498 	 2 
10.0891 	 1 
10.0891 	 2 
10.2168 	 2 
10.2284 	 1 
10.3677 	 1 
10.3677 	 2 
10.5070 	 1 
10.5070 	 2 
10.6347 	 1 
10.6347 	 2 
10.7741 	 2 
10.7857 	 1 
10.9018 	 0 
10.9018 	 1 
10.9018 	 2 
11.0527 	 1 
11.0527 	 2 
11.1804 	 1 
11.1804 	 2 
11.3197 	 2 
11.3313 	 1 
11.4474 	 2 
11.4474 	 1 
11.5868 	 2 
11.5868 	 1 
11.7029 	 2 
11.7145 	 1 
11.8654 	 2 
11.9931 	 2 
11.9931 	 1 
12.2601 	 1 
12.2717 	 2 
12.5388 	 2 
12.5388 	 1 
12.6781 	 2 
12.8174 	 1 
12.8174 	 2 
12.9451 	 2 
12.9451 	 1 
13.0961 	 1 
13.0961 	 2 
13.2238 	 2 
13.3747 	 1 
13.3747 	 2 
13.3747 	 0 
13.5024 	 2 
13.5140 	 1 
13.6417 	 2 
13.6417 	 1 
13.7810 	 1 
13.7810 	 2 
13.9088 	 1 
13.9088 	 2 
13.9552 	 2 
14.0597 	 2 
14.1874 	 1 
14.1874 	 2 
14.3383 	 1 
14.3383 	 2 
14.4660 	 1 
14.4660 	 2 
14.5937 	 2 
14.6054 	 1 
14.7331 	 1 
14.7447 	 2 
14.8724 	 1 
14.8840 	 2 
15.0117 	 1 
15.0117 	 2 
15.1510 	 2 
15.1626 	 1 
15.2903 	 2 
15.2903 	 1 
15.4413 	 2 
15.4413 	 1 
15.5458 	 1 
15.5574 	 0 
15.5574 	 2 
15.6967 	 2 
15.7083 	 1 
15.8360 	 1 
15.8360 	 2 
15.9753 	 1 
15.9753 	 2 
16.1030 	 2 
16.1146 	 1 
16.2424 	 2 
16.3701 	 1 
16.3701 	 2 
16.4978 	 1 
16.5094 	 2 
16.6371 	 1 
16.6487 	 0 
16.6487 	 2 
16.9041 	 1 
16.9157 	 2 
17.0318 	 1 
17.0434 	 2 
17.1944 	 2 
17.1944 	 1 
17.3221 	 1 
17.3221 	 2 
17.4498 	 1 
17.4614 	 0 
17.4614 	 2 
17.7168 	 2 
18.0071 	 2 
18.0187 	 1 
18.1348 	 1 
18.1464 	 2 
18.2741 	 1 
18.2857 	 2 
18.4134 	 2 
18.5644 	 1 
18.5644 	 0 
18.5644 	 2 
18.6921 	 2 
18.6921 	 1 
18.8314 	 2 
18.8314 	 0 
18.8314 	 1 
18.9591 	 2 
18.9707 	 1 
19.0984 	 2 
19.0984 	 1 
19.0984 	 0 
19.2261 	 1 
19.2377 	 2 
19.3654 	 2 
19.3654 	 1 
19.5164 	 2 
19.6441 	 1 
19.6441 	 2 
19.7950 	 2 
19.7950 	 1 
19.9227 	 2 
19.9227 	 1 
20.0504 	 2 
20.1898 	 1 
20.1898 	 2 
20.3407 	 1 
20.3407 	 2 
20.4684 	 1 
20.4684 	 2 
20.6077 	 2 
20.7354 	 1 
20.7354 	 2 
20.8747 	 1 
20.8747 	 2 
21.0141 	 0 
21.0141 	 2 
21.0141 	 1 
21.1534 	 1 
21.1534 	 2 
21.2695 	 2 
21.2811 	 1 
21.4204 	 2 
21.4320 	 1 
21.5597 	 2 
21.5597 	 1 
21.6990 	 2 
21.8268 	 2 
21.8268 	 0 
21.8268 	 1 
21.9777 	 2 
22.0590 	 2 
22.0938 	 0 
22.1054 	 2 
22.1054 	 1 
22.2331 	 2 
22.3840 	 1 
22.3840 	 2 
22.5001 	 1 
22.5117 	 2 
22.6395 	 2 
22.6511 	 1 
22.7904 	 2 
22.9297 	 1 
22.9297 	 2 
23.0690 	 1 
23.0690 	 2 
23.1967 	 2 
23.1967 	 1 
23.3361 	 2 
23.3361 	 1 
23.4638 	 1 
23.4754 	 2 
23.6147 	 2 
23.6147 	 1 
23.7424 	 2 
23.7424 	 1 
23.8933 	 2 
23.8933 	 1 
24.0210 	 1 
24.0210 	 2 
24.1720 	 2 
24.1720 	 1 
24.2997 	 2 
24.2997 	 1 
24.2997 	 0 
24.4274 	 2 
24.5667 	 2 
24.5667 	 1 
24.6944 	 1 
24.7060 	 2 
24.8337 	 1 
24.8337 	 2 
24.9731 	 1 
24.9731 	 2 
25.1008 	 2 
25.1008 	 1 
25.2401 	 2 
25.3794 	 0 
25.3794 	 1 
25.3794 	 2 
25.5071 	 2 
25.6348 	 2 
25.6464 	 1 
25.7741 	 2 
25.7741 	 1 
25.9251 	 1 
25.9251 	 2 
25.9367 	 0 
26.0412 	 1 
26.0528 	 2 
26.1921 	 2 
26.1921 	 1 
26.1921 	 0 
26.3314 	 1 
26.4475 	 1 
26.4824 	 2 
26.7378 	 1 
26.7494 	 2 
26.8771 	 2 
27.0164 	 1 
27.0164 	 2 
27.1441 	 2 
27.2834 	 1 
27.2951 	 2 
27.2951 	 0 
27.4228 	 2 
27.4344 	 1 
27.5505 	 1 
27.5505 	 2 
27.7014 	 2 
27.8407 	 2 
27.8407 	 1 
27.9684 	 1 
27.9684 	 2 
28.1078 	 2 
28.1194 	 1 
28.2471 	 2 
28.2471 	 1 
28.3864 	 1 
28.3864 	 2 
28.3864 	 0 
28.5257 	 2 
28.5373 	 1 
28.6650 	 2 
28.6650 	 1 
28.6650 	 0 
28.7927 	 2 
28.8044 	 1 
28.9321 	 2 
28.9321 	 1 
29.0598 	 1 
29.0598 	 2 
29.1991 	 2 
29.1991 	 1 
29.3384 	 2 
29.4661 	 1 
29.4777 	 2 
29.4777 	 0 
29.6054 	 2 
29.7332 	 0 
29.7332 	 2 
29.7332 	 1 
29.8841 	 2 
30.0002 	 1 
30.0118 	 2 
30.1511 	 2 
30.1627 	 1 
30.2904 	 1 
30.2904 	 2 
30.4414 	 2 
30.4414 	 1 
30.5691 	 2 
30.5691 	 1 
30.6968 	 1 
30.6968 	 2 
30.8245 	 0 
30.8245 	 2 
30.8245 	 1 
30.9638 	 1 
30.9638 	 2 
31.1031 	 1 
31.1031 	 2 
31.2424 	 1 
31.2424 	 2 
31.3702 	 1 
31.3702 	 2 
31.5095 	 2 
31.6488 	 2 
31.6488 	 1 
31.7765 	 1 
31.7765 	 2 
31.9158 	 0 
31.9158 	 1 
31.9158 	 2 
32.0551 	 2 
32.0551 	 1 
32.1829 	 0 
32.1945 	 1 
32.1945 	 2 
32.3222 	 1 
32.3222 	 0 
32.3338 	 2 
32.4615 	 2 
32.4615 	 1 
32.6008 	 2 
32.7285 	 1 
32.7285 	 2 
32.8678 	 2 
32.8795 	 1 
33.0072 	 1 
33.0072 	 0 
33.0072 	 2 
33.2742 	 2 
33.2742 	 1 
33.4251 	 2 
33.4251 	 1 
33.5528 	 2 
33.5528 	 1 
33.6922 	 2 
33.8199 	 0 
33.8199 	 1 
33.8199 	 2 
33.9592 	 2 
34.0869 	 1 
34.0985 	 2 
34.0985 	 0 
34.2262 	 2 
34.3655 	 2 
34.3771 	 1 
34.5049 	 2 
34.6442 	 2 
34.6442 	 1 
34.9112 	 1 
34.9228 	 2 
35.0737 	 2 
35.1898 	 2 
35.2015 	 1 
35.3059 	 2 
35.3176 	 1 
35.4569 	 1 
35.4685 	 2 
35.6078 	 1 
35.6078 	 2 
35.7355 	 2 
35.7355 	 1 
35.8632 	 2 
36.0025 	 1 
36.0141 	 2 
36.0141 	 0 
36.1535 	 2 
36.2812 	 2 
36.2812 	 0 
36.2812 	 1 
36.5482 	 0 
36.5482 	 1 
36.5598 	 2 
36.8385 	 1 
36.8385 	 2 
36.9778 	 1 
36.9778 	 2 
37.1171 	 2 
37.2332 	 2 
37.2332 	 1 
37.3725 	 1 
37.3841 	 0 
37.3841 	 2 
37.5118 	 2 
37.5234 	 1 
37.6512 	 1 
37.6512 	 2 
37.7905 	 2 
37.9298 	 2 
38.0575 	 2 
38.1968 	 1 
38.1968 	 2 
38.3129 	 2 
38.3245 	 1 
38.4522 	 2 
38.4522 	 1 
38.4522 	 0 
38.6032 	 2 
38.6148 	 1 
38.6264 	 2 
38.7425 	 2 
38.7541 	 1 
38.8934 	 2 
39.0211 	 2 
39.0211 	 1 
39.1605 	 2 
39.2998 	 2 
39.2998 	 1 
39.3114 	 0 
39.4391 	 1 
39.4391 	 2 
39.5784 	 0 
39.5784 	 1 
39.5784 	 2 
39.7061 	 2 
39.7061 	 1 
39.8338 	 1 
39.8338 	 2 
39.9848 	 2 
39.9848 	 1 
40.1009 	 2 
40.1009 	 1 
40.2402 	 2 
40.3795 	 1 
40.3795 	 2 
40.5188 	 1 
40.5188 	 2 
40.6581 	 1 
40.6581 	 2 
40.6581 	 0 
40.7859 	 2 
40.7859 	 1 
40.9252 	 2 
40.9252 	 1 
41.0529 	 1 
41.0645 	 2 
41.2038 	 1 
41.2038 	 2 
41.3315 	 2 
41.4708 	 2 
41.4708 	 1 
41.4708 	 0 
41.6102 	 1 
41.6218 	 2 
41.7495 	 1 
41.7611 	 2 
41.9004 	 1 
41.9004 	 2 
42.0281 	 1 
42.0281 	 2 
42.1674 	 2 
42.1790 	 1 
42.2951 	 2 
42.2951 	 1 
42.4229 	 2 
42.5622 	 2 
42.5622 	 1 
42.6899 	 2 
42.7015 	 1 
42.8292 	 1 
42.8292 	 0 
42.8292 	 2 
42.9685 	 1 
42.9685 	 2 
43.1078 	 1 
43.1078 	 2 
43.2356 	 2 
43.3865 	 2 
43.3865 	 1 
43.5258 	 2 
43.6419 	 0 
43.6419 	 1 
43.6535 	 2 
43.8857 	 1 
43.9089 	 2 
44.1992 	 2 
44.1992 	 1 
44.3153 	 2 
44.3269 	 1 
44.4546 	 1 
44.4662 	 2 
44.5939 	 2 
44.7332 	 2 
44.7332 	 1 
44.8726 	 2 
44.8726 	 1 
45.0119 	 1 
45.0119 	 2 
45.0235 	 0 
45.1512 	 1 
45.1512 	 2 
45.2905 	 1 
45.2905 	 2 
45.4182 	 1 
45.4298 	 2 
45.5576 	 1 
45.5576 	 2 
45.7085 	 1 
45.7085 	 2 
45.8246 	 2 
45.8246 	 1 
45.9755 	 1 
45.9755 	 2 
46.1032 	 1 
46.1032 	 2 
46.2425 	 2 
46.2541 	 1 
46.3702 	 2 
46.3702 	 1 
46.5096 	 2 
46.5212 	 1 
46.6489 	 1 
46.6489 	 2 
46.7882 	 2 
46.9159 	 1 
46.9159 	 2 
47.0436 	 2 
47.0552 	 1 
47.1946 	 1 
47.1946 	 0 
47.1946 	 2 
47.3339 	 1 
47.4616 	 2 
47.4616 	 1 
47.6009 	 2 
47.6125 	 1 
47.7402 	 1 
47.7402 	 2 
47.8795 	 2 
48.0073 	 1 
48.0073 	 2 
48.1582 	 2 
48.2975 	 2 
48.2975 	 1 
48.4252 	 2 
48.4368 	 1 
48.5645 	 2 
48.5645 	 1 
48.7039 	 2 
48.7039 	 1 
48.8316 	 2 
48.8316 	 1 
48.9709 	 2 
49.1102 	 1 
49.1102 	 2 
49.2611 	 2 
49.2611 	 1 
49.3888 	 2 
49.4005 	 1 
49.4005 	 0 
49.5282 	 1 
49.5282 	 2 
49.6559 	 1 
49.6675 	 2 
49.6675 	 0 
49.8068 	 2 
49.8068 	 1 
49.9345 	 2 
49.9345 	 1 
50.0738 	 2 
50.0854 	 1 
50.2132 	 2 
50.2132 	 1 
50.3641 	 2 
50.3641 	 1 
50.4802 	 2 
50.4802 	 0 
50.4802 	 1 
50.6311 	 2 
50.6311 	 1 
50.7588 	 1 
50.7588 	 2 
50.8981 	 1 
50.8981 	 2 
51.0259 	 2 
51.0259 	 1 
51.1652 	 2 
51.2929 	 2 
51.2929 	 1 
51.4206 	 2 
51.5715 	 2 
51.5715 	 1 
51.5715 	 0 
51.6992 	 2 
51.8385 	 1 
51.8385 	 2 
51.9663 	 2 
52.1172 	 2 
52.1288 	 1 
52.2449 	 2 
52.3726 	 0 
52.3726 	 2 
52.3842 	 1 
52.6512 	 2 
52.9299 	 1 
52.9415 	 2 
53.0692 	 2 
53.0808 	 1 
53.1969 	 1 
53.2085 	 2 
53.3362 	 2 
53.4872 	 2 
53.4872 	 1 
53.6149 	 1 
53.6265 	 2 
53.7542 	 1 
53.7542 	 2 
53.7542 	 0 
53.8935 	 2 
54.0212 	 2 
54.0212 	 1 
54.1605 	 2 
54.1605 	 1 
54.2883 	 2 
54.2883 	 1 
54.4276 	 2 
54.5669 	 1 
54.5785 	 2 
54.6598 	 2 
54.7062 	 2 
54.7062 	 1 
54.8455 	 2 
54.8455 	 1 
54.8571 	 0 
54.9849 	 2 
54.9849 	 1 
55.1126 	 1 
55.1126 	 2 
55.2519 	 1 
55.2635 	 2 
55.3912 	 2 
55.4028 	 1 
55.4260 	 1 
55.5305 	 2 
55.6582 	 1 
55.6582 	 2 
55.7976 	 2 
55.8092 	 1 
55.9369 	 1 
55.9369 	 0 
55.9369 	 2 
56.0646 	 1 
56.0646 	 2 
56.1923 	 1 
56.1923 	 2 
56.3432 	 2 
56.3548 	 1 
56.4825 	 2 
56.4941 	 1 
56.6219 	 2 
56.7612 	 2 
56.7612 	 1 
56.9005 	 2 
57.0282 	 0 
57.0282 	 2 
57.0282 	 1 
57.1559 	 2 
57.2952 	 2 
57.2952 	 1 
57.4229 	 1 
57.4346 	 2 
57.5623 	 2 
57.5739 	 1 
57.7132 	 2 
57.8409 	 1 
57.8525 	 2 
57.9918 	 2 
58.1312 	 0 
58.1312 	 2 
58.1312 	 1 
58.2705 	 2 
58.3982 	 2 
58.3982 	 1 
58.3982 	 0 
58.5259 	 1 
58.5375 	 2 
58.6652 	 1 
58.6768 	 2 
58.8161 	 2 
58.9439 	 2 
58.9439 	 1 
59.0948 	 2 
59.0948 	 1 
59.2225 	 2 
59.2225 	 1 
59.2341 	 0 
59.3502 	 2 
59.3618 	 1 
59.3734 	 2 
59.4895 	 2 
59.4895 	 1 
59.6288 	 1 
59.6405 	 2 
59.7566 	 2 
59.7566 	 1 
59.8959 	 2 
60.0236 	 2 
60.0236 	 1 
60.1745 	 2 
60.2906 	 0 
60.3022 	 1 
60.3022 	 2 
60.5576 	 1 
60.5576 	 2 
60.6970 	 2 
60.8595 	 2 
60.8595 	 1 
60.9756 	 2 
61.1149 	 2 
61.1149 	 1 
61.1149 	 0 
61.3007 	 2 
61.3587 	 1 
61.3936 	 2 
61.4052 	 1 
61.6606 	 1 
61.6606 	 2 
61.7999 	 2 
61.7999 	 1 
61.9392 	 1 
61.9392 	 2 
62.0669 	 2 
62.2179 	 1 
62.2179 	 2 
62.2295 	 0 
62.3572 	 2 
62.3572 	 1 
62.4849 	 0 
62.4849 	 2 
62.4849 	 1 
62.6126 	 0 
62.6242 	 1 
62.6242 	 2 
62.7635 	 0 
62.7635 	 1 
62.7635 	 2 
62.8912 	 1 
62.8912 	 0 
62.9029 	 2 
63.0306 	 1 
63.0422 	 2 
63.0422 	 0 
63.1699 	 2 
63.1699 	 1 
63.3092 	 0 
63.3092 	 2 
63.3092 	 1 
63.4601 	 2 
63.4601 	 1 
63.5762 	 1 
63.5878 	 2 
63.5878 	 0 
63.7272 	 2 
63.8433 	 2 
63.8549 	 1 
63.9826 	 1 
63.9942 	 2 
64.1219 	 2 
64.1335 	 1 
64.2612 	 2 
64.4005 	 2 
64.4005 	 1 
64.5399 	 2 
64.6560 	 2 
64.6560 	 1 
64.6560 	 0 
64.8069 	 2 
64.9346 	 2 
64.9346 	 1 
65.0855 	 2 
65.0855 	 1 
65.2132 	 2 
65.2132 	 1 
65.3642 	 2 
65.4919 	 1 
65.4919 	 2 
65.6196 	 2 
65.6312 	 1 
65.7473 	 2 
65.7473 	 1 
65.8982 	 2 
65.8982 	 1 
66.0259 	 2 
66.0259 	 1 
66.1537 	 1 
66.1653 	 2 
66.2930 	 1 
66.2930 	 2 
66.4323 	 2 
66.5716 	 1 
66.5716 	 2 
66.7109 	 1 
66.7109 	 2 
66.8386 	 1 
66.8386 	 2 
66.8386 	 0 
66.9780 	 1 
66.9780 	 2 
67.1057 	 2 
67.1057 	 1 
67.2566 	 2 
67.2566 	 1 
67.3843 	 2 
67.3843 	 1 
67.5236 	 2 
67.6629 	 2 
67.6629 	 1 
67.6629 	 0 
67.8023 	 1 
67.8023 	 2 
67.9300 	 0 
67.9300 	 1 
67.9300 	 2 
68.1970 	 1 
68.1970 	 2 
68.3479 	 2 
68.4756 	 2 
68.4756 	 1 
68.6150 	 2 
68.7427 	 1 
68.7427 	 0 
68.7427 	 2 
68.8704 	 2 
69.0097 	 1 
69.0097 	 2 
69.0213 	 0 
69.2767 	 2 
69.3116 	 1 
69.5322 	 2 
69.5438 	 1 
69.5670 	 1 
69.6599 	 2 
69.6947 	 2 
69.8340 	 1 
69.8340 	 2 
69.9849 	 1 
70.1127 	 2 
70.1243 	 1 
70.2288 	 2 
70.3797 	 1 
70.3913 	 2 
70.5306 	 2 
70.5306 	 1 
70.6583 	 2 
70.6583 	 1 
70.7860 	 2 
70.9254 	 1 
70.9370 	 2 
71.0763 	 2 
71.2040 	 0 
71.2040 	 2 
71.2040 	 1 
71.4710 	 1 
71.4710 	 0 
71.4710 	 2 
71.5871 	 1 
71.5871 	 2 
71.7613 	 1 
71.7613 	 2 
71.9238 	 2 
72.0283 	 1 
72.0283 	 2 
72.1560 	 1 
72.1560 	 2 
72.2953 	 1 
72.3069 	 0 
72.3069 	 2 
72.4346 	 2 
72.4463 	 1 
72.5740 	 1 
72.5740 	 2 
72.7017 	 2 
72.7133 	 1 
72.8294 	 1 
72.8294 	 2 
72.9571 	 2 
73.0964 	 2 
73.0964 	 1 
73.2125 	 2 
73.2241 	 1 
73.3634 	 1 
73.3634 	 2 
73.3634 	 0 
73.5028 	 2 
73.6305 	 2 
73.6421 	 1 
73.7930 	 2 
73.9207 	 1 
73.9207 	 2 
74.0600 	 2 
74.1878 	 1 
74.1878 	 2 
74.3155 	 2 
74.4664 	 0 
74.4664 	 2 
74.4664 	 1 
74.6057 	 2 
74.6057 	 1 
74.7218 	 1 
74.7334 	 2 
74.8727 	 1 
74.8727 	 2 
75.0005 	 1 
75.0005 	 2 
75.1398 	 2 
75.2791 	 1 
75.2791 	 2 
75.4184 	 1 
75.4184 	 2 
75.5577 	 0 
75.5577 	 1 
75.5577 	 2 
75.6854 	 1 
75.6854 	 2 
75.8132 	 2 
75.8132 	 1 
75.9525 	 2 
75.9525 	 1 
76.0918 	 2 
76.0918 	 1 
76.2311 	 2 
76.3588 	 1 
76.3704 	 2 
76.5098 	 2 
76.5098 	 1 
76.6375 	 1 
76.6491 	 2 
76.7768 	 2 
76.7884 	 1 
76.9161 	 2 
76.9161 	 1 
77.0670 	 2 
77.0670 	 1 
77.1831 	 2 
77.1947 	 1 
77.3224 	 2 
77.4502 	 2 
77.4618 	 1 
77.5895 	 2 
77.5895 	 1 
77.7172 	 2 
77.7172 	 1 
77.7288 	 0 
77.8681 	 1 
77.9958 	 2 
78.0190 	 1 
78.0423 	 1 
78.1235 	 2 
78.2861 	 1 
78.2861 	 2 
78.5415 	 2 
78.5415 	 0 
78.5415 	 1 
78.7737 	 1 
78.7853 	 2 
78.9595 	 2 
79.0872 	 2 
79.0988 	 1 
79.2265 	 2 
79.2265 	 1 
79.3542 	 2 
79.3542 	 1 
79.4935 	 2 
79.6328 	 2 
79.6328 	 1 
79.7605 	 2 
79.7605 	 1 
79.8999 	 2 
79.8999 	 1 
79.9115 	 0 
80.0392 	 1 
80.0508 	 2 
80.1785 	 2 
80.1785 	 1 
80.1901 	 0 
80.3178 	 1 
80.3294 	 2 
80.4455 	 2 
80.4455 	 1 
80.5965 	 1 
80.5965 	 2 
80.7242 	 1 
80.7242 	 2 
80.7242 	 0 
80.8751 	 2 
80.8751 	 1 
80.9912 	 2 
80.9912 	 1 
81.1305 	 2 
81.1537 	 1 
81.2698 	 2 
81.2815 	 1 
81.4092 	 2 
81.4092 	 1 
81.5369 	 2 
81.5369 	 1 
81.6762 	 2 
81.8039 	 1 
81.8155 	 2 
81.9548 	 2 
81.9548 	 1 
82.0825 	 0 
82.0941 	 1 
82.0941 	 2 
82.2335 	 1 
82.3496 	 1 
82.3612 	 2 
82.4889 	 2 
82.5005 	 1 
82.6166 	 1 
82.6282 	 2 
82.7675 	 2 
82.7675 	 1 
82.9068 	 2 
82.9185 	 1 
83.0462 	 2 
83.0462 	 1 
83.1855 	 1 
83.1855 	 2 
83.3248 	 2 
83.4525 	 2 
83.4525 	 1 
83.5918 	 2 
83.5918 	 1 
83.7312 	 2 
83.7312 	 1 
83.8705 	 2 
84.0098 	 2 
84.0098 	 1 
84.1491 	 2 
84.1607 	 1 
84.2884 	 0 
84.2884 	 2 
84.2884 	 1 
84.4278 	 1 
84.4278 	 2 
84.5555 	 1 
84.5555 	 2 
84.5555 	 0 
84.6948 	 1 
84.6948 	 2 
84.8225 	 2 
84.8225 	 1 
84.8341 	 0 
84.9734 	 2 
84.9734 	 1 
85.1011 	 0 
85.1011 	 1 
85.1011 	 2 
85.2521 	 1 
85.2521 	 2 
85.3682 	 2 
85.3798 	 0 
85.3798 	 1 
85.5191 	 2 
85.5307 	 1 
85.6468 	 1 
85.6584 	 2 
85.7977 	 1 
85.7977 	 2 
85.9254 	 2 
85.9254 	 1 
86.0648 	 2 
86.1809 	 1 
86.1925 	 2 
86.3086 	 2 
86.3086 	 1 
86.4595 	 0 
86.4595 	 2 
86.4595 	 1 
86.7381 	 2 
86.7498 	 1 
86.7730 	 1 
86.8659 	 2 
87.0168 	 2 
87.0168 	 0 
87.0168 	 1 
87.1329 	 2 
87.1445 	 1 
87.2722 	 1 
87.2722 	 0 
87.2838 	 2 
87.4347 	 1 
87.4347 	 2 
87.5624 	 2 
87.5624 	 1 
87.7018 	 1 
87.7018 	 2 
87.8295 	 2 
87.8295 	 1 
87.9572 	 2 
87.9572 	 1 
88.0965 	 2 
88.1081 	 1 
88.2358 	 2 
88.3751 	 1 
88.3868 	 0 
88.3868 	 2 
88.5145 	 2 
88.5145 	 1 
88.6422 	 1 
88.6538 	 0 
88.6538 	 2 
88.7815 	 2 
88.9092 	 1 
88.9208 	 0 
88.9208 	 2 
89.0485 	 2 
89.0485 	 0 
89.0485 	 1 
89.1878 	 0 
89.1878 	 1 
89.1878 	 2 
89.3272 	 2 
89.4200 	 2 
89.4665 	 2 
89.4665 	 1 
89.6058 	 1 
89.6058 	 2 
89.7335 	 1 
89.7335 	 0 
89.7451 	 2 
89.8728 	 1 
89.8844 	 2 
90.0005 	 1 
90.0122 	 2 
90.1399 	 1 
90.1399 	 2 
90.2792 	 2 
90.2792 	 1 
90.4185 	 2 
90.5578 	 1 
90.5578 	 2 
90.7088 	 2 
90.8365 	 1 
90.8365 	 0 
90.8365 	 2 
90.9642 	 1 
90.9758 	 2 
91.0919 	 1 
91.0919 	 2 
91.1035 	 0 
91.2428 	 1 
91.2428 	 2 
91.3705 	 1 
91.3705 	 2 
91.5215 	 2 
91.6492 	 2 
91.6492 	 1 
91.7885 	 2 
91.8001 	 1 
91.9278 	 2 
91.9278 	 0 
91.9278 	 1 
92.0555 	 2 
92.1948 	 2 
92.1948 	 1 
92.3341 	 2 
92.3341 	 1 
92.4619 	 2 
92.4619 	 1 
92.6128 	 2 
92.7405 	 1 
92.7521 	 2 
93.0307 	 2 
93.0307 	 0 
93.0307 	 1 
93.1585 	 2 
93.1585 	 1 
93.2978 	 1 
93.2978 	 2 
93.4255 	 1 
93.4371 	 2 
93.5648 	 2 
93.5648 	 1 
93.7041 	 2 
93.7157 	 1 
93.8434 	 0 
93.8434 	 2 
93.8434 	 1 
93.9828 	 1 
93.9828 	 2 
94.1221 	 1 
94.1221 	 2 
94.1221 	 0 
94.2614 	 1 
94.2614 	 2 
94.3891 	 1 
94.3891 	 2 
94.5284 	 2 
94.5284 	 1 
94.6561 	 1 
94.6561 	 2 
94.7839 	 2 
94.9232 	 2 
94.9232 	 1 
95.0625 	 2 
95.1902 	 0 
95.2018 	 1 
95.2018 	 2 
95.3295 	 2 
95.4456 	 0 
95.4572 	 2 
95.4572 	 1 
95.5849 	 2 
95.5966 	 1 
95.7475 	 1 
95.7475 	 2 
95.7475 	 0 
95.8636 	 2 
96.0029 	 2 
96.0145 	 1 
96.2583 	 1 
96.2932 	 2 
96.5602 	 1 
96.5602 	 2 
96.6879 	 2 
96.8272 	 1 
96.8388 	 2 
96.9665 	 2 
97.1059 	 1 
97.1175 	 2 
97.2452 	 2 
97.2452 	 1 
97.3845 	 1 
97.3845 	 2 
97.5122 	 1 
97.5122 	 2 
97.6515 	 1 
97.6515 	 2 
97.7908 	 1 
97.7908 	 2 
97.9185 	 1 
97.9302 	 2 
98.0695 	 2 
98.0695 	 1 
98.2088 	 2 
98.2088 	 1 
98.3481 	 2 
98.3481 	 1 
98.4758 	 2 
98.4758 	 1 
98.4758 	 0 
98.6035 	 2 
98.7429 	 2 
98.7545 	 1 
98.8706 	 2 
98.8822 	 1 
99.0215 	 1 
99.0215 	 2 
99.1492 	 2 
99.2885 	 0 
99.2885 	 1 
99.2885 	 2 
99.4278 	 1 
99.4278 	 2 
99.5439 	 0 
99.5439 	 1 
99.5556 	 2 
99.7065 	 2 
99.8226 	 2 
99.8226 	 1 
99.9735 	 1 
99.9735 	 2 
100.1128 	 0 
100.1128 	 1 
100.1128 	 2 
100.2522 	 1 
100.2522 	 2 
100.3799 	 2 
100.3799 	 1 
100.3915 	 0 
100.5192 	 2 
100.5192 	 1 
100.6353 	 2 
100.6353 	 1 
100.6353 	 0 
100.7862 	 2 
100.7978 	 1 
100.9139 	 2 
100.9139 	 1 
101.0532 	 1 
101.0532 	 2 
101.1810 	 1 
101.1926 	 2 
101.2274 	 2 
101.3319 	 2 
101.3319 	 1 
101.4712 	 2 
101.4712 	 1 
101.5989 	 2 
101.5989 	 1 
101.7266 	 1 
101.7382 	 0 
101.7382 	 2 
101.8776 	 2 
102.0053 	 2 
102.0053 	 1 
102.1446 	 1 
102.1446 	 2 
102.2723 	 1 
102.2839 	 2 
102.4232 	 2 
102.5509 	 0 
102.5625 	 1 
102.5625 	 2 
102.6902 	 2 
102.6902 	 1 
102.8180 	 2 
102.8180 	 1 
103.0966 	 2 
103.0966 	 1 
103.2475 	 2 
103.3636 	 1 
103.3636 	 2 
103.5029 	 2 
103.6307 	 0 
103.6307 	 1 
103.6307 	 2 
103.7816 	 2 
103.9093 	 1 
103.9093 	 2 
103.9093 	 0 
104.1879 	 1 
104.1879 	 2 
104.3156 	 2 
104.4666 	 1 
104.4666 	 2 
104.5014 	 1 
104.7336 	 2 
104.7336 	 1 
104.9078 	 2 
105.0122 	 1 
105.0122 	 2 
105.0239 	 0 
105.1283 	 1 
105.2793 	 1 
105.2793 	 2 
105.4186 	 1 
105.4186 	 2 
105.5463 	 2 
105.5579 	 1 
105.6740 	 2 
105.8249 	 1 
105.8249 	 2 
105.9643 	 2 
106.0920 	 2 
106.0920 	 0 
106.0920 	 1 
106.3706 	 1 
106.3706 	 0 
106.3706 	 2 
106.6493 	 1 
106.6493 	 2 
106.8002 	 2 
106.9163 	 2 
107.0440 	 1 
107.0556 	 2 
107.1949 	 2 
107.1949 	 1 
107.3459 	 1 
107.3459 	 2 
107.4620 	 2 
107.4620 	 1 
107.6013 	 1 
107.6129 	 2 
107.7406 	 2 
107.7406 	 1 
107.8799 	 2 
108.0076 	 1 
108.0076 	 2 
108.1353 	 2 
108.2630 	 1 
108.2746 	 2 
108.2746 	 0 
108.4140 	 1 
108.4140 	 2 
108.5417 	 1 
108.5417 	 2 
108.6926 	 1 
108.6926 	 2 
108.8203 	 2 
108.8203 	 1 
108.9596 	 2 
109.0990 	 2 
109.0990 	 1 
109.2267 	 2 
109.3660 	 1 
109.3776 	 2 
109.5053 	 2 
109.6330 	 2 
109.6330 	 1 
109.7839 	 1 
109.7839 	 2 
109.9000 	 1 
109.9117 	 2 
110.0394 	 2 
110.1787 	 2 
110.1787 	 1 
110.3180 	 1 
110.3180 	 2 
110.4573 	 2 
110.4689 	 0 
110.4689 	 1 
110.5966 	 1 
110.5966 	 2 
110.7244 	 1 
110.7244 	 2 
110.8521 	 1 
110.8637 	 2 
111.0030 	 1 
111.0030 	 2 
111.1307 	 2 
111.2816 	 1 
111.2816 	 2 
111.4210 	 1 
111.4210 	 2 
111.5487 	 1 
111.5603 	 2 
111.6996 	 2 
111.8157 	 1 
111.8273 	 2 
111.9666 	 2 
111.9666 	 1 
112.0943 	 1 
112.1059 	 2 
112.2337 	 2 
112.2337 	 1 
112.3498 	 1 
112.3614 	 2 
112.5007 	 2 
112.6284 	 0 
112.6284 	 1 
112.6284 	 2 
112.7677 	 2 
112.9070 	 2 
112.9070 	 1 
113.0231 	 2 
113.0347 	 1 
113.1857 	 1 
113.1857 	 2 
113.3250 	 2 
113.4527 	 2 
113.4527 	 1 
113.6849 	 1 
113.6849 	 2 
113.7313 	 2 
113.9984 	 1 
113.9984 	 2 
114.1261 	 2 
114.1261 	 1 
114.2538 	 2 
114.2654 	 1 
114.3931 	 2 
114.5440 	 1 
114.5440 	 2 
114.6717 	 2 
114.6717 	 1 
114.8111 	 1 
114.8111 	 2 
114.9504 	 2 
114.9504 	 1 
115.0897 	 2 
115.0897 	 1 
115.2290 	 2 
115.2290 	 1 
115.3567 	 2 
115.3567 	 1 
115.4961 	 1 
115.5077 	 2 
115.6238 	 0 
115.6238 	 1 
115.6238 	 2 
115.7747 	 2 
115.7863 	 1 
115.9024 	 0 
115.9024 	 1 
115.9024 	 2 
116.0417 	 2 
116.0533 	 1 
116.1810 	 1 
116.1810 	 2 
116.3088 	 2 
116.4365 	 2 
116.4365 	 1 
116.5758 	 2 
116.7151 	 2 
116.7151 	 1 
116.8544 	 2 
116.8544 	 1 
116.9937 	 2 
116.9937 	 0 
116.9937 	 1 
117.1331 	 2 
117.1331 	 1 
117.2608 	 1 
117.2608 	 2 
117.4001 	 2 
117.4117 	 1 
117.5394 	 1 
117.5394 	 2 
117.6671 	 2 
117.8180 	 1 
117.8297 	 2 
117.8297 	 0 
117.9574 	 1 
117.9574 	 2 
118.0967 	 2 
118.0967 	 1 
118.1083 	 0 
118.2244 	 2 
118.2360 	 1 
118.3637 	 2 
118.3637 	 1 
118.5030 	 1 
118.5030 	 2 
118.6307 	 1 
118.6424 	 2 
118.7701 	 2 
118.7701 	 1 
118.9094 	 2 
118.9094 	 1 
119.0603 	 1 
119.0603 	 2 
119.1880 	 2 
119.1880 	 1 
119.1996 	 0 
119.3273 	 2 
119.3273 	 1 
119.4551 	 1 
119.4667 	 0 
119.4667 	 2 
119.6060 	 2 
119.6060 	 0 
119.6060 	 1 
119.7337 	 2 
119.7337 	 1 
119.8846 	 2 
119.8846 	 1 
120.0123 	 2 
120.0123 	 1 
120.1633 	 0 
120.1633 	 2 
120.1633 	 1 
120.2910 	 2 
120.2910 	 1 
120.2910 	 0 
120.4303 	 1 
120.4303 	 2 
120.5464 	 2 
120.5580 	 1 
120.6973 	 1 
120.6973 	 2 
120.8250 	 2 
120.8250 	 1 
120.9644 	 1 
120.9644 	 2 
121.0921 	 2 
121.1037 	 1 
121.2198 	 2 
121.2314 	 1 
121.3591 	 0 
121.3591 	 2 
121.3591 	 1 
121.4868 	 2 
121.6261 	 0 
121.6261 	 1 
121.6261 	 2 
121.7654 	 2 
121.7771 	 1 
121.9048 	 2 
121.9048 	 1 
121.9164 	 0 
122.0441 	 1 
122.0557 	 2 
122.1834 	 2 
122.1834 	 0 
122.1834 	 1 
122.3111 	 0 
122.3111 	 2 
122.3111 	 1 
122.4388 	 2 
122.4388 	 0 
122.4388 	 1 
122.6014 	 2 
122.7175 	 1 
122.7175 	 2 
122.7175 	 0 
122.8568 	 2 
122.9961 	 1 
123.0077 	 2 
123.0077 	 0 
123.1354 	 2 
123.1354 	 1 
123.2631 	 1 
123.2631 	 0 
123.2747 	 2 
123.4141 	 0 
123.4141 	 1 
123.4141 	 2 
123.5418 	 1 
123.5418 	 2 
123.5418 	 0 
123.6927 	 1 
123.7043 	 2 
123.8204 	 0 
123.8204 	 1 
123.8320 	 2 
123.9597 	 1 
123.9597 	 0 
123.9713 	 2 
124.1107 	 1 
124.1107 	 2 
124.1107 	 0 
124.2384 	 0 
124.2384 	 1 
124.2384 	 2 
124.3661 	 0 
124.3777 	 1 
124.3777 	 2 
124.5170 	 1 
124.5170 	 0 
124.5286 	 2 
124.6447 	 1 
124.6563 	 0 
124.6563 	 2 
