0.0348 	 1 
0.0348 	 2 
0.0464 	 0 
0.1393 	 0 
0.1393 	 2 
0.1393 	 1 
0.3599 	 2 
0.4063 	 2 
0.4296 	 1 
0.6966 	 1 
0.6966 	 2 
0.6966 	 0 
0.9752 	 2 
0.9868 	 1 
1.2307 	 0 
1.2423 	 1 
1.2423 	 2 
1.4280 	 1 
1.4396 	 2 
1.5325 	 1 
1.7183 	 2 
1.7995 	 1 
1.7995 	 2 
1.9621 	 2 
2.0782 	 1 
2.0898 	 2 
2.2291 	 1 
2.2291 	 2 
2.3336 	 1 
2.3336 	 0 
2.3452 	 2 
2.5310 	 2 
2.5426 	 1 
2.6122 	 1 
2.6122 	 2 
2.7748 	 0 
2.7748 	 2 
2.7748 	 1 
2.8793 	 2 
2.8793 	 1 
3.0650 	 2 
3.0999 	 2 
3.1463 	 2 
3.1695 	 1 
3.3088 	 1 
3.3088 	 0 
3.3088 	 2 
3.4249 	 1 
3.4249 	 2 
3.5991 	 2 
3.6920 	 1 
3.7036 	 2 
3.9126 	 2 
3.9938 	 1 
3.9938 	 2 
4.1448 	 1 
4.1564 	 2 
4.4931 	 2 
4.4931 	 1 
4.4931 	 0 
4.6904 	 2 
4.7833 	 1 
4.7833 	 2 
5.0503 	 1 
5.0503 	 2 
5.0503 	 0 
5.2361 	 2 
5.3290 	 1 
5.3406 	 2 
5.5960 	 1 
5.5960 	 0 
5.5960 	 2 
5.7934 	 2 
5.7934 	 1 
5.8746 	 1 
5.8746 	 2 
6.0372 	 1 
6.0372 	 2 
6.1301 	 1 
6.1301 	 2 
6.3158 	 2 
6.4087 	 2 
6.4203 	 1 
6.5480 	 1 
6.5596 	 2 
6.6641 	 2 
6.6641 	 1 
6.8615 	 2 
6.8615 	 1 
6.9428 	 1 
6.9544 	 2 
7.2098 	 0 
7.2214 	 1 
7.2214 	 2 
7.3607 	 2 
7.3956 	 2 
7.4884 	 1 
7.4884 	 0 
7.5000 	 2 
7.6858 	 2 
7.7671 	 1 
7.7671 	 0 
7.7787 	 2 
7.9528 	 1 
7.9644 	 2 
8.0341 	 1 
8.0341 	 2 
8.2431 	 1 
8.2431 	 2 
8.3127 	 2 
8.3360 	 1 
8.3592 	 2 
8.5217 	 2 
8.5798 	 2 
8.5914 	 1 
8.7423 	 1 
8.7423 	 2 
8.8584 	 1 
8.8584 	 2 
8.9745 	 2 
9.0558 	 1 
9.0558 	 2 
9.1371 	 2 
9.4041 	 1 
9.4041 	 2 
9.5898 	 1 
9.5898 	 2 
9.6943 	 2 
9.9614 	 2 
9.9730 	 1 
10.1355 	 1 
10.1471 	 2 
10.2400 	 2 
10.2516 	 1 
10.4258 	 2 
10.5186 	 2 
10.5186 	 1 
10.6928 	 2 
10.9830 	 2 
11.0527 	 1 
11.0643 	 2 
11.2501 	 2 
11.3313 	 1 
11.3313 	 2 
11.5287 	 2 
11.5287 	 1 
11.6100 	 2 
11.6100 	 1 
11.7841 	 2 
11.8770 	 2 
11.8770 	 1 
12.1324 	 1 
12.1324 	 0 
12.1440 	 2 
12.3298 	 1 
12.3414 	 2 
12.4227 	 1 
12.4227 	 2 
12.4807 	 2 
12.5968 	 1 
12.5968 	 2 
12.6781 	 2 
12.6897 	 1 
12.8639 	 2 
12.9683 	 1 
12.9800 	 2 
13.1309 	 2 
13.2238 	 1 
13.2354 	 2 
13.4211 	 2 
13.5024 	 2 
13.5024 	 1 
13.6882 	 2 
13.7694 	 0 
13.7694 	 1 
13.7810 	 2 
13.9552 	 2 
14.0481 	 2 
14.0481 	 1 
14.3151 	 1 
14.3151 	 0 
14.3151 	 2 
14.5125 	 1 
14.5241 	 2 
14.5937 	 2 
14.5937 	 1 
14.8027 	 2 
14.8608 	 1 
14.8608 	 2 
15.1278 	 2 
15.1394 	 1 
15.2671 	 2 
15.4064 	 2 
15.4064 	 1 
15.5690 	 1 
15.5922 	 2 
15.6735 	 1 
15.6735 	 2 
15.8244 	 2 
15.8941 	 2 
15.9521 	 1 
15.9637 	 2 
16.1727 	 2 
16.2191 	 1 
16.2307 	 2 
16.2424 	 1 
16.4397 	 2 
16.4513 	 1 
16.5094 	 1 
16.5094 	 2 
16.6951 	 1 
16.7764 	 2 
16.7880 	 1 
16.9506 	 2 
17.0434 	 0 
17.0551 	 1 
17.0551 	 2 
17.1828 	 2 
17.2408 	 1 
17.3337 	 2 
17.3337 	 1 
17.4962 	 2 
17.4962 	 1 
17.6007 	 2 
17.7168 	 2 
17.7865 	 2 
17.7865 	 1 
17.8561 	 2 
17.8678 	 1 
18.1348 	 2 
18.1348 	 1 
18.3205 	 2 
18.3205 	 1 
18.4134 	 1 
18.4250 	 2 
18.5644 	 1 
18.6805 	 2 
18.6805 	 0 
18.6805 	 1 
18.8546 	 1 
18.8778 	 2 
18.9591 	 2 
18.9591 	 1 
19.1449 	 2 
19.1565 	 1 
19.2261 	 1 
19.2261 	 0 
19.2377 	 2 
19.4119 	 2 
19.5048 	 2 
19.7021 	 2 
19.7718 	 2 
19.7718 	 1 
19.9576 	 2 
20.0620 	 1 
20.0620 	 2 
20.2478 	 2 
20.2478 	 1 
20.3175 	 2 
20.3291 	 1 
20.5032 	 2 
20.6077 	 1 
20.6077 	 2 
20.7586 	 2 
20.8631 	 1 
20.8631 	 0 
20.8747 	 2 
21.0489 	 1 
21.0489 	 2 
21.1418 	 2 
21.1418 	 1 
21.2927 	 1 
21.3159 	 2 
21.4088 	 2 
21.4088 	 1 
21.6062 	 2 
21.6758 	 1 
21.6874 	 2 
21.8500 	 1 
21.8616 	 2 
21.9545 	 2 
21.9545 	 1 
22.1518 	 2 
22.2215 	 2 
22.2215 	 1 
22.4769 	 1 
22.4885 	 2 
22.6743 	 1 
22.6743 	 2 
22.8020 	 2 
22.9181 	 1 
22.9297 	 2 
23.0110 	 1 
23.0226 	 2 
23.2200 	 2 
23.3012 	 1 
23.3012 	 2 
23.4986 	 2 
23.5683 	 1 
23.5683 	 2 
23.7424 	 1 
23.7540 	 2 
23.8469 	 1 
24.0094 	 1 
24.0210 	 2 
24.1023 	 2 
24.1023 	 1 
24.2881 	 2 
24.3810 	 1 
24.3926 	 2 
24.5783 	 2 
24.6480 	 0 
24.6480 	 1 
24.6596 	 2 
24.8454 	 2 
24.8454 	 1 
24.9498 	 1 
24.9498 	 2 
25.1472 	 2 
25.2169 	 1 
25.2169 	 2 
25.4142 	 2 
25.4955 	 1 
25.5071 	 2 
25.7741 	 0 
25.7741 	 1 
25.7858 	 2 
25.9483 	 2 
26.0296 	 1 
26.0412 	 2 
26.1921 	 1 
26.2037 	 2 
26.2966 	 1 
26.3082 	 2 
26.4940 	 1 
26.5056 	 2 
26.5752 	 2 
26.5868 	 1 
26.8655 	 2 
26.8655 	 1 
27.1441 	 1 
27.1557 	 2 
27.4112 	 1 
27.4228 	 2 
27.6085 	 2 
27.6085 	 1 
27.7014 	 2 
27.9684 	 2 
27.9684 	 1 
28.0961 	 2 
28.1542 	 2 
28.2471 	 2 
28.3748 	 2 
28.3980 	 1 
28.5025 	 1 
28.5141 	 2 
28.7115 	 2 
28.7811 	 2 
28.7811 	 1 
29.0482 	 0 
29.0598 	 2 
29.0598 	 1 
29.2339 	 2 
29.3152 	 1 
29.3152 	 2 
29.5822 	 0 
29.5938 	 1 
29.5938 	 2 
29.7912 	 2 
29.8609 	 1 
30.0582 	 1 
30.1279 	 2 
30.1279 	 1 
30.1279 	 0 
30.3137 	 1 
30.3137 	 2 
30.3833 	 1 
30.3949 	 2 
30.6620 	 1 
30.6620 	 2 
30.6620 	 0 
30.8709 	 1 
30.8825 	 2 
30.9406 	 2 
30.9638 	 1 
31.1380 	 2 
31.2192 	 0 
31.2192 	 2 
31.2192 	 1 
31.4050 	 2 
31.4979 	 2 
31.4979 	 1 
31.6024 	 2 
31.7185 	 1 
31.7649 	 1 
31.7649 	 2 
31.9390 	 2 
32.0319 	 1 
32.0319 	 2 
32.1016 	 1 
32.3106 	 1 
32.3106 	 2 
32.5892 	 2 
32.6008 	 1 
32.8446 	 0 
32.8562 	 1 
32.8562 	 2 
33.0536 	 2 
33.1349 	 2 
33.1581 	 2 
33.2045 	 2 
33.2858 	 2 
33.2858 	 1 
33.5877 	 1 
33.5993 	 2 
33.6573 	 2 
33.6805 	 1 
33.9360 	 2 
33.9360 	 1 
34.1217 	 2 
34.2030 	 2 
34.2146 	 1 
34.2727 	 1 
34.2727 	 2 
34.4700 	 1 
34.4816 	 2 
34.7487 	 2 
34.7487 	 1 
34.8299 	 2 
34.9112 	 1 
34.9112 	 2 
35.0157 	 2 
35.0157 	 1 
35.1202 	 2 
35.2015 	 1 
35.2015 	 2 
35.3059 	 1 
35.3059 	 2 
35.4569 	 2 
35.5730 	 2 
35.5730 	 1 
35.7355 	 1 
35.7355 	 2 
35.8400 	 1 
35.8632 	 2 
35.9677 	 2 
35.9793 	 1 
36.0258 	 2 
36.1186 	 2 
36.1186 	 1 
36.2928 	 2 
36.3973 	 2 
36.3973 	 1 
36.5946 	 2 
36.6759 	 2 
36.6759 	 1 
36.8385 	 2 
36.9546 	 2 
37.1055 	 2 
37.2216 	 0 
37.2216 	 1 
37.2216 	 2 
37.3841 	 2 
37.5002 	 2 
37.5002 	 1 
37.6395 	 1 
37.6512 	 2 
37.6976 	 2 
37.7673 	 0 
37.7789 	 2 
37.7789 	 1 
38.0343 	 1 
38.0459 	 2 
38.1968 	 2 
38.3245 	 0 
38.3245 	 1 
38.3361 	 2 
38.5219 	 2 
38.5916 	 1 
38.6032 	 2 
38.7541 	 1 
38.7657 	 2 
38.8470 	 2 
39.0444 	 1 
39.0444 	 2 
39.1372 	 2 
39.1372 	 1 
39.3230 	 2 
39.4043 	 0 
39.4159 	 1 
39.4159 	 2 
39.5900 	 1 
39.5900 	 2 
39.6829 	 2 
39.6829 	 1 
39.8803 	 2 
39.9383 	 0 
39.9499 	 1 
39.9499 	 2 
40.1357 	 1 
40.1357 	 2 
40.2286 	 1 
40.2286 	 2 
40.4376 	 2 
40.4956 	 0 
40.4956 	 1 
40.5072 	 2 
40.6814 	 2 
40.7626 	 2 
40.7742 	 1 
40.9252 	 1 
40.9368 	 2 
41.0297 	 2 
41.0297 	 1 
41.2270 	 2 
41.3083 	 1 
41.3083 	 2 
41.5753 	 1 
41.5753 	 0 
41.5869 	 2 
41.7959 	 2 
41.8075 	 1 
41.9236 	 2 
42.1210 	 2 
42.1210 	 0 
42.1210 	 1 
42.3184 	 2 
42.3416 	 1 
42.3648 	 2 
42.4693 	 1 
42.4809 	 2 
42.5738 	 2 
42.5738 	 1 
42.6899 	 1 
42.6899 	 2 
42.9453 	 2 
42.9569 	 1 
43.2239 	 1 
43.2239 	 2 
43.5026 	 2 
43.5142 	 1 
43.6767 	 1 
43.6767 	 2 
43.7928 	 2 
43.7928 	 1 
43.7928 	 0 
43.9786 	 2 
44.0715 	 2 
44.0715 	 1 
44.2456 	 1 
44.2456 	 2 
44.3501 	 1 
44.3501 	 0 
44.3501 	 2 
44.6288 	 2 
44.7797 	 1 
44.7797 	 2 
44.7797 	 0 
44.8958 	 2 
44.8958 	 1 
45.0932 	 2 
45.1048 	 1 
45.1744 	 1 
45.1744 	 2 
45.4647 	 1 
45.4647 	 2 
45.6388 	 2 
45.7201 	 2 
45.8478 	 0 
45.8594 	 1 
45.8594 	 2 
45.9755 	 1 
45.9755 	 0 
45.9871 	 2 
46.1845 	 2 
46.2425 	 1 
46.2425 	 0 
46.2541 	 2 
46.4399 	 2 
46.5212 	 1 
46.5328 	 2 
46.6953 	 2 
46.7766 	 0 
46.7882 	 1 
46.7882 	 2 
46.9740 	 2 
47.0668 	 2 
47.0668 	 1 
47.2294 	 2 
47.3107 	 1 
47.3223 	 2 
47.5893 	 1 
47.6009 	 2 
47.7751 	 2 
47.8563 	 2 
47.8679 	 1 
48.0189 	 1 
48.0189 	 2 
48.1350 	 1 
48.1350 	 2 
48.3207 	 2 
48.4020 	 1 
48.4020 	 2 
48.5761 	 2 
48.5761 	 1 
48.6922 	 2 
48.6922 	 1 
48.9709 	 2 
48.9709 	 1 
49.1218 	 2 
49.1218 	 1 
49.2263 	 2 
49.2263 	 1 
49.3888 	 2 
49.4121 	 1 
49.4933 	 1 
49.4933 	 2 
49.7836 	 1 
49.7836 	 0 
49.7836 	 2 
50.0274 	 1 
50.0274 	 2 
50.1899 	 1 
50.1899 	 0 
50.2015 	 2 
50.3060 	 2 
50.3060 	 1 
50.4454 	 2 
50.4570 	 1 
50.5266 	 2 
50.5847 	 1 
50.5963 	 2 
50.7588 	 2 
50.7588 	 1 
50.8633 	 2 
51.2929 	 0 
51.2929 	 1 
51.2929 	 2 
51.3974 	 1 
51.4090 	 0 
51.4206 	 2 
51.5019 	 2 
51.5831 	 1 
51.5831 	 0 
51.5947 	 2 
51.6876 	 1 
51.6876 	 2 
51.9663 	 1 
51.9663 	 0 
51.9663 	 2 
52.0940 	 2 
52.2449 	 2 
52.2565 	 1 
52.4074 	 2 
52.4074 	 1 
52.5119 	 1 
52.5119 	 2 
52.7093 	 2 
52.7906 	 1 
52.7906 	 2 
52.9531 	 2 
52.9531 	 1 
53.0460 	 1 
53.0576 	 2 
53.3478 	 1 
53.3478 	 2 
53.4988 	 1 
53.4988 	 0 
53.4988 	 2 
53.6149 	 1 
53.6149 	 2 
53.8006 	 1 
53.8006 	 2 
53.8935 	 2 
53.8935 	 1 
54.1722 	 1 
54.1722 	 2 
54.3579 	 2 
54.4392 	 1 
54.4508 	 2 
54.5785 	 1 
54.5785 	 0 
54.5785 	 2 
54.6946 	 1 
54.6946 	 0 
54.6946 	 2 
54.9036 	 1 
54.9036 	 2 
54.9616 	 1 
54.9616 	 2 
55.1706 	 1 
55.1822 	 2 
55.2519 	 2 
55.2635 	 1 
55.4260 	 2 
55.5189 	 1 
55.5189 	 2 
55.7743 	 1 
55.7743 	 0 
55.7743 	 2 
56.0646 	 1 
56.0646 	 2 
56.3316 	 0 
56.3316 	 1 
56.3432 	 2 
56.4941 	 2 
56.5870 	 2 
56.5986 	 1 
56.7728 	 2 
56.7728 	 1 
56.8541 	 1 
56.8657 	 2 
57.0630 	 2 
57.0630 	 1 
57.1443 	 1 
57.1443 	 2 
57.3417 	 2 
57.3533 	 1 
57.4346 	 2 
57.4346 	 1 
57.6900 	 1 
57.7016 	 2 
57.8409 	 1 
57.8525 	 2 
57.9570 	 2 
57.9570 	 1 
58.2124 	 1 
58.2124 	 2 
58.4911 	 2 
58.4911 	 1 
58.4911 	 0 
58.7813 	 1 
58.7813 	 2 
58.9322 	 0 
58.9322 	 2 
58.9322 	 1 
59.0367 	 1 
59.0483 	 2 
59.2225 	 1 
59.2457 	 2 
59.3154 	 1 
59.3154 	 2 
59.4895 	 2 
59.5011 	 1 
59.5940 	 2 
59.5940 	 1 
59.8727 	 2 
59.8727 	 1 
60.0120 	 1 
60.0120 	 2 
60.1281 	 2 
60.1281 	 1 
60.3138 	 2 
60.3138 	 1 
60.4183 	 2 
60.4183 	 1 
60.6737 	 2 
60.6854 	 1 
60.8479 	 1 
60.8595 	 2 
61.2194 	 1 
61.2194 	 2 
61.4052 	 2 
61.4980 	 2 
61.5213 	 1 
61.6838 	 2 
61.7883 	 2 
61.7883 	 1 
61.9741 	 2 
62.0553 	 2 
62.0553 	 1 
62.2527 	 2 
62.3224 	 2 
62.3340 	 1 
62.5429 	 2 
62.6010 	 1 
62.6126 	 2 
62.8100 	 2 
62.8680 	 2 
62.8680 	 1 
63.0654 	 2 
63.1467 	 1 
63.1467 	 2 
63.4021 	 0 
63.4137 	 2 
63.4137 	 1 
63.5878 	 2 
63.6923 	 2 
63.6923 	 1 
63.7736 	 2 
63.8781 	 1 
63.8897 	 2 
63.9594 	 1 
63.9594 	 2 
64.1567 	 2 
64.2380 	 1 
64.2380 	 2 
64.3889 	 1 
64.4005 	 2 
64.4934 	 1 
64.4934 	 2 
64.7024 	 2 
64.7721 	 2 
64.7721 	 1 
65.0275 	 0 
65.0391 	 2 
65.0391 	 1 
65.2249 	 1 
65.2249 	 2 
65.3177 	 1 
65.3177 	 2 
65.5732 	 1 
65.5848 	 2 
65.7821 	 2 
65.7821 	 1 
65.8634 	 1 
65.8634 	 2 
66.0259 	 1 
66.0259 	 2 
66.1188 	 2 
66.1188 	 1 
66.3162 	 2 
66.3975 	 2 
66.4091 	 1 
66.5948 	 2 
66.6645 	 1 
66.6645 	 0 
66.6761 	 2 
66.8619 	 2 
66.9431 	 1 
66.9547 	 2 
67.1521 	 2 
67.2102 	 1 
67.2218 	 2 
67.4075 	 2 
67.4191 	 1 
67.4888 	 2 
67.4888 	 1 
67.6746 	 1 
67.6862 	 2 
67.7558 	 2 
67.7558 	 1 
67.9648 	 2 
67.9648 	 1 
68.0229 	 2 
68.0345 	 1 
68.1970 	 1 
68.2086 	 2 
68.3015 	 1 
68.3015 	 2 
68.4873 	 1 
68.4873 	 2 
68.5685 	 2 
68.5685 	 1 
68.8239 	 1 
68.8356 	 2 
69.0445 	 2 
69.1258 	 1 
69.1374 	 2 
69.3812 	 2 
69.3812 	 1 
69.5670 	 2 
69.6599 	 1 
69.6599 	 2 
69.8108 	 1 
69.9269 	 1 
69.9269 	 2 
70.1359 	 2 
70.2055 	 2 
70.2171 	 1 
70.4029 	 2 
70.4842 	 2 
70.4842 	 1 
70.6699 	 2 
70.6699 	 1 
71.0298 	 2 
71.0298 	 1 
71.2040 	 2 
71.2969 	 1 
71.3201 	 2 
71.4942 	 1 
71.5059 	 2 
71.5755 	 1 
71.5755 	 2 
71.8541 	 1 
71.8541 	 2 
72.1212 	 1 
72.1212 	 2 
72.1212 	 0 
72.3069 	 2 
72.3882 	 1 
72.3882 	 2 
72.4927 	 2 
72.5856 	 2 
72.5856 	 1 
72.6552 	 2 
72.6552 	 1 
72.8642 	 2 
72.9571 	 1 
72.9571 	 2 
73.0848 	 1 
73.0964 	 2 
73.1893 	 1 
73.2009 	 2 
73.3751 	 1 
73.3867 	 2 
73.4563 	 1 
73.4679 	 2 
73.5492 	 1 
73.7350 	 2 
73.7350 	 1 
73.9323 	 2 
73.9323 	 1 
74.0252 	 1 
74.0252 	 2 
74.2806 	 1 
74.2922 	 2 
74.4780 	 2 
74.4780 	 1 
74.5941 	 1 
74.6405 	 2 
74.7799 	 2 
74.8495 	 1 
74.8495 	 2 
75.0353 	 2 
75.1282 	 2 
75.1282 	 1 
75.3952 	 0 
75.4068 	 1 
75.4068 	 2 
75.5926 	 2 
75.6622 	 1 
75.6622 	 2 
75.8596 	 1 
75.8596 	 2 
75.9409 	 1 
75.9409 	 2 
76.1150 	 1 
76.1266 	 2 
76.2195 	 2 
76.2195 	 1 
76.3820 	 2 
76.3820 	 1 
76.4865 	 1 
76.4865 	 2 
76.6607 	 2 
76.7536 	 2 
76.7536 	 1 
76.9509 	 2 
77.0206 	 0 
77.0322 	 2 
77.0322 	 1 
77.2876 	 2 
77.4502 	 2 
77.4502 	 1 
77.5663 	 2 
77.5663 	 1 
77.7636 	 2 
77.8449 	 2 
77.8449 	 1 
77.9958 	 2 
78.1235 	 2 
78.1235 	 1 
78.2861 	 1 
78.2977 	 2 
78.4718 	 2 
78.6576 	 1 
78.6692 	 2 
78.8666 	 2 
78.9595 	 2 
79.0059 	 1 
79.2381 	 1 
79.2381 	 2 
79.5167 	 2 
79.5167 	 1 
79.7025 	 2 
79.7722 	 0 
79.7838 	 1 
79.7838 	 2 
80.0392 	 2 
80.0508 	 1 
80.3178 	 1 
80.3294 	 2 
80.6081 	 2 
80.6661 	 2 
80.6777 	 1 
80.8519 	 1 
80.8519 	 0 
80.8635 	 2 
81.0376 	 2 
81.1305 	 2 
81.2815 	 2 
81.2815 	 1 
81.3859 	 1 
81.3859 	 2 
81.6646 	 2 
81.6762 	 1 
81.9316 	 1 
81.9316 	 2 
82.1174 	 2 
82.1638 	 1 
82.2102 	 2 
82.4773 	 1 
82.4773 	 2 
82.7791 	 2 
82.9068 	 2 
83.0229 	 2 
83.0229 	 1 
83.2087 	 1 
83.2203 	 2 
83.3248 	 2 
83.3248 	 1 
83.5686 	 2 
83.5686 	 1 
83.7892 	 1 
83.8008 	 2 
83.8589 	 1 
83.8589 	 2 
84.0330 	 1 
84.0330 	 2 
84.1259 	 1 
84.1259 	 2 
84.3233 	 1 
84.3233 	 2 
84.4278 	 1 
84.4278 	 2 
84.6716 	 1 
84.6716 	 2 
84.8573 	 2 
85.0895 	 1 
85.1011 	 2 
85.1824 	 1 
85.1940 	 2 
85.3914 	 1 
85.3914 	 2 
85.4843 	 1 
85.5075 	 2 
85.7397 	 1 
85.7397 	 2 
85.9138 	 1 
85.9138 	 2 
86.0532 	 1 
86.0648 	 2 
86.1809 	 1 
86.1925 	 2 
86.2970 	 1 
86.3086 	 2 
86.4015 	 2 
86.4827 	 2 
86.4827 	 1 
86.5872 	 1 
86.5872 	 2 
86.8426 	 0 
86.8542 	 1 
86.8542 	 2 
87.0284 	 2 
87.0284 	 1 
87.1329 	 2 
87.2722 	 2 
87.3999 	 1 
87.3999 	 2 
87.6205 	 2 
87.6785 	 2 
87.6902 	 1 
87.8643 	 2 
87.9456 	 2 
87.9456 	 1 
87.9456 	 0 
88.1313 	 2 
88.2242 	 2 
88.3984 	 2 
88.4912 	 1 
88.4912 	 2 
88.7002 	 2 
88.7699 	 1 
88.7699 	 2 
88.9905 	 2 
89.0485 	 2 
89.0485 	 0 
89.0485 	 1 
89.2227 	 2 
89.2343 	 1 
89.3272 	 2 
89.5942 	 1 
89.5942 	 0 
89.6058 	 2 
89.7683 	 1 
89.7916 	 2 
89.8844 	 2 
89.8844 	 1 
90.0470 	 1 
90.0586 	 2 
90.1399 	 1 
90.1515 	 2 
90.4185 	 2 
90.4185 	 1 
90.6043 	 2 
90.6855 	 0 
90.6855 	 1 
90.6971 	 2 
90.8945 	 2 
90.9642 	 1 
90.9642 	 2 
91.1267 	 1 
91.1267 	 2 
91.2080 	 1 
91.2196 	 2 
91.4170 	 1 
91.4170 	 2 
91.4982 	 1 
91.5098 	 2 
91.6840 	 2 
91.7653 	 1 
91.7653 	 0 
91.7769 	 2 
91.9626 	 2 
91.9626 	 1 
92.0439 	 1 
92.0555 	 2 
92.2529 	 2 
92.3109 	 1 
92.3225 	 2 
92.4967 	 2 
92.5896 	 1 
92.6012 	 2 
92.7405 	 1 
92.7521 	 2 
92.8450 	 1 
92.8682 	 2 
93.0772 	 1 
93.1236 	 2 
93.4023 	 1 
93.4139 	 2 
93.5880 	 2 
93.5996 	 1 
93.6925 	 1 
93.6925 	 2 
93.8434 	 1 
93.8434 	 2 
93.9479 	 1 
93.9479 	 2 
94.2266 	 2 
94.2382 	 1 
94.4936 	 2 
94.4936 	 0 
94.4936 	 1 
94.6794 	 2 
94.7839 	 2 
94.7839 	 1 
94.9348 	 2 
94.9464 	 1 
95.0509 	 2 
95.0509 	 0 
95.0509 	 1 
95.2599 	 2 
95.3295 	 1 
95.3295 	 2 
95.4921 	 1 
95.4921 	 2 
95.5966 	 2 
95.6082 	 1 
95.8868 	 1 
95.8868 	 2 
96.0261 	 0 
96.0261 	 1 
96.0261 	 2 
96.1422 	 0 
96.1538 	 1 
96.1538 	 2 
96.3396 	 2 
96.3396 	 1 
96.4325 	 2 
96.4325 	 1 
96.6995 	 0 
96.6995 	 1 
96.6995 	 2 
96.9781 	 2 
96.9781 	 1 
97.1175 	 0 
97.1175 	 1 
97.1291 	 2 
97.2336 	 2 
97.2336 	 0 
97.2336 	 1 
97.4193 	 2 
97.4541 	 1 
97.4658 	 2 
97.5238 	 2 
97.5354 	 1 
97.7096 	 2 
97.8141 	 0 
97.8141 	 2 
97.8257 	 1 
98.0811 	 1 
98.0811 	 2 
98.2320 	 0 
98.2436 	 2 
98.2436 	 1 
98.3365 	 0 
98.3481 	 2 
98.3481 	 1 
98.6151 	 2 
98.6151 	 1 
98.8938 	 2 
98.8938 	 0 
98.8938 	 1 
99.0912 	 2 
99.1724 	 1 
99.1724 	 2 
99.4278 	 1 
99.4278 	 0 
99.4278 	 2 
99.6484 	 2 
99.6484 	 1 
99.7181 	 2 
99.7181 	 1 
99.8574 	 1 
99.8574 	 2 
99.9619 	 1 
99.9735 	 2 
100.2405 	 2 
100.2522 	 1 
100.3915 	 1 
100.4031 	 2 
100.5192 	 1 
100.5192 	 2 
100.6817 	 2 
100.6933 	 1 
100.7978 	 2 
100.7978 	 1 
101.0532 	 2 
101.0532 	 0 
101.0532 	 1 
101.3319 	 1 
101.3435 	 2 
101.4712 	 0 
101.4712 	 1 
101.4712 	 2 
101.5873 	 1 
101.5989 	 2 
101.5989 	 0 
101.7731 	 1 
101.7731 	 2 
101.8776 	 1 
101.8776 	 2 
102.0401 	 1 
102.0517 	 2 
102.1446 	 2 
