0.0116 	 0 
0.5805 	 2 
0.5805 	 0 
1.1494 	 1 
1.1726 	 0 
1.6951 	 2 
1.7067 	 0 
2.0550 	 2 
2.2523 	 0 
2.4033 	 2 
2.7980 	 0 
2.7980 	 2 
3.1463 	 2 
3.3437 	 0 
3.6688 	 2 
3.8893 	 0 
3.9010 	 2 
4.2260 	 2 
4.4234 	 2 
4.4350 	 0 
4.9691 	 0 
4.9691 	 2 
5.1316 	 2 
5.3058 	 2 
5.5031 	 0 
5.5031 	 2 
5.5031 	 1 
5.8514 	 2 
6.0604 	 0 
6.5945 	 0 
6.5945 	 1 
6.9544 	 1 
7.1401 	 0 
7.6742 	 0 
7.8600 	 1 
8.2547 	 1 
8.2547 	 0 
8.7888 	 0 
8.8004 	 1 
8.8236 	 1 
9.3460 	 0 
9.6827 	 2 
9.8801 	 0 
9.8917 	 1 
10.4258 	 2 
10.4374 	 0 
10.7973 	 2 
10.9830 	 0 
10.9830 	 2 
11.1340 	 2 
11.3313 	 2 
11.5055 	 2 
11.5055 	 0 
11.8538 	 2 
12.0512 	 0 
12.0512 	 2 
12.3878 	 2 
12.5852 	 2 
12.5852 	 0 
12.9567 	 2 
12.9567 	 1 
13.1541 	 0 
13.1541 	 2 
13.6998 	 0 
13.6998 	 2 
14.0481 	 2 
14.2571 	 0 
14.2571 	 1 
14.2571 	 2 
14.7795 	 2 
14.7795 	 0 
15.3252 	 2 
15.3252 	 0 
15.6502 	 2 
15.6735 	 1 
15.8824 	 2 
15.8941 	 0 
16.1263 	 2 
16.4165 	 0 
16.4281 	 1 
16.7648 	 1 
16.9622 	 0 
17.0899 	 1 
