0.0232 	 2 
0.5921 	 2 
0.5921 	 1 
0.8591 	 2 
1.1378 	 1 
1.1378 	 0 
1.1494 	 2 
1.6834 	 1 
1.6834 	 2 
2.2291 	 1 
2.2291 	 2 
2.5078 	 2 
2.5658 	 2 
2.7980 	 1 
2.8561 	 2 
3.3321 	 1 
3.3437 	 2 
3.5062 	 2 
3.5991 	 2 
3.8545 	 2 
3.8545 	 0 
3.8661 	 1 
4.1215 	 1 
4.1215 	 2 
4.3886 	 2 
4.3886 	 0 
4.3886 	 1 
4.9110 	 2 
4.9226 	 1 
4.9226 	 0 
5.4799 	 0 
5.4799 	 2 
5.4799 	 1 
6.0256 	 0 
6.0256 	 2 
6.0372 	 1 
6.2926 	 1 
6.2926 	 2 
6.5596 	 2 
6.5712 	 1 
6.8499 	 2 
7.1169 	 2 
7.1285 	 1 
7.4304 	 2 
7.5813 	 2 
7.6626 	 1 
7.6742 	 2 
7.9528 	 2 
8.2199 	 2 
8.2199 	 1 
8.4985 	 2 
8.7655 	 2 
8.7771 	 0 
8.7771 	 1 
9.0442 	 2 
9.3112 	 1 
9.3112 	 0 
9.3112 	 2 
9.8453 	 1 
9.8453 	 2 
9.8569 	 0 
10.4025 	 1 
10.4025 	 2 
10.8669 	 2 
10.9598 	 1 
10.9598 	 2 
11.1224 	 2 
11.2385 	 2 
11.4939 	 2 
11.5055 	 1 
11.6100 	 2 
11.6796 	 2 
11.6796 	 1 
12.0163 	 2 
12.0279 	 1 
12.1208 	 1 
12.5852 	 2 
12.5852 	 1 
12.7478 	 1 
12.7594 	 2 
13.1193 	 0 
13.1193 	 2 
13.1193 	 1 
13.3863 	 1 
13.6649 	 1 
13.6766 	 0 
13.6766 	 2 
14.0249 	 1 
14.0365 	 2 
14.2222 	 1 
14.2338 	 2 
14.7563 	 1 
14.7563 	 2 
14.7563 	 0 
14.8492 	 2 
15.3020 	 1 
15.7083 	 2 
15.8476 	 2 
15.8476 	 0 
15.8476 	 1 
16.1727 	 2 
16.2075 	 1 
16.3468 	 2 
16.3933 	 2 
16.4049 	 1 
16.7996 	 2 
16.9273 	 2 
16.9390 	 1 
17.2060 	 2 
17.4962 	 1 
17.4962 	 2 
18.0303 	 2 
18.0303 	 1 
18.5760 	 1 
18.5876 	 2 
18.7269 	 1 
18.7501 	 2 
19.0055 	 2 
19.1332 	 2 
19.1332 	 1 
19.1332 	 0 
19.6673 	 0 
19.6789 	 1 
19.6789 	 2 
19.9227 	 1 
20.2130 	 2 
20.2130 	 1 
20.7586 	 2 
20.7586 	 1 
21.2811 	 2 
21.2927 	 1 
21.6062 	 2 
21.8384 	 2 
21.8384 	 1 
22.3840 	 1 
22.3840 	 2 
22.9529 	 1 
22.9529 	 2 
23.2200 	 2 
23.4986 	 2 
23.5102 	 0 
23.5102 	 1 
23.7888 	 1 
23.7888 	 2 
24.0443 	 0 
24.0443 	 2 
24.0443 	 1 
24.2881 	 1 
24.5783 	 1 
24.5899 	 2 
25.1240 	 2 
25.1240 	 1 
25.6697 	 1 
25.6813 	 2 
25.8438 	 2 
26.2269 	 2 
26.2269 	 1 
26.7726 	 0 
26.7726 	 1 
26.7726 	 2 
27.3183 	 2 
27.3183 	 1 
27.8523 	 2 
27.8639 	 0 
27.8639 	 1 
28.3980 	 1 
28.4096 	 2 
28.6534 	 1 
28.9437 	 0 
28.9437 	 2 
28.9437 	 1 
29.3965 	 1 
29.3965 	 2 
29.4893 	 1 
30.0466 	 1 
30.0466 	 2 
30.0466 	 0 
30.3137 	 2 
30.6039 	 1 
30.6039 	 2 
31.1263 	 1 
31.1263 	 2 
31.5675 	 2 
31.5675 	 1 
31.6604 	 1 
31.6604 	 0 
32.2061 	 2 
32.2177 	 1 
32.7517 	 2 
32.7517 	 1 
33.2858 	 2 
33.2974 	 1 
33.8547 	 2 
33.8547 	 1 
33.8547 	 0 
34.4352 	 1 
34.4352 	 2 
34.8067 	 1 
34.8415 	 2 
