0.0348 	 0 
0.0464 	 2 
0.2322 	 2 
0.3135 	 2 
0.5689 	 2 
0.5689 	 1 
0.7895 	 2 
0.8359 	 0 
1.1378 	 2 
1.6951 	 1 
1.7183 	 2 
2.2291 	 2 
2.2291 	 0 
2.7748 	 2 
2.7748 	 1 
3.0418 	 0 
3.8545 	 2 
3.8545 	 1 
4.3886 	 0 
4.9459 	 1 
4.9459 	 2 
5.2245 	 0 
6.0372 	 1 
6.0372 	 2 
6.5712 	 0 
7.1285 	 1 
7.1750 	 2 
7.4072 	 0 
7.4188 	 2 
8.2315 	 1 
8.7655 	 0 
9.3112 	 1 
9.5898 	 0 
9.8453 	 2 
10.3909 	 1 
10.3909 	 2 
10.9482 	 0 
10.9482 	 1 
11.4823 	 2 
11.4939 	 1 
11.6216 	 2 
11.7725 	 0 
11.9002 	 2 
12.0279 	 2 
12.3066 	 2 
12.5736 	 1 
12.5968 	 2 
13.1193 	 0 
13.6649 	 1 
13.6766 	 2 
13.9436 	 0 
13.9784 	 2 
14.2106 	 2 
14.4776 	 2 
14.7447 	 2 
14.7563 	 1 
15.0233 	 2 
15.3020 	 0 
15.5225 	 2 
15.6502 	 2 
15.8476 	 1 
15.8592 	 2 
15.8941 	 2 
16.1379 	 0 
16.4049 	 2 
16.9506 	 2 
16.9506 	 1 
16.9854 	 2 
17.2292 	 2 
17.4730 	 1 
17.4962 	 0 
17.7749 	 2 
18.0303 	 1 
18.0767 	 2 
18.3089 	 1 
18.3205 	 2 
18.3205 	 0 
18.5876 	 2 
18.8546 	 2 
19.1332 	 1 
19.1681 	 2 
19.4003 	 2 
19.6673 	 0 
19.6789 	 2 
19.9459 	 2 
20.2246 	 2 
20.2246 	 1 
20.5032 	 0 
20.5032 	 2 
21.3159 	 1 
21.3275 	 2 
21.3507 	 1 
21.5829 	 2 
21.8616 	 0 
22.3956 	 1 
22.4073 	 2 
22.6743 	 1 
22.6859 	 2 
22.6859 	 0 
23.2200 	 2 
23.4986 	 1 
23.5450 	 2 
24.0443 	 0 
24.0559 	 1 
24.5899 	 1 
24.6132 	 2 
24.8570 	 1 
24.8686 	 0 
24.9150 	 2 
25.1356 	 2 
25.4026 	 2 
25.6813 	 1 
25.6929 	 2 
26.2037 	 0 
26.7378 	 1 
26.7726 	 2 
27.0280 	 0 
27.3067 	 2 
27.8291 	 2 
27.8291 	 1 
28.3748 	 0 
28.3864 	 1 
28.3864 	 2 
28.5141 	 2 
28.6534 	 2 
28.9205 	 1 
28.9321 	 2 
29.1875 	 0 
29.4661 	 2 
29.7332 	 2 
30.0118 	 1 
30.0234 	 2 
30.4181 	 2 
30.5226 	 0 
30.5459 	 2 
31.0683 	 1 
31.0799 	 2 
31.3585 	 0 
32.1596 	 1 
32.1596 	 2 
32.7053 	 0 
