0.0116 	 2 
0.0232 	 1 
0.4644 	 1 
0.4644 	 2 
0.4760 	 0 
0.5689 	 2 
0.8475 	 1 
0.8475 	 2 
0.8591 	 0 
0.9752 	 1 
0.9752 	 2 
0.9868 	 0 
1.1146 	 0 
1.1146 	 1 
1.1262 	 2 
1.3816 	 0 
1.3932 	 1 
1.3932 	 2 
1.6486 	 1 
1.6486 	 0 
1.6602 	 2 
1.9156 	 2 
1.9156 	 0 
1.9156 	 1 
2.0782 	 2 
2.0782 	 0 
2.0782 	 1 
2.1827 	 0 
2.1827 	 2 
2.1943 	 1 
2.3336 	 1 
2.3336 	 2 
2.3452 	 0 
2.4613 	 0 
2.4613 	 1 
2.4613 	 2 
2.6006 	 1 
2.6006 	 2 
2.7283 	 1 
2.7400 	 0 
2.7400 	 2 
2.9954 	 0 
3.0070 	 1 
3.0070 	 2 
3.1463 	 2 
3.1463 	 1 
3.1579 	 0 
3.2740 	 2 
3.2740 	 1 
3.2740 	 0 
3.5527 	 1 
3.5527 	 0 
3.5643 	 2 
3.8313 	 2 
3.8313 	 1 
3.8313 	 0 
4.1099 	 1 
4.1099 	 2 
4.1099 	 0 
4.2609 	 1 
4.2609 	 2 
4.2725 	 0 
4.3770 	 0 
4.3770 	 2 
4.3886 	 1 
4.5163 	 1 
4.5163 	 0 
4.5279 	 2 
4.6440 	 0 
4.6556 	 2 
4.6556 	 1 
4.9342 	 2 
4.9342 	 0 
4.9342 	 1 
5.2129 	 0 
5.2129 	 1 
5.2245 	 2 
5.3754 	 1 
5.3754 	 0 
5.3754 	 2 
5.4799 	 1 
5.4799 	 2 
5.4799 	 0 
5.7702 	 1 
5.7702 	 0 
5.7702 	 2 
6.0140 	 1 
6.0256 	 0 
6.0256 	 2 
6.2346 	 1 
6.2346 	 2 
6.3042 	 0 
6.3042 	 2 
6.3042 	 1 
6.4435 	 2 
6.4435 	 1 
6.4435 	 0 
6.5480 	 2 
6.5596 	 0 
6.5712 	 1 
6.7106 	 2 
6.7106 	 0 
6.7106 	 1 
6.8267 	 0 
6.8267 	 2 
6.8383 	 1 
7.1169 	 1 
7.1285 	 0 
7.1285 	 2 
7.3956 	 1 
7.3956 	 0 
7.4072 	 2 
7.5349 	 2 
7.5349 	 1 
7.5465 	 0 
7.6742 	 1 
7.6742 	 0 
7.6742 	 2 
7.9412 	 2 
7.9412 	 0 
7.9412 	 1 
8.2083 	 1 
8.2083 	 2 
8.2083 	 0 
8.4869 	 0 
8.4869 	 1 
8.4869 	 2 
8.6262 	 1 
8.6262 	 2 
8.6262 	 0 
8.7539 	 1 
8.7539 	 2 
8.7539 	 0 
8.8932 	 0 
8.8932 	 2 
8.9049 	 1 
9.0210 	 2 
9.0210 	 0 
9.0210 	 1 
9.2996 	 0 
9.2996 	 2 
9.2996 	 1 
9.5782 	 2 
9.5782 	 0 
9.5782 	 1 
9.7292 	 0 
9.7292 	 2 
9.7292 	 1 
9.8453 	 2 
9.8453 	 0 
9.8453 	 1 
10.1123 	 2 
10.1123 	 1 
10.1239 	 0 
10.3909 	 0 
10.3909 	 2 
10.3909 	 1 
10.6696 	 2 
10.6696 	 1 
10.6696 	 0 
10.8089 	 2 
10.8089 	 1 
10.8205 	 0 
10.9134 	 2 
10.9134 	 0 
10.9250 	 1 
11.0759 	 2 
11.0759 	 0 
11.0759 	 1 
11.1920 	 0 
11.1920 	 2 
11.2036 	 1 
11.4823 	 1 
11.4939 	 0 
11.4939 	 2 
11.7609 	 0 
11.7609 	 2 
11.7609 	 1 
11.8886 	 2 
11.8886 	 0 
11.8886 	 1 
12.0163 	 2 
12.0163 	 0 
12.0163 	 1 
12.3066 	 2 
12.3066 	 0 
12.3066 	 1 
12.5620 	 1 
12.5736 	 0 
12.5736 	 2 
12.8406 	 2 
12.8406 	 1 
12.8406 	 0 
12.9800 	 2 
12.9800 	 1 
12.9916 	 0 
13.1077 	 1 
13.1077 	 2 
13.1077 	 0 
13.2470 	 2 
13.2470 	 0 
13.2586 	 1 
13.3747 	 1 
13.3747 	 2 
13.3747 	 0 
13.6533 	 1 
13.6649 	 2 
13.6649 	 0 
13.9436 	 1 
13.9436 	 0 
13.9436 	 2 
14.0829 	 1 
14.0945 	 2 
14.0945 	 0 
14.1990 	 1 
14.1990 	 2 
14.1990 	 0 
14.4893 	 1 
14.5009 	 2 
14.5009 	 0 
14.7679 	 1 
14.7679 	 0 
14.7679 	 2 
15.0349 	 2 
15.0349 	 1 
15.0349 	 0 
15.1626 	 1 
15.1626 	 2 
15.1742 	 0 
15.2903 	 2 
15.2903 	 0 
15.3020 	 1 
15.4413 	 2 
15.4413 	 1 
15.4529 	 0 
15.5574 	 0 
15.5574 	 2 
15.5690 	 1 
15.8476 	 1 
15.8476 	 2 
15.8592 	 0 
16.1146 	 0 
16.1263 	 1 
16.1263 	 2 
16.3701 	 0 
16.3701 	 1 
16.3817 	 2 
16.6487 	 0 
16.6487 	 1 
16.6603 	 2 
16.9157 	 1 
16.9273 	 2 
16.9273 	 0 
17.1944 	 1 
17.1944 	 0 
17.2060 	 2 
17.3453 	 1 
17.3569 	 2 
17.3569 	 0 
17.4614 	 1 
17.4614 	 0 
17.4614 	 2 
17.6123 	 1 
17.6123 	 2 
17.7284 	 2 
17.7284 	 1 
17.7284 	 0 
18.0071 	 1 
18.0187 	 2 
18.0187 	 0 
18.2741 	 0 
18.2741 	 1 
18.2857 	 2 
18.4599 	 1 
18.4599 	 2 
18.4599 	 0 
18.5527 	 2 
18.5527 	 1 
18.5527 	 0 
18.8314 	 1 
18.8314 	 0 
18.8314 	 2 
19.1100 	 1 
19.1100 	 0 
19.1216 	 2 
19.3771 	 1 
19.3771 	 0 
19.3771 	 2 
19.5280 	 2 
19.5280 	 1 
19.5280 	 0 
19.6441 	 0 
19.6557 	 2 
19.6557 	 1 
19.7950 	 2 
19.7950 	 1 
19.7950 	 0 
19.9111 	 0 
19.9111 	 2 
19.9111 	 1 
20.1898 	 1 
20.2014 	 0 
20.2014 	 2 
20.4684 	 1 
20.4684 	 2 
20.4684 	 0 
20.6541 	 2 
20.7470 	 2 
20.7470 	 0 
20.7470 	 1 
21.0141 	 0 
21.0257 	 2 
21.0257 	 1 
21.2927 	 0 
21.2927 	 2 
21.2927 	 1 
21.5597 	 0 
21.5597 	 1 
21.5713 	 2 
21.7107 	 0 
21.7107 	 1 
21.7107 	 2 
21.8500 	 0 
21.8500 	 2 
21.8500 	 1 
21.9893 	 1 
21.9893 	 2 
22.0938 	 2 
22.0938 	 0 
22.1054 	 1 
22.3840 	 2 
22.3840 	 1 
22.3840 	 0 
22.6511 	 2 
22.6511 	 1 
22.6511 	 0 
22.9065 	 1 
22.9065 	 0 
22.9065 	 2 
23.1851 	 1 
23.1851 	 2 
23.1967 	 0 
23.2316 	 1 
23.4638 	 2 
23.4638 	 0 
23.4638 	 1 
23.7308 	 0 
23.7308 	 1 
23.7424 	 2 
23.8817 	 2 
23.8817 	 1 
23.8817 	 0 
23.9978 	 2 
23.9978 	 0 
23.9978 	 1 
24.2649 	 1 
24.2649 	 2 
24.2765 	 0 
24.5667 	 2 
24.5667 	 1 
24.5783 	 0 
24.8337 	 0 
24.8337 	 1 
24.8454 	 2 
25.0079 	 0 
25.0079 	 1 
25.0079 	 2 
25.1124 	 2 
25.1124 	 0 
25.1124 	 1 
25.3910 	 1 
25.3910 	 0 
25.3910 	 2 
25.6813 	 0 
25.6813 	 1 
25.6813 	 2 
25.8322 	 2 
25.9483 	 2 
26.0644 	 2 
26.2037 	 2 
26.3546 	 2 
26.3663 	 1 
26.4707 	 2 
26.4824 	 0 
26.4940 	 1 
26.6101 	 2 
26.6101 	 0 
26.6217 	 1 
26.7494 	 2 
26.7610 	 0 
26.7610 	 1 
26.8771 	 1 
26.8771 	 2 
26.8887 	 0 
27.0164 	 0 
27.0164 	 2 
27.1441 	 2 
27.1441 	 0 
27.1673 	 1 
27.2951 	 2 
27.2951 	 1 
27.2951 	 0 
27.5737 	 0 
27.5737 	 1 
27.5737 	 2 
27.8407 	 1 
27.8523 	 2 
27.8523 	 0 
28.1078 	 0 
28.1194 	 2 
28.1194 	 1 
28.2587 	 2 
28.2587 	 1 
28.2703 	 0 
28.3748 	 0 
28.3748 	 2 
28.3748 	 1 
28.6534 	 2 
28.6534 	 1 
28.6534 	 0 
28.9321 	 1 
28.9437 	 0 
28.9437 	 2 
29.1062 	 2 
29.2223 	 1 
29.2223 	 0 
29.2339 	 2 
29.3732 	 2 
29.3732 	 1 
29.3849 	 0 
29.4777 	 1 
29.4777 	 0 
29.4777 	 2 
29.7564 	 1 
29.7564 	 0 
29.7564 	 2 
30.0234 	 1 
30.0350 	 2 
30.0350 	 0 
30.2092 	 2 
30.3020 	 2 
30.3020 	 0 
30.3020 	 1 
30.4530 	 2 
30.4646 	 1 
30.4646 	 0 
30.5691 	 0 
30.5691 	 2 
30.5691 	 1 
30.7084 	 1 
30.7084 	 2 
30.8245 	 0 
30.8245 	 1 
30.8245 	 2 
31.1147 	 1 
31.1147 	 2 
31.1263 	 0 
31.3818 	 0 
31.3818 	 1 
31.3818 	 2 
31.5327 	 2 
31.5327 	 1 
31.5443 	 0 
31.6488 	 0 
31.6488 	 1 
31.6488 	 2 
31.9390 	 2 
31.9390 	 0 
31.9390 	 1 
32.2061 	 1 
32.2177 	 0 
32.2177 	 2 
32.4847 	 1 
32.4847 	 2 
32.6356 	 2 
32.6356 	 0 
32.6356 	 1 
32.7517 	 2 
32.7517 	 0 
32.7517 	 1 
32.8911 	 2 
32.8911 	 1 
33.0072 	 2 
33.0188 	 0 
33.0188 	 1 
33.2974 	 1 
33.3090 	 0 
33.3090 	 2 
33.5644 	 0 
33.5644 	 1 
33.5761 	 2 
33.7038 	 2 
33.7038 	 0 
33.7038 	 1 
33.8199 	 1 
33.8199 	 2 
33.8199 	 0 
34.0985 	 1 
34.1101 	 2 
34.1101 	 0 
34.3771 	 1 
34.3888 	 0 
34.3888 	 2 
34.6674 	 2 
34.7719 	 1 
34.7835 	 2 
34.9112 	 2 
34.9228 	 1 
34.9228 	 0 
35.0737 	 2 
35.1782 	 2 
35.1898 	 1 
35.4685 	 0 
35.4685 	 1 
35.4685 	 2 
35.7471 	 0 
35.7471 	 2 
35.7471 	 1 
36.0258 	 0 
36.0258 	 1 
36.0258 	 2 
