6.281	1
6.362	2
7.105	1
13.746	2
15.116	1
15.116	2
15.464	1
15.464	2
15.801	2
15.813	1
16.149	2
16.161	1
16.498	1
16.962	1
16.962	2
17.310	1
17.310	2
17.647	2
17.659	1
17.995	2
18.007	1
18.228	1
18.228	2
18.286	2
18.355	1
18.576	1
18.576	2
18.692	2
18.808	1
18.808	2
18.878	0
19.156	1
19.156	2
19.493	2
19.505	1
19.841	1
19.841	2
20.190	1
20.259	0
20.538	1
20.538	2
20.654	1
20.654	2
20.747	0
20.828	1
20.828	2
21.002	1
21.002	2
21.351	1
21.351	2
21.502	1
21.513	0
21.687	2
21.699	1
22.036	1
22.059	2
22.268	1
22.268	2
22.500	1
22.500	2
22.848	1
22.848	2
23.185	2
23.197	1
23.533	1
23.533	2
23.882	1
23.893	2
24.346	1
24.346	2
24.694	1
24.694	2
25.043	1
25.043	2
25.379	2
25.391	1
25.519	0
25.612	1
25.612	2
25.728	1
25.960	1
25.960	2
26.076	2
26.192	1
26.192	2
26.540	1
26.540	2
26.889	1
26.889	2
27.225	2
27.237	1
27.260	2
27.574	1
27.922	1
27.922	2
28.038	1
28.038	2
28.212	1
28.212	2
28.386	1
28.386	2
28.735	1
28.735	2
28.758	2
29.071	2
29.083	1
29.420	1
29.652	1
29.652	2
29.884	0
29.907	0
30.221	1
30.232	0
30.581	0
31.730	0
32.078	0
32.427	0
32.670	2
32.775	0
33.588	0
33.924	0
34.284	0
35.422	0
35.445	0
35.770	0
36.014	0
36.119	0
36.362	2
37.280	0
37.616	0
37.965	0
38.208	2
39.114	0
39.462	0
39.799	0
40.054	2
40.159	0
40.960	0
40.983	0
41.308	0
41.668	0
42.806	0
43.154	0
43.386	0
43.503	0
43.746	2
44.339	2
44.652	0
44.896	0
44.907	2
45.000	0
45.221	0
45.349	1
46.277	2
46.498	0
46.614	0
46.742	2
46.846	0
46.951	0
47.183	1
47.218	0
47.438	2
47.543	0
48.344	0
48.367	0
48.588	2
48.704	0
49.041	1
50.190	0
50.213	0
50.434	2
50.538	0
50.770	0
50.898	1
51.130	2
52.036	1
52.036	2
52.048	0
52.164	0
52.280	2
52.384	1
52.384	2
52.442	0
52.733	1
52.733	2
52.756	0
52.825	0
52.849	0
52.976	2
53.081	1
53.081	2
53.220	0
53.429	1
53.429	2
53.522	0
53.696	2
53.731	0
53.882	1
53.882	2
53.975	0
54.126	2
54.161	0
54.230	1
54.230	2
54.370	0
54.474	0
54.544	0
54.567	1
54.579	2
54.602	0
54.927	1
54.927	2
55.159	1
55.159	2
55.263	2
55.496	1
55.496	2
55.612	2
55.728	1
55.728	2
55.844	0
55.972	2
56.076	1
56.076	2
56.297	0
56.424	1
56.424	2
56.517	0
56.773	1
56.773	2
57.121	1
57.121	2
57.458	1
57.458	2
57.574	2
57.597	0
57.748	1
57.748	2
57.818	2
57.922	1
57.922	2
57.957	0
58.166	0
58.270	0
58.270	1
58.270	2
58.514	2
58.619	1
58.619	2
58.967	1
58.967	2
59.188	1
59.188	2
61.347	0
61.753	2
62.671	2
64.517	2
65.887	2
66.363	2
67.036	2
67.617	2
70.496	2
74.188	2
74.199	1
74.536	1
74.536	2
74.559	0
74.884	1
74.884	2
74.942	0
75.233	1
75.233	2
75.581	1
76.011	0
76.034	2
76.045	1
76.382	1
76.382	2
76.394	0
76.730	1
76.730	2
76.754	0
76.963	2
77.079	1
77.079	2
77.311	1
77.311	2
77.369	2
77.648	2
77.659	1
77.833	0
77.880	2
77.891	1
78.112	2
78.228	2
78.240	1
78.576	2
78.588	1
78.820	2
78.925	1
78.925	2
79.110	2
79.273	1
79.610	2
79.621	1
79.702	0
79.726	2
79.737	1
79.865	0
79.900	1
79.900	2
80.074	1
80.074	2
80.097	0
80.422	1
80.422	2
80.446	0
80.480	0
80.655	2
80.771	1
80.771	2
81.107	0
81.119	1
81.340	2
81.351	1
81.572	2
81.583	1
81.804	2
81.920	2
81.932	0
81.932	1
82.268	1
82.268	2
82.500	2
82.617	1
82.617	2
82.628	0
82.953	1
82.977	2
83.418	2
83.429	0
83.429	1
83.766	1
83.766	2
83.778	0
84.114	0
84.114	1
84.114	2
84.346	2
84.463	1
84.463	2
84.695	1
84.695	2
84.753	2
85.031	2
85.043	1
85.264	2
85.275	1
85.299	0
85.612	1
85.612	2
85.635	0
85.960	1
85.960	2
86.309	1
86.309	2
86.494	2
86.657	1
86.994	2
87.110	1
87.133	0
87.249	0
87.284	2
87.295	1
87.353	0
87.458	2
87.470	1
87.806	1
87.806	2
88.155	1
88.155	2
88.340	2
88.503	1
88.723	2
88.735	1
88.747	0
88.956	2
88.967	1
89.165	0
89.269	0
89.304	1
89.304	2
89.362	0
89.536	0
89.594	0
89.652	1
89.652	2
89.710	0
90.001	1
90.001	2
90.349	1
90.349	2
90.372	0
90.802	2
90.813	1
91.150	1
91.150	2
91.173	0
91.452	1
91.498	0
91.498	1
91.498	2
91.568	1
91.591	0
91.730	2
91.847	1
91.847	2
91.870	0
92.079	1
92.079	2
92.264	0
92.415	2
92.427	1
92.543	2
92.648	2
92.659	1
92.671	0
92.706	0
92.810	0
92.949	0
92.996	2
93.008	1
93.089	0
93.182	0
93.251	1
93.344	2
93.356	1
93.565	0
93.588	2
93.693	1
93.693	2
93.751	0
94.041	1
94.041	2
94.099	0
94.273	0
94.343	0
94.354	1
94.378	2
94.389	1
94.412	0
94.447	1
94.494	2
94.505	1
94.517	0
94.668	2
94.679	1
94.807	0
94.842	1
94.842	2
94.923	0
95.190	1
95.190	2
95.422	2
95.515	0
95.539	1
95.539	2
95.724	0
95.817	0
95.875	0
95.887	1
95.968	0
96.119	1
96.119	2
96.212	0
96.316	0
96.351	1
96.351	2
96.409	0
96.432	1
96.467	0
96.572	0
96.641	0
96.688	2
96.700	1
96.723	2
96.781	0
96.967	0
97.036	1
97.036	2
97.141	0
97.384	1
97.384	2
97.396	0
97.617	2
97.733	0
97.733	1
97.733	2
98.197	1
98.197	2
98.244	0
98.302	0
98.534	1
98.534	2
98.627	0
98.638	1
98.882	1
98.882	2
98.894	0
98.998	0
99.114	2
99.230	1
99.230	2
99.416	0
99.439	0
99.463	1
99.463	2
99.521	2
99.544	0
99.660	0
99.811	1
99.811	2
99.834	0
100.032	1
100.032	2
100.090	0
100.159	0
100.380	2
100.391	1
100.496	0
100.554	1
100.624	1
100.728	1
100.728	2
100.786	0
100.972	2
101.030	0
101.076	1
101.076	2
101.425	0
101.425	1
101.425	2
101.448	2
101.738	0
101.761	1
101.773	2
101.785	0
101.831	1
101.878	2
101.901	0
102.028	0
102.052	1
102.063	2
102.098	0
102.168	0
102.226	2
102.237	1
102.261	0
102.319	0
102.446	0
102.493	0
102.574	2
102.586	1
102.655	0
102.806	2
102.922	1
102.922	2
102.980	0
103.050	0
103.271	1
103.294	2
103.364	0
103.387	1
103.503	1
103.503	2
103.735	1
103.735	2
103.770	0
103.921	0
104.025	0
104.072	1
104.072	2
104.130	0
104.420	2
104.432	1
104.478	0
104.768	1
104.768	2
105.117	1
105.117	2
105.140	0
105.581	1
105.581	2
105.732	0
105.918	2
105.929	1
105.953	2
106.022	0
106.046	0
106.266	1
106.266	2
106.278	0
106.289	1
106.359	0
106.498	2
106.614	1
106.614	2
106.638	0
106.847	1
106.847	2
106.905	2
107.044	0
107.195	1
107.195	2
107.218	2
107.416	2
107.427	0
107.427	1
107.474	0
107.578	0
107.717	0
107.764	2
107.775	1
107.845	1
107.857	0
107.950	0
108.019	1
108.112	2
108.124	1
108.193	1
108.460	1
108.460	2
108.518	0
108.809	1
108.809	2
108.867	0
109.064	0
109.122	0
109.145	2
109.157	1
109.192	0
109.273	1
109.285	0
109.308	0
109.389	0
109.436	2
109.447	1
109.575	0
109.610	2
109.621	1
109.645	2
109.691	0
109.784	0
109.958	2
109.970	1
110.155	0
110.283	0
110.306	1
110.306	2
110.492	0
110.504	2
110.585	0
110.643	0
110.655	1
110.655	2
110.736	0
110.806	2
110.887	1
110.887	2
111.119	1
111.119	2
111.351	2
111.444	0
111.456	2
111.467	1
111.549	0
111.676	1
111.734	0
111.804	2
111.816	1
111.897	0
111.932	0
112.036	2
112.152	1
112.152	2
112.501	1
112.524	2
112.814	0
112.884	0
112.965	1
112.965	2
113.302	2
113.313	0
113.313	1
113.650	1
113.650	2
113.685	0
113.766	0
113.894	2
113.998	1
113.998	2
114.184	0
114.231	1
114.231	2
114.289	2
114.440	0
114.463	1
114.579	1
114.579	2
114.765	0
114.811	1
114.811	2
114.823	0
114.927	0
115.043	0
115.148	1
115.148	2
115.159	0
115.264	0
115.392	1
115.496	1
115.496	2
115.566	1
115.589	0
115.612	0
115.810	0
115.844	1
115.844	2
115.902	0
116.193	1
116.193	2
116.506	0
116.541	2
116.657	2
116.808	0
116.831	1
116.831	2
117.005	1
117.005	2
117.087	0
117.342	2
117.354	1
117.377	0
117.400	1
117.423	0
117.690	1
117.690	2
117.748	0
117.818	0
117.888	2
117.992	0
118.039	1
118.132	0
118.155	1
118.271	1
118.271	2
118.503	1
118.503	2
118.747	0
118.840	2
118.851	1
119.188	2
119.200	1
119.536	1
119.536	2
119.885	1
119.885	2
119.908	0
120.314	0
120.349	1
120.349	2
120.686	1
120.686	2
121.034	1
121.034	2
121.057	0
121.266	2
121.382	0
121.382	2
121.394	1
121.615	1
121.615	2
121.673	2
121.963	1
121.963	2
122.149	0
122.195	1
122.195	2
122.241	0
122.543	1
122.543	2
122.880	2
122.892	0
122.892	1
123.124	2
123.228	1
123.228	2
123.286	0
123.577	1
123.925	1
123.925	2
123.983	2
124.029	2
124.041	1
124.169	0
124.215	1
124.215	2
124.320	0
124.378	2
124.389	1
124.413	0
124.726	2
124.738	1
124.970	2
125.074	1
125.074	2
125.423	0
125.423	1
125.655	1
125.655	2
125.887	1
125.887	2
126.224	2
126.235	0
126.235	1
126.572	2
126.584	1
126.607	2
126.804	2
126.920	1
126.920	2
126.932	0
127.152	2
127.269	1
127.269	2
127.733	1
127.733	2
127.745	0
127.779	0
128.081	0
128.081	1
128.081	2
128.418	2
128.430	1
128.650	2
128.766	1
128.766	2
128.778	0
128.998	1
128.998	2
129.057	2
129.347	1
129.347	2
129.579	1
129.579	2
129.602	0
129.927	1
129.927	2
129.939	0
130.264	1
130.264	2
130.287	0
130.612	2
130.624	0
130.624	1
130.961	0
130.961	1
130.961	2
130.984	2
131.309	2
131.413	1
131.437	0
131.471	0
131.564	0
131.599	1
131.599	2
131.773	1
131.773	2
132.110	2
132.122	1
132.458	1
132.458	2
132.807	1
132.830	2
133.039	1
133.039	2
133.062	0
133.271	1
133.271	2
133.306	0
133.468	0
133.573	0
133.608	2
133.619	1
133.666	0
133.840	0
133.898	0
133.956	2
133.968	1
134.014	0
134.304	2
134.316	1
134.653	1
134.653	2
134.676	0
135.117	1
135.117	2
135.419	0
135.454	1
135.465	0
135.465	2
135.581	0
135.697	1
135.802	1
135.802	2
135.814	0
135.837	2
135.895	0
136.034	2
136.150	1
136.150	2
136.382	1
136.382	2
136.440	2
136.557	1
136.580	0
136.731	1
136.731	2
136.824	0
136.916	0
136.963	1
136.963	2
136.975	0
137.009	0
137.044	1
137.253	0
137.311	1
137.311	2
137.392	0
137.485	0
137.555	1
137.648	2
137.660	0
137.660	1
137.764	0
137.857	0
137.973	0
137.996	2
138.008	1
138.054	0
138.344	1
138.403	0
138.588	0
138.693	1
138.693	2
138.728	0
138.751	1
138.751	2
138.809	1
138.809	2
138.983	1
138.983	2
139.111	0
139.157	1
139.157	2
139.331	0
139.494	2
139.505	1
139.726	2
139.819	0
139.842	2
139.854	1
140.040	0
140.121	0
140.190	2
140.202	1
140.272	0
140.330	0
140.423	1
140.423	2
140.516	0
140.608	0
140.632	0
140.655	1
140.655	2
140.771	0
140.887	0
141.003	1
141.003	2
141.084	0
141.270	0
141.340	2
141.351	1
141.433	0
141.468	0
141.584	2
141.688	0
141.688	2
141.700	1
142.036	1
142.036	2
142.071	0
142.501	1
142.501	2
142.547	0
142.605	0
142.849	1
142.849	2
143.012	0
143.186	1
143.186	2
143.209	0
143.302	0
143.418	2
143.534	2
143.546	1
143.604	0
143.720	0
143.766	2
143.778	1
143.824	2
143.848	0
143.975	0
144.115	1
144.115	2
144.208	0
144.347	1
144.347	2
144.393	0
144.475	0
144.579	0
144.695	1
144.695	2
144.811	0
144.858	1
144.927	1
145.032	1
145.032	2
145.345	0
145.380	2
145.392	1
145.438	0
145.578	2
145.728	2
145.740	1
145.752	2
145.961	0
146.042	0
146.077	1
146.077	2
146.100	0
146.193	2
146.216	0
146.262	0
146.344	0
146.367	1
146.367	2
146.541	1
146.541	2
146.622	0
146.750	0
146.797	0
146.878	2
146.889	1
146.959	0
147.226	2
147.238	1
147.296	0
147.354	0
147.470	0
147.574	1
147.574	2
147.667	0
147.702	1
147.807	1
147.807	2
148.039	1
148.039	2
148.074	0
148.236	0
148.329	0
148.376	2
148.387	1
148.434	0
148.724	2
148.735	1
148.782	0
149.072	2
149.084	1
149.420	1
149.420	2
149.455	0
149.885	1
149.885	2
150.036	0
150.233	0
150.233	1
150.233	2
150.581	0
150.581	1
150.581	2
150.651	1
150.663	0
150.814	2
150.918	2
150.930	1
150.953	2
151.150	1
151.150	2
151.208	2
151.348	0
151.499	1
151.499	2
151.580	1
151.731	0
151.731	2
151.789	0
151.800	1
151.905	0
151.963	0
151.975	2
152.021	0
152.079	1
152.079	2
152.160	0
152.253	0
152.335	1
152.358	0
152.427	1
152.427	2
152.764	2
152.776	1
152.799	2
152.822	0
153.112	1
153.170	0
153.368	0
153.461	2
153.496	0
153.577	1
153.623	0
153.693	0
153.751	1
153.751	2
153.879	0
153.925	1
153.925	2
154.006	0
154.088	0
154.273	1
154.273	2
154.297	2
154.320	1
154.459	0
154.587	0
154.610	2
154.622	1
154.807	0
154.889	0
154.958	0
154.970	1
155.040	0
155.191	1
155.191	2
155.423	1
155.423	2
155.539	0
155.771	1
155.771	2
155.852	0
155.980	1
155.992	0
156.038	0
156.085	0
156.108	2
156.119	1
156.340	2
156.456	2
156.468	0
156.468	1
156.491	2
156.688	2
156.804	1
156.804	2
156.828	2
156.839	0
157.199	0
157.269	0
157.269	1
157.269	2
157.582	0
157.617	1
157.617	2
157.629	0
157.965	0
157.965	2
157.989	0
158.093	0
158.198	2
158.302	2
158.314	1
158.337	2
158.360	0
158.488	0
158.534	2
158.546	1
158.592	2
158.743	0
158.883	1
158.883	2
159.115	1
159.115	2
159.138	0
159.347	0
159.463	0
159.463	1
159.463	2
159.568	0
159.591	2
159.811	1
159.811	2
159.916	0
160.113	0
160.148	2
160.160	1
160.206	0
160.508	1
160.508	2
160.810	0
160.845	2
160.961	2
160.972	1
160.984	0
161.135	1
161.135	2
161.309	1
161.309	2
161.402	0
161.437	2
161.564	0
161.657	1
161.657	2
161.727	0
161.750	0
161.994	2
162.006	1
162.238	0
162.354	1
162.354	2
162.389	1
162.435	0
162.458	0
162.575	1
162.575	2
