10.913	2
11.006	2
11.111	2
11.122	1
11.227	1
11.320	1
11.320	2
11.424	1
11.424	2
11.529	1
11.529	2
11.633	1
11.633	2
11.842	1
12.051	2
12.469	2
12.574	2
12.678	1
12.783	2
12.887	1
12.887	2
13.410	1
13.410	2
13.619	2
13.723	2
14.350	1
14.350	2
14.443	2
14.547	1
14.652	2
14.756	1
14.872	1
14.872	2
14.965	1
14.965	2
15.070	2
15.081	1
15.174	2
15.279	2
15.290	1
15.488	1
15.488	2
15.592	2
15.697	2
15.801	2
16.010	1
16.010	2
16.219	1
16.219	2
16.324	2
16.428	2
16.742	2
17.891	2
18.088	2
18.204	2
18.297	2
18.506	2
18.820	2
20.178	2
20.283	2
20.492	2
20.701	2
20.910	2
21.119	1
21.537	2
21.641	2
22.988	2
23.406	2
23.928	2
24.137	2
24.346	2
24.451	2
24.555	2
24.660	2
24.764	2
24.776	1
24.869	2
24.973	2
25.078	2
25.182	1
25.182	2
25.287	2
25.391	2
25.496	2
25.600	2
25.704	2
25.809	2
26.018	2
26.122	2
26.227	2
26.331	2
26.424	2
26.540	2
26.633	2
26.738	2
26.854	2
26.947	2
27.156	2
27.260	2
27.365	2
27.469	2
27.574	2
27.678	2
27.783	2
27.887	1
27.887	2
27.992	1
27.992	2
28.096	2
28.108	1
28.201	2
28.305	2
28.410	2
28.514	1
28.514	2
28.619	2
28.723	2
28.828	2
28.932	2
29.037	2
29.141	2
29.246	2
29.350	2
29.455	2
29.559	2
29.663	2
29.768	2
29.872	2
29.977	2
30.070	2
30.186	2
30.279	2
30.372	0
30.488	2
30.592	2
30.685	0
30.801	2
30.906	2
30.975	1
31.010	2
31.115	2
31.219	2
31.300	0
31.951	0
32.055	2
32.160	2
32.229	1
32.264	2
32.369	2
32.473	2
32.578	2
32.682	2
32.787	2
32.856	0
32.996	2
33.100	2
33.181	0
33.309	2
33.483	1
33.518	2
33.715	2
33.808	0
34.551	2
34.656	2
34.725	1
34.760	2
34.969	2
35.074	2
35.178	2
35.283	2
35.352	0
35.492	2
35.596	2
35.689	0
35.805	2
35.979	1
36.014	2
36.119	2
36.223	2
36.316	0
37.164	2
37.233	1
37.268	2
37.373	2
37.477	2
37.570	2
37.686	2
37.779	2
37.860	0
37.988	2
38.092	2
38.301	2
38.475	1
38.510	2
38.615	2
38.719	2
38.812	0
39.555	2
39.660	2
39.729	1
39.764	2
39.869	2
39.973	2
40.078	2
40.182	2
40.287	2
40.356	0
40.496	2
40.600	2
40.693	0
40.809	2
40.983	1
41.018	2
41.123	2
41.227	2
41.308	0
42.051	2
42.156	2
42.225	1
42.260	2
42.365	2
42.469	2
42.574	2
42.678	2
42.783	2
42.864	0
42.992	2
43.096	2
43.201	0
43.305	2
43.479	1
43.514	2
43.619	2
43.723	2
43.816	0
44.559	2
44.664	2
44.733	1
44.768	2
44.873	2
44.977	2
45.070	2
45.186	2
45.279	2
45.360	0
45.488	2
45.604	2
45.685	0
45.801	2
45.976	1
46.010	2
46.115	2
46.219	2
46.312	0
47.160	2
47.229	1
47.264	2
47.369	2
47.473	2
47.578	2
47.682	2
47.787	2
47.856	0
47.996	2
48.100	2
48.181	0
48.309	2
48.483	1
48.518	2
48.727	2
48.808	0
49.551	2
49.656	2
49.726	1
49.760	2
49.865	2
49.969	2
50.074	2
50.178	2
50.283	2
50.364	0
50.979	1
51.316	0
52.233	1
53.476	1
54.729	1
55.983	1
57.226	1
57.864	0
58.479	1
59.733	1
60.360	0
60.976	1
61.486	0
62.229	1
62.822	1
62.856	0
63.286	1
63.483	1
64.726	1
65.364	0
65.689	0
65.980	1
66.130	0
66.664	0
67.233	1
67.872	0
68.185	0
68.476	1
69.706	1
69.730	1
70.020	1
70.519	1
70.623	1
70.647	2
70.798	2
70.844	1
70.960	1
71.146	1
71.250	1
71.390	0
71.425	2
71.459	1
71.587	2
71.738	1
71.738	2
72.052	1
72.226	1
72.365	1
72.516	1
73.143	2
73.305	1
73.305	2
73.480	1
73.932	2
74.083	1
74.083	2
74.234	2
74.397	2
74.733	1
75.488	1
75.639	1
75.651	2
75.802	1
75.802	2
75.976	1
76.428	2
76.591	2
76.742	2
77.230	1
78.147	2
78.298	2
78.483	1
78.925	2
79.087	2
79.238	2
79.401	2
79.726	1
79.865	2
80.028	2
80.492	1
80.643	1
80.678	1
80.678	2
80.794	1
80.956	2
80.980	1
81.119	2
81.270	1
81.270	2
81.850	1
81.897	2
82.233	1
82.512	2
82.524	1
83.139	2
83.162	1
83.162	2
83.453	2
83.476	1
83.615	1
83.615	2
83.778	1
83.778	2
83.929	1
84.079	1
84.242	1
84.381	1
84.381	2
84.544	1
84.730	1
85.020	2
85.310	1
85.647	2
85.658	1
85.949	2
85.983	1
86.111	2
86.274	2
86.901	1
86.901	2
87.226	1
87.365	2
87.528	1
87.528	2
88.143	1
88.143	2
88.456	2
88.480	1
88.619	2
88.793	1
88.793	2
89.397	1
89.397	2
89.710	2
89.734	1
89.861	2
90.035	1
90.035	2
90.337	2
90.384	0
90.616	1
90.616	2
90.953	2
91.115	2
91.254	1
91.254	2
91.312	0
91.730	2
91.916	1
91.916	2
92.206	2
92.369	2
92.566	2
92.578	1
92.857	0
93.147	2
93.182	0
93.182	1
93.460	2
93.611	2
93.762	2
93.797	1
94.401	2
94.412	1
94.865	1
94.865	2
95.167	1
95.364	0
95.643	2
95.655	1
95.689	0
95.956	2
96.270	1
96.270	2
96.734	2
96.874	1
96.874	2
97.199	2
97.524	1
97.524	2
97.675	2
97.826	1
97.860	0
98.162	1
98.162	2
98.197	0
98.453	2
98.615	2
98.743	1
98.743	2
98.813	0
99.242	2
99.381	1
99.381	2
99.556	2
99.706	2
99.846	0
99.857	2
100.020	2
100.032	1
100.322	1
100.333	2
100.357	0
100.647	2
100.659	1
100.960	2
101.123	2
101.320	1
101.320	2
101.738	2
101.912	2
101.924	1
102.203	2
102.365	2
102.516	2
102.539	1
102.679	2
102.830	2
102.853	0
103.155	1
103.155	2
103.805	1
103.805	2
104.246	2
104.432	2
104.443	1
104.861	2
105.012	2
105.082	1
105.175	2
105.674	1
105.674	2
105.953	2
106.115	2
106.266	1
106.266	2
106.313	0
106.905	2
106.916	1
107.044	2
107.369	2
107.566	1
107.566	2
107.857	0
107.996	2
108.182	1
108.182	2
108.460	2
108.809	0
108.820	1
108.820	2
109.087	2
109.401	1
109.401	2
109.552	2
109.691	2
109.865	2
109.981	1
110.016	2
110.330	2
110.690	0
110.957	2
111.119	2
111.897	2
112.361	2
112.512	2
112.675	2
112.826	2
112.861	0
112.977	2
113.139	2
113.186	0
113.453	2
113.615	2
113.813	0
114.393	2
114.869	2
115.008	2
115.171	2
115.357	0
115.647	2
115.682	0
116.111	2
116.320	0
116.889	2
117.365	2
117.505	2
117.667	2
117.830	1
117.864	0
117.981	2
118.143	2
118.457	2
118.619	2
118.805	0
119.397	2
119.873	2
120.012	2
120.175	1
120.175	2
120.337	2
120.477	2
120.639	2
120.802	2
120.953	2
121.115	2
121.429	2
121.731	2
121.893	2
122.044	2
122.207	2
122.369	2
122.834	2
122.973	2
123.147	2
123.298	2
123.460	2
123.623	2
124.227	2
124.389	2
124.865	2
125.005	2
125.167	2
125.330	2
125.481	2
125.643	2
125.794	2
125.957	2
126.108	2
126.897	2
127.361	2
127.512	2
127.675	2
127.837	2
127.977	2
128.139	2
128.302	2
128.453	2
128.615	2
129.393	2
129.869	2
130.009	2
130.171	2
130.334	2
130.473	2
130.670	1
130.670	2
130.798	2
130.949	2
130.984	1
131.111	2
131.251	1
131.309	1
131.309	2
131.889	2
132.226	1
132.365	2
132.505	2
132.667	2
132.830	2
132.981	2
133.166	1
133.166	2
133.306	2
133.457	2
133.480	1
133.619	2
133.770	2
134.397	2
134.734	1
134.873	2
135.012	2
135.024	1
135.175	2
135.326	2
135.477	2
135.686	1
135.790	2
135.953	2
135.976	1
136.115	2
136.278	1
136.278	2
136.731	2
136.893	2
136.905	1
137.230	1
137.369	2
137.509	2
137.532	1
137.671	2
137.973	2
138.159	2
138.170	1
138.298	2
138.449	2
138.484	1
138.600	2
138.762	2
138.913	2
139.227	2
139.389	1
139.389	2
139.540	2
139.703	2
139.726	1
139.854	2
140.028	1
140.028	2
140.167	2
140.481	2
140.678	1
140.678	2
140.794	2
140.957	2
140.980	1
141.108	2
141.270	2
141.282	1
141.317	0
141.468	1
141.723	2
141.827	0
141.886	0
141.897	2
141.909	1
141.955	0
142.025	0
142.036	2
142.199	2
142.234	1
142.350	2
142.512	2
142.652	0
142.663	2
142.675	1
142.861	0
142.977	2
143.128	0
143.163	1
143.163	2
143.256	0
143.290	2
143.476	1
143.604	2
143.673	0
143.743	0
143.766	1
143.766	2
143.813	0
143.964	1
144.231	2
144.370	0
144.393	1
144.393	2
144.498	0
144.544	2
144.695	2
144.730	1
144.858	2
144.869	0
144.997	0
145.032	1
145.032	2
145.067	0
145.136	0
145.171	1
145.171	2
145.682	1
145.682	2
145.786	2
145.984	1
146.077	0
146.100	2
146.216	0
146.274	1
146.274	2
146.321	0
146.460	1
146.727	2
146.855	0
146.901	1
146.901	2
146.982	0
147.040	2
147.226	1
147.342	0
147.354	2
147.412	0
147.516	2
147.609	0
147.667	2
147.981	2
148.074	0
148.155	0
148.167	2
148.178	1
148.294	2
148.457	2
148.480	1
148.608	2
148.701	0
148.770	2
148.898	0
148.968	1
149.060	1
149.269	0
149.339	0
149.397	2
149.537	0
149.734	1
149.862	2
150.013	2
150.024	0
150.024	1
150.094	0
150.163	2
150.175	1
150.326	2
150.372	0
150.686	2
150.790	2
150.953	2
150.976	1
151.115	2
151.278	1
151.278	2
151.313	0
151.464	1
151.905	1
151.905	2
151.951	0
152.021	0
152.230	1
152.369	2
152.509	2
152.520	1
152.671	1
152.671	2
152.834	2
153.170	1
153.170	2
153.298	2
153.449	2
153.484	1
153.612	2
153.763	2
153.774	1
153.809	0
154.389	2
154.401	1
154.436	0
154.726	1
154.865	2
155.005	2
155.028	1
155.167	1
155.167	2
155.330	2
155.481	2
155.678	2
155.794	2
155.841	0
155.945	2
155.980	1
156.119	2
156.270	1
156.270	2
156.305	0
156.897	2
156.909	1
156.979	0
157.234	1
157.362	2
157.513	2
157.524	1
157.663	2
157.675	1
157.826	2
157.861	0
158.070	0
158.140	0
158.163	2
158.174	1
158.209	0
158.267	0
158.302	2
158.453	2
158.476	1
158.616	2
158.766	0
158.766	2
158.778	1
158.813	0
159.393	1
159.393	2
159.730	1
159.869	2
160.009	2
160.032	1
160.171	2
160.334	2
160.473	2
160.682	1
160.798	2
160.821	0
160.961	2
160.984	1
161.123	2
161.274	1
161.274	2
161.425	2
161.588	2
161.739	2
161.901	2
161.913	1
162.052	2
162.203	2
162.226	1
162.354	2
162.528	2
162.830	2
162.865	0
162.981	2
163.155	2
163.236	0
163.306	2
163.457	2
163.480	1
163.608	2
163.736	0
163.770	2
163.817	0
164.084	2
164.397	2
164.711	2
164.734	1
164.862	2
165.024	2
165.175	2
165.326	2
165.361	0
165.802	2
165.953	2
165.976	1
166.116	2
166.278	2
166.313	0
166.580	2
166.742	2
166.766	0
166.893	2
167.056	2
167.207	2
167.230	1
167.369	2
167.520	2
167.683	2
167.834	2
167.869	0
167.962	0
168.147	2
168.298	2
168.461	2
168.484	1
168.763	2
168.809	0
169.111	0
169.227	2
169.390	2
169.552	2
169.703	2
169.726	1
169.866	2
170.017	2
170.167	1
170.179	2
170.318	2
170.365	0
170.643	2
170.980	1
171.259	2
171.584	2
171.746	2
172.048	2
172.083	0
172.211	2
172.234	1
172.373	2
172.664	2
172.861	0
173.302	2
173.453	2
173.476	1
173.616	2
173.767	2
173.813	0
174.080	2
174.243	2
174.393	2
174.544	2
174.707	2
174.730	1
175.020	2
175.171	1
175.183	2
175.322	2
175.984	1
176.112	2
176.298	1
176.298	2
176.924	1
176.924	2
177.226	1
177.342	0
177.517	2
177.528	1
177.679	2
177.818	1
177.830	2
178.167	1
178.167	2
178.329	1
178.480	1
178.608	2
178.770	2
178.782	1
179.386	1
179.386	2
179.548	2
179.734	1
179.989	1
180.013	2
180.175	2
180.338	2
180.361	0
180.640	1
180.640	2
180.976	1
181.104	2
181.882	1
181.952	1
182.195	2
182.230	1
182.358	2
182.544	1
182.822	1
182.822	2
182.857	0
183.159	2
183.171	1
183.333	1
183.484	1
183.612	2
183.763	1
183.763	2
183.809	0
184.413	1
184.413	2
184.738	1
185.005	1
185.017	2
185.179	2
185.307	1
185.644	1
186.270	2
186.897	1
186.897	2
187.513	2
188.116	1
188.116	2
188.732	2
188.743	1
189.347	1
189.347	2
189.962	1
189.962	2
195.361	0
195.686	0
196.313	0
197.857	0
198.182	0
198.809	0
200.365	0
200.690	0
201.317	0
202.861	0
203.186	0
203.813	0
205.357	0
205.682	0
205.984	1
206.309	0
207.226	1
207.865	0
208.190	0
208.480	1
209.734	1
210.361	0
210.686	0
210.977	1
211.313	0
212.230	1
212.857	0
213.182	0
213.484	1
214.727	1
215.365	0
215.620	1
215.620	2
215.690	0
215.980	1
216.271	2
216.317	0
216.898	2
216.909	1
217.234	1
217.548	1
217.548	2
218.175	1
218.175	2
218.477	1
218.755	2
218.767	1
219.347	1
219.359	2
219.730	1
220.323	2
220.984	1
222.227	1
223.480	1
224.734	1
225.338	1
225.977	1
227.230	1
227.672	1
227.834	0
228.484	1
229.727	1
230.795	0
230.980	1
231.352	0
231.886	1
231.921	0
232.234	1
232.676	1
233.477	1
233.639	0
233.837	0
234.196	0
234.731	1
235.381	0
235.485	0
235.984	1
236.042	0
236.379	0
236.565	0
236.751	0
236.820	0
236.925	0
237.227	1
237.668	1
237.877	0
238.039	0
238.481	1
238.597	0
238.736	0
239.421	0
239.734	1
240.373	0
240.512	0
240.605	0
240.977	1
241.081	0
241.220	0
241.279	0
241.348	0
241.418	0
241.789	0
241.929	0
242.231	1
242.869	0
243.066	0
243.206	0
243.484	1
243.833	0
244.181	0
244.425	0
244.727	1
245.377	0
245.493	0
245.632	0
246.108	0
246.190	0
246.317	0
246.375	0
246.549	0
246.805	0
246.921	0
247.339	0
247.873	0
248.036	0
248.105	0
248.500	0
248.593	0
248.662	0
248.732	0
248.848	0
248.918	0
249.220	0
249.429	0
250.369	0
250.508	0
250.590	0
251.066	0
251.135	0
251.205	0
251.344	0
251.693	0
251.774	0
251.844	0
252.877	0
252.993	0
253.063	0
253.132	0
253.202	0
253.272	0
253.539	0
253.620	0
253.690	0
253.875	0
253.945	0
254.166	0
254.421	0
255.106	0
255.338	2
255.373	0
255.687	0
255.745	0
256.104	0
256.116	2
256.174	0
256.232	0
256.430	2
256.731	0
256.743	2
256.801	0
256.894	2
256.929	0
257.683	2
257.823	1
258.090	0
258.159	0
258.403	0
258.786	0
258.972	0
259.239	2
259.402	2
259.425	0
260.180	2
260.214	0
260.377	0
260.702	0
260.772	0
261.201	0
261.271	0
261.329	0
261.503	0
261.584	2
261.747	2
261.921	0
262.374	2
262.687	0
262.838	2
262.873	0
263.047	0
263.268	0
263.303	2
263.338	0
263.767	0
264.046	0
264.313	0
264.394	2
264.557	2
264.719	2
264.870	2
265.021	2
265.334	2
265.369	0
265.474	0
265.555	0
265.625	0
265.694	0
265.810	2
265.985	1
266.252	0
266.565	0
266.588	2
266.809	0
267.227	1
267.366	2
267.680	0
267.831	2
267.877	0
268.272	0
268.307	2
268.481	1
268.841	0
268.910	0
268.934	2
268.968	0
269.038	0
269.735	1
269.874	2
270.373	0
270.652	2
270.803	2
270.965	0
270.977	1
271.499	0
271.592	2
272.231	1
272.684	2
272.869	0
273.485	1
273.845	0
273.914	0
273.984	0
274.448	2
274.727	1
274.866	1
275.110	1
275.238	1
275.377	0
275.702	0
275.760	0
275.981	1
276.503	0
276.573	0
276.886	1
277.235	1
277.873	0
278.268	0
278.477	1
278.848	0
278.918	0
278.976	0
279.034	0
279.731	1
280.985	1
281.507	0
281.925	0
282.227	1
282.877	0
283.481	1
283.841	0
283.980	0
284.038	0
284.061	1
284.131	1
284.189	1
284.468	1
284.735	1
285.373	0
285.698	0
285.977	1
286.430	0
286.499	0
286.569	1
286.650	1
286.755	1
286.929	0
287.231	1
287.811	1
287.916	1
288.485	1
289.727	1
290.377	0
290.389	1
290.981	1
291.921	0
292.235	1
292.815	1
292.873	0
293.941	1
294.673	1
297.006	1
299.526	1
303.102	1
303.160	1
303.229	1
303.485	1
304.135	1
304.727	1
305.528	1
305.981	1
307.235	1
308.674	1
309.731	1
310.044	1
312.332	1
312.506	1
312.680	1
312.854	1
313.005	1
313.156	1
313.237	1
313.887	1
314.143	1
314.282	1
314.526	1
314.828	1
315.118	1
315.246	1
315.420	1
315.699	1
316.151	1
319.843	1
321.933	1
325.056	1
325.149	1
325.300	1
325.370	1
325.428	1
325.509	1
325.567	1
326.612	1
326.774	1
328.504	2
329.898	1
330.397	1
334.925	1
335.679	1
335.761	1
339.267	1
339.348	1
