17.612	0
21.978	0
26.343	0
35.027	1
35.051	0
35.863	2
38.034	2
38.859	2
39.416	0
42.400	2
43.224	2
43.781	0
44.582	2
44.954	2
46.765	2
47.589	2
48.123	1
48.147	0
48.948	2
51.130	2
51.943	2
52.489	1
52.489	2
52.500	0
53.034	2
53.313	2
53.580	2
54.126	2
54.671	2
55.217	2
55.496	2
55.763	1
55.763	2
56.308	2
56.575	1
56.599	0
56.854	2
56.889	0
57.400	2
57.678	2
57.945	2
58.491	2
59.037	2
59.582	2
59.861	2
60.128	1
60.128	2
60.674	2
60.941	1
60.964	0
61.219	2
61.254	0
61.765	2
62.044	2
62.311	2
62.856	2
63.402	2
63.948	2
64.215	2
64.493	2
65.039	2
65.306	1
65.329	0
65.585	2
65.620	0
66.130	2
66.409	2
66.676	2
67.222	2
67.767	2
68.313	2
68.580	2
68.859	1
68.859	2
69.404	2
69.695	0
69.950	2
69.985	0
70.217	2
70.496	2
70.763	2
71.041	2
71.308	2
71.587	2
71.854	2
72.133	2
72.400	2
72.678	2
72.945	2
73.224	1
73.224	2
73.491	2
73.770	2
74.037	2
74.315	2
74.327	0
74.582	2
74.861	2
75.128	2
75.407	2
75.674	2
75.952	2
76.220	2
76.231	1
76.498	2
76.765	2
77.044	2
77.311	2
77.589	2
77.857	2
78.124	2
78.402	2
78.669	2
78.692	0
78.948	2
79.215	2
79.494	2
79.761	2
80.039	2
80.306	2
80.585	2
80.852	2
81.131	2
81.398	2
81.676	2
81.943	2
81.955	1
82.222	2
82.489	2
82.768	2
83.035	2
83.058	0
83.081	0
83.313	2
83.580	2
83.859	2
84.126	2
84.405	2
84.672	2
84.950	2
85.217	2
85.496	2
85.763	2
86.042	2
86.854	2
87.133	2
87.435	0
91.788	0
96.154	0
100.519	0
104.850	1
104.873	0
105.674	2
107.857	2
108.681	2
109.238	0
110.039	2
112.222	2
113.046	2
113.604	0
114.405	2
115.357	2
116.587	2
117.934	1
117.957	0
118.770	2
120.953	2
121.765	2
122.300	1
122.311	2
122.323	0
122.857	2
123.135	2
123.402	2
123.948	2
124.494	2
125.039	2
125.318	2
125.585	1
125.585	2
126.131	2
126.398	1
126.421	0
126.537	2
126.676	2
126.711	0
127.222	2
127.501	2
127.768	2
128.313	2
128.859	2
129.405	2
129.672	2
129.950	2
130.496	2
130.786	0
130.810	0
131.042	2
131.077	0
131.587	2
131.866	2
132.133	2
132.679	2
133.224	2
133.770	2
134.037	2
134.316	1
134.316	2
134.861	2
135.117	1
135.152	0
135.407	2
135.430	0
135.953	2
136.220	2
136.499	2
137.044	2
137.590	2
138.136	2
138.403	2
138.681	2
139.227	2
139.517	0
139.773	2
139.796	0
140.040	2
140.318	2
140.585	2
140.864	2
141.131	2
141.398	2
141.677	2
141.944	2
142.222	2
142.501	2
142.768	2
143.035	2
143.314	2
143.581	2
143.615	1
143.859	2
144.126	2
144.149	0
144.405	2
144.672	2
144.951	2
145.218	2
145.496	2
145.763	2
146.019	1
146.042	2
146.309	2
146.588	2
146.855	2
147.133	2
147.400	2
147.679	2
147.946	2
148.225	2
148.480	1
148.492	2
148.515	0
148.770	2
149.037	2
149.316	2
149.583	2
149.862	2
150.129	2
150.407	2
150.674	2
150.953	2
151.220	2
151.499	2
151.766	2
152.044	2
152.311	2
152.590	2
152.857	2
152.880	0
152.903	0
153.136	2
153.403	2
153.681	2
153.948	2
154.227	2
154.494	2
154.761	2
155.040	2
155.318	2
155.585	2
155.841	1
155.864	2
156.595	1
156.944	2
157.222	2
157.234	0
157.489	2
157.768	2
158.035	2
158.314	2
158.581	2
158.859	2
159.138	2
159.405	2
159.672	2
159.951	2
160.218	2
160.496	2
160.763	2
161.042	2
161.309	1
161.309	2
161.332	0
161.355	0
161.588	2
161.622	0
161.855	2
162.133	2
162.400	2
162.679	2
162.946	2
163.225	2
163.492	2
163.770	2
164.037	2
164.316	2
164.583	2
164.850	2
165.129	2
165.407	2
165.674	2
165.698	0
165.953	2
165.976	0
166.220	2
166.499	2
166.766	2
167.044	2
167.311	2
167.590	2
167.857	2
168.136	2
168.263	1
168.403	2
168.681	2
168.914	1
168.948	2
169.227	2
169.239	1
169.494	2
169.773	2
170.028	1
170.040	2
170.063	0
170.318	2
170.353	0
170.585	2
170.864	2
171.131	2
171.410	2
171.677	2
171.955	2
172.222	2
172.501	2
172.768	2
173.047	2
173.314	2
173.430	1
173.592	1
174.138	2
174.405	2
174.428	0
179.072	0
183.438	0
187.803	0
191.739	1
200.829	1
