7.988	2
8.626	2
9.265	1
9.694	0
10.310	2
14.756	2
15.383	2
16.022	1
16.451	0
17.078	2
20.666	1
20.689	0
21.931	1
21.966	0
22.129	2
22.326	2
22.361	1
22.384	0
22.570	2
23.557	2
23.615	2
23.835	2
24.044	1
24.044	2
24.079	0
24.892	1
24.915	0
25.507	2
25.739	1
25.763	0
25.948	2
26.784	2
27.005	2
27.074	2
27.214	2
27.295	2
27.423	1
27.458	0
27.852	1
27.876	0
28.270	1
28.305	0
28.886	2
29.118	1
29.141	0
29.327	2
29.536	1
29.571	0
29.861	0
30.314	2
30.383	1
30.407	0
30.465	2
30.813	1
30.836	0
31.022	1
31.649	1
31.684	0
32.264	2
32.496	1
32.531	0
32.705	1
32.705	2
32.810	1
33.019	1
33.344	1
33.355	0
34.180	1
34.505	0
34.505	1
34.598	1
34.714	1
34.818	1
34.923	1
35.027	1
35.341	1
35.561	1
35.770	0
35.979	1
36.188	1
36.293	1
37.140	1
37.547	1
37.570	1
37.593	0
37.674	1
37.988	1
38.301	1
38.406	2
38.510	1
38.626	1
38.731	1
38.835	1
38.870	0
39.033	2
39.044	1
39.242	2
39.265	1
39.288	0
39.462	1
39.462	2
39.567	1
39.671	1
39.996	1
40.089	2
40.298	2
40.461	2
40.519	2
40.728	2
40.832	1
40.844	0
40.879	2
40.948	1
40.948	2
40.972	0
41.053	1
41.262	1
41.366	1
41.575	1
41.680	1
41.796	1
41.819	0
42.411	2
42.643	1
42.667	0
42.852	2
42.957	0
42.957	1
43.061	1
43.468	2
43.897	2
43.979	2
44.188	2
44.222	0
44.327	1
44.327	2
44.362	0
44.536	1
44.640	1
44.849	1
44.954	1
45.058	1
45.163	2
45.174	1
45.221	0
45.279	1
45.488	1
45.604	1
45.627	0
45.697	1
45.790	2
45.813	1
45.906	1
45.999	2
46.022	1
46.068	0
46.126	1
46.231	2
46.335	1
46.440	1
46.544	1
46.649	1
46.846	2
47.218	2
47.287	2
47.496	2
47.601	0
47.705	2
47.717	1
47.740	0
48.019	1
48.135	1
48.158	0
48.228	1
48.448	1
48.553	1
48.576	0
48.866	1
48.971	1
49.075	1
49.168	2
49.296	1
49.400	1
49.435	0
49.505	1
49.609	2
49.714	1
49.818	1
49.853	0
49.923	1
50.132	1
50.225	2
50.341	1
50.561	1
50.596	2
50.666	1
50.701	0
50.759	1
51.096	1
51.119	0
51.722	1
51.931	2
52.361	1
52.384	0
52.779	1
52.814	0
52.988	1
53.000	0
53.418	0
53.603	2
54.474	1
54.497	0
55.101	1
55.310	1
55.345	0
55.728	2
56.157	1
56.192	0
56.366	1
56.982	2
57.435	1
57.853	1
57.876	0
58.479	1
58.688	2
58.735	0
59.118	1
59.153	0
59.315	2
59.524	2
59.536	1
59.571	0
59.745	1
59.745	2
60.372	2
60.743	2
60.801	2
61.010	2
61.057	0
61.219	2
61.231	1
61.254	0
61.649	1
61.684	0
61.858	1
62.079	1
62.102	0
62.694	2
62.926	1
62.949	0
63.123	1
63.123	2
63.344	1
63.367	0
63.750	2
64.192	1
64.215	0
64.261	2
64.610	1
64.644	0
64.714	1
64.819	1
64.923	1
65.027	1
65.132	1
65.445	1
65.457	2
65.666	1
65.771	1
65.875	1
65.910	0
66.072	2
66.096	1
66.188	1
66.305	1
66.328	0
66.397	1
66.514	2
66.723	1
67.129	2
67.361	1
67.454	1
67.466	0
67.500	2
67.558	1
67.558	2
67.663	1
67.779	2
67.988	2
68.000	1
68.023	0
68.301	1
68.510	1
68.719	1
68.836	1
68.870	0
68.928	1
69.149	1
69.381	0
69.451	2
69.474	1
69.567	1
69.579	0
69.683	1
69.730	0
69.788	1
69.892	2
69.997	1
70.101	1
70.206	1
70.415	1
70.507	2
70.844	1
70.949	1
70.949	2
71.018	2
71.239	2
71.378	1
71.401	0
72.214	2
72.644	1
72.667	0
72.829	2
73.038	2
73.062	1
73.085	0
73.259	1
73.271	2
73.886	2
74.257	2
74.327	2
74.536	2
74.745	2
74.757	1
74.780	0
74.966	1
75.175	1
75.198	0
75.384	1
75.488	1
75.593	1
75.627	0
75.802	1
75.906	1
76.011	1
76.115	1
76.208	2
76.440	1
76.475	0
76.545	1
76.649	1
76.649	2
76.754	1
76.870	1
76.893	0
76.963	1
77.172	1
77.183	0
77.264	2
77.648	2
77.717	1
77.740	0
77.903	0
77.926	1
78.019	1
78.031	0
78.135	1
78.158	0
78.971	2
79.401	1
79.424	0
79.598	2
79.819	1
79.853	0
80.028	2
80.655	2
81.026	2
81.084	2
81.293	2
81.502	2
81.514	1
81.537	0
82.361	1
82.384	0
82.977	2
83.209	1
83.232	0
83.406	2
84.033	2
84.463	2
84.544	2
84.672	2
84.753	2
84.892	1
84.915	0
85.310	1
85.519	1
85.531	2
85.624	1
85.728	1
85.728	2
85.844	1
86.053	1
86.158	1
86.192	0
86.355	2
86.564	2
86.587	1
86.610	0
86.692	1
86.785	2
87.412	2
87.783	2
87.841	1
87.841	2
88.062	2
88.166	0
88.271	1
88.271	2
88.305	0
88.375	1
88.584	1
88.689	1
88.805	1
88.898	1
89.002	1
89.118	1
89.130	0
89.327	1
89.641	1
89.734	2
89.966	1
89.989	0
90.070	1
90.175	2
90.384	1
90.488	1
90.790	2
90.813	1
90.836	0
91.127	1
91.220	1
92.497	2
93.135	2
93.170	0
93.762	1
94.819	2
98.418	1
98.441	0
99.683	1
99.706	0
100.101	1
100.136	0
100.322	0
100.531	0
100.740	0
100.960	0
101.796	1
101.820	0
102.644	1
102.667	0
103.480	1
103.515	0
103.689	1
103.700	0
105.175	1
105.198	0
106.022	1
106.046	0
106.638	2
106.870	1
106.893	0
107.067	2
107.706	1
107.741	0
108.019	1
108.356	1
108.449	0
109.401	1
109.714	0
110.446	1
110.550	1
111.177	0
111.734	2
111.758	1
111.781	1
111.920	1
112.350	1
112.779	1
112.779	2
112.826	0
112.884	1
113.093	1
113.406	1
113.418	2
113.522	0
113.615	1
114.045	1
114.370	0
115.415	1
115.438	0
115.833	1
115.949	1
116.053	1
116.158	1
116.367	1
116.483	0
116.576	1
116.587	0
116.901	0
117.110	1
117.319	1
117.423	1
117.737	1
118.062	1
118.166	1
118.700	1
118.724	0
118.898	1
119.002	1
119.118	1
119.327	1
119.362	0
119.432	1
119.536	1
119.641	1
119.966	1
119.989	0
120.059	1
120.152	2
120.175	1
120.198	0
120.279	1
120.384	1
120.419	0
120.488	1
120.593	1
120.593	2
120.697	1
120.906	1
121.022	1
121.046	0
121.208	2
121.429	2
121.545	1
121.591	2
121.649	2
121.858	2
121.974	1
122.056	1
122.067	2
122.079	1
122.102	0
122.590	1
122.810	1
122.915	1
122.915	2
122.950	0
123.135	1
123.159	0
123.542	2
123.658	1
123.762	1
123.867	1
123.971	2
124.076	1
124.215	2
124.285	1
124.401	1
124.424	0
124.598	2
124.714	1
124.819	1
125.028	1
125.109	2
125.237	2
125.318	2
125.457	1
125.481	0
125.875	1
126.096	1
126.119	0
126.293	1
126.293	2
126.514	1
126.618	0
126.723	1
126.735	0
126.920	2
127.036	1
127.152	1
127.164	2
127.176	0
127.269	2
127.350	2
127.361	1
127.385	0
127.663	1
127.884	1
127.977	2
128.186	2
128.197	1
128.302	1
128.348	2
128.406	2
128.615	2
128.731	0
128.836	1
128.836	2
128.871	0
129.254	1
129.289	0
129.474	1
129.498	0
129.683	1
129.707	0
130.299	2
130.531	1
130.554	0
130.728	2
130.949	1
130.972	0
131.355	2
131.576	1
131.611	0
131.727	2
131.796	1
131.820	0
131.866	2
132.214	1
132.249	0
132.632	1
132.853	1
132.876	0
133.050	1
133.375	1
133.480	1
133.515	0
133.700	1
133.724	0
133.886	2
133.909	1
133.933	0
134.107	1
134.223	1
134.327	1
134.432	1
134.548	1
134.571	0
134.734	2
134.850	1
135.059	1
135.175	1
135.268	1
135.407	2
135.593	2
135.605	1
135.628	0
135.697	1
136.011	1
136.127	1
136.336	1
136.440	1
136.440	2
136.452	0
136.545	1
136.661	1
136.684	0
136.754	1
137.288	1
137.311	0
137.497	2
137.729	2
137.810	1
137.927	1
137.950	0
138.019	1
138.112	2
138.228	1
138.449	1
138.553	1
138.786	2
138.867	1
138.983	1
139.006	0
139.610	1
139.645	0
139.819	2
140.249	1
140.272	0
140.434	2
140.666	1
140.701	0
140.783	2
140.875	1
140.875	2
140.910	0
141.491	2
141.711	2
141.874	2
141.932	2
142.141	2
142.350	2
142.362	1
142.385	0
142.988	1
143.023	0
143.197	1
143.232	0
143.824	2
144.045	1
144.080	0
144.254	2
144.881	2
145.101	1
145.136	0
145.310	2
145.392	2
145.519	2
145.601	2
145.740	1
145.763	0
146.367	1
146.402	0
146.576	2
147.006	1
147.029	0
147.203	2
147.215	1
147.249	0
147.412	2
147.423	1
147.458	0
147.632	2
147.644	0
147.853	0
148.062	1
148.085	0
148.259	2
148.631	2
148.689	2
148.898	2
149.119	1
149.119	2
149.142	0
149.537	1
149.571	0
149.954	2
149.966	1
149.989	0
150.175	1
150.198	0
150.581	2
150.814	1
150.837	0
151.011	2
151.023	0
151.232	1
151.255	0
151.441	1
151.475	0
151.638	2
152.009	2
152.079	1
152.102	0
152.497	1
152.532	0
153.136	1
153.159	0
153.333	2
153.763	1
153.797	0
153.960	2
154.192	1
154.215	0
154.320	2
154.401	1
154.401	2
154.424	0
154.622	0
154.831	0
155.016	2
155.040	0
155.388	2
155.446	2
155.667	2
155.876	1
155.876	2
155.910	0
156.514	1
156.537	0
156.723	1
156.758	0
157.338	2
157.571	1
157.594	0
157.780	2
157.791	0
158.395	2
158.627	1
158.650	0
158.836	2
158.906	2
159.045	2
159.126	2
159.254	2
159.266	1
159.289	0
159.463	1
159.568	1
159.579	0
159.788	1
159.893	1
159.916	0
159.997	1
160.102	1
160.102	2
160.415	1
160.531	1
160.554	0
160.717	2
160.740	1
160.763	0
160.845	1
160.949	1
160.972	0
161.158	2
161.367	1
161.588	1
161.611	0
161.773	2
162.145	2
162.215	2
162.424	2
162.528	0
162.633	2
162.644	1
162.667	0
162.946	1
163.051	1
163.167	1
163.376	1
163.480	1
163.492	0
163.585	1
163.794	1
164.095	2
164.119	1
164.223	0
164.328	1
164.374	0
164.432	1
164.537	1
164.537	2
164.641	1
164.746	1
164.850	1
165.071	0
165.152	2
165.175	1
165.198	0
165.384	1
165.489	1
165.593	1
165.907	1
165.918	0
