1.544	2
1.904	2
2.067	2
2.299	2
2.438	2
4.621	2
5.294	2
5.596	2
5.654	2
5.805	2
6.118	2
6.142	1
6.177	2
6.293	2
6.536	2
6.618	2
6.803	2
7.129	2
7.349	2
7.488	2
7.651	2
7.848	2
8.011	1
8.046	2
8.173	2
8.348	2
8.661	2
8.847	0
8.858	2
9.033	2
9.091	1
9.125	0
9.172	2
9.358	1
9.404	2
9.532	2
9.706	2
9.741	1
9.903	2
10.089	2
10.228	2
10.391	2
10.716	2
10.902	0
10.913	2
11.088	2
11.146	1
11.180	0
11.227	2
11.413	1
11.459	2
11.517	2
11.587	2
11.761	2
11.796	1
11.865	2
11.958	2
12.051	1
12.283	2
12.307	2
12.446	2
12.829	2
12.945	1
12.957	2
12.980	0
13.282	2
13.502	2
13.584	1
13.851	2
14.211	2
14.373	2
14.745	2
14.988	1
15.023	0
15.047	2
15.244	1
15.279	0
15.430	2
15.546	2
15.639	1
15.894	1
15.952	2
16.927	2
17.043	1
17.078	0
17.310	1
17.334	0
17.682	1
17.937	1
17.961	2
18.321	2
18.367	1
18.448	1
18.599	0
18.843	1
18.843	2
19.098	1
19.133	0
19.365	1
19.389	0
19.609	1
19.644	0
19.737	1
19.992	1
20.410	1
20.503	1
20.886	1
21.037	2
21.142	1
21.177	0
21.409	1
21.432	0
21.711	2
21.792	1
22.047	1
22.059	2
22.419	2
22.465	1
22.558	1
22.581	2
22.698	0
22.941	1
22.953	2
23.197	1
23.232	0
23.243	2
23.336	0
23.487	1
23.824	2
23.835	1
24.416	1
24.602	1
24.996	1
25.136	2
25.252	1
25.287	0
25.530	2
25.890	1
26.169	2
26.668	1
26.796	0
27.040	1
27.307	1
27.341	0
27.434	0
27.574	1
27.585	0
27.922	2
27.945	1
28.050	2
28.201	1
28.619	1
28.711	1
29.095	1
29.234	2
29.350	1
29.385	0
29.617	1
29.640	0
29.907	2
30.000	1
30.267	2
30.627	2
30.755	1
30.790	2
30.906	0
31.150	1
31.150	2
31.405	1
31.440	0
31.451	2
31.544	0
31.672	1
31.695	0
32.020	2
32.044	1
32.148	2
32.299	1
32.380	2
32.810	1
32.810	2
33.193	1
33.344	2
33.460	1
33.495	0
33.715	1
33.971	1
34.354	1
34.366	2
34.621	1
34.725	2
34.865	1
34.888	2
35.004	0
35.248	1
35.260	2
35.503	1
35.538	0
35.643	0
35.759	1
35.794	0
36.026	1
36.130	2
36.153	1
36.409	1
36.664	1
36.827	1
36.920	1
37.303	1
37.442	2
37.558	1
37.593	0
37.825	1
37.849	0
38.081	1
38.116	2
38.475	2
38.626	1
38.824	2
38.963	1
38.998	2
39.102	0
39.346	1
39.358	2
39.602	1
39.648	0
39.660	2
39.741	0
40.229	2
40.252	1
40.356	2
40.763	1
41.006	2
41.018	1
41.401	1
41.540	2
41.657	1
41.691	0
41.924	1
41.947	0
41.947	2
42.295	1
42.562	1
42.574	2
43.061	1
43.212	0
43.456	1
43.712	1
43.746	0
43.851	0
43.967	1
44.002	0
44.339	2
44.350	1
44.606	1
44.733	1
45.035	1
45.116	1
45.500	1
45.650	2
46.672	2
47.032	2
47.160	1
47.195	2
47.311	0
47.566	2
47.949	0
48.437	2
48.565	2
48.797	2
49.215	1
49.226	2
49.505	2
49.621	1
49.749	2
49.865	1
49.900	0
50.132	1
50.143	2
50.155	0
50.387	1
50.759	1
50.782	2
51.026	1
51.130	2
51.270	1
51.397	1
51.409	0
51.653	1
51.920	1
51.955	0
52.048	0
52.175	1
52.210	0
52.431	1
52.558	1
52.814	1
52.976	1
53.325	1
53.708	1
53.847	2
53.963	1
53.998	0
54.230	1
54.253	0
54.486	1
54.857	1
54.880	2
55.240	2
55.380	1
55.403	2
55.496	1
55.519	0
55.763	1
55.763	2
56.018	1
56.053	0
56.157	0
56.285	1
56.308	0
56.541	1
56.645	2
56.668	1
56.924	1
57.168	1
57.423	2
57.435	1
57.829	1
57.969	2
58.085	1
58.120	0
58.340	1
58.375	0
58.723	1
58.979	1
59.002	2
59.362	2
59.490	1
59.524	2
60.627	1
60.674	0
60.894	1
60.918	0
62.195	1
62.218	0
62.322	0
62.810	1
63.065	1
63.089	2
63.449	2
63.576	1
63.704	1
63.727	0
63.971	1
63.971	2
64.226	1
64.261	0
64.366	0
64.842	2
64.865	1
64.969	2
65.202	2
65.643	1
66.281	1
66.316	0
66.537	1
66.560	0
66.560	2
66.792	1
67.164	1
67.187	2
67.547	2
67.686	1
67.709	2
67.802	1
67.825	0
68.069	1
68.325	1
68.360	0
68.464	0
68.592	1
68.615	0
68.963	1
69.219	1
69.741	1
70.124	1
70.264	2
70.380	1
70.415	0
71.030	1
71.297	2
71.448	1
71.645	2
71.784	1
71.819	2
71.901	1
71.924	0
72.168	1
72.179	2
72.423	1
72.469	0
72.562	0
72.690	1
72.725	0
72.945	1
73.050	2
73.073	1
73.329	1
73.584	1
73.839	1
74.223	1
74.362	2
75.755	2
75.883	1
75.918	2
76.150	2
76.278	2
77.845	1
77.926	1
78.588	1
78.843	1
79.644	1
80.387	2
80.643	1
80.747	2
80.863	2
80.910	1
81.014	1
81.281	1
81.537	1
81.943	1
82.059	2
82.686	1
82.721	0
83.336	1
83.603	2
83.952	2
84.091	1
84.126	2
84.230	0
84.474	1
84.486	2
84.741	1
84.776	0
84.869	0
84.997	1
85.031	0
85.252	1
85.357	2
85.635	1
85.891	1
86.146	1
86.529	1
86.668	2
86.785	1
86.819	0
87.063	2
87.435	1
87.702	2
88.189	1
88.340	0
88.584	1
88.840	1
88.874	0
88.979	0
89.107	1
89.130	0
89.176	2
89.223	1
89.362	1
89.397	2
89.536	2
89.699	2
89.734	1
89.873	1
89.908	2
90.001	1
90.093	2
90.233	2
90.244	1
90.395	2
90.546	2
90.709	2
90.778	2
90.883	1
90.906	2
90.929	0
91.092	2
91.162	1
91.185	0
91.231	2
91.278	1
91.405	1
91.452	2
91.580	2
91.754	2
91.788	1
91.986	1
92.148	2
92.241	1
92.276	2
92.299	1
92.427	1
92.439	0
92.439	2
92.682	1
92.764	2
92.938	1
92.949	2
92.973	0
93.077	0
93.193	1
93.228	0
93.240	1
93.286	2
93.460	1
93.507	2
93.588	1
93.634	2
93.809	2
93.832	1
93.994	1
94.006	2
94.099	1
94.192	2
94.261	1
94.331	2
94.354	1
94.494	2
94.645	2
94.737	1
94.819	2
94.877	2
94.993	1
95.004	2
95.028	0
95.190	2
95.260	1
95.283	0
95.330	2
95.504	1
95.562	2
95.689	2
95.852	2
95.887	1
95.910	2
96.374	2
96.409	1
96.432	2
96.525	1
96.549	0
96.792	1
97.048	1
97.083	0
97.187	0
97.303	1
97.338	0
97.559	1
97.663	2
97.686	1
97.791	2
97.942	1
98.209	1
98.453	1
98.836	1
98.975	2
99.091	1
99.126	0
99.358	1
99.614	1
100.008	2
100.264	1
100.368	2
100.508	1
100.531	2
100.647	0
100.891	1
101.146	1
101.181	0
101.413	0
101.413	1
101.436	0
101.669	1
101.773	2
102.052	1
102.458	1
102.551	1
102.934	1
103.085	2
103.201	1
103.236	0
103.457	1
103.491	0
103.712	1
104.107	2
104.269	1
104.467	2
104.606	1
104.641	2
104.745	0
104.989	1
105.001	2
105.256	1
105.291	0
105.384	0
105.500	1
105.755	2
105.767	1
105.871	2
105.976	2
106.115	2
106.289	2
106.405	1
106.487	2
106.661	1
106.661	2
106.812	2
106.974	2
107.044	1
107.125	2
107.299	1
107.299	2
107.334	0
107.485	2
107.566	1
107.590	0
107.671	2
107.810	2
107.822	1
108.031	2
108.159	2
108.205	1
108.356	1
108.460	1
108.542	2
108.623	1
108.704	1
108.832	1
108.855	0
109.029	2
109.087	1
109.343	2
109.354	1
109.389	0
109.540	2
109.610	1
109.645	0
109.714	2
109.865	1
109.865	2
109.900	0
109.993	1
110.086	2
110.214	2
110.248	1
110.388	2
110.504	1
110.585	2
110.759	1
110.771	2
110.910	2
111.073	2
111.142	1
111.235	2
111.293	2
111.398	2
111.409	1
111.444	0
111.595	2
111.665	1
111.688	0
111.769	2
111.909	2
111.920	1
112.141	2
112.814	1
112.837	2
112.930	1
112.953	0
112.965	2
113.128	2
113.197	1
113.279	2
113.453	2
113.464	0
113.464	1
113.592	0
113.650	2
113.847	1
113.929	1
113.964	2
114.080	2
114.103	1
114.196	2
114.393	1
114.474	1
114.556	1
114.858	1
115.252	1
115.392	2
115.403	1
115.508	1
115.763	1
116.019	1
116.425	2
116.553	1
116.576	1
116.773	2
116.901	1
116.947	2
117.063	2
117.214	2
117.296	1
117.307	2
117.388	2
117.563	1
117.574	2
117.748	2
117.806	1
117.899	2
118.073	1
118.120	2
118.201	1
118.248	2
118.422	2
118.457	1
118.619	2
118.793	2
118.817	2
118.944	2
118.967	1
119.107	2
119.258	2
119.351	1
119.432	2
119.490	2
119.618	1
119.629	2
119.803	2
119.861	1
119.896	0
119.943	2
120.117	1
120.175	2
120.303	2
120.477	2
120.523	2
120.662	1
120.686	2
120.848	2
120.871	2
120.988	2
121.011	1
121.046	2
121.162	2
121.313	2
121.406	1
121.406	2
121.487	2
121.661	1
121.684	2
121.847	2
121.916	1
121.951	0
121.998	2
122.218	2
122.300	1
122.358	2
122.532	2
122.706	1
122.729	2
122.915	2
123.043	2
123.066	1
123.217	2
123.368	2
123.449	1
123.542	2
123.716	1
123.728	2
123.913	2
123.971	1
124.006	0
124.053	2
124.227	1
124.273	2
124.401	2
124.587	2
124.598	1
124.796	2
124.807	1
124.877	1
124.958	2
125.098	2
125.121	1
125.237	1
125.260	0
125.260	2
125.423	2
125.504	1
125.585	2
125.759	1
125.782	2
125.806	0
125.899	0
125.957	2
126.015	1
126.050	0
126.096	2
126.282	1
126.328	2
126.409	1
126.456	2
126.630	2
126.653	1
126.839	2
126.920	1
127.013	2
127.152	2
127.164	1
127.315	2
127.466	2
127.559	1
127.640	2
127.698	2
127.814	1
127.826	2
128.012	2
128.070	1
128.151	2
128.325	1
128.372	2
128.511	2
128.673	2
128.708	1
128.731	2
128.882	2
129.068	2
129.196	2
129.219	1
129.254	2
129.347	1
129.358	0
129.358	2
129.614	1
129.683	2
129.869	1
129.881	2
130.067	2
130.113	1
130.159	0
130.206	2
130.380	1
130.426	2
130.566	2
130.705	1
130.728	2
130.937	2
131.111	2
131.251	2
131.286	1
131.413	2
131.576	2
131.738	2
131.924	1
131.936	2
132.110	2
132.168	1
132.203	0
132.249	2
132.296	1
132.423	1
132.481	2
132.609	2
132.783	2
132.992	2
133.166	2
133.306	2
133.317	1
133.468	2
133.619	2
133.712	1
133.712	2
133.793	2
133.968	1
133.991	2
134.165	2
134.223	1
134.304	2
134.351	1
134.478	1
134.525	2
134.618	1
134.664	2
134.838	2
135.036	2
135.221	2
135.349	2
135.372	1
135.523	2
135.674	2
135.755	1
135.848	2
135.906	2
136.022	1
136.034	2
136.208	2
136.278	1
136.359	2
136.533	1
136.580	2
136.673	1
136.719	2
136.882	2
136.940	2
137.067	1
137.091	1
137.091	2
137.288	1
137.288	2
137.404	2
137.427	1
137.451	2
137.567	2
137.729	2
137.752	2
137.810	1
137.822	2
137.892	2
138.066	1
138.089	2
138.263	2
138.321	1
138.403	2
138.635	2
138.704	1
138.774	2
138.937	2
139.134	2
139.320	2
139.459	2
139.482	1
139.622	2
139.773	2
139.865	1
139.947	2
140.144	2
140.318	2
140.458	2
140.678	2
140.817	2
140.992	2
141.189	2
141.375	2
141.502	2
141.526	1
141.677	2
141.827	2
141.920	1
142.002	2
142.187	2
142.373	2
142.512	2
142.733	2
142.872	2
143.035	2
143.174	1
143.244	2
143.418	2
143.557	2
143.581	1
143.720	2
143.882	2
144.045	2
144.115	2
144.231	2
144.417	2
144.567	2
144.788	2
144.927	2
145.090	2
145.299	2
145.461	2
145.612	2
145.624	1
145.659	2
145.775	2
145.926	2
146.019	2
146.100	2
146.286	2
146.471	2
146.611	2
146.831	2
146.971	2
147.145	2
147.354	2
148.329	1
148.341	2
148.364	0
148.526	2
148.584	1
148.619	0
148.666	2
148.840	1
148.875	0
148.898	2
149.026	2
149.188	2
149.211	1
149.409	2
149.583	2
149.711	2
149.734	1
149.873	0
149.885	2
150.036	2
150.117	1
150.198	2
150.291	1
150.384	1
150.396	2
150.419	0
150.512	0
150.570	2
150.628	1
150.663	0
150.721	2
150.895	1
150.941	2
151.023	1
151.069	2
151.243	2
151.452	2
151.626	2
151.766	2
151.789	1
151.928	2
152.079	2
152.172	1
152.253	2
152.311	2
152.427	1
152.451	2
152.462	0
152.625	2
152.683	1
152.718	0
152.764	2
152.950	1
152.996	2
153.124	2
153.298	2
153.333	1
153.345	2
153.496	2
153.809	2
153.832	1
153.867	2
153.983	0
153.983	2
154.227	1
154.227	2
154.308	2
154.482	1
154.494	2
154.517	0
154.680	2
154.738	1
154.773	0
154.819	2
155.005	1
155.051	2
155.179	2
155.632	1
155.876	2
155.887	1
156.038	2
156.270	1
156.421	2
156.537	1
156.549	2
156.561	0
156.793	1
156.816	0
156.816	2
157.048	1
157.095	2
157.420	1
157.443	2
157.698	1
157.884	1
157.931	1
158.081	0
158.325	1
158.592	1
158.616	0
158.720	0
158.836	1
158.871	0
159.092	1
159.231	1
159.486	1
159.742	1
159.985	1
160.380	1
160.520	2
160.636	1
160.670	0
160.891	1
160.926	0
160.961	1
161.193	2
161.530	1
161.553	2
161.901	2
162.040	1
162.168	1
162.180	0
162.424	1
162.435	2
162.679	1
162.725	0
164.084	2
164.734	1
164.769	0
165.024	2
165.384	1
165.651	2
166.011	2
166.139	1
166.290	0
166.534	1
166.789	1
166.824	0
167.044	1
167.079	0
167.427	1
167.636	1
167.799	1
168.194	1
168.577	1
168.728	2
168.832	1
168.879	0
169.749	2
170.109	2
170.249	1
170.272	2
170.365	1
170.388	0
170.632	1
170.643	2
170.887	1
170.922	0
171.027	0
171.143	1
171.178	0
171.410	1
171.514	2
171.781	1
172.048	1
172.304	1
172.687	1
172.826	2
172.942	1
172.977	0
173.221	2
173.581	1
173.859	2
174.347	1
174.475	1
174.486	0
174.730	1
174.997	1
175.032	0
175.125	0
175.241	1
175.287	0
175.380	1
175.508	1
175.740	2
175.891	1
176.019	1
176.402	1
176.785	1
176.936	2
181.150	1
181.185	0
181.801	1
182.056	2
182.219	1
182.416	2
182.555	1
182.579	2
182.671	1
182.695	0
182.938	1
182.950	2
183.194	1
183.229	0
183.333	0
183.449	1
183.484	0
183.716	1
183.821	2
183.844	1
184.088	1
184.355	1
184.610	1
184.993	1
185.133	2
185.249	1
185.284	0
185.527	2
185.887	1
186.166	2
186.654	1
186.781	1
186.805	0
187.048	1
187.304	1
187.339	0
187.431	0
187.559	1
187.594	0
187.815	1
188.047	2
188.198	1
188.325	1
188.453	1
188.709	1
189.092	1
189.243	2
189.997	1
190.264	2
190.764	1
190.880	1
190.903	0
191.147	1
191.414	1
191.437	0
191.541	0
191.658	1
191.692	0
191.785	1
191.913	1
192.029	2
192.296	1
193.712	1
193.852	2
193.968	1
194.003	0
194.223	1
194.258	0
194.606	1
194.862	1
194.885	2
195.245	2
195.373	1
196.545	0
196.789	1
196.789	2
197.045	1
197.079	0
197.184	0
197.567	1
197.579	2
197.590	0
197.753	2
197.892	2
198.124	2
198.206	1
198.252	2
198.426	2
198.635	1
198.635	2
198.949	2
198.960	1
198.995	2
199.088	1
199.111	0
199.111	2
199.355	1
199.355	2
199.425	2
199.610	1
199.622	2
199.645	0
199.808	2
199.866	1
199.901	0
199.947	2
200.121	1
200.168	2
200.307	2
200.469	2
200.504	1
200.678	2
200.771	1
200.853	2
200.992	2
201.015	1
201.166	2
201.317	2
201.398	1
201.491	2
201.665	1
201.677	2
201.700	0
201.851	2
202.002	2
202.223	2
202.304	1
202.362	2
202.524	2
202.733	2
202.908	2
203.047	2
203.070	1
203.186	1
203.209	0
203.209	2
203.453	1
203.535	2
203.709	1
203.732	2
203.743	0
203.848	0
203.964	1
203.999	0
204.057	2
204.220	1
204.278	2
204.405	2
204.603	1
204.730	1
204.870	1
205.102	2
205.113	1
205.264	2
205.508	1
205.648	2
206.681	2
207.563	2
209.223	1
209.223	2
209.746	2
210.779	2
211.139	2
211.267	1
211.302	2
211.534	2
211.661	2
212.544	2
212.660	2
212.892	2
213.322	2
