0.232	1
0.255	0
0.476	0
0.708	1
0.731	0
0.952	0
1.184	1
1.219	0
1.428	0
1.695	0
1.904	0
2.171	0
2.194	0
2.380	0
2.647	0
2.670	0
2.856	0
3.123	0
3.146	0
3.332	0
3.448	0
3.599	0
4.075	0
4.098	0
4.284	0
4.551	0
4.760	0
5.027	0
5.236	0
5.503	0
5.979	0
6.420	1
6.455	0
6.664	0
6.896	1
6.931	0
7.140	0
7.256	0
7.407	0
7.639	0
7.848	1
7.883	0
7.906	0
8.092	0
8.324	1
8.359	0
8.382	0
8.568	0
8.800	1
8.835	0
8.858	0
9.044	0
9.276	1
9.311	0
9.334	0
9.520	0
9.520	2
9.752	1
9.787	0
9.996	0
10.228	1
10.263	0
10.286	0
10.472	0
10.704	1
10.739	0
10.948	0
11.064	0
11.215	0
11.424	2
11.656	1
11.691	0
11.900	0
12.132	1
12.167	0
12.190	0
12.376	0
12.608	1
12.643	0
12.666	0
12.852	0
13.119	0
15.464	1
15.499	0
15.581	1
15.708	0
15.940	1
15.975	0
16.184	0
16.417	1
16.451	0
16.660	0
16.893	1
16.927	0
17.136	0
17.369	1
17.403	0
17.496	1
17.845	1
17.879	0
18.088	0
18.321	1
18.355	0
18.564	0
18.680	0
18.831	0
19.040	1
19.273	1
19.307	0
19.400	1
19.528	0
19.749	1
19.783	0
19.807	0
19.992	0
20.225	1
20.259	0
20.468	0
20.735	0
20.828	1
20.944	1
20.956	0
21.177	1
21.211	0
21.653	1
21.687	0
21.908	0
22.129	1
22.163	0
22.372	0
22.500	0
22.639	0
22.744	1
22.848	1
23.081	1
23.115	0
23.150	0
23.208	1
23.220	0
23.568	1
23.603	0
23.812	0
23.870	0
24.033	1
24.067	0
24.102	0
24.288	0
24.509	1
24.543	0
24.578	0
24.764	0
24.822	0
24.996	1
25.020	0
25.112	1
25.240	0
25.472	1
25.496	0
25.530	0
25.972	0
26.448	0
26.900	1
26.924	0
26.958	0
27.016	1
27.376	1
27.411	0
27.852	1
27.876	0
28.352	0
28.619	0
28.816	0
29.315	1
29.571	0
30.035	1
30.476	0
30.708	1
30.708	2
30.732	0
30.813	1
30.975	1
31.080	1
31.184	1
31.184	2
31.208	0
31.324	2
31.556	1
31.660	1
31.660	2
31.695	0
32.044	1
32.136	1
32.136	2
32.160	1
32.171	0
32.194	0
32.369	1
32.380	0
32.612	1
32.612	2
32.636	0
32.879	1
32.996	1
33.088	1
33.088	2
33.123	0
33.146	0
33.472	1
33.564	1
33.564	2
33.599	0
33.924	0
33.948	1
34.040	2
34.064	1
34.075	0
34.273	1
34.389	1
34.516	1
34.516	2
34.551	0
34.760	0
34.900	1
34.992	1
34.992	2
35.027	0
35.051	0
35.120	0
35.132	2
35.364	1
35.468	1
35.468	2
35.503	0
35.527	0
35.852	1
35.944	1
35.944	2
35.968	1
35.979	0
36.003	0
36.177	1
36.200	0
36.420	1
36.420	2
36.444	0
36.479	0
36.537	1
36.664	0
36.699	1
36.815	1
36.897	1
36.897	2
36.931	0
36.955	0
37.036	2
37.291	1
37.373	1
37.373	2
37.407	0
37.431	0
37.616	0
37.779	1
37.790	2
37.849	2
37.860	1
37.883	0
38.092	1
38.104	2
38.150	0
38.255	1
38.325	1
38.325	2
38.348	0
38.371	1
38.441	1
38.452	0
38.638	0
38.801	1
38.801	2
38.835	0
38.940	2
39.172	2
39.207	1
39.277	1
39.277	2
39.311	0
39.753	1
39.753	2
39.787	0
39.799	1
39.927	1
39.985	1
39.996	0
40.229	1
40.240	2
40.263	0
40.275	1
40.287	0
40.647	1
40.705	1
40.716	2
40.739	0
40.763	0
40.844	2
41.099	1
41.181	1
41.192	2
41.215	0
41.239	0
41.540	0
41.575	1
41.657	1
41.668	2
41.691	0
41.889	1
42.017	1
42.133	1
42.144	2
42.167	0
42.376	0
42.609	1
42.620	2
42.643	0
42.667	0
42.852	0
43.085	1
43.096	2
43.119	0
43.468	1
43.572	1
43.572	2
43.595	0
43.793	1
43.967	1
44.037	1
44.048	2
44.071	0
44.153	1
44.408	1
44.431	1
44.513	1
44.524	2
44.547	0
44.571	0
44.756	0
44.896	1
44.989	1
45.000	2
45.023	0
45.047	0
45.163	0
45.360	0
45.465	1
45.476	2
45.500	0
45.697	1
45.720	2
45.743	2
45.871	1
45.941	1
45.952	2
45.976	0
45.999	0
46.103	0
46.324	1
46.417	1
46.428	2
46.452	0
46.475	0
46.893	1
46.904	2
46.928	0
47.287	1
47.369	1
47.380	2
47.392	1
47.404	0
47.613	0
47.613	1
47.845	1
47.856	2
47.880	0
47.961	1
47.996	0
48.239	1
48.321	1
48.332	2
48.356	0
48.472	0
48.495	0
48.565	0
48.797	1
48.808	2
48.832	0
48.855	0
49.157	0
49.284	2
49.296	1
49.308	0
49.505	1
49.563	0
49.586	0
49.760	1
49.760	2
49.784	0
50.132	1
50.225	1
50.236	2
50.260	0
50.364	0
50.701	1
50.712	2
50.736	0
50.945	0
51.177	1
51.188	2
51.212	0
51.490	0
51.664	1
51.664	2
51.688	0
52.129	1
52.140	2
52.164	0
52.605	1
52.616	2
52.640	0
52.860	0
53.023	1
53.034	2
53.092	2
53.116	0
53.325	1
53.336	2
53.359	1
53.394	0
53.545	1
53.568	2
54.044	2
54.509	1
54.520	2
54.927	1
54.996	2
55.217	1
55.461	1
55.472	2
55.937	1
55.948	2
56.413	1
56.424	2
56.900	2
57.133	1
57.144	2
57.748	1
60.000	0
61.185	1
61.185	2
61.208	0
61.219	1
61.428	0
61.486	0
61.649	1
61.661	2
61.695	0
61.765	1
62.137	1
62.137	2
62.171	0
62.195	0
62.404	1
62.438	0
62.613	1
62.613	2
62.647	0
62.659	1
62.856	0
62.856	2
62.973	0
62.973	1
63.089	1
63.089	2
63.123	0
63.147	0
63.390	0
63.565	1
63.565	2
63.599	0
63.611	1
63.704	2
63.808	0
63.866	0
63.936	2
63.948	1
64.041	1
64.041	2
64.064	0
64.099	0
64.180	1
64.284	0
64.308	1
64.342	0
64.401	0
64.517	1
64.517	2
64.551	0
64.760	2
64.865	1
64.877	0
64.993	1
64.993	2
65.016	0
65.051	0
65.120	0
65.469	1
65.469	2
65.503	0
65.527	0
65.608	2
65.840	1
65.863	1
65.945	1
65.945	2
65.980	0
66.003	0
66.421	1
66.421	2
66.456	0
66.664	2
66.897	1
66.897	2
66.932	0
67.140	0
67.199	0
67.373	1
67.373	2
67.408	0
67.419	1
67.512	2
67.675	0
67.849	1
67.849	2
67.884	0
67.907	0
67.988	1
68.151	0
68.209	0
68.267	2
68.325	1
68.336	2
68.360	0
68.557	1
68.580	2
68.673	1
68.801	1
68.801	2
68.824	0
68.859	0
69.045	0
69.277	1
69.288	2
69.312	0
69.416	2
69.753	1
69.753	2
69.788	0
69.811	0
70.055	0
70.229	1
70.240	2
70.264	0
70.473	0
70.635	1
70.705	1
70.705	2
70.740	0
70.949	0
71.181	1
71.192	2
71.216	0
71.227	1
71.320	2
71.425	0
71.483	0
71.587	1
71.657	1
71.657	2
71.680	0
71.796	1
71.877	1
72.017	0
72.063	1
72.133	1
72.144	2
72.168	0
72.377	2
72.481	1
72.609	1
72.609	2
72.644	0
72.667	0
72.853	0
73.085	1
73.096	2
73.120	0
73.224	2
73.561	1
73.572	2
73.596	0
73.619	0
73.700	1
74.037	1
74.048	2
74.072	0
74.513	1
74.524	2
74.548	0
74.757	0
74.989	1
75.000	2
75.024	0
75.035	1
75.128	2
75.291	0
75.465	1
75.476	2
75.500	0
75.709	0
75.813	1
75.871	1
75.929	1
75.952	2
75.987	0
76.185	1
76.196	2
76.208	0
76.243	0
76.289	1
76.324	0
76.359	0
76.417	1
76.428	2
76.452	0
76.533	1
76.893	1
76.904	2
76.928	0
77.369	1
77.380	2
77.404	0
77.775	1
77.845	1
77.857	2
77.880	0
78.089	0
78.100	2
78.158	0
78.228	0
78.321	1
78.333	2
78.356	0
78.797	1
78.809	2
78.832	0
78.936	2
79.041	0
79.273	1
79.285	2
79.308	0
79.517	0
79.633	0
79.679	1
79.761	1
79.761	2
79.784	0
79.865	1
79.981	1
80.004	2
80.051	0
80.225	1
80.237	2
80.260	0
80.283	0
80.701	1
80.713	2
80.736	0
80.736	1
81.084	2
81.177	1
81.189	2
81.212	0
81.316	1
81.653	1
81.665	2
81.688	0
81.908	2
81.955	0
82.036	0
82.129	1
82.141	2
82.164	0
82.617	1
82.617	2
82.640	0
82.988	1
83.081	1
83.093	2
83.116	0
83.511	2
83.557	1
83.569	2
83.627	0
83.685	1
83.812	2
83.836	0
83.987	0
84.045	1
84.045	2
84.068	0
84.207	0
84.509	1
84.521	2
84.544	0
84.672	0
84.753	0
84.904	1
84.985	1
84.997	2
85.020	0
85.055	0
85.461	1
85.473	2
85.496	0
85.519	1
85.716	0
85.716	2
85.937	1
85.949	2
85.972	0
86.413	1
86.425	2
86.448	0
86.796	2
86.901	1
86.901	2
86.924	0
87.144	0
87.261	0
87.377	1
87.377	2
87.400	0
87.597	1
87.620	2
87.644	0
87.853	1
87.853	2
87.876	0
87.911	0
88.329	2
88.364	0
88.468	2
88.700	2
88.805	1
88.805	2
88.828	0
88.863	0
88.944	1
89.269	1
89.281	2
89.304	0
89.408	0
89.455	0
89.525	0
89.525	1
89.571	0
89.629	1
89.757	2
89.977	1
90.233	2
90.686	1
90.709	2
91.185	1
91.185	2
91.429	2
91.661	1
91.696	0
91.719	0
91.858	0
91.963	0
92.102	0
92.137	1
92.172	0
92.195	0
92.264	0
92.276	2
92.508	2
92.613	1
92.648	0
92.915	0
92.973	1
92.996	0
93.031	0
93.217	0
93.379	0
93.460	2
93.565	1
93.565	2
93.600	0
93.623	0
93.809	0
93.855	0
94.041	1
94.076	0
94.180	2
94.285	0
94.343	0
94.412	2
94.517	1
94.528	2
94.552	0
94.575	0
94.877	1
94.900	0
94.935	0
95.051	0
95.179	0
95.225	1
95.283	0
95.364	2
95.469	1
95.480	2
95.504	0
95.527	0
95.771	0
95.945	1
95.980	0
96.003	0
96.084	2
96.421	1
96.432	2
96.444	0
96.479	0
96.723	0
96.897	1
96.932	0
96.955	0
97.199	0
97.268	2
97.373	1
97.373	2
97.408	0
97.431	0
97.605	1
97.617	0
97.686	0
97.849	1
97.884	0
97.988	2
98.325	1
98.337	2
98.360	0
98.383	0
98.696	1
98.801	1
98.836	1
98.859	0
98.963	1
99.080	0
99.080	1
99.114	0
99.172	0
99.172	2
99.277	1
99.289	2
99.312	0
99.335	0
99.509	1
99.521	0
99.753	1
99.788	0
99.892	2
99.997	0
100.229	1
100.264	0
100.473	0
100.705	1
100.740	0
100.949	0
101.076	2
101.088	1
101.181	1
101.216	0
101.425	0
101.657	1
101.692	0
101.703	1
101.796	2
101.901	0
102.052	1
102.133	1
102.168	0
102.191	0
102.377	0
102.609	1
102.644	1
102.679	0
102.760	1
102.876	1
102.911	0
103.004	1
103.085	1
103.097	2
103.120	0
103.143	0
103.561	1
103.596	0
103.607	1
103.700	2
103.805	0
104.060	0
104.513	1
104.548	0
104.896	2
104.919	1
104.989	1
105.001	2
105.024	0
105.047	0
105.465	1
105.500	0
105.604	2
105.709	0
105.941	1
105.953	2
105.976	0
106.313	0
106.313	1
106.417	1
106.452	0
106.684	0
106.800	2
106.893	1
106.928	0
107.102	0
107.334	0
107.369	1
107.404	0
107.508	2
107.752	2
107.845	1
107.880	0
108.089	0
108.205	1
108.240	0
108.344	1
108.368	1
108.449	0
108.577	0
108.704	2
108.797	1
108.832	0
109.273	1
109.308	0
109.331	1
109.412	2
109.517	0
109.656	2
109.749	1
109.784	0
109.993	0
110.109	1
110.144	0
110.353	1
110.399	0
110.469	1
110.492	0
110.515	0
110.608	2
110.701	1
110.713	2
110.736	0
110.771	0
111.177	1
111.212	0
111.316	2
111.560	2
111.665	1
111.688	0
111.897	0
112.129	1
112.164	0
112.512	2
112.617	1
112.640	0
113.116	0
113.151	0
113.569	1
113.569	2
113.592	0
113.801	0
114.033	1
114.068	0
114.103	0
114.300	0
114.416	2
114.428	1
114.521	1
114.521	2
114.556	0
114.579	0
114.985	1
115.055	0
115.368	2
115.473	1
115.531	0
115.949	1
116.007	0
116.204	0
116.320	2
116.425	1
116.483	0
116.901	1
116.959	0
117.272	2
117.377	1
117.435	0
117.853	1
117.888	0
117.911	0
118.085	1
118.329	1
118.387	0
118.805	1
118.851	0
119.281	1
119.281	2
119.339	0
119.513	1
119.757	1
119.815	0
120.047	0
120.233	1
120.291	0
120.709	1
120.767	0
121.115	1
121.185	1
121.243	0
132.609	1
132.981	1
133.341	1
137.381	1
137.427	0
137.485	1
137.845	1
137.903	0
138.321	1
138.391	0
138.855	0
139.285	1
139.343	0
139.401	1
139.749	1
139.807	0
140.225	1
140.295	0
140.759	0
140.968	0
141.189	1
141.247	0
141.653	1
141.723	0
142.129	1
142.199	0
142.675	0
142.872	0
143.081	1
143.557	1
144.033	1
144.103	0
144.567	0
144.788	0
144.985	1
145.055	0
145.461	1
145.519	0
145.937	1
146.007	0
146.471	0
146.646	1
146.680	0
146.901	1
146.959	0
147.365	1
147.435	0
147.841	1
147.911	0
148.225	1
148.352	1
148.387	0
148.573	1
148.584	0
148.805	1
148.863	0
149.269	1
149.339	0
149.745	1
149.815	0
150.233	1
150.291	0
150.489	0
150.709	1
150.767	0
151.185	1
151.243	0
151.661	1
151.719	0
151.742	0
152.137	1
152.195	0
152.404	0
152.613	1
152.648	0
152.729	1
153.089	1
153.124	0
153.147	0
153.554	1
153.588	0
153.623	0
153.809	0
154.030	1
154.076	0
154.285	0
154.517	1
154.552	0
154.575	0
154.633	1
154.761	0
154.993	1
155.028	0
155.051	0
155.469	1
155.492	0
155.713	0
155.829	0
155.980	0
156.212	0
156.421	1
156.456	0
156.479	0
156.537	1
156.665	0
156.897	1
156.932	0
156.955	0
157.037	0
157.141	0
157.373	1
157.408	0
157.431	0
157.849	1
157.884	0
158.325	1
158.360	0
158.383	0
158.569	0
158.801	1
158.836	0
158.859	0
159.045	0
159.277	1
159.300	0
159.335	0
159.521	0
159.788	0
160.020	0
160.229	1
160.264	0
160.287	0
160.473	0
160.705	1
160.740	0
160.949	0
161.181	1
161.216	0
161.239	0
161.425	0
161.692	0
161.890	1
161.901	0
161.924	0
162.133	1
162.168	0
162.377	0
162.609	1
162.644	0
162.667	0
162.853	0
163.085	1
163.109	0
163.143	0
163.329	0
163.538	1
163.596	0
163.817	1
163.828	0
164.049	0
164.281	0
164.525	0
164.757	0
165.233	0
165.477	0
165.941	1
165.976	0
166.185	0
166.417	1
166.452	0
166.661	0
166.893	1
166.928	0
167.137	0
167.253	1
167.288	0
167.311	0
167.497	0
167.845	1
167.880	0
167.973	0
168.031	0
168.321	1
168.356	0
168.809	1
168.832	0
169.308	0
169.517	0
169.749	1
169.784	0
169.877	0
170.225	1
170.260	0
170.353	0
170.539	0
170.701	1
170.736	0
171.073	0
171.189	1
171.212	0
171.247	0
171.549	0
171.665	1
171.688	0
171.712	0
171.897	0
172.141	1
172.164	0
172.606	1
172.640	0
172.664	0
172.745	1
173.012	1
173.082	1
173.116	0
173.244	0
173.337	0
173.383	0
173.569	1
173.592	0
173.801	0
173.859	0
174.045	1
174.068	0
174.521	1
174.544	0
174.881	0
174.986	1
175.020	0
175.055	0
175.264	0
175.287	0
175.473	1
175.496	0
175.705	0
175.949	1
175.972	0
176.007	0
176.344	1
176.425	1
176.448	0
176.832	1
176.924	0
176.948	1
176.959	0
177.133	0
177.377	1
177.400	0
177.424	1
177.435	0
177.540	1
177.656	1
177.772	1
177.853	1
177.876	0
178.097	0
178.225	1
178.329	1
178.352	0
178.387	0
178.561	0
178.678	0
178.701	1
178.828	0
178.945	1
179.061	1
179.281	1
179.304	0
179.688	1
179.757	1
179.780	0
179.815	0
180.152	1
180.233	1
180.257	0
180.291	0
180.465	0
180.605	1
180.709	1
180.744	0
180.767	0
180.849	1
180.941	0
181.232	1
181.243	0
181.603	1
181.661	1
181.719	0
182.137	1
182.195	0
182.613	1
182.671	0
182.904	0
184.424	1
186.329	1
186.433	1
186.955	1
190.102	1
190.473	1
192.041	1
193.933	1
194.200	1
195.872	1
204.556	1
