14.756	1
14.768	2
14.780	0
14.872	2
14.988	2
15.093	1
15.105	0
15.105	2
15.209	2
15.314	2
15.430	1
15.430	2
15.441	0
15.546	2
15.650	2
15.766	1
15.766	2
15.778	0
15.882	2
15.987	1
15.999	0
16.091	1
16.103	0
16.103	2
16.208	2
16.324	0
16.324	1
16.324	2
16.428	2
16.486	2
16.544	1
16.544	2
16.556	0
16.649	2
16.765	2
16.869	1
16.881	2
16.893	0
16.985	2
17.090	2
17.206	1
17.206	2
17.218	0
17.322	2
17.427	2
17.543	1
17.543	2
17.554	0
17.647	2
17.763	1
17.775	0
17.868	1
17.879	0
17.879	2
17.984	2
18.100	1
18.112	0
18.112	2
18.204	2
18.262	2
18.321	1
18.321	2
18.332	0
18.425	2
18.541	2
18.646	1
18.657	2
18.669	0
18.762	2
18.878	2
18.982	1
18.982	2
19.006	0
19.098	2
19.203	2
19.319	1
19.319	2
19.331	0
19.435	2
19.540	1
19.551	0
19.656	1
19.656	2
19.667	0
19.760	2
19.876	1
19.888	0
19.888	2
19.981	2
20.050	2
20.097	1
20.097	2
20.108	0
20.201	2
20.317	2
20.422	1
20.434	2
20.445	0
20.538	2
20.654	2
20.759	1
20.770	2
20.782	0
20.875	2
20.979	2
21.095	1
21.095	2
21.107	0
21.211	2
21.316	1
21.328	0
21.432	1
21.432	2
21.444	0
21.548	2
21.653	1
21.664	0
21.664	2
21.769	2
21.827	2
21.873	1
21.885	0
21.885	2
21.989	2
22.094	2
22.210	1
22.210	2
22.221	0
22.314	2
22.430	2
22.535	1
22.547	2
22.558	0
22.651	2
22.756	2
22.872	1
22.883	2
22.895	0
22.988	2
23.092	1
23.115	0
23.208	1
23.208	2
23.220	0
23.324	2
23.429	1
23.441	0
23.441	2
23.545	2
23.603	2
23.650	1
23.661	2
23.673	0
23.766	2
23.870	2
23.986	1
23.986	2
23.998	0
24.091	2
24.207	2
24.311	1
24.323	2
24.335	0
24.427	2
24.543	2
24.648	1
24.660	2
24.671	0
24.764	2
24.869	1
24.892	0
24.985	1
24.985	2
24.996	0
25.101	2
25.205	1
25.217	0
25.217	2
25.321	2
25.379	2
25.426	1
25.437	2
25.449	0
25.542	2
25.658	2
25.763	1
25.774	0
25.774	2
25.879	2
25.983	2
26.088	1
26.099	2
26.111	0
26.204	2
26.320	2
26.424	1
26.436	2
26.448	0
26.540	2
26.668	0
26.761	1
26.761	2
26.773	0
26.877	2
26.982	1
26.993	0
26.993	2
27.098	2
27.156	2
27.202	1
27.214	2
27.225	0
27.318	2
27.434	2
27.539	1
27.539	2
27.550	0
27.655	2
27.759	2
27.876	1
27.876	2
27.887	0
27.980	2
28.096	2
28.201	1
28.212	2
28.224	0
28.317	2
28.433	1
28.444	0
28.537	1
28.549	0
28.549	2
28.653	2
28.758	1
28.770	0
28.770	2
28.874	2
28.932	2
28.979	1
28.990	2
29.002	0
29.106	2
29.222	2
29.315	1
29.327	2
29.338	0
29.443	2
29.547	2
29.652	1
29.663	0
29.663	2
29.780	2
29.884	2
29.977	1
30.000	0
30.000	2
30.105	2
30.209	1
30.221	0
30.314	1
30.325	0
30.337	2
30.441	2
30.546	0
30.546	1
30.557	2
30.662	2
30.708	2
30.766	1
30.778	0
30.778	2
30.883	2
30.999	2
31.092	1
31.103	2
31.115	0
31.219	2
31.324	2
31.428	1
31.440	0
31.440	2
31.544	2
31.660	2
31.765	1
31.777	0
31.777	2
31.893	2
31.985	1
31.997	0
32.090	1
32.102	0
32.113	2
32.218	2
32.322	1
32.334	0
32.334	2
32.438	2
32.485	2
32.543	1
32.554	0
32.554	2
32.694	2
32.833	2
32.868	1
32.891	0
32.996	2
33.146	2
33.205	1
33.228	0
33.286	2
33.437	2
33.541	1
33.553	0
33.564	1
33.588	2
33.727	2
33.762	1
33.773	0
33.878	1
33.890	0
33.890	2
34.029	2
34.110	0
34.180	2
34.319	1
34.331	0
34.331	2
34.470	2
34.621	2
34.644	1
34.667	0
34.772	2
34.923	2
34.981	1
35.004	0
35.062	2
35.213	2
35.318	1
35.329	0
35.364	2
35.503	2
35.538	1
35.550	0
35.654	1
35.666	0
35.666	2
35.805	2
35.886	0
35.956	2
36.095	1
36.107	0
36.107	2
36.212	2
36.328	2
36.432	1
36.444	0
36.444	2
36.560	2
36.653	2
36.757	1
36.780	0
36.780	2
36.885	2
36.989	2
37.094	1
37.105	2
37.117	0
37.222	2
37.314	1
37.338	0
37.431	1
37.442	0
37.442	2
37.547	2
37.651	1
37.663	0
37.663	2
37.779	2
37.837	2
37.872	1
37.883	0
37.883	2
37.999	2
38.104	2
38.208	1
38.220	0
38.220	2
38.336	2
38.441	2
38.545	1
38.557	0
38.557	2
38.661	2
38.766	2
38.870	1
38.893	0
38.893	2
38.998	2
39.091	1
39.114	0
39.195	2
39.207	1
39.219	0
39.219	2
39.335	2
39.427	1
39.439	0
39.439	2
39.555	2
39.602	2
39.648	1
39.660	2
39.671	0
39.811	2
39.950	2
39.985	1
39.996	0
40.112	2
40.252	2
40.321	1
40.333	0
40.391	2
40.542	2
40.647	1
40.670	0
40.670	2
40.774	2
40.879	1
40.890	0
40.983	0
40.983	1
41.006	2
41.111	2
41.204	1
41.215	0
41.215	2
41.332	2
41.378	2
41.424	1
41.436	2
41.448	0
41.587	2
41.715	2
41.761	1
41.784	0
41.877	2
42.028	2
42.098	1
42.109	0
42.167	2
42.318	2
42.423	1
42.446	0
42.469	2
42.620	2
42.655	1
42.667	0
42.760	1
42.771	0
42.783	2
42.910	2
42.992	0
43.050	2
43.201	1
43.212	2
43.224	0
43.328	2
43.433	2
43.537	1
43.549	0
43.561	2
43.665	2
43.781	2
43.874	1
43.886	0
43.886	2
44.002	2
44.095	2
44.211	1
44.222	0
44.222	2
44.315	2
44.431	1
44.443	0
44.536	1
44.547	0
44.547	2
44.664	2
44.768	1
44.780	0
44.780	2
44.884	2
44.989	1
44.989	2
45.000	0
45.105	2
45.221	2
45.314	1
45.325	0
45.325	2
45.430	2
45.546	2
45.650	1
45.662	0
45.662	2
45.778	2
45.883	2
45.987	1
45.999	0
45.999	2
46.115	2
46.208	1
46.219	0
46.324	1
46.324	2
46.440	2
46.544	1
46.556	0
46.556	2
46.660	2
46.707	2
46.765	1
46.777	0
46.777	2
46.881	2
46.997	2
47.090	1
47.113	0
47.113	2
47.206	2
47.322	2
47.427	1
47.438	2
47.450	0
47.554	2
47.659	2
47.763	1
47.775	0
47.775	2
47.891	2
47.984	1
47.996	0
48.100	1
48.100	2
48.216	2
48.321	1
48.332	0
48.332	2
48.437	2
48.506	2
48.541	1
48.553	0
48.553	2
48.657	2
48.774	2
48.866	1
48.890	0
48.890	2
48.994	2
49.110	2
49.203	1
49.226	0
49.226	2
49.331	2
49.435	2
49.540	1
49.551	0
49.551	2
49.667	2
49.760	1
49.772	0
49.876	1
49.876	2
49.993	2
50.097	1
50.109	0
50.109	2
50.213	2
50.318	1
50.329	0
50.329	2
50.434	2
50.550	2
50.654	1
50.666	0
50.666	2
50.770	2
50.887	2
50.979	1
51.003	0
51.003	2
51.107	2
51.212	2
51.316	1
51.328	2
51.339	0
51.444	2
51.537	1
51.548	0
51.641	2
51.653	1
51.769	2
51.873	1
51.885	0
51.885	2
51.989	2
52.094	1
52.106	2
52.117	0
52.210	2
52.326	2
52.431	1
52.442	0
52.442	2
52.558	2
52.651	2
52.767	1
52.779	0
52.779	2
52.883	2
52.988	2
53.092	1
53.104	2
53.116	0
53.220	2
53.313	1
53.336	0
53.418	2
53.429	1
53.557	2
53.650	1
53.661	0
53.661	2
53.777	2
53.835	2
53.870	1
53.882	2
53.894	0
53.998	2
54.102	2
54.207	1
54.219	0
54.219	2
54.311	2
54.335	2
54.439	2
54.544	1
54.555	0
54.555	2
54.660	2
54.764	2
54.869	1
54.892	0
54.892	2
54.996	2
55.101	1
55.113	0
55.194	2
55.205	1
55.217	2
55.322	2
55.426	1
55.438	0
55.449	2
55.554	2
55.612	2
55.647	1
55.658	2
55.670	0
55.798	2
55.948	2
55.983	1
55.995	0
56.111	2
56.250	2
56.320	1
56.332	0
56.390	2
56.541	2
56.657	1
56.692	2
56.842	2
56.877	1
56.889	0
56.982	0
56.982	1
56.993	2
57.133	2
57.214	0
57.214	1
57.272	2
57.423	1
57.469	0
57.620	0
57.783	0
68.452	1
71.645	1
71.657	0
71.657	2
71.761	1
71.773	2
71.866	1
71.889	2
71.982	1
71.993	2
72.086	1
72.098	0
72.110	2
72.202	1
72.226	2
72.319	1
72.330	2
72.365	0
72.423	1
72.435	0
72.446	2
72.528	1
72.551	2
72.655	1
72.667	2
72.760	0
72.760	1
72.771	2
72.887	0
72.992	2
73.015	0
73.085	1
73.096	0
73.108	2
73.201	1
73.213	2
73.224	0
73.317	1
73.329	2
73.340	0
73.387	2
73.421	1
73.433	2
73.549	2
73.665	2
73.758	1
73.781	2
73.886	2
73.990	2
74.095	1
74.106	2
74.141	0
74.199	1
74.223	2
74.315	1
74.327	2
74.432	1
74.443	2
74.536	1
74.548	2
74.652	1
74.664	0
74.768	2
74.815	0
74.873	1
74.884	2
74.989	1
75.000	0
75.000	2
75.093	1
75.105	2
75.198	1
75.209	2
75.314	1
75.326	2
75.418	1
75.442	2
75.535	1
75.558	2
75.651	1
75.662	2
75.755	1
75.778	2
75.871	1
75.883	2
75.976	1
75.999	2
76.092	0
76.092	1
76.103	2
76.208	1
76.220	2
76.312	1
76.324	2
76.428	1
76.452	0
76.545	1
76.545	2
76.556	0
76.649	0
76.649	1
76.661	2
76.696	0
76.765	1
76.777	0
76.777	2
76.870	1
76.893	2
76.928	1
76.939	2
76.974	1
76.986	2
77.090	1
77.102	2
77.206	2
77.322	1
77.322	2
77.427	2
77.543	1
77.555	2
77.648	1
77.659	2
77.752	1
77.775	2
77.868	1
77.880	2
77.984	1
77.996	2
78.089	1
78.100	2
78.205	1
78.216	0
78.321	1
78.321	2
78.367	0
78.425	1
78.437	2
78.541	1
78.553	0
78.553	2
78.646	1
78.658	2
78.716	2
78.762	1
78.774	0
78.774	2
78.797	0
78.867	1
78.878	0
78.890	2
78.983	1
79.006	2
79.099	1
79.110	2
79.203	1
79.226	2
79.308	1
79.331	2
79.424	1
79.447	2
79.528	1
79.552	2
79.644	1
79.668	2
79.761	1
79.772	2
79.784	0
79.865	1
79.888	2
79.981	1
80.004	0
80.097	1
80.109	0
80.109	2
80.132	0
80.202	1
80.213	2
80.318	1
80.329	2
80.341	0
80.422	1
80.434	2
80.446	0
80.492	2
80.538	1
80.550	2
80.643	1
80.655	2
80.759	1
80.771	2
80.875	1
80.875	2
81.003	2
81.096	2
81.212	1
81.223	2
81.316	1
81.328	2
81.421	1
81.432	2
81.537	1
81.548	2
81.641	1
81.665	2
81.757	1
81.781	0
81.874	1
81.885	2
81.978	1
81.990	2
82.094	1
82.106	0
82.106	2
82.210	1
82.222	2
82.280	2
82.338	0
82.361	0
82.431	0
82.663	0
83.696	0
85.867	1
85.902	0
86.007	0
86.030	0
86.100	0
86.204	1
86.227	0
86.285	0
86.541	1
86.564	0
86.622	0
86.866	1
86.901	0
86.959	0
87.098	1
87.110	0
87.203	1
87.237	0
87.342	0
87.446	0
87.562	0
87.586	0
87.620	0
87.644	1
87.667	0
87.713	0
87.980	1
88.317	1
88.445	0
88.642	1
88.665	0
88.758	0
88.874	1
88.886	0
88.979	1
89.002	0
89.107	0
89.223	0
89.432	1
89.455	0
89.513	0
89.757	1
89.792	0
90.093	1
90.128	0
90.175	0
90.233	0
90.430	1
90.453	0
90.511	0
90.651	1
90.662	0
90.755	1
90.790	0
90.895	0
90.999	0
91.115	0
91.173	0
91.196	1
91.336	0
91.533	1
91.765	0
91.870	1
91.893	0
91.997	0
92.206	1
92.218	0
92.427	1
92.450	0
92.532	1
92.555	0
92.775	0
92.880	0
92.984	1
93.008	0
93.031	0
93.089	0
93.309	1
93.344	0
93.402	0
93.646	1
93.681	0
93.785	0
93.878	0
93.983	1
94.006	0
94.064	0
94.203	1
94.227	0
94.319	1
94.343	0
94.401	0
94.552	0
94.761	1
94.772	0
95.446	0
95.550	0
95.980	1
96.003	0
96.223	0
96.316	1
96.328	0
96.444	0
96.583	0
96.676	0
96.897	0
97.234	0
97.257	0
97.431	0
97.559	0
97.652	0
97.756	1
97.779	0
97.907	0
98.232	0
98.255	0
98.290	0
98.975	1
98.998	0
99.312	1
99.544	1
99.556	0
99.648	1
99.672	0
99.776	0
99.881	0
99.997	0
100.090	1
100.124	0
100.206	1
100.229	0
100.426	1
100.450	0
100.508	0
100.554	1
100.763	1
100.786	0
100.867	0
100.984	1
101.088	1
101.123	0
101.181	0
101.216	1
101.216	2
101.320	1
101.332	0
101.425	1
101.448	1
101.460	0
101.506	0
101.529	1
101.564	0
101.587	0
101.645	1
101.669	0
101.669	2
101.785	0
101.808	0
101.843	0
101.866	1
101.889	0
101.982	1
102.005	0
102.203	1
102.226	0
102.539	1
102.563	0
102.644	1
102.760	1
102.772	2
102.864	1
102.888	0
103.097	1
103.108	0
103.213	1
103.224	0
103.306	1
103.329	0
103.433	1
103.445	0
103.549	0
103.642	1
103.677	0
103.770	1
103.874	2
103.979	1
104.014	0
104.130	1
104.316	1
104.339	0
104.397	0
104.455	0
104.525	0
104.536	1
104.548	0
104.652	1
104.676	0
104.734	0
104.757	0
104.768	1
104.768	2
104.873	1
104.885	0
105.001	1
105.012	0
105.082	1
105.117	0
105.175	0
105.210	1
105.221	0
105.221	2
105.337	0
105.361	0
105.419	1
105.442	0
105.488	0
105.535	1
105.767	1
105.779	0
105.976	1
105.999	0
106.092	1
106.104	0
106.196	1
106.220	0
106.313	0
106.313	1
106.336	2
106.429	1
106.452	0
106.533	0
106.545	2
106.649	1
106.661	0
106.777	0
106.777	1
106.858	1
106.986	1
106.998	0
107.114	0
107.207	1
107.230	0
107.311	0
107.323	1
107.427	2
107.532	1
107.566	0
107.624	0
107.868	1
107.903	0
108.008	0
108.100	1
108.205	1
108.240	0
108.286	0
108.321	2
108.426	1
108.437	0
108.542	1
108.565	0
108.588	0
108.635	1
108.762	1
108.774	0
108.902	0
108.925	0
108.971	1
109.006	0
109.087	1
109.122	0
109.203	2
109.320	1
109.331	0
109.645	1
109.668	0
109.761	1
109.865	0
109.865	1
109.981	1
110.005	0
110.097	2
110.214	1
110.225	0
110.318	0
110.318	1
110.411	1
110.539	1
110.550	0
110.666	0
110.759	1
110.794	0
110.864	1
110.899	0
110.957	0
111.003	0
111.096	1
111.119	0
111.235	1
111.421	1
111.456	0
111.514	0
111.653	1
111.758	1
111.792	0
111.874	1
111.990	1
112.001	0
112.106	1
112.118	0
112.176	0
112.187	1
112.315	1
112.327	0
112.454	0
112.512	0
112.547	0
112.872	1
112.884	0
113.000	1
113.104	0
113.116	1
113.197	1
113.220	0
113.313	1
113.418	1
113.534	1
113.557	1
113.638	1
113.871	1
113.894	1
113.917	0
113.975	1
113.998	0
114.091	1
114.114	1
114.207	1
114.254	0
114.312	1
114.323	2
114.347	0
114.416	1
114.440	2
114.451	0
114.474	0
114.509	0
114.532	1
114.544	2
114.649	1
114.660	2
114.683	0
114.765	2
114.881	2
114.985	1
114.997	2
115.008	0
115.032	0
115.066	0
115.090	0
115.090	1
115.101	2
115.194	1
115.217	2
115.310	1
115.322	2
115.345	0
115.426	1
115.438	2
115.542	1
115.554	0
115.647	2
115.659	1
115.682	0
115.751	1
115.775	2
115.786	0
115.810	0
115.868	1
115.891	0
115.891	2
115.984	1
115.995	2
116.007	0
116.030	0
116.053	2
116.088	1
116.100	0
116.111	2
116.123	0
116.158	0
116.204	1
116.204	2
116.320	1
116.320	2
116.425	1
116.448	0
116.448	2
116.541	2
116.657	2
116.762	1
116.773	2
116.785	0
116.831	0
116.866	1
116.889	0
116.889	2
116.982	1
116.994	2
117.098	1
117.098	2
117.110	0
117.203	0
117.203	1
117.214	2
117.319	1
117.330	0
117.423	1
117.435	2
117.528	1
117.551	2
117.644	1
117.667	0
117.667	2
117.760	1
117.772	0
117.772	2
117.830	2
117.864	1
117.888	2
117.899	0
117.981	0
117.981	1
117.992	2
118.085	1
118.108	2
118.201	1
118.224	2
118.236	0
118.294	0
118.317	1
118.317	2
118.445	2
118.538	1
118.549	2
118.561	0
118.619	0
118.642	1
118.666	2
118.677	0
118.758	0
118.758	1
118.770	2
118.875	1
118.886	2
118.898	0
118.979	1
118.991	2
119.095	1
119.107	0
119.223	1
119.223	2
119.234	0
119.304	1
119.327	2
119.339	0
119.362	0
119.397	0
119.432	1
119.443	0
119.443	2
119.536	1
119.560	0
119.560	2
119.606	2
119.641	1
119.664	0
119.664	2
119.710	0
119.757	1
119.780	2
119.873	1
119.873	2
119.989	1
120.001	0
120.001	2
120.105	2
120.210	1
120.221	0
120.221	2
120.314	1
120.326	0
120.326	2
120.419	1
120.442	2
120.535	0
120.535	1
120.546	2
120.651	1
120.662	2
120.674	0
120.755	1
120.767	2
120.871	1
120.883	0
120.976	2
120.988	1
120.999	2
121.080	1
121.104	2
121.208	1
121.220	0
121.220	2
121.324	2
121.336	0
121.429	1
121.440	2
121.452	0
121.475	0
121.510	0
121.533	1
121.556	2
121.603	0
121.638	1
121.649	2
121.754	1
121.777	2
121.789	0
121.847	0
121.882	1
121.882	2
121.905	1
121.998	2
122.091	1
122.102	2
122.125	0
122.195	1
122.218	2
122.230	0
122.253	0
122.311	1
122.323	2
122.427	1
122.439	2
122.462	0
122.508	0
122.543	1
122.555	2
122.648	1
122.671	0
122.764	1
122.764	2
122.787	0
122.810	0
122.845	0
122.857	1
122.880	2
122.915	0
122.984	1
122.996	2
123.008	0
123.089	1
123.112	0
123.112	2
123.170	2
123.193	1
123.217	0
123.217	2
123.321	1
123.333	2
123.426	2
123.542	1
123.553	0
123.553	2
123.623	0
123.658	2
123.762	2
123.867	1
123.878	2
123.890	0
123.983	1
123.995	2
124.087	1
124.099	2
124.204	1
124.215	2
124.227	0
124.308	0
124.308	1
124.320	2
124.436	1
124.447	0
124.540	0
124.540	1
124.540	2
124.645	1
124.656	2
124.668	0
124.761	1
124.761	2
124.772	0
124.877	1
124.889	0
124.889	2
124.935	2
124.981	1
124.993	2
125.016	0
125.086	1
125.109	2
125.179	0
125.202	1
125.225	2
125.237	0
125.318	1
125.330	2
125.341	0
125.399	0
125.434	1
125.434	2
125.457	1
125.550	2
125.643	1
125.666	2
125.678	0
125.759	1
125.771	2
125.782	0
125.806	0
125.875	1
125.875	2
125.980	1
126.003	2
126.015	0
126.096	1
126.108	2
126.212	1
126.224	0
126.317	1
126.317	2
126.340	0
126.421	1
126.444	2
126.456	0
126.537	1
126.560	0
126.560	2
126.653	1
126.665	2
126.676	0
126.700	0
126.723	2
126.758	1
126.769	2
126.781	0
126.885	2
126.990	2
127.094	1
127.106	2
127.118	0
127.211	2
127.327	0
127.327	2
127.338	1
127.431	1
127.443	0
127.443	2
127.524	1
127.547	2
127.559	1
127.640	1
127.663	2
127.756	1
127.768	2
127.779	0
127.861	1
127.884	2
127.988	1
128.000	0
128.093	1
128.104	2
128.116	0
128.197	1
128.221	0
128.221	2
128.313	1
128.337	0
128.337	2
128.430	1
128.441	0
128.441	2
128.488	2
128.534	1
128.557	2
128.569	0
128.639	1
128.662	2
128.755	1
128.778	2
128.871	1
128.882	2
128.894	0
128.940	2
128.987	1
128.987	2
129.010	1
129.103	2
129.207	1
129.219	2
129.231	0
129.289	0
129.312	1
129.324	2
129.416	1
129.440	2
129.533	1
129.556	2
129.567	0
129.625	0
129.660	1
129.660	2
129.765	1
129.776	0
129.776	2
129.869	2
129.881	1
129.904	0
129.997	2
130.009	0
130.032	0
130.090	1
130.113	0
130.113	2
130.218	1
130.229	0
130.252	0
130.310	1
130.322	0
130.334	2
130.345	0
130.380	0
130.426	1
130.438	2
130.531	1
130.554	2
130.647	1
130.763	2
130.879	2
130.984	1
130.995	2
131.007	0
131.088	1
131.100	2
131.111	0
131.204	1
131.216	2
131.320	1
131.332	2
131.344	0
131.425	1
131.437	2
131.541	1
131.553	0
131.553	2
131.646	1
131.669	0
131.750	1
131.773	0
131.773	2
131.866	1
131.889	0
131.889	2
131.994	0
132.098	1
132.110	2
132.122	0
132.203	1
132.214	2
132.307	1
132.331	2
132.423	1
132.447	2
132.458	0
132.505	2
132.516	0
132.540	1
132.656	2
132.760	1
132.772	2
132.783	0
132.865	1
132.888	2
132.899	0
132.923	0
132.981	1
132.992	2
133.097	1
133.097	2
133.120	0
133.178	0
133.201	1
133.213	2
133.317	1
133.329	0
133.329	2
133.445	1
133.457	0
133.515	0
133.538	1
133.550	2
133.584	0
133.654	1
133.666	0
133.666	2
133.782	0
133.805	0
133.863	1
133.886	0
133.886	2
133.933	0
133.991	1
133.991	2
134.095	1
134.095	2
134.211	1
134.223	0
134.223	2
134.316	2
134.432	1
134.432	2
134.444	0
134.536	1
134.548	0
134.548	2
134.641	1
134.664	2
134.757	0
134.757	1
134.769	2
134.873	1
134.885	2
134.896	0
134.978	0
134.978	1
135.001	2
135.094	1
135.105	0
135.105	2
135.210	1
135.221	2
135.303	1
135.326	2
135.430	1
135.442	0
135.442	2
135.581	0
135.651	1
135.663	2
135.674	0
135.755	1
135.779	2
135.860	1
135.883	2
135.976	1
135.999	2
136.011	0
136.034	1
136.057	2
136.069	0
136.092	1
136.220	2
136.313	1
136.324	2
136.348	0
136.417	1
136.440	2
136.452	0
136.475	0
136.533	1
136.545	0
136.545	2
136.649	1
136.661	2
136.684	0
136.731	0
136.766	1
136.777	2
136.870	1
136.893	0
136.893	2
136.986	1
136.986	2
137.009	0
137.091	1
137.114	2
137.137	0
137.207	1
137.218	2
137.230	0
137.334	0
137.427	1
137.439	0
137.439	2
137.485	0
137.543	1
137.555	2
137.648	1
137.660	2
137.752	2
137.764	1
137.776	0
137.834	2
137.996	2
138.089	1
138.101	2
138.112	0
138.194	1
138.217	2
138.310	0
138.310	1
138.321	2
138.426	1
138.437	2
138.449	0
138.530	1
138.542	2
138.646	1
138.670	0
138.670	2
138.762	0
138.762	1
138.762	2
138.867	1
138.890	0
138.890	2
138.983	1
138.995	0
138.995	2
139.111	0
139.204	1
139.215	2
139.250	0
139.308	1
139.331	2
139.343	0
139.366	0
139.401	0
139.424	1
139.436	2
139.471	0
139.540	1
139.552	2
139.564	0
139.610	2
139.622	0
139.645	1
139.680	1
139.773	2
139.865	1
139.877	2
139.900	0
139.981	1
139.993	2
140.005	0
140.028	0
140.098	1
140.098	2
140.202	1
140.225	2
140.237	0
140.318	1
140.318	2
140.434	1
140.446	0
140.446	2
140.539	1
140.562	0
140.643	1
140.666	2
140.678	0
140.759	1
140.771	2
140.783	0
140.899	0
140.922	0
140.980	1
140.992	2
141.015	0
141.108	2
141.119	0
141.212	2
141.317	1
141.328	2
141.340	0
141.386	2
141.421	1
141.433	2
141.549	0
141.549	2
141.560	1
141.653	1
141.665	0
141.665	2
141.746	1
141.769	2
141.862	1
141.886	2
141.990	1
141.990	2
142.002	0
142.083	1
142.106	2
142.211	1
142.222	0
142.222	2
142.315	1
142.327	2
142.420	1
142.431	2
142.443	0
142.536	1
142.547	0
142.547	2
142.559	1
142.652	1
142.663	0
142.756	1
142.780	2
142.791	0
142.896	0
142.896	1
142.919	2
142.954	0
142.977	0
143.023	0
143.047	1
143.070	2
143.093	1
143.116	0
143.174	0
143.197	1
143.221	2
143.348	1
143.360	2
143.430	1
143.453	0
143.488	1
143.511	2
143.546	0
143.604	0
143.639	1
143.662	2
143.755	1
143.790	0
143.813	2
143.848	0
143.871	0
143.929	1
143.952	2
143.987	1
143.999	0
144.091	1
144.103	2
144.126	0
144.173	0
144.196	0
144.231	1
144.254	2
144.370	1
144.405	2
144.475	0
144.533	1
144.556	2
144.567	0
144.672	0
144.672	1
144.695	2
144.765	0
144.800	0
144.811	1
144.846	2
144.869	1
144.893	0
144.951	0
144.974	0
144.974	1
144.997	2
145.148	2
145.206	1
145.229	0
145.264	1
145.287	0
145.287	2
145.415	1
145.438	2
145.531	1
145.566	0
145.589	2
145.624	0
145.647	0
145.705	1
145.728	2
145.763	1
145.775	0
145.868	1
145.891	2
145.903	0
145.972	0
146.007	0
146.007	1
146.030	2
146.065	0
146.088	0
146.146	1
146.181	2
146.228	0
146.286	0
146.309	1
146.332	2
146.344	0
146.413	0
146.448	1
146.471	2
146.576	0
146.599	1
146.622	2
146.646	1
146.669	0
146.762	1
146.773	2
146.913	2
146.982	1
147.006	0
147.040	1
147.064	0
147.064	2
147.087	0
147.156	0
147.203	1
147.226	2
147.319	1
147.342	0
147.365	2
147.435	0
147.482	1
147.505	2
147.540	0
147.540	1
147.644	1
147.667	2
147.679	0
147.737	0
147.783	0
147.795	1
147.807	2
147.865	0
147.946	2
148.004	0
148.062	0
148.085	1
148.108	2
148.120	0
148.190	0
148.236	1
148.248	2
148.283	0
148.306	0
148.376	1
148.399	2
148.422	1
148.457	0
148.538	1
148.550	2
148.677	1
148.701	2
148.759	1
148.782	0
148.817	1
148.840	2
148.875	0
148.979	1
149.002	2
149.095	1
149.119	0
149.142	2
149.177	0
149.200	0
149.258	1
149.281	2
149.316	1
149.328	0
149.420	1
149.444	2
149.455	0
149.560	1
149.583	2
149.653	0
149.711	1
149.734	2
149.838	0
149.862	1
149.885	2
149.896	0
149.954	0
150.013	1
150.024	2
150.094	0
150.152	1
150.175	2
150.198	1
150.233	0
150.314	1
150.326	2
150.477	2
150.535	1
150.570	0
150.605	1
150.616	0
150.616	2
150.756	1
150.767	2
150.872	1
150.895	0
150.918	2
150.953	0
151.034	1
151.057	2
151.092	1
151.104	0
151.208	1
151.220	2
151.232	0
151.255	0
151.348	1
151.359	2
151.452	0
151.487	1
151.499	2
151.568	0
151.591	0
151.626	0
151.650	1
151.661	2
151.673	0
151.731	0
151.789	1
151.800	2
151.870	0
151.928	1
151.951	2
151.975	1
152.009	0
152.091	0
152.091	1
152.102	2
152.242	1
152.253	2
152.311	1
152.346	0
152.381	1
152.393	2
152.532	1
152.543	2
152.648	1
152.683	0
152.694	2
152.741	0
152.834	2
152.892	0
152.985	1
152.996	2
153.008	0
153.031	0
153.066	0
153.124	1
153.136	2
153.228	0
153.263	1
153.275	2
153.345	0
153.368	0
153.426	1
153.437	2
153.449	0
153.507	0
153.565	0
153.565	1
153.588	0
153.588	2
153.646	0
153.704	1
153.728	2
153.763	1
153.786	0
153.867	0
153.867	1
153.890	2
154.018	1
154.030	2
154.088	1
154.122	0
154.157	1
154.169	2
154.180	0
154.308	1
154.320	2
154.424	1
154.459	0
154.471	2
154.540	0
154.622	2
154.668	0
154.761	1
154.773	2
154.784	0
154.900	1
154.912	2
155.005	0
155.040	1
155.063	2
155.121	0
155.202	1
155.214	2
155.237	0
155.283	0
155.341	0
155.353	2
155.365	0
155.423	0
155.469	0
155.481	1
155.504	2
155.539	1
155.574	0
155.643	0
155.643	1
155.667	2
155.794	1
155.806	2
155.876	1
155.899	0
155.922	0
155.934	1
155.945	2
155.980	0
156.085	1
156.108	2
156.201	1
156.235	0
156.247	2
156.317	0
156.340	0
156.375	1
156.398	2
156.433	1
156.444	0
156.537	1
156.549	2
156.572	0
156.619	0
156.677	0
156.677	1
156.688	2
156.700	0
156.781	0
156.816	1
156.839	2
156.897	0
156.920	0
156.955	0
156.979	1
157.002	2
157.060	0
157.095	1
157.106	2
157.199	1
157.211	2
157.246	0
157.315	1
157.327	2
157.338	0
157.396	0
157.420	0
157.420	1
157.431	2
157.536	1
157.547	2
157.652	1
157.663	2
157.675	0
157.733	0
157.756	0
157.756	1
157.780	2
157.861	1
157.872	2
157.977	1
158.000	2
158.012	0
158.093	1
158.105	2
158.209	1
158.221	0
158.314	1
158.325	2
158.337	0
158.383	0
158.418	1
158.441	2
158.453	0
158.511	0
158.546	1
158.557	2
158.650	1
158.662	2
158.708	2
158.755	1
158.778	2
158.801	0
158.836	0
158.871	1
158.883	2
158.952	0
158.987	1
158.999	2
159.022	0
159.092	1
159.103	2
159.115	0
159.173	0
159.196	0
159.196	1
159.219	2
159.312	1
159.324	2
159.428	1
159.440	2
159.451	0
159.509	0
159.533	1
159.544	2
159.568	0
159.614	0
159.637	0
159.649	1
159.660	2
159.753	1
159.777	2
159.869	1
159.893	2
159.985	1
159.997	0
160.090	1
160.113	2
160.125	0
160.194	1
160.218	2
160.229	0
160.322	1
160.334	2
160.427	1
160.438	2
160.473	0
160.485	2
160.531	1
160.554	2
160.566	0
160.624	0
160.647	1
160.659	2
160.670	0
160.729	0
160.752	0
160.763	1
160.775	2
160.868	1
160.891	2
160.949	0
160.984	1
160.996	2
161.088	1
161.112	2
161.205	1
161.216	2
161.228	0
161.309	0
161.309	1
161.332	2
161.379	0
161.425	1
161.437	2
161.541	1
161.553	2
161.564	0
161.611	0
161.646	0
161.646	1
161.669	2
161.762	1
161.773	0
161.866	1
161.890	2
161.901	0
161.948	0
161.982	1
161.994	2
162.099	1
162.110	2
162.203	1
162.215	2
162.273	2
162.307	1
162.331	2
162.342	0
162.400	0
162.424	1
162.435	2
162.447	0
162.505	0
162.528	0
162.540	1
162.551	2
162.575	0
162.644	1
162.667	2
162.679	0
162.725	0
162.760	1
162.772	2
162.865	1
162.888	2
162.981	1
162.992	2
163.016	0
163.085	1
163.097	2
163.120	0
163.201	1
163.225	2
163.248	0
163.318	1
163.329	2
163.341	0
163.399	0
163.422	0
163.422	1
163.445	2
163.538	1
163.550	0
163.643	1
163.666	2
163.677	0
163.724	0
163.759	1
163.770	2
163.840	0
163.875	1
163.886	2
163.979	1
163.991	2
164.049	2
164.095	1
164.119	0
164.420	1
164.455	0
164.537	0
164.757	1
164.792	0
164.873	0
165.094	1
165.117	0
165.175	0
165.314	1
165.338	0
165.431	1
165.454	0
165.512	0
165.674	0
165.872	1
165.907	0
166.011	0
166.208	1
166.232	0
166.534	1
166.568	0
166.673	0
166.696	0
166.766	0
166.870	1
166.905	0
167.010	0
167.091	1
167.114	0
167.207	1
167.230	0
167.288	0
167.451	0
167.648	1
167.683	0
167.787	0
167.845	0
167.880	0
167.985	1
168.008	0
168.066	0
168.089	0
168.310	1
168.345	0
168.472	0
168.647	1
168.681	0
168.867	1
168.890	0
168.983	1
169.006	0
169.064	0
169.123	0
169.227	0
169.332	0
169.424	1
169.459	0
169.564	0
169.587	0
169.691	0
169.761	1
169.796	0
170.086	1
170.121	0
170.225	0
170.423	1
170.458	0
170.539	0
170.643	1
170.667	0
170.760	1
170.794	0
170.899	0
170.922	0
171.003	0
171.108	0
171.247	0
171.363	0
171.886	0
172.222	0
172.246	0
172.582	0
172.884	0
172.989	0
173.047	0
173.128	0
173.859	0
174.440	0
174.544	0
174.660	0
174.788	0
174.811	0
174.869	0
175.171	0
175.775	0
176.112	0
176.251	0
176.437	0
176.541	0
176.681	0
177.215	0
177.331	0
177.551	0
177.667	0
177.888	0
177.993	0
178.213	0
178.341	0
178.364	0
178.422	0
179.328	0
180.001	0
180.245	0
180.825	0
180.976	0
181.441	0
181.557	0
181.766	0
181.917	0
182.892	0
183.356	0
183.658	0
184.320	0
184.436	0
184.657	0
184.773	0
184.993	0
185.109	0
185.330	0
185.458	0
185.841	0
186.445	0
187.211	0
187.350	0
188.082	0
188.662	0
188.883	0
189.010	0
189.034	0
189.092	0
189.997	0
190.473	0
190.659	0
190.764	0
191.437	0
191.553	0
191.774	0
192.110	0
192.215	0
192.435	0
192.563	0
192.586	0
192.644	0
193.225	0
193.550	0
193.921	0
194.026	0
194.223	0
195.048	0
195.199	0
195.779	0
195.988	0
199.645	1
199.761	1
199.877	2
199.982	1
200.086	1
200.110	1
200.319	1
200.319	2
200.539	1
200.644	1
200.771	2
200.876	1
200.887	0
201.004	1
201.085	1
201.108	0
201.201	1
201.213	0
201.317	1
201.421	1
201.654	2
201.828	0
202.095	1
202.095	2
202.211	1
202.292	0
202.315	1
202.443	1
202.513	0
202.536	1
202.536	2
202.652	1
202.664	0
202.850	1
202.989	1
203.000	0
203.209	1
203.314	1
203.430	2
203.546	1
203.639	1
203.674	1
203.871	1
203.871	2
203.894	1
203.987	1
203.999	0
204.092	1
204.208	1
204.312	1
204.324	2
204.428	1
204.440	0
204.637	1
204.661	0
204.765	0
204.765	1
204.881	1
204.928	0
204.974	1
205.206	2
205.415	1
205.531	1
205.601	0
205.648	2
205.845	0
205.868	1
205.984	1
206.065	0
206.100	1
206.100	2
206.205	1
206.228	0
206.414	1
206.541	1
206.553	0
206.878	1
206.948	0
206.983	1
207.099	1
207.203	1
207.226	1
207.435	1
207.644	1
207.761	1
207.877	1
207.981	1
208.004	0
208.097	1
208.190	1
208.225	0
208.318	1
208.434	1
208.538	1
208.747	1
208.968	1
209.328	1
209.398	0
209.432	1
209.618	0
209.653	1
209.757	1
209.781	0
209.966	1
210.071	0
210.094	1
210.106	0
210.431	1
210.651	1
210.756	1
210.779	1
210.988	1
211.093	1
211.209	1
211.313	1
211.371	0
211.429	1
211.545	1
211.557	0
211.650	1
211.743	1
211.778	0
211.870	1
211.882	0
211.987	1
212.091	1
212.300	1
212.521	1
212.846	0
212.962	1
213.194	1
213.310	1
213.333	0
213.519	1
213.635	1
213.658	0
213.867	1
213.879	2
213.891	0
213.983	1
213.995	0
213.995	2
214.088	1
214.100	2
214.204	1
214.216	2
214.227	0
214.309	0
214.309	1
214.320	2
214.343	1
214.436	2
214.541	1
214.552	2
214.564	0
214.668	2
214.773	2
214.877	1
214.889	2
214.901	0
214.982	1
214.994	2
215.098	1
215.110	0
215.203	2
215.214	1
215.226	0
215.319	1
215.330	2
215.423	1
215.435	0
215.435	2
215.551	2
215.609	2
215.644	1
215.655	2
215.771	2
215.876	2
215.980	1
215.980	2
216.004	2
216.097	2
216.213	2
216.317	1
216.317	2
216.398	0
216.433	1
216.433	2
216.514	0
216.538	1
216.549	2
216.654	1
216.665	2
216.735	0
216.758	1
216.770	2
216.874	1
216.886	0
216.979	2
216.990	1
217.083	1
217.107	2
217.176	0
217.188	1
217.211	0
217.211	1
217.211	2
217.327	2
217.385	2
217.432	1
217.432	2
217.455	0
217.536	1
217.548	2
217.652	2
217.757	1
217.768	2
217.780	0
217.861	1
217.873	2
217.896	1
217.989	2
218.093	1
218.105	2
218.117	0
218.210	1
218.221	0
218.221	2
218.256	0
218.314	1
218.326	2
218.430	1
218.442	2
218.453	0
218.535	1
218.546	2
218.651	1
218.662	0
218.755	2
218.767	1
218.778	0
218.871	1
218.883	2
218.987	1
218.999	0
218.999	2
219.103	2
219.162	2
219.208	1
219.208	2
219.324	2
219.429	2
219.545	1
219.556	0
219.556	2
219.626	0
219.649	2
219.765	2
219.823	0
219.847	0
219.881	1
219.881	2
219.986	1
219.986	2
220.067	0
220.090	1
220.102	2
220.206	1
220.218	2
220.288	0
220.323	1
220.323	2
220.427	1
220.439	0
220.532	2
220.543	1
220.636	1
220.659	2
220.764	1
220.764	2
220.775	0
220.868	2
220.984	1
220.984	2
221.008	0
221.100	1
221.100	2
221.147	0
221.205	1
221.217	2
221.321	1
221.333	0
221.333	2
221.425	1
221.437	2
221.449	1
221.542	2
221.658	1
221.669	0
221.669	2
221.751	1
221.774	2
221.878	2
221.983	1
221.994	2
222.006	0
222.087	1
222.110	2
222.215	0
222.215	1
222.319	2
222.331	1
222.343	0
222.412	1
222.436	2
222.540	1
222.552	0
222.552	2
222.656	2
222.668	0
222.714	2
222.761	1
222.772	2
222.784	0
222.807	0
222.830	0
222.877	2
222.993	2
223.097	1
223.109	2
223.121	0
223.202	2
223.318	2
223.434	1
223.434	2
223.539	1
223.550	2
223.620	0
223.643	1
223.666	2
223.759	1
223.771	2
223.840	0
223.875	1
223.887	2
223.991	0
223.991	1
224.096	1
224.096	2
224.189	1
224.212	2
224.223	0
224.305	1
224.328	0
224.340	2
224.432	2
224.444	0
224.479	1
224.502	2
224.537	1
224.549	2
224.560	0
224.653	1
224.653	2
224.781	2
224.874	1
224.885	2
224.897	0
224.978	1
224.990	2
225.094	2
225.210	1
225.222	0
225.222	2
225.326	1
225.326	2
225.431	1
225.443	2
225.547	1
225.547	2
225.559	0
225.652	1
225.663	2
225.768	1
225.779	0
225.872	2
225.895	0
225.895	1
225.965	1
225.988	2
226.000	0
226.093	1
226.104	0
226.116	2
226.220	2
226.278	2
226.313	1
226.325	2
226.337	0
226.429	2
226.522	1
226.545	2
226.650	1
226.662	2
226.743	1
226.766	2
226.871	2
226.894	1
226.987	1
226.987	2
227.068	0
227.091	2
227.184	1
227.219	2
227.312	2
227.323	1
227.405	0
227.405	1
227.439	2
227.544	1
227.556	0
227.648	1
227.660	2
227.741	1
227.765	2
227.776	0
227.857	1
227.881	0
227.881	2
227.985	2
228.043	2
228.101	1
228.113	0
228.113	2
228.206	1
228.206	2
228.310	1
228.322	2
228.426	1
228.438	2
228.450	0
228.531	1
228.542	2
228.566	1
228.647	2
228.763	1
228.775	2
228.786	0
228.891	2
228.995	2
229.100	1
229.100	2
229.111	0
229.204	1
229.216	2
229.320	1
229.332	0
229.425	2
229.436	1
229.448	0
229.541	1
229.552	2
229.657	0
229.657	1
229.669	2
229.773	2
229.831	2
229.878	1
229.878	2
229.994	2
230.098	2
230.214	1
230.214	2
230.330	2
230.435	2
230.539	1
230.539	2
230.655	2
230.760	1
230.772	2
230.876	1
230.888	2
230.980	1
230.992	2
231.097	1
231.108	0
231.213	1
231.329	2
231.433	1
231.433	2
231.549	2
231.654	1
231.758	1
231.782	2
231.886	2
231.991	1
232.095	2
232.223	2
232.316	1
232.548	2
232.652	1
232.664	2
232.885	0
232.989	1
233.105	2
233.210	1
233.430	1
233.767	1
234.429	1
