0.476	2
0.731	0
1.196	1
1.231	0
1.718	0
2.450	1
2.473	0
2.972	0
3.216	0
3.692	1
3.715	0
4.214	0
4.458	2
4.725	0
5.190	1
5.213	0
5.700	0
6.432	1
6.455	0
6.954	0
7.198	0
7.674	1
7.697	0
8.197	0
8.440	2
8.707	0
9.172	1
9.195	0
9.694	0
10.414	1
10.437	0
10.937	0
11.180	0
11.656	1
11.680	0
12.179	0
12.423	2
12.690	0
13.154	1
13.177	0
13.677	0
14.396	1
14.420	0
14.919	0
15.163	0
15.639	1
15.662	0
16.161	0
16.405	2
16.660	0
17.136	1
17.160	0
17.392	2
17.636	1
17.659	0
18.135	2
18.379	1
18.402	0
18.878	2
18.901	0
19.122	1
19.145	0
19.621	1
19.644	0
20.143	0
20.387	2
20.643	0
21.119	1
21.142	0
21.211	0
21.374	2
21.618	1
21.641	0
22.117	2
22.361	1
22.384	0
22.860	2
22.883	0
23.139	0
23.603	1
23.638	0
24.126	0
24.369	2
24.602	2
24.625	0
24.741	1
25.101	1
25.101	2
25.124	0
25.194	0
25.228	2
25.472	2
25.600	1
25.623	0
25.844	2
26.099	2
26.343	1
26.366	0
26.366	2
26.598	2
26.726	1
26.865	0
27.098	2
27.121	0
27.225	2
27.469	2
27.597	1
27.620	0
27.841	2
27.968	1
28.096	2
28.108	0
28.340	1
28.352	2
28.607	0
28.711	1
28.839	1
29.083	1
29.106	0
29.176	0
29.211	1
29.582	1
29.710	1
29.965	1
30.337	1
30.453	1
30.708	1
30.836	1
31.080	1
31.208	1
31.359	0
31.579	1
31.707	1
31.742	0
31.951	1
32.334	2
32.473	0
32.682	1
32.717	0
32.949	1
32.972	0
33.042	0
33.321	1
33.344	0
33.588	0
33.692	1
33.715	0
33.936	1
33.959	0
34.215	0
34.331	2
34.458	0
34.691	1
34.714	0
34.958	0
35.318	1
35.341	0
35.585	0
35.701	0
35.933	1
35.956	0
36.200	0
36.316	2
36.455	0
36.676	1
36.699	0
36.931	1
36.955	0
37.303	1
37.326	0
37.570	0
37.674	1
37.698	0
37.918	1
37.953	0
38.197	0
38.313	2
38.441	0
38.661	1
38.696	0
38.917	1
38.951	0
39.160	1
39.311	0
39.567	0
39.695	0
39.915	1
39.938	0
40.194	0
40.298	2
40.414	1
40.438	0
40.658	1
40.681	0
40.914	1
40.937	0
40.995	0
41.285	1
41.308	0
41.552	0
41.657	1
41.680	0
41.912	1
41.935	0
42.179	0
42.295	2
42.423	0
42.446	0
42.655	1
42.678	0
42.922	0
43.282	1
43.305	0
43.549	0
43.654	1
43.677	0
43.897	1
43.921	0
44.176	0
44.280	2
44.420	0
44.640	1
44.664	0
44.919	0
45.291	0
45.546	0
45.639	1
45.662	0
45.894	1
45.917	0
46.161	0
46.266	1
46.277	2
46.405	0
46.660	0
46.730	0
46.765	1
46.893	1
46.904	0
47.020	1
47.137	1
47.287	0
47.508	1
47.531	0
47.636	1
47.659	0
47.891	1
47.903	0
48.158	0
48.274	2
48.402	0
48.623	1
48.657	0
48.878	1
48.901	0
49.273	0
49.528	0
49.644	0
49.876	1
49.900	0
50.120	1
50.143	0
50.260	2
50.399	0
50.608	1
50.643	0
50.898	0
51.270	0
51.513	0
51.618	1
51.641	0
51.862	1
51.885	0
52.140	0
52.257	2
52.384	0
52.616	1
52.640	0
52.860	1
52.895	0
53.267	0
53.510	0
53.626	0
53.859	1
53.882	0
54.126	0
54.242	2
54.381	0
54.602	1
54.625	0
54.857	1
54.880	0
55.252	0
55.496	0
55.623	0
55.844	1
55.879	0
56.123	0
56.239	2
56.366	0
56.599	1
56.622	0
56.680	0
56.842	1
56.866	0
57.237	0
57.493	0
57.609	0
57.841	1
57.864	0
58.108	0
58.224	2
58.363	0
58.584	1
58.607	0
58.828	1
58.851	0
59.234	0
59.478	0
59.606	0
59.838	1
59.861	0
60.082	1
60.105	0
60.221	2
60.349	0
60.581	1
60.604	0
60.848	0
61.219	0
61.475	0
61.579	1
61.603	0
61.823	1
61.846	0
62.102	0
62.206	1
62.578	1
62.694	1
62.949	1
63.077	1
63.414	0
63.449	1
63.565	1
63.820	1
64.192	1
64.203	2
64.319	1
64.331	0
64.563	1
64.586	0
64.830	0
64.946	1
65.062	1
65.213	0
65.434	1
65.457	0
65.562	1
65.585	0
65.817	1
65.829	0
66.084	0
66.188	1
66.200	2
66.305	1
66.328	0
66.421	1
66.548	1
66.583	0
66.688	1
66.827	0
66.932	1
67.059	1
67.199	0
67.431	1
67.454	0
67.570	0
67.802	1
67.825	0
68.069	0
68.174	1
68.185	2
68.313	0
68.545	1
68.569	0
68.638	0
68.673	1
68.824	0
68.928	1
69.056	1
69.195	0
69.416	1
69.439	0
69.544	1
69.567	0
69.799	1
69.811	0
70.066	0
70.171	1
70.182	2
70.287	1
70.310	0
70.565	0
70.670	1
70.809	0
70.914	1
71.041	1
71.181	0
71.413	1
71.436	0
71.552	0
71.784	1
71.808	0
72.052	0
72.156	1
72.168	2
72.284	1
72.307	0
72.551	0
72.655	1
72.806	0
72.911	1
73.027	1
73.178	0
73.410	1
73.421	0
73.526	1
73.549	0
73.781	1
73.793	0
74.048	0
74.153	1
74.165	2
74.292	0
74.513	1
74.548	0
74.652	1
74.791	0
74.896	1
75.024	1
75.175	0
75.395	1
75.418	0
75.523	1
75.546	0
75.767	1
75.790	0
76.034	0
76.138	1
76.150	2
76.289	0
76.533	0
76.637	1
76.788	0
76.893	1
77.021	1
77.392	1
77.508	1
77.764	1
78.135	1
78.379	1
78.762	1
78.878	1
79.006	1
79.134	1
79.308	0
79.377	1
79.749	1
79.877	1
80.004	1
80.132	1
80.132	2
80.248	1
80.271	0
80.515	0
80.620	1
80.771	0
80.794	0
80.875	1
81.003	1
81.142	0
81.374	1
81.386	0
81.490	1
81.514	0
81.746	1
81.769	0
82.013	0
82.117	1
82.129	2
82.245	1
82.268	0
82.489	1
82.512	0
82.617	1
82.756	0
82.860	1
82.988	1
83.139	0
83.360	1
83.383	0
83.487	1
83.511	0
83.743	1
83.754	0
84.010	0
84.114	1
84.114	2
84.230	1
84.254	0
84.509	0
84.602	1
84.753	0
84.857	1
84.985	1
85.124	0
85.357	1
85.368	0
85.484	1
85.496	0
85.728	1
85.751	0
85.995	0
86.100	1
86.111	2
86.227	1
86.251	0
86.494	0
86.599	1
86.738	0
86.854	1
86.970	1
87.121	0
87.342	1
87.365	0
87.470	1
87.493	0
87.725	1
87.737	0
87.992	0
88.097	1
88.108	2
88.201	1
88.247	0
88.491	0
88.596	1
88.735	0
88.967	1
89.107	0
89.339	1
89.362	0
89.466	1
89.478	0
89.710	1
89.734	0
89.977	0
90.082	1
90.093	2
90.210	1
90.233	0
90.477	0
90.581	1
90.732	0
90.790	0
90.836	1
90.953	1
91.103	0
91.336	1
91.347	0
91.452	1
91.475	0
91.707	1
91.719	0
91.974	0
92.079	1
92.090	2
92.218	0
92.473	0
92.578	1
92.717	0
92.822	1
92.949	1
93.321	1
93.449	1
93.693	1
94.447	1
94.563	2
94.691	1
95.562	2
95.806	1
96.061	1
96.073	2
96.305	1
96.328	0
96.827	0
97.059	1
97.303	1
97.326	0
97.535	1
97.559	1
97.802	1
98.035	1
98.069	0
98.557	1
98.569	0
98.801	1
98.824	0
99.300	1
99.312	0
99.811	0
100.043	1
100.055	2
100.809	0
101.042	1
101.285	1
101.309	0
101.541	1
101.785	1
102.052	0
102.539	1
102.551	0
102.783	1
102.806	0
103.282	1
103.306	0
103.793	0
104.025	1
104.049	2
104.281	1
104.292	0
104.792	0
104.861	0
105.024	1
105.291	0
105.523	1
105.767	1
105.825	0
105.999	1
106.046	0
106.522	1
106.545	0
106.789	0
107.265	1
107.288	0
107.787	0
108.008	1
108.031	2
108.774	0
109.006	1
109.250	1
109.273	0
109.505	1
109.749	1
110.016	0
110.504	1
110.527	0
110.748	1
110.771	0
111.247	1
111.270	0
111.769	0
111.990	1
112.013	2
112.245	1
112.257	0
112.733	1
112.756	0
112.826	0
112.988	1
113.232	1
113.255	0
113.488	1
113.731	1
113.964	1
114.010	0
114.486	1
114.509	0
114.730	1
114.753	0
115.229	1
115.252	0
115.728	1
115.751	0
115.984	1
115.995	2
116.227	1
116.750	0
116.971	1
117.238	0
117.470	1
117.725	1
117.992	0
118.468	1
118.491	0
118.712	1
118.735	0
119.211	1
119.234	0
119.710	1
119.734	0
119.966	1
119.978	2
120.210	1
120.233	0
120.732	0
120.953	1
121.220	0
121.452	1
121.707	1
121.974	0
122.450	1
122.474	0
122.694	1
122.717	0
123.193	1
123.217	0
123.693	1
123.716	0
123.948	1
123.960	2
124.192	1
124.215	0
124.714	0
124.935	1
125.202	0
125.434	1
125.690	1
125.933	1
126.061	1
126.084	0
126.305	1
126.328	0
126.433	1
126.572	0
126.688	1
126.804	1
126.932	0
127.083	0
127.176	1
127.303	1
127.327	0
127.431	1
127.559	1
127.570	0
127.675	1
127.954	0
128.302	1
128.325	0
128.546	1
128.569	0
128.697	2
128.801	1
128.917	1
128.940	0
129.196	0
129.312	0
129.416	1
129.544	1
129.567	0
129.811	2
129.939	0
130.287	1
130.310	0
130.380	0
130.531	1
130.554	0
130.682	2
130.786	1
130.937	0
131.181	0
131.286	1
131.309	0
131.413	1
131.529	1
131.553	0
131.808	2
131.936	0
132.284	1
132.307	0
132.528	1
132.551	0
132.679	2
132.783	1
132.923	0
133.178	0
133.294	0
133.399	1
133.526	1
133.550	0
133.793	2
133.921	0
134.269	1
134.293	0
134.525	1
134.548	0
134.664	2
134.769	1
134.920	0
135.163	0
135.268	1
135.291	0
135.396	1
135.512	1
135.546	0
135.790	2
135.918	0
136.266	1
136.290	0
136.533	0
136.661	2
136.766	1
136.893	1
136.905	0
137.160	0
137.265	1
137.288	0
137.392	1
137.509	1
137.532	0
137.776	2
137.903	0
138.252	1
138.275	0
138.507	1
138.530	0
138.646	2
138.762	1
138.902	0
139.146	0
139.273	0
139.378	1
139.505	1
139.529	0
139.773	2
139.900	0
140.249	1
140.272	0
140.341	0
140.492	1
140.516	0
140.643	2
140.748	1
140.875	1
140.887	0
141.142	0
141.270	0
141.375	1
141.491	1
141.514	0
141.758	2
141.874	1
141.886	0
141.990	1
142.257	0
142.362	1
142.489	1
142.512	0
142.617	1
142.629	2
142.745	1
142.884	0
143.116	1
143.139	0
143.232	1
143.256	0
143.360	1
143.488	1
143.511	0
143.755	2
143.882	0
144.231	1
144.254	0
144.509	0
144.625	2
144.730	1
144.858	1
144.881	0
145.125	0
145.229	1
145.252	0
145.357	1
145.473	1
145.496	0
145.752	2
145.868	0
146.228	1
146.251	0
146.495	0
146.622	2
146.727	1
146.866	0
147.122	0
147.215	1
147.238	0
147.342	1
147.470	1
147.493	0
147.737	2
147.841	1
147.865	0
148.213	1
148.236	0
148.306	0
148.468	1
148.492	0
148.550	0
148.608	2
148.712	1
148.863	0
149.107	0
149.211	1
149.235	0
149.339	1
149.455	1
149.478	0
149.734	2
149.862	0
150.210	1
150.233	0
150.477	0
150.605	2
150.709	1
150.825	1
150.848	0
151.104	0
151.220	0
151.324	1
151.452	1
151.475	0
151.719	2
151.847	0
152.195	1
152.218	0
152.288	0
152.451	1
152.474	0
152.590	2
152.694	1
152.822	1
152.845	0
153.089	0
153.217	0
153.321	1
153.437	1
153.472	0
153.716	2
153.844	0
154.192	1
154.215	0
154.436	1
154.459	0
154.587	2
154.691	1
154.807	1
154.842	0
155.086	0
155.214	0
155.307	1
155.434	1
155.458	0
155.701	2
155.829	0
156.177	1
156.201	0
156.270	0
156.456	0
156.572	2
156.677	1
156.828	0
157.071	0
157.199	0
157.304	1
157.420	1
157.455	0
157.698	2
157.803	1
157.826	0
158.198	0
158.418	1
158.453	0
158.546	1
158.569	2
158.674	1
159.045	1
159.173	1
159.428	1
159.800	1
159.811	0
160.044	1
160.067	0
160.171	1
160.287	1
160.415	1
160.543	1
160.566	0
160.670	1
160.787	1
160.810	0
160.810	2
161.042	1
161.054	0
161.158	1
161.181	0
161.286	1
161.414	1
161.437	0
161.681	2
161.785	1
161.808	0
162.029	1
162.052	0
162.157	1
162.284	1
162.412	1
162.528	1
162.551	0
162.656	1
162.807	0
163.027	1
163.051	0
163.155	1
163.178	0
163.283	1
163.399	1
163.422	0
163.782	1
163.794	0
164.026	1
164.049	0
164.270	1
164.397	1
164.548	0
164.653	1
164.792	0
164.792	2
165.024	1
165.047	0
165.164	0
165.268	1
165.396	1
165.419	0
165.663	2
165.767	1
165.790	0
166.034	0
166.104	0
166.139	1
166.266	1
166.394	1
166.510	1
166.534	0
166.638	1
166.789	0
167.010	1
167.033	0
167.137	1
167.160	0
167.265	1
167.393	1
167.404	0
167.660	0
167.660	2
167.764	1
167.787	0
168.008	1
168.031	0
168.136	1
168.263	1
168.391	1
168.542	0
168.635	1
168.774	0
168.774	2
169.006	1
169.030	0
169.134	1
169.146	0
169.250	1
169.378	1
169.401	0
169.645	2
169.749	1
169.773	0
169.877	1
169.993	1
170.017	0
170.121	1
170.249	1
170.376	1
170.504	1
170.527	0
170.620	1
170.748	1
170.771	0
170.771	2
171.003	1
171.015	0
171.119	1
171.143	0
171.247	1
171.375	1
171.386	0
171.642	2
171.746	1
171.770	0
171.990	1
172.013	0
172.118	1
172.246	1
172.362	1
172.489	1
172.513	0
172.617	1
172.756	0
172.756	2
172.989	1
173.012	0
173.140	0
173.232	1
173.360	1
173.383	0
173.627	2
173.732	1
173.987	1
174.359	1
174.602	1
174.730	1
174.986	1
175.357	1
175.473	1
175.601	1
175.729	1
175.845	1
175.868	0
175.984	1
176.007	0
176.100	1
176.228	1
176.344	1
176.367	0
176.472	1
176.495	2
176.599	1
176.715	1
176.750	0
176.971	1
176.994	0
177.099	1
177.122	0
177.226	1
177.366	0
177.609	2
177.726	1
177.772	0
177.842	1
177.876	0
177.981	1
178.004	0
178.074	0
178.097	1
178.225	1
178.341	1
178.364	0
178.469	1
178.480	2
178.596	1
178.712	1
178.736	0
178.968	1
178.991	0
179.084	1
179.107	0
179.212	1
179.363	0
179.606	2
179.618	0
179.711	1
179.839	1
179.862	0
179.978	1
179.989	0
180.082	1
180.210	1
180.349	0
180.419	0
180.465	1
180.477	2
180.582	1
180.733	0
180.953	1
180.976	0
181.081	1
181.104	0
181.209	1
181.325	1
181.348	0
181.592	2
181.708	1
181.824	1
181.847	0
181.963	1
181.986	0
182.079	1
182.207	1
182.346	0
182.451	1
182.462	2
182.579	1
182.718	0
182.950	1
182.973	0
183.066	1
183.089	0
183.194	1
183.322	1
183.345	0
183.589	2
183.600	0
183.693	1
183.821	1
183.844	0
183.960	1
183.983	0
184.065	1
184.192	1
184.343	0
184.436	1
184.459	2
184.564	1
184.715	0
184.935	1
184.959	0
185.063	1
185.086	0
185.191	1
185.318	1
185.330	0
185.585	2
185.690	1
185.829	0
185.945	1
185.969	0
186.038	0
186.061	1
186.189	1
186.329	0
186.433	1
186.456	2
186.561	1
186.677	1
186.700	0
186.932	1
186.955	0
187.060	1
187.072	0
187.176	1
187.304	1
187.327	0
187.571	2
187.675	1
187.803	1
187.826	0
187.942	1
187.966	0
188.058	1
188.175	1
188.325	0
188.430	1
188.442	2
188.546	1
188.674	1
188.697	0
188.918	1
188.941	0
189.045	1
189.068	0
189.173	1
189.289	1
189.312	0
189.568	2
189.672	1
189.870	0
189.962	0
190.020	0
190.171	1
190.288	1
190.311	0
190.415	1
190.438	2
190.543	1
190.659	1
190.682	0
190.914	1
190.938	0
191.042	1
191.054	0
191.286	1
191.658	1
191.681	0
191.808	0
191.878	0
192.041	1
192.284	1
192.308	0
192.401	1
192.424	2
192.528	1
192.679	0
192.911	1
192.923	0
193.027	1
193.051	0
193.155	1
193.283	1
193.306	0
193.550	1
193.654	1
193.678	0
193.794	0
193.863	0
194.026	1
194.154	1
194.293	0
194.397	1
194.421	2
194.525	1
194.664	0
194.897	1
194.920	0
195.024	1
195.048	0
195.152	1
195.268	1
195.291	0
195.535	2
195.651	1
195.663	0
195.791	0
195.849	0
196.023	1
196.139	1
196.290	0
196.394	1
196.406	2
196.522	1
196.661	0
196.894	1
196.917	0
197.010	1
197.033	0
197.137	1
197.254	1
197.288	0
197.532	2
197.637	1
197.660	0
197.788	0
198.008	1
198.136	1
198.275	0
198.380	1
198.403	2
198.507	1
198.658	0
198.879	1
198.902	0
199.007	1
199.030	0
199.134	1
199.250	1
199.274	0
199.634	1
200.005	1
200.377	1
201.247	1
201.619	1
201.990	1
202.362	1
203.244	1
203.616	1
203.987	1
204.359	1
205.230	1
205.601	1
205.973	1
206.356	1
207.226	1
207.598	1
207.970	1
208.341	1
209.212	1
209.583	1
209.966	1
210.326	1
211.209	1
211.580	1
211.952	1
212.323	1
213.194	1
213.566	1
213.949	1
214.320	1
215.191	1
