8.800	0
9.323	0
9.845	0
10.368	0
10.890	0
11.413	0
11.935	0
12.458	0
12.980	0
13.502	0
14.025	0
14.547	0
15.070	0
15.592	0
16.115	0
16.637	0
17.160	0
17.670	0
18.193	0
18.715	0
19.238	0
19.760	0
20.283	0
20.805	0
21.328	0
21.850	0
22.372	0
22.895	0
23.417	0
23.928	0
24.462	0
24.973	0
25.496	0
26.030	0
26.552	0
27.063	0
27.585	0
28.108	0
28.630	0
29.153	0
29.675	0
30.198	0
30.720	0
31.242	0
31.765	0
33.843	1
33.855	0
33.878	0
34.110	2
34.226	1
34.249	0
34.366	1
34.377	0
34.621	1
34.621	2
34.644	0
34.888	1
34.900	0
35.016	1
35.039	0
35.143	1
35.167	0
35.410	1
35.422	0
35.666	2
35.677	0
35.933	1
35.944	0
36.188	2
36.316	1
36.339	0
36.444	1
36.467	0
36.711	1
36.734	0
36.978	0
36.978	2
37.105	1
37.105	2
37.129	0
37.233	1
37.233	2
37.256	0
37.489	1
37.512	0
37.767	1
37.814	1
38.011	1
38.034	0
38.278	2
38.406	1
38.417	0
38.534	1
38.557	0
38.580	0
38.801	1
38.801	2
38.812	0
39.056	1
39.068	0
39.184	1
39.219	0
39.311	1
39.335	0
39.578	1
39.590	0
39.845	2
40.101	1
40.124	0
40.147	0
40.368	2
40.496	1
40.519	0
40.623	1
40.635	0
40.890	1
40.914	0
41.146	2
41.157	0
41.273	1
41.285	2
41.297	0
41.413	2
41.424	0
41.668	1
41.691	0
41.935	1
42.051	1
42.191	1
42.202	0
42.458	2
42.574	1
42.597	0
42.713	1
42.725	0
42.969	1
42.969	2
42.992	0
43.236	0
43.236	1
43.363	1
43.386	0
43.491	1
43.514	0
43.758	1
43.770	0
44.013	2
44.280	1
44.292	0
44.536	1
44.536	2
44.664	1
44.687	0
44.791	1
44.815	0
45.058	1
45.082	0
45.325	0
45.325	2
45.453	1
45.453	2
45.476	0
45.581	1
45.581	2
45.604	0
45.836	1
45.859	0
46.115	1
46.161	1
46.370	1
46.382	0
46.405	0
46.626	2
46.753	1
46.765	0
46.881	1
46.904	0
47.148	1
47.148	2
47.160	0
47.404	1
47.427	0
47.531	1
47.566	0
47.671	1
47.682	0
47.926	1
47.949	0
48.193	2
48.205	0
48.448	1
48.472	0
48.715	2
48.843	1
48.866	0
48.971	1
48.994	0
49.226	1
49.261	0
49.493	2
49.505	0
49.621	1
49.633	2
49.644	0
49.749	1
49.760	2
49.772	0
50.016	1
50.039	0
50.283	1
50.399	1
50.550	0
50.805	2
50.921	1
50.945	0
51.061	1
51.072	0
51.316	1
51.328	2
51.339	0
51.583	0
51.583	1
51.711	1
51.734	0
51.850	1
51.862	0
52.106	1
52.117	0
52.361	2
52.373	0
52.396	1
52.628	1
52.640	0
52.883	2
53.011	1
53.034	0
53.150	1
53.162	0
53.406	1
53.429	0
53.673	0
53.673	2
53.801	1
53.801	2
53.824	0
53.928	1
53.928	2
53.952	0
54.184	1
54.207	0
54.462	1
54.706	1
54.741	0
54.973	2
55.101	1
55.113	0
55.229	1
55.252	0
55.275	0
55.496	1
55.496	2
55.507	0
55.751	1
55.763	0
55.879	1
55.914	0
56.018	1
56.030	0
56.274	1
56.297	0
56.541	2
56.552	0
56.796	1
56.819	0
57.063	2
57.191	1
57.214	0
57.318	1
57.330	0
57.585	1
57.609	0
57.841	2
57.853	0
57.969	1
57.980	2
57.992	0
58.096	1
58.108	2
58.120	0
58.363	1
58.387	0
58.630	1
58.735	1
58.886	1
58.909	0
59.153	2
59.269	1
59.292	0
59.408	1
59.420	0
59.664	1
59.675	2
59.687	0
59.931	1
59.942	0
60.058	1
60.082	0
60.198	1
60.209	0
60.453	1
60.465	0
60.720	0
60.720	2
60.976	1
60.987	0
61.231	2
61.359	1
61.382	0
61.498	1
61.510	0
61.753	1
61.777	0
62.020	2
62.032	0
62.148	1
62.148	2
62.171	0
62.276	1
62.276	2
62.299	0
62.531	1
62.555	0
62.810	1
62.903	1
63.054	1
63.321	2
63.588	0
63.843	2
64.099	1
64.110	0
64.366	1
64.621	1
64.633	0
64.888	2
64.900	0
65.155	0
65.411	2
65.654	1
65.678	0
66.200	0
66.723	0
67.245	0
67.767	0
68.290	0
68.801	0
69.323	0
69.846	0
70.368	0
70.891	0
71.413	0
71.935	0
72.458	0
72.980	0
73.503	0
74.025	0
74.548	0
75.070	0
75.593	0
76.115	0
76.626	0
77.160	0
77.682	0
78.193	0
78.716	0
79.238	0
83.929	1
83.952	0
83.975	0
84.196	2
84.323	1
84.335	0
84.451	1
84.463	0
84.706	1
84.718	2
84.730	0
84.950	2
84.973	1
84.985	0
85.101	1
85.124	0
85.240	1
85.252	0
85.496	1
85.507	0
85.751	1
85.763	2
85.775	0
86.018	1
86.030	0
86.274	1
86.274	2
86.401	1
86.425	0
86.529	1
86.552	0
86.796	1
86.819	0
87.063	2
87.075	0
87.191	1
87.191	2
87.214	0
87.319	1
87.319	2
87.342	0
87.586	1
87.597	0
87.853	1
87.946	1
88.097	1
88.120	0
88.143	0
88.364	2
88.491	1
88.503	0
88.619	1
88.642	0
88.886	1
88.886	2
88.909	0
89.153	0
89.153	1
89.269	1
89.304	0
89.408	1
89.420	0
89.664	1
89.687	0
89.919	1
89.931	2
89.942	0
90.186	1
90.210	0
90.233	0
90.453	2
90.581	1
90.604	0
90.709	1
90.720	0
90.976	1
90.999	0
91.231	2
91.254	0
91.359	1
91.371	2
91.382	0
91.498	2
91.510	0
91.754	1
91.777	0
92.021	1
92.137	1
92.276	1
92.288	0
92.543	2
92.671	1
92.682	0
92.799	1
92.822	0
93.054	1
93.077	0
93.321	1
93.333	0
93.449	1
93.472	0
93.495	0
93.576	1
93.600	0
93.843	1
93.855	0
94.110	0
94.110	2
94.122	1
94.285	2
94.366	1
94.378	0
94.621	1
94.633	2
94.749	1
94.772	0
94.888	1
94.900	0
95.144	1
95.167	0
95.411	2
95.422	0
95.539	1
95.539	2
95.562	0
95.666	1
95.666	2
95.689	0
95.922	1
95.945	0
96.200	1
96.444	1
96.467	0
96.711	2
96.839	1
96.850	0
96.978	1
96.990	0
97.234	1
97.234	2
97.245	0
97.489	1
97.501	0
97.628	1
97.652	0
97.756	1
97.768	0
98.011	1
98.035	0
98.267	1
98.278	2
98.534	1
98.557	0
98.801	2
98.929	1
98.952	0
99.056	1
99.080	0
99.323	1
99.347	0
99.579	2
99.590	0
99.706	1
99.718	2
99.730	0
99.834	1
99.846	2
99.857	0
100.101	1
100.124	0
100.368	1
100.473	1
100.496	1
100.635	1
100.647	0
100.891	2
101.007	1
101.030	0
101.146	1
101.158	0
101.402	1
101.413	2
101.425	0
101.622	2
101.669	1
101.680	0
101.796	1
101.820	0
101.936	1
101.947	0
102.191	1
102.203	0
102.458	2
102.713	1
102.725	0
102.969	1
102.980	2
103.097	1
103.120	0
103.236	1
103.248	0
103.491	1
103.515	0
103.758	2
103.770	0
103.886	1
103.886	2
103.909	0
104.014	1
104.025	2
104.037	0
104.269	1
104.292	0
104.548	1
104.792	1
104.826	0
105.059	2
105.186	1
105.198	0
105.314	1
105.337	0
105.581	1
105.581	2
105.604	0
105.837	1
105.848	0
105.964	1
105.999	0
106.104	1
106.115	0
106.359	1
106.382	0
106.626	1
106.626	2
106.881	1
106.905	0
107.137	1
107.148	2
107.276	1
107.299	0
107.404	1
107.416	0
107.671	1
107.694	0
107.926	2
107.938	0
108.054	1
108.066	2
108.077	0
108.193	2
108.205	0
108.449	1
108.472	0
108.716	1
108.832	1
108.994	0
109.238	2
109.354	1
109.378	0
109.494	1
109.517	0
109.540	0
109.761	1
109.761	2
109.772	0
110.016	1
110.028	0
110.144	1
110.167	0
110.190	0
110.283	1
110.295	0
110.539	1
110.550	0
110.794	2
110.806	0
111.061	1
111.073	0
111.328	2
111.456	1
111.479	0
111.583	1
111.595	0
111.851	1
111.862	0
111.885	0
112.106	2
112.118	0
112.234	1
112.234	2
112.257	0
112.373	2
112.385	0
112.628	1
112.640	0
112.895	1
112.988	1
113.139	1
113.162	0
113.406	2
113.418	1
113.662	1
113.685	0
113.929	2
114.184	1
114.196	0
114.451	1
114.707	1
114.718	0
114.974	2
114.985	0
115.241	0
115.484	1
115.496	2
115.751	1
115.763	0
116.286	0
116.286	2
116.413	2
116.541	2
116.808	0
150.709	1
150.732	0
150.976	2
151.104	1
151.115	0
151.232	1
151.255	0
151.499	1
151.499	2
151.510	0
151.731	2
151.754	1
151.766	0
151.882	1
151.905	0
152.021	1
152.033	0
152.276	1
152.288	0
152.543	0
152.543	2
152.799	1
152.822	0
153.066	1
153.066	2
153.194	1
153.217	0
153.240	2
153.321	1
153.333	0
153.577	1
153.600	0
153.844	2
153.855	0
153.972	1
153.972	2
153.995	0
154.099	1
154.111	2
154.122	0
154.366	1
154.389	0
154.633	1
154.726	1
154.889	1
154.912	0
154.935	0
155.144	2
155.272	1
155.283	0
155.411	1
155.423	0
155.667	1
155.667	2
155.690	0
155.922	1
155.934	0
156.061	1
156.085	0
156.189	1
156.201	0
156.444	1
156.468	0
156.711	2
156.723	0
156.967	1
156.990	0
157.234	2
157.362	1
157.385	0
157.489	1
157.513	0
157.756	1
157.780	0
158.023	2
158.035	0
158.140	1
158.151	2
158.174	0
158.279	1
158.279	2
158.290	0
158.534	1
158.557	0
158.813	1
158.906	1
159.057	1
159.080	0
159.324	2
159.451	1
159.463	0
159.579	1
159.602	0
159.835	1
159.846	2
159.858	0
160.113	0
160.113	1
160.229	1
160.253	0
160.369	1
160.380	0
160.624	1
160.636	0
160.891	0
160.891	2
161.065	2
161.146	1
161.158	0
161.402	1
161.414	2
161.541	1
161.564	0
161.669	1
161.681	0
161.924	1
161.948	0
162.191	2
162.203	0
162.319	1
162.319	2
162.342	0
162.447	1
162.458	2
162.470	0
162.714	1
162.725	0
162.760	0
162.981	1
163.074	1
163.236	1
163.260	0
163.492	2
163.619	1
163.643	0
163.759	1
163.770	0
164.014	1
164.014	2
164.037	0
164.270	1
164.281	0
164.409	1
164.432	0
164.537	1
164.560	0
164.792	1
164.815	0
165.059	2
165.071	0
165.314	1
165.338	0
165.581	2
165.709	1
165.732	0
165.849	1
165.860	0
166.104	1
166.139	0
166.371	2
166.487	1
166.499	2
166.510	0
166.626	2
166.638	0
166.882	1
166.905	0
167.149	1
167.404	1
167.427	0
167.451	0
167.671	2
167.799	1
167.811	0
167.927	1
167.950	0
168.194	1
168.194	2
168.205	0
168.403	2
168.461	0
168.577	1
168.600	0
168.623	0
168.705	1
168.728	0
168.972	1
168.983	0
169.239	0
169.239	2
169.494	1
169.506	0
169.761	2
169.889	1
169.912	0
170.017	1
170.028	0
170.272	1
170.295	0
170.539	2
170.551	0
170.667	1
170.667	2
170.690	0
170.794	1
170.806	2
170.818	0
171.061	1
171.085	0
171.572	1
171.607	0
171.839	2
171.967	1
171.990	0
172.106	1
172.118	0
172.362	0
172.362	1
172.362	2
172.385	0
172.629	0
172.756	1
172.780	0
172.884	1
172.907	0
173.140	1
173.163	0
173.407	2
173.418	0
173.662	1
173.685	0
173.929	2
174.057	1
174.080	0
174.184	1
174.208	0
174.452	1
174.475	0
174.719	2
174.730	0
174.835	1
174.846	2
174.869	0
174.974	1
174.974	2
174.986	0
175.229	1
175.253	0
175.496	1
175.624	1
175.752	1
176.286	0
176.808	0
177.331	0
177.853	0
178.376	0
178.898	0
180.465	0
180.976	0
181.499	0
