36.107	1
36.142	0
36.258	2
38.893	1
40.008	0
40.705	2
42.225	1
42.237	0
43.340	1
45.023	0
45.151	2
45.221	0
45.558	1
45.952	0
46.660	0
47.787	1
48.890	1
49.598	2
49.853	2
51.107	0
51.107	1
52.222	1
53.917	0
54.033	2
54.102	0
54.323	0
54.532	0
57.771	1
57.794	0
58.479	2
60.000	1
60.012	0
62.798	0
62.926	2
62.996	0
63.077	0
66.664	1
66.676	0
67.373	2
68.894	1
68.905	0
71.657	1
71.692	0
71.808	2
72.226	0
72.632	1
72.783	0
73.886	0
74.443	0
75.000	0
75.569	0
76.115	0
76.266	2
76.661	0
77.218	0
77.775	1
77.787	0
78.333	0
78.878	1
78.890	0
79.447	0
79.993	1
80.004	0
80.573	0
80.701	2
80.991	0
81.107	0
81.665	0
82.222	0
82.303	0
82.779	0
82.930	0
83.325	1
83.336	0
83.894	0
84.997	0
85.148	2
85.554	0
86.100	1
86.111	0
86.680	0
87.214	0
87.771	0
87.771	1
88.213	1
88.329	0
88.886	0
89.466	0
89.594	2
89.745	0
91.115	1
91.661	0
92.218	0
92.775	0
93.890	0
94.041	2
94.447	0
95.004	0
95.550	0
95.550	1
95.573	0
95.620	0
96.107	0
96.665	0
97.222	0
97.779	0
98.360	0
98.476	2
98.894	0
99.289	0
99.439	0
100.554	0
101.111	0
101.669	0
102.772	0
102.922	2
103.329	0
103.886	0
104.443	1
104.455	0
105.001	0
105.546	0
106.115	0
106.661	0
107.218	0
107.369	2
107.810	1
108.193	0
108.611	0
108.913	1
109.447	0
110.028	1
110.411	0
110.829	0
111.142	1
111.665	0
111.816	2
112.222	0
112.779	0
113.337	0
116.135	0
116.262	2
116.553	0
118.329	0
118.921	1
119.304	0
119.722	0
120.024	1
120.558	0
120.709	2
121.139	1
121.522	0
121.940	0
122.218	0
122.253	1
122.776	0
123.321	1
123.333	0
123.890	0
125.016	0
125.144	2
125.434	0
125.550	1
126.665	0
129.091	0
129.161	1
129.591	2
131.111	1
131.123	0
133.445	0
133.921	0
134.037	2
134.107	0
134.188	0
134.536	0
137.787	0
138.484	2
139.308	0
139.726	0
140.550	0
141.108	0
142.780	0
142.803	0
142.930	2
143.360	1
143.743	0
144.173	0
144.475	1
144.997	0
145.589	1
145.961	1
145.972	0
146.390	0
146.692	1
147.215	0
147.365	2
147.772	0
148.329	0
148.886	0
151.684	0
151.812	2
151.882	0
153.890	0
154.471	1
154.865	0
155.272	0
155.585	1
156.108	0
156.259	2
156.700	1
157.083	0
157.501	0
157.803	1
158.325	0
158.883	0
159.440	0
160.578	0
160.705	2
160.740	0
161.100	1
162.226	0
164.711	1
165.152	2
166.661	1
166.684	0
169.006	0
169.471	0
169.587	2
170.179	0
173.337	1
173.349	0
174.034	2
174.858	0
175.276	0
175.438	0
176.112	0
176.657	0
178.329	1
178.352	0
178.480	2
178.887	0
179.304	1
179.444	0
180.558	0
181.104	0
181.104	1
181.661	0
182.776	0
182.927	2
183.322	1
183.333	0
183.890	0
184.448	0
184.993	0
185.551	0
185.551	1
186.108	0
186.665	0
187.246	0
187.373	2
187.780	0
188.337	0
188.883	0
188.976	0
189.440	0
189.997	0
190.555	0
191.112	1
191.669	0
191.808	2
192.226	0
192.772	0
193.329	0
193.887	0
194.444	0
195.001	0
195.558	0
196.139	0
196.255	2
196.545	0
198.333	0
198.879	1
198.891	0
199.448	0
200.551	0
200.702	2
201.108	0
201.665	0
202.234	0
202.780	0
203.326	0
203.326	1
203.883	0
204.440	0
205.021	0
205.148	2
205.218	0
205.299	0
205.555	0
206.112	0
206.971	1
207.226	0
207.772	0
208.329	0
209.444	0
209.595	2
210.001	0
210.547	1
210.559	0
211.116	1
211.661	0
212.219	0
212.776	0
213.322	1
213.333	0
213.914	0
214.042	2
217.780	1
217.792	0
218.477	2
218.744	2
219.997	1
221.112	1
222.795	0
222.923	2
222.993	0
223.213	0
223.724	0
224.444	0
225.559	1
227.370	2
228.891	1
228.902	0
230.005	1
231.689	0
231.816	2
232.223	1
233.337	1
235.566	0
236.263	2
236.669	1
237.772	1
237.796	0
238.887	1
240.582	0
240.698	2
241.511	0
244.448	1
244.460	0
245.145	2
245.412	2
246.666	1
246.677	0
247.780	1
248.895	1
