0.348	1
13.177	2
13.560	2
13.758	2
13.955	2
14.164	2
14.362	2
14.559	2
14.756	2
14.954	2
15.163	2
15.360	2
15.569	2
15.755	2
15.964	2
16.161	2
16.358	2
16.556	2
16.765	2
16.962	2
17.160	2
17.357	2
17.566	2
17.752	2
17.961	2
18.158	2
18.367	2
18.553	2
18.762	2
18.959	2
19.168	2
19.354	2
19.563	2
19.760	2
19.934	0
19.958	2
20.155	2
20.352	0
20.364	2
20.561	2
20.759	2
20.956	2
21.153	2
21.537	0
21.560	2
21.757	2
21.954	0
21.954	2
21.978	0
22.152	2
22.361	2
22.558	2
22.767	2
22.965	2
23.139	0
23.162	2
23.359	2
23.557	2
23.742	0
23.754	2
23.940	0
23.963	2
24.160	2
24.358	2
24.567	2
24.764	2
24.961	2
25.159	2
25.263	2
25.554	2
25.960	1
25.960	2
26.006	0
26.064	0
26.146	0
26.366	2
26.552	2
26.761	2
26.958	2
27.156	2
27.179	0
27.179	1
27.202	0
27.353	2
27.562	2
27.759	2
27.957	2
27.980	1
28.003	0
28.259	0
28.352	2
28.561	2
28.758	2
28.955	2
29.153	2
29.199	0
29.269	0
29.327	0
29.559	2
29.745	2
29.768	1
29.803	0
29.861	0
29.954	2
30.151	2
30.360	2
30.372	1
30.407	0
30.755	2
30.952	2
31.161	2
31.208	0
31.266	0
31.428	0
31.556	2
31.753	2
31.962	2
32.160	2
32.357	2
32.508	0
32.601	0
32.670	0
32.740	0
32.763	2
32.949	2
33.158	2
33.239	0
33.355	2
33.553	2
33.576	1
33.599	0
33.669	0
33.704	0
33.959	0
33.959	2
34.040	0
34.157	2
34.366	1
34.366	2
34.400	0
34.633	0
34.760	0
34.760	2
34.842	0
34.958	2
35.155	2
35.352	2
35.550	2
35.561	1
35.619	0
35.805	0
35.875	0
35.956	2
36.165	1
36.200	0
36.362	2
36.757	2
36.769	1
36.804	0
36.955	0
37.164	0
37.164	2
37.245	0
37.280	0
37.361	2
37.558	1
37.558	2
37.605	0
37.756	2
37.825	0
37.965	2
38.359	2
38.557	2
38.754	1
38.789	2
39.346	0
39.346	1
39.950	1
40.542	0
40.554	1
40.751	1
41.947	0
41.947	1
42.551	1
43.143	0
43.154	1
43.746	0
43.746	1
43.955	1
45.151	0
45.151	1
45.755	1
46.045	0
46.335	0
46.347	1
46.753	0
46.777	0
46.951	1
46.986	1
47.137	0
47.148	1
47.554	0
48.356	1
48.739	0
48.948	0
48.948	1
49.157	0
49.308	0
49.540	0
49.551	1
49.958	0
50.143	0
50.155	1
50.352	1
51.560	0
51.583	2
52.361	2
52.767	0
53.359	0
53.557	0
53.952	2
54.358	2
54.764	0
54.811	0
55.554	2
55.960	0
56.564	0
56.761	0
57.156	2
57.562	2
57.760	2
57.957	0
58.758	2
59.164	0
59.768	0
59.966	0
60.360	2
60.743	1
60.755	2
61.161	0
61.951	2
62.357	0
62.961	0
63.158	0
63.553	2
63.959	2
64.145	1
64.157	2
64.366	0
64.389	2
64.760	2
64.958	2
65.155	2
65.353	2
65.538	1
65.562	0
65.956	2
66.165	0
66.363	0
66.757	2
66.955	2
67.164	2
67.349	2
67.558	0
68.151	2
68.360	2
68.557	2
68.743	1
68.766	0
69.358	0
69.567	0
69.950	2
70.356	2
70.554	2
70.763	0
71.355	2
71.552	2
71.750	2
71.959	0
72.353	2
72.562	0
72.760	0
73.154	2
73.561	2
73.758	2
73.967	0
74.757	2
74.954	2
75.163	0
75.546	2
75.767	0
75.964	0
76.359	2
77.160	1
77.160	2
77.206	0
77.241	0
77.253	1
77.311	0
77.415	0
77.566	2
77.752	2
77.961	2
78.158	2
78.356	1
78.356	2
78.402	0
78.437	0
78.472	0
78.762	2
78.948	2
79.157	1
79.157	2
79.180	1
79.203	0
79.273	0
79.354	0
79.552	2
79.749	2
79.958	2
80.155	2
80.353	1
80.353	2
80.376	1
80.399	0
80.446	0
80.504	0
80.620	0
80.759	2
80.945	2
80.980	1
81.003	0
81.038	0
81.072	1
81.154	2
81.223	0
81.351	2
81.560	2
81.583	1
81.607	0
81.711	0
81.827	0
81.966	2
82.152	2
82.361	2
82.384	1
82.408	0
82.466	0
82.500	0
82.628	0
82.756	2
82.953	2
83.162	2
83.360	2
83.557	2
83.569	0
83.708	0
83.963	2
84.149	2
84.358	2
84.555	2
84.753	2
84.764	1
84.869	0
85.159	2
85.240	0
85.357	2
85.554	0
85.566	2
85.577	1
85.589	0
85.612	0
85.670	0
85.751	2
85.960	0
85.960	2
86.158	2
86.355	2
86.552	2
86.750	2
86.773	0
86.785	1
86.912	0
87.168	2
87.353	1
87.377	1
87.400	0
87.435	0
87.504	0
87.551	2
87.644	0
87.760	2
87.771	0
87.957	0
87.957	2
87.980	1
88.004	0
88.097	0
88.224	0
88.352	2
88.364	0
88.410	0
88.561	2
88.758	2
88.781	1
88.805	0
88.909	0
88.956	2
89.025	0
89.966	0
89.989	2
91.162	0
91.765	0
91.963	0
93.158	0
94.343	1
94.366	0
94.958	0
95.167	0
96.363	0
97.559	0
98.162	0
98.360	0
99.567	0
100.763	0
101.367	0
101.564	0
102.760	0
102.760	2
103.561	2
103.967	0
104.559	0
104.768	0
105.152	2
105.558	2
105.964	0
106.754	2
107.160	0
107.764	0
107.961	0
108.356	2
108.751	2
108.960	2
109.157	0
109.157	1
109.749	1
109.958	2
110.353	1
110.364	0
110.957	1
110.968	0
111.154	1
111.166	0
111.560	2
111.955	2
112.350	1
112.361	0
112.942	0
112.953	1
113.151	2
113.557	0
113.557	1
114.149	1
114.161	0
114.347	1
114.358	0
114.753	2
115.159	2
115.357	2
115.589	0
115.589	2
115.647	0
116.762	1
119.978	0
121.580	0
121.777	0
121.835	0
121.974	0
122.032	0
123.182	0
123.298	0
124.761	1
124.784	0
124.900	0
125.039	0
125.237	0
125.759	1
128.383	2
128.766	2
128.952	2
129.161	2
129.358	2
129.556	2
129.753	2
129.962	2
130.148	2
130.357	2
130.554	2
130.763	2
130.949	2
131.158	2
131.355	2
131.564	2
131.750	2
131.959	2
132.156	2
132.354	2
132.551	2
132.760	2
132.957	2
133.155	2
133.352	2
133.561	2
133.759	2
133.968	2
134.153	2
134.362	2
134.548	2
134.757	2
134.954	2
135.140	0
135.163	2
135.361	2
135.558	2
135.674	0
135.755	2
135.930	0
135.964	2
136.162	2
136.359	0
136.359	2
136.545	0
136.557	2
136.673	0
136.707	0
136.731	0
136.766	2
136.951	2
137.160	2
137.242	0
137.358	2
137.567	2
137.752	2
137.961	2
138.333	0
138.356	2
138.553	2
138.762	0
138.762	2
138.844	0
138.960	2
139.134	0
139.157	2
139.355	2
139.564	2
139.761	2
139.958	2
140.156	2
140.353	2
140.365	0
140.748	2
141.166	2
141.351	2
141.560	2
141.758	2
141.967	2
142.153	2
142.362	2
142.559	2
142.768	2
142.954	2
143.163	2
143.348	2
143.557	2
143.755	2
143.964	2
144.149	2
144.347	1
144.358	2
144.556	2
144.765	2
144.951	2
145.160	2
145.357	2
145.554	2
145.752	2
145.961	2
146.158	2
146.367	2
146.553	2
146.762	2
146.959	2
147.156	2
147.354	2
147.551	2
147.644	0
147.760	2
147.807	0
147.958	2
148.155	2
148.364	2
148.561	2
148.573	0
148.735	0
148.759	2
148.956	2
149.153	0
149.153	2
149.362	2
149.374	0
149.537	0
149.560	2
149.757	2
149.954	0
149.966	2
150.047	0
150.140	0
150.163	2
150.361	2
150.558	2
150.756	2
150.953	2
151.104	0
151.139	0
151.162	2
151.359	2
151.557	2
151.742	0
151.754	2
151.940	0
151.963	2
152.160	2
152.358	2
152.567	2
152.764	2
152.961	2
153.159	2
153.554	2
153.948	1
153.983	2
154.331	1
154.366	2
154.552	1
154.552	2
154.761	2
154.958	2
155.156	1
155.156	2
155.353	2
155.562	2
155.748	1
155.748	2
155.957	1
155.957	2
156.154	2
156.363	2
156.561	2
156.758	2
156.955	2
157.153	1
157.164	2
157.362	2
157.559	2
157.745	0
157.756	1
157.756	2
157.965	2
158.151	2
158.348	1
158.360	2
158.569	2
158.766	2
158.952	1
158.952	2
159.150	1
159.161	2
159.359	2
159.556	2
159.753	2
159.962	2
160.148	2
160.357	1
160.357	2
160.473	0
160.508	0
160.554	2
160.740	0
160.763	2
160.949	1
160.949	2
161.158	0
161.158	2
161.355	2
161.437	0
161.530	0
161.553	1
161.553	2
161.762	2
161.948	0
161.959	2
162.145	0
162.157	1
162.157	2
162.238	0
162.331	0
162.354	1
162.354	2
162.551	2
162.760	0
162.760	2
162.842	0
162.958	2
163.167	2
163.352	2
163.550	1
163.550	2
163.759	2
163.933	0
163.956	2
164.153	1
164.153	2
164.362	2
164.560	2
164.571	0
164.734	0
164.757	1
164.757	2
164.955	2
165.152	0
165.152	2
165.175	0
165.349	1
165.361	2
165.547	1
165.558	2
165.756	2
166.766	0
166.789	2
167.555	2
167.962	0
168.565	0
168.763	0
169.157	2
169.552	2
169.970	0
170.760	2
171.166	0
171.758	0
171.967	0
172.350	2
172.756	2
172.954	2
173.163	0
173.952	2
174.359	0
174.962	0
175.160	0
175.554	2
175.949	2
176.367	0
177.157	2
177.563	0
178.167	0
178.364	0
178.759	2
179.154	2
179.351	2
179.560	0
179.560	2
180.361	2
180.767	0
181.359	0
181.568	0
181.952	2
182.358	2
182.764	0
183.554	2
183.960	0
184.564	0
184.761	0
185.156	2
185.551	2
185.760	2
185.957	0
185.957	1
186.549	1
186.758	2
187.153	1
187.164	0
187.757	1
187.768	0
187.954	1
187.966	0
188.360	2
188.755	2
189.150	1
189.161	0
189.753	1
189.951	2
190.357	0
190.357	1
190.949	1
190.961	0
191.158	0
191.158	1
191.565	2
191.959	2
192.157	2
192.366	1
192.389	2
192.401	0
192.470	0
193.155	2
193.562	1
193.608	0
194.374	1
194.386	0
194.409	0
194.746	1
194.757	2
195.152	2
195.361	2
195.454	2
195.558	1
195.605	0
195.663	0
196.162	1
196.197	0
196.360	2
196.766	1
196.801	0
197.567	1
197.602	0
197.753	2
197.811	2
197.869	2
197.915	2
198.055	2
198.159	2
198.264	2
198.356	2
198.542	1
198.554	2
199.552	2
199.970	1
200.005	0
200.353	0
200.760	1
200.806	0
200.864	0
201.154	0
201.154	2
201.561	2
201.758	2
201.863	2
201.956	1
202.014	0
202.060	0
202.339	0
202.571	1
202.594	0
202.664	0
202.757	2
202.942	0
203.163	1
203.198	0
203.558	2
203.651	2
203.964	2
203.976	1
203.999	0
204.057	2
204.069	0
204.254	2
204.347	1
204.359	2
204.556	2
204.661	2
204.719	2
204.765	2
204.951	2
205.160	1
205.160	2
205.206	0
205.264	0
205.334	0
205.439	0
205.949	1
205.961	2
206.356	1
206.379	0
206.437	0
206.472	0
206.541	0
206.623	0
207.157	1
207.203	0
207.354	0
207.552	2
207.958	2
208.155	2
208.260	2
208.364	1
208.399	0
208.446	0
208.504	0
208.631	0
208.980	1
209.003	0
209.038	0
209.061	0
209.107	0
209.154	2
209.223	0
209.572	1
209.607	0
209.711	0
209.827	0
209.966	0
210.408	0
210.466	0
210.512	0
210.559	2
210.605	2
210.628	0
210.663	2
210.721	2
210.744	1
210.860	2
210.953	2
211.058	2
211.162	2
211.255	2
211.348	1
211.348	2
211.569	0
211.708	0
211.940	0
212.358	2
212.753	0
212.753	1
212.788	1
212.799	0
212.834	0
212.904	0
212.985	0
213.020	0
213.159	0
213.217	0
213.403	0
213.554	0
213.635	0
213.716	0
213.821	0
213.960	0
213.960	2
214.204	0
214.355	2
214.552	2
214.657	2
214.761	2
214.773	0
214.912	0
214.959	2
215.133	0
215.156	2
215.261	2
215.353	2
215.377	1
215.400	0
215.435	0
215.458	2
215.562	2
215.771	0
215.957	2
215.980	1
216.004	0
216.038	0
216.143	0
216.155	2
216.236	0
216.352	0
216.758	2
216.805	0
216.851	2
216.863	0
217.060	2
217.153	2
217.559	2
217.757	2
217.989	2
