0.395	2
0.418	1
0.859	1
1.010	1
1.300	1
1.637	1
1.788	1
1.962	1
2.206	1
2.635	1
3.088	1
3.111	1
3.448	1
3.529	1
3.762	1
3.796	1
3.994	1
4.133	1
4.447	1
4.876	1
4.899	1
5.224	1
5.573	1
5.805	1
6.223	1
6.385	1
6.664	1
6.711	1
6.734	1
7.012	1
7.070	1
7.338	1
7.558	2
7.570	1
8.022	1
8.475	1
8.626	1
8.800	1
9.125	1
9.369	1
9.799	1
10.275	1
10.612	1
10.925	1
11.157	1
11.610	1
11.761	1
12.051	1
12.388	1
12.736	1
12.945	1
12.968	1
13.096	1
13.386	1
13.410	1
13.839	1
14.176	1
14.501	1
14.524	1
14.536	2
14.547	0
14.733	0
14.756	1
14.780	0
14.861	1
14.965	0
15.174	0
15.186	1
15.267	0
15.290	1
15.348	1
15.383	0
15.615	1
15.627	0
15.627	2
15.650	1
15.708	0
15.952	0
15.975	1
16.033	0
16.115	0
16.277	0
16.300	1
16.347	1
16.358	0
16.521	0
16.533	1
16.591	0
16.614	0
16.649	1
16.695	0
16.962	0
16.962	1
17.020	1
17.043	0
17.067	0
17.101	1
17.136	0
17.415	1
17.415	2
17.508	0
17.589	0
17.786	0
17.786	1
17.856	0
17.856	1
17.926	0
17.972	0
18.088	0
18.088	1
18.135	0
18.146	1
18.158	0
18.181	0
18.228	0
18.309	0
18.390	1
18.402	0
18.448	1
18.483	0
18.762	0
18.808	1
18.831	1
18.855	0
18.889	1
18.994	1
19.203	1
19.203	2
19.307	0
19.540	0
19.563	1
19.632	0
19.691	0
19.749	0
19.876	0
19.900	1
19.946	0
20.039	0
20.108	0
20.108	1
20.132	1
20.190	0
20.550	0
20.550	1
20.608	0
20.712	0
20.991	1
21.002	0
21.002	2
21.060	1
21.084	0
21.130	0
21.328	0
21.339	1
21.397	1
21.409	0
21.502	0
21.641	0
21.664	1
21.711	0
21.769	0
21.885	0
21.908	1
21.954	1
22.001	0
22.024	0
22.338	0
22.349	1
22.512	1
22.535	0
22.779	1
22.790	0
22.790	2
22.814	1
23.115	0
23.139	1
23.185	1
23.220	0
23.278	0
23.441	0
23.452	1
23.475	1
23.510	1
23.533	0
23.684	0
23.696	1
23.754	0
23.766	1
23.847	0
24.126	0
24.126	1
24.149	1
24.207	0
24.265	1
24.300	0
24.578	1
24.578	2
24.671	0
24.706	1
24.752	0
24.950	0
24.950	1
25.020	0
25.089	0
25.252	0
25.252	1
25.275	1
25.321	0
25.345	0
25.379	0
25.472	0
25.507	1
25.554	1
25.565	0
25.623	1
25.646	0
25.925	0
25.972	1
25.995	1
26.018	0
26.053	1
26.366	1
26.366	2
26.389	1
26.471	0
26.703	0
26.726	1
26.796	0
26.854	0
26.912	0
27.040	0
27.063	1
27.109	0
27.272	0
27.295	1
27.353	0
27.713	0
27.713	1
27.771	0
27.818	0
27.876	0
28.154	1
28.166	0
28.166	2
28.224	1
28.294	0
28.317	1
28.491	0
28.502	1
28.561	1
28.572	0
28.665	0
28.804	0
28.828	1
28.874	0
29.048	0
29.048	2
29.083	1
29.129	0
29.187	1
29.246	0
29.513	0
29.513	1
29.582	0
29.687	0
29.710	0
29.791	0
29.942	1
29.954	0
29.954	2
30.035	0
30.279	0
30.302	1
30.348	1
30.360	0
30.383	0
30.441	0
30.604	0
30.639	1
30.674	1
30.697	0
30.766	0
30.848	0
30.859	1
30.917	0
30.929	1
30.941	0
31.010	0
31.033	0
31.289	0
31.289	1
31.312	1
31.335	0
31.347	1
31.405	0
31.463	0
31.742	0
31.742	1
31.742	2
31.823	1
31.916	0
32.090	2
32.113	0
32.113	1
32.183	0
32.253	0
32.415	0
32.415	1
32.438	1
32.473	1
32.485	0
32.508	0
32.554	0
32.636	0
32.717	0
32.787	1
32.810	0
33.088	0
33.100	1
33.158	1
33.170	0
33.251	0
33.297	0
33.530	1
33.541	2
33.553	1
33.611	1
33.634	0
33.692	0
33.866	0
33.890	1
33.959	0
34.029	0
34.075	0
34.215	0
34.226	1
34.284	0
34.435	0
34.458	1
34.528	0
34.609	0
34.876	0
34.888	1
34.946	0
34.958	1
34.981	0
35.016	0
35.329	0
35.329	1
35.329	2
35.387	1
35.457	0
35.480	1
35.654	0
35.666	1
35.724	1
35.736	0
35.828	0
35.968	0
35.991	1
36.153	0
36.212	0
36.235	1
36.293	0
36.362	1
36.676	0
36.676	1
36.722	1
36.746	0
36.873	0
37.105	1
37.117	2
37.129	0
37.198	0
37.442	0
37.465	1
37.512	1
37.535	0
37.605	0
37.767	0
37.779	1
37.837	1
37.860	0
37.918	0
38.011	0
38.023	1
38.081	0
38.092	1
38.104	0
38.174	0
38.452	0
38.475	1
38.568	0
38.626	0
38.905	0
38.905	1
38.905	2
39.079	0
39.277	0
39.277	1
39.358	1
39.416	0
39.578	0
39.578	1
39.602	1
39.648	0
39.718	0
39.799	0
39.880	0
39.950	1
39.985	0
40.252	0
40.263	1
40.321	1
40.333	0
40.414	0
40.461	0
40.693	1
40.705	2
40.774	1
40.797	0
41.041	0
41.053	1
41.123	0
41.239	0
41.378	0
41.390	1
41.448	0
41.529	0
41.599	0
41.622	1
41.691	0
42.040	0
42.040	1
42.063	1
42.121	1
42.133	0
42.202	0
42.493	0
42.493	1
42.493	2
42.551	1
42.818	0
42.829	1
42.887	1
42.899	0
42.992	0
43.038	0
43.131	0
43.154	1
43.201	1
43.259	0
43.317	0
43.375	0
43.375	2
