47.740	2
48.251	2
49.749	2
54.753	2
55.751	2
63.251	2
64.261	1
64.273	0
64.273	2
64.772	2
65.260	1
65.271	0
65.271	2
66.258	1
66.270	0
66.270	2
67.268	1
67.268	2
67.280	0
67.779	2
68.267	1
68.267	2
68.278	0
69.265	1
69.265	2
69.277	0
70.264	1
70.264	2
70.275	0
70.774	2
71.262	1
71.262	2
71.274	0
72.260	1
72.260	2
72.272	0
72.771	2
73.259	1
73.271	0
73.271	2
74.257	1
74.269	2
74.281	0
74.780	2
75.267	1
75.267	2
75.279	0
75.778	2
76.266	1
76.266	2
76.278	0
76.777	2
77.264	1
77.264	2
77.276	0
78.263	1
78.274	0
78.274	2
79.261	1
79.261	2
79.273	0
80.260	1
80.271	0
80.271	2
80.771	2
81.258	1
81.270	0
81.270	2
82.257	1
82.268	2
82.280	0
82.779	2
83.267	1
83.267	2
83.278	0
84.265	1
84.265	2
84.277	0
84.753	2
85.264	1
85.275	0
85.275	2
85.751	2
86.262	1
86.262	2
86.274	0
87.261	1
87.272	0
87.272	2
88.259	1
88.259	2
88.271	0
88.770	2
89.269	0
89.269	1
89.269	2
89.757	2
90.268	1
90.268	2
90.279	0
91.266	1
91.266	2
91.278	0
92.264	1
92.264	2
92.276	0
92.752	2
93.263	1
93.263	2
93.275	0
94.261	1
94.261	2
94.273	0
95.260	1
95.271	0
95.271	2
95.771	0
96.258	1
96.270	0
96.270	2
96.769	0
96.781	2
97.257	1
97.268	2
97.280	0
97.756	2
97.768	0
98.267	1
98.267	2
98.278	0
98.766	0
99.265	1
99.265	2
99.277	0
99.683	2
99.741	2
99.753	1
99.765	0
99.788	2
100.264	1
100.264	2
100.275	0
100.751	2
100.763	0
101.262	1
101.262	2
101.274	0
101.750	2
101.773	0
102.261	1
102.261	2
102.272	0
102.772	0
103.259	1
103.271	0
103.271	2
103.654	0
103.758	1
103.770	0
104.258	1
104.269	2
104.281	0
104.768	0
104.780	2
105.256	1
105.268	2
105.279	0
105.755	2
105.767	0
105.779	2
106.266	1
106.266	2
106.278	0
106.765	0
107.265	1
107.265	2
107.276	0
107.741	2
107.752	1
107.764	0
107.787	2
108.263	1
108.263	2
108.275	0
108.751	2
108.762	0
109.261	1
109.273	0
109.273	2
109.772	0
110.260	1
110.260	2
110.272	0
110.771	0
111.258	1
111.270	0
111.270	2
111.746	2
111.758	1
111.769	0
111.781	2
112.257	1
112.268	2
112.280	0
112.768	0
113.267	1
113.267	2
113.279	0
113.766	0
113.778	2
114.265	1
114.265	2
114.277	0
114.765	0
115.264	1
115.264	2
115.275	0
115.682	2
115.740	2
115.751	1
115.763	0
116.262	1
116.262	2
116.274	0
116.750	2
116.762	0
117.261	1
117.261	2
117.272	0
117.772	0
118.259	1
118.271	0
118.271	2
118.747	2
118.770	0
119.258	1
119.269	0
119.269	2
119.745	2
119.757	1
119.769	0
120.256	1
120.268	2
120.279	0
120.767	0
121.266	1
121.266	2
121.278	0
121.765	0
121.777	2
122.265	1
122.265	2
122.276	0
122.764	0
123.263	1
123.263	2
123.275	0
123.681	2
123.739	2
123.751	1
123.774	0
123.786	2
124.262	1
124.262	2
124.273	0
124.749	2
124.761	0
125.260	1
125.272	0
125.272	2
125.771	0
126.259	1
126.270	0
126.270	2
126.769	0
127.269	1
127.269	2
127.280	0
127.745	2
127.756	1
127.768	0
128.255	1
128.267	2
128.279	0
128.766	0
129.265	1
129.265	2
129.277	0
129.753	2
129.765	0
130.264	1
130.264	2
130.276	0
130.763	0
131.262	1
131.262	2
131.274	0
131.657	0
131.680	2
131.738	2
131.762	1
131.773	0
132.261	1
132.261	2
132.272	0
132.748	2
132.760	0
133.259	1
133.271	0
133.271	2
133.747	2
133.770	0
134.258	1
134.269	0
134.269	2
134.769	0
134.780	2
135.268	1
135.268	2
135.279	0
135.744	2
135.755	1
135.767	0
135.779	2
136.266	1
136.266	2
136.278	0
136.766	0
137.265	1
137.265	2
137.276	0
137.776	0
138.263	1
138.263	2
138.275	0
138.751	2
138.774	0
139.262	1
139.273	0
139.273	2
139.738	2
139.761	1
139.773	0
140.260	0
140.260	2
140.272	1
140.283	0
140.771	0
141.270	0
141.270	1
141.270	2
142.257	1
142.269	2
142.280	0
142.768	0
143.267	1
143.279	0
143.279	2
143.639	0
143.743	2
143.755	1
143.766	0
143.790	2
144.266	1
144.266	2
144.277	0
144.776	0
144.776	2
145.264	1
145.276	0
145.276	2
145.775	0
146.262	1
146.262	2
146.274	0
146.773	0
146.773	2
147.261	1
147.273	0
147.273	2
147.644	0
147.749	2
147.760	1
147.772	0
148.259	1
148.271	0
148.271	2
148.747	2
148.770	0
149.258	1
149.269	0
149.269	2
149.769	0
150.256	1
150.268	2
150.280	0
150.756	0
150.779	0
151.266	1
151.266	2
151.278	0
151.742	2
151.754	1
151.766	0
151.777	2
152.265	1
152.265	2
152.276	0
152.776	0
153.263	1
153.263	2
153.275	0
153.774	0
154.262	1
154.262	2
154.273	0
154.773	0
155.260	1
155.272	0
155.272	2
155.736	2
155.759	1
155.771	0
156.270	1
156.270	2
156.282	0
156.770	0
157.269	1
157.280	0
157.280	2
158.267	1
158.267	2
158.279	0
159.266	1
159.266	2
159.277	0
159.649	0
159.765	1
159.777	0
160.264	1
160.264	2
160.276	0
160.775	0
161.263	1
161.263	2
161.274	0
161.750	2
161.773	0
162.261	1
162.261	2
162.273	0
162.772	0
163.260	1
163.271	2
163.283	0
163.759	1
163.770	0
163.782	2
164.258	1
164.270	0
164.270	2
164.769	0
165.256	1
165.268	2
165.280	0
165.744	2
165.767	0
165.779	2
166.266	1
166.266	2
166.278	0
166.777	0
167.265	1
167.265	2
167.277	0
167.741	2
167.764	1
167.776	0
167.787	2
168.263	1
168.263	2
168.275	0
168.774	0
169.262	1
169.262	2
169.273	0
169.773	0
170.260	1
170.260	2
170.272	0
170.771	0
171.259	1
171.270	0
171.270	2
171.746	2
171.758	1
171.770	0
171.781	2
172.269	1
172.269	2
172.280	0
172.745	2
172.768	0
173.256	0
173.267	1
173.267	2
173.279	0
173.778	0
173.778	2
174.266	1
174.266	2
174.277	0
174.777	0
175.264	1
175.276	0
175.276	2
175.647	0
175.763	1
175.775	0
175.787	2
176.263	1
176.263	2
176.274	0
176.774	0
177.261	1
177.273	0
177.273	2
177.772	0
178.260	1
178.271	0
178.271	2
178.770	0
179.258	1
179.270	2
179.281	0
179.757	1
179.769	0
180.257	1
180.268	2
180.280	0
180.744	2
180.767	0
181.267	1
181.267	2
181.278	0
181.743	2
181.766	0
182.265	1
182.265	2
182.277	0
182.776	0
183.263	1
183.263	2
183.275	0
183.681	2
183.740	2
183.763	1
183.774	0
183.786	2
184.262	1
184.262	2
184.274	0
184.773	0
185.260	1
185.272	0
185.272	2
185.748	2
185.771	0
186.259	1
186.270	0
186.270	2
186.746	2
186.770	0
187.257	1
187.269	2
187.281	0
187.745	2
187.757	1
187.768	0
188.267	1
188.267	2
188.279	0
188.743	2
188.767	0
189.266	1
189.277	0
189.277	2
189.742	2
190.264	1
190.264	2
190.276	0
191.263	1
191.274	0
191.274	2
191.646	0
191.762	1
191.774	0
191.774	2
192.261	1
192.261	2
192.273	0
192.772	0
192.784	2
193.260	1
193.271	0
193.271	2
193.771	0
194.258	1
194.270	2
194.281	0
194.769	0
195.257	1
195.268	2
195.280	0
195.640	0
195.744	2
195.756	1
195.767	0
196.255	1
196.267	2
196.278	0
196.766	0
197.265	1
197.265	2
197.277	0
197.776	0
198.264	1
198.275	0
198.275	2
198.774	0
199.262	1
199.262	2
199.274	0
199.738	2
199.761	1
199.773	0
199.784	2
200.260	1
200.272	0
200.272	2
200.771	0
201.259	1
201.271	0
201.271	2
201.770	0
202.257	1
202.269	2
202.281	0
202.768	0
203.267	1
203.267	2
203.279	0
203.755	1
203.767	0
204.266	1
204.266	2
204.278	0
204.742	2
204.765	0
205.264	1
205.276	0
205.276	2
205.752	0
206.263	1
206.274	0
206.274	2
206.774	0
207.261	1
207.273	0
207.273	2
207.644	0
207.761	1
207.772	0
207.784	2
208.260	1
208.260	2
208.271	0
208.771	0
209.258	1
209.270	2
209.281	0
209.769	0
210.257	1
210.268	2
210.280	0
210.768	0
211.267	1
211.267	2
211.278	0
211.650	0
211.743	2
211.754	1
211.766	0
212.265	1
212.265	2
212.277	0
212.764	0
213.264	1
213.264	2
213.275	0
213.740	2
213.775	0
214.262	1
214.274	0
214.274	2
214.773	0
215.261	1
215.261	2
215.272	0
215.655	0
215.737	2
215.760	1
215.771	0
215.783	2
216.259	1
216.271	0
216.271	2
216.770	0
217.258	1
217.269	2
217.281	0
217.745	2
217.768	0
218.268	1
218.268	2
218.279	0
218.767	0
219.266	1
219.266	2
219.278	0
219.742	2
219.754	1
219.777	0
220.264	1
220.264	2
220.276	0
220.775	0
221.263	1
221.275	0
221.275	2
221.774	0
222.261	1
222.273	0
222.273	2
222.679	2
222.772	0
223.260	1
223.271	0
223.271	2
223.643	0
223.759	1
223.771	0
224.258	1
224.270	0
224.270	2
224.769	0
225.257	1
225.268	2
225.280	0
225.768	0
226.267	1
226.267	2
226.278	0
226.743	2
226.766	0
227.265	1
227.265	2
227.277	0
227.648	0
227.753	1
227.776	0
227.776	2
228.264	1
228.264	2
228.275	0
228.763	0
229.262	1
229.262	2
229.274	0
229.773	0
230.261	1
230.272	0
230.272	2
230.772	0
231.259	1
231.271	0
231.271	2
231.758	1
231.770	0
231.782	2
232.258	1
232.269	2
232.281	0
232.768	0
233.256	1
233.268	2
233.279	0
233.767	0
234.266	1
234.266	2
234.278	0
234.777	0
235.265	1
235.265	2
235.276	0
235.741	2
235.764	1
235.775	0
236.263	1
236.263	2
236.275	0
236.774	0
237.261	1
237.273	0
237.273	2
238.260	1
238.272	0
238.272	2
238.771	0
239.258	1
239.270	0
239.270	2
239.642	0
239.758	1
239.769	0
240.257	1
240.268	2
240.280	0
240.768	0
241.267	1
241.267	2
241.279	0
241.755	2
241.766	0
242.265	1
242.265	2
242.277	0
242.753	2
242.765	0
243.264	1
243.264	2
243.275	0
243.647	0
243.763	1
243.775	0
244.262	1
244.262	2
244.274	0
244.762	0
245.261	1
245.272	0
245.272	2
245.748	2
245.772	0
246.259	1
246.271	0
246.271	2
246.770	0
247.258	1
247.269	0
247.269	2
247.745	2
247.757	1
247.769	0
247.780	2
248.268	1
248.268	2
248.279	0
248.767	0
249.266	1
249.266	2
249.278	0
249.742	2
249.765	0
250.265	1
250.265	2
250.276	0
250.741	2
250.776	0
251.263	1
251.263	2
251.275	0
251.739	2
251.762	1
251.774	0
252.262	1
252.262	2
252.273	0
252.772	0
253.260	1
253.272	0
253.272	2
254.259	1
254.270	0
254.270	2
255.269	1
255.269	2
255.280	0
255.640	0
255.756	1
255.768	0
255.779	2
256.255	1
256.267	2
256.279	0
256.766	0
257.265	1
257.265	2
257.277	0
257.765	0
258.264	1
258.264	2
258.276	0
258.775	0
259.262	1
259.262	2
259.274	0
259.646	0
259.738	2
259.762	1
259.773	0
260.261	1
260.261	2
260.272	0
260.760	0
261.259	1
261.271	0
261.271	2
261.747	2
261.770	0
262.258	1
262.269	0
262.269	2
262.769	0
263.268	1
263.268	2
263.279	0
263.744	2
263.755	1
263.767	0
263.779	2
264.266	1
264.266	2
264.278	0
264.766	0
265.265	1
265.265	2
265.276	0
265.741	2
265.776	0
266.263	1
266.263	2
266.275	0
266.774	0
267.262	1
267.262	2
267.273	0
267.738	2
267.761	1
267.773	0
267.784	2
268.260	1
268.272	0
268.272	2
268.748	2
268.771	0
269.270	1
269.270	2
269.282	0
269.758	0
270.269	1
270.269	2
270.280	0
270.768	0
270.780	2
271.267	1
271.267	2
271.279	0
271.639	0
271.755	1
271.778	0
272.254	1
272.266	2
272.277	0
272.776	0
273.264	1
273.264	2
273.276	0
273.775	0
274.262	1
274.262	2
274.274	0
274.750	2
274.773	0
275.261	1
275.261	2
275.273	0
275.644	0
275.760	1
275.772	0
276.259	1
276.271	0
276.271	2
276.747	2
276.770	0
277.258	1
277.269	0
277.269	2
277.745	2
277.769	0
278.268	1
278.268	2
278.280	0
278.767	0
279.266	1
279.266	2
279.278	0
279.742	2
279.754	1
279.766	0
279.777	2
280.265	1
280.265	2
280.276	0
280.776	0
281.263	1
281.275	0
281.275	2
281.774	0
282.262	1
282.262	2
282.273	0
282.773	0
283.260	1
283.272	0
283.272	2
283.771	0
284.259	1
284.270	2
284.282	0
284.770	0
285.269	1
285.269	2
285.280	0
286.256	1
286.267	2
286.279	0
287.277	0
288.276	0
