30.023	0
30.070	0
33.739	0
37.419	0
41.123	0
43.897	1
44.756	1
44.791	2
44.815	0
45.720	2
47.020	2
47.102	2
47.218	2
47.566	2
48.495	0
49.412	2
51.258	2
52.175	2
52.198	0
52.257	0
53.104	2
54.404	2
54.486	2
54.602	2
54.950	2
55.879	0
55.902	0
56.796	2
58.642	2
59.559	2
60.488	2
61.788	2
61.870	2
61.986	2
62.334	2
63.263	0
64.180	2
66.026	2
66.943	2
66.966	0
67.872	2
68.336	2
69.172	2
69.254	2
69.370	2
70.635	1
71.564	2
73.410	2
74.327	2
75.256	2
76.556	2
76.637	2
76.754	2
77.102	2
78.936	1
78.948	2
80.794	2
81.711	2
81.781	0
82.640	2
83.940	2
84.021	2
84.138	2
84.486	2
85.415	0
85.438	0
86.332	2
88.178	2
89.095	2
89.118	0
90.024	2
91.324	2
91.405	2
91.521	2
91.870	2
92.810	0
93.716	2
95.562	2
96.560	0
97.408	2
98.708	2
98.789	2
98.905	2
99.254	2
100.194	0
101.100	2
102.946	2
133.410	0
133.596	0
137.114	0
140.806	0
144.498	0
144.521	0
147.273	1
148.050	1
148.143	1
148.178	2
148.190	0
149.095	1
149.095	2
149.896	1
150.175	1
150.953	2
151.882	0
152.335	0
152.799	2
152.822	0
154.645	2
155.098	2
155.562	2
155.620	0
156.479	1
156.491	2
156.955	1
157.791	2
157.872	2
157.977	2
158.337	2
159.266	0
160.183	2
162.029	2
162.946	2
163.863	1
163.875	2
164.339	1
164.792	2
165.721	2
166.638	2
167.567	2
168.484	2
169.413	2
170.330	2
171.259	1
171.259	2
172.176	2
172.559	2
172.640	2
172.756	2
173.105	2
174.022	2
174.034	0
174.951	2
175.868	2
176.797	2
177.714	2
177.784	0
178.631	2
179.560	2
180.489	2
181.406	2
181.418	0
182.335	2
183.252	2
184.181	2
185.098	2
186.027	2
186.944	2
187.327	2
187.408	2
187.524	2
187.873	2
188.790	2
188.801	0
188.825	0
189.719	2
190.636	2
191.565	2
192.482	2
192.563	0
192.946	2
193.411	2
193.863	2
194.328	2
194.792	2
195.257	2
195.709	2
196.174	2
196.185	0
196.627	2
197.103	2
197.555	2
198.020	2
198.473	2
198.949	2
199.401	2
199.866	2
200.795	2
201.712	2
202.095	2
202.176	2
202.292	2
202.641	2
203.593	0
204.487	2
206.333	2
210.965	0
214.657	0
214.715	0
218.349	0
