15.557	1
31.475	2
58.294	2
58.805	2
59.292	2
59.803	2
62.299	1
62.311	2
63.298	1
64.296	1
65.295	1
67.303	1
68.290	1
69.300	1
70.287	1
70.310	2
71.297	1
72.295	1
72.319	2
73.294	1
74.292	1
74.315	2
75.302	1
76.289	1
76.312	2
77.299	1
78.298	1
78.309	2
79.296	1
80.295	1
81.293	1
82.292	1
82.686	1
82.698	2
83.302	1
84.288	1
85.299	1
86.297	1
86.309	2
87.295	1
88.294	1
89.292	1
90.291	1
90.314	2
91.301	1
92.299	1
92.311	2
93.298	1
94.296	1
94.308	2
95.295	1
96.293	1
97.292	1
98.186	1
98.197	2
98.290	1
99.300	1
100.299	1
101.297	1
102.296	1
102.307	2
103.294	1
104.292	1
104.316	2
105.291	1
106.289	1
106.313	2
106.394	0
107.299	1
108.298	1
108.309	2
109.296	1
110.295	1
110.306	2
111.293	1
112.292	1
112.327	2
113.290	1
114.289	1
114.312	2
115.299	1
116.297	1
117.296	1
118.294	1
118.306	2
119.293	1
120.291	1
120.314	2
121.301	1
122.288	1
122.311	2
123.310	2
151.882	0
154.297	2
154.807	2
155.295	2
155.806	2
158.290	1
158.314	2
158.407	0
159.289	1
160.299	1
160.322	2
161.297	1
161.425	0
162.029	0
162.296	1
163.294	1
164.293	1
165.291	1
165.407	0
166.185	0
166.208	0
166.290	1
166.313	2
166.394	0
167.300	1
168.298	1
168.321	2
169.297	1
169.424	0
170.028	0
170.295	1
171.294	1
172.292	1
172.954	0
172.977	0
173.291	1
174.289	1
174.312	2
175.299	1
176.298	1
176.321	2
177.296	1
177.424	0
178.027	0
178.294	1
179.293	1
180.291	1
181.290	1
181.406	0
182.195	0
182.288	1
182.311	2
182.393	0
183.298	1
184.297	1
184.320	2
185.295	1
185.423	0
186.027	0
186.294	1
187.292	1
188.952	0
188.976	0
189.173	1
189.289	1
190.288	1
190.311	2
190.392	0
191.298	1
192.296	1
192.319	2
193.295	1
193.422	0
194.026	0
194.293	1
195.291	1
197.288	1
198.194	0
198.287	1
198.310	2
198.391	0
199.297	1
200.295	1
200.319	2
201.294	1
201.433	0
202.037	0
202.292	1
203.291	1
204.289	1
204.951	0
204.974	0
205.299	1
206.298	1
206.309	2
206.391	0
207.296	1
208.295	1
208.318	2
209.293	1
209.421	0
210.036	0
210.292	1
211.290	1
213.299	1
214.192	0
214.285	1
214.309	2
214.390	0
215.295	1
216.294	1
216.317	2
217.292	1
217.432	0
218.035	0
218.291	1
219.301	1
220.949	0
220.973	0
221.170	1
221.286	1
