0.604	2
0.917	1
1.405	2
1.533	1
1.544	2
1.683	1
1.718	2
2.009	1
2.159	1
2.775	1
2.798	2
2.961	2
3.100	2
3.402	1
3.425	2
3.715	1
4.342	1
4.354	2
4.656	1
5.433	1
5.457	2
5.596	1
5.909	1
6.060	1
6.687	1
7.314	1
7.477	2
7.779	1
7.930	1
8.092	1
8.104	2
8.243	1
8.417	2
8.719	1
9.346	1
9.834	2
10.437	1
10.913	1
10.913	2
11.053	1
11.389	2
11.691	1
11.854	1
11.854	2
11.877	0
12.005	1
12.040	0
12.307	1
12.318	2
12.353	0
12.504	0
12.666	0
12.783	1
12.945	1
12.980	0
13.108	1
13.131	0
13.259	1
13.293	0
13.410	1
13.433	2
13.584	2
14.025	1
14.048	2
14.338	1
14.350	2
14.373	0
14.501	1
14.512	2
14.536	0
14.675	2
14.849	0
14.977	1
15.000	0
15.163	0
15.441	1
15.441	2
15.476	0
15.627	0
15.755	1
15.755	2
15.790	0
15.929	1
16.068	1
16.556	2
16.684	1
16.858	2
16.881	0
17.043	0
17.148	1
17.310	1
17.357	0
17.496	0
17.636	2
17.670	0
17.775	1
17.949	2
17.984	0
18.100	1
18.123	0
18.286	0
18.413	1
19.203	2
19.342	1
19.505	1
19.516	2
19.540	0
19.656	1
19.691	0
19.830	2
19.853	0
20.167	0
20.283	1
20.317	0
20.445	0
20.480	0
20.608	0
20.759	1
20.793	0
20.921	2
21.049	1
21.107	0
21.235	1
21.397	0
21.548	0
21.699	1
21.722	0
21.850	1
22.001	1
22.175	2
22.198	0
22.326	1
22.349	0
22.639	1
22.686	0
22.779	1
22.825	0
22.965	0
23.092	1
23.104	2
23.139	0
23.266	1
23.290	0
23.417	1
23.417	2
23.731	1
23.882	1
23.893	0
24.195	0
24.195	1
24.346	1
24.358	2
24.393	0
24.509	1
24.532	1
24.671	1
24.671	2
24.822	1
24.973	1
24.973	2
25.008	0
25.136	1
25.159	0
25.287	1
25.321	0
25.484	0
25.600	1
25.612	0
25.763	1
25.786	0
25.925	2
25.937	1
25.995	1
26.099	0
26.239	1
26.273	0
26.389	1
26.715	0
26.854	1
26.877	0
27.005	1
27.028	0
27.167	2
27.179	1
27.237	1
27.330	1
27.353	0
27.469	0
27.632	1
27.667	0
27.783	1
27.818	0
27.957	0
28.131	0
28.259	1
28.410	1
28.421	2
28.444	1
28.561	1
28.735	1
28.886	1
28.897	0
29.234	0
29.362	1
29.385	0
29.513	1
29.513	2
29.663	2
29.687	1
29.826	1
30.012	0
30.128	1
30.163	0
30.279	1
30.453	1
30.465	0
30.604	2
30.755	1
30.790	0
30.813	0
30.917	1
30.929	2
31.231	1
31.266	0
31.858	1
31.858	2
32.009	1
32.032	0
32.171	2
32.194	0
32.322	1
32.345	0
32.473	1
32.508	0
32.624	1
32.787	1
32.821	0
32.949	0
33.100	2
33.123	0
33.263	1
33.414	1
33.425	2
33.553	1
33.727	1
33.762	0
33.890	1
34.226	0
34.342	1
34.377	0
34.493	1
34.516	2
34.667	2
34.691	0
34.818	1
34.842	0
35.039	1
35.132	1
35.167	0
35.283	1
35.468	0
35.631	0
35.759	1
35.794	0
35.921	1
35.921	2
35.944	2
35.991	1
36.095	0
36.235	1
36.270	0
36.386	1
36.409	0
36.699	0
36.699	1
36.850	1
36.885	0
37.013	1
37.164	1
37.164	2
37.222	1
37.326	1
37.349	0
37.477	1
37.628	1
37.686	0
37.790	1
37.825	0
37.953	1
38.092	1
38.127	0
38.266	1
38.290	0
38.417	1
38.452	2
38.475	1
38.615	0
38.731	1
38.766	0
38.789	0
38.882	1
39.033	1
39.195	1
39.219	0
39.358	1
39.497	1
39.509	2
39.660	1
39.671	2
39.834	1
39.857	0
39.973	1
40.124	1
40.182	0
40.287	1
40.310	0
40.333	0
40.461	0
40.600	0
40.600	1
40.635	0
40.751	1
40.774	1
40.786	0
40.914	1
40.925	2
41.064	1
41.215	1
41.691	1
41.703	2
41.854	1
41.993	1
42.005	2
42.017	0
42.167	1
42.167	2
42.318	1
42.353	0
42.469	1
42.632	1
42.678	0
42.783	1
42.818	0
43.096	1
43.119	0
43.259	1
43.294	0
43.410	1
43.421	2
43.572	0
43.735	1
43.770	0
44.048	0
44.199	1
44.222	0
44.350	1
44.501	1
44.652	1
44.675	2
44.698	0
44.803	1
44.826	1
44.861	0
44.965	1
45.128	1
45.186	0
45.279	1
45.325	0
45.465	0
45.592	1
45.639	0
45.743	1
45.790	0
45.917	2
45.929	1
45.964	1
46.022	1
46.057	1
46.231	1
46.266	0
46.382	1
46.393	0
46.417	0
46.684	1
46.730	0
46.858	1
46.893	0
46.997	1
47.009	2
47.160	1
47.171	2
47.311	1
47.345	0
47.485	1
47.508	0
47.624	1
47.671	0
47.787	1
47.821	0
47.972	0
48.100	1
48.112	0
48.263	1
48.286	0
48.414	1
48.414	2
48.448	2
48.599	0
48.739	1
48.762	0
48.890	1
48.913	0
49.215	2
49.354	1
49.377	0
49.505	1
49.540	0
49.667	2
49.702	0
49.830	1
49.853	0
49.969	1
50.004	0
50.132	1
50.178	0
50.283	1
50.445	1
50.457	0
50.596	1
50.631	0
50.759	1
50.921	2
51.072	1
51.223	1
51.386	1
51.688	1
51.722	0
51.850	1
51.885	0
51.989	1
52.175	2
52.187	1
52.315	1
52.338	1
52.477	1
52.512	0
52.628	1
52.674	0
52.779	1
52.941	1
52.965	0
53.092	1
53.255	1
53.290	0
53.406	1
53.418	2
53.557	1
53.603	0
53.731	1
53.777	0
53.882	1
53.905	0
54.195	0
54.195	1
54.358	1
54.497	1
54.660	1
54.671	2
54.683	1
54.695	0
54.822	1
54.846	0
54.973	1
55.136	1
55.159	0
55.287	1
55.322	0
55.449	0
55.449	1
55.449	2
55.600	1
55.635	0
55.763	1
55.925	2
55.960	0
55.960	1
56.065	1
56.239	1
56.274	0
56.390	1
56.459	0
56.552	0
56.692	1
56.726	0
56.854	1
56.854	2
56.877	0
57.005	1
57.168	1
57.168	2
57.307	1
57.342	1
57.353	0
57.469	1
57.516	0
57.632	1
57.783	1
57.945	1
57.957	0
58.108	1
58.143	0
58.270	1
58.294	0
58.445	1
58.445	2
58.735	1
58.886	1
58.909	0
59.188	1
59.199	2
59.350	1
59.501	1
59.524	0
59.675	2
59.699	0
59.722	1
59.826	1
59.849	0
59.977	1
60.012	0
60.128	1
60.186	0
60.279	1
60.592	1
60.778	1
60.906	1
60.918	2
60.952	0
61.068	1
61.231	1
61.266	0
61.858	1
61.881	1
62.009	1
62.032	1
62.171	2
62.218	1
62.322	1
62.357	0
62.462	1
62.636	1
62.694	0
62.787	1
62.833	0
62.949	1
62.973	0
63.100	1
63.135	0
63.263	1
63.286	0
63.414	1
63.414	2
63.483	1
63.565	1
63.739	1
63.774	0
64.029	1
64.180	1
64.342	1
64.424	1
64.505	1
64.668	1
64.668	2
64.691	0
64.830	1
64.969	1
65.132	1
65.178	0
65.283	1
65.318	0
65.445	1
65.596	1
65.631	0
65.782	1
65.898	1
65.921	2
65.945	0
65.968	1
66.072	2
66.107	0
66.235	1
66.281	0
66.386	1
66.537	1
66.548	0
66.699	2
66.723	0
66.850	1
66.873	0
67.024	1
67.175	2
67.187	1
67.233	1
67.326	1
67.349	1
67.361	0
67.466	1
67.512	0
67.628	1
67.640	2
67.686	0
67.791	1
67.825	0
67.942	1
67.965	0
68.093	1
68.139	0
68.243	1
68.278	1
68.418	2
68.731	1
68.882	1
68.882	2
69.195	1
69.230	0
69.370	1
69.381	0
69.509	2
69.521	0
69.521	1
69.660	1
69.683	2
69.718	1
69.822	1
69.985	1
70.020	0
70.043	1
70.136	1
70.136	2
70.171	0
70.287	1
70.298	2
70.449	1
70.473	0
70.600	1
70.763	2
70.798	0
70.914	1
70.937	0
70.972	1
71.053	1
71.100	0
71.239	1
71.274	0
71.378	1
71.413	0
71.483	0
71.541	2
71.692	1
71.843	1
71.854	2
71.866	1
71.877	0
72.005	2
72.017	1
72.040	0
72.179	2
72.191	1
72.202	0
72.319	1
72.330	2
72.353	0
72.469	1
72.504	0
72.632	1
72.667	0
72.783	1
72.795	2
72.829	0
72.945	1
72.945	2
73.096	1
73.108	2
73.131	0
73.259	1
73.421	2
73.445	1
73.561	1
73.572	2
73.712	1
73.747	1
73.886	0
73.886	1
74.025	1
74.199	1
74.199	2
74.223	0
74.350	2
74.362	1
74.374	0
74.513	1
74.664	2
74.850	0
74.966	1
75.128	1
75.279	1
75.442	1
75.453	2
75.465	0
75.604	2
75.755	1
75.778	1
75.790	0
75.918	2
76.080	2
76.103	0
76.231	1
76.382	1
76.405	0
76.533	1
76.545	2
76.696	1
76.707	2
76.858	1
76.881	0
77.009	1
77.172	2
77.322	1
77.322	2
77.473	1
77.636	1
77.659	0
77.787	1
77.787	2
77.822	0
77.949	1
78.100	1
78.263	1
78.286	0
78.425	1
78.425	2
78.460	0
78.727	1
79.192	1
79.226	0
79.505	0
79.505	2
79.668	2
79.726	1
79.819	2
79.830	1
79.853	0
79.981	1
79.981	2
80.132	1
80.283	1
80.446	1
80.446	2
80.457	0
80.585	1
80.608	2
80.643	0
80.771	1
80.922	1
80.922	2
80.956	1
81.072	1
81.131	1
81.235	1
81.270	0
81.386	1
81.537	1
81.850	2
81.862	1
81.955	0
82.013	1
82.013	2
82.164	1
82.175	2
82.326	1
82.466	1
82.489	2
82.628	1
82.675	0
82.779	1
82.791	2
82.826	0
82.942	1
83.104	1
83.127	0
83.267	1
83.418	1
83.418	2
83.453	0
83.580	2
83.603	0
83.731	1
83.731	2
83.882	1
83.894	2
84.045	2
84.196	1
84.219	0
84.358	1
84.497	1
84.544	0
84.672	1
84.672	2
84.706	0
84.730	1
84.811	1
84.822	2
84.857	0
84.985	1
85.008	0
85.124	1
85.182	0
85.287	1
85.310	0
85.449	1
85.449	2
85.461	0
85.589	1
85.600	2
85.925	1
85.925	2
86.100	0
86.227	1
86.227	2
86.390	1
86.390	2
86.401	0
86.541	1
86.552	2
86.727	0
86.854	1
86.854	2
86.877	0
87.005	1
87.005	2
87.017	0
87.168	1
87.249	1
87.342	1
87.412	0
87.470	1
87.504	0
87.632	1
87.667	0
87.783	1
87.795	2
87.946	2
87.969	0
88.108	2
88.259	1
88.259	2
88.294	0
88.422	1
88.422	2
88.573	1
88.596	0
88.735	1
88.770	0
88.886	1
88.909	0
89.188	1
89.211	0
89.362	1
89.374	0
89.513	1
89.513	2
89.536	0
89.687	0
89.815	2
89.826	1
89.850	0
89.966	1
90.001	0
90.140	1
90.163	0
90.279	1
90.442	1
90.453	0
90.453	2
90.593	1
90.604	2
90.639	0
90.790	0
90.918	1
90.918	2
91.069	1
91.127	1
91.208	1
91.231	1
91.382	1
91.394	2
91.533	1
91.556	2
91.858	1
91.858	2
92.009	1
92.009	2
92.172	1
92.172	2
92.323	1
92.323	2
92.485	2
92.636	1
92.682	0
92.787	1
92.822	0
92.949	1
93.100	1
93.263	1
93.414	1
93.414	2
93.449	0
93.460	1
93.576	2
93.727	2
93.739	1
93.890	1
93.890	2
94.041	2
94.215	0
94.354	1
94.505	2
94.540	0
94.679	2
94.703	0
94.726	1
94.819	1
94.819	2
94.854	0
94.981	1
95.004	0
95.132	1
95.179	0
95.283	1
95.446	1
95.446	2
95.469	0
95.585	1
95.608	2
95.631	0
95.922	1
95.922	2
96.107	0
96.223	1
96.386	1
96.386	2
96.409	0
96.537	1
96.560	2
96.723	0
96.850	1
96.850	2
96.885	0
97.013	1
97.013	2
97.164	1
97.338	1
97.477	1
97.512	0
97.628	1
97.663	0
97.791	1
97.791	2
97.953	2
97.977	0
98.104	2
98.255	2
98.267	1
98.290	0
98.418	1
98.418	2
98.569	1
98.592	0
98.731	1
98.778	0
98.882	1
98.905	0
99.196	1
99.207	0
99.358	1
99.381	0
99.509	2
99.521	1
99.532	0
99.695	0
99.823	1
99.823	2
99.846	0
99.962	1
100.008	0
100.136	1
100.159	0
100.287	1
100.450	1
100.450	2
100.461	0
100.589	1
100.612	2
100.914	1
100.914	2
101.076	1
101.123	1
101.239	1
101.378	1
101.390	2
101.541	1
101.552	2
101.854	2
101.866	1
101.947	0
102.005	1
102.005	2
102.168	1
102.168	2
102.319	1
102.319	2
102.481	2
102.516	1
102.632	1
102.679	0
102.783	1
102.806	2
102.818	0
102.946	1
103.097	1
103.108	2
103.120	0
103.271	1
103.422	1
103.422	2
103.445	0
103.584	2
103.724	2
103.735	1
103.886	1
104.037	2
104.223	0
104.362	1
104.513	2
104.536	0
104.676	2
104.687	1
104.734	1
104.815	1
104.826	2
104.861	0
104.977	1
105.012	0
105.128	1
105.175	0
105.291	1
105.442	1
105.453	2
105.465	0
105.593	1
105.604	2
105.628	0
105.755	1
105.918	2
105.929	1
106.104	0
106.220	1
106.231	2
106.382	1
106.382	2
106.405	0
106.545	1
106.731	0
106.858	1
106.858	2
106.881	0
107.009	1
107.009	2
107.160	1
107.172	2
107.241	1
107.334	1
107.474	1
107.508	0
107.636	1
107.671	0
107.787	1
107.787	2
107.950	2
107.973	0
108.100	2
108.263	1
108.263	2
108.298	0
108.414	1
108.414	2
108.565	1
108.588	0
108.727	1
108.774	0
108.890	1
108.913	0
109.203	0
109.354	1
109.378	0
109.505	2
109.517	1
109.529	0
109.668	2
109.691	0
109.819	2
109.830	1
109.854	0
109.865	1
109.970	1
110.005	0
110.144	1
110.167	0
110.283	1
110.446	1
110.446	2
110.457	0
110.585	1
110.608	2
110.771	1
110.922	1
110.922	2
110.957	1
111.015	1
111.073	1
111.131	1
111.235	1
111.270	0
111.386	1
111.537	1
111.549	2
111.851	2
111.862	1
112.013	1
112.164	1
112.176	2
112.327	1
112.466	1
112.489	2
112.628	1
112.675	0
112.791	1
112.826	0
112.942	1
113.093	1
113.267	1
113.418	1
113.418	2
113.453	0
113.464	1
113.580	2
113.731	1
113.731	2
113.882	1
113.882	2
114.045	2
114.219	0
114.358	1
114.370	2
114.672	2
114.707	0
114.730	1
114.811	1
114.823	2
114.858	0
114.962	1
114.985	1
115.008	0
115.125	1
115.171	0
115.287	1
115.450	1
115.450	2
115.461	0
115.589	1
115.612	2
115.926	1
115.926	2
116.100	0
116.227	1
116.390	1
116.390	2
116.402	0
116.541	1
116.727	0
116.854	1
116.854	2
116.878	0
117.005	1
117.005	2
117.017	0
117.168	1
117.342	1
117.412	0
117.470	1
117.505	0
117.632	1
117.667	0
117.783	1
117.795	2
117.946	1
117.946	2
117.969	0
118.085	1
118.108	2
118.259	1
118.259	2
118.294	0
118.410	1
118.422	2
118.561	1
118.596	0
118.712	1
118.735	1
118.770	0
118.886	1
119.025	1
119.339	1
119.362	2
119.501	1
119.513	2
119.664	2
119.792	1
119.827	2
119.966	1
120.291	1
120.314	0
120.442	1
120.454	2
120.604	1
120.604	2
120.767	1
120.767	2
120.790	0
120.918	2
121.080	2
121.382	2
121.533	1
121.858	2
122.009	1
122.009	2
122.032	0
122.149	1
122.172	2
122.195	0
122.323	2
122.346	0
122.474	2
122.636	1
122.787	1
122.799	2
122.810	0
122.950	1
122.950	2
123.263	1
123.263	2
123.298	0
123.414	1
123.449	0
123.716	1
123.728	2
124.204	2
124.343	1
124.505	2
124.645	1
124.668	2
124.830	2
124.854	0
125.132	0
125.132	1
125.132	2
125.295	2
125.318	0
125.446	1
125.469	0
125.608	1
125.608	2
125.759	2
125.933	1
126.061	1
126.235	2
126.700	2
126.851	1
127.002	0
127.013	1
127.315	1
127.350	0
127.478	2
127.652	1
127.663	0
127.954	1
128.012	1
128.104	2
128.267	2
128.430	1
128.453	1
128.557	1
128.580	2
128.731	2
128.894	2
129.045	2
129.196	2
129.358	1
129.672	2
129.846	0
130.159	0
130.299	1
130.450	1
130.601	2
130.612	1
130.763	1
130.914	1
131.228	2
131.541	2
131.692	1
131.855	1
132.005	1
132.168	2
132.319	1
132.331	2
132.656	1
132.795	1
132.795	2
132.946	2
132.957	1
133.108	1
133.271	2
133.712	1
133.886	2
134.037	1
134.037	2
134.200	2
134.351	1
134.513	1
134.536	0
134.827	1
135.140	2
135.152	0
135.163	1
135.442	1
135.465	0
135.465	1
135.605	2
135.755	1
135.755	2
135.918	1
135.918	2
136.057	1
136.081	2
136.231	2
136.382	2
136.684	1
136.858	1
136.858	2
136.882	0
137.009	1
137.009	2
137.033	0
137.311	1
137.648	1
137.787	1
137.950	2
137.973	0
137.973	1
138.101	1
138.263	1
138.286	0
138.565	1
138.577	2
138.716	1
138.890	2
139.041	2
139.204	2
139.343	1
139.517	1
139.529	0
139.668	2
139.819	2
139.854	0
139.981	2
140.132	1
140.156	0
140.295	1
140.458	1
141.862	1
142.002	1
142.036	0
142.315	1
142.350	0
142.478	2
142.536	0
142.640	1
142.640	2
142.663	1
142.791	1
142.954	1
143.105	1
143.105	2
143.267	1
143.290	0
143.557	1
143.801	1
143.917	1
144.347	1
144.509	1
144.823	1
144.846	0
144.985	2
145.136	1
145.473	1
145.636	0
145.763	1
145.786	0
145.914	1
145.914	2
145.949	0
145.984	1
146.855	1
146.878	0
147.006	1
147.029	0
147.319	1
147.342	0
147.482	2
147.632	1
147.667	0
147.795	1
147.818	0
147.958	1
147.981	0
148.108	1
148.259	1
148.422	1
148.445	1
149.200	1
149.351	1
149.374	0
149.513	1
149.537	0
149.664	2
149.687	1
149.978	1
150.001	0
150.140	1
150.163	0
150.314	0
150.454	1
150.756	1
150.779	0
150.906	1
150.918	2
152.009	1
152.033	0
152.323	1
152.346	0
152.474	1
152.485	2
152.799	1
152.822	0
152.950	1
153.263	1
153.287	0
154.668	1
154.703	0
154.970	1
155.133	1
155.295	1
155.446	1
155.759	1
155.783	0
155.922	1
155.922	2
157.037	0
157.187	1
157.315	1
157.350	0
157.478	1
157.478	2
157.524	1
157.629	1
157.675	0
157.814	0
157.931	1
158.256	1
158.290	0
158.418	1
158.557	1
159.533	0
159.660	1
159.660	2
159.695	0
159.985	1
160.009	0
160.136	1
160.160	0
160.287	1
160.450	1
160.763	1
160.787	0
160.938	1
162.180	1
162.342	0
162.389	1
162.412	0
162.482	2
162.633	1
162.818	0
162.946	1
162.969	0
163.260	1
163.283	0
163.410	2
163.422	1
164.664	1
164.664	2
165.140	1
165.314	0
165.454	1
165.756	1
165.790	0
165.907	1
166.870	0
167.184	1
167.486	2
167.544	1
167.962	1
168.252	1
168.287	0
168.438	1
169.030	1
169.506	1
169.668	1
169.668	2
169.982	1
170.144	1
170.167	0
170.295	1
170.307	0
170.458	1
170.760	1
170.910	2
170.922	1
172.176	1
172.327	1
172.478	2
172.489	1
172.815	0
172.965	1
172.977	0
173.279	0
173.418	1
177.168	2
177.180	1
177.470	1
177.633	1
177.784	1
177.795	2
177.818	0
177.842	0
177.958	0
178.109	0
178.283	0
178.736	1
179.049	0
179.200	1
179.212	0
179.351	1
179.351	2
180.140	2
180.291	1
180.291	2
180.315	0
180.442	0
180.767	2
180.918	1
180.918	2
181.232	1
181.267	0
181.371	0
181.383	1
181.394	2
181.847	1
181.859	2
182.044	0
182.509	0
182.787	1
182.822	0
182.938	0
182.950	1
183.263	2
183.565	1
183.728	2
183.763	0
184.192	1
184.192	2
184.227	0
184.506	1
184.657	2
184.692	0
185.133	1
185.284	1
185.318	0
185.400	0
185.597	1
185.748	2
185.760	1
185.794	0
186.270	0
186.363	0
186.387	1
186.538	1
186.700	1
186.863	0
187.025	0
187.478	1
187.640	1
187.791	1
187.815	0
188.291	0
188.430	1
188.604	0
188.732	1
189.196	1
189.196	2
189.347	2
189.359	1
189.661	1
190.137	1
190.148	0
190.288	1
190.299	2
190.311	0
190.334	1
190.404	0
190.462	2
190.682	0
190.764	2
190.798	0
190.914	1
190.914	2
191.077	2
191.228	1
191.240	2
191.263	0
191.367	0
191.379	1
191.390	2
191.704	2
191.855	1
191.855	2
192.006	2
192.017	0
192.168	2
192.331	2
192.470	1
192.482	2
192.633	1
192.784	1
192.795	2
192.819	0
192.946	1
193.109	2
193.260	2
193.283	0
193.422	2
193.434	1
193.573	1
193.724	2
193.759	0
193.887	2
194.049	2
194.188	2
194.200	1
194.212	0
194.374	1
194.502	1
194.664	2
195.140	1
195.152	0
195.222	2
195.280	1
195.315	0
195.454	1
195.454	2
195.605	1
195.617	2
195.756	1
195.756	2
195.918	1
195.918	2
195.953	0
196.104	0
196.232	0
196.243	1
196.267	0
196.336	0
196.383	1
196.545	1
196.545	2
196.696	1
197.010	1
197.010	2
197.486	1
197.637	2
197.660	0
197.788	1
197.788	2
197.811	0
197.950	2
198.264	1
198.264	2
198.298	0
198.403	1
198.426	2
198.600	0
198.728	1
198.763	0
198.891	2
199.216	0
199.506	2
199.668	2
199.680	0
199.831	2
199.982	2
200.133	1
200.133	2
200.284	1
200.516	0
200.609	2
200.644	0
200.760	0
200.922	1
200.957	0
201.073	2
201.236	1
201.236	2
201.538	2
201.851	2
202.014	1
202.014	2
202.153	1
202.188	2
202.490	1
202.780	1
202.815	0
203.267	2
203.302	0
203.418	1
203.581	2
203.604	0
203.732	1
203.767	0
203.894	2
204.196	1
204.196	2
204.510	2
204.672	2
204.823	2
204.846	1
205.137	2
205.288	1
205.369	0
205.520	0
205.613	2
205.648	0
205.764	0
205.764	2
205.915	1
206.077	2
206.240	1
206.321	0
206.391	2
206.704	2
206.855	2
207.006	1
207.018	2
207.041	0
207.168	2
207.319	2
207.354	0
207.482	2
207.644	2
207.656	0
207.784	1
207.888	0
208.109	2
208.132	0
208.260	1
208.411	1
208.573	2
208.596	0
208.736	1
208.771	0
209.049	0
209.200	1
209.223	0
209.374	0
209.514	2
209.548	0
209.665	1
209.816	1
209.827	2
209.850	0
210.013	0
210.164	0
210.280	1
210.292	2
210.466	0
210.617	2
210.640	0
210.756	2
210.768	0
210.918	1
210.918	2
210.953	0
211.069	1
211.232	1
211.232	2
211.394	0
211.545	2
211.569	0
211.696	1
211.859	0
212.010	1
212.010	2
212.323	2
212.358	0
212.474	1
212.486	2
212.637	1
212.637	2
212.672	0
212.788	1
212.788	2
212.950	1
213.136	0
213.264	1
213.415	2
213.426	1
213.438	0
213.728	1
213.728	2
213.891	0
213.891	2
214.053	0
214.192	1
214.204	2
214.518	2
214.668	1
214.819	1
214.854	0
215.284	1
215.760	1
215.922	1
215.946	0
216.073	1
216.108	0
216.538	1
216.700	1
216.700	2
216.723	0
216.840	1
217.014	1
217.165	1
217.327	2
217.350	0
217.641	1
217.664	0
217.792	1
217.826	0
217.942	1
218.105	1
218.128	0
218.256	1
218.419	1
218.569	1
218.732	1
219.069	0
219.185	1
219.359	2
219.661	1
219.661	2
219.696	0
219.823	1
219.823	2
219.847	0
220.137	1
220.288	1
220.299	2
220.450	2
220.601	2
220.764	1
220.915	1
220.938	0
221.391	2
221.542	1
221.542	2
222.006	2
222.169	1
222.482	2
222.946	1
223.260	2
223.573	1
223.573	2
224.189	1
225.919	1
