0.383	0
0.383	1
0.418	0
1.231	2
1.242	1
1.277	0
1.881	1
1.927	0
2.090	1
2.090	2
2.136	0
2.926	2
2.949	1
2.995	0
3.274	1
3.320	0
3.599	1
3.634	0
3.808	1
3.855	0
4.180	2
4.458	1
4.493	0
4.992	1
5.027	0
5.306	1
5.352	0
5.480	2
5.526	1
5.561	0
5.677	0
6.165	1
6.211	0
6.374	1
6.420	0
6.536	0
7.024	1
7.070	0
7.245	0
7.245	1
7.279	0
7.883	1
7.918	0
8.092	1
8.139	0
8.417	1
8.452	0
8.940	2
8.951	1
8.998	0
9.601	1
9.636	0
9.776	2
10.136	1
10.170	0
10.449	1
10.495	0
10.983	1
11.029	0
11.215	2
11.529	1
11.564	0
11.842	1
11.889	0
12.376	1
12.423	0
13.026	1
13.061	0
13.177	2
13.560	1
13.607	0
13.886	1
13.920	0
14.095	1
14.129	0
14.420	1
14.454	0
14.733	1
14.780	0
15.000	0
15.279	1
15.314	0
15.592	1
15.639	0
15.813	1
15.848	0
16.126	1
16.173	0
16.451	1
16.498	0
16.707	0
16.985	1
17.032	0
17.310	1
17.357	0
17.519	1
17.566	0
17.845	1
17.891	0
18.170	1
18.204	0
18.425	0
18.704	1
18.739	0
19.029	1
19.064	0
19.238	1
19.284	0
19.563	1
19.598	0
19.876	1
19.923	0
20.132	0
20.422	1
20.457	0
20.735	1
20.782	0
20.956	1
20.991	0
21.269	1
21.316	0
21.595	1
21.629	0
21.804	0
21.850	0
22.129	1
22.175	0
22.245	1
22.454	1
22.489	0
22.663	1
22.709	0
22.988	1
23.034	0
23.313	1
23.348	0
23.568	0
23.847	1
23.893	0
24.160	1
24.207	0
24.381	1
24.427	0
24.532	2
24.706	1
24.741	0
25.031	1
25.066	0
25.275	0
25.554	1
25.600	0
25.879	1
25.925	0
26.099	1
26.134	0
26.413	1
26.459	0
26.738	1
26.784	0
26.993	0
27.272	1
27.318	0
27.597	1
27.632	0
27.806	1
27.852	0
28.131	1
28.166	0
28.456	1
28.491	0
28.665	1
28.711	0
29.037	0
29.315	1
29.350	0
29.524	1
29.571	0
29.571	2
29.849	1
29.884	0
30.163	1
30.209	0
30.383	1
30.430	0
30.743	0
31.022	1
31.068	0
31.242	1
31.277	0
31.556	1
31.602	0
31.881	1
31.916	0
32.102	1
32.136	0
32.461	0
32.740	1
32.775	0
32.949	1
32.996	0
33.112	0
33.274	1
33.321	0
33.390	1
33.599	1
33.634	0
33.808	1
33.855	0
34.168	0
34.447	1
34.493	0
34.667	1
34.702	0
34.992	1
35.027	0
35.306	1
35.352	0
35.527	1
35.561	0
35.886	0
36.165	1
36.212	0
36.386	1
36.420	0
36.699	1
36.746	0
37.024	1
37.059	0
37.233	1
37.280	0
37.291	2
37.605	0
37.883	1
37.918	0
38.092	1
38.139	0
38.417	1
38.452	0
38.534	1
38.742	1
38.777	0
38.951	1
38.998	0
39.311	0
39.590	1
39.636	0
39.811	1
39.845	0
40.136	1
40.171	0
40.449	1
40.496	0
40.716	2
41.529	0
41.610	1
44.838	2
48.379	0
48.379	1
52.117	0
53.197	2
54.056	2
55.240	1
55.275	0
56.088	0
56.134	0
56.517	1
56.738	1
56.784	0
56.959	1
56.993	0
57.853	0
58.131	1
58.178	0
58.456	1
58.491	0
58.665	1
58.712	0
59.304	1
59.350	0
59.571	2
59.849	1
59.884	0
60.163	1
60.209	0
60.383	1
60.418	0
60.430	2
61.022	1
61.068	0
61.277	0
61.881	1
61.928	0
62.090	1
62.137	0
62.740	1
62.775	0
62.949	0
62.996	0
63.274	1
63.309	0
63.379	1
63.808	1
63.855	0
63.855	2
64.459	1
64.493	0
64.702	2
64.993	1
65.027	0
65.306	1
65.353	0
65.573	2
65.840	1
65.887	0
66.386	1
66.421	0
66.699	1
66.746	0
67.233	1
67.280	0
67.884	1
67.918	0
68.139	2
68.418	1
68.452	0
68.743	1
68.778	0
69.277	1
69.312	0
69.602	1
69.637	0
69.857	0
70.182	0
70.449	1
70.496	0
70.612	0
70.670	1
70.705	0
70.983	1
71.030	0
71.355	0
71.529	1
71.564	0
71.889	0
72.168	1
72.202	0
72.377	1
72.423	0
72.702	1
72.748	0
73.062	0
73.236	1
73.282	0
73.607	0
73.886	1
73.921	0
74.141	0
74.420	1
74.455	0
74.780	0
74.954	1
74.989	0
75.314	0
75.593	1
75.639	0
75.813	1
75.848	0
76.127	1
76.173	0
76.487	0
76.672	1
76.707	0
77.032	0
77.055	0
77.311	1
77.346	0
77.531	1
77.566	0
77.845	1
77.891	0
78.170	1
78.205	0
78.379	1
78.425	0
78.750	0
79.029	1
79.064	0
79.099	1
79.238	1
79.285	0
79.435	2
79.563	1
79.598	0
79.888	1
79.923	0
80.097	1
80.132	0
80.457	0
80.736	1
80.782	0
80.956	1
80.991	0
81.270	1
81.316	0
81.595	1
81.641	0
81.804	1
81.850	0
82.175	0
82.454	1
82.489	0
82.663	1
82.709	0
82.988	1
83.023	0
83.348	0
83.522	1
83.569	0
83.894	0
84.172	1
84.207	0
84.381	1
84.428	0
84.706	1
84.741	0
84.834	1
85.066	0
85.240	1
85.275	0
85.600	0
85.879	1
85.925	0
86.100	1
86.134	0
86.413	1
86.460	0
86.541	1
86.738	1
86.785	0
86.959	1
86.994	0
87.319	0
87.597	1
87.644	0
87.853	0
87.969	0
88.131	1
88.178	0
88.456	1
88.491	0
88.665	1
88.712	0
88.909	1
89.025	0
89.304	1
89.350	0
89.525	1
89.559	0
89.850	1
89.884	0
90.210	0
90.384	1
90.419	0
90.535	0
91.022	1
91.069	0
91.243	1
91.278	0
91.556	1
91.603	0
91.893	1
91.928	0
92.102	1
92.137	0
92.462	0
92.740	1
92.775	0
92.949	1
92.996	0
93.275	1
93.321	0
93.600	1
93.634	0
93.809	1
93.855	0
94.180	0
94.447	1
94.494	0
94.668	1
94.703	0
94.993	1
95.028	0
95.306	1
95.353	0
95.527	1
95.562	0
95.887	0
96.165	1
96.212	0
96.247	1
96.374	1
96.421	0
97.234	0
97.280	0
97.884	1
97.919	0
98.093	1
98.139	0
98.998	0
99.277	1
99.312	0
99.590	1
99.637	0
99.811	1
99.846	0
100.450	1
100.496	0
100.717	2
100.984	1
101.030	0
101.309	1
101.355	0
101.518	1
101.564	0
102.168	1
102.203	0
102.388	1
102.423	0
103.027	1
103.062	0
103.236	1
103.282	0
103.886	1
103.921	0
104.141	0
104.420	1
104.455	0
104.954	1
104.989	0
105.593	1
105.639	0
105.813	1
105.848	2
106.127	1
106.173	0
106.452	1
106.498	0
106.707	2
106.986	1
107.032	0
107.566	0
107.845	1
107.892	0
107.996	0
108.379	1
108.426	0
109.029	1
109.064	0
109.285	2
109.563	1
109.598	0
109.877	1
109.923	0
110.097	0
110.550	1
112.640	2
113.905	2
114.184	2
115.194	2
116.947	1
116.959	0
123.844	0
124.494	0
124.668	0
124.714	0
124.993	1
125.028	0
125.086	1
125.527	1
125.562	0
126.166	1
126.212	0
126.421	2
126.700	1
126.746	0
127.025	1
127.060	0
127.280	2
127.559	1
127.605	0
128.139	0
128.418	1
128.464	0
128.998	0
129.602	1
129.637	0
129.858	2
130.136	1
130.171	0
130.450	1
130.496	0
130.705	0
130.995	1
131.030	0
131.309	1
131.344	0
131.529	1
131.564	0
131.564	2
131.889	0
131.913	0
132.168	1
132.203	0
132.423	0
132.702	1
132.748	0
133.027	1
133.062	0
133.236	1
133.283	0
133.608	0
133.886	1
133.921	0
134.095	1
134.142	0
134.420	1
134.455	0
134.745	1
134.780	0
134.954	1
134.989	0
135.314	0
135.593	1
135.639	0
135.814	1
135.848	0
136.127	1
136.173	0
136.452	1
136.499	0
136.673	1
136.707	0
137.033	0
137.311	1
137.346	0
137.520	1
137.567	0
137.845	1
137.880	0
138.170	1
138.205	0
138.379	1
138.426	0
138.739	0
139.029	1
139.064	0
139.285	0
139.564	1
139.598	0
139.680	1
139.923	0
140.098	1
140.132	0
140.458	0
140.736	1
140.783	0
140.945	1
140.992	0
141.270	1
141.317	0
141.398	1
141.642	0
141.804	1
141.851	0
142.176	0
142.454	1
142.489	0
142.710	0
142.988	1
143.023	0
143.314	1
143.348	0
143.523	1
143.569	0
143.882	0
144.161	1
144.208	0
144.417	0
144.707	1
144.742	0
145.067	0
145.241	1
145.276	0
145.276	2
145.566	1
145.601	0
145.879	1
145.926	0
146.100	1
146.135	0
146.413	1
146.460	0
146.739	1
146.785	0
146.959	1
146.994	0
146.994	2
147.319	0
147.598	1
147.632	0
147.807	1
147.853	0
148.132	1
148.167	0
148.457	1
148.492	0
148.666	1
148.712	0
149.026	0
149.316	1
149.351	0
149.525	1
149.560	0
149.850	1
149.885	0
150.163	1
150.210	0
150.384	1
150.419	0
150.744	0
151.023	1
151.069	0
151.232	1
151.278	0
151.557	1
151.603	0
151.917	0
152.102	1
152.137	0
152.462	0
152.485	0
152.741	1
152.776	0
152.996	0
153.275	1
153.310	0
153.403	1
153.635	0
153.809	1
153.855	0
154.169	0
154.448	1
154.494	0
154.668	1
154.703	0
154.993	1
155.028	0
155.353	0
155.562	0
155.887	0
156.166	1
156.212	0
156.421	0
156.700	1
156.746	0
157.025	1
157.060	0
157.234	1
157.280	0
157.605	0
157.884	1
157.919	0
158.140	0
158.418	1
158.453	0
158.778	0
158.952	1
158.999	0
159.602	1
159.637	0
159.846	0
160.136	1
160.171	0
160.253	1
160.496	0
160.705	0
161.030	0
161.309	1
161.355	0
161.518	1
161.564	0
161.843	1
161.890	0
162.168	1
162.203	0
162.377	1
162.424	0
162.749	0
163.027	1
163.062	0
163.283	0
163.561	1
163.596	0
163.921	0
164.095	1
164.142	0
164.455	0
164.734	1
164.780	0
