0.000	0
0.000	2
0.200	2
0.590	1
0.590	2
0.900	2
1.190	0
1.190	1
1.190	2
1.500	2
1.640	0
1.640	2
1.790	1
1.790	2
2.100	2
2.390	0
2.390	2
2.700	2
2.990	1
2.990	2
3.300	2
3.590	0
3.590	1
3.590	2
3.900	2
4.040	0
4.040	2
4.190	1
4.190	2
4.500	2
4.790	0
4.790	1
4.790	2
5.260	2
5.400	1
5.400	2
5.700	2
6.000	0
6.000	2
6.300	2
6.440	0
6.440	2
6.590	1
6.590	2
6.900	2
7.200	0
7.200	2
7.500	2
7.790	1
7.790	2
8.100	2
8.400	0
8.400	2
8.700	2
8.850	0
8.850	2
9.000	1
9.000	2
9.300	2
9.590	0
9.590	2
10.190	1
10.190	2
10.500	2
10.790	0
10.790	2
11.100	2
11.240	0
11.390	1
11.390	2
11.710	2
12.000	0
12.000	2
12.300	2
12.590	1
12.590	2
12.900	2
13.050	0
13.050	2
13.200	2
13.500	2
13.640	0
13.790	1
13.790	2
14.100	2
14.250	0
14.390	2
14.700	2
14.990	1
14.990	2
15.290	2
15.590	0
15.590	2
15.900	2
16.040	0
16.040	2
16.190	1
16.190	2
16.500	2
16.640	0
16.640	2
16.800	2
17.100	2
17.400	1
17.400	2
17.690	2
17.990	0
17.990	1
17.990	2
18.300	2
18.440	0
18.590	1
18.590	2
18.900	2
