0.000	0
0.000	2
0.500	2
0.750	0
1.000	1
1.000	2
1.490	2
1.750	0
2.000	2
2.240	0
2.500	2
2.740	0
2.990	2
3.240	0
3.490	1
3.490	2
3.990	0
3.990	2
4.490	2
4.750	0
4.990	1
4.990	2
5.500	2
5.740	0
6.000	2
6.240	0
6.500	2
6.750	0
6.990	2
7.250	0
7.490	1
7.490	2
8.000	0
8.000	2
8.500	2
8.750	0
8.990	1
8.990	2
9.490	2
9.740	0
9.990	2
10.240	0
10.500	2
10.740	0
10.990	2
11.240	0
11.500	1
11.500	2
11.990	0
11.990	2
12.490	2
12.750	0
13.000	1
13.000	2
13.500	2
13.750	0
14.000	2
14.250	0
14.500	2
14.750	0
15.000	2
15.250	0
15.500	1
15.500	2
