0.010	0
0.010	2
0.350	2
0.490	1
0.490	2
0.660	1
1.000	1
1.160	1
1.330	0
1.330	2
1.680	2
1.830	1
2.160	1
2.160	2
2.340	1
2.500	1
2.670	0
2.670	2
3.020	2
3.160	1
3.160	2
3.330	1
3.660	1
3.830	1
4.000	0
4.000	2
4.350	2
4.490	1
4.830	1
4.830	2
5.000	1
5.160	1
5.330	0
5.330	2
5.680	2
5.830	1
5.830	2
6.000	1
6.330	1
6.500	1
6.670	0
6.670	2
7.020	2
7.160	1
7.160	2
7.490	2
7.500	1
7.670	1
7.830	1
8.000	0
8.000	2
8.350	2
8.490	1
8.490	2
8.660	1
9.000	1
9.160	1
9.330	0
9.330	2
9.680	2
9.830	1
10.160	1
10.160	2
10.340	1
10.500	1
