0.240	1
0.370	0
0.370	1
0.500	0
0.500	1
0.500	2
0.750	0
0.750	1
0.870	1
0.990	1
1.120	0
1.250	0
1.250	1
1.250	2
1.500	0
1.500	1
1.740	1
1.870	1
1.870	2
2.000	0
2.000	1
2.240	1
2.370	0
2.500	1
2.620	1
2.750	0
2.750	1
2.990	1
3.120	0
3.250	1
3.500	0
3.500	1
3.740	1
3.870	1
4.000	0
4.000	1
4.240	1
4.370	0
4.490	1
4.750	0
4.750	1
5.120	0
5.240	1
5.500	0
5.500	1
5.740	1
5.870	0
6.000	1
6.250	0
6.250	1
6.490	1
6.620	0
6.740	1
6.870	1
7.000	0
7.000	1
7.120	1
7.120	2
7.250	0
7.250	1
7.500	1
7.620	1
7.870	1
7.870	2
