0.010	0
0.010	2
0.130	2
0.260	1
0.400	0
0.400	2
0.530	1
0.530	2
0.930	1
1.070	2
1.340	0
1.470	1
1.610	2
1.870	1
1.870	2
2.000	1
2.270	1
2.410	0
2.410	2
2.670	1
2.820	2
3.080	1
3.210	0
3.210	2
3.480	0
3.480	2
3.750	1
3.750	2
4.020	2
4.150	1
4.290	0
4.290	2
4.420	1
4.420	2
4.550	0
4.550	2
4.690	1
4.690	2
4.820	1
4.950	0
5.090	1
5.090	2
5.490	1
5.620	0
5.620	2
5.890	1
5.890	2
6.290	1
6.430	0
6.430	2
6.690	0
6.690	2
6.830	1
6.830	2
7.090	0
7.230	1
7.230	2
7.360	2
7.630	1
7.760	2
7.770	0
7.900	1
7.900	2
8.030	1
8.030	2
8.300	2
8.430	1
8.430	2
