0.035	0
0.070	2
0.209	0
0.859	0
1.149	1
1.149	2
2.148	0
2.252	2
2.276	0
2.299	2
2.334	0
2.612	0
3.379	2
3.390	1
3.796	1
4.493	1
4.516	0
4.540	0
4.563	0
4.632	0
4.714	0
5.085	0
5.619	2
5.631	1
5.886	0
6.629	0
6.629	2
6.745	0
6.769	2
7.303	0
7.860	1
7.860	2
8.127	1
8.963	1
8.986	0
9.091	0
10.008	0
10.089	2
10.101	1
10.403	0
10.913	0
11.088	0
11.111	0
11.204	0
11.227	0
12.330	1
12.330	2
12.887	0
13.166	0
13.189	1
13.456	0
13.619	0
13.653	0
14.187	0
14.222	0
14.408	1
14.443	0
14.559	2
14.571	1
14.872	0
15.557	0
15.673	1
15.697	0
16.254	0
16.486	0
16.707	0
16.800	1
16.800	2
16.823	0
17.357	0
17.914	1
17.937	0
18.204	0
19.040	2
19.052	1
20.027	0
20.062	0
20.167	0
20.236	0
20.724	0
21.269	2
21.281	1
22.094	0
22.407	0
22.430	2
22.512	0
23.510	1
23.510	2
24.636	0
24.660	2
24.973	0
25.182	0
25.739	2
25.751	1
26.819	1
26.877	0
26.900	2
27.040	0
27.376	2
27.980	1
27.980	2
28.549	1
28.967	0
29.002	0
29.060	1
29.083	1
29.118	0
29.129	2
29.199	0
29.396	0
29.431	0
29.489	0
29.605	0
29.687	0
29.710	0
