0.104	2
0.441	2
1.138	2
1.149	0
1.428	0
1.509	0
1.800	2
2.090	1
2.113	0
2.159	0
2.415	1
2.426	2
2.438	0
2.740	1
2.740	2
2.775	1
2.972	0
3.088	2
3.309	1
3.402	1
3.448	0
3.773	2
3.947	1
3.959	0
3.994	0
4.017	0
4.087	1
4.087	2
4.145	0
4.226	0
4.435	2
4.725	1
5.062	0
5.062	1
5.062	2
5.085	0
5.375	0
5.375	1
5.399	0
5.410	1
5.457	0
5.712	2
6.049	1
6.107	0
6.374	1
6.409	0
6.409	2
6.455	0
6.536	0
6.722	1
6.722	2
6.920	0
7.070	2
7.349	1
7.384	0
7.686	1
7.697	0
7.697	2
8.011	2
8.046	1
8.290	0
8.348	2
8.580	1
8.673	1
8.719	0
9.009	1
9.044	2
9.218	1
9.230	0
9.253	2
9.265	0
9.358	1
9.358	2
9.416	0
9.451	1
9.694	2
9.996	1
10.066	0
10.147	0
10.321	1
10.333	0
10.333	2
10.530	0
10.646	0
10.646	1
10.646	2
10.670	0
10.983	2
11.308	1
11.343	1
11.482	1
11.622	1
11.680	0
11.680	2
11.970	0
11.970	1
11.993	2
12.283	1
12.330	2
12.852	1
12.957	2
13.282	0
13.282	2
13.305	0
13.317	1
13.363	0
13.619	2
13.944	1
13.955	0
14.187	1
14.280	1
14.315	0
14.315	2
14.594	0
14.629	2
14.640	1
14.687	0
14.965	2
15.267	1
15.302	0
15.592	1
15.604	2
15.615	0
15.778	0
15.801	0
15.906	2
15.929	1
16.161	0
16.208	0
16.254	2
16.486	1
16.567	1
16.637	0
16.916	1
16.951	2
17.125	1
17.160	0
17.171	2
17.206	0
17.229	0
17.252	1
17.264	2
17.276	1
17.601	2
17.891	1
18.216	1
18.228	2
18.239	0
18.541	2
18.576	1
18.599	0
18.785	0
18.889	2
19.122	1
19.203	1
19.261	0
19.551	1
19.586	2
19.749	1
19.760	0
19.795	2
19.807	0
19.865	0
19.888	2
19.946	0
20.236	2
20.526	1
20.608	0
20.863	1
20.875	0
20.944	0
21.177	0
21.211	0
21.211	1
21.235	0
21.258	0
21.513	1
21.525	2
21.850	1
21.885	0
21.920	0
22.187	1
22.210	2
22.245	0
22.523	1
22.814	2
23.081	1
23.162	1
23.197	0
23.232	0
23.394	1
23.499	1
23.499	2
23.522	0
23.568	0
23.812	0
23.812	2
23.824	1
23.847	0
23.893	0
24.160	2
24.416	1
24.474	1
24.497	0
24.555	0
24.718	1
24.811	1
24.834	0
24.845	2
24.857	0
25.124	0
25.159	1
25.159	2
25.217	0
25.507	2
25.809	1
25.832	0
25.879	0
26.088	1
26.134	1
26.146	2
26.157	0
26.204	0
26.471	1
26.680	0
26.796	2
27.028	1
27.109	1
27.133	1
27.156	0
27.179	0
27.446	1
27.481	2
27.667	1
27.690	0
27.736	0
27.794	1
27.852	0
28.143	2
28.294	1
28.421	1
28.456	0
28.758	1
28.770	2
28.781	0
29.083	2
29.095	1
29.420	2
29.640	1
29.733	1
29.756	0
29.791	0
