0.998	1
5.329	1
6.130	1
8.022	1
8.301	1
8.429	1
8.847	1
8.975	1
9.253	1
9.381	1
9.648	1
9.648	2
9.915	2
10.461	1
10.995	1
11.262	2
11.552	1
11.807	1
12.620	1
12.748	1
13.026	2
13.305	1
13.433	1
13.433	2
13.584	1
13.711	1
13.967	1
13.967	2
14.245	2
14.780	1
15.314	1
15.592	2
15.848	2
15.871	1
16.138	1
16.672	1
16.684	2
16.695	1
16.962	1
16.962	2
17.078	1
17.345	2
17.485	1
17.508	0
17.531	0
17.752	0
17.752	2
18.019	2
18.030	1
18.297	0
18.309	1
18.843	0
19.098	0
19.098	2
19.122	1
19.145	1
19.377	2
19.644	1
19.911	2
20.178	2
20.190	1
20.225	1
20.457	1
20.457	2
21.002	1
21.269	1
21.397	1
21.664	2
21.815	0
21.885	0
22.082	2
22.105	0
22.349	2
22.361	0
22.361	1
22.384	0
22.384	1
22.628	1
22.651	1
23.162	0
23.429	1
23.464	1
23.963	1
24.033	0
24.242	2
24.520	1
24.543	1
24.787	1
24.787	2
24.811	0
25.321	1
25.612	1
25.728	1
25.751	1
25.995	2
26.122	1
26.146	0
26.401	2
26.668	2
26.680	1
26.947	1
27.492	0
27.748	1
28.294	1
28.561	2
28.828	2
28.851	1
29.106	1
29.118	2
29.141	0
29.640	1
29.907	2
29.919	1
