0.406	1
0.430	0
0.430	2
0.522	0
0.697	2
0.975	1
1.242	2
1.533	1
1.556	0
1.556	2
1.834	2
1.846	0
2.101	1
2.148	0
2.392	2
2.601	0
2.694	0
2.694	2
2.740	0
2.961	2
3.239	1
3.262	0
3.518	2
3.727	0
3.808	1
3.831	0
3.831	2
4.098	2
4.365	1
4.481	1
4.644	1
4.679	0
4.679	2
4.737	0
4.934	1
4.957	0
4.957	2
5.039	2
5.050	0
5.224	2
5.503	1
5.515	2
5.526	0
5.550	0
5.642	0
5.782	2
6.060	1
6.084	0
6.084	2
6.351	1
6.362	2
6.374	0
6.513	2
6.629	1
6.641	2
6.920	2
7.129	0
7.221	0
7.233	2
7.268	0
7.488	2
7.767	1
7.790	0
8.046	2
8.255	0
8.359	0
8.359	2
8.626	2
8.893	1
9.079	1
9.102	0
9.183	0
9.207	0
9.207	2
9.462	1
9.485	0
9.485	2
9.578	0
9.752	2
10.031	1
10.054	0
10.310	2
10.588	1
10.612	0
10.612	2
10.879	1
10.890	2
10.902	0
11.146	2
11.169	1
11.204	0
11.447	2
11.645	2
11.656	0
11.749	0
11.749	2
11.761	1
11.784	1
11.796	0
11.958	2
12.016	2
12.295	1
12.295	2
12.318	0
12.574	2
12.585	1
12.783	0
12.829	2
12.887	0
12.887	2
13.154	2
13.421	1
13.700	2
13.711	1
13.735	0
13.735	2
13.793	0
13.816	2
14.013	0
14.013	2
14.280	2
14.420	2
14.559	1
14.582	0
14.605	0
14.838	2
15.116	1
15.139	0
15.139	2
15.406	1
15.418	2
15.430	0
15.557	2
15.569	1
15.697	1
15.975	2
16.184	0
16.277	0
16.277	2
16.324	0
16.544	2
16.823	1
16.846	0
16.869	0
17.113	2
17.287	1
17.310	0
17.415	0
17.415	2
17.682	2
17.728	1
17.961	1
18.123	2
18.158	0
18.239	0
18.262	0
18.262	2
18.518	1
18.541	0
18.541	2
18.576	1
18.634	0
18.808	2
19.087	1
19.365	2
19.644	1
19.667	0
19.667	2
19.934	1
19.946	2
19.958	0
20.225	1
20.503	2
20.712	0
20.759	2
20.805	0
20.852	0
21.072	2
21.351	1
21.374	0
21.641	2
21.838	0
21.920	1
21.943	0
21.943	2
22.210	2
22.489	1
22.767	1
22.790	0
22.790	2
22.883	2
23.046	1
23.069	0
23.069	2
23.336	2
23.615	1
23.638	0
23.661	0
23.893	2
24.137	2
24.172	1
24.195	0
24.207	2
24.462	1
24.474	2
24.485	0
24.752	1
25.031	2
25.240	0
25.333	0
25.345	2
25.379	0
25.484	2
25.600	2
25.879	1
25.925	0
26.169	2
26.366	0
26.471	0
26.471	2
26.738	2
27.016	1
27.214	0
27.318	0
27.318	2
27.574	1
27.597	0
27.597	2
27.643	1
27.864	2
28.143	1
28.154	2
28.166	0
28.433	2
28.700	1
28.700	2
28.723	0
28.735	2
28.990	1
29.013	0
29.013	2
29.071	2
29.280	1
29.559	2
29.768	0
29.838	1
29.861	0
29.872	2
29.907	0
