0.046	1
0.070	0
0.093	0
0.476	1
0.499	2
0.708	1
0.848	1
0.906	0
0.929	0
1.289	1
1.579	1
1.707	0
2.090	1
2.496	1
2.519	0
2.554	0
2.891	1
2.926	2
3.344	0
3.611	1
3.727	1
4.005	1
4.110	1
4.156	0
4.412	1
4.540	1
4.969	0
4.969	1
5.004	0
5.224	1
5.341	1
5.375	2
5.642	1
5.770	0
6.014	1
6.060	0
6.153	1
6.165	2
6.432	1
6.560	2
6.571	0
6.978	1
6.989	2
7.117	1
7.256	2
7.268	1
7.396	0
7.790	1
7.814	2
8.220	0
8.615	1
8.626	2
8.916	1
9.033	0
9.427	1
9.451	1
9.462	2
9.729	0
9.845	1
9.857	0
10.263	1
10.275	2
10.530	1
10.681	0
10.716	0
11.076	1
11.099	2
11.494	0
11.900	1
11.923	2
12.318	0
12.597	1
12.608	0
12.713	1
13.015	1
13.142	0
13.166	0
13.537	1
13.560	2
13.793	2
13.955	0
13.990	0
14.350	1
14.373	2
14.768	0
14.780	2
15.163	1
15.174	2
15.592	0
15.987	1
16.010	2
16.254	1
16.405	0
16.440	0
16.788	1
16.811	2
17.206	1
17.229	0
17.264	0
17.612	1
17.636	1
17.636	2
18.030	0
18.448	1
18.460	2
18.866	0
18.866	2
19.261	0
19.261	1
19.516	1
19.667	0
19.691	0
20.074	1
20.097	2
20.387	1
20.515	0
20.538	0
20.793	1
20.910	1
20.933	2
20.944	1
21.211	1
21.339	0
21.339	1
21.362	0
21.583	1
21.618	1
21.734	1
21.745	2
22.024	1
22.163	0
22.175	1
22.558	1
22.570	2
22.605	2
22.790	1
22.965	1
22.988	0
23.266	1
23.371	1
23.394	2
23.800	0
23.800	1
23.835	0
24.207	1
24.230	2
24.636	0
24.671	0
24.857	1
25.043	1
25.066	0
25.066	2
25.298	1
25.449	1
25.472	0
25.763	1
25.867	1
25.879	2
26.285	0
26.680	1
26.703	2
26.958	1
27.098	0
27.133	0
27.504	1
27.934	0
28.340	1
28.607	1
28.758	0
29.164	1
29.187	2
29.222	1
29.420	2
29.559	1
29.559	2
29.571	0
29.687	1
29.907	1
29.931	1
