0.035	1
0.313	1
0.917	0
0.917	1
0.917	2
1.463	1
1.474	2
1.741	0
2.020	0
2.357	1
2.612	1
2.635	2
2.926	2
3.204	0
3.216	2
3.773	0
3.773	1
3.785	2
4.052	0
4.342	0
4.946	1
4.946	2
5.515	0
6.095	1
6.095	2
6.362	0
6.653	0
6.676	2
6.978	1
7.245	1
7.256	2
7.546	2
7.814	0
8.394	1
8.406	2
8.684	0
8.963	0
8.975	2
9.543	1
9.555	2
10.112	1
10.136	0
10.716	1
10.716	2
10.995	0
11.285	0
11.297	1
11.297	2
11.726	1
11.865	1
11.865	2
12.434	0
12.458	1
13.015	2
13.282	0
13.584	0
13.595	2
14.164	1
14.176	2
14.745	0
15.314	0
15.325	1
15.325	2
15.581	0
15.592	2
15.882	0
16.475	1
16.475	2
16.753	0
16.753	2
17.345	0
17.345	2
17.636	1
17.636	2
18.204	1
18.204	2
18.471	1
18.750	1
18.773	2
19.319	0
19.331	2
19.911	1
19.934	2
20.201	0
20.503	0
20.503	2
21.084	2
21.653	0
21.687	1
22.256	2
22.535	0
22.825	0
22.837	2
23.417	1
23.417	2
23.975	0
24.543	1
24.567	2
24.834	0
25.136	0
25.716	1
25.716	2
26.006	2
26.297	0
26.297	2
26.877	1
26.889	2
27.156	0
27.167	2
27.446	0
27.458	2
28.317	2
28.607	0
28.897	2
29.187	1
29.199	2
29.455	0
29.756	0
29.768	2
30.337	1
30.348	2
30.906	0
31.486	1
31.498	2
31.765	0
31.788	2
32.055	0
32.067	2
32.345	2
32.636	1
32.938	2
33.205	0
33.228	2
33.808	2
34.075	0
34.099	2
34.366	0
34.377	2
34.667	2
34.946	1
35.236	2
35.515	0
36.084	1
36.107	2
36.374	0
36.386	2
36.397	0
36.664	0
36.676	2
36.955	2
37.233	1
37.245	2
37.442	2
37.523	2
37.663	1
37.802	0
38.116	2
38.417	1
38.441	2
38.696	0
38.986	0
38.998	2
39.277	2
39.555	1
39.578	2
40.124	2
40.136	0
40.426	2
40.705	1
40.728	2
40.995	0
41.018	2
41.285	0
41.297	2
41.866	1
42.167	2
42.446	0
43.015	1
43.027	2
43.294	0
43.584	0
43.595	2
43.874	2
44.164	1
44.176	2
44.466	2
44.745	0
45.035	2
45.325	1
45.349	2
45.604	0
45.627	2
45.894	0
45.917	2
46.196	2
46.475	1
46.486	2
46.777	2
47.055	2
47.067	0
47.067	1
47.345	2
47.624	1
47.647	2
47.914	0
47.926	2
48.205	0
48.495	2
48.797	1
48.808	2
49.087	2
49.366	0
49.377	2
49.946	1
49.958	2
50.225	0
50.515	0
50.527	2
50.805	2
51.096	1
51.107	2
51.386	2
51.664	0
52.257	1
52.268	2
52.535	0
52.558	2
52.825	0
52.825	2
53.383	1
53.406	2
53.685	2
53.952	0
53.975	2
54.253	2
54.544	1
54.567	2
54.834	0
54.846	2
55.124	0
55.136	2
55.426	2
55.705	1
55.716	2
55.995	2
56.285	0
56.285	2
56.575	2
56.854	0
56.854	1
56.866	2
57.133	0
57.423	0
57.435	2
58.003	1
58.015	2
58.294	2
58.584	0
58.584	2
58.874	2
59.153	1
59.153	2
59.431	0
59.443	2
59.710	2
59.733	1
60.012	1
60.291	1
60.442	1
60.581	1
60.871	2
60.906	0
61.196	2
61.498	1
61.510	2
61.742	1
61.742	2
61.788	0
62.079	2
62.357	0
62.624	1
62.624	2
62.938	2
63.216	0
63.507	2
63.797	1
63.797	2
64.075	0
64.366	2
64.644	0
64.935	1
64.935	2
65.225	2
65.503	0
65.503	1
65.794	2
66.096	1
66.107	2
66.374	0
66.397	2
66.676	2
66.943	0
67.233	1
67.245	2
67.524	0
67.593	0
67.825	0
67.825	2
68.116	2
68.406	1
68.406	2
68.685	0
68.963	0
69.544	1
69.567	2
70.101	0
70.705	1
70.740	2
71.007	0
71.587	0
71.866	1
72.005	1
72.458	0
72.481	1
72.725	2
73.027	2
73.282	2
73.305	0
73.317	1
73.886	0
74.165	1
74.176	2
74.455	0
74.455	1
74.582	1
74.722	0
75.314	1
75.337	2
75.604	0
75.616	2
75.906	0
75.906	2
76.475	1
76.487	2
76.777	2
77.055	2
77.067	0
77.357	2
77.648	2
77.915	0
77.915	2
78.193	1
78.205	0
78.216	2
78.495	2
78.774	1
78.785	2
79.076	2
79.366	0
79.656	2
79.935	1
79.958	2
80.225	0
80.237	2
80.515	0
80.527	2
81.096	1
81.107	2
81.386	2
81.665	0
81.676	2
81.955	2
82.245	1
82.257	2
82.524	1
82.547	2
82.733	2
82.802	1
82.802	2
82.814	0
83.104	2
83.244	0
83.383	1
83.394	2
83.673	1
83.812	1
83.940	0
83.963	1
84.555	1
84.590	2
84.846	0
84.857	2
85.136	0
85.148	2
85.438	2
85.728	1
85.728	2
86.018	2
86.285	0
86.297	2
86.576	2
86.866	1
86.866	2
87.144	0
87.156	2
87.435	0
87.446	2
88.004	1
88.027	2
88.305	2
88.596	2
88.607	0
88.898	2
89.188	1
89.455	0
89.745	0
89.757	2
90.035	2
90.314	1
90.326	2
90.895	0
91.475	1
91.475	2
91.765	0
92.056	0
92.056	2
92.346	2
92.636	1
92.636	2
92.938	2
93.205	0
93.507	2
93.809	1
93.820	2
94.076	0
94.099	2
94.366	0
94.389	2
94.935	1
94.958	2
95.248	2
95.515	0
95.527	2
95.817	2
96.096	1
96.096	2
96.363	0
96.374	2
96.665	0
96.955	2
97.257	1
97.257	2
97.559	2
97.837	0
97.849	2
98.406	1
98.685	0
98.696	2
98.975	0
98.987	2
99.265	2
99.556	1
99.846	2
100.113	0
100.705	1
100.717	2
100.984	0
101.274	0
101.552	1
101.576	2
101.843	1
101.866	2
102.133	2
102.272	1
102.272	2
102.412	0
102.725	2
103.015	1
103.282	0
103.584	0
103.874	2
104.165	1
104.165	2
104.734	2
104.745	0
105.314	1
105.326	2
105.604	0
105.895	0
105.918	2
106.196	2
106.475	1
106.487	2
106.777	2
107.056	0
107.056	1
107.624	1
107.636	2
107.903	0
107.926	2
108.193	0
108.507	2
108.518	1
108.774	1
108.785	2
109.087	2
109.354	1
109.366	0
109.378	2
109.935	1
109.946	2
110.214	0
110.504	0
111.084	1
111.096	2
111.386	2
111.676	0
111.978	2
112.257	1
112.268	2
112.536	0
112.547	2
112.826	0
112.849	2
113.128	2
113.395	1
113.406	2
113.975	0
114.544	1
114.567	2
114.823	0
115.113	0
115.125	2
115.403	2
115.682	1
115.693	2
115.995	2
116.262	0
116.286	2
116.854	1
116.866	2
117.133	0
117.156	2
117.435	0
117.447	2
118.004	1
118.015	2
118.584	0
118.608	2
119.165	1
119.176	2
119.443	0
119.467	2
119.734	0
119.769	2
120.012	1
120.024	0
120.047	2
120.303	0
120.337	2
120.581	0
120.593	1
120.628	1
120.732	1
120.883	0
120.906	1
121.464	1
121.487	2
121.742	0
121.777	2
122.044	0
122.358	1
122.601	1
122.636	2
122.903	2
123.193	0
123.217	1
123.217	2
123.472	2
123.774	1
123.786	2
124.053	0
124.076	2
124.354	0
124.656	2
124.935	1
124.947	2
125.225	2
125.504	0
126.084	1
126.096	2
126.363	0
126.665	0
126.955	2
126.978	1
127.234	1
127.245	2
127.536	2
127.814	0
128.383	1
128.406	2
128.673	0
128.975	2
129.254	0
129.544	1
129.567	2
129.823	0
130.113	0
130.113	1
130.705	1
130.972	0
131.007	2
131.274	0
131.297	2
131.727	1
131.843	1
131.866	2
132.156	2
132.435	0
132.447	2
133.004	1
133.016	2
133.294	0
133.584	0
133.596	2
133.886	2
134.165	1
134.177	2
134.745	0
135.047	2
135.326	1
135.581	2
135.605	0
135.883	0
135.883	2
136.487	2
136.742	0
137.323	0
137.625	1
137.636	2
137.868	2
138.194	1
138.751	1
138.797	2
138.902	1
139.041	1
139.343	1
139.355	0
139.633	2
139.935	1
139.947	2
140.214	0
140.516	0
141.084	1
141.096	2
141.677	0
141.677	2
142.245	1
142.257	2
142.524	0
142.547	2
142.814	0
142.838	2
143.128	2
143.395	1
143.406	2
143.708	2
143.975	0
143.975	2
144.579	1
144.591	2
144.858	0
145.148	0
145.160	2
145.450	2
145.717	1
145.740	2
146.007	1
146.297	0
146.321	0
146.866	1
146.878	2
147.156	0
147.168	2
147.447	0
147.458	2
148.027	1
148.039	2
148.317	2
148.608	0
148.898	2
149.188	1
149.200	2
149.467	0
149.757	0
150.338	1
150.349	2
150.906	0
151.197	2
151.475	1
151.499	2
151.754	0
151.777	2
152.044	0
152.056	2
152.346	2
152.625	1
152.625	2
152.927	2
153.205	0
153.496	2
153.774	1
153.809	2
154.064	0
154.366	0
154.366	2
154.657	2
154.947	1
154.958	2
155.237	2
155.516	0
155.806	2
156.108	2
156.340	1
156.363	0
156.375	2
156.653	0
156.677	2
156.967	2
157.234	1
157.246	2
157.513	0
157.605	0
157.814	1
157.826	0
157.849	2
158.407	1
158.430	2
158.685	0
158.708	2
158.975	0
158.987	2
159.556	1
159.556	2
160.136	0
160.136	2
160.415	2
160.427	0
160.705	1
160.717	2
160.984	0
161.007	2
161.274	0
161.286	2
161.855	1
161.866	2
162.145	2
162.157	0
162.424	0
162.424	2
162.714	2
163.027	1
163.027	2
163.294	0
163.318	2
163.585	0
163.596	2
163.898	2
164.165	1
164.188	2
164.467	2
164.734	0
165.326	1
165.338	2
165.593	0
165.883	0
165.895	2
166.185	2
166.464	1
166.475	2
166.766	2
167.056	0
167.346	2
167.636	1
167.648	2
167.903	0
168.205	0
168.217	2
168.496	2
168.786	1
169.366	0
169.935	1
169.947	2
170.202	0
170.493	1
170.504	0
170.794	2
171.085	1
171.096	2
171.363	0
171.654	0
172.234	1
172.257	2
172.524	0
172.536	2
172.815	0
173.383	1
173.395	2
173.685	0
173.952	0
174.243	2
174.544	1
174.556	2
174.811	0
174.835	2
175.102	0
175.113	2
175.415	2
175.694	1
175.705	2
175.996	2
176.274	0
176.855	1
176.866	2
177.122	0
177.133	2
177.412	0
177.412	2
178.004	1
178.016	2
178.260	2
178.585	0
178.596	2
178.887	2
179.165	1
179.188	2
179.444	0
179.722	0
179.734	2
180.013	2
180.024	0
180.303	2
180.442	1
180.582	1
180.860	0
180.872	2
181.487	1
181.510	2
181.777	0
182.044	0
182.068	2
182.346	0
182.625	1
182.637	2
182.915	2
183.194	2
183.205	0
183.786	1
183.809	2
184.053	1
184.065	0
184.366	2
184.645	0
184.924	1
184.935	2
185.237	2
185.504	2
185.516	0
186.108	1
186.120	2
186.387	0
186.677	0
186.688	2
187.257	1
187.269	2
187.548	2
187.559	0
187.838	0
187.838	2
188.383	0
188.407	1
188.418	2
188.685	0
188.952	1
188.964	0
188.976	2
189.254	0
189.254	2
189.533	1
189.556	2
189.812	0
190.113	0
190.137	2
190.705	1
190.717	2
190.984	2
190.996	0
191.263	2
191.576	0
191.576	2
191.843	1
191.983	1
192.401	0
192.610	1
193.016	1
193.039	2
193.306	0
193.887	0
194.154	1
194.165	2
194.212	1
194.502	1
194.595	1
194.734	0
195.059	2
195.326	1
195.338	2
195.582	2
195.605	0
195.895	0
195.895	2
196.452	1
196.452	2
196.754	2
197.021	2
197.033	0
197.323	2
197.613	1
197.637	2
197.892	0
197.939	2
198.194	0
198.206	2
198.763	1
198.786	2
199.030	1
199.355	0
199.367	2
199.924	1
199.935	2
200.226	0
200.516	0
200.516	2
200.806	2
201.085	1
201.096	2
201.352	2
201.642	0
201.654	2
201.944	0
202.223	1
202.246	2
202.501	2
202.791	0
202.791	2
202.815	1
203.070	2
203.082	1
203.372	1
203.372	2
203.511	1
203.941	0
204.231	2
204.533	1
204.545	2
204.823	0
204.846	2
205.125	0
205.125	2
205.427	2
205.694	1
205.717	2
205.996	2
206.274	0
206.286	2
206.565	2
206.855	1
206.878	2
207.145	0
207.157	2
207.435	0
207.447	2
207.749	2
208.016	1
208.028	2
208.318	2
208.620	0
208.898	2
209.177	1
209.444	0
209.467	2
209.746	0
210.036	2
210.303	1
210.326	2
210.884	0
211.453	0
211.476	1
211.476	2
211.766	0
212.056	0
212.068	2
212.358	2
212.590	0
212.625	1
212.637	2
213.194	1
213.217	0
213.507	2
213.798	1
214.065	0
214.088	2
214.355	0
214.936	1
214.936	2
215.504	0
216.085	1
216.097	2
216.364	0
216.375	2
216.642	0
216.944	2
217.246	1
217.258	2
217.536	0
217.536	2
217.815	2
217.826	0
218.395	1
218.674	0
218.697	2
218.964	0
218.976	2
219.533	1
219.556	2
220.114	0
220.114	2
220.694	1
220.706	2
220.949	2
220.973	0
221.263	0
221.542	0
221.832	0
221.832	2
222.134	2
222.424	1
222.436	0
222.737	2
223.016	1
223.039	2
223.283	0
223.306	2
223.585	0
223.608	2
224.154	1
224.165	2
224.456	2
224.746	0
225.036	2
225.326	1
225.338	2
225.605	0
225.617	2
225.895	0
226.464	1
226.476	2
227.045	0
227.614	1
227.625	2
227.892	0
228.182	0
228.194	2
228.473	2
228.751	1
228.775	2
229.343	0
229.367	2
229.936	1
229.936	2
230.214	0
230.504	0
230.516	2
230.806	2
231.085	1
231.097	2
231.665	1
231.689	0
232.258	1
232.525	0
232.826	0
232.838	2
233.117	2
233.384	1
233.407	2
233.976	0
234.545	1
234.556	2
234.835	0
234.847	2
235.125	0
235.148	2
235.416	2
235.706	1
235.717	2
235.996	2
236.275	1
236.286	0
236.855	1
236.867	2
237.122	0
237.157	2
237.424	0
237.459	2
238.005	1
238.016	2
238.306	2
238.585	0
238.597	1
239.177	1
239.769	0
239.781	2
240.048	1
240.094	1
240.338	1
240.338	2
240.477	1
240.756	0
240.861	2
240.919	0
241.197	2
241.476	1
241.488	2
241.755	0
241.766	2
242.033	2
242.045	0
242.602	1
242.625	2
242.892	1
242.916	2
243.206	0
243.508	2
243.786	1
243.810	2
244.065	0
244.355	2
244.645	0
244.645	1
244.924	1
244.947	2
245.203	0
245.493	0
246.085	1
246.097	2
246.340	2
246.364	0
246.631	0
246.654	2
246.666	1
246.933	0
247.211	1
247.234	2
247.803	0
247.815	2
248.105	1
248.384	1
248.395	2
248.674	0
248.686	1
248.953	1
248.964	0
249.266	1
249.545	0
249.545	1
249.568	2
249.858	1
250.102	2
250.114	0
250.694	1
250.717	2
250.973	0
250.996	1
251.263	1
251.275	0
251.286	2
251.565	2
251.855	1
251.867	2
252.122	0
252.424	0
252.726	2
252.993	1
253.016	2
253.272	1
253.283	0
253.318	2
253.585	2
253.852	1
253.864	0
254.154	1
254.177	2
254.456	1
254.456	2
254.735	0
254.746	2
255.060	1
255.315	0
255.315	1
255.327	2
255.605	0
255.628	2
255.896	0
255.919	2
256.186	1
256.186	2
256.476	2
256.743	0
257.057	0
257.068	1
257.614	1
257.637	2
257.892	0
258.183	0
258.485	2
258.740	0
258.752	1
258.763	2
259.320	0
259.599	0
259.599	1
259.878	1
259.878	2
259.936	1
260.470	1
260.748	1
260.748	2
261.062	1
261.062	2
261.306	1
261.364	1
261.619	1
261.642	2
261.909	1
262.200	1
262.235	2
262.490	1
262.525	2
262.664	1
262.780	1
262.780	2
263.070	1
263.129	2
263.651	1
263.953	0
263.953	2
263.999	0
264.533	1
264.557	2
264.824	0
265.114	2
265.125	0
265.694	1
265.694	2
265.985	2
266.275	0
266.565	2
266.844	1
266.879	2
267.122	0
267.413	0
267.993	1
268.005	2
268.295	2
268.585	0
268.875	2
269.154	1
269.166	2
269.433	0
269.723	0
269.758	2
270.315	1
270.338	2
270.594	0
270.617	2
270.884	0
270.907	2
271.186	2
271.464	1
271.743	0
272.022	0
272.045	2
272.312	0
272.602	1
272.614	2
272.869	0
273.171	0
273.183	1
273.786	1
273.798	2
274.054	0
274.634	0
274.924	1
274.936	2
275.493	0
275.795	2
276.097	1
276.352	1
276.352	2
276.364	0
276.376	1
276.968	0
276.968	2
277.235	1
277.235	2
277.374	1
277.502	1
277.792	0
277.792	1
278.372	1
278.396	2
278.651	0
278.686	2
278.953	0
278.965	2
279.522	1
279.533	2
279.835	2
280.114	0
280.416	2
280.694	1
280.706	2
280.961	0
280.985	2
281.252	0
281.565	2
281.844	1
281.855	2
282.157	2
282.436	0
282.448	2
283.016	1
283.040	2
283.283	0
283.585	0
283.597	2
283.887	2
284.154	1
284.177	2
284.711	0
285.280	1
285.571	0
285.582	2
285.861	1
285.872	2
286.116	2
286.430	1
286.465	2
286.557	1
286.708	1
287.010	0
287.045	1
287.614	1
287.637	2
287.881	0
287.927	2
288.194	0
288.218	2
288.520	2
288.775	1
288.798	2
289.054	1
289.077	2
289.355	0
289.367	2
289.646	2
289.936	1
289.959	2
290.215	0
290.238	0
290.238	2
290.505	0
290.516	2
291.074	1
291.085	2
291.376	2
291.666	0
291.666	1
291.677	2
291.968	2
292.235	1
292.513	0
292.537	2
292.804	0
293.384	1
293.396	2
293.686	2
293.965	0
294.545	1
294.557	2
294.824	0
295.114	0
295.137	2
295.706	1
295.706	2
295.996	2
296.263	1
296.287	0
296.856	1
296.867	2
297.134	0
297.157	2
297.424	0
297.993	1
298.017	2
298.585	0
298.585	2
299.154	1
299.178	2
299.445	0
299.735	0
300.327	1
300.339	2
300.629	2
300.896	0
300.919	2
301.465	1
301.476	0
301.488	2
301.743	0
301.778	2
302.034	0
302.057	2
302.614	1
302.637	2
303.206	0
303.218	2
303.787	1
303.787	2
304.065	0
304.367	0
304.367	2
304.646	2
304.924	1
304.948	2
305.203	0
305.203	2
305.470	1
305.493	0
305.772	2
306.085	1
306.097	2
306.341	0
306.654	0
306.968	2
307.235	1
307.246	2
307.815	0
308.407	1
308.407	2
308.674	0
308.965	0
308.988	2
309.557	1
309.568	2
309.847	2
310.126	0
310.137	2
310.428	2
310.695	1
310.706	2
310.962	0
311.252	0
311.263	2
311.832	1
311.844	2
312.146	2
312.436	0
312.448	2
312.726	2
313.005	1
313.017	2
313.284	0
313.574	0
313.597	2
313.876	2
314.166	1
314.178	2
314.712	1
314.735	0
315.327	2
315.594	0
315.617	2
315.884	0
315.907	2
316.186	2
316.476	1
316.476	2
316.778	2
317.045	0
317.336	2
317.626	1
317.637	2
317.904	0
318.195	0
318.218	2
318.775	1
318.798	2
319.356	0
319.367	2
319.379	0
319.646	2
319.925	1
319.948	2
320.215	0
320.238	2
320.505	0
320.517	2
320.807	2
321.086	1
321.097	2
321.666	0
321.689	2
321.794	0
322.247	1
322.247	2
322.815	0
322.815	2
323.082	2
323.094	1
323.140	1
323.408	2
323.953	0
323.988	1
324.557	1
324.557	2
324.836	0
325.126	0
325.126	2
325.439	1
325.706	1
325.706	2
326.275	0
326.844	1
326.856	2
327.123	0
327.425	0
327.425	2
328.017	1
328.017	2
328.319	1
328.586	0
328.597	2
328.887	2
329.154	1
329.154	2
329.433	0
329.723	0
329.735	2
330.048	1
330.315	2
330.327	1
330.617	2
330.908	0
330.919	2
331.198	2
331.476	1
331.476	2
331.743	0
331.767	2
332.045	0
332.045	2
332.637	1
332.637	2
332.904	0
333.195	0
333.775	1
333.775	2
334.054	0
334.065	2
334.344	2
334.356	0
334.367	2
334.379	1
334.658	2
334.809	1
334.936	1
334.936	2
335.238	2
335.250	1
335.505	0
335.505	2
335.795	2
336.074	1
336.086	2
336.353	0
336.655	0
336.655	2
336.956	2
337.247	1
337.247	2
337.525	2
337.816	0
338.117	2
338.396	2
338.408	1
338.675	0
338.953	2
338.965	0
339.557	0
339.557	1
339.557	2
339.836	0
340.381	0
340.683	1
340.706	2
341.229	0
341.264	2
341.542	0
341.798	1
341.798	2
341.867	2
342.088	2
342.100	0
342.390	0
342.413	2
342.425	1
342.703	2
342.982	1
342.994	2
343.261	0
343.562	0
343.574	2
343.864	2
344.155	1
344.155	2
344.422	0
344.445	2
344.723	2
345.002	0
345.025	2
345.292	1
345.292	2
345.861	0
345.873	2
346.151	0
346.430	1
346.442	2
347.011	1
347.022	0
347.045	2
347.324	2
347.603	1
347.614	2
347.893	0
347.905	2
348.195	0
348.195	2
348.764	2
349.042	0
349.054	2
349.066	1
349.356	2
349.634	0
349.913	1
349.913	2
350.227	1
350.482	0
350.494	2
351.062	1
351.086	2
351.121	1
351.701	1
351.724	0
351.724	2
352.282	1
352.340	1
352.885	1
353.257	1
353.895	0
353.895	1
355.126	0
356.612	2
356.786	2
356.867	2
357.332	2
