0.221	2
0.592	2
0.975	2
1.358	2
1.741	2
1.776	0
1.800	0
1.846	0
1.962	0
2.113	1
2.113	2
2.496	0
2.496	2
2.543	0
2.682	0
2.740	0
2.879	1
2.879	2
3.111	0
3.262	2
3.274	0
3.634	1
3.634	2
3.680	0
3.820	0
4.017	2
4.040	0
4.203	1
4.238	0
4.389	1
4.400	2
4.447	0
4.598	0
4.632	0
4.772	2
4.783	1
4.830	0
5.155	1
5.155	2
5.190	0
5.538	0
5.538	2
5.561	2
5.909	1
5.921	2
6.095	0
6.165	0
6.293	2
6.316	0
6.362	0
6.676	1
6.676	2
6.711	0
7.059	0
7.059	2
7.117	0
7.268	0
7.291	0
7.430	1
7.430	2
7.546	0
7.674	0
7.860	0
8.185	1
8.197	2
8.580	2
8.615	0
8.951	1
8.975	2
9.172	0
9.300	0
9.334	2
9.706	1
9.718	2
10.089	2
10.124	0
10.275	0
10.298	0
10.426	0
10.449	0
10.472	1
10.472	2
10.507	0
10.588	1
10.681	0
10.704	0
10.855	2
10.879	0
11.064	0
11.227	1
11.238	2
11.610	0
11.610	2
11.633	0
11.796	0
11.993	1
11.993	2
12.179	0
12.202	0
12.249	0
12.376	0
12.550	1
12.562	0
12.748	1
12.748	2
12.945	0
13.154	0
13.340	0
13.502	1
13.560	0
13.723	0
13.793	1
13.897	0
13.909	2
14.269	1
14.292	2
14.652	1
14.884	0
15.023	1
15.047	2
15.221	0
15.406	2
15.476	0
15.557	0
15.790	1
15.813	0
15.987	0
16.161	1
16.370	0
16.544	1
16.567	0
16.753	0
16.985	0
17.299	1
17.345	0
17.508	0
17.914	0
18.065	1
18.065	2
18.100	0
18.274	0
18.460	0
18.669	0
18.820	1
19.052	0
19.203	2
19.226	0
19.423	0
19.447	0
19.586	1
19.586	2
19.621	0
19.958	1
19.981	0
20.178	0
20.341	1
20.352	2
20.550	0
20.724	2
20.933	0
21.095	1
21.130	0
21.293	0
21.478	2
21.513	0
21.862	1
21.885	0
22.059	0
22.245	1
22.616	1
22.616	2
22.639	0
22.825	0
23.034	0
23.069	0
23.382	1
23.382	2
23.417	0
23.452	0
23.591	0
23.766	1
23.766	2
23.986	0
24.137	1
24.172	0
24.346	0
24.543	0
24.741	0
24.903	1
25.043	0
25.124	0
25.298	0
25.472	1
25.472	2
25.507	0
25.658	1
25.670	2
25.693	0
25.844	1
25.844	2
25.890	0
26.064	0
26.064	2
26.413	1
26.436	0
26.436	2
26.633	0
26.819	0
26.993	1
27.028	0
27.179	1
27.191	0
27.620	0
27.934	1
27.934	2
27.968	0
28.317	2
28.340	0
28.526	0
28.700	1
28.735	0
28.909	0
29.071	2
29.095	0
29.455	1
29.489	0
29.849	0
30.047	0
30.221	1
30.244	0
30.592	2
30.627	0
30.975	1
30.999	0
31.010	2
31.347	1
31.359	2
31.405	0
31.579	0
31.730	1
31.742	2
31.962	0
32.102	1
32.113	2
32.136	0
32.496	1
32.496	2
32.531	0
32.879	2
32.903	0
33.088	0
33.251	1
33.274	0
33.634	0
33.692	0
34.017	1
34.040	0
34.389	2
34.598	0
34.633	0
34.772	1
34.772	2
34.807	0
34.992	0
35.155	2
35.167	0
35.538	1
35.561	0
35.910	1
35.910	2
36.119	0
36.293	1
36.293	2
36.316	0
36.699	0
37.047	1
37.047	2
37.082	0
37.117	0
37.431	2
37.477	0
37.616	1
37.814	1
37.814	2
37.999	1
38.034	0
38.185	1
38.208	0
38.568	1
38.615	0
38.719	2
38.777	0
38.963	0
39.184	0
39.323	1
39.358	0
39.544	0
39.567	1
39.706	2
39.776	0
40.089	1
40.089	2
40.124	0
40.275	2
40.472	2
40.844	1
40.890	0
41.064	0
41.227	2
41.250	0
41.610	1
41.610	2
41.633	0
42.040	0
42.202	0
42.365	1
42.365	2
42.434	0
42.748	1
42.748	2
42.771	0
42.818	2
42.945	2
43.131	1
43.131	2
43.154	0
43.503	2
43.723	0
43.886	1
43.886	2
44.257	1
44.292	0
44.652	1
44.652	2
44.664	0
44.687	0
45.023	1
45.047	0
45.232	0
45.407	1
45.430	0
45.592	0
45.790	0
45.790	1
45.790	2
45.848	0
46.161	1
46.196	0
46.231	2
46.335	2
46.370	0
46.370	1
46.544	2
46.556	0
46.928	1
46.962	0
47.334	0
47.682	1
47.717	0
48.274	0
48.437	2
48.448	1
48.657	0
48.855	0
49.041	0
49.203	1
49.203	2
49.226	2
49.598	0
49.598	2
49.633	0
49.772	1
49.958	1
50.155	1
50.190	0
50.329	1
50.341	2
50.364	0
50.538	2
50.724	1
50.747	0
50.817	0
50.863	2
50.921	0
51.107	2
51.293	2
51.316	0
51.479	1
51.490	0
51.490	2
51.699	0
51.722	0
51.862	0
51.873	2
52.071	2
52.233	1
52.257	2
52.268	0
52.431	2
52.628	2
52.640	0
52.825	2
53.000	1
53.023	2
53.197	2
53.220	0
53.383	2
53.394	0
53.580	2
53.754	1
53.766	0
53.777	2
53.812	0
53.952	2
54.137	2
54.195	0
54.335	2
54.520	1
54.532	2
54.579	0
54.718	2
54.904	2
54.915	0
55.101	2
55.275	1
55.345	0
55.472	2
55.623	0
55.658	2
55.844	1
55.867	0
56.041	1
56.204	0
56.227	1
56.424	2
56.436	0
56.610	2
56.796	0
56.796	1
56.993	2
57.179	2
57.202	0
57.377	2
57.551	1
57.574	0
57.574	2
57.748	2
57.945	2
58.131	2
58.317	1
58.340	2
58.514	2
58.700	2
58.712	0
58.897	2
59.072	1
59.095	0
59.095	2
59.269	2
59.292	0
59.397	0
59.455	2
59.478	0
59.524	0
59.652	2
59.838	1
59.896	0
60.035	2
60.221	0
60.221	2
60.267	0
60.407	2
60.592	1
60.616	2
60.790	2
60.976	1
60.976	2
60.987	0
61.034	0
61.103	0
61.173	0
61.173	2
61.243	0
61.359	1
61.359	2
61.405	0
61.556	2
61.637	1
61.661	0
61.730	1
61.753	2
61.788	0
61.823	1
61.858	0
61.904	1
61.916	2
61.939	0
62.020	1
62.020	2
62.067	0
62.113	1
62.137	2
62.148	0
62.276	0
62.299	1
62.299	2
62.357	0
62.520	2
62.694	2
62.868	1
62.891	0
63.274	0
63.483	0
63.634	1
63.658	0
63.820	2
64.017	1
64.017	2
64.029	0
64.075	0
64.389	1
64.389	2
64.424	0
64.760	1
64.772	2
64.819	0
64.981	0
65.155	1
65.155	2
65.190	0
65.364	0
65.527	2
65.550	0
65.910	1
65.910	2
65.945	0
66.281	1
66.502	0
66.676	1
66.676	2
66.699	0
66.850	2
66.873	1
67.048	2
67.082	0
67.233	2
67.431	1
67.431	2
67.454	0
67.512	1
67.640	1
67.860	0
68.034	0
68.185	1
68.197	2
68.418	0
68.557	1
68.569	2
68.592	0
68.952	1
68.952	2
68.963	0
68.998	0
69.335	2
69.358	0
69.544	0
69.706	1
69.741	0
70.089	2
70.159	0
70.473	1
70.473	2
70.496	0
70.496	2
70.670	0
71.053	0
71.076	0
71.227	1
71.227	2
71.262	0
71.459	0
71.610	2
71.622	0
71.993	2
72.005	1
72.574	0
72.748	1
72.748	2
72.969	0
73.154	0
73.503	1
73.514	2
73.886	2
73.944	0
74.072	1
74.269	1
74.269	2
74.455	1
74.490	0
74.641	1
74.652	2
74.675	0
74.850	2
75.024	1
75.035	2
75.221	2
75.407	2
75.430	0
75.604	2
75.616	0
75.790	1
75.802	0
75.964	2
76.161	2
76.185	2
76.196	0
76.359	2
76.545	1
76.579	0
76.742	2
76.939	0
76.939	2
77.125	2
77.299	1
77.322	0
77.322	2
77.497	2
77.520	0
77.694	2
77.706	0
77.880	2
78.065	0
78.065	1
78.089	2
78.112	0
78.263	2
78.449	0
78.449	2
78.634	2
78.820	1
78.843	2
79.018	2
79.145	0
79.215	0
79.215	2
79.261	0
79.354	0
79.401	2
79.586	1
79.598	2
79.633	0
79.772	2
79.923	0
79.970	2
80.167	0
80.341	1
80.341	2
80.504	0
80.747	0
80.922	2
81.096	1
81.107	2
81.142	0
81.293	2
81.479	2
81.490	0
81.676	2
81.862	1
81.874	2
81.885	0
82.048	2
82.268	2
82.280	0
82.442	2
82.617	1
82.640	2
82.651	0
82.814	2
82.826	0
83.011	2
83.023	0
83.209	2
83.383	1
83.406	0
83.406	2
83.569	2
83.592	0
83.766	2
83.801	0
83.952	2
84.138	1
84.172	0
84.335	2
84.521	2
84.579	0
84.718	2
84.904	1
84.927	0
84.962	0
85.090	2
85.264	1
85.287	2
85.310	0
85.484	2
85.658	1
85.844	0
85.856	2
86.053	0
86.065	2
86.088	0
86.216	0
86.227	1
86.239	2
86.262	2
86.413	1
86.610	1
86.610	2
86.634	0
86.808	0
86.924	2
87.168	0
87.179	1
87.191	2
87.330	0
87.342	2
87.423	0
87.574	2
87.771	0
87.934	1
87.946	2
87.980	0
88.143	0
88.317	2
88.352	0
88.526	2
88.677	0
88.700	1
88.700	2
88.747	0
88.921	0
88.967	1
89.014	0
89.072	2
89.281	0
89.374	0
89.455	1
89.455	2
89.478	2
89.490	0
89.525	0
89.664	0
89.838	2
90.210	1
90.221	2
90.268	0
90.442	0
90.593	0
90.593	2
90.790	0
90.976	0
90.976	1
90.999	2
91.011	0
91.150	0
91.196	0
91.382	0
91.382	2
91.556	2
91.730	1
91.765	0
91.951	0
92.148	0
92.311	0
92.497	1
92.497	2
92.520	2
92.868	1
93.251	0
93.251	1
93.251	2
93.425	0
93.460	2
93.634	0
93.634	2
93.843	0
94.018	1
94.018	2
94.227	0
94.412	2
94.447	0
94.772	1
94.772	2
94.830	0
95.004	0
95.155	0
95.155	2
95.353	0
95.527	1
95.539	2
95.562	0
95.736	0
95.910	2
95.956	0
96.293	1
96.293	2
96.351	0
96.514	0
96.700	0
96.874	0
97.048	0
97.059	1
97.059	2
97.106	0
97.431	1
97.431	2
97.454	0
97.814	1
97.837	0
97.837	2
97.860	0
98.023	0
98.232	0
98.383	0
98.569	1
98.604	2
98.940	1
99.323	0
99.323	1
99.335	2
99.486	0
99.706	0
99.915	0
100.090	1
100.090	2
100.241	0
100.299	0
100.345	0
100.484	2
100.508	0
100.833	0
100.856	1
100.856	2
100.902	0
101.076	0
101.227	0
101.227	2
101.251	2
101.436	0
101.611	0
101.611	1
101.611	2
101.680	0
101.808	0
101.866	0
101.982	1
101.994	2
102.365	0
102.365	1
102.365	2
102.423	0
102.563	2
102.597	0
102.748	2
102.946	0
103.131	1
103.131	2
103.155	0
103.317	2
103.340	0
103.364	2
103.526	0
103.526	2
103.886	1
103.909	0
104.107	0
104.281	0
104.467	0
104.490	0
104.641	1
104.676	2
104.885	0
105.024	0
105.024	2
105.105	0
105.395	0
105.407	1
105.407	2
105.558	0
105.790	2
105.813	2
105.999	0
106.162	1
106.162	2
106.185	2
106.371	0
106.440	0
106.545	2
106.568	2
106.591	0
106.742	0
106.905	0
106.928	1
106.928	2
106.974	0
107.160	0
107.311	2
107.508	0
107.683	1
107.683	2
107.892	0
107.926	0
108.066	2
108.449	0
108.449	1
108.495	0
108.530	1
108.669	0
108.820	2
108.844	0
109.018	0
109.203	0
109.203	1
109.203	2
109.227	0
109.227	2
109.261	0
109.424	0
109.575	1
109.610	0
109.749	1
109.946	0
110.562	0
110.724	2
110.736	1
110.933	0
111.096	1
111.119	0
111.479	1
111.862	2
112.048	0
112.094	0
112.245	1
112.245	2
112.431	0
112.512	0
112.628	2
112.686	0
112.768	0
113.000	1
113.000	2
113.197	0
113.383	0
113.383	2
113.580	0
113.755	1
113.778	0
113.975	0
114.138	2
114.207	0
114.521	2
114.532	1
114.718	0
114.904	2
114.927	0
115.125	0
115.275	1
115.287	2
115.484	0
115.659	2
115.693	0
115.879	0
116.042	1
116.042	2
116.100	0
116.390	0
116.413	2
116.448	0
116.611	1
116.634	0
116.796	1
116.831	0
117.017	0
117.191	0
117.551	1
117.760	0
117.946	2
117.957	0
118.155	0
118.317	0
118.317	1
118.317	2
118.340	0
118.515	0
118.724	0
119.072	1
119.072	2
119.107	0
119.269	0
119.467	0
119.664	0
119.838	1
119.861	0
120.047	0
120.279	0
120.593	1
120.593	2
120.802	0
120.976	2
121.022	0
121.197	0
121.359	1
121.394	0
121.556	0
121.754	0
121.777	0
121.951	0
122.114	1
122.114	2
122.334	0
122.532	0
122.648	0
122.683	1
122.717	0
122.868	1
122.903	0
123.066	1
123.089	0
123.275	0
123.275	2
123.635	1
123.635	2
123.658	0
124.389	1
124.413	0
124.575	1
124.610	0
124.772	2
124.784	0
124.830	0
125.156	1
125.179	0
125.527	1
125.527	2
125.736	0
125.910	1
125.910	2
126.131	0
126.154	0
126.317	0
126.665	2
126.676	1
126.700	0
127.048	2
127.083	0
127.257	0
127.431	1
127.652	0
127.826	0
128.186	1
128.569	2
128.766	1
128.789	0
128.813	0
128.952	1
128.952	2
129.161	0
129.312	1
129.335	0
129.335	2
129.358	0
129.393	0
129.695	1
129.730	0
129.916	0
130.113	0
130.276	2
130.322	0
130.473	1
130.485	0
130.844	2
130.914	0
131.228	1
131.228	2
131.239	0
131.611	1
131.611	2
131.808	0
131.982	1
131.982	2
132.029	0
132.203	0
132.365	2
132.400	0
132.748	1
132.772	0
133.132	2
133.341	0
133.503	1
133.538	0
133.886	2
133.909	0
134.269	1
134.269	2
134.641	2
134.664	0
134.815	2
134.838	1
135.024	1
135.024	2
135.210	1
135.245	0
135.430	0
135.790	1
135.790	2
135.802	0
135.825	0
136.173	2
136.197	0
136.359	1
136.545	1
136.557	0
136.766	0
136.800	0
136.986	0
137.300	1
137.300	2
137.334	0
137.671	1
137.683	2
137.892	0
138.066	1
138.275	0
138.321	0
138.449	2
138.461	0
138.820	1
138.820	2
138.855	0
139.204	1
139.204	2
139.250	0
139.413	0
139.587	1
139.981	0
140.341	1
140.353	2
140.527	2
140.725	2
140.968	0
141.096	1
141.096	2
141.317	0
141.468	1
141.479	2
141.491	0
141.549	0
141.862	1
141.862	2
141.886	0
141.909	0
142.222	1
142.454	0
142.617	1
142.617	2
142.652	0
143.000	2
143.383	1
143.383	2
143.406	0
143.581	1
143.755	2
143.964	0
144.138	1
144.138	2
144.358	0
144.521	2
144.533	0
144.893	2
144.904	1
145.276	1
145.485	0
145.659	1
145.659	2
145.694	0
146.042	1
146.042	2
146.054	0
146.228	1
146.413	1
146.425	2
146.448	0
146.471	0
146.704	1
146.704	2
146.797	1
146.797	2
146.889	1
146.982	1
146.982	2
147.075	1
147.180	1
147.180	2
147.365	1
147.365	2
147.400	0
147.423	0
147.563	2
147.574	0
147.621	0
147.667	0
147.749	2
147.934	1
147.958	2
148.132	2
148.317	2
148.341	0
148.387	0
148.515	2
148.701	1
148.712	0
148.886	2
148.910	0
149.084	2
149.107	0
149.269	2
149.455	1
149.478	0
149.653	2
149.850	2
149.862	0
150.036	2
150.210	1
150.245	0
150.407	2
150.430	0
150.605	2
150.616	0
150.790	2
150.976	0
150.976	1
150.976	2
151.023	0
151.174	2
151.359	2
151.406	0
151.557	2
151.731	1
151.754	2
151.789	0
151.928	2
152.126	2
152.137	0
152.195	0
152.265	0
152.311	2
152.474	0
152.497	1
152.520	2
152.555	0
152.683	2
152.880	2
152.938	0
153.078	2
153.089	0
153.252	1
153.263	2
153.449	2
153.507	0
153.635	2
153.658	0
153.832	2
153.855	2
154.006	1
154.018	2
154.041	0
154.204	2
154.401	2
154.587	2
154.773	1
154.796	0
154.807	2
154.970	2
155.156	2
155.353	2
155.527	1
155.562	0
155.725	2
155.736	0
155.910	2
155.934	0
156.108	2
156.294	1
156.294	2
156.328	0
156.479	2
156.677	2
156.700	0
156.723	0
156.862	2
156.886	0
157.048	1
157.071	2
157.118	0
157.246	2
157.431	2
157.629	2
157.814	1
158.000	2
158.151	0
158.174	1
158.198	2
158.221	0
158.395	2
158.569	1
158.569	2
158.604	0
158.755	0
158.766	2
158.964	2
159.138	1
159.150	2
159.335	1
159.347	2
159.521	1
159.521	2
159.544	0
159.568	0
159.718	0
159.742	0
159.893	2
160.090	1
160.241	0
160.276	2
160.473	2
160.682	0
160.845	1
160.868	2
161.054	0
161.228	2
161.251	2
161.274	0
161.425	2
161.588	0
161.611	1
161.611	2
161.657	0
161.843	0
161.878	1
161.982	2
162.191	0
162.366	0
162.366	1
162.366	2
162.551	1
162.575	0
162.749	2
163.120	1
163.155	2
163.178	0
163.352	0
163.515	2
163.538	0
163.701	0
163.875	0
163.886	1
163.898	2
163.956	0
164.107	0
164.293	0
164.641	1
164.676	0
164.862	0
165.036	0
165.059	0
165.222	0
165.245	0
165.407	1
165.407	2
165.814	0
166.162	0
166.162	2
166.174	1
166.232	0
166.325	0
166.394	0
166.545	2
166.766	0
166.928	1
166.928	2
167.137	0
167.311	2
167.358	0
167.683	1
167.683	2
167.741	0
167.903	0
168.078	2
168.263	0
168.438	1
168.438	2
168.472	0
168.647	0
168.763	0
168.832	1
169.204	1
169.204	2
169.273	0
169.424	0
169.599	0
169.773	0
169.958	0
169.970	1
169.970	2
170.017	0
170.179	0
170.342	2
170.365	0
170.725	1
170.725	2
170.760	0
170.934	0
171.108	2
171.119	0
171.294	0
171.294	1
171.328	0
171.479	1
171.688	0
171.862	2
171.886	0
172.234	0
172.234	1
172.246	2
172.466	0
172.640	0
172.640	2
172.838	0
173.000	1
173.012	2
173.209	0
173.395	2
173.743	0
173.755	1
173.755	2
173.813	0
173.987	0
174.138	0
174.335	0
174.521	1
174.521	2
174.730	0
174.904	0
174.904	2
175.287	1
175.299	2
175.334	0
175.496	0
175.647	0
175.659	2
175.856	0
176.042	0
176.042	1
176.042	2
176.251	0
176.437	0
176.437	2
176.797	1
176.832	0
177.006	0
177.180	2
177.191	0
177.215	0
177.377	0
177.551	1
177.598	2
177.795	0
177.969	0
178.318	1
178.457	0
178.538	0
178.701	2
178.910	0
179.084	1
179.084	2
179.212	1
179.281	0
179.455	2
179.479	2
179.502	0
179.839	1
179.839	2
180.071	0
180.222	2
180.419	0
180.593	1
180.616	2
180.651	0
180.802	0
181.290	0
181.348	1
181.371	2
181.406	0
181.557	1
181.580	0
181.928	0
182.114	0
182.114	1
182.114	2
182.137	2
182.172	0
182.323	0
182.497	1
182.497	2
182.520	0
182.671	1
182.857	0
183.403	2
183.472	0
183.635	1
183.635	2
183.751	1
183.844	0
184.007	1
184.030	0
184.390	1
184.796	0
184.959	0
185.156	1
185.342	0
185.562	0
185.911	1
185.911	2
186.108	0
186.294	0
186.491	0
186.665	1
186.700	2
186.874	0
187.118	0
187.431	1
187.443	0
187.629	0
187.815	2
187.849	0
188.035	0
188.186	1
188.233	0
188.395	0
188.790	0
188.952	1
189.010	0
189.173	0
189.359	0
189.544	0
189.707	1
189.707	2
189.742	0
189.893	1
189.916	0
190.079	1
190.102	2
190.113	0
190.171	0
190.288	2
190.462	1
190.473	2
190.671	0
190.845	1
190.845	2
190.868	0
191.065	0
191.228	1
191.228	2
191.263	0
191.414	0
191.611	2
191.646	0
191.681	2
191.983	1
191.983	2
192.017	0
192.180	0
192.366	2
192.575	0
192.749	1
192.772	0
192.958	0
192.981	0
193.144	0
193.190	0
193.213	0
193.503	1
193.503	2
193.527	0
193.712	0
193.887	1
193.887	2
194.107	0
194.258	1
194.305	0
194.467	0
194.862	0
195.024	1
195.024	2
195.245	0
195.431	0
195.593	1
195.628	0
195.779	1
195.802	2
195.814	0
195.976	1
196.000	0
196.162	1
196.174	0
196.360	2
