0.163	1
0.174	2
0.267	1
0.383	1
0.499	1
0.604	1
0.627	0
0.627	2
0.824	1
0.836	2
0.848	0
0.940	1
1.045	1
1.068	2
1.126	0
1.161	1
1.184	2
1.265	1
1.289	0
1.498	1
1.509	2
1.521	0
1.602	1
1.614	0
1.718	1
1.730	0
1.730	2
1.823	1
1.846	0
1.939	1
2.067	0
3.715	0
3.762	0
3.936	0
3.936	2
4.052	2
4.063	0
4.156	1
4.168	0
4.168	2
4.319	0
4.493	1
4.505	0
4.540	0
4.586	1
4.609	0
4.656	0
4.737	0
4.760	0
4.807	0
4.841	2
4.957	0
4.957	2
5.050	0
5.050	1
5.062	2
5.201	0
5.399	0
5.480	1
5.538	0
5.712	2
5.735	0
5.828	2
5.840	0
5.933	1
5.944	0
5.944	2
6.281	0
6.420	0
6.467	0
6.618	1
6.618	2
6.711	0
6.722	2
6.745	0
6.827	1
6.838	2
6.989	0
7.012	0
7.175	0
7.268	0
7.268	1
7.268	2
7.314	0
7.430	0
7.477	0
7.488	2
7.523	0
7.605	2
7.709	1
7.721	0
7.721	2
7.767	0
8.057	0
8.150	1
8.394	2
8.510	0
8.510	2
8.603	1
8.615	0
8.615	2
8.649	0
8.835	2
8.847	0
8.951	0
9.044	1
9.067	2
9.091	0
9.160	1
9.183	0
9.276	1
9.288	0
9.392	1
9.404	0
9.497	1
9.718	1
9.729	2
9.741	0
9.822	0
9.822	1
9.845	0
9.845	2
9.938	0
9.938	1
9.985	0
10.043	1
10.159	1
10.182	2
10.379	1
10.403	2
10.495	1
10.507	2
10.600	1
10.716	1
10.728	0
10.728	2
10.925	0
11.041	2
11.053	0
11.064	1
11.157	0
11.157	2
11.273	1
11.285	2
11.320	0
11.378	0
11.703	1
11.761	0
11.819	0
11.947	1
11.947	2
12.063	2
12.086	0
12.156	1
12.167	2
12.260	0
12.690	0
12.829	0
12.829	2
12.934	0
12.934	2
13.050	1
13.061	2
13.282	0
13.468	0
13.677	0
13.723	0
13.723	2
13.839	2
13.862	0
13.886	0
13.932	1
13.955	2
14.048	0
14.153	0
14.269	1
14.373	0
14.373	1
14.420	0
14.605	2
14.710	2
14.826	1
14.838	2
14.954	0
15.256	1
15.302	0
15.464	0
15.499	2
15.615	2
15.708	1
15.720	2
15.755	0
15.894	0
16.045	0
16.149	1
16.161	2
16.196	0
16.289	0
16.382	2
16.486	2
16.602	0
16.602	1
16.614	2
16.649	0
17.078	0
17.125	0
17.229	0
17.287	2
17.392	2
17.496	0
17.496	1
17.508	2
17.543	0
17.624	0
17.670	0
17.937	0
17.937	1
18.030	0
18.158	0
18.158	2
18.170	1
18.181	0
18.274	2
18.379	1
18.390	2
18.437	0
18.599	2
18.820	1
18.820	2
18.971	0
19.064	2
19.168	2
19.273	1
19.273	2
19.435	0
19.818	0
19.934	2
19.946	0
19.958	1
20.050	0
20.050	2
20.155	1
20.167	2
20.376	2
20.387	0
20.712	0
20.840	2
20.944	2
21.049	1
21.060	2
21.084	0
21.165	0
21.490	0
21.490	1
21.513	2
21.537	0
21.606	1
21.629	0
21.711	1
21.734	0
21.827	1
21.838	0
21.931	1
21.954	2
22.152	1
22.163	2
22.175	0
22.268	1
22.384	0
22.396	1
22.396	2
22.489	1
22.512	2
22.605	1
22.616	2
22.628	0
22.825	1
22.848	2
22.930	1
23.046	1
23.057	0
23.069	2
23.150	1
23.174	0
23.174	2
23.266	0
23.266	1
23.324	0
23.487	2
23.510	0
23.603	2
23.708	1
23.719	0
23.719	2
23.766	0
23.870	0
23.951	0
24.160	1
24.207	0
24.323	0
24.393	2
24.509	2
24.602	1
24.613	0
24.613	2
24.660	0
24.822	1
24.845	0
25.089	0
25.124	0
25.240	0
25.263	2
25.356	0
25.379	2
25.496	0
25.496	1
25.507	2
25.530	0
25.635	0
25.716	1
25.937	1
26.006	0
26.076	0
26.169	2
26.285	2
26.378	1
26.389	2
26.424	0
26.448	0
26.529	0
26.819	1
26.831	2
26.854	0
26.889	0
27.040	2
27.063	1
27.156	0
27.156	2
27.272	1
27.283	2
27.341	0
27.423	0
27.458	0
27.516	1
27.597	1
27.713	1
27.725	0
27.771	0
27.945	1
27.945	2
27.968	0
28.026	0
28.061	2
28.154	1
28.166	2
28.212	0
28.235	0
28.270	0
28.410	0
28.595	1
28.642	0
28.677	1
28.711	0
28.735	0
28.770	0
28.828	2
28.932	2
28.979	0
29.048	0
29.048	1
29.060	2
29.095	0
29.187	0
29.222	0
29.257	2
29.292	0
29.292	1
29.362	0
29.571	0
29.640	0
29.663	0
29.722	2
29.733	0
29.838	2
29.942	1
29.942	2
30.012	0
30.128	0
30.372	1
30.383	2
30.407	0
30.430	0
30.534	0
30.604	2
30.616	0
30.708	2
30.824	1
30.836	0
30.836	2
30.883	0
30.987	0
31.045	2
31.266	1
31.312	0
31.347	0
31.486	1
31.509	2
31.614	2
31.684	0
31.707	1
31.718	0
31.718	2
31.765	0
31.869	0
31.951	0
32.020	0
32.148	1
32.229	0
32.299	0
32.380	2
32.485	2
32.601	1
32.612	0
32.612	2
32.647	0
32.670	0
32.752	0
33.042	1
33.088	0
33.193	0
33.274	1
33.286	2
33.390	2
33.495	0
33.495	1
33.506	2
33.530	0
33.727	1
33.739	0
33.936	1
33.971	0
34.006	0
34.052	0
34.110	0
34.157	2
34.273	2
34.307	0
34.377	1
34.389	2
34.447	0
34.516	0
34.598	2
34.633	0
34.818	1
34.865	0
34.900	0
34.981	0
35.051	1
35.062	2
35.074	0
35.132	0
35.167	2
35.271	1
35.283	0
35.283	2
35.318	0
35.341	0
35.422	0
35.457	0
35.492	1
35.515	0
35.712	1
35.712	2
35.840	0
35.863	0
35.898	0
35.933	2
36.037	2
36.153	1
36.165	0
36.165	2
36.200	0
36.339	0
36.409	0
36.467	0
36.490	0
36.606	1
36.606	2
36.653	0
36.676	0
36.711	1
36.746	0
36.838	2
36.943	2
37.047	1
37.059	0
37.059	2
37.117	0
37.164	1
37.187	0
37.280	2
37.489	1
37.535	0
37.558	0
37.593	0
37.709	2
37.825	2
38.162	0
38.406	0
38.603	1
38.615	2
38.650	0
38.719	2
38.777	0
38.859	0
39.044	0
39.137	0
39.265	0
39.346	0
39.486	2
39.497	0
39.509	1
39.602	2
39.718	1
39.718	2
39.729	0
39.938	0
40.391	1
40.391	2
40.507	2
40.612	1
40.821	1
41.018	0
41.041	1
41.053	2
41.076	0
41.262	2
41.378	2
41.761	0
41.935	2
41.958	0
42.156	1
42.167	2
42.225	0
42.284	2
42.307	0
42.388	1
42.609	1
42.678	0
42.818	1
43.050	2
43.119	0
43.154	2
43.270	1
43.282	2
43.317	0
43.712	1
43.758	0
43.944	2
43.955	1
44.060	2
44.164	1
44.176	2
44.269	1
44.385	2
44.640	0
44.768	1
44.826	2
44.931	2
45.047	1
45.058	2
45.488	2
45.523	0
45.720	2
45.732	1
45.836	2
45.929	0
45.929	1
45.941	2
46.370	1
46.602	2
46.626	1
46.707	2
46.823	1
46.835	2
46.869	0
47.032	1
47.496	1
47.508	2
47.531	0
47.613	2
47.705	1
47.729	0
48.158	2
48.205	0
48.321	0
48.379	2
48.390	1
48.448	0
48.483	2
48.599	1
48.611	2
48.820	2
49.041	1
49.110	0
49.261	1
49.284	2
49.308	0
49.389	2
49.493	1
49.493	2
49.517	0
49.609	1
49.714	2
49.737	0
49.935	1
49.958	2
49.969	0
50.039	1
50.074	0
50.074	2
50.155	1
50.190	0
50.271	1
50.294	0
50.376	1
50.596	1
50.620	2
50.631	0
50.712	1
50.736	2
50.828	1
50.840	2
50.852	0
50.933	1
50.956	0
51.049	1
51.061	2
51.130	1
51.270	1
51.281	2
51.328	0
51.374	1
51.397	1
51.409	0
51.490	1
51.513	0
51.595	1
51.630	0
51.711	0
51.815	0
51.931	0
51.931	2
52.048	2
52.152	1
52.164	2
52.326	0
52.640	0
52.837	2
52.849	0
52.941	2
53.046	1
53.058	2
53.150	0
53.371	0
53.534	0
53.708	2
53.719	0
53.824	0
53.824	2
53.940	1
53.940	2
54.149	2
54.161	0
54.370	1
54.381	0
54.439	0
54.486	0
54.613	0
54.613	2
54.729	2
54.787	0
54.822	1
54.834	2
54.857	0
55.263	0
55.263	1
55.484	2
55.496	0
55.600	2
55.705	1
55.716	2
55.751	0
55.832	0
56.274	0
56.378	1
56.390	2
56.401	0
56.506	2
56.599	1
56.610	2
56.645	0
56.854	2
57.040	1
57.086	0
57.260	2
57.272	1
57.284	0
57.377	2
57.493	1
57.493	2
57.725	0
58.166	2
58.282	2
58.375	1
58.398	2
58.816	1
58.828	2
58.863	0
58.921	0
59.048	0
59.048	2
59.153	2
59.269	0
59.269	1
59.269	2
59.327	0
59.362	0
59.699	1
59.710	0
59.861	0
59.942	2
60.058	2
60.151	1
60.163	2
60.267	0
60.407	0
60.651	0
60.767	0
60.825	0
60.825	2
60.929	2
60.941	0
61.045	1
61.057	2
61.092	0
61.266	0
61.266	2
61.533	0
61.603	0
61.719	2
61.835	2
61.928	0
61.939	1
61.939	2
61.997	0
62.160	1
62.171	0
62.264	1
62.369	1
62.601	2
62.613	1
62.705	2
62.822	1
62.833	2
63.147	1
63.263	1
63.309	0
63.390	0
63.495	1
63.507	2
63.611	2
63.716	1
63.727	2
63.750	0
63.890	0
63.925	1
64.145	1
64.157	0
64.377	0
64.377	2
64.389	1
64.493	2
64.598	1
64.610	2
64.633	0
65.051	0
65.086	0
65.190	0
65.236	0
65.283	2
65.329	0
65.387	2
65.445	0
65.492	1
65.503	2
65.573	1
65.620	0
65.933	0
65.933	1
65.933	2
66.154	0
66.154	2
66.270	2
66.374	1
66.386	2
66.479	0
66.815	1
66.827	0
66.827	2
66.862	0
66.932	0
67.059	1
67.059	2
67.071	0
67.164	2
67.268	1
67.280	2
67.373	0
67.477	1
67.524	0
67.709	0
67.802	0
67.930	2
68.046	2
68.151	1
68.174	2
68.371	2
68.383	0
68.592	1
68.603	0
68.789	0
68.836	2
68.940	2
69.010	0
69.045	1
69.056	2
69.149	0
69.265	0
69.555	0
69.706	2
69.718	1
69.730	0
69.822	2
69.939	1
69.939	2
69.973	0
70.055	0
70.368	1
70.600	1
70.612	2
70.623	0
70.728	2
70.821	1
70.832	2
70.995	0
71.262	1
71.308	0
71.483	2
71.506	0
71.599	2
71.715	1
71.947	0
72.179	0
72.272	0
72.388	2
72.400	1
72.504	2
72.597	1
72.609	0
72.609	2
72.632	0
73.027	1
73.050	0
73.154	0
73.259	2
73.271	0
73.375	0
73.375	2
73.491	1
73.503	2
73.538	0
73.967	0
74.165	1
74.165	2
74.281	2
74.374	1
74.385	2
74.478	0
74.536	0
74.629	0
74.873	0
75.047	2
75.151	0
75.151	2
75.267	1
75.279	2
75.511	0
75.639	0
75.685	0
75.720	2
75.825	0
75.941	2
76.045	1
76.057	2
76.150	1
76.266	0
76.370	0
76.382	1
76.498	1
76.603	0
76.603	1
77.032	1
77.090	0
77.172	0
77.531	0
77.926	1
77.938	0
77.973	0
78.809	1
78.948	0
79.273	0
79.702	1
79.749	0
79.819	1
79.819	2
79.842	0
80.155	0
80.167	1
80.283	0
80.608	0
80.724	0
81.038	1
81.049	0
81.084	0
81.479	1
81.525	0
82.059	0
82.373	1
82.419	0
82.500	0
82.814	1
82.826	0
82.860	0
83.255	1
83.487	1
83.499	2
83.708	0
83.708	1
83.754	0
83.929	0
83.929	2
83.952	1
84.045	2
84.068	0
84.149	1
84.161	0
84.161	2
84.207	0
84.254	0
84.393	0
84.509	0
84.648	0
84.834	2
84.950	0
84.950	2
85.043	1
85.055	0
85.055	2
85.090	0
85.264	0
85.391	0
85.473	1
85.496	0
85.531	0
85.647	0
85.716	2
85.728	0
85.821	2
85.844	0
85.925	1
85.937	0
85.949	2
86.111	0
86.274	1
86.285	0
86.378	1
86.413	0
86.564	0
86.610	1
86.610	2
86.727	2
86.819	0
86.819	1
86.843	2
86.936	0
87.005	0
87.179	0
87.261	1
87.261	2
87.272	0
87.319	0
87.423	0
87.493	2
87.504	0
87.597	2
87.620	0
87.713	0
87.713	1
87.725	2
87.922	2
87.957	0
88.038	1
88.062	0
88.143	1
88.236	0
88.352	0
88.387	2
88.503	0
88.503	2
88.596	1
88.607	0
88.607	2
88.654	0
88.700	0
88.793	0
88.828	2
88.956	0
89.049	1
89.060	2
89.153	1
89.176	0
89.269	1
89.281	0
89.385	1
89.397	0
89.490	1
89.710	1
89.722	2
89.734	0
89.826	1
89.838	0
89.838	2
89.931	0
89.931	1
89.954	2
90.047	1
90.070	0
90.163	1
90.372	1
90.395	2
90.488	1
90.500	2
90.593	1
90.616	0
90.616	2
90.709	1
90.720	0
90.813	1
90.825	0
91.045	2
91.057	0
91.150	2
91.266	1
91.278	0
91.278	2
91.312	0
91.429	0
91.754	0
91.788	0
91.939	2
91.951	0
92.056	2
92.148	1
92.160	0
92.160	2
92.206	0
92.311	0
92.369	1
92.636	0
92.682	0
92.717	1
92.752	0
92.775	0
92.822	2
92.903	0
92.926	2
93.042	1
93.054	0
93.054	2
93.089	0
93.112	0
93.263	2
93.286	0
93.495	1
93.530	0
93.553	0
93.634	0
93.727	2
93.832	2
93.936	0
93.936	1
93.983	0
94.006	0
94.122	0
94.378	1
94.436	0
94.505	0
94.563	0
94.598	0
94.598	2
94.703	2
94.819	1
94.830	0
94.830	2
94.865	0
94.900	0
94.981	0
95.004	0
95.039	2
95.260	1
95.306	0
95.330	0
95.399	1
95.411	0
95.504	2
95.515	0
95.573	0
95.608	2
95.713	1
95.713	2
95.875	0
95.933	1
95.956	0
96.165	0
96.223	0
96.328	0
96.374	0
96.374	2
96.491	2
96.595	1
96.607	0
96.607	2
96.746	0
96.781	0
96.816	2
96.850	0
97.071	0
97.152	1
97.222	0
97.280	2
97.292	1
97.384	1
97.384	2
97.489	1
97.501	0
97.501	2
97.535	0
97.559	0
97.640	0
97.733	0
97.791	0
97.930	2
97.942	1
97.977	0
98.151	2
98.267	2
98.371	1
98.383	0
98.383	2
98.429	0
98.534	0
98.604	1
98.615	0
98.685	0
98.824	0
98.871	0
99.056	1
99.056	2
99.161	2
99.265	1
99.277	0
99.277	2
99.323	0
99.428	0
99.509	0
99.706	1
99.741	0
99.776	0
99.823	1
99.892	0
99.927	2
100.043	2
100.159	1
100.171	2
100.206	0
100.229	0
100.299	0
100.345	0
100.380	1
100.484	0
100.600	1
100.635	0
100.740	0
100.786	0
100.833	2
100.902	0
100.949	2
101.042	1
101.053	2
101.088	0
101.111	0
101.193	0
101.285	0
101.483	1
101.518	0
101.552	0
101.622	0
101.657	0
101.680	0
101.703	2
101.727	1
101.738	0
101.820	2
101.936	1
101.947	0
101.947	2
102.005	0
102.040	0
102.087	0
102.121	0
102.179	0
102.261	1
102.446	0
102.609	2
102.679	0
102.725	2
102.818	1
102.830	2
102.864	0
102.899	0
102.980	0
103.004	0
103.039	1
103.248	0
103.306	0
103.387	0
103.480	2
103.515	0
103.596	2
103.712	1
103.724	2
103.758	0
103.828	0
103.886	0
103.933	2
103.956	0
104.153	1
104.165	2
104.200	0
104.234	0
104.269	1
104.304	0
104.385	2
104.501	2
104.606	0
104.606	1
104.606	2
104.641	0
104.710	1
104.745	0
104.826	2
104.838	0
105.035	1
105.082	0
105.268	2
105.372	2
105.488	2
105.511	0
105.779	0
105.929	2
105.953	0
106.150	0
106.162	1
106.162	2
106.220	0
106.278	2
106.405	0
106.603	0
106.672	0
106.696	0
106.812	1
106.893	0
107.044	2
107.148	2
107.265	1
107.288	0
107.485	1
107.532	0
107.555	0
107.938	1
107.938	2
108.054	2
108.147	1
108.368	1
108.426	0
108.449	0
108.518	0
108.565	0
108.588	1
108.611	2
108.635	0
108.704	0
108.820	2
108.936	2
109.041	2
109.064	0
109.331	0
109.482	2
109.726	2
109.772	0
109.830	2
110.155	0
110.225	0
110.364	1
110.411	0
110.597	1
110.597	2
110.713	2
110.817	1
110.829	2
110.864	0
110.945	0
111.258	1
111.444	0
111.491	1
111.502	2
111.607	2
111.711	1
111.723	2
111.792	0
111.932	2
111.955	0
112.152	1
112.199	0
112.373	2
112.396	1
112.489	2
112.594	1
112.605	2
112.814	2
113.046	2
113.081	0
113.279	2
113.290	1
113.383	2
113.488	1
113.499	2
113.534	0
113.731	0
113.929	1
113.998	0
114.033	0
114.149	2
114.184	1
114.265	2
114.370	1
114.393	2
114.579	1
114.741	0
115.043	1
115.055	2
115.090	0
115.159	0
115.171	2
115.264	1
115.275	2
115.287	0
115.484	1
115.531	0
115.705	1
115.705	2
115.751	0
115.926	2
115.949	1
115.995	0
116.042	2
116.158	1
116.158	2
116.402	0
116.645	0
116.750	0
116.831	1
116.831	2
116.854	0
116.947	0
116.947	2
117.040	1
117.052	2
117.156	1
117.272	2
117.481	1
117.505	2
117.516	0
117.597	1
117.621	2
117.702	1
117.725	1
117.737	0
117.830	1
117.923	1
117.934	0
118.155	1
118.166	2
118.178	0
118.259	1
118.375	0
118.375	1
118.410	0
118.491	1
118.596	1
118.608	2
118.817	1
118.840	2
118.875	0
118.921	1
118.944	2
118.956	0
119.037	1
119.072	0
119.176	2
119.304	0
119.374	0
119.478	2
119.594	2
119.710	0
119.710	1
119.722	2
119.769	0
120.186	0
120.256	0
120.384	1
120.384	2
120.500	2
120.581	0
120.604	1
120.616	2
120.697	0
120.848	0
121.046	0
121.139	0
121.266	2
121.289	1
121.371	2
121.487	1
121.498	2
121.707	2
121.928	1
121.998	0
122.160	2
122.172	0
122.276	2
122.369	1
122.381	2
122.416	0
122.601	0
122.625	0
122.822	0
123.043	2
123.054	0
123.147	2
123.263	1
123.275	2
123.310	0
123.391	0
123.449	0
123.484	2
123.565	0
123.739	0
123.878	0
123.937	1
123.948	2
123.960	0
124.053	2
124.157	1
124.169	2
124.192	0
124.343	0
124.598	1
124.621	0
124.645	0
124.819	2
124.842	0
124.877	1
124.923	2
125.039	1
125.051	2
125.144	1
125.272	0
125.515	0
125.608	0
125.724	2
125.829	2
125.933	1
125.945	2
126.491	0
126.595	2
126.607	0
126.711	2
126.816	1
126.827	2
126.862	0
127.501	2
127.605	2
127.710	1
127.721	2
127.814	0
128.197	0
128.372	0
128.372	2
128.383	1
128.488	0
128.488	2
128.604	1
128.615	2
128.836	0
129.033	1
129.045	2
129.277	2
129.382	2
129.486	1
129.498	0
129.498	2
129.707	1
129.718	0
129.927	0
129.927	1
129.997	0
130.148	2
130.183	1
130.264	2
130.368	1
130.380	2
130.426	0
130.589	2
130.612	1
130.775	0
130.810	1
130.868	0
130.902	0
130.937	0
130.995	0
131.053	0
131.053	2
131.065	1
131.170	2
131.262	1
131.274	2
131.297	0
131.390	0
131.495	1
131.506	0
131.704	1
131.715	0
131.738	0
131.924	2
132.040	2
132.156	1
132.168	2
132.377	1
132.644	0
132.830	2
132.841	1
132.899	0
132.946	2
132.969	0
132.992	0
133.039	1
133.050	2
133.108	0
133.166	0
133.468	1
133.492	2
133.526	0
133.584	0
133.700	2
133.712	0
133.817	2
133.933	0
133.933	1
133.944	2
134.026	0
134.362	1
134.374	0
134.374	2
134.525	0
134.606	2
134.722	2
134.815	1
134.827	2
134.920	0
135.070	0
135.256	1
135.268	0
135.488	0
135.488	2
135.500	1
135.593	0
135.593	2
135.709	1
135.721	2
135.930	2
135.941	0
136.382	2
136.499	2
136.545	0
136.568	0
136.591	1
136.603	2
136.707	0
136.812	0
137.033	1
137.044	0
137.114	0
137.265	2
137.276	0
137.369	2
137.485	1
137.497	2
137.520	0
137.613	0
137.671	0
137.741	1
137.961	0
138.159	1
138.159	2
138.170	0
138.275	2
138.379	1
138.379	2
138.612	1
138.820	1
139.041	2
139.064	0
139.146	2
139.262	1
139.273	2
139.494	0
139.738	0
139.831	0
139.935	2
139.947	1
140.051	2
140.156	1
140.167	2
140.190	0
140.225	1
140.585	1
140.632	0
140.701	0
140.817	0
140.817	2
140.934	2
141.038	1
141.050	2
141.142	0
141.259	0
141.479	1
141.630	0
141.723	2
141.827	2
141.862	0
141.932	1
141.944	2
142.036	0
142.373	0
142.420	0
142.594	2
142.698	0
142.710	2
142.826	1
142.826	2
143.035	2
143.058	0
143.256	1
143.279	2
143.383	0
143.430	0
143.499	2
143.511	0
143.604	1
143.604	2
143.708	1
143.929	0
143.929	1
144.057	1
144.149	1
144.161	0
144.591	1
145.032	1
145.612	0
145.926	1
145.972	0
146.367	1
146.379	0
146.808	1
146.820	0
146.855	0
147.261	1
147.307	0
147.365	2
147.377	1
147.493	1
147.714	1
148.143	1
148.190	0
148.584	1
148.724	0
149.084	0
149.478	1
149.490	0
149.525	0
149.920	1
149.966	0
150.825	0
150.860	0
151.046	1
151.046	2
151.139	1
151.266	1
153.043	0
153.194	0
153.263	2
153.379	2
153.391	0
153.484	1
153.496	0
153.496	2
153.728	0
153.821	1
153.832	0
153.937	0
153.972	0
154.076	0
154.157	2
154.169	0
154.273	2
154.378	1
154.378	2
154.424	0
154.587	0
154.703	1
154.726	0
154.761	1
154.865	0
154.900	0
154.900	1
154.982	0
155.040	2
155.063	1
155.156	2
155.260	1
155.272	0
155.272	2
155.353	0
155.597	1
155.620	0
155.748	0
155.783	0
155.876	1
155.945	2
156.050	2
156.154	0
156.154	1
156.166	2
156.201	0
156.235	0
156.398	0
156.502	0
156.595	0
156.595	1
156.595	2
156.642	0
156.700	1
156.758	0
156.816	2
156.839	0
156.932	2
156.944	0
157.037	1
157.048	2
157.199	0
157.280	0
157.385	0
157.489	0
157.536	0
157.559	0
157.605	1
157.640	0
157.710	1
157.722	2
157.838	0
157.838	2
157.931	1
157.931	2
158.093	0
158.279	0
158.325	1
158.418	0
158.581	0
158.592	2
158.616	0
158.708	2
158.743	0
158.813	1
158.824	0
158.836	2
158.917	0
159.033	1
159.057	0
159.173	0
159.254	1
159.277	2
159.289	0
159.405	0
159.451	0
159.498	2
159.591	0
159.602	2
159.707	0
159.707	1
159.718	2
159.753	0
159.916	0
159.927	1
159.951	0
160.055	0
160.160	0
160.369	2
160.392	1
160.438	1
160.485	2
160.508	0
160.601	0
160.601	1
160.612	2
160.682	0
160.810	2
160.926	1
160.949	0
161.030	1
161.112	0
161.274	2
161.379	1
161.390	0
161.390	2
161.425	0
161.483	1
161.495	0
161.495	2
161.553	0
161.611	0
161.843	0
161.924	1
162.006	0
162.145	2
162.168	1
162.261	2
162.284	0
162.377	1
162.389	2
162.447	0
162.714	1
162.725	0
162.807	1
162.876	0
162.911	0
162.969	0
163.051	2
163.167	2
163.178	0
163.260	1
163.271	0
163.271	2
163.329	0
163.585	1
163.619	0
163.701	0
163.701	1
163.701	2
163.782	0
163.933	2
164.037	2
164.061	0
164.153	1
164.165	0
164.165	2
164.281	0
164.316	1
164.351	0
164.362	2
164.386	1
164.479	1
164.502	0
164.583	1
164.664	0
164.827	2
164.943	0
164.943	2
165.036	1
165.047	0
165.047	2
165.117	0
165.117	1
165.164	0
165.373	1
165.384	0
165.558	0
165.663	0
165.709	2
165.732	1
165.814	2
165.837	0
165.930	1
165.941	2
165.999	0
166.127	1
166.278	0
166.359	1
166.383	0
166.429	0
166.452	1
166.592	1
166.603	2
166.719	2
166.812	1
166.824	0
166.893	0
166.928	1
166.940	2
167.021	1
167.172	0
167.265	0
167.288	0
167.706	1
167.718	2
167.753	0
168.147	1
168.147	2
168.171	0
168.194	0
168.275	0
168.496	0
168.600	0
168.600	1
168.600	2
169.041	0
169.041	1
169.053	2
169.273	1
169.285	0
169.436	0
169.482	1
169.517	0
169.657	0
169.703	1
169.935	1
169.970	0
170.040	0
170.156	1
170.167	2
170.179	0
170.376	1
170.400	0
170.597	1
170.609	2
170.620	0
170.794	0
171.038	2
171.154	2
171.944	2
172.048	2
172.815	2
172.826	1
172.931	2
173.720	2
173.825	2
174.591	2
174.707	2
175.485	1
175.496	2
175.508	1
175.601	2
176.367	2
176.379	1
176.483	2
177.273	2
177.389	2
178.143	2
178.260	2
179.049	2
179.165	2
179.931	2
179.943	1
180.036	2
180.825	2
180.941	2
181.046	1
181.708	1
181.812	1
181.928	1
182.044	1
182.149	1
182.265	1
182.370	1
182.486	1
182.590	1
182.706	1
182.811	1
182.927	1
183.043	1
183.147	1
183.252	1
183.263	0
183.368	0
183.484	0
183.484	2
183.589	2
183.705	1
183.716	2
183.751	0
184.146	0
184.146	1
184.297	0
184.378	1
184.378	2
184.494	2
184.599	1
184.599	2
184.703	0
185.086	0
185.260	0
185.260	2
185.365	0
185.365	2
185.481	1
185.493	2
185.702	2
185.725	0
186.038	0
186.166	0
186.166	2
186.270	2
186.340	0
186.375	1
186.491	0
186.816	0
186.816	1
187.037	2
187.141	2
187.257	1
187.269	2
187.385	0
187.699	1
187.745	0
187.826	0
187.931	1
187.942	2
188.047	2
188.151	1
188.163	2
188.291	0
188.395	0
188.581	1
188.639	0
188.813	1
188.813	2
188.836	0
188.929	2
189.034	1
189.045	2
189.277	0
189.603	0
189.719	2
189.823	2
189.928	1
189.939	0
189.939	2
189.962	0
190.369	1
190.404	0
190.473	0
190.589	2
190.601	0
190.705	0
190.705	2
190.822	1
190.833	2
191.263	2
191.298	0
191.414	0
191.495	2
191.553	0
191.599	2
191.704	1
191.716	2
191.808	0
191.925	2
191.948	0
192.192	0
192.366	2
192.377	0
192.482	0
192.482	2
192.598	1
192.610	2
192.633	0
192.842	0
192.969	0
193.109	0
193.167	0
193.271	2
193.387	2
193.480	0
193.480	1
193.492	2
193.701	1
194.142	2
194.165	0
194.165	1
194.258	2
194.328	0
194.374	1
194.386	2
194.595	1
194.606	0
194.862	0
195.048	0
195.048	1
195.048	2
195.164	2
195.233	0
195.257	1
195.268	2
195.291	0
195.477	1
195.698	1
195.930	2
195.942	1
196.034	2
196.151	1
196.162	2
196.383	1
196.592	0
196.638	0
196.719	0
196.743	0
196.824	2
196.940	2
197.033	1
197.045	0
197.056	2
197.161	0
197.474	1
197.486	2
197.521	0
197.590	0
197.706	0
197.706	2
197.822	2
197.927	1
197.939	2
198.368	1
198.368	2
198.600	1
198.600	2
198.716	2
198.821	1
198.832	2
198.925	0
199.041	0
199.483	2
199.587	0
199.587	2
199.703	1
199.715	2
199.924	2
200.098	0
200.144	1
200.156	0
200.377	2
200.493	2
200.528	0
200.597	1
200.632	0
200.678	0
200.818	0
201.038	0
201.038	1
201.120	0
201.259	2
201.271	0
201.363	2
201.456	0
201.480	1
201.491	2
201.538	0
201.607	0
201.665	0
201.956	0
202.153	1
202.165	2
202.176	0
202.269	2
202.374	1
202.385	2
202.803	1
203.035	2
203.047	1
203.151	2
203.256	1
203.267	2
203.488	1
203.500	0
203.825	0
203.941	1
203.941	2
204.045	2
204.150	1
204.161	0
204.161	2
204.185	0
204.591	0
204.591	2
204.626	0
204.696	0
204.812	2
204.823	0
204.928	2
205.032	1
205.055	2
205.473	1
205.636	0
205.717	1
205.717	2
205.822	2
205.926	1
206.031	0
206.089	0
206.460	0
206.588	2
206.600	0
206.704	0
206.704	2
206.809	1
206.832	2
207.029	2
207.041	0
207.250	1
207.273	2
207.296	0
207.377	0
207.482	1
207.494	2
207.598	1
207.610	2
207.679	0
207.807	0
207.923	0
207.935	1
207.946	2
208.039	1
208.179	0
208.596	0
208.631	0
209.026	1
209.154	0
209.467	1
209.920	1
209.932	0
209.966	0
210.361	1
210.408	0
210.489	0
211.255	1
211.302	0
211.371	1
211.371	2
211.394	0
211.476	1
211.708	1
211.708	2
211.754	0
212.149	0
212.590	1
212.637	0
213.031	1
213.043	0
213.078	0
213.473	1
213.484	0
213.519	0
213.960	0
214.355	1
214.413	0
214.819	0
214.854	0
215.040	1
215.040	2
215.261	1
215.284	2
215.377	1
215.481	1
215.504	0
215.597	1
215.609	0
215.632	0
215.702	1
215.725	0
215.725	2
215.922	1
215.946	0
215.946	2
216.038	1
216.050	0
216.143	0
216.143	1
216.259	1
216.282	2
216.375	1
216.387	0
216.596	1
216.607	2
216.631	0
216.700	1
216.723	0
216.816	1
216.828	0
216.828	2
216.921	1
216.944	0
217.037	1
217.049	0
217.072	0
217.165	0
217.258	1
217.281	2
217.374	1
217.385	0
217.385	2
217.478	1
217.490	0
217.501	2
217.525	0
217.594	1
217.606	0
217.699	1
217.722	0
217.931	1
217.942	2
217.954	0
218.047	0
218.047	1
218.151	1
218.163	0
218.256	1
218.291	2
218.372	1
218.384	0
218.442	0
218.593	1
218.593	2
218.616	0
218.616	2
