3.901	1
3.947	0
4.087	1
4.331	1
4.365	0
4.412	0
4.783	0
5.039	2
5.329	0
5.573	1
5.619	0
6.142	1
6.142	2
6.583	0
7.001	0
7.256	1
7.256	2
7.558	0
7.814	1
7.837	0
8.371	1
8.371	2
8.661	2
8.812	0
9.218	0
9.474	2
9.776	0
9.985	1
10.054	0
10.588	2
11.029	0
11.436	0
11.703	2
11.714	1
11.993	0
12.283	0
12.806	2
13.224	1
13.247	0
13.665	0
13.920	1
13.920	2
14.222	0
14.466	1
14.501	0
14.605	1
14.745	1
15.035	1
15.035	2
15.464	0
15.882	0
15.929	0
16.138	2
16.161	1
16.393	1
16.440	0
16.718	0
17.252	2
17.287	1
17.694	0
18.112	0
18.367	1
18.367	2
18.657	0
18.936	0
18.982	0
19.493	1
19.621	0
19.760	1
19.900	1
19.911	0
20.016	0
20.167	1
20.190	0
20.317	1
20.608	1
20.863	1
20.968	0
21.026	0
21.153	1
21.304	0
21.374	0
21.722	1
21.745	1
22.117	1
22.221	0
22.535	1
22.570	0
22.639	0
22.825	1
23.081	2
23.092	1
23.220	2
23.232	1
23.359	2
23.499	2
23.905	1
23.940	0
24.323	1
24.346	0
24.416	2
24.776	0
25.020	2
25.043	1
25.321	0
25.321	2
25.368	0
25.600	0
25.646	0
25.867	2
26.134	2
26.552	1
26.575	0
26.993	0
26.993	2
27.249	2
27.388	1
27.527	2
27.539	0
27.550	2
27.794	1
27.818	0
28.108	2
28.352	1
28.352	2
28.793	0
28.839	0
29.211	0
29.257	0
29.466	2
29.768	0
29.768	2
30.047	0
30.174	1
30.209	2
30.325	2
30.581	1
30.581	2
31.010	0
31.417	2
31.428	0
31.684	2
31.974	2
31.985	0
32.229	1
32.264	0
32.531	2
32.787	1
32.798	2
33.239	0
33.634	2
33.657	0
33.657	2
33.901	2
33.924	1
34.191	2
34.215	0
34.215	2
34.493	0
34.749	2
35.004	1
35.016	2
35.468	0
35.863	0
35.863	2
36.130	1
36.130	2
36.409	2
36.432	0
36.432	2
36.688	1
36.711	0
36.978	2
37.233	1
37.233	2
37.686	0
38.092	0
38.174	0
38.336	1
38.348	2
38.650	0
38.928	0
38.975	0
39.195	2
39.462	1
39.462	2
39.892	0
39.950	0
40.298	2
40.310	0
40.321	2
40.368	0
40.565	1
40.565	2
40.867	0
41.123	1
41.146	0
41.401	1
41.691	0
41.691	1
42.109	0
42.167	0
42.260	0
42.539	0
42.539	2
42.794	2
43.073	2
43.096	0
43.096	2
43.340	1
43.363	0
43.642	2
43.897	2
43.921	1
44.339	0
44.733	1
44.756	0
44.768	2
45.012	2
45.291	1
45.314	0
45.314	2
45.558	1
45.592	0
45.871	2
46.126	1
46.126	2
46.568	0
46.951	1
46.974	0
46.986	2
47.090	0
47.229	2
47.531	0
47.775	1
47.810	0
48.065	2
48.089	2
48.344	1
48.344	2
48.750	1
48.774	0
49.180	1
49.180	2
49.191	0
49.203	2
49.447	1
49.447	2
49.470	1
49.726	1
49.737	2
49.760	0
49.760	2
49.981	2
50.027	0
50.306	2
50.561	2
51.003	0
51.421	0
51.467	0
51.676	2
51.955	2
51.978	0
51.978	2
52.257	0
52.524	2
52.779	1
52.779	2
53.232	0
53.626	2
53.638	0
53.882	1
53.894	2
53.928	1
54.114	1
54.184	2
54.195	0
54.474	0
54.590	1
54.729	1
54.753	2
55.008	1
55.008	2
55.449	0
55.844	2
55.856	0
56.111	2
56.134	1
56.413	0
56.413	2
56.459	0
56.668	1
56.692	0
56.970	2
57.226	2
57.667	0
58.085	0
58.085	2
58.131	0
58.340	2
58.619	2
58.642	0
58.642	2
58.688	0
58.909	0
59.188	2
59.455	1
59.594	1
59.884	0
59.907	1
59.931	0
60.302	0
60.349	0
60.558	2
60.569	1
60.871	0
61.127	1
61.138	0
61.672	2
61.695	1
62.090	1
62.113	0
62.206	1
62.229	1
62.520	0
62.566	0
62.775	2
62.973	1
62.996	1
63.077	0
63.123	0
63.356	0
63.901	0
63.901	1
64.041	1
64.064	1
64.168	1
64.296	1
64.319	0
68.476	1
68.731	1
68.766	0
68.812	0
69.021	0
69.149	1
69.184	0
69.230	0
69.439	2
69.451	1
69.741	0
70.020	0
70.554	1
70.554	2
70.716	1
70.972	1
70.983	0
71.076	1
71.401	0
71.657	1
71.657	2
71.959	0
72.156	2
72.202	1
72.237	0
72.760	1
72.771	2
72.783	1
73.178	1
73.213	0
73.630	0
73.886	1
73.886	2
74.188	0
74.385	1
74.455	0
74.733	0
74.989	1
74.989	2
75.407	1
75.430	0
75.616	1
75.848	0
76.103	2
76.115	1
76.370	1
76.405	0
76.487	0
76.672	0
76.730	0
77.218	1
77.357	0
77.497	1
77.624	1
77.659	0
77.706	0
77.926	0
77.973	0
78.077	0
78.321	1
78.321	2
78.623	0
78.901	0
79.424	1
79.435	2
79.853	1
79.865	0
80.132	1
80.155	0
80.550	2
80.829	2
80.852	0
81.119	0
81.223	1
81.351	1
81.386	2
81.595	1
81.641	1
81.653	2
81.885	1
81.943	2
82.094	0
82.361	1
82.373	0
82.733	1
82.768	2
83.058	0
83.336	0
83.603	2
83.870	1
83.870	2
84.277	1
84.312	0
84.590	0
84.985	2
84.997	1
85.275	2
85.426	0
85.473	0
85.670	1
85.705	0
85.751	0
86.111	1
86.494	1
86.529	0
86.796	1
86.808	0
87.179	1
87.203	2
87.504	0
87.783	0
87.829	0
88.178	1
88.317	2
88.329	1
88.758	0
89.014	1
89.025	0
89.432	2
89.722	0
90.001	0
90.047	0
90.511	1
90.535	2
90.569	1
90.953	1
90.976	0
91.022	0
91.231	1
91.254	0
91.649	1
91.649	2
91.916	1
91.951	0
92.218	0
92.601	1
92.764	1
92.764	2
93.042	2
93.100	1
93.170	1
93.193	0
93.240	0
93.414	1
93.472	0
93.867	2
94.157	2
94.261	1
94.285	1
94.308	0
94.354	0
94.563	1
94.586	0
95.016	1
95.132	0
95.399	1
95.411	0
95.469	0
95.527	0
95.585	0
95.655	0
95.840	0
96.084	0
96.084	2
96.096	1
96.374	2
96.386	0
96.665	0
96.943	1
96.943	2
97.187	1
97.199	2
97.210	1
97.640	0
98.046	2
98.058	0
98.302	1
98.313	2
98.487	1
98.592	2
98.615	0
98.615	2
98.859	1
98.894	0
99.172	2
99.416	1
99.416	2
99.857	0
100.275	0
100.345	0
100.531	2
100.833	0
100.833	2
100.879	0
101.088	1
101.111	0
101.158	0
101.158	1
101.390	2
101.645	1
101.645	2
102.087	0
102.481	2
102.493	0
102.504	2
102.737	1
102.748	2
103.027	1
103.050	0
103.306	2
103.329	0
103.596	2
103.863	2
103.874	1
103.898	1
103.979	1
104.304	0
104.350	0
104.722	0
104.722	2
104.977	1
104.977	2
105.256	2
105.279	0
105.279	2
105.546	0
105.825	2
106.080	2
106.092	1
106.336	1
106.522	0
106.916	2
106.940	0
107.195	1
107.195	2
107.497	0
107.497	2
107.775	0
108.054	2
108.309	1
108.309	2
108.751	0
109.157	0
109.169	2
109.401	1
109.412	2
109.424	1
109.714	0
109.761	0
109.970	1
109.993	0
110.039	0
110.295	1
110.527	1
110.527	2
110.957	2
110.968	0
111.015	0
111.386	0
111.386	2
111.630	2
111.642	1
111.932	0
111.943	2
111.990	0
112.187	2
112.210	0
112.257	0
112.640	1
112.756	0
112.756	1
113.035	0
113.162	1
113.186	0
113.232	0
113.580	2
113.604	0
113.859	1
113.859	2
114.149	0
114.161	2
114.440	0
114.707	2
114.962	2
115.032	1
115.090	1
115.403	0
115.810	2
115.821	0
115.891	0
116.077	2
116.378	0
116.425	0
116.622	1
116.657	0
116.936	2
117.191	1
117.191	2
117.621	0
118.027	2
118.039	0
118.050	2
118.294	2
118.584	2
118.596	0
118.642	0
118.851	1
118.875	0
119.142	2
119.409	1
119.409	2
119.815	1
119.850	0
119.896	0
120.256	0
120.268	2
120.512	1
120.523	2
120.825	0
120.825	2
120.964	0
121.069	1
121.092	0
121.359	2
121.382	2
121.626	2
121.812	1
121.847	1
122.067	0
122.485	0
122.741	2
122.752	1
123.043	0
123.043	2
123.321	0
123.600	2
123.844	1
123.855	2
124.285	0
124.691	2
124.714	0
124.958	1
124.958	2
125.260	0
125.260	2
125.341	1
125.504	1
125.539	0
125.585	0
125.806	2
126.073	1
126.073	2
126.502	2
126.514	0
126.560	0
126.909	2
126.932	0
126.932	2
127.164	1
127.176	2
127.199	0
127.199	1
127.454	1
127.466	2
127.478	0
127.489	2
127.733	1
127.756	0
127.803	0
128.035	2
128.290	1
128.290	2
128.453	1
128.708	1
128.731	0
129.138	2
129.149	0
129.405	2
129.695	0
129.707	2
129.974	0
130.241	2
130.786	1
130.949	0
130.995	0
131.367	0
131.413	0
131.622	2
131.924	0
132.156	1
132.203	0
132.737	1
132.737	2
132.946	1
133.166	0
133.561	1
133.584	0
133.840	2
133.921	1
134.142	0
134.420	0
134.676	2
134.885	1
134.966	0
135.372	1
135.396	0
135.593	1
138.844	2
139.401	1
139.831	0
140.225	1
140.249	0
140.504	1
140.504	2
140.806	0
141.084	0
141.619	2
141.769	1
142.060	0
142.454	1
142.466	0
142.733	2
143.023	0
143.139	0
143.302	0
143.836	2
144.149	1
144.277	0
144.324	0
144.684	0
144.951	2
144.962	1
145.252	0
145.485	1
145.519	0
146.054	1
146.065	2
146.471	1
146.495	0
146.541	0
146.715	1
146.889	2
147.319	0
147.609	0
147.656	0
147.737	0
148.016	0
148.074	0
148.143	1
148.167	0
148.225	0
148.283	2
148.306	1
148.387	1
148.515	1
148.596	1
148.631	1
148.689	1
148.712	0
148.898	1
148.968	1
148.991	0
149.386	2
149.397	1
149.653	1
149.687	0
149.966	0
150.372	1
150.489	1
150.500	2
150.512	1
150.941	0
150.988	0
151.185	1
151.220	0
151.255	1
151.603	1
151.615	2
151.905	0
152.184	0
152.184	1
152.485	1
152.718	2
152.799	1
153.124	1
153.159	0
153.403	1
153.437	0
153.832	1
153.832	2
154.099	1
154.122	0
154.413	0
154.924	1
154.947	2
155.063	1
155.225	2
155.376	0
155.609	1
155.655	0
156.038	1
156.050	2
156.061	1
156.340	2
156.456	1
156.491	0
156.770	0
157.176	1
157.547	1
157.594	0
157.652	0
157.849	1
157.884	0
157.965	0
158.267	2
158.279	1
158.557	1
158.569	0
158.848	0
159.115	2
159.370	1
159.382	2
159.451	1
159.672	2
159.800	1
159.823	0
159.869	0
160.090	0
160.403	2
160.438	1
160.496	1
160.496	2
160.775	1
160.798	0
161.077	0
161.274	1
161.599	2
162.017	1
162.040	0
162.319	0
162.702	1
162.714	2
163.016	0
163.294	0
163.341	0
163.689	1
163.828	2
163.840	1
163.898	1
164.107	2
164.246	1
164.270	0
164.490	1
164.548	0
164.931	1
164.931	2
165.349	1
165.373	0
165.512	1
165.628	1
165.651	0
166.081	1
166.150	1
166.232	1
166.452	1
166.475	0
166.534	0
166.905	0
167.160	2
167.462	0
167.718	2
167.729	0
168.263	2
168.484	1
168.542	2
168.565	1
168.670	1
168.705	0
168.786	1
168.832	2
169.123	0
169.169	0
169.227	0
169.378	1
169.378	2
169.680	0
169.924	1
169.947	0
170.481	1
170.493	2
170.504	1
170.701	1
170.829	1
170.887	1
170.910	2
170.922	0
170.980	1
171.061	2
171.340	0
171.386	0
171.595	2
171.607	1
171.897	0
172.153	2
172.176	0
172.559	1
172.710	2
173.140	0
173.174	1
173.279	2
173.534	1
173.558	0
173.825	2
173.848	1
174.103	2
174.115	0
174.393	0
174.660	2
174.928	1
174.928	2
175.345	1
175.369	0
175.392	1
175.787	0
176.042	2
176.054	1
176.332	0
176.623	0
177.006	1
177.145	2
177.551	1
177.586	0
177.714	2
178.004	0
178.051	0
178.132	1
178.260	2
178.271	1
178.561	0
178.608	0
178.805	1
178.840	0
178.887	0
179.363	1
179.374	2
179.792	1
179.815	0
179.862	0
179.931	2
179.955	2
180.198	1
180.222	0
180.477	2
180.779	0
180.825	0
181.069	0
181.185	1
181.592	2
181.603	1
181.731	1
181.870	2
181.882	1
182.033	0
182.428	2
182.439	1
182.706	1
182.706	2
182.973	2
182.985	1
183.136	0
183.472	1
183.531	1
183.751	0
183.809	1
183.809	2
183.844	0
183.937	0
184.088	2
184.204	1
184.250	0
184.297	0
184.645	1
184.668	0
184.738	1
184.924	2
185.226	0
185.504	0
185.725	1
186.038	2
186.468	0
186.886	0
187.141	2
187.153	1
187.420	0
187.443	0
187.664	1
187.722	0
188.256	2
188.279	1
188.662	1
188.697	0
188.755	1
189.115	0
189.219	1
189.370	2
189.661	0
189.904	1
189.939	0
190.009	1
190.450	1
190.473	2
190.682	1
190.914	0
190.961	0
191.309	1
191.332	0
191.483	1
191.541	1
191.588	1
191.588	2
191.866	1
191.890	0
192.134	2
192.168	1
192.319	1
192.424	1
192.493	1
192.517	1
192.691	2
192.714	1
192.842	0
192.958	1
193.132	0
193.550	0
193.596	0
193.805	2
193.817	1
194.107	0
194.386	0
194.723	1
194.885	1
194.920	2
195.129	1
195.349	0
195.454	1
195.605	1
195.651	1
195.733	1
195.767	0
195.860	1
196.023	2
196.301	1
196.325	0
196.429	0
196.499	1
196.603	0
196.650	0
196.963	1
197.137	1
197.137	2
197.254	1
197.451	1
197.579	0
197.962	1
197.997	0
198.043	0
198.101	1
198.252	2
198.264	1
198.554	0
198.821	0
199.355	2
199.494	1
199.634	2
199.645	1
199.796	0
199.843	0
200.063	1
200.191	1
200.191	2
200.260	1
200.284	1
200.469	2
200.481	1
200.748	2
200.911	0
200.957	0
201.154	1
201.189	0
201.445	1
201.468	0
201.572	1
201.584	2
201.596	1
202.025	0
202.072	1
202.432	0
202.687	2
202.710	1
202.989	0
203.233	1
203.267	0
203.314	0
203.802	2
204.220	1
204.243	0
204.626	1
204.649	0
204.916	2
205.125	1
205.206	0
205.253	0
205.485	0
206.019	1
206.170	1
206.309	0
206.460	0
210.756	1
210.895	0
211.290	1
211.313	0
211.569	2
211.580	1
211.847	1
211.870	0
212.126	1
212.149	0
212.683	2
212.695	1
212.857	1
212.973	1
213.101	1
213.124	0
213.171	0
213.206	1
213.507	1
213.542	0
213.798	1
213.798	2
214.088	0
214.367	0
214.901	2
214.924	1
215.307	1
215.342	0
215.377	1
215.388	0
215.725	1
215.760	0
216.015	2
216.027	1
216.317	0
216.514	1
216.573	1
216.584	0
217.130	2
217.536	1
217.559	0
217.606	0
217.745	1
217.954	1
217.954	2
217.989	1
218.047	2
218.233	2
218.244	1
218.384	0
218.419	1
218.511	1
218.523	0
218.813	0
218.860	0
219.080	1
219.347	1
219.359	0
219.626	1
219.730	0
219.765	1
219.788	0
219.893	0
220.009	0
220.044	1
220.067	0
220.439	2
220.462	1
220.740	1
221.019	1
221.437	1
221.576	1
221.855	1
221.983	1
222.006	0
222.052	0
222.273	1
222.285	0
222.354	0
222.389	0
222.633	2
222.703	1
222.970	1
223.237	1
223.283	0
223.655	1
223.747	2
223.794	1
223.817	1
224.223	0
224.282	0
224.491	1
224.502	0
224.850	2
224.908	1
225.187	1
225.466	1
225.512	0
226.011	1
226.267	2
226.429	1
226.453	0
226.557	0
226.685	0
226.708	1
226.731	0
227.126	1
227.405	1
227.544	1
227.556	0
227.823	1
227.834	0
228.241	1
228.310	1
228.403	1
228.659	0
228.705	1
228.717	0
228.937	0
229.343	2
229.611	1
229.634	0
229.912	0
230.423	1
230.446	2
230.841	1
230.888	0
231.131	1
231.166	0
231.515	2
231.561	2
231.573	1
231.828	1
231.863	0
232.141	0
232.397	2
232.432	1
232.618	1
232.664	2
232.676	1
232.954	2
233.105	0
233.384	0
233.779	1
233.779	2
234.046	1
234.080	0
234.127	0
234.359	0
234.731	1
234.893	2
234.905	1
235.288	1
235.323	0
235.555	1
235.601	0
235.996	1
235.996	2
236.286	2
236.298	1
236.402	1
236.449	0
236.693	1
236.716	0
236.762	0
237.122	1
237.552	0
237.598	0
237.691	0
237.830	0
238.225	2
238.492	1
238.515	0
238.806	0
238.829	1
239.061	2
239.328	1
239.328	2
239.618	2
239.769	0
239.816	0
240.048	0
240.373	2
240.443	2
240.454	1
240.710	1
240.744	0
241.000	1
241.023	0
241.406	1
241.534	1
241.557	2
241.638	1
241.998	0
242.242	1
242.265	0
242.602	2
242.649	1
242.660	2
242.939	1
242.962	0
243.241	0
243.496	2
243.763	1
243.775	2
243.821	1
244.193	1
244.216	0
244.495	0
244.889	2
245.168	2
245.284	1
245.319	0
245.354	1
245.563	1
245.597	0
245.992	2
246.004	1
246.399	1
246.433	0
246.480	0
246.712	0
247.072	1
247.107	2
247.118	1
247.374	1
247.385	2
247.397	0
247.676	0
247.943	2
248.082	1
248.210	2
248.233	1
248.500	2
248.651	0
248.930	0
249.255	2
249.301	0
249.324	2
249.429	1
249.626	0
249.870	1
249.905	0
250.404	1
250.427	1
250.439	2
250.868	0
251.135	1
251.147	0
251.542	2
251.553	1
251.832	1
251.844	0
252.076	1
252.134	0
252.645	1
252.656	2
252.900	1
253.098	0
253.376	0
253.423	0
253.492	2
253.771	1
253.771	2
254.038	1
254.050	2
254.177	1
254.212	0
254.444	1
254.479	0
254.920	1
255.013	1
255.269	1
255.315	0
255.361	0
255.396	1
255.570	1
255.594	0
255.640	0
255.988	1
255.988	2
256.267	1
256.290	0
256.511	1
256.569	0
256.615	0
257.103	2
257.382	2
257.533	0
257.811	0
258.206	2
258.508	0
258.786	0
259.320	2
259.762	0
260.040	0
260.412	1
260.435	2
260.737	0
261.004	0
261.538	2
261.550	1
261.921	1
261.979	0
262.258	0
262.653	1
262.653	2
263.094	0
263.349	1
263.372	0
264.197	0
264.475	0
264.858	1
264.870	2
265.172	0
265.451	0
265.985	2
266.426	0
266.704	0
267.088	1
267.088	2
267.389	0
267.668	0
268.202	2
268.643	0
268.922	0
269.607	0
269.886	0
270.861	0
