0.070	2
1.904	2
2.403	0
2.485	1
2.508	0
2.519	2
2.601	0
2.705	0
2.810	0
3.634	0
3.727	1
3.936	0
4.029	1
4.238	0
4.342	0
4.540	0
4.540	1
4.632	1
4.644	0
4.841	1
4.957	0
5.259	0
5.283	0
5.550	1
5.561	0
5.933	0
6.084	0
6.177	1
6.188	2
6.223	0
6.374	1
6.385	0
6.455	0
6.490	2
6.687	0
6.711	0
6.792	0
6.792	1
6.815	0
7.094	1
7.407	0
7.709	0
8.022	0
8.301	0
8.522	0
8.626	1
8.638	2
8.824	1
8.835	0
8.940	2
8.975	0
9.137	0
9.149	1
9.160	0
9.242	0
9.358	0
9.543	1
9.845	1
9.857	0
9.915	0
10.159	0
10.472	0
10.507	0
10.983	0
11.076	1
11.088	2
11.273	1
11.285	0
11.308	0
11.389	2
11.587	0
11.587	1
11.610	0
11.691	0
11.807	0
11.889	0
11.993	1
12.307	0
12.365	0
12.423	0
12.608	0
12.910	0
12.910	1
13.015	0
13.421	0
13.433	1
13.723	1
13.827	1
14.803	1
14.954	0
15.047	1
15.081	1
15.081	2
15.256	0
15.360	0
15.662	0
15.662	1
15.697	2
15.975	0
15.999	2
16.312	2
16.881	1
16.916	2
17.101	0
17.206	1
17.403	0
17.496	1
17.531	2
17.694	1
17.705	0
17.810	0
17.845	1
18.112	0
18.123	1
18.146	2
18.425	0
18.448	2
18.715	0
18.727	1
18.762	2
19.331	1
19.365	2
19.540	1
19.551	0
19.667	1
19.853	0
19.946	1
19.981	2
20.155	0
20.259	0
20.561	0
20.573	1
20.596	2
20.875	0
20.886	1
20.898	2
21.177	1
21.211	2
21.780	1
21.815	2
22.001	0
22.094	0
22.303	0
22.396	1
22.430	2
22.605	0
22.709	0
23.011	0
23.023	1
23.057	2
23.324	0
23.545	1
23.615	0
23.626	1
23.661	1
23.661	2
23.951	1
24.230	1
24.265	2
24.439	0
24.752	0
24.857	1
24.880	2
25.054	0
25.159	0
25.461	1
25.496	2
25.774	0
26.064	0
26.076	1
26.099	2
26.680	1
26.715	2
26.889	0
26.889	1
27.202	0
27.295	1
27.330	2
27.504	0
27.609	0
27.910	0
27.910	1
27.957	2
28.224	0
28.514	0
28.549	2
29.129	1
29.164	2
29.338	0
29.466	1
29.652	0
29.745	1
29.780	2
29.954	0
30.058	0
30.348	0
30.395	2
30.674	0
30.685	2
30.697	1
30.964	0
30.975	1
30.999	2
31.579	1
31.614	2
31.637	1
31.788	0
32.090	1
32.102	0
32.194	1
32.229	2
32.392	1
32.403	0
32.508	0
32.798	1
32.845	2
33.112	0
33.414	0
33.414	1
33.448	2
33.727	0
33.727	2
33.924	1
34.029	1
34.342	0
34.656	1
34.946	0
35.248	1
35.561	0
35.863	1
36.072	0
36.386	0
36.479	1
36.792	0
37.082	1
37.094	0
37.407	0
37.709	1
37.732	1
37.907	0
38.011	0
38.313	1
38.522	0
38.835	0
38.928	1
39.242	0
39.544	0
39.845	0
40.159	1
40.356	0
40.461	0
40.658	0
40.774	1
40.960	1
40.972	0
41.285	0
41.378	1
41.691	0
41.993	1
42.307	0
42.609	1
42.806	0
42.899	0
43.119	0
43.212	1
44.118	1
44.141	0
44.431	0
44.443	1
44.756	0
45.047	1
45.256	0
45.360	0
45.558	0
45.859	1
45.871	0
46.173	0
46.289	1
46.579	1
46.591	0
46.881	0
46.904	1
47.206	0
47.496	1
47.810	0
48.007	0
48.112	1
48.321	0
48.634	0
48.727	1
49.041	0
49.331	0
49.342	1
49.644	0
49.958	1
50.143	0
50.260	0
50.457	0
50.561	1
50.770	0
50.863	1
51.084	0
51.177	1
51.200	1
51.479	0
51.780	0
51.792	1
52.082	1
52.094	0
52.291	1
52.407	1
52.593	0
52.709	0
52.907	0
53.023	1
53.162	1
53.220	0
53.522	0
53.534	1
53.940	0
54.230	0
54.532	1
54.544	0
54.857	1
55.055	0
55.159	0
55.356	0
55.472	1
55.647	1
55.670	0
55.972	0
56.076	1
56.378	0
56.680	0
56.692	1
56.993	0
57.295	1
57.504	0
57.597	1
57.609	0
57.911	1
58.120	0
58.421	0
58.526	1
58.828	0
59.443	0
59.536	1
59.745	1
59.942	0
60.058	0
60.256	0
60.360	1
60.383	1
60.558	1
60.569	0
60.871	0
60.964	1
61.277	0
61.579	0
61.579	1
61.893	0
62.392	0
62.508	0
62.705	0
62.822	1
63.019	0
63.135	1
63.321	0
63.727	0
64.029	0
64.041	1
64.052	0
64.342	0
64.401	0
64.853	0
64.946	1
64.958	0
65.155	0
65.283	2
65.469	0
65.573	0
65.631	0
65.863	0
65.875	1
66.038	0
66.177	0
66.490	0
66.537	0
66.792	0
66.839	0
67.094	2
67.303	0
67.408	1
67.454	0
67.617	0
67.698	0
67.733	2
67.918	0
68.023	0
68.046	1
68.139	0
68.313	1
68.627	0
68.627	2
68.766	0
68.940	0
69.242	0
69.358	0
69.544	0
69.753	0
69.857	0
69.857	1
69.869	2
70.066	0
70.147	0
70.182	2
70.368	0
70.473	0
70.600	0
70.763	0
70.763	1
71.076	0
71.390	0
71.413	0
71.692	0
71.808	0
72.040	0
72.202	0
72.307	0
72.365	0
72.504	0
72.597	0
72.818	0
72.922	1
73.213	1
73.561	1
73.735	0
73.828	1
73.851	1
73.863	2
74.037	0
74.141	0
74.432	0
74.478	2
74.757	0
74.768	2
74.954	1
75.047	0
75.047	1
75.070	1
75.082	2
75.593	2
75.662	1
75.697	2
75.860	1
75.871	0
75.987	2
76.185	0
76.278	1
76.312	2
76.487	0
76.591	0
76.881	0
76.904	1
76.928	2
77.195	0
77.497	0
77.497	1
77.531	2
78.042	2
78.112	1
78.147	2
78.321	0
78.425	1
78.623	0
78.727	1
78.762	2
78.936	0
79.041	0
79.366	2
79.377	1
79.633	1
79.644	0
79.702	1
79.946	0
79.946	1
79.981	2
80.492	2
80.562	1
80.596	2
80.771	0
80.863	0
81.072	0
81.177	1
81.212	2
81.386	0
81.490	0
81.792	1
81.816	2
82.048	2
82.094	0
82.315	1
82.396	1
82.419	1
82.431	2
82.942	2
83.011	1
83.035	1
83.046	2
83.220	0
83.336	1
83.522	0
83.661	2
83.836	0
83.940	0
84.242	1
84.265	2
84.544	0
84.846	0
84.846	1
84.881	2
85.287	2
85.391	2
85.461	1
85.496	2
85.670	0
85.960	1
85.972	0
86.076	1
86.111	2
86.285	0
86.390	0
86.587	1
86.680	0
86.692	1
86.715	2
86.994	0
87.017	2
87.052	1
87.295	0
87.307	1
87.330	2
87.737	2
87.911	1
87.946	2
88.120	0
88.236	1
88.410	1
88.422	0
88.526	1
88.549	1
88.549	2
88.723	1
88.735	0
88.828	0
89.165	1
89.165	2
89.443	0
89.513	1
89.745	0
89.757	1
89.780	2
90.070	1
90.349	1
90.395	2
90.569	0
90.674	1
90.871	0
90.964	1
90.999	2
91.185	0
91.278	0
91.580	0
91.580	1
91.614	2
91.893	0
92.206	1
92.230	2
92.508	0
92.508	2
92.706	1
93.112	0
93.727	0
94.052	1
94.343	0
94.378	1
94.668	1
94.854	0
95.155	0
95.248	1
95.562	0
95.864	0
95.864	1
96.177	0
96.479	1
96.688	0
96.792	0
96.816	1
96.990	0
97.106	1
97.303	0
97.593	1
97.605	0
97.710	1
98.011	0
98.313	0
98.313	1
98.627	0
98.929	1
99.126	0
99.242	0
99.428	0
99.556	1
99.753	0
100.055	0
100.148	1
100.461	0
101.076	0
101.378	1
101.587	0
101.715	0
101.889	0
101.901	1
101.982	1
102.899	1
102.911	0
103.213	0
103.213	1
103.526	0
103.549	1
103.828	1
104.025	0
104.141	0
104.339	0
104.652	0
104.954	0
105.361	0
105.662	0
105.674	1
105.976	0
106.266	1
106.289	1
106.591	0
106.789	0
106.881	1
107.102	0
107.404	0
107.497	1
107.532	1
107.787	1
107.810	0
108.100	0
108.112	1
108.402	1
108.426	0
108.727	1
108.925	0
109.041	0
109.227	0
109.343	1
109.540	1
109.552	0
109.633	1
109.854	0
109.946	1
110.260	0
110.562	0
110.875	0
111.177	1
111.224	1
111.375	0
111.479	0
111.676	0
111.792	1
112.001	0
112.129	1
112.292	1
112.303	0
112.396	1
112.710	0
113.000	1
113.012	0
113.325	0
113.337	1
113.627	1
113.824	0
113.917	1
113.940	0
114.126	0
114.428	1
114.440	0
114.753	0
114.858	1
115.148	1
115.159	0
115.450	0
115.461	1
115.484	1
115.775	0
116.077	1
116.100	1
116.274	0
116.367	1
116.378	0
116.576	0
116.576	1
116.889	0
117.203	0
117.296	1
117.609	0
117.864	1
117.899	0
118.213	1
118.224	0
118.515	1
118.538	1
118.724	0
118.828	0
119.025	0
119.165	1
119.339	0
119.339	1
119.652	0
119.745	1
120.059	0
120.349	0
120.651	1
120.662	0
120.976	1
121.173	0
121.278	0
121.475	0
121.789	0
122.091	1
122.102	0
122.508	0
122.625	2
122.799	1
122.810	0
122.950	0
123.124	0
123.240	0
123.623	1
123.635	0
123.728	1
123.739	0
123.739	2
123.937	0
124.006	0
124.041	2
124.076	0
124.227	1
124.250	0
124.343	0
124.413	0
124.482	0
124.645	1
124.958	0
125.248	1
125.272	0
125.574	0
126.061	1
126.073	0
126.177	1
126.189	2
126.200	0
126.386	0
126.456	0
126.491	2
126.688	0
126.793	0
126.932	0
127.094	1
127.408	0
127.698	1
127.710	0
128.000	1
128.023	0
128.511	1
128.522	0
128.627	1
128.639	0
128.639	2
128.836	0
128.940	2
129.138	0
129.138	1
129.161	0
129.242	0
129.382	0
129.544	1
129.858	0
129.916	0
129.997	0
130.159	0
130.276	0
130.461	0
130.961	1
130.972	0
131.042	0
131.274	0
131.286	1
131.379	1
132.365	1
132.505	0
132.598	1
132.632	1
132.632	2
132.795	1
132.807	0
132.911	0
133.213	0
133.213	1
133.248	2
133.526	0
133.550	2
133.817	0
133.828	1
133.863	2
134.165	2
134.444	1
134.467	2
134.653	0
134.757	1
134.954	0
135.059	1
135.082	2
135.256	0
135.361	0
135.384	1
135.651	1
135.663	0
135.697	2
135.976	0
136.266	0
136.278	1
136.313	2
136.615	2
136.882	1
136.916	2
137.091	1
137.102	0
137.207	1
137.404	0
137.497	1
137.532	2
137.706	0
137.810	0
138.101	1
138.112	0
138.147	2
138.426	0
138.426	1
138.728	0
138.728	1
138.762	2
139.331	1
139.366	2
139.552	0
139.645	0
139.854	0
139.947	1
139.981	2
140.156	0
140.260	0
140.562	1
140.597	2
140.852	1
140.875	0
141.073	1
141.166	1
141.177	0
141.189	1
141.212	2
141.502	1
141.514	2
141.781	1
141.816	2
142.002	0
142.153	1
142.292	1
142.303	0
142.431	1
142.431	2
142.594	1
142.605	0
142.710	0
142.756	1
143.047	2
143.325	0
143.348	1
143.615	0
143.639	1
143.662	1
143.662	2
144.231	1
144.266	2
144.440	0
144.753	0
144.846	1
144.881	2
145.043	1
145.055	0
145.160	0
145.450	0
145.473	1
145.496	2
145.775	0
146.065	0
146.077	1
146.100	2
146.680	1
146.715	2
146.889	0
147.203	0
147.296	1
147.319	1
147.331	2
147.505	0
147.609	0
147.900	0
147.911	1
147.946	2
148.213	0
148.515	0
148.538	1
148.550	2
149.142	1
149.165	2
149.351	0
149.653	0
149.757	1
149.780	2
149.954	0
150.059	0
150.361	1
150.396	2
150.674	0
150.965	0
150.976	1
150.999	2
151.278	0
151.278	2
151.487	1
151.580	1
151.893	0
152.195	0
152.207	1
152.509	0
152.811	0
152.811	1
153.101	1
153.124	0
153.414	0
153.437	1
153.623	0
153.937	0
154.030	0
154.030	1
154.343	0
154.645	0
154.958	0
155.249	1
155.458	0
155.562	0
155.864	1
156.073	0
156.386	0
156.479	1
156.793	0
157.083	0
157.095	1
157.408	0
157.698	1
157.907	0
158.012	0
158.209	0
158.302	1
158.337	1
158.488	1
158.523	0
158.836	0
158.929	1
159.242	0
159.544	1
159.846	0
160.148	1
160.345	1
160.357	0
160.659	0
160.763	1
160.787	1
161.681	1
161.692	0
161.982	0
162.006	1
162.307	0
162.342	1
162.609	1
162.807	0
162.911	0
163.097	1
163.109	0
163.422	0
163.736	0
163.828	1
164.142	0
164.432	0
164.432	1
164.467	1
164.734	1
164.746	0
165.059	1
165.256	0
165.361	0
165.558	1
165.663	1
165.860	1
165.872	0
166.185	0
166.290	1
166.592	0
166.882	0
166.893	1
167.056	1
167.207	0
167.509	1
167.706	0
167.811	0
168.008	0
168.101	1
168.321	0
168.600	1
168.623	0
169.030	0
169.332	0
169.343	1
169.645	0
169.947	1
170.144	0
170.225	1
170.260	0
170.458	0
170.574	1
170.771	0
171.061	1
171.073	0
171.479	0
171.781	0
171.793	1
172.095	0
172.106	1
172.397	1
172.606	0
172.710	0
172.907	0
173.221	0
173.523	0
173.639	1
173.917	1
173.941	0
174.231	0
174.231	1
174.533	1
174.544	0
174.846	1
175.055	0
175.148	1
175.160	0
175.357	0
175.462	1
175.671	0
175.763	0
175.972	0
176.065	1
176.379	0
176.379	1
176.681	0
176.797	1
176.890	1
176.982	1
176.994	0
177.308	1
177.493	0
177.609	0
177.900	1
178.120	0
178.120	1
178.422	0
178.515	1
178.828	0
179.142	1
179.421	1
179.444	0
179.746	1
179.943	0
180.059	0
180.361	1
180.384	1
180.570	0
180.860	1
180.872	0
181.278	0
181.592	0
181.882	1
181.894	0
182.404	0
182.509	0
182.706	0
183.020	0
183.043	0
183.124	0
183.124	2
183.426	1
183.728	0
183.786	0
184.041	0
184.134	0
184.157	0
184.343	0
184.657	2
184.854	0
184.959	1
184.993	0
185.168	0
185.226	0
185.249	1
185.469	0
185.574	0
185.794	0
185.876	1
186.178	0
186.178	2
186.189	1
186.491	0
186.793	0
186.863	0
187.095	0
187.304	0
187.397	0
187.420	2
187.536	0
187.606	0
187.722	2
187.919	0
188.012	0
188.163	0
188.314	0
188.325	1
188.453	0
188.616	1
188.627	0
188.929	0
188.964	0
189.243	0
189.301	0
189.370	0
189.603	0
189.742	1
189.753	0
189.858	1
189.870	2
189.881	0
190.055	0
190.369	0
190.473	0
190.764	1
190.775	0
191.065	1
191.077	0
191.379	1
191.692	0
191.692	2
192.017	1
192.296	0
192.610	1
192.621	2
192.807	0
192.923	2
193.109	1
193.120	0
193.236	1
193.527	0
193.817	0
193.840	1
194.142	0
194.444	1
194.456	2
194.746	0
195.048	0
195.048	1
195.257	0
195.361	2
195.570	0
195.976	0
195.976	2
196.278	0
196.278	1
196.580	0
196.592	2
196.882	0
196.894	1
197.195	0
197.195	1
197.219	2
197.497	0
197.497	1
197.521	2
197.706	0
197.799	1
197.811	2
198.020	0
198.113	0
198.426	0
198.449	1
198.728	0
198.740	1
198.740	2
199.030	0
199.332	0
199.332	1
199.645	0
199.784	0
199.959	0
200.052	1
200.063	0
200.156	1
200.260	0
200.353	1
200.400	0
200.458	1
200.562	1
200.574	0
200.574	2
200.667	0
200.876	0
200.876	1
200.992	0
