0.058	0
0.279	1
0.279	2
0.755	2
0.766	1
0.778	0
0.824	0
1.231	2
1.242	1
1.463	2
1.474	0
1.521	0
1.916	0
2.159	2
2.171	0
3.587	1
3.587	2
3.704	1
3.808	1
4.180	1
4.307	1
4.540	2
4.563	0
5.016	1
5.248	0
5.248	2
5.712	0
5.944	2
5.956	0
6.896	2
7.105	2
7.372	1
7.442	2
7.837	1
7.941	1
8.313	1
8.324	0
8.766	1
8.998	0
9.009	2
9.044	0
9.079	1
9.520	0
9.578	0
9.741	0
11.146	2
11.157	1
11.401	1
11.645	0
11.680	0
11.889	0
11.935	0
11.947	1
12.109	0
12.156	1
12.574	1
12.806	0
12.806	2
12.829	1
12.829	2
13.305	0
13.491	1
13.526	2
13.537	0
14.710	1
14.733	1
14.954	1
15.662	1
15.906	0
16.370	0
16.382	1
16.614	2
16.846	0
16.858	2
17.113	0
17.299	1
17.334	2
17.763	0
17.786	2
18.030	2
18.251	1
18.286	2
18.483	2
18.727	0
18.727	2
18.797	0
18.971	2
19.191	1
19.226	2
19.656	2
19.667	0
20.143	1
20.376	2
20.410	1
20.608	0
20.619	2
20.852	2
21.072	1
21.304	2
21.537	2
21.548	0
21.792	2
22.013	1
22.059	2
22.245	2
22.489	0
22.489	2
22.732	0
22.744	2
22.965	1
22.988	2
23.011	1
23.185	0
23.208	2
23.429	0
23.917	1
23.951	2
24.149	2
24.172	0
24.404	0
24.404	2
24.648	2
24.869	1
24.903	2
25.112	2
25.345	0
25.356	2
25.577	2
25.797	1
26.030	2
26.285	0
26.285	2
26.517	2
26.749	1
26.784	2
26.982	2
27.225	0
27.225	2
27.469	2
27.690	1
27.736	2
27.922	2
27.968	1
28.154	0
28.177	2
28.398	2
28.630	1
29.106	0
29.118	2
29.350	2
29.582	1
29.605	0
29.803	2
30.047	0
30.047	2
30.093	0
30.302	1
30.523	1
30.755	0
30.987	1
31.010	0
31.486	1
31.498	2
31.533	1
31.684	2
31.951	0
31.951	2
32.183	2
32.415	1
32.427	0
32.636	2
32.891	0
32.891	2
33.123	2
33.367	1
33.390	2
33.599	2
33.843	0
33.843	2
34.075	2
34.307	1
34.540	2
34.772	1
34.783	0
34.795	2
35.039	2
35.260	1
35.492	2
35.736	0
35.736	2
35.921	2
35.979	0
36.200	1
36.664	0
36.664	2
36.908	2
37.129	1
37.152	0
37.605	0
37.628	2
38.081	1
38.325	2
38.336	0
38.568	2
38.580	0
38.812	2
39.033	1
39.253	1
39.265	2
39.439	2
39.509	0
39.520	2
39.985	1
40.020	2
40.217	2
40.461	0
40.472	2
40.705	2
40.925	1
40.948	2
40.972	2
41.157	2
41.401	0
41.413	2
41.622	1
41.866	1
41.900	2
42.330	0
42.342	2
42.376	0
42.794	1
43.259	1
43.282	0
43.294	2
43.526	2
43.712	2
43.758	1
43.781	2
43.990	2
44.199	1
44.222	0
44.246	2
44.466	2
44.698	1
44.733	2
45.163	0
45.163	2
45.186	2
45.418	2
45.639	1
45.674	2
45.871	2
45.894	0
46.126	0
46.591	1
46.614	2
46.753	2
46.823	2
47.067	0
47.067	2
47.485	2
47.543	1
48.007	0
48.030	2
48.251	2
48.483	1
48.506	2
48.704	2
48.959	0
48.971	2
49.203	2
49.435	1
49.459	2
49.900	0
49.911	2
50.132	2
50.364	1
50.840	0
50.852	2
51.304	1
51.537	2
51.780	0
51.792	2
52.024	2
52.245	1
52.280	2
52.489	2
52.721	0
52.733	2
52.976	2
52.988	0
53.197	1
53.220	1
53.441	0
53.661	1
53.685	0
53.685	2
53.940	2
54.149	1
54.184	2
54.370	2
54.602	1
54.625	0
54.625	2
54.753	2
55.089	1
55.124	2
55.333	2
55.554	1
55.565	0
55.589	2
55.821	2
56.041	1
56.076	2
56.517	2
56.529	0
56.761	2
56.982	1
57.005	2
57.435	1
57.446	0
57.458	2
57.690	2
57.922	1
58.154	2
58.398	0
58.398	2
58.630	2
58.851	1
59.095	2
59.118	0
59.339	0
59.339	2
59.582	2
59.594	0
59.815	1
59.849	2
60.035	2
60.291	2
60.302	0
60.743	2
60.755	1
60.999	0
61.243	0
61.707	1
61.719	2
61.928	2
62.183	0
62.183	2
62.218	0
62.427	2
62.647	1
62.880	2
62.914	0
63.135	0
63.135	2
63.367	2
63.599	1
63.820	2
64.064	0
64.064	2
64.284	2
64.528	1
65.004	0
65.016	2
65.236	2
65.480	0
65.480	1
65.527	2
65.956	0
65.956	2
66.432	1
66.897	0
66.920	2
67.140	2
67.361	1
67.593	2
67.617	0
67.837	2
67.860	0
68.093	2
68.104	0
68.325	1
68.545	2
68.569	0
68.778	2
68.801	0
68.882	1
69.010	2
69.265	1
69.497	2
69.741	2
69.764	0
70.206	1
70.229	2
70.670	0
70.670	2
70.914	2
71.134	1
71.181	2
71.622	0
71.622	2
71.645	1
71.866	2
71.877	0
72.086	1
72.110	2
72.272	0
72.307	2
72.342	0
72.446	1
72.551	2
72.806	2
72.818	0
73.050	1
73.050	2
73.259	2
73.271	0
73.503	2
73.747	0
73.979	1
73.990	0
74.002	2
74.199	2
74.234	0
74.443	2
74.664	2
74.699	0
74.919	1
74.931	2
75.140	2
75.163	0
75.395	2
75.639	2
75.651	0
75.883	1
75.883	2
76.103	1
76.127	0
76.220	1
76.347	0
76.405	1
76.835	1
77.055	2
77.288	0
77.288	2
77.531	0
77.531	2
77.764	1
77.810	2
77.984	2
78.019	0
78.216	1
78.228	0
78.240	2
78.472	2
78.704	1
78.936	2
79.180	1
79.424	1
79.447	1
79.540	1
79.772	1
79.795	1
79.888	1
79.993	1
80.120	0
80.144	1
80.341	2
80.608	1
80.829	1
80.829	2
81.072	0
81.072	2
81.328	0
81.328	2
81.525	2
81.560	1
82.024	0
82.268	2
82.489	1
82.953	2
82.977	0
83.197	1
83.209	0
83.209	2
83.441	1
83.673	2
83.905	0
83.917	2
84.370	1
84.602	1
84.602	2
84.846	0
84.881	1
85.090	2
85.101	0
85.322	1
85.484	1
85.798	0
86.262	1
86.285	0
86.494	2
86.750	0
86.970	1
86.994	0
86.994	2
87.214	1
87.226	0
87.446	0
87.679	1
87.690	2
87.702	0
87.899	1
88.155	1
88.631	0
88.631	2
88.851	1
88.886	0
88.944	0
89.095	1
89.571	0
89.583	2
89.606	2
89.675	1
90.035	1
90.535	0
90.755	2
90.778	0
90.987	1
91.475	0
91.719	2
91.939	1
92.415	2
92.427	0
92.648	2
92.671	0
92.880	1
93.124	0
93.344	1
93.356	2
93.367	0
93.588	1
93.611	0
93.611	2
93.832	1
93.843	2
94.064	0
94.064	2
94.296	2
94.319	0
94.412	1
94.505	2
94.552	1
94.749	2
94.761	1
94.819	1
95.121	1
95.213	2
95.248	0
95.480	2
95.713	1
95.945	2
96.189	2
96.200	0
96.432	2
96.467	0
96.665	1
97.141	0
97.141	2
97.384	2
97.605	1
97.837	2
97.849	1
98.081	0
98.081	2
98.313	2
98.325	0
98.545	1
99.010	1
99.021	0
99.451	2
99.498	1
99.741	1
99.962	0
99.962	2
99.985	2
100.206	2
100.217	0
100.287	0
100.426	0
100.426	1
100.670	2
100.879	1
100.914	0
101.146	2
101.378	1
101.611	2
101.854	2
101.878	0
102.110	0
102.110	2
102.261	2
102.330	1
102.563	1
102.563	2
102.586	0
102.632	0
102.772	2
102.818	0
103.039	2
103.282	1
103.375	2
103.503	2
103.758	0
103.758	2
104.002	0
104.002	2
104.223	1
104.710	0
104.954	0
105.163	1
105.593	1
105.639	2
105.651	0
105.883	2
105.906	0
105.964	0
106.115	1
106.301	1
106.580	0
107.056	1
107.079	1
107.288	2
107.520	1
107.996	1
108.251	0
108.449	1
108.495	0
108.820	1
108.925	2
109.679	0
109.888	1
109.888	2
110.353	0
110.608	2
110.840	1
111.073	2
111.305	2
111.316	0
111.549	0
111.792	1
112.048	0
112.245	0
112.292	0
112.721	1
112.953	2
113.197	0
113.197	2
113.441	0
113.441	2
113.673	1
113.708	2
113.917	0
114.149	0
114.381	2
114.602	1
114.846	2
115.090	2
115.101	0
115.322	1
115.334	2
115.345	0
115.554	1
116.030	0
116.274	2
116.297	0
116.506	1
116.971	2
116.994	0
117.435	2
117.447	1
117.470	1
117.656	0
117.702	1
117.772	1
117.899	2
117.911	0
118.340	2
118.375	1
118.399	2
118.608	2
118.875	2
118.886	0
119.118	2
119.293	2
119.339	0
119.339	1
119.374	2
119.827	0
119.827	2
120.059	2
120.291	1
120.512	2
120.767	2
120.779	0
120.999	2
121.231	1
121.475	2
121.719	0
121.719	2
121.951	2
122.172	1
122.207	2
122.659	0
122.671	2
122.892	2
123.112	1
123.356	2
123.588	1
123.600	0
123.611	2
123.844	2
124.064	1
124.087	0
124.296	2
124.540	0
124.540	2
124.598	0
124.784	2
124.993	1
125.016	2
125.028	1
125.098	1
125.237	2
125.272	0
125.492	2
125.504	0
125.736	2
125.957	1
125.980	2
126.177	2
126.224	1
126.433	0
126.467	2
126.897	1
126.920	2
127.141	2
127.385	0
127.396	2
127.617	2
127.837	1
127.849	0
128.070	2
128.325	0
128.325	2
128.569	2
128.789	1
128.836	2
129.033	2
129.277	0
129.289	2
129.509	2
129.741	1
129.962	2
130.194	0
130.218	2
130.450	2
130.670	1
130.694	2
130.902	2
131.146	0
131.170	2
131.402	2
131.622	1
131.866	2
131.878	0
132.098	1
132.110	2
132.331	2
132.435	2
132.551	2
132.563	1
133.039	0
133.271	2
133.526	1
133.550	1
133.747	2
133.782	0
133.991	0
133.991	2
134.223	2
134.455	1
134.490	2
134.687	0
134.699	2
134.920	0
134.943	2
134.966	0
135.175	2
135.396	1
135.639	2
135.872	0
135.883	2
136.127	2
136.348	1
136.359	0
136.580	2
136.591	0
136.835	0
136.835	2
137.067	2
137.288	1
137.323	0
137.323	2
137.520	2
137.776	0
137.776	2
137.996	2
138.240	1
138.263	2
138.461	2
138.704	0
138.716	2
138.774	0
138.948	2
139.180	1
139.204	2
139.656	0
139.656	2
139.900	0
139.900	2
140.132	1
140.365	2
140.376	0
140.597	2
140.608	0
140.841	2
141.084	1
141.305	2
141.537	0
141.560	2
142.013	1
142.234	2
142.466	0
142.489	2
142.721	2
142.954	1
142.977	1
143.418	2
143.441	0
143.650	1
143.662	0
143.662	2
143.906	1
143.906	2
144.103	2
144.149	0
144.173	1
144.370	0
144.382	2
144.625	2
144.637	0
144.695	0
144.823	0
144.846	0
144.858	1
144.869	2
145.067	2
145.078	1
145.090	0
145.310	0
145.566	2
145.578	0
145.775	0
145.798	0
145.798	1
145.810	2
145.833	1
146.030	2
146.042	0
146.262	2
146.506	0
146.506	2
146.727	1
146.750	2
146.947	2
146.971	0
147.191	0
147.203	2
147.458	2
147.470	0
147.691	0
147.691	2
147.714	1
147.946	1
148.143	0
148.387	2
148.573	2
148.619	1
148.852	2
149.095	2
149.107	0
149.328	2
149.339	0
149.571	1
149.804	2
150.047	0
150.047	2
150.419	1
150.500	1
150.512	2
150.744	1
150.988	1
150.999	0
151.127	1
151.220	1
151.441	2
151.464	1
151.475	0
151.603	1
151.673	0
151.719	1
151.824	1
151.928	0
151.928	2
151.963	1
152.427	0
152.427	1
152.880	0
152.903	2
153.124	0
153.136	2
153.368	1
153.391	2
153.600	2
153.612	0
153.832	0
153.855	2
154.076	2
154.308	1
154.540	2
154.564	1
154.715	2
154.784	0
155.005	1
155.005	2
155.016	0
155.272	1
155.481	2
155.725	0
155.968	2
156.189	1
156.665	2
156.677	0
156.909	0
156.909	2
156.979	0
157.141	1
157.373	2
157.617	0
157.838	2
158.070	1
158.290	2
158.569	0
158.569	2
158.790	0
158.790	2
158.859	0
159.010	1
159.057	0
159.254	2
159.266	0
159.509	0
159.695	1
159.730	2
159.962	1
159.997	2
160.194	2
160.450	0
160.450	2
160.473	0
160.682	2
160.694	0
160.763	0
160.914	1
161.170	0
161.390	0
161.414	2
161.634	2
161.855	1
162.087	2
162.331	0
162.354	2
162.400	0
162.575	0
162.575	2
162.795	1
163.027	2
163.213	2
163.248	1
163.271	2
163.283	0
163.341	0
163.503	2
163.736	1
163.933	1
163.979	2
164.223	2
164.235	0
164.316	1
164.455	2
164.467	0
164.688	1
164.931	2
165.175	0
165.175	2
165.233	0
165.407	2
165.640	1
165.674	0
165.860	2
165.895	0
166.069	2
166.116	1
166.116	2
166.348	1
166.371	1
166.568	2
166.626	1
166.731	1
167.056	0
167.172	1
167.288	2
167.532	1
167.753	2
167.996	2
168.008	0
168.240	2
168.252	0
168.472	1
168.496	2
168.705	2
168.728	0
168.937	0
168.960	2
169.413	1
169.645	2
169.889	2
169.912	0
170.144	0
170.144	2
170.365	1
170.458	1
170.609	0
170.852	0
170.852	2
170.910	0
171.085	2
171.305	1
171.770	2
171.793	0
172.013	2
172.025	0
172.246	1
172.478	2
172.710	0
172.710	1
172.954	2
173.186	1
173.418	2
173.662	2
173.685	0
173.906	2
173.917	0
174.045	2
174.161	1
174.382	0
174.637	0
174.858	2
175.090	1
175.113	2
175.311	2
175.554	2
175.589	0
175.624	0
175.798	2
175.833	0
176.042	1
176.065	2
176.274	2
176.506	0
176.518	2
176.576	0
176.715	1
176.739	2
176.762	1
176.982	1
177.191	1
177.203	2
177.447	2
177.459	0
177.691	2
177.702	0
177.772	0
177.900	2
177.911	1
177.946	1
178.167	2
178.643	2
178.863	1
179.096	2
179.339	2
179.351	0
179.583	2
179.815	1
180.048	1
180.152	1
180.257	1
180.268	2
180.280	0
180.698	2
181.487	0
181.685	1
181.685	2
181.731	1
181.917	1
181.940	0
182.161	0
182.161	2
182.404	2
182.648	0
182.648	1
182.857	2
182.880	0
183.055	0
183.124	2
183.356	0
183.368	2
183.589	1
183.716	1
183.809	2
184.053	0
184.297	2
184.494	2
184.517	1
184.610	1
184.750	2
184.993	0
185.226	1
185.458	1
185.690	1
185.911	2
185.922	0
186.178	2
186.387	0
186.398	1
186.398	2
186.456	0
186.630	0
186.630	2
186.723	1
186.874	2
187.118	0
187.130	2
187.188	0
187.327	0
187.362	1
187.571	1
187.594	2
187.606	0
187.815	1
188.058	1
188.186	1
188.291	1
188.558	2
188.732	2
188.767	1
189.127	1
189.231	2
189.463	1
189.719	1
189.730	0
189.777	0
189.951	2
190.206	1
190.438	2
190.682	2
190.694	0
190.926	0
190.926	2
190.996	0
191.158	1
191.390	2
191.634	0
191.634	2
191.692	0
191.866	2
192.099	1
192.319	2
192.366	0
192.563	2
192.575	0
192.807	2
192.819	0
193.027	1
193.202	1
193.271	2
193.492	0
193.747	2
193.968	1
194.200	2
194.456	2
194.467	0
194.699	0
194.920	1
195.152	2
195.396	0
195.442	1
195.640	2
195.860	1
196.104	2
196.336	2
196.371	0
196.580	2
196.603	0
196.812	1
197.079	1
197.161	1
197.265	2
197.288	0
197.509	2
197.753	1
197.973	2
198.240	0
198.473	0
198.473	2
198.705	1
198.716	0
198.949	2
199.169	0
199.239	0
199.425	2
199.645	1
199.877	2
200.121	2
200.133	0
200.377	0
200.574	2
200.609	1
200.841	2
201.073	0
201.549	1
201.770	2
202.025	0
202.246	0
202.257	2
202.478	1
202.478	2
202.722	2
202.896	1
202.966	0
203.198	2
203.418	1
203.651	2
203.871	2
203.906	1
204.115	0
204.127	1
204.254	1
204.336	2
204.370	0
204.603	1
204.661	1
204.835	1
204.846	2
204.858	0
205.113	2
205.357	2
205.578	0
205.589	2
205.798	2
206.031	2
206.251	1
206.286	2
206.495	2
206.739	0
206.739	2
206.971	2
207.203	2
207.435	0
207.447	2
207.679	2
207.923	2
208.167	1
208.399	2
208.643	0
208.643	2
208.875	2
209.061	0
209.107	2
209.351	2
209.363	0
209.583	2
209.653	2
209.804	2
210.036	1
210.059	2
210.257	2
210.524	2
210.535	0
210.756	2
210.965	0
211.000	2
211.232	0
211.232	2
211.453	0
211.464	2
211.696	0
211.708	2
211.917	2
211.929	1
212.149	1
212.161	0
212.381	2
212.405	1
212.416	0
212.486	1
212.567	1
212.648	2
212.869	0
212.881	1
213.113	2
213.357	0
213.357	2
213.589	2
213.600	0
213.821	1
214.065	2
214.285	0
214.297	2
214.761	1
214.785	1
215.237	2
215.249	0
215.470	0
215.481	2
215.702	1
215.946	2
216.178	0
216.247	0
216.422	0
216.422	2
216.654	1
216.689	1
216.886	2
217.118	0
217.165	2
217.362	0
217.362	2
217.594	1
217.641	1
217.850	0
218.070	0
218.546	1
219.011	0
219.057	2
219.278	1
219.452	1
219.696	2
219.719	0
219.939	2
219.951	0
220.404	2
220.624	2
221.158	0
221.367	2
221.379	1
221.634	0
221.693	1
221.867	0
221.878	2
222.331	2
222.795	1
222.795	2
223.028	1
223.028	2
223.144	1
223.260	1
223.399	1
223.585	1
223.736	0
224.212	1
224.444	2
224.467	0
224.688	0
224.688	2
224.920	2
224.932	0
225.164	1
225.176	0
225.396	2
225.628	0
225.884	2
226.104	1
226.348	2
226.580	1
226.580	2
226.604	0
226.662	0
226.813	0
227.045	1
227.068	1
227.521	2
227.532	0
227.765	2
227.985	1
228.229	1
228.473	0
228.473	2
228.542	0
228.705	0
228.937	1
229.181	2
229.285	1
229.402	0
229.413	2
229.645	1
229.645	2
229.866	1
230.354	2
230.377	0
230.586	0
230.597	2
230.795	2
230.830	1
231.073	2
231.306	0
231.306	2
231.549	2
231.770	1
232.002	2
232.234	2
232.269	0
232.478	0
232.478	2
232.583	1
232.710	1
232.734	1
232.931	0
232.954	2
233.082	1
233.175	1
233.198	0
233.256	0
233.430	2
233.465	1
233.662	1
234.138	2
234.162	0
234.371	0
234.580	2
234.603	0
234.614	1
234.847	2
234.858	1
235.079	0
235.508	2
235.543	1
235.787	2
236.019	2
236.031	0
236.251	0
236.263	2
236.495	1
236.960	0
236.971	2
237.203	0
237.203	2
237.436	1
237.668	2
237.691	0
237.888	1
237.912	0
237.912	2
238.132	2
238.376	0
238.376	1
238.376	2
238.597	0
238.852	0
239.340	1
239.827	2
239.851	0
239.909	0
240.060	2
240.083	0
240.292	1
240.477	0
240.512	2
240.744	0
240.988	2
241.209	1
241.441	2
241.627	2
241.685	0
241.685	2
241.917	0
241.929	2
242.149	1
242.184	1
242.393	2
242.625	0
242.637	2
243.101	1
243.589	0
243.833	0
243.833	2
244.053	1
244.297	2
244.506	1
244.518	0
244.541	2
244.762	2
244.994	1
245.226	2
245.319	1
245.470	0
245.702	2
245.714	0
245.818	2
245.923	2
245.946	1
246.166	1
246.178	0
246.178	2
246.410	2
246.422	0
246.654	2
246.875	0
247.107	2
247.142	1
247.362	0
247.409	0
247.594	2
247.606	0
247.838	1
248.070	2
248.314	0
248.372	0
248.779	1
248.999	2
249.243	2
249.255	0
249.475	0
249.498	2
249.649	2
249.707	1
249.951	2
250.195	2
250.207	0
250.450	2
250.671	1
250.694	1
250.915	2
251.031	1
251.135	1
251.344	2
251.600	1
251.704	1
252.064	2
252.076	0
252.076	1
252.552	2
253.260	0
253.481	1
253.481	2
253.736	0
253.980	0
254.212	2
254.433	1
254.665	2
254.723	1
254.920	0
255.152	0
255.152	2
255.222	0
255.385	1
255.617	2
255.861	0
255.872	2
255.930	1
256.313	2
256.337	1
256.557	2
256.604	1
256.639	2
256.801	2
256.813	0
256.871	0
257.045	0
257.045	2
257.103	0
257.265	2
257.277	1
257.474	0
257.498	0
257.765	0
258.241	1
258.717	0
258.937	2
258.949	0
259.170	1
259.413	2
259.646	0
259.889	2
260.110	1
260.110	2
260.447	2
260.598	0
260.830	2
260.841	0
261.039	2
261.050	1
261.294	0
261.329	0
261.526	0
261.573	1
261.584	0
261.770	2
262.002	1
262.223	2
262.490	0
262.711	0
262.943	1
262.943	2
263.187	2
263.407	1
263.430	0
263.663	2
263.883	1
263.906	1
264.127	2
264.371	0
264.603	2
264.615	0
264.824	1
265.311	0
265.323	2
265.555	2
265.776	1
266.019	2
266.043	1
266.252	0
266.252	2
266.484	2
266.495	0
266.716	1
266.960	2
267.111	1
267.180	1
267.215	1
267.308	1
267.424	1
267.865	2
268.388	0
268.585	2
268.597	1
268.887	0
269.131	0
