6.525	1
6.525	2
6.606	2
6.780	0
6.989	1
6.989	2
7.221	1
7.326	1
7.454	0
7.535	0
7.895	1
7.906	2
7.930	2
8.081	1
8.139	0
8.371	0
8.591	0
8.812	1
8.847	2
9.044	0
9.276	0
9.358	0
9.718	1
9.950	0
10.170	1
10.182	0
10.403	0
10.635	1
10.658	2
10.867	0
11.099	0
11.169	0
11.552	2
11.691	1
11.773	0
12.005	0
12.098	0
12.225	0
12.446	1
12.458	2
12.678	0
12.910	0
13.351	1
13.386	2
13.584	0
13.804	1
13.827	0
14.036	0
14.269	1
14.269	2
14.292	2
14.501	0
14.501	1
14.733	0
14.814	0
15.174	1
15.209	2
15.406	0
15.639	0
15.732	0
15.859	0
16.080	1
16.115	2
16.266	1
16.312	0
16.544	0
16.637	0
16.985	1
17.009	2
17.136	1
17.229	0
17.461	0
17.682	0
17.903	1
17.914	2
18.135	0
18.367	0
18.448	0
18.808	1
18.820	2
18.843	2
19.040	0
19.040	1
19.273	0
19.493	0
19.714	1
19.737	2
19.958	0
20.039	1
20.178	0
20.271	0
20.631	1
20.631	2
20.666	2
20.770	1
20.863	0
21.072	1
21.095	0
21.316	0
21.432	0
21.513	0
21.537	1
21.653	1
21.769	0
22.001	0
22.233	2
22.256	2
22.442	1
22.686	2
22.918	0
23.139	1
23.139	2
23.359	1
23.591	2
23.824	0
23.893	0
24.044	2
24.265	1
24.509	0
24.509	2
24.718	1
24.729	0
24.834	0
24.961	2
24.985	2
25.170	1
25.414	2
25.437	2
25.623	1
25.646	0
25.867	2
25.890	2
26.076	2
26.088	1
26.320	2
26.331	0
26.529	1
26.552	0
26.645	0
26.773	2
26.982	2
26.993	1
27.237	2
27.260	2
27.458	0
27.527	0
27.678	2
27.713	2
27.899	1
27.899	2
28.143	2
28.166	2
28.363	0
28.595	2
28.619	2
28.816	1
29.037	0
29.048	2
29.280	0
29.501	2
29.710	2
29.722	1
29.954	2
30.023	1
30.186	0
30.418	2
30.627	1
30.627	2
30.871	2
30.894	2
31.092	0
31.138	1
31.173	0
31.324	2
31.347	2
31.533	1
31.533	2
31.777	2
31.985	1
31.997	0
32.102	0
32.229	2
32.438	2
32.450	1
32.682	2
32.914	0
33.135	2
33.355	1
33.355	2
33.599	0
33.599	2
33.820	0
33.901	0
33.924	0
34.029	1
34.052	2
34.261	1
34.505	0
34.505	2
34.737	0
34.795	0
34.958	2
35.178	1
35.410	2
35.422	0
35.643	0
35.724	0
35.863	0
35.863	2
36.084	1
36.316	2
36.328	0
36.351	2
36.548	0
36.629	0
36.780	0
36.989	1
37.233	2
37.465	0
37.686	2
37.895	2
37.907	1
38.104	1
38.139	2
38.371	0
38.441	0
38.592	2
38.615	2
38.801	2
38.812	1
39.044	2
39.079	2
39.253	1
39.277	0
39.381	0
39.509	2
39.532	2
39.718	1
39.718	2
39.962	0
39.962	2
40.171	1
40.182	0
40.414	2
40.623	1
40.623	2
40.867	0
40.867	2
40.890	2
41.099	0
41.181	0
41.320	2
41.529	2
41.540	1
41.773	2
42.005	0
42.075	0
42.225	2
42.446	1
42.446	2
42.690	2
42.713	2
42.910	0
43.143	2
43.352	1
43.595	2
43.619	2
43.804	1
43.816	0
43.897	0
44.048	2
44.257	1
44.257	2
44.501	2
44.733	0
44.954	2
45.174	1
45.407	0
45.407	2
45.639	0
45.685	1
45.720	0
45.859	2
45.894	2
46.080	1
46.080	2
46.324	2
46.533	1
46.544	0
46.777	2
46.986	1
46.986	2
47.229	2
47.462	0
47.682	2
47.903	1
47.903	2
48.135	2
48.147	0
48.367	0
48.448	0
48.599	0
48.599	2
48.623	2
48.808	1
49.052	2
49.273	0
49.354	0
49.505	2
49.714	1
49.714	2
49.958	0
49.958	2
50.190	0
50.271	0
50.411	0
50.411	2
50.631	1
50.747	0
50.852	1
50.875	0
50.968	1
51.072	1
51.096	0
51.316	2
51.351	2
51.537	1
51.780	2
52.001	0
52.222	1
52.233	2
52.442	1
52.442	2
52.686	0
52.686	2
52.918	0
52.988	1
53.011	0
53.139	2
53.162	2
53.348	2
53.359	1
53.592	2
53.824	0
53.905	0
54.044	0
54.044	2
54.265	1
54.265	2
54.497	2
54.509	0
54.532	2
54.729	0
54.962	2
55.171	1
55.414	2
55.647	0
55.705	0
55.856	1
55.867	0
55.867	2
56.076	1
56.076	2
56.181	1
56.320	0
56.320	2
56.343	2
56.552	0
56.773	2
56.993	1
56.993	2
57.226	2
57.237	0
57.260	2
57.458	0
57.551	0
57.678	0
57.678	2
57.899	1
57.899	2
57.922	0
58.143	0
58.143	2
58.166	2
58.363	0
58.433	0
58.596	2
58.619	2
58.816	1
58.967	1
59.048	0
59.048	2
59.257	1
59.281	0
59.350	0
59.501	2
59.513	0
59.722	1
59.954	2
59.966	0
60.163	1
60.198	0
60.256	0
60.418	2
60.627	1
60.871	0
60.871	2
60.894	2
61.080	1
61.092	0
61.173	0
61.324	2
61.533	1
61.533	2
61.777	2
61.800	2
62.009	0
62.229	2
62.438	2
62.462	1
62.682	2
62.914	0
62.996	0
63.135	2
63.228	1
63.356	1
63.576	1
63.588	0
63.588	2
63.623	2
63.820	0
64.052	2
64.075	2
64.261	1
64.505	2
64.517	0
64.737	0
64.819	0
64.958	0
64.958	2
65.167	1
65.167	2
65.399	1
65.411	0
65.411	2
65.631	1
65.643	0
65.736	0
67.466	0
67.907	1
67.930	2
68.023	1
68.139	0
68.371	0
68.510	1
68.812	1
68.836	2
69.265	1
69.277	0
69.381	0
69.613	0
69.718	1
69.753	2
69.962	0
70.194	0
70.623	1
70.751	1
71.100	0
71.541	1
71.773	0
71.982	1
72.005	0
72.063	0
72.121	0
72.446	1
72.458	2
72.899	1
72.922	0
72.992	0
73.294	0
73.352	1
73.363	2
73.596	0
73.828	0
74.269	1
74.281	2
74.733	0
74.815	0
75.175	1
75.209	2
75.407	0
75.639	0
75.685	1
76.080	1
76.115	2
76.545	0
76.893	0
76.997	1
76.997	2
77.230	0
77.462	0
77.903	1
77.926	2
78.367	0
78.809	1
79.041	0
79.273	0
79.331	0
79.389	0
79.714	1
79.737	2
79.819	1
80.190	0
80.271	0
80.631	1
80.655	0
80.863	0
81.096	0
81.316	1
81.537	1
81.769	0
81.885	0
82.001	0
82.233	2
82.442	1
82.675	2
82.686	0
82.918	0
83.000	0
83.139	2
83.592	2
83.824	0
84.045	2
84.265	1
84.323	1
84.497	0
84.497	2
84.730	0
84.811	0
84.962	2
85.171	1
85.403	0
85.415	2
85.438	2
85.624	1
85.635	0
85.728	0
85.867	2
86.076	2
86.088	1
86.320	0
86.320	2
86.552	0
86.622	0
86.773	2
86.994	1
87.226	2
87.446	1
87.458	0
87.539	0
87.679	2
87.899	1
88.120	1
88.143	0
88.143	2
88.352	1
88.364	0
88.456	0
88.596	0
88.596	2
88.805	1
88.805	2
89.049	2
89.269	1
89.281	0
89.501	2
89.710	2
89.722	1
89.954	2
89.966	0
90.186	0
90.268	0
90.419	0
90.419	2
90.442	2
90.627	1
90.627	2
90.871	2
91.080	1
91.103	0
91.173	0
91.324	2
91.347	2
91.533	1
91.777	2
91.788	0
92.009	0
92.079	0
92.218	1
92.230	2
92.450	1
92.682	2
92.706	2
92.891	1
92.915	0
92.984	0
93.135	2
93.356	1
93.600	0
93.600	2
93.820	0
94.052	2
94.076	2
94.261	1
94.505	2
94.528	2
94.737	0
94.946	1
94.958	2
94.981	2
95.167	1
95.283	1
95.411	0
95.411	2
95.480	1
95.492	0
95.550	1
95.631	1
95.736	1
95.840	1
95.852	2
95.956	2
96.073	2
96.189	2
96.549	0
96.990	1
97.222	0
97.454	0
97.675	0
97.895	1
97.919	2
98.128	0
98.371	0
98.441	0
98.813	1
98.824	2
99.045	0
99.277	0
99.486	0
99.718	1
99.730	2
99.753	2
99.950	0
100.182	0
100.264	0
100.624	1
100.635	2
100.659	2
100.856	0
101.100	0
101.181	0
101.309	0
101.541	1
101.564	2
101.761	0
102.005	0
102.087	0
102.307	1
102.446	1
102.458	2
102.679	0
102.679	1
102.725	1
102.911	0
103.131	0
103.352	1
103.375	2
103.584	0
103.816	0
103.898	0
104.258	1
104.304	2
104.490	0
104.734	0
104.815	0
104.943	0
105.175	1
105.198	2
105.395	0
105.639	0
106.080	1
106.104	2
106.313	0
106.556	0
106.638	0
106.765	0
106.986	1
107.021	2
107.218	0
107.462	0
107.555	1
107.892	1
107.915	2
108.124	0
108.368	0
108.577	0
108.809	1
109.041	0
109.273	0
109.354	0
109.714	1
109.738	2
109.946	0
110.190	0
110.399	0
110.399	1
110.504	1
110.527	0
110.631	1
110.643	2
110.736	1
110.840	1
110.852	0
111.096	0
111.096	2
111.177	0
111.316	2
111.328	0
111.398	0
111.537	1
111.769	2
111.804	2
112.001	0
112.083	0
112.210	1
112.234	2
112.443	1
112.443	2
112.686	2
112.895	1
112.907	0
113.023	0
113.139	2
113.348	2
113.360	1
113.592	2
113.824	0
113.905	0
114.056	2
114.265	1
114.265	2
114.498	2
114.532	2
114.718	1
114.730	0
114.950	2
115.171	1
115.171	2
115.415	0
115.415	2
115.438	2
115.635	0
115.717	0
115.868	2
116.077	2
116.088	1
116.320	2
116.553	0
116.773	2
116.994	1
117.226	2
117.261	2
117.458	0
117.539	0
117.690	2
117.899	1
118.143	2
118.352	1
118.364	0
118.445	0
118.596	2
118.619	2
118.805	1
119.049	2
119.281	0
119.362	0
119.490	1
119.501	2
119.722	1
119.954	2
120.186	0
120.419	2
120.628	1
120.628	2
120.871	2
121.092	0
121.173	0
121.301	1
121.324	2
121.533	1
121.533	2
121.777	2
121.986	1
122.009	0
122.102	0
122.230	2
122.253	2
122.450	1
122.683	2
122.892	1
122.915	0
122.996	0
123.135	2
123.356	1
123.356	2
123.588	2
123.809	1
123.820	0
123.925	0
124.053	2
124.076	2
124.262	1
124.505	2
124.517	0
124.529	2
124.738	0
124.958	0
124.958	2
125.179	1
125.295	0
125.411	2
125.504	1
125.620	1
125.643	0
125.759	0
125.864	2
126.084	1
126.084	2
126.317	2
126.351	1
126.351	2
126.549	0
126.618	0
126.769	2
126.781	0
126.804	2
126.990	1
126.990	2
127.222	0
127.234	2
127.257	2
127.466	0
127.547	0
127.687	2
127.896	1
127.896	2
128.139	2
128.151	0
128.163	2
128.348	1
128.372	0
128.464	0
128.569	1
128.592	2
128.813	1
129.045	2
129.057	0
129.265	1
129.289	0
129.498	2
129.533	2
129.718	1
129.950	0
129.962	2
130.183	0
130.415	2
130.624	1
130.624	2
130.856	0
130.868	2
131.077	1
131.100	0
131.181	0
131.320	2
131.541	1
131.541	2
131.773	2
132.005	0
132.075	0
132.226	2
132.447	1
132.447	2
132.690	0
132.690	2
132.923	0
132.992	0
133.143	2
133.166	2
133.352	1
133.352	2
133.515	1
133.596	2
133.805	1
133.828	0
133.898	0
134.049	2
134.258	2
134.502	2
134.734	0
134.838	0
134.954	2
135.175	1
135.233	1
135.407	2
135.639	0
135.721	0
135.860	2
136.081	1
136.324	0
136.324	2
136.557	0
136.777	2
136.800	2
136.986	1
137.230	2
137.462	0
137.543	0
137.683	2
137.892	2
137.903	1
138.124	0
138.136	2
138.379	0
138.426	0
138.588	2
138.623	2
138.809	1
139.053	2
139.273	0
139.494	0
139.494	2
139.529	2
139.714	1
139.935	1
139.958	2
140.190	0
140.272	0
142.002	0
142.083	0
142.443	1
142.466	2
142.687	0
142.919	0
142.954	1
143.360	1
143.360	2
143.604	1
143.813	1
143.813	2
143.824	0
143.894	0
144.161	0
144.266	1
144.370	1
144.509	0
144.718	1
144.730	0
144.788	0
144.834	0
145.171	1
145.206	2
145.624	1
145.647	0
146.077	1
146.100	2
146.321	0
146.553	0
146.599	0
146.657	0
146.994	1
147.006	2
147.458	0
147.540	0
147.749	0
147.830	0
147.900	1
147.911	0
148.143	0
148.376	0
148.805	1
148.840	2
149.269	1
149.281	0
149.722	1
149.745	2
149.954	0
150.187	0
150.628	1
150.639	2
151.081	1
151.104	0
151.429	0
151.533	1
151.545	2
151.777	0
151.986	1
152.009	0
152.439	1
152.474	2
152.892	1
152.915	0
152.927	2
152.996	0
153.356	1
153.368	2
153.391	2
153.449	0
153.588	0
153.809	1
153.832	0
154.262	1
154.389	1
154.715	1
154.726	0
154.807	0
155.074	0
155.179	0
155.179	1
155.179	2
155.411	0
155.492	0
155.632	1
155.643	0
155.748	0
155.852	1
155.852	2
156.085	1
156.096	2
156.212	1
156.328	0
156.398	0
156.537	1
156.549	0
156.770	2
156.990	1
157.222	2
157.234	0
157.257	2
157.443	1
157.466	0
157.536	0
157.687	2
157.907	1
158.140	2
158.163	2
158.348	1
158.372	0
158.592	2
158.813	1
159.045	2
159.057	0
159.277	0
159.347	0
159.509	2
159.718	1
159.718	2
159.951	2
160.160	1
160.183	0
160.253	0
160.415	2
160.438	2
160.624	1
160.624	2
160.868	0
160.868	2
160.891	0
161.100	0
161.297	1
161.321	2
161.530	1
161.773	2
162.017	0
162.075	0
162.226	2
162.447	1
162.447	2
162.679	2
162.691	0
162.772	0
162.923	0
162.981	0
163.132	2
163.143	0
163.352	1
163.561	1
163.596	2
163.619	2
163.828	0
163.898	0
164.049	2
164.258	1
164.258	2
164.490	1
164.502	2
164.513	0
164.583	0
164.711	1
164.734	0
164.804	0
164.943	1
164.955	2
165.175	1
165.245	1
165.407	2
165.640	0
165.744	0
165.872	2
166.081	1
166.081	2
166.301	1
166.313	2
166.325	0
166.545	0
166.754	1
166.777	2
166.801	2
166.986	1
167.230	0
167.230	2
167.462	0
167.544	0
167.683	2
167.903	1
168.136	2
168.147	0
168.368	0
168.438	0
168.588	2
168.809	1
169.053	2
169.076	2
169.273	0
169.494	1
169.494	2
169.529	2
169.715	1
169.831	1
169.924	1
169.958	0
169.958	2
170.028	1
170.098	1
170.179	1
170.284	1
170.400	0
170.411	1
170.504	2
170.620	2
170.841	1
171.096	0
171.096	2
171.189	0
171.537	1
171.549	2
171.572	2
171.770	2
172.002	2
172.013	0
172.071	0
172.222	0
172.222	2
172.443	1
172.455	2
172.675	2
172.745	1
172.907	0
172.907	2
172.989	0
173.140	2
173.349	1
173.372	2
173.395	2
173.558	1
173.592	2
173.825	0
173.825	2
173.906	0
174.022	1
174.045	0
174.045	2
174.266	1
174.277	2
174.498	0
174.498	2
174.730	0
174.730	2
174.951	2
175.171	1
175.183	2
175.206	2
175.404	2
175.636	0
175.636	2
175.717	0
175.856	2
176.077	1
176.089	2
176.112	2
176.298	1
176.309	0
176.321	2
176.541	2
176.553	0
176.774	2
176.994	1
177.006	2
177.029	2
177.191	1
177.215	0
177.226	2
177.435	1
177.459	0
177.459	2
177.528	0
177.667	0
177.679	2
177.900	1
177.911	2
178.120	0
178.132	2
178.341	1
178.364	2
178.376	0
178.434	0
178.585	2
178.805	1
178.828	2
179.014	1
179.037	0
179.049	2
179.270	2
179.281	0
179.363	0
179.409	0
179.490	0
179.502	2
179.722	1
179.734	2
179.955	0
179.955	2
180.187	0
180.187	2
180.407	2
180.628	1
180.640	2
180.663	2
180.860	0
180.860	2
181.092	0
181.092	2
181.162	0
181.313	0
181.313	2
181.534	1
181.545	2
181.754	1
181.766	0
181.777	2
181.998	2
182.010	0
182.079	0
182.219	2
182.439	1
182.451	2
182.671	0
182.915	0
182.915	2
183.124	0
183.124	1
183.136	2
183.356	1
183.368	2
183.391	2
183.577	0
183.589	2
183.821	0
183.821	2
184.053	2
184.262	1
184.274	2
184.297	2
184.483	0
184.494	2
184.726	0
184.726	2
184.935	0
185.168	1
185.179	2
185.284	1
185.400	2
185.620	1
185.644	0
185.644	2
185.713	0
186.085	1
186.096	2
186.120	2
186.294	1
186.317	0
186.549	0
186.549	2
186.619	0
186.758	1
186.770	2
186.781	0
186.990	1
187.002	2
187.025	2
187.222	2
187.234	0
187.466	0
187.466	2
187.548	0
187.675	2
187.907	1
187.919	2
188.128	0
188.140	2
188.360	2
188.372	0
188.465	0
188.581	0
188.592	2
188.813	1
188.825	2
188.848	2
189.045	0
189.045	2
189.277	2
189.289	0
189.498	2
189.719	1
189.730	2
189.951	0
189.951	2
190.183	0
190.183	2
190.264	0
190.404	0
190.404	2
190.624	1
190.636	2
190.775	1
190.856	2
190.880	1
191.089	2
191.100	0
191.321	2
191.530	1
191.553	2
191.762	0
191.832	1
191.994	2
192.006	0
192.215	0
192.226	2
192.447	1
192.459	2
192.482	2
192.668	0
192.679	2
192.911	0
192.911	2
192.993	0
193.144	2
193.353	1
193.364	2
193.387	2
193.573	1
193.585	2
193.817	2
193.829	0
193.898	0
194.049	0
194.049	2
194.258	1
194.281	2
194.467	1
194.502	0
194.502	2
194.734	0
194.734	2
194.781	1
194.839	0
194.955	2
195.175	1
195.187	2
195.210	2
195.640	0
195.640	2
195.721	0
195.872	2
196.081	1
196.093	2
196.301	1
196.313	2
196.522	1
196.545	2
196.557	0
196.638	0
196.766	2
196.986	1
196.998	2
197.021	2
197.462	0
197.462	2
197.532	0
197.904	1
197.915	2
197.939	2
198.368	2
198.380	0
198.461	0
198.589	2
198.809	1
198.821	2
198.844	2
199.041	0
199.041	2
199.146	1
199.262	1
199.274	0
199.483	1
199.715	2
199.912	0
200.168	1
200.191	0
200.260	0
202.014	0
202.083	0
202.443	1
202.478	2
202.687	0
202.919	0
203.349	1
203.360	2
203.802	1
203.825	0
203.825	2
204.161	0
204.266	1
204.301	2
204.498	0
204.533	1
204.730	0
205.172	1
205.624	1
205.648	0
205.729	0
206.077	1
206.089	2
206.321	0
206.344	0
206.553	0
206.565	1
206.994	1
207.006	2
207.192	1
207.435	1
207.459	0
207.540	0
207.795	0
207.900	1
207.911	2
208.144	0
208.225	0
208.376	0
208.446	0
208.817	1
208.817	2
209.270	2
209.281	0
209.351	0
209.723	1
209.746	2
209.955	0
210.175	1
210.187	0
210.628	1
210.663	2
211.081	1
211.093	0
211.185	0
211.441	0
211.534	1
211.557	2
211.743	1
211.778	0
211.987	1
212.010	0
212.439	1
212.463	2
212.904	2
212.915	0
212.927	2
212.985	0
213.357	1
213.577	1
213.600	0
213.821	0
213.902	0
214.262	1
214.274	2
214.715	1
214.738	0
214.808	0
215.075	0
215.098	0
215.168	1
215.191	2
215.388	1
215.412	0
215.493	0
215.644	0
215.655	1
215.725	0
215.783	0
215.853	1
216.085	1
216.108	2
216.201	1
216.259	1
216.317	0
216.398	0
216.526	1
216.549	0
216.770	2
216.805	2
216.990	1
217.199	1
217.223	2
217.234	0
217.455	0
217.687	2
217.896	1
217.896	2
218.117	0
218.140	2
218.349	1
218.372	0
218.442	0
218.593	2
218.802	1
218.802	2
218.953	1
219.011	1
219.045	2
219.069	0
219.278	0
219.371	0
219.487	0
219.498	2
219.614	1
219.719	1
219.939	0
219.951	2
220.172	1
220.195	0
220.253	0
220.415	2
220.624	1
220.868	2
220.880	0
221.100	0
221.321	2
221.530	1
221.530	2
221.774	2
222.006	0
222.076	0
222.227	2
222.447	1
222.679	2
222.691	0
222.714	0
222.912	0
222.981	0
223.144	2
223.364	1
223.597	2
223.806	1
223.829	0
223.898	0
223.968	0
224.049	2
224.258	1
224.491	1
224.502	0
224.502	2
224.734	0
224.804	0
224.955	2
225.176	1
225.408	1
225.408	2
225.640	0
225.721	0
225.872	2
226.081	1
226.290	1
226.325	0
226.325	2
226.348	1
226.348	2
226.545	0
226.638	0
226.778	2
226.987	1
227.230	2
227.463	0
227.532	0
227.683	2
227.904	1
228.148	0
228.148	2
228.368	0
228.589	2
228.809	1
228.809	2
229.053	2
229.274	0
229.494	1
229.494	2
229.715	1
229.831	1
229.912	1
229.959	0
229.959	2
230.017	1
230.028	0
230.098	1
230.168	1
230.284	1
230.388	2
230.400	1
230.504	2
230.621	2
230.702	2
230.772	2
231.097	0
