0.081	2
0.569	2
1.045	2
2.009	2
4.888	2
5.364	2
5.840	2
6.803	2
7.767	0
7.767	2
8.243	1
8.243	2
8.255	0
8.719	2
8.731	0
9.218	0
9.683	2
9.694	0
10.159	1
10.159	2
10.170	0
10.646	0
10.646	2
11.134	0
11.169	0
11.227	0
11.598	1
11.598	2
11.610	0
12.074	1
12.086	0
12.562	2
12.574	0
13.038	1
13.050	0
13.073	0
13.526	0
13.526	2
14.013	0
14.478	2
14.489	0
14.977	0
15.441	1
15.441	2
15.453	0
15.476	0
15.673	1
15.697	0
15.720	0
16.405	0
16.405	2
16.440	0
16.649	0
16.672	0
17.125	1
17.136	0
17.183	2
17.833	1
17.856	0
17.903	2
18.820	0
19.040	1
19.040	2
19.156	2
19.168	1
19.284	2
19.296	0
19.656	1
19.760	1
19.760	2
19.772	0
19.795	0
20.004	2
20.016	1
20.248	0
20.248	2
20.724	2
20.735	0
20.735	1
21.200	2
21.211	0
21.420	0
21.676	1
21.687	0
21.687	2
22.163	0
22.163	2
22.187	0
22.651	0
22.651	2
22.663	1
23.127	0
23.127	2
23.324	0
23.603	2
23.615	0
23.615	1
23.638	0
24.079	2
24.091	0
24.555	1
24.567	0
24.567	2
25.043	2
25.054	0
25.530	0
25.530	2
25.704	0
26.006	0
26.030	2
26.146	2
26.389	2
26.494	0
26.970	0
26.970	2
27.005	0
27.434	1
27.446	0
27.922	2
27.934	0
28.410	0
28.410	2
28.874	1
28.886	0
28.886	2
29.373	0
29.849	0
29.849	2
30.325	2
30.337	0
30.337	1
30.801	2
30.813	0
31.277	1
31.289	0
31.324	0
31.765	0
31.765	2
32.241	2
32.253	0
32.717	1
32.717	2
32.729	0
33.205	2
33.216	0
33.239	0
33.681	2
33.692	0
34.157	1
34.168	0
34.168	2
34.644	2
34.656	0
35.109	1
35.132	0
35.132	2
35.608	0
35.608	2
36.072	1
36.084	2
36.095	0
36.328	1
36.560	2
36.571	0
37.036	1
37.047	0
37.047	2
37.523	2
37.535	0
38.011	0
38.011	2
38.034	0
38.475	1
38.487	0
38.487	2
38.963	2
38.975	0
38.998	0
39.439	2
39.451	0
39.915	1
39.927	0
39.927	2
40.403	2
40.414	0
40.879	1
40.890	0
40.890	2
41.366	0
41.366	2
41.854	0
41.877	0
42.318	1
42.318	2
42.330	0
42.806	0
42.806	2
43.050	2
43.282	2
43.294	0
43.526	1
43.770	0
43.770	2
43.781	1
44.246	0
44.246	2
44.304	0
44.722	2
44.733	0
44.756	0
44.965	2
45.209	0
45.209	2
45.685	0
45.685	2
45.720	1
45.917	2
45.929	1
46.068	1
46.161	2
46.173	0
46.649	1
46.649	2
46.893	0
46.893	2
47.125	2
47.369	0
47.613	0
47.613	1
47.729	1
47.833	1
47.856	0
48.089	0
48.089	2
48.332	0
48.356	0
49.041	2
49.052	0
49.052	1
49.168	1
49.168	2
49.273	1
49.296	0
49.528	0
49.528	2
49.540	1
49.749	2
49.772	0
49.993	1
50.004	2
50.016	0
50.492	0
50.492	2
50.968	0
50.968	2
51.444	2
51.455	0
51.479	0
51.920	2
51.931	0
52.396	1
52.407	0
52.431	0
52.883	2
52.895	0
53.185	2
53.359	1
53.371	0
53.371	2
53.650	1
53.847	0
53.847	2
54.044	0
54.323	2
54.335	0
54.358	0
54.532	0
54.799	2
54.811	0
55.287	0
55.287	2
55.333	1
55.496	0
55.751	1
55.763	2
55.774	0
56.250	0
56.506	1
56.738	0
57.202	2
57.214	0
57.226	1
57.237	0
57.678	1
57.702	0
57.748	2
58.166	2
58.178	0
58.642	2
58.665	0
58.770	2
59.130	0
59.130	1
59.130	2
59.350	2
59.385	0
59.606	2
59.617	0
59.849	2
60.082	1
60.082	2
60.093	0
60.558	2
60.569	0
60.592	0
61.045	0
61.045	2
61.080	0
61.521	2
61.533	0
61.916	1
62.009	0
62.009	2
62.253	1
62.485	2
62.497	0
62.961	2
62.973	0
63.077	0
63.449	0
63.449	2
63.483	0
63.913	1
63.925	2
63.936	0
63.959	0
64.401	2
64.412	0
64.888	0
64.900	1
64.911	0
65.341	1
65.364	2
65.376	0
65.840	2
65.852	0
66.328	0
66.328	2
66.595	1
66.804	2
66.815	0
67.280	2
67.291	0
67.384	0
67.756	1
67.767	0
68.011	2
68.243	2
68.255	0
68.534	2
68.719	2
68.731	0
68.754	0
69.010	1
69.207	0
69.207	2
69.683	2
69.695	0
69.788	0
69.892	0
70.159	2
70.171	0
70.647	0
70.647	2
70.682	1
71.123	2
71.134	0
71.599	1
71.610	0
71.610	2
72.098	0
72.562	1
72.562	2
72.574	0
72.597	0
73.038	2
73.050	0
73.526	2
73.538	0
73.561	0
74.002	2
74.014	0
74.490	0
74.490	2
74.722	2
74.977	0
75.442	2
75.453	0
75.918	2
75.941	0
76.394	1
76.405	2
76.417	0
76.440	0
76.881	2
76.893	0
77.253	1
77.369	0
77.369	2
77.566	0
77.845	2
77.868	0
78.321	1
78.321	2
78.333	0
78.809	0
78.809	2
78.832	0
79.041	2
79.285	2
79.296	0
79.761	2
79.772	0
80.237	1
80.248	0
80.248	2
80.283	0
80.724	2
80.736	0
80.771	0
81.003	0
81.003	2
81.212	0
81.676	2
81.688	0
82.164	2
82.175	0
82.199	0
82.640	2
82.651	0
82.686	0
82.930	0
83.127	0
83.127	2
83.603	2
83.615	0
83.859	1
84.091	0
84.091	2
84.579	0
84.602	2
85.043	2
85.055	0
85.055	1
85.078	0
85.519	2
85.531	0
85.647	2
86.007	0
86.007	1
86.007	2
86.483	2
86.494	0
86.959	2
86.970	0
87.446	0
87.446	2
87.911	1
87.934	0
88.131	0
88.398	2
88.410	0
88.874	1
88.886	0
88.886	2
88.921	0
89.362	2
89.374	0
89.838	1
89.850	0
89.873	0
90.326	2
90.337	0
90.802	2
90.813	0
90.836	0
91.289	0
91.405	2
91.777	0
92.241	2
92.253	0
92.729	0
92.729	2
93.193	1
93.205	0
93.205	2
93.228	0
93.693	0
93.693	2
93.716	0
94.169	0
94.169	2
94.192	0
94.645	0
94.645	1
94.679	0
95.132	0
95.144	2
95.260	2
95.504	2
95.597	1
95.608	0
95.608	2
95.631	0
96.084	2
96.096	0
96.560	2
96.572	0
96.583	1
97.048	2
97.059	0
97.524	1
97.524	2
97.535	0
98.000	2
98.011	0
98.487	0
98.487	2
98.511	0
98.963	2
98.975	0
99.439	1
99.451	0
99.451	2
99.474	0
99.927	0
100.403	2
100.415	0
100.438	0
100.879	2
100.891	0
101.367	0
101.367	1
101.367	2
101.843	2
101.854	0
102.330	0
102.806	2
102.818	0
103.294	0
103.294	1
103.317	0
103.770	0
103.770	2
104.246	2
104.258	0
104.722	2
104.734	0
104.850	2
105.198	1
105.210	0
105.210	2
105.233	0
105.686	0
105.686	2
106.162	2
106.173	0
106.196	0
106.638	2
106.649	0
107.125	0
107.125	2
107.590	1
107.601	2
107.613	0
108.089	0
108.089	2
108.565	0
108.565	2
109.053	0
109.053	2
109.529	0
109.529	2
110.005	0
110.005	2
110.028	0
110.481	2
110.492	0
110.968	0
110.968	2
111.444	2
111.932	0
111.932	2
112.164	2
112.187	1
112.408	0
112.408	2
112.884	2
112.895	0
113.360	2
113.371	0
113.847	0
113.847	2
114.091	2
114.207	1
114.323	0
114.323	2
114.811	0
114.811	2
114.834	0
115.043	1
115.043	2
115.287	2
115.299	0
115.775	1
116.007	0
116.007	2
116.495	0
116.518	0
116.727	1
116.959	1
116.971	0
117.203	2
117.214	0
117.238	0
117.458	0
117.690	2
118.166	0
118.166	1
118.294	1
118.410	0
118.538	1
118.642	2
118.654	1
118.863	2
118.886	1
118.898	0
119.130	0
119.130	2
119.606	0
119.606	2
119.641	0
120.082	2
120.094	0
120.570	0
120.570	2
121.046	0
121.243	0
121.522	2
121.533	0
121.998	2
122.009	0
122.300	2
122.474	1
122.485	2
122.497	0
122.752	1
122.961	2
122.973	0
123.449	0
123.449	2
123.925	2
123.937	0
124.401	2
124.413	0
124.413	1
124.610	0
124.889	2
124.900	0
124.947	2
125.376	0
125.574	0
125.852	0
126.328	0
126.328	2
126.351	0
126.804	2
126.816	0
126.909	0
127.292	0
127.292	2
127.779	0
127.803	0
128.244	2
128.255	0
128.279	0
128.476	2
128.720	2
128.731	0
128.755	0
128.906	0
128.964	2
129.207	0
129.207	2
129.683	2
129.695	0
130.171	0
130.194	0
130.647	2
131.123	2
131.135	0
131.379	1
131.599	2
131.611	0
132.087	2
132.098	0
132.563	2
132.574	0
132.807	2
133.039	1
133.050	0
133.074	0
133.526	0
133.526	2
134.002	2
134.014	0
134.037	0
134.478	1
134.490	0
134.490	2
134.966	0
134.966	2
135.024	0
135.442	2
135.454	0
135.930	0
135.930	2
135.953	0
136.406	2
136.417	0
136.649	2
136.661	1
136.882	2
136.893	0
137.358	2
137.369	0
137.660	2
137.834	1
137.845	0
137.880	0
138.321	2
138.333	0
138.809	0
138.809	2
139.285	2
139.297	0
139.482	0
139.761	2
139.773	0
139.796	0
139.970	0
140.237	2
140.249	0
140.725	2
140.736	0
141.212	0
141.688	0
141.688	2
142.164	1
142.164	2
142.176	0
142.640	2
142.652	0
143.128	0
143.128	2
143.604	2
143.615	0
143.615	1
143.813	2
144.080	2
144.091	0
144.567	0
144.567	2
145.043	2
145.055	0
145.531	0
145.531	2
146.007	2
146.019	0
146.471	1
146.483	2
146.495	0
146.588	0
146.692	0
146.739	1
146.959	2
146.971	0
147.447	2
147.458	0
147.923	2
147.934	0
148.410	0
148.410	2
148.886	2
149.362	1
149.362	2
149.374	0
149.838	2
150.802	2
152.729	2
153.681	2
154.169	1
154.169	2
154.645	2
155.121	2
155.609	2
156.561	2
157.524	2
158.488	2
159.440	2
160.403	2
161.367	2
161.379	0
161.843	2
161.855	0
162.319	2
162.331	0
162.818	0
163.283	2
163.294	0
163.759	2
163.770	0
164.246	0
164.246	2
164.734	0
164.769	0
165.210	0
165.210	2
165.698	0
166.162	2
166.174	0
166.638	1
166.638	2
166.650	0
167.126	2
167.137	0
167.602	1
167.602	2
167.613	0
167.811	0
168.089	0
168.089	2
168.554	1
168.577	0
169.041	1
169.053	0
169.076	0
169.285	0
169.297	1
169.308	0
169.993	1
170.005	0
170.249	0
170.713	1
170.736	0
170.760	0
170.771	2
171.445	1
171.456	0
171.479	0
171.503	2
172.408	0
172.431	0
172.640	1
172.640	2
172.756	2
172.768	1
172.884	2
172.896	0
173.360	2
173.372	0
173.848	0
173.848	2
174.324	2
174.335	0
174.359	0
174.800	2
174.823	0
175.287	0
175.671	2
175.775	0
175.868	0
175.926	2
176.251	0
176.274	0
176.286	2
176.402	2
176.727	2
176.739	0
177.122	2
177.203	1
177.203	2
177.215	0
177.238	0
177.691	0
178.155	1
178.167	0
178.167	2
178.434	2
178.654	0
179.130	0
179.130	2
179.154	0
179.397	2
179.606	0
179.606	2
179.873	2
180.094	0
180.570	0
180.570	2
180.593	0
181.046	0
181.046	2
181.081	0
181.522	2
181.534	0
182.010	0
182.010	1
182.010	2
182.486	0
182.486	2
182.509	0
182.973	0
182.973	2
183.449	0
183.449	2
183.925	0
183.925	2
184.401	2
184.413	0
184.889	0
184.900	1
184.912	0
185.365	0
185.365	2
185.853	0
185.876	0
186.317	1
186.317	2
186.329	0
186.805	0
186.805	2
186.909	0
187.281	2
187.292	0
187.408	2
187.768	0
187.768	2
187.791	0
187.873	0
188.116	2
188.128	1
188.244	2
188.256	0
188.488	2
188.732	0
188.732	2
188.964	2
189.208	0
189.208	2
189.440	2
189.684	2
189.695	0
189.928	2
190.160	2
190.171	0
190.404	2
190.647	0
190.647	2
190.671	0
190.880	2
191.123	2
191.135	0
191.367	2
191.611	0
191.611	1
191.611	2
191.634	0
191.843	2
192.087	0
192.157	2
192.319	2
192.551	1
192.586	0
192.598	2
192.807	2
193.039	2
193.051	0
193.283	2
193.445	2
193.515	1
193.527	0
193.527	2
193.759	2
194.003	2
194.014	0
194.258	2
194.490	0
194.490	1
194.723	2
194.966	2
194.978	0
195.210	2
195.454	0
195.454	2
195.477	0
195.558	2
195.570	1
195.640	0
195.675	2
195.686	1
195.918	2
195.930	0
196.162	2
196.394	1
196.406	0
196.406	2
196.650	2
196.882	2
196.894	0
197.126	2
197.358	1
197.381	0
197.602	2
197.846	2
197.857	0
198.089	2
198.322	2
198.333	0
198.356	0
198.565	2
198.809	2
198.821	0
199.041	2
199.285	2
199.297	0
199.320	0
199.529	2
199.761	2
199.773	0
200.005	2
200.237	1
200.249	0
200.249	2
200.481	2
200.725	2
200.737	0
200.969	2
201.213	0
201.213	2
201.445	2
201.677	1
201.689	0
201.689	2
201.921	2
202.165	2
202.176	0
202.362	0
202.408	2
202.641	2
202.652	0
202.722	1
202.884	2
203.128	0
203.128	2
203.151	0
203.360	2
203.372	1
203.500	1
203.500	2
203.604	2
203.616	0
204.092	0
204.092	2
204.568	0
204.568	2
205.044	0
205.044	1
205.508	1
205.520	2
205.531	0
205.717	0
205.996	1
206.007	0
206.007	2
206.054	1
206.205	2
206.483	2
206.495	0
206.785	2
206.948	1
206.971	0
206.971	2
206.994	0
207.238	1
207.447	0
207.447	2
207.911	1
207.923	2
207.935	0
207.958	0
208.283	1
208.306	1
208.411	0
208.875	1
208.887	0
208.887	2
209.084	0
209.363	2
209.374	0
209.432	2
209.850	0
210.326	0
210.802	2
210.814	0
210.814	1
210.837	0
211.058	1
211.278	2
211.290	1
211.302	0
211.371	2
211.766	0
211.766	2
212.242	2
212.254	0
212.718	2
212.741	0
212.939	2
213.194	1
213.206	2
213.217	0
213.299	2
213.391	0
213.693	0
213.693	2
214.169	0
214.169	2
214.645	0
214.645	2
215.121	2
215.133	0
215.481	1
215.609	0
215.609	2
215.632	0
216.085	2
216.097	0
216.561	2
216.573	0
216.573	1
216.596	0
216.770	0
217.049	0
217.049	2
217.525	2
217.536	0
218.001	2
218.012	0
218.488	0
218.488	1
218.488	2
218.964	2
218.987	0
219.440	2
219.452	0
219.475	0
219.928	0
219.928	2
220.183	1
220.404	2
220.415	0
220.415	1
220.439	0
220.880	2
220.891	0
221.124	2
221.135	1
221.367	2
221.379	0
221.843	2
221.867	0
222.134	2
222.331	0
222.331	2
222.354	0
222.807	0
222.807	2
223.051	2
223.283	2
223.295	0
223.318	0
223.759	2
223.771	0
223.887	2
224.235	1
224.247	0
224.247	2
224.444	0
224.723	1
224.723	2
224.734	0
224.781	0
225.210	0
225.234	0
225.698	0
226.162	2
226.174	0
226.197	0
226.638	1
226.650	0
226.650	2
226.743	0
227.126	2
227.138	0
227.602	2
227.614	0
227.648	0
227.730	2
228.090	0
228.090	2
228.322	2
228.577	0
229.042	1
229.053	0
229.076	0
229.320	1
229.529	0
229.529	2
230.005	2
230.017	0
230.040	0
230.481	2
230.493	0
230.969	0
230.969	2
230.992	0
231.062	2
231.178	0
231.213	1
231.445	2
231.457	0
231.921	1
231.933	0
231.933	2
231.956	0
232.409	2
232.420	0
232.873	1
232.885	0
232.885	2
232.919	0
233.361	2
233.372	0
233.395	0
233.848	0
233.848	2
233.860	1
233.871	0
234.324	2
234.336	0
234.603	2
234.812	0
234.812	2
235.288	0
235.288	2
235.764	2
235.775	0
235.799	0
236.240	2
236.251	0
236.275	0
236.530	0
236.727	0
236.727	2
237.203	2
237.215	0
237.691	0
237.691	1
237.691	2
238.167	0
238.167	2
238.202	0
238.411	1
238.643	2
238.655	0
239.131	0
239.131	2
239.595	1
239.607	0
239.607	2
240.083	2
240.094	0
240.570	0
240.570	2
240.594	0
240.814	1
240.861	2
241.046	0
241.046	2
241.337	2
241.522	2
241.534	0
241.755	2
241.766	1
241.905	1
241.998	1
242.010	0
242.033	0
242.045	2
242.242	1
242.254	0
242.277	0
242.277	2
