0.569	1
0.615	2
1.068	2
1.184	0
1.196	2
1.637	0
1.776	1
1.811	2
2.380	0
2.392	2
2.972	0
2.972	1
3.019	2
3.587	0
3.587	2
4.040	0
4.168	1
4.203	2
4.772	1
4.783	0
4.795	2
5.248	2
5.375	1
5.422	2
5.991	0
5.991	2
6.432	0
6.571	1
6.618	2
7.187	0
7.198	2
7.767	0
7.767	1
7.802	2
8.394	0
8.394	2
8.847	0
8.986	1
9.578	2
9.590	0
10.182	0
10.182	1
10.205	2
10.670	2
10.786	0
10.786	2
11.238	0
11.378	1
11.413	2
11.993	0
11.993	2
12.574	0
12.574	1
12.608	2
13.038	0
13.642	0
13.769	1
13.816	2
14.234	0
14.977	0
14.977	1
15.000	2
15.592	0
15.592	2
16.022	1
16.033	0
16.184	0
16.184	1
16.196	2
16.637	0
17.380	0
17.380	1
17.415	2
17.984	0
17.995	2
18.437	0
18.576	1
