0.279	2
0.580	1
0.580	2
0.871	2
0.882	0
0.894	2
1.022	1
1.045	0
1.184	2
1.474	2
1.776	1
1.776	2
2.090	0
2.101	2
2.392	0
2.392	2
2.972	1
2.972	2
2.995	1
3.286	0
3.286	2
3.425	1
3.448	0
3.715	1
3.738	0
4.017	1
4.040	0
4.168	1
4.180	2
4.481	0
4.481	2
4.772	1
4.783	0
4.783	2
5.074	2
5.387	1
5.387	2
5.677	2
5.689	0
5.828	1
5.840	0
5.979	2
6.583	1
6.583	2
6.606	1
6.873	2
7.036	2
7.187	0
7.187	2
7.779	1
7.779	2
7.814	1
8.081	0
8.081	2
8.220	1
8.243	0
8.382	2
8.522	1
8.533	0
8.684	2
8.824	1
8.847	0
8.975	1
8.975	2
8.998	1
9.265	1
9.276	0
9.276	2
