0.302	2
0.453	0
0.580	0
0.580	1
1.033	0
1.045	1
1.196	0
1.196	2
1.335	0
1.335	1
1.649	0
1.776	0
1.776	1
1.950	2
2.078	0
2.078	1
2.113	2
2.241	0
2.241	1
2.264	1
2.392	0
2.403	2
2.705	2
2.844	0
2.984	1
3.437	1
3.587	0
3.599	2
3.738	0
3.738	1
4.052	0
4.180	0
4.180	1
4.493	0
4.493	2
4.644	0
4.795	0
4.957	2
5.248	0
5.375	0
5.375	1
5.840	1
5.979	0
5.991	2
6.142	1
6.165	1
6.304	2
6.444	0
6.583	0
6.583	1
6.618	2
6.885	0
6.896	2
7.036	1
7.047	0
7.082	2
7.187	0
7.488	0
7.500	2
7.779	0
7.779	1
8.231	0
8.243	1
8.394	0
8.394	2
8.533	0
8.545	1
8.847	0
8.975	0
8.975	1
9.288	2
9.439	0
9.439	1
9.752	2
