0.221	2
0.360	0
0.360	1
0.476	2
0.488	1
0.720	2
0.731	0
0.975	2
0.987	0
1.219	2
1.347	1
1.358	2
1.474	2
1.602	1
1.614	0
1.730	0
1.730	2
1.974	1
1.974	2
1.985	0
2.229	2
2.345	1
2.357	0
2.473	2
2.496	1
2.728	2
2.740	0
2.972	2
2.995	0
3.239	2
3.355	2
3.483	2
3.495	1
3.611	0
3.727	2
3.982	0
3.982	2
4.226	2
4.354	1
4.365	0
4.481	2
4.725	2
4.737	0
4.969	1
4.981	2
4.992	0
5.236	2
5.364	2
5.480	2
5.608	1
5.619	0
5.979	2
5.991	0
5.991	1
6.107	1
6.223	2
6.362	0
6.362	1
6.478	2
6.502	1
6.618	0
6.618	1
6.722	2
6.978	2
6.989	0
7.221	2
7.245	1
7.477	2
7.744	0
7.744	2
7.964	1
7.976	2
7.988	0
8.220	2
8.359	0
8.359	1
8.475	1
8.475	2
8.719	2
8.731	0
8.963	1
8.975	2
8.986	0
9.230	2
9.474	1
9.485	2
9.590	1
9.601	0
9.729	2
