0.023	2
0.070	2
0.708	2
0.731	0
0.743	1
0.766	2
0.801	2
0.964	2
0.987	1
1.022	2
1.057	2
1.707	2
1.730	0
1.730	1
1.753	2
1.811	2
1.962	2
2.009	2
2.101	2
2.206	2
2.229	0
2.229	1
2.252	2
2.287	2
2.473	2
2.519	2
2.705	2
2.728	0
2.728	1
2.752	2
2.786	2
3.204	2
3.228	0
3.228	1
3.251	2
3.483	1
3.506	2
3.553	2
3.959	2
3.982	0
3.982	1
4.040	2
4.063	2
4.516	2
4.702	2
4.737	0
4.737	1
4.772	2
4.969	2
4.981	1
5.016	2
5.074	2
5.457	2
5.503	2
5.550	2
5.724	0
5.735	1
5.793	2
6.014	2
6.200	2
6.223	0
6.223	1
6.281	2
6.502	2
6.711	2
6.734	0
6.734	1
6.803	2
7.210	2
7.233	0
7.233	1
7.256	2
7.279	2
7.454	2
7.477	1
7.523	2
7.964	2
7.999	0
7.999	1
8.046	2
8.707	2
8.731	0
8.742	1
8.777	2
8.986	1
9.009	2
9.033	2
9.067	2
9.462	2
9.509	2
9.543	2
9.729	0
9.729	1
9.764	2
9.950	2
10.228	0
10.228	1
10.263	2
10.298	2
10.472	2
10.519	2
10.704	2
10.728	0
10.728	1
10.751	2
10.786	2
10.983	2
11.029	2
11.204	2
11.227	0
11.227	1
11.250	2
11.459	2
11.482	1
11.505	2
11.540	2
11.958	2
11.981	0
11.981	1
12.016	2
12.040	2
12.458	2
12.504	2
12.539	2
12.736	0
12.736	1
12.771	2
12.980	1
13.015	2
13.050	2
13.084	2
13.468	2
13.514	2
13.735	0
13.735	1
13.769	2
13.804	2
13.955	2
14.234	0
14.234	1
14.303	2
14.466	2
14.536	2
14.710	2
14.733	0
14.733	1
14.954	2
15.000	2
15.047	2
15.209	2
15.232	0
15.232	1
15.256	2
15.488	1
15.534	2
