0.035	1
0.046	0
0.174	0
0.232	0
0.313	1
0.325	2
0.337	1
0.662	1
0.662	2
0.824	0
0.859	1
0.882	0
0.975	1
0.987	2
0.998	1
1.149	0
1.207	0
1.312	1
1.312	2
1.335	1
1.649	1
1.672	1
1.974	1
1.985	0
1.985	2
2.009	1
2.043	0
2.136	1
2.159	0
2.241	1
2.310	1
2.310	2
2.334	1
2.647	2
2.670	1
2.821	0
2.856	2
2.937	0
2.984	1
2.984	2
3.007	1
3.320	2
3.344	1
3.646	0
3.646	1
3.657	2
3.704	0
3.843	0
3.889	0
3.982	1
3.982	2
4.005	1
4.319	1
4.319	2
4.342	1
4.644	0
4.667	1
4.667	2
4.702	0
4.830	0
4.876	0
4.981	1
4.981	2
5.004	1
5.317	0
5.329	2
5.364	1
5.375	0
5.515	0
5.642	1
5.654	2
5.712	1
6.002	2
6.014	1
6.142	1
6.165	0
6.316	1
6.316	2
6.339	1
6.478	0
6.641	1
6.653	2
6.676	1
6.711	1
6.978	1
7.001	1
7.326	0
7.326	2
7.338	1
7.384	0
7.396	1
7.454	1
7.488	0
7.512	1
7.535	0
7.639	1
7.651	2
7.976	1
7.999	0
8.011	2
8.173	0
8.197	2
8.313	1
8.313	2
8.336	1
8.359	0
8.661	2
8.673	1
8.998	0
9.009	1
9.033	1
9.044	0
9.172	0
9.311	1
9.323	2
9.334	1
9.381	1
9.648	1
9.671	1
9.985	0
9.996	2
10.008	1
10.031	1
10.043	0
10.089	1
10.159	0
10.310	1
10.321	2
10.855	2
