0.023	1
0.023	2
0.070	1
0.151	0
0.348	1
0.360	2
0.372	0
0.395	0
0.406	1
0.499	0
0.511	1
0.511	2
0.580	1
0.604	1
0.639	1
0.731	2
0.743	0
0.778	1
0.987	1
1.115	0
1.173	0
1.231	2
1.242	1
1.277	1
1.324	1
1.474	1
1.486	2
1.498	0
1.521	0
1.521	1
1.649	0
1.730	1
1.776	1
1.869	1
1.974	1
1.985	2
1.997	0
2.020	0
2.032	1
2.148	0
2.368	0
2.426	0
2.485	2
2.508	1
2.519	0
2.554	1
2.635	1
2.728	1
2.728	2
2.752	0
2.775	1
2.798	0
3.123	0
3.170	0
3.228	2
3.262	1
3.274	0
3.274	2
3.309	1
3.471	1
3.483	2
3.495	0
3.518	0
3.529	1
3.576	1
3.727	1
3.727	2
3.773	1
3.773	2
3.820	1
3.982	2
3.994	0
4.029	1
4.052	0
4.063	1
4.168	0
4.226	1
4.284	1
4.354	0
4.470	1
4.481	2
4.516	0
4.516	1
4.528	2
4.737	2
4.748	0
4.772	1
4.818	1
5.120	0
5.166	0
5.224	2
5.236	0
5.259	1
5.271	0
5.306	1
5.480	1
5.480	2
5.492	0
5.526	1
5.550	0
5.735	1
5.875	0
5.921	0
5.979	2
6.014	1
6.026	0
6.026	2
6.235	1
6.235	2
6.246	0
6.269	0
6.281	1
6.420	0
6.478	1
6.525	1
6.606	0
6.734	2
6.757	1
6.769	0
6.803	1
6.978	1
6.978	2
7.001	0
7.024	1
7.117	0
7.117	1
7.221	1
7.233	2
7.245	0
7.268	0
7.279	1
7.477	1
7.477	2
7.616	1
7.651	1
7.732	2
7.767	1
7.779	2
