0.035	2
0.209	2
0.232	0
0.232	1
0.267	2
0.859	1
1.207	2
1.231	0
1.231	1
1.265	2
1.486	1
1.521	2
1.858	1
1.962	2
1.985	0
2.043	2
2.090	2
2.206	2
2.229	0
2.276	2
2.461	2
2.508	2
2.856	1
3.204	2
3.228	1
3.239	0
3.286	2
3.460	2
3.506	2
3.866	1
3.982	0
4.005	2
4.075	2
4.214	2
4.238	0
4.261	2
4.493	1
4.540	2
4.574	2
4.865	1
4.957	2
5.004	2
5.213	2
5.224	1
5.236	0
5.283	2
5.457	2
5.503	2
5.863	1
5.991	0
6.211	2
6.235	0
6.269	2
6.467	2
6.722	2
6.745	1
6.769	2
6.861	1
7.117	1
7.210	2
7.233	0
7.233	1
7.256	2
7.303	2
7.535	2
