0.012	1
0.035	1
0.070	1
0.104	0
0.151	0
0.279	1
0.325	1
0.488	2
0.499	0
0.522	0
0.522	1
0.650	0
0.778	1
0.859	2
0.871	1
0.975	2
1.010	0
1.022	1
1.022	2
1.231	2
1.242	0
1.277	1
1.300	0
1.358	0
1.474	2
1.509	0
1.521	1
1.649	1
1.730	0
1.776	1
1.858	2
1.869	1
1.985	2
1.997	0
2.020	0
2.032	1
2.218	1
2.229	2
2.252	0
2.252	1
2.276	1
2.299	0
2.519	1
2.577	1
2.612	0
2.670	0
2.728	2
2.740	1
2.775	1
2.821	1
3.019	1
3.111	1
3.228	2
3.251	0
3.274	1
3.355	0
3.483	2
3.495	1
3.518	1
3.576	1
3.646	1
3.773	1
3.982	1
3.982	2
3.994	0
4.005	1
4.029	1
4.052	0
4.110	0
4.110	2
4.122	1
4.226	2
4.272	1
4.481	1
4.481	2
4.493	0
4.505	1
4.551	0
4.574	1
4.772	1
4.865	1
4.981	2
5.016	1
5.224	1
5.248	0
5.283	1
5.352	0
5.526	1
5.608	0
5.666	0
5.735	2
5.770	0
5.770	1
6.026	1
6.107	2
6.118	1
6.235	2
6.246	0
6.269	0
6.269	1
6.362	0
6.478	2
6.525	1
6.653	1
6.734	0
6.769	1
6.780	2
6.978	1
6.989	0
7.024	1
7.047	0
7.105	0
7.233	1
7.233	2
7.245	0
7.268	0
7.279	1
7.326	1
7.361	0
7.419	0
7.477	2
7.512	0
7.523	1
7.767	1
7.825	1
