0.255	0
0.372	2
0.395	0
0.395	1
0.418	2
0.522	0
0.522	1
0.546	2
0.569	2
0.929	1
0.940	0
1.057	1
1.068	0
1.463	1
1.474	0
1.591	0
1.602	1
1.614	2
1.985	1
1.997	0
2.020	1
2.032	2
2.113	2
2.136	0
2.136	1
2.159	0
2.159	2
2.531	1
2.543	0
2.670	1
2.694	2
2.717	2
2.926	0
2.949	1
3.181	2
3.204	0
3.204	1
3.332	1
3.460	2
3.483	1
3.599	1
3.611	0
3.634	2
3.727	1
3.762	2
4.005	0
4.017	1
4.133	1
4.156	2
4.180	2
4.272	1
4.284	0
4.679	1
4.690	0
4.807	0
4.807	1
4.830	2
5.190	2
5.213	1
5.224	0
5.341	1
5.352	0
5.747	1
5.759	0
5.875	0
5.875	1
5.898	2
5.921	2
6.281	0
6.420	0
6.420	1
6.676	0
6.815	1
6.827	0
6.954	1
6.978	2
7.001	2
7.210	0
7.233	1
7.349	1
7.372	0
7.488	1
7.500	0
7.755	1
7.872	2
7.883	1
7.895	0
7.918	2
8.022	1
8.046	1
8.046	2
8.290	0
8.417	1
8.440	2
8.464	2
