0.010	0
0.010	2
0.310	2
0.630	0
0.630	1
0.630	2
0.950	2
1.110	0
1.110	2
1.270	0
1.270	2
1.580	2
1.900	0
1.900	1
1.900	2
2.210	2
2.530	0
2.530	2
2.840	2
3.160	0
3.160	1
3.160	2
3.320	1
3.320	2
3.470	2
3.630	1
3.630	2
3.800	0
3.800	2
4.110	0
4.110	2
4.420	1
4.420	2
4.730	2
5.060	0
5.060	2
5.360	2
5.530	0
5.530	2
5.680	1
5.680	2
6.000	1
6.000	2
6.320	0
6.320	2
6.470	1
6.470	2
6.630	0
6.630	2
6.950	1
6.950	2
7.260	2
7.580	0
7.890	2
8.060	0
8.060	2
8.210	1
8.210	2
8.370	1
8.370	2
8.520	2
8.680	1
8.680	2
8.840	0
8.840	2
9.160	0
9.160	2
9.470	1
9.470	2
