Table for set 'MEDLEY' : 
    	 | ALL inst                           | BD                                  | SD                                  | HH                                  |
    	 | sum               mean             | sum               mean              | sum               mean              | sum               mean              |
algo	 | fm    pr    rc    fm    pr    rc   | fm    pr    rc    fm    pr    rc    | fm    pr    rc    fm    pr    rc    | fm    pr    rc    fm    pr    rc    |
---------+------------------------------------+-------------------------------------+-------------------------------------+-------------------------------------+
CW1 	 | 0.56  0.55  0.57  0.53  0.51  0.61 | 0.70  0.63  0.84  0.70  0.63  0.84  | 0.58  0.59  0.69  0.58  0.59  0.69  | 0.39  0.43  0.57  0.39  0.43  0.57 | 
CW3 	 | 0.58  0.58  0.58  0.54  0.54  0.62 | 0.74  0.68  0.85  0.74  0.68  0.85  | 0.54  0.57  0.61  0.54  0.57  0.61  | 0.41  0.47  0.60  0.41  0.47  0.60 | 
CW2 	 | 0.58  0.58  0.58  0.55  0.55  0.62 | 0.73  0.67  0.84  0.73  0.67  0.84  | 0.64  0.71  0.67  0.64  0.71  0.67  | 0.39  0.46  0.56  0.39  0.46  0.56 | 
RV3 	 | 0.81  0.92  0.72  0.76  0.93  0.69 | 0.82  0.91  0.79  0.82  0.91  0.79  | 0.74  0.96  0.68  0.74  0.96  0.68  | 0.65  0.82  0.69  0.65  0.82  0.69 | 
RV2 	 | 0.78  0.88  0.71  0.73  0.87  0.67 | 0.66  0.98  0.59  0.66  0.98  0.59  | 0.72  0.93  0.67  0.72  0.93  0.67  | 0.69  0.76  0.80  0.69  0.76  0.80 | 
RV1 	 | 0.88  0.93  0.83  0.83  0.94  0.78 | 0.82  0.95  0.79  0.82  0.95  0.79  | 0.82  0.93  0.79  0.82  0.93  0.79  | 0.69  0.81  0.79  0.69  0.81  0.79 | 
RV4 	 | 0.83  0.94  0.74  0.77  0.94  0.70 | 0.76  0.98  0.72  0.76  0.98  0.72  | 0.76  0.96  0.72  0.76  0.96  0.72  | 0.65  0.80  0.74  0.65  0.80  0.74 | 
CS1 	 | 0.80  0.78  0.82  0.76  0.74  0.82 | 0.87  0.87  0.89  0.87  0.87  0.89  | 0.71  0.74  0.71  0.71  0.74  0.71  | 0.67  0.64  0.90  0.67  0.64  0.90 | 
CS3 	 | 0.81  0.80  0.83  0.78  0.76  0.82 | 0.85  0.83  0.89  0.85  0.83  0.89  | 0.73  0.75  0.76  0.73  0.75  0.76  | 0.68  0.68  0.87  0.68  0.68  0.87 | 
CS2 	 | 0.84  0.83  0.85  0.81  0.79  0.85 | 0.86  0.84  0.89  0.86  0.84  0.89  | 0.77  0.78  0.78  0.77  0.78  0.78  | 0.72  0.70  0.91  0.72  0.70  0.91 | 

Table for set 'global' : 
    	 | ALL inst                           | BD                                  | SD                                  | HH                                  |
    	 | sum               mean             | sum               mean              | sum               mean              | sum               mean              |
algo	 | fm    pr    rc    fm    pr    rc   | fm    pr    rc    fm    pr    rc    | fm    pr    rc    fm    pr    rc    | fm    pr    rc    fm    pr    rc    |
---------+------------------------------------+-------------------------------------+-------------------------------------+-------------------------------------+
CW1 	 | 0.51  0.45  0.59  0.52  0.48  0.65 | 0.69  0.62  0.84  0.69  0.62  0.84  | 0.49  0.45  0.74  0.49  0.45  0.74  | 0.38  0.45  0.58  0.38  0.45  0.58 | 
CW3 	 | 0.54  0.49  0.60  0.56  0.53  0.65 | 0.71  0.66  0.82  0.71  0.66  0.82  | 0.47  0.46  0.65  0.47  0.46  0.65  | 0.44  0.51  0.62  0.44  0.51  0.62 | 
CW2 	 | 0.57  0.53  0.62  0.57  0.56  0.65 | 0.73  0.68  0.82  0.73  0.68  0.82  | 0.55  0.56  0.70  0.55  0.56  0.70  | 0.42  0.52  0.60  0.42  0.52  0.60 | 
RV3 	 | 0.78  0.77  0.78  0.74  0.79  0.76 | 0.86  0.89  0.86  0.86  0.89  0.86  | 0.69  0.79  0.75  0.69  0.79  0.75  | 0.59  0.65  0.76  0.59  0.65  0.76 | 
RV2 	 | 0.76  0.72  0.80  0.72  0.73  0.78 | 0.81  0.89  0.82  0.81  0.89  0.82  | 0.68  0.77  0.74  0.68  0.77  0.74  | 0.58  0.57  0.82  0.58  0.57  0.82 | 
RV1 	 | 0.83  0.81  0.85  0.80  0.81  0.82 | 0.87  0.90  0.88  0.87  0.90  0.88  | 0.77  0.82  0.81  0.77  0.82  0.81  | 0.64  0.68  0.81  0.64  0.68  0.81 | 
RV4 	 | 0.81  0.80  0.82  0.75  0.80  0.78 | 0.83  0.91  0.84  0.83  0.91  0.84  | 0.72  0.82  0.76  0.72  0.82  0.76  | 0.58  0.64  0.79  0.58  0.64  0.79 | 
CS1 	 | 0.75  0.67  0.85  0.71  0.65  0.83 | 0.85  0.84  0.89  0.85  0.84  0.89  | 0.64  0.62  0.77  0.64  0.62  0.77  | 0.57  0.53  0.86  0.57  0.53  0.86 | 
CS3 	 | 0.73  0.66  0.82  0.71  0.66  0.82 | 0.83  0.79  0.89  0.83  0.79  0.89  | 0.65  0.63  0.79  0.65  0.63  0.79  | 0.57  0.56  0.85  0.57  0.56  0.85 | 
CS2 	 | 0.80  0.75  0.86  0.77  0.72  0.86 | 0.86  0.83  0.90  0.86  0.83  0.90  | 0.69  0.67  0.82  0.69  0.67  0.82  | 0.63  0.62  0.87  0.63  0.62  0.87 | 

Table for set 'GEN' : 
    	 | ALL inst                           | BD                                  | SD                                  | HH                                  |
    	 | sum               mean             | sum               mean              | sum               mean              | sum               mean              |
algo	 | fm    pr    rc    fm    pr    rc   | fm    pr    rc    fm    pr    rc    | fm    pr    rc    fm    pr    rc    | fm    pr    rc    fm    pr    rc    |
---------+------------------------------------+-------------------------------------+-------------------------------------+-------------------------------------+
CW1 	 | 0.65  0.55  0.79  0.61  0.54  0.80 | 0.78  0.74  0.90  0.78  0.74  0.90  | 0.62  0.59  0.78  0.62  0.59  0.78  | 0.37  0.38  0.81  0.37  0.38  0.81 | 
CW3 	 | 0.67  0.60  0.75  0.64  0.60  0.75 | 0.80  0.79  0.89  0.80  0.79  0.89  | 0.66  0.67  0.73  0.66  0.67  0.73  | 0.39  0.43  0.77  0.39  0.43  0.77 | 
CW2 	 | 0.71  0.65  0.77  0.66  0.65  0.75 | 0.83  0.83  0.89  0.83  0.83  0.89  | 0.70  0.75  0.75  0.70  0.75  0.75  | 0.36  0.44  0.74  0.36  0.44  0.74 | 
RV3 	 | 0.81  0.75  0.89  0.75  0.70  0.86 | 0.91  0.93  0.90  0.91  0.93  0.90  | 0.80  0.84  0.82  0.80  0.84  0.82  | 0.46  0.44  0.93  0.46  0.44  0.93 | 
RV2 	 | 0.75  0.64  0.89  0.69  0.60  0.85 | 0.88  0.88  0.93  0.88  0.88  0.93  | 0.76  0.79  0.81  0.76  0.79  0.81  | 0.38  0.34  0.91  0.38  0.34  0.91 | 
RV1 	 | 0.83  0.76  0.91  0.78  0.72  0.88 | 0.91  0.90  0.96  0.91  0.90  0.96  | 0.83  0.86  0.85  0.83  0.86  0.85  | 0.47  0.45  0.92  0.47  0.45  0.92 | 
RV4 	 | 0.81  0.74  0.90  0.76  0.69  0.87 | 0.91  0.91  0.95  0.91  0.91  0.95  | 0.80  0.85  0.83  0.80  0.85  0.83  | 0.44  0.42  0.93  0.44  0.42  0.93 | 
CS1 	 | 0.77  0.67  0.91  0.70  0.60  0.89 | 0.90  0.87  0.96  0.90  0.87  0.96  | 0.77  0.75  0.86  0.77  0.75  0.86  | 0.39  0.36  0.91  0.39  0.36  0.91 | 
CS3 	 | 0.78  0.69  0.90  0.71  0.63  0.88 | 0.85  0.80  0.95  0.85  0.80  0.95  | 0.80  0.82  0.85  0.80  0.82  0.85  | 0.41  0.38  0.93  0.41  0.38  0.93 | 
CS2 	 | 0.85  0.78  0.94  0.78  0.70  0.92 | 0.90  0.86  0.98  0.90  0.86  0.98  | 0.83  0.81  0.90  0.83  0.81  0.90  | 0.45  0.44  0.93  0.45  0.44  0.93 | 

Table for set 'RBMA' : 
    	 | ALL inst                           | BD                                  | SD                                  | HH                                  |
    	 | sum               mean             | sum               mean              | sum               mean              | sum               mean              |
algo	 | fm    pr    rc    fm    pr    rc   | fm    pr    rc    fm    pr    rc    | fm    pr    rc    fm    pr    rc    | fm    pr    rc    fm    pr    rc    |
---------+------------------------------------+-------------------------------------+-------------------------------------+-------------------------------------+
CW1 	 | 0.44  0.37  0.54  0.44  0.38  0.58 | 0.63  0.54  0.85  0.63  0.54  0.85  | 0.26  0.19  0.69  0.26  0.19  0.69  | 0.34  0.50  0.41  0.34  0.50  0.41 | 
CW3 	 | 0.48  0.42  0.55  0.47  0.44  0.59 | 0.65  0.58  0.78  0.65  0.58  0.78  | 0.24  0.21  0.59  0.24  0.21  0.59  | 0.42  0.53  0.49  0.42  0.53  0.49 | 
CW2 	 | 0.50  0.45  0.57  0.51  0.48  0.60 | 0.64  0.58  0.76  0.64  0.58  0.76  | 0.30  0.27  0.63  0.30  0.27  0.63  | 0.46  0.60  0.52  0.46  0.60  0.52 | 
RV3 	 | 0.73  0.72  0.74  0.70  0.71  0.74 | 0.84  0.83  0.90  0.84  0.83  0.90  | 0.51  0.56  0.69  0.51  0.56  0.69  | 0.58  0.60  0.70  0.58  0.60  0.70 | 
RV2 	 | 0.73  0.67  0.81  0.72  0.67  0.81 | 0.84  0.81  0.92  0.84  0.81  0.92  | 0.56  0.59  0.72  0.56  0.59  0.72  | 0.60  0.55  0.79  0.60  0.55  0.79 | 
RV1 	 | 0.80  0.77  0.82  0.78  0.76  0.82 | 0.86  0.83  0.93  0.86  0.83  0.93  | 0.61  0.63  0.78  0.61  0.63  0.78  | 0.70  0.70  0.77  0.70  0.70  0.77 | 
RV4 	 | 0.78  0.75  0.80  0.76  0.75  0.80 | 0.86  0.83  0.92  0.86  0.83  0.92  | 0.63  0.67  0.74  0.63  0.67  0.74  | 0.64  0.63  0.76  0.64  0.63  0.76 | 
CS1 	 | 0.71  0.61  0.86  0.68  0.60  0.86 | 0.82  0.78  0.91  0.82  0.78  0.91  | 0.49  0.43  0.74  0.49  0.43  0.74  | 0.61  0.54  0.86  0.61  0.54  0.86 | 
CS3 	 | 0.67  0.57  0.79  0.64  0.57  0.83 | 0.80  0.74  0.90  0.80  0.74  0.90  | 0.46  0.40  0.79  0.46  0.40  0.79  | 0.56  0.53  0.82  0.56  0.53  0.82 | 
CS2 	 | 0.76  0.68  0.86  0.72  0.65  0.85 | 0.82  0.78  0.91  0.82  0.78  0.91  | 0.52  0.46  0.79  0.52  0.46  0.79  | 0.67  0.63  0.83  0.67  0.63  0.83 | 

Table for set '2005' : 
    	 | ALL inst                           | BD                                  | SD                                  | HH                                  |
    	 | sum               mean             | sum               mean              | sum               mean              | sum               mean              |
algo	 | fm    pr    rc    fm    pr    rc   | fm    pr    rc    fm    pr    rc    | fm    pr    rc    fm    pr    rc    | fm    pr    rc    fm    pr    rc    |
---------+------------------------------------+-------------------------------------+-------------------------------------+-------------------------------------+
CW1 	 | 0.57  0.53  0.61  0.50  0.46  0.63 | 0.64  0.57  0.77  0.64  0.57  0.77  | 0.49  0.41  0.79  0.49  0.41  0.79  | 0.40  0.52  0.52  0.40  0.52  0.52 | 
CW3 	 | 0.59  0.54  0.65  0.56  0.53  0.65 | 0.66  0.60  0.76  0.66  0.60  0.76  | 0.44  0.39  0.67  0.44  0.39  0.67  | 0.52  0.59  0.63  0.52  0.59  0.63 | 
CW2 	 | 0.65  0.61  0.68  0.57  0.55  0.65 | 0.71  0.65  0.80  0.71  0.65  0.80  | 0.56  0.49  0.76  0.56  0.49  0.76  | 0.45  0.57  0.57  0.45  0.57  0.57 | 
RV3 	 | 0.83  0.82  0.85  0.76  0.81  0.75 | 0.85  0.90  0.83  0.85  0.90  0.83  | 0.73  0.79  0.80  0.73  0.79  0.80  | 0.67  0.72  0.73  0.67  0.72  0.73 | 
RV2 	 | 0.80  0.79  0.82  0.76  0.77  0.78 | 0.87  0.90  0.85  0.87  0.90  0.85  | 0.68  0.78  0.74  0.68  0.78  0.74  | 0.65  0.64  0.78  0.65  0.64  0.78 | 
RV1 	 | 0.86  0.85  0.87  0.80  0.82  0.80 | 0.88  0.90  0.87  0.88  0.90  0.87  | 0.81  0.85  0.84  0.81  0.85  0.84  | 0.71  0.74  0.76  0.71  0.74  0.76 | 
RV4 	 | 0.84  0.83  0.85  0.72  0.83  0.73 | 0.80  0.91  0.78  0.80  0.91  0.78  | 0.68  0.82  0.74  0.68  0.82  0.74  | 0.59  0.69  0.71  0.59  0.69  0.71 | 
CS1 	 | 0.77  0.72  0.83  0.68  0.65  0.74 | 0.82  0.85  0.80  0.82  0.85  0.80  | 0.59  0.54  0.75  0.59  0.54  0.75  | 0.60  0.58  0.77  0.60  0.58  0.77 | 
CS3 	 | 0.79  0.75  0.83  0.71  0.68  0.76 | 0.80  0.79  0.81  0.80  0.79  0.81  | 0.60  0.55  0.77  0.60  0.55  0.77  | 0.63  0.64  0.77  0.63  0.64  0.77 | 
CS2 	 | 0.84  0.83  0.86  0.77  0.75  0.81 | 0.85  0.86  0.84  0.85  0.86  0.84  | 0.66  0.63  0.80  0.66  0.63  0.80  | 0.69  0.70  0.83  0.69  0.70  0.83 | 

