0.260	0
0.260	2
0.410	2
0.530	2
0.670	2
0.800	1
0.800	2
0.940	2
1.070	2
1.220	2
1.360	0
1.360	2
1.490	2
1.630	2
1.770	2
1.900	1
1.900	2
2.040	2
2.180	2
2.320	2
2.460	0
2.460	2
2.590	2
2.730	2
2.860	2
3.000	1
3.120	2
3.260	2
3.400	2
3.530	0
3.530	2
3.670	2
3.800	1
3.950	2
4.080	1
4.220	2
4.360	2
4.490	2
4.630	0
4.630	2
4.770	2
4.890	2
5.040	2
5.170	1
5.170	2
5.310	2
5.440	2
5.580	2
5.720	0
5.720	2
5.850	2
5.980	2
6.120	2
6.260	1
6.260	2
6.390	2
6.540	2
6.680	2
6.810	0
6.810	2
6.960	2
7.080	2
7.230	2
7.350	1
7.350	2
7.490	2
7.620	2
7.760	2
7.890	0
7.890	2
8.020	2
8.170	1
8.290	2
8.440	1
8.440	2
8.570	2
8.710	2
9.130	2
9.260	2
9.390	2
9.520	1
9.520	2
9.660	2
9.800	2
9.930	2
10.070	0
10.070	2
10.210	2
10.350	2
10.490	2
10.620	1
10.770	2
10.890	2
11.040	2
11.160	0
11.160	2
11.310	2
11.440	2
11.580	2
11.700	1
11.700	2
11.850	2
11.980	2
12.120	2
12.260	0
12.260	2
12.520	1
12.670	2
12.800	1
12.800	2
12.930	2
13.080	2
13.220	2
13.360	0
13.360	2
13.490	2
13.630	2
13.760	2
13.890	1
13.890	2
14.040	2
14.170	2
14.320	2
14.450	0
14.590	2
14.720	2
14.860	2
14.990	1
14.990	2
15.140	2
15.270	2
15.430	2
15.540	0
15.540	2
15.690	2
15.820	2
15.970	2
16.090	1
16.230	2
16.350	2
16.490	2
16.630	0
16.630	2
16.760	2
16.900	1
17.030	2
17.180	1
17.180	2
17.310	2
17.440	2
17.730	0
17.860	2
18.000	2
18.130	2
18.270	1
18.400	2
18.550	1
18.550	2
18.680	2
18.810	0
18.810	2
18.950	2
19.080	2
19.220	2
19.350	1
19.350	2
19.500	2
19.630	2
19.770	2
19.910	0
20.050	2
20.180	2
20.320	2
20.450	1
20.450	2
20.590	2
20.720	2
20.870	2
21.000	0
21.000	2
21.140	2
21.260	1
21.410	2
21.550	1
21.690	2
21.810	2
21.960	2
22.090	0
22.230	2
22.360	2
22.490	2
22.640	1
22.780	2
22.910	2
23.060	2
23.190	0
23.190	2
23.320	2
23.460	2
23.600	2
23.730	1
23.730	2
23.880	2
24.010	2
24.150	2
24.290	0
24.290	2
24.420	2
24.560	2
24.690	2
24.820	1
24.960	2
25.090	2
25.230	2
25.360	0
25.360	2
25.490	2
25.620	1
25.620	2
25.760	2
25.910	1
25.910	2
26.040	2
26.170	2
26.470	0
26.590	2
26.730	2
26.860	2
27.000	1
27.000	2
27.140	2
27.280	2
27.420	2
27.550	0
27.680	2
27.820	2
28.090	1
28.090	2
28.230	2
28.370	2
28.510	2
28.640	0
28.640	2
28.780	2
28.910	2
29.040	2
29.180	1
29.180	2
29.320	2
29.460	2
29.600	2
29.720	0
29.720	2
29.880	2
29.990	1
30.150	2
30.280	1
30.280	2
30.430	2
30.550	2
30.690	2
30.800	0
30.810	2
30.960	2
31.080	2
31.220	2
31.350	1
31.350	2
31.490	2
31.630	2
31.770	2
31.900	0
31.900	2
32.040	2
32.170	2
32.310	2
32.440	1
32.440	2
32.590	2
32.730	2
32.860	2
32.990	0
32.990	2
33.130	2
33.260	2
33.410	2
33.530	1
33.530	2
33.670	2
33.810	2
33.940	2
34.080	0
34.080	2
34.210	2
34.350	1
34.630	1
34.900	1
34.900	2
35.180	0
35.300	2
35.450	2
35.590	2
35.720	1
35.720	2
35.840	2
36.000	2
36.130	2
36.270	0
36.270	2
36.400	2
36.540	2
36.830	1
37.090	1
37.220	2
37.370	0
37.370	2
37.510	2
37.630	2
37.780	2
37.900	1
38.040	2
38.180	2
38.310	2
38.440	0
38.440	2
38.600	2
38.720	1
38.870	2
39.000	1
39.000	2
39.150	2
39.280	2
39.420	2
39.560	0
39.560	2
39.690	2
39.820	2
39.970	2
40.090	1
40.090	2
40.230	2
40.370	2
40.510	2
40.650	0
40.650	2
40.770	2
40.910	2
41.040	2
41.190	1
41.320	2
41.460	2
41.610	2
41.720	0
41.740	2
41.880	2
42.010	2
42.160	2
42.280	1
42.280	2
42.420	2
42.550	2
42.690	2
42.820	0
42.820	2
42.950	2
43.090	1
43.090	2
43.220	2
43.370	1
43.490	2
43.630	2
44.050	2
44.180	2
44.450	1
44.580	2
44.720	2
44.860	2
44.990	0
44.990	2
45.130	2
45.270	2
45.410	2
45.540	1
45.540	2
45.690	2
45.810	2
45.960	2
46.080	0
46.080	2
46.240	2
46.360	2
46.500	2
46.630	1
46.770	2
46.900	2
47.040	2
47.180	0
47.180	2
47.320	2
47.450	1
47.590	2
47.720	1
47.720	2
47.860	2
48.010	2
48.140	2
48.280	0
48.280	2
48.420	2
48.550	2
48.690	2
48.820	1
48.820	2
48.960	2
49.090	2
49.250	2
49.380	0
49.380	2
49.510	2
49.650	2
49.790	2
49.910	1
49.910	2
50.070	2
50.200	2
50.350	2
50.460	0
50.460	2
50.620	2
50.740	2
50.890	2
51.010	1
51.010	2
51.150	2
51.280	2
51.410	2
51.550	2
51.560	0
51.680	2
51.820	1
51.820	2
51.950	2
52.100	1
52.230	2
52.370	2
52.650	0
52.780	2
52.920	2
53.050	2
53.190	1
53.190	2
53.320	2
53.470	2
53.600	2
53.740	0
53.740	2
53.870	2
54.000	2
54.140	2
54.280	1
54.420	2
54.560	2
54.700	2
54.830	0
54.830	2
54.970	2
55.100	2
55.250	2
55.370	1
55.370	2
55.520	2
55.650	2
55.790	2
55.920	0
55.920	2
56.060	2
56.180	1
56.180	2
56.340	2
56.470	1
56.610	2
56.740	2
56.890	2
57.010	0
57.010	2
57.150	2
57.280	2
57.420	2
57.560	1
57.560	2
57.700	2
57.840	2
57.980	2
58.120	0
58.120	2
58.250	2
58.380	2
58.520	2
58.650	1
58.800	2
58.930	2
59.080	2
59.210	0
59.210	2
59.340	2
59.480	2
59.610	2
59.740	1
59.740	2
59.880	2
60.010	2
60.150	2
60.290	0
60.290	2
60.410	2
60.550	1
60.830	1
60.960	2
61.100	2
61.390	0
61.510	2
61.650	2
61.780	2
61.930	1
62.060	2
62.210	2
62.340	2
62.470	0
62.470	2
62.610	2
62.740	2
62.880	2
63.020	1
63.020	2
63.160	2
63.300	2
63.440	2
63.570	0
63.570	2
63.700	2
63.840	2
63.970	2
64.110	1
64.110	2
64.240	2
64.380	2
64.530	2
64.640	0
64.640	2
64.800	2
64.920	1
65.070	2
65.200	0
65.200	1
65.200	2
65.350	2
65.470	2
65.620	2
65.730	0
65.730	2
65.880	2
66.010	2
66.140	2
66.280	1
66.420	2
66.560	2
66.700	2
66.820	0
66.820	2
66.960	2
67.090	2
67.230	2
67.370	1
67.510	2
67.650	2
67.790	2
67.910	0
67.910	2
68.060	2
68.190	2
68.330	2
68.460	1
68.460	2
68.600	2
68.730	2
68.870	2
69.000	2
69.010	0
69.130	2
69.270	1
69.560	1
69.690	2
69.820	2
70.220	2
70.370	2
70.510	2
70.650	1
70.650	2
70.770	2
70.920	2
71.060	2
71.190	0
71.190	2
71.320	2
71.460	2
71.750	1
72.010	1
72.140	2
72.290	0
72.290	2
72.430	2
72.560	2
72.700	2
72.810	1
72.940	2
73.080	2
73.210	2
73.350	0
73.350	2
73.490	2
73.570	2
73.620	1
73.770	2
73.890	1
74.040	2
74.180	1
74.180	2
74.310	2
74.450	0
74.450	2
74.590	2
74.710	2
74.860	2
74.990	1
75.120	2
75.260	2
75.400	2
75.540	0
75.540	2
75.670	2
75.800	2
75.930	2
76.080	1
76.080	2
76.210	2
76.350	2
76.500	2
76.630	0
76.630	2
76.770	2
76.900	2
77.050	2
77.170	1
77.170	2
77.310	2
77.440	2
77.580	2
77.710	0
77.710	2
77.840	2
77.990	1
78.110	2
78.260	1
78.260	2
78.380	2
78.520	2
78.950	2
79.080	2
79.210	2
79.340	1
79.340	2
79.470	2
79.620	2
79.750	2
79.890	0
79.890	2
80.030	2
80.170	2
80.310	2
80.430	1
80.430	2
80.580	2
80.710	2
80.860	2
80.980	0
80.980	2
81.130	2
81.250	2
81.390	2
81.520	1
81.520	2
81.660	2
81.790	2
81.940	2
82.070	2
82.080	0
82.210	2
82.340	1
82.490	2
82.620	1
82.750	2
82.900	2
83.030	2
83.180	0
83.180	2
83.310	2
83.440	2
83.580	2
83.710	1
83.710	2
83.860	2
83.990	2
84.140	2
84.270	0
84.270	2
84.410	2
84.540	2
84.680	2
84.810	1
84.810	2
84.960	2
85.090	2
85.240	2
85.360	0
85.360	2
85.510	2
85.640	2
85.790	2
85.900	1
86.040	2
86.170	2
86.300	2
86.450	0
86.450	2
86.580	2
86.710	1
86.850	2
87.000	1
87.120	2
87.260	2
87.550	0
87.680	2
87.810	2
87.940	2
88.080	1
88.080	2
88.220	2
88.360	2
88.500	2
88.630	0
88.630	2
88.770	2
88.900	2
89.040	2
89.170	1
89.170	2
89.320	2
89.450	2
89.590	2
89.730	0
89.730	2
89.860	2
89.990	2
90.140	2
90.270	1
90.410	2
90.540	2
90.690	2
90.820	0
90.820	2
90.950	2
91.080	1
91.230	2
91.360	1
91.500	2
91.630	2
91.780	2
91.910	0
91.910	2
92.040	2
92.180	2
92.310	2
92.450	1
92.450	2
92.590	2
92.730	2
92.880	2
93.010	0
93.010	2
93.140	2
93.280	2
93.410	2
93.550	1
93.550	2
93.700	2
93.830	2
93.970	2
94.110	0
94.110	2
94.240	2
94.370	2
94.510	2
94.630	1
94.630	2
94.770	2
94.910	2
95.050	2
95.180	0
95.180	2
95.300	2
95.440	1
95.580	2
95.730	1
95.730	2
95.860	2
95.990	1
95.990	2
96.280	0
96.410	2
96.550	2
96.670	2
96.820	1
96.820	2
96.950	2
97.100	2
97.230	2
97.360	0
97.360	2
97.500	2
97.640	2
97.770	2
97.910	1
97.910	2
98.050	2
98.190	2
98.330	2
98.460	0
98.460	2
98.600	2
98.730	2
98.860	2
99.000	1
99.000	2
99.140	2
99.270	2
99.420	2
99.540	0
99.540	1
99.540	2
99.690	2
99.810	1
99.960	2
100.100	1
100.250	2
100.370	2
100.510	2
100.620	0
100.620	2
100.770	2
100.900	2
101.040	2
101.170	1
101.170	2
101.310	2
101.450	2
101.590	2
101.710	0
101.710	2
101.850	2
101.990	2
102.130	2
102.260	1
102.260	2
102.410	2
102.550	2
102.690	2
102.800	0
102.800	2
102.950	2
103.080	2
103.230	2
103.350	1
103.350	2
103.490	2
103.620	2
103.760	2
103.900	0
103.900	2
104.030	2
104.160	1
104.450	1
104.450	2
104.720	1
104.720	2
105.000	0
105.120	2
105.270	2
105.410	2
105.540	1
105.540	2
105.660	2
105.810	2
105.950	2
106.090	0
106.090	2
106.220	2
106.360	2
106.640	1
106.910	1
107.040	2
107.180	2
107.190	0
107.320	2
107.450	2
107.590	2
107.720	1
107.720	2
107.850	2
107.990	2
108.120	2
108.250	0
108.250	2
108.400	2
108.530	1
108.670	2
108.800	1
108.800	2
108.950	2
109.090	2
109.220	2
109.360	0
109.360	2
109.490	2
109.620	2
109.770	2
109.890	1
109.890	2
110.030	2
110.170	2
110.300	2
110.450	0
110.450	2
110.570	2
110.710	2
110.840	2
110.990	1
111.120	2
111.260	2
111.410	2
111.540	0
111.540	2
111.680	2
111.810	2
111.960	2
112.080	1
112.080	2
112.220	2
112.340	2
112.490	2
112.620	0
112.620	2
112.750	2
112.890	1
112.890	2
113.020	2
113.170	1
113.290	2
113.430	2
113.850	2
113.980	2
114.110	2
114.250	1
114.250	2
114.380	2
114.520	2
114.660	2
114.790	0
114.800	2
114.940	2
115.070	2
115.210	2
115.340	1
115.340	2
115.490	2
115.610	2
115.760	2
115.880	0
115.880	2
116.040	2
116.160	2
116.300	2
116.430	1
116.700	2
116.840	2
116.980	0
116.980	2
117.120	2
117.250	1
117.390	2
117.520	1
117.660	2
117.810	2
117.940	2
118.080	0
118.080	2
118.220	2
118.350	2
118.490	2
118.620	1
118.620	2
118.760	2
118.900	2
119.050	2
119.180	0
119.180	2
119.310	2
119.450	2
119.590	2
119.710	1
119.870	2
120.000	2
120.150	2
120.270	0
120.270	2
120.410	2
120.540	2
120.680	2
120.810	1
120.810	2
120.950	2
121.080	2
121.220	2
121.340	0
121.340	2
121.470	2
121.610	0
121.610	2
121.760	2
121.890	1
121.890	2
122.040	2
122.170	2
122.300	0
122.300	2
122.420	0
122.420	2
122.580	2
122.700	0
122.700	2
122.840	2
122.980	1
122.980	2
123.130	2
123.250	2
123.400	2
123.530	0
123.530	2
123.680	2
123.810	2
123.950	2
124.090	1
124.090	2
124.230	2
124.360	2
124.510	2
124.630	0
124.630	2
