0.020	0
0.020	2
1.120	1
2.200	0
3.080	0
3.280	1
3.280	2
3.620	1
3.830	1
3.830	2
5.510	1
5.510	2
6.550	0
6.550	2
7.640	0
7.640	1
7.640	2
8.200	2
8.730	0
8.730	2
9.320	2
9.840	1
9.840	2
10.930	0
10.930	2
12.000	1
12.000	2
12.440	1
12.890	1
13.070	0
13.070	2
14.190	1
14.190	2
14.720	2
15.250	0
15.250	2
15.820	2
16.370	0
16.920	1
18.020	2
18.560	0
18.560	1
18.560	2
19.130	2
19.670	2
20.210	0
20.210	2
20.760	1
20.760	2
21.290	0
21.290	2
21.850	2
22.390	0
22.390	2
22.950	1
22.950	2
23.470	2
23.980	0
23.980	2
24.310	1
24.530	2
25.070	1
25.070	2
25.370	1
27.020	0
27.250	1
27.250	2
27.590	0
27.590	2
28.360	2
28.690	0
28.690	2
28.920	2
29.210	0
29.440	1
29.750	0
29.750	2
30.300	0
30.530	2
31.100	2
31.640	1
32.170	2
32.700	0
32.700	2
33.580	0
33.580	2
33.810	1
33.810	2
34.110	1
34.360	1
34.660	0
34.910	2
35.220	2
35.430	2
36.010	1
36.010	2
36.550	2
37.090	0
37.090	2
37.660	2
38.200	1
38.200	2
38.750	2
39.290	2
39.840	0
39.840	2
40.390	1
40.390	2
40.930	2
41.450	2
42.010	1
42.120	1
42.400	1
42.400	2
42.550	1
42.860	1
43.100	0
43.660	0
44.230	2
44.780	1
44.780	2
45.310	2
45.640	0
45.850	2
46.380	0
46.380	2
46.730	0
46.930	0
46.930	1
46.930	2
47.470	2
48.030	2
48.580	0
48.580	2
49.110	1
49.110	2
49.650	2
50.160	2
50.170	0
50.740	2
51.290	1
51.290	2
51.630	1
52.380	0
53.500	1
53.500	2
54.050	2
54.580	2
55.140	2
55.470	0
55.660	1
55.660	2
56.210	2
56.740	0
56.740	2
57.300	2
57.850	1
58.410	2
58.910	2
60.040	1
60.190	1
60.570	0
60.570	2
60.900	1
61.100	0
61.480	1
62.220	1
62.770	2
63.090	0
63.310	2
63.860	2
64.190	0
64.400	0
64.400	1
64.400	2
65.480	0
65.490	2
66.050	2
66.600	1
66.600	2
67.130	2
67.670	2
67.990	1
68.190	2
68.730	0
68.730	2
69.800	0
69.800	1
69.800	2
70.370	2
70.890	1
70.890	2
71.470	2
72.000	0
72.000	2
72.890	0
73.100	1
73.420	0
73.420	2
73.970	0
73.970	2
74.190	0
74.190	2
74.760	2
75.870	1
77.210	0
77.210	2
77.450	0
78.020	1
78.020	2
78.320	0
78.550	0
79.420	0
79.420	2
79.660	1
79.960	0
79.960	2
80.480	0
80.480	2
80.730	2
81.040	0
81.040	2
81.560	0
81.800	1
82.120	0
82.120	2
82.910	0
82.910	2
83.460	2
83.780	0
83.780	2
84.000	1
84.000	2
84.540	2
84.830	0
84.830	2
85.070	0
85.070	2
85.620	2
86.150	1
86.460	1
88.360	1
88.360	2
88.910	2
89.440	0
89.440	2
90.520	1
90.520	2
91.620	0
91.620	2
92.710	0
92.710	1
92.710	2
93.250	2
94.680	0
94.900	1
94.900	2
95.440	2
95.970	0
97.080	1
97.080	2
97.630	2
99.070	0
99.070	2
99.300	1
99.620	0
99.620	2
100.160	0
100.160	2
100.370	0
100.930	2
101.230	0
101.450	0
101.450	1
101.450	2
102.010	2
102.320	0
103.960	0
103.960	2
104.710	0
