0.010	0
0.560	0
1.120	0
1.120	2
1.660	0
2.220	0
3.840	0
3.840	2
4.100	2
4.370	0
4.370	2
6.010	0
6.010	2
6.270	2
7.100	0
7.100	2
7.650	0
8.200	0
8.200	2
8.760	0
9.830	0
10.380	0
10.940	0
11.480	0
11.480	2
12.020	0
12.570	0
12.740	2
13.110	0
13.110	2
13.660	0
14.740	0
14.740	2
15.840	2
16.800	2
16.920	0
16.920	2
17.480	0
19.110	0
19.110	2
19.660	0
20.200	0
20.200	2
21.280	0
21.820	0
22.360	0
22.360	2
22.930	0
23.490	0
23.490	2
24.030	0
25.660	0
25.660	2
26.760	0
26.760	2
27.840	0
27.840	2
28.930	0
28.930	2
30.030	0
30.030	2
30.580	0
30.580	2
32.730	0
33.270	0
33.830	0
