0.480	1
0.660	2
0.830	1
0.990	1
1.720	2
2.840	2
3.960	2
4.890	1
8.340	2
9.220	1
10.490	2
12.150	0
13.780	2
15.960	2
19.210	2
20.290	2
23.590	2
31.220	2
33.390	2
34.490	2
35.580	2
37.770	2
38.860	2
39.950	2
41.060	2
42.120	2
43.230	2
44.330	2
45.420	2
46.500	2
47.600	2
49.770	2
50.310	2
50.840	2
51.950	2
53.030	2
54.130	2
55.210	2
56.650	1
57.380	2
58.490	2
59.040	0
59.600	2
61.780	2
62.870	2
63.400	0
63.940	2
65.030	2
66.110	2
68.290	2
69.400	2
73.780	2
74.670	2
74.860	2
75.920	2
78.130	2
79.220	2
80.320	2
81.400	2
83.590	2
84.700	2
86.850	2
87.960	2
89.070	2
90.120	2
91.220	2
92.300	2
92.830	0
93.220	2
93.400	2
94.480	2
95.560	1
95.930	2
