0.630	1
0.630	2
1.100	1
1.100	2
1.540	0
1.970	0
1.980	2
2.400	0
2.820	0
2.830	2
3.260	0
3.710	0
4.130	0
4.570	0
5.030	0
5.470	0
5.470	1
5.470	2
5.910	0
6.320	0
6.330	2
6.770	0
7.200	0
7.200	2
7.620	0
8.050	0
8.490	0
8.940	0
8.940	1
8.940	2
9.380	0
9.800	0
10.240	0
10.680	0
11.110	0
11.990	0
12.420	0
12.420	2
12.870	0
13.290	0
13.730	0
14.150	0
14.580	0
15.020	0
15.480	0
15.910	0
15.910	1
15.910	2
16.780	0
16.780	1
16.780	2
17.210	0
17.640	0
17.640	2
18.060	0
18.510	0
18.510	1
18.510	2
18.950	0
19.380	0
19.380	2
19.800	0
20.250	0
20.250	1
20.250	2
20.690	0
21.130	0
21.130	2
21.550	0
21.990	0
22.000	1
22.430	0
22.850	0
22.850	1
22.850	2
23.300	0
23.720	0
24.170	0
24.610	0
24.610	2
25.040	0
25.480	0
25.480	2
25.920	0
26.360	0
26.360	1
26.360	2
26.790	0
27.220	0
27.230	1
27.230	2
27.660	0
28.090	0
28.090	2
28.530	0
28.980	0
28.980	2
29.420	0
29.840	0
29.840	1
29.840	2
