0.100	2
0.340	2
0.460	2
0.580	1
0.580	2
0.820	2
0.940	2
1.060	2
1.180	2
1.300	2
1.540	1
1.540	2
1.780	2
1.900	2
2.020	2
2.260	2
2.380	2
2.500	1
2.500	2
2.740	2
2.860	2
2.980	2
3.100	2
3.220	2
3.460	2
3.700	2
3.820	2
3.940	2
4.180	2
4.300	2
4.420	1
4.420	2
4.660	2
4.780	2
4.900	2
5.020	2
5.140	2
5.380	1
5.380	2
5.620	2
5.740	2
5.860	2
6.100	2
6.220	2
6.340	1
6.340	2
6.580	2
6.700	2
6.820	2
6.940	2
7.060	2
7.300	1
7.300	2
7.540	2
7.660	2
7.780	0
7.780	2
8.020	2
8.140	2
8.260	0
8.260	1
8.260	2
8.500	2
8.620	2
8.740	0
8.740	2
8.860	2
8.980	2
9.220	0
9.220	2
9.460	2
9.580	2
9.700	0
9.700	2
9.940	2
10.060	2
10.180	0
10.180	2
10.420	2
10.540	2
10.660	0
10.660	2
10.780	2
10.900	2
11.140	0
11.140	2
11.380	2
11.500	2
11.620	0
11.620	2
11.860	2
11.980	2
12.100	0
12.100	1
12.100	2
12.340	2
12.460	2
12.580	0
12.580	2
12.700	2
12.820	2
13.060	0
13.060	2
13.300	2
13.420	2
13.540	0
13.540	2
13.780	2
13.900	2
14.020	0
14.020	2
14.260	2
14.380	2
14.500	0
14.500	2
14.620	2
14.740	2
14.980	0
14.980	1
14.980	2
15.220	2
15.340	2
15.460	0
15.460	1
15.460	2
15.700	0
15.700	2
16.300	2
16.420	0
16.420	1
16.420	2
16.660	0
16.660	2
17.140	0
17.140	2
17.260	2
17.620	2
17.740	2
17.860	0
17.860	2
18.220	2
18.460	2
18.580	2
18.820	0
18.820	2
19.050	1
19.050	2
19.170	1
19.170	2
19.300	0
19.300	2
19.540	2
19.660	2
19.780	0
19.780	1
19.780	2
20.020	2
20.140	2
20.260	0
20.260	2
20.380	2
20.500	2
20.740	0
20.740	1
20.740	2
20.980	2
21.100	2
21.220	0
21.220	2
21.460	2
21.580	2
21.700	0
21.700	1
21.700	2
21.940	2
22.060	2
22.180	0
22.180	2
22.300	2
22.420	2
22.660	0
22.660	1
22.660	2
22.900	2
23.020	2
23.140	0
23.140	2
23.380	2
23.500	2
23.620	0
23.620	1
23.620	2
23.860	2
23.980	2
24.100	0
24.100	2
24.220	2
24.340	2
24.580	0
24.580	1
24.580	2
24.820	2
24.940	2
25.060	0
25.060	2
25.300	2
25.420	2
25.540	0
25.540	1
25.540	2
25.780	2
25.900	2
26.020	0
26.020	2
26.140	2
26.260	2
26.500	0
26.500	2
26.740	2
26.980	0
26.980	2
27.220	2
27.340	2
27.460	0
27.460	1
27.460	2
27.690	2
27.820	2
27.940	0
27.940	2
28.060	2
28.180	2
28.420	0
28.420	1
28.420	2
28.780	2
28.900	0
28.900	2
29.140	2
29.260	2
29.380	0
29.380	1
29.380	2
29.620	2
29.740	2
29.860	0
29.860	2
29.980	2
30.100	2
30.340	0
30.340	1
30.340	2
30.580	2
30.700	2
30.820	0
30.820	2
31.060	2
31.180	2
31.300	0
31.300	1
31.300	2
31.530	2
31.660	2
31.780	0
31.780	2
31.900	2
32.020	2
32.260	0
32.260	1
32.260	2
32.500	2
32.620	2
32.740	0
32.740	2
32.980	2
33.100	2
33.220	0
33.220	1
33.220	2
33.460	2
33.580	2
33.700	0
33.700	2
33.820	2
33.940	2
34.180	0
34.180	1
34.180	2
34.420	2
34.540	2
34.660	0
34.660	2
34.900	2
35.140	0
35.140	1
35.140	2
35.380	2
35.500	2
35.620	0
35.620	2
35.740	2
35.860	2
35.980	2
36.100	0
36.100	1
36.100	2
36.340	2
36.460	2
36.580	0
36.580	2
36.820	2
36.940	2
37.060	0
37.060	1
37.060	2
37.300	2
37.420	2
37.530	2
37.540	0
37.660	2
37.780	2
38.020	0
38.020	1
38.020	2
38.260	2
38.380	2
38.500	0
38.500	2
38.740	2
38.860	2
38.980	0
38.980	1
38.980	2
39.220	2
39.340	2
39.460	0
39.460	2
39.580	2
39.940	0
39.940	1
39.940	2
40.180	2
40.290	2
40.420	0
40.420	2
40.660	2
40.780	2
40.900	0
40.900	1
40.900	2
41.140	2
41.260	2
41.380	0
41.380	2
41.500	2
41.620	2
41.860	0
41.860	1
41.860	2
42.100	2
42.220	2
42.340	0
42.340	2
42.580	2
42.700	2
42.820	0
42.820	1
42.820	2
43.060	2
43.180	2
43.300	0
43.300	2
43.420	2
43.780	0
43.780	1
43.780	2
44.020	2
44.140	2
44.260	0
44.260	2
44.500	2
44.620	2
44.740	0
44.740	1
44.740	2
44.980	2
45.100	2
45.220	0
45.220	2
45.340	2
45.460	2
45.700	0
45.700	1
45.700	2
45.930	2
45.940	1
46.180	0
46.180	2
46.420	2
46.540	2
46.660	1
46.660	2
46.900	0
46.900	2
47.140	2
47.260	2
47.380	0
47.380	2
47.620	1
47.620	2
47.860	0
47.860	2
47.980	2
48.100	0
48.100	2
48.340	0
48.340	2
48.580	1
48.580	2
48.820	2
48.940	2
49.060	1
49.060	2
49.180	1
49.180	2
49.300	0
49.300	2
49.540	1
49.540	2
49.780	0
49.780	2
49.900	2
50.020	0
50.020	2
50.260	2
50.380	2
50.500	0
50.500	1
50.500	2
50.740	2
50.860	2
50.980	0
50.980	2
51.100	2
51.220	2
51.460	0
51.460	2
51.700	2
51.820	2
51.940	0
51.940	2
52.180	2
52.300	2
52.420	0
52.420	1
52.420	2
52.650	2
52.780	2
52.900	0
52.900	2
53.020	2
53.140	2
53.380	0
53.380	1
53.380	2
53.620	2
53.740	2
53.860	0
53.860	2
54.100	2
54.220	2
54.340	0
54.340	1
54.340	2
54.580	2
54.700	2
54.820	0
54.820	2
54.940	2
55.060	2
55.300	0
55.300	1
55.300	2
55.540	2
55.660	2
55.780	0
55.780	2
56.020	2
56.140	2
56.260	0
56.260	1
56.260	2
56.500	2
56.620	2
56.740	0
56.740	2
56.860	2
56.980	2
57.220	0
57.220	1
57.220	2
57.460	2
57.580	2
57.700	0
57.700	2
57.940	2
58.060	2
58.180	0
58.180	2
58.420	2
58.540	2
58.660	0
58.660	2
58.780	2
58.900	2
59.140	0
59.140	1
59.140	2
59.380	2
59.500	2
59.620	0
59.620	2
59.860	2
59.980	2
60.100	0
60.100	1
60.100	2
60.340	2
60.460	2
60.580	0
60.580	2
60.700	2
60.820	2
61.060	0
61.060	1
61.060	2
61.300	2
61.420	2
61.540	0
61.540	2
61.780	2
62.020	0
62.020	2
62.260	2
62.380	2
62.500	0
62.500	2
62.620	2
62.740	2
62.980	0
62.980	1
62.980	2
63.220	2
63.340	2
63.460	0
63.460	2
63.700	2
63.820	2
63.940	0
63.940	1
63.940	2
64.180	2
64.300	2
64.420	0
64.420	2
64.540	2
64.660	2
64.900	0
64.900	1
64.900	2
65.140	2
65.260	2
65.380	0
65.380	2
65.620	2
65.740	2
65.860	0
65.860	2
66.100	2
66.220	2
66.340	0
66.340	2
66.460	2
66.580	2
66.820	0
66.820	1
66.820	2
67.060	2
67.180	2
67.300	0
67.300	2
67.540	2
67.660	2
67.780	0
67.780	1
67.780	2
68.140	2
68.260	0
68.260	2
68.380	2
68.500	2
68.740	0
68.740	1
68.740	2
68.980	2
69.100	2
69.220	0
69.220	2
69.460	2
69.580	2
69.700	0
69.700	1
69.700	2
69.940	2
70.060	2
70.180	0
70.180	2
70.300	2
70.420	2
70.660	0
70.660	1
70.660	2
70.900	2
71.020	2
71.140	0
71.140	2
71.380	2
71.500	2
71.620	0
71.620	1
71.620	2
71.860	2
71.980	2
72.100	0
72.100	2
72.220	2
72.340	2
72.580	0
72.580	1
72.580	2
72.820	2
72.940	2
73.060	0
73.060	2
73.300	2
73.420	2
73.540	0
73.540	1
73.540	2
73.780	2
73.900	2
74.020	0
74.020	2
74.140	2
74.260	2
74.500	0
74.500	1
74.500	2
74.740	2
74.860	2
74.980	0
74.980	2
75.220	2
75.340	2
75.460	0
75.460	1
75.460	2
75.700	2
75.820	2
75.940	0
75.940	2
76.060	2
76.180	2
76.420	0
76.420	1
76.420	2
76.660	2
76.780	2
76.900	0
76.900	2
77.140	2
77.260	2
77.380	0
77.380	1
77.380	2
77.620	2
77.740	2
77.860	0
77.860	2
77.980	2
78.100	2
78.340	0
78.340	1
78.340	2
78.580	2
78.700	2
78.820	0
78.820	2
79.060	2
79.180	2
79.300	0
79.300	1
79.300	2
79.540	2
79.660	2
79.780	0
79.780	2
79.900	2
80.020	2
80.260	0
80.260	1
80.260	2
80.500	2
80.620	2
80.740	0
80.740	2
80.980	2
81.220	0
81.220	1
81.220	2
81.460	2
81.700	0
81.700	2
81.820	2
81.940	2
82.180	0
82.180	1
82.180	2
82.420	2
82.540	2
82.660	0
82.660	2
82.900	2
83.140	0
83.140	1
83.140	2
83.380	0
83.380	2
83.500	2
83.620	0
83.620	2
83.740	2
83.860	1
83.860	2
84.100	0
84.100	1
84.100	2
84.340	2
84.580	0
84.580	2
84.820	2
85.060	0
85.060	2
85.300	2
85.420	2
85.540	0
85.540	2
85.660	2
85.780	2
86.020	0
86.020	1
86.020	2
86.260	2
86.380	2
86.500	0
86.500	2
86.740	2
86.860	2
86.980	0
86.980	2
87.220	2
87.340	2
87.460	0
87.460	2
87.580	2
87.700	2
87.940	0
87.940	2
88.180	2
88.300	2
88.420	0
88.420	2
88.660	2
88.900	0
88.900	1
88.900	2
89.140	2
89.260	2
89.380	0
89.380	2
89.500	2
89.620	2
89.860	0
89.860	1
89.860	2
90.100	2
90.220	2
90.340	0
90.340	2
90.580	2
90.700	2
90.820	0
90.820	1
90.820	2
91.060	2
91.180	2
91.300	0
91.300	2
91.420	2
91.540	2
91.780	0
91.780	1
91.780	2
92.020	2
92.140	2
92.260	0
92.260	2
92.500	2
92.620	2
92.740	0
92.740	1
92.740	2
92.980	2
93.100	2
93.220	0
93.220	2
93.340	2
93.460	2
93.700	0
93.700	1
93.700	2
93.940	2
94.060	2
94.180	0
94.180	2
94.420	2
94.540	2
94.660	0
94.660	1
94.660	2
94.900	2
95.020	2
95.140	0
95.140	2
95.260	2
95.380	2
95.620	0
95.620	2
95.860	2
95.980	2
96.100	0
96.100	2
96.340	2
96.460	2
96.580	0
96.580	1
96.580	2
96.820	2
96.940	2
97.060	0
97.060	2
97.180	2
97.300	2
97.540	0
97.540	1
97.540	2
97.780	2
97.900	2
98.020	0
98.020	2
98.260	2
98.380	2
98.500	0
98.500	1
98.500	2
98.740	2
98.860	2
98.980	0
98.980	2
99.100	2
99.220	2
99.460	0
99.460	1
99.460	2
99.700	2
99.820	2
99.940	0
99.940	2
100.180	2
100.300	2
100.420	0
100.420	1
100.420	2
100.660	2
100.780	2
100.900	0
100.900	2
101.020	2
101.140	2
101.380	0
101.380	1
101.380	2
101.620	2
101.740	2
101.860	0
101.860	2
102.100	2
102.220	2
102.340	0
102.340	1
102.340	2
102.580	2
102.700	2
102.820	0
102.820	2
102.940	2
103.060	2
103.300	0
103.300	1
103.300	2
103.540	2
103.660	2
103.780	0
103.780	2
104.020	2
104.140	2
104.260	0
104.260	1
104.260	2
104.620	2
104.740	0
104.740	2
104.860	2
104.980	2
105.220	0
105.220	1
105.220	2
105.460	2
105.580	2
105.700	0
105.700	2
105.940	2
106.060	2
106.180	0
106.180	1
106.180	2
106.420	2
106.540	2
106.660	0
106.660	2
106.780	0
106.780	2
106.900	2
107.140	0
107.140	1
107.140	2
107.380	2
107.500	2
107.620	0
107.620	2
107.860	2
107.980	2
108.100	0
108.100	1
108.100	2
108.340	2
108.460	2
108.580	0
108.580	2
108.700	2
108.820	2
109.060	0
109.060	1
109.060	2
109.300	2
109.420	2
109.540	0
109.540	2
109.780	2
109.900	2
110.020	0
110.020	1
110.020	2
110.260	2
110.380	2
110.500	0
110.500	2
110.620	2
110.740	2
110.980	0
110.980	1
110.980	2
111.220	2
111.340	2
111.460	0
111.460	2
111.690	2
111.940	0
111.940	1
111.940	2
112.180	2
112.420	0
112.420	2
112.540	1
112.540	2
112.650	2
112.900	0
112.900	1
112.900	2
113.140	2
113.380	0
113.380	2
113.620	2
113.740	2
113.860	0
113.860	1
113.860	2
114.100	2
114.220	2
114.340	0
114.340	2
114.460	2
114.580	2
114.820	0
114.820	1
114.820	2
115.050	2
115.060	1
115.300	0
115.300	2
115.540	2
115.660	2
115.780	1
115.780	2
116.020	0
116.020	2
116.260	2
116.380	2
116.500	0
116.500	2
116.740	1
116.740	2
116.980	0
116.980	2
117.100	2
117.220	0
117.220	2
117.460	0
117.460	2
117.700	1
117.700	2
117.940	2
118.060	2
118.180	1
118.180	2
118.300	1
118.300	2
118.420	0
118.420	2
118.660	1
118.660	2
118.890	2
118.900	0
119.020	2
119.140	0
119.140	2
119.380	2
119.500	2
119.620	0
119.620	1
119.620	2
119.860	2
119.980	2
120.100	0
120.100	2
120.220	2
120.340	2
120.580	0
120.580	1
120.580	2
120.820	2
120.940	2
121.060	0
121.060	2
121.300	2
121.420	2
121.540	0
121.540	1
121.540	2
121.780	2
121.900	2
122.020	0
122.020	2
122.140	2
122.500	0
122.500	1
122.500	2
122.740	2
122.860	2
122.980	0
122.980	2
123.220	2
123.340	2
123.460	0
123.460	1
123.460	2
123.700	2
123.820	2
123.940	0
123.940	2
124.060	2
124.180	2
124.420	0
124.420	1
124.420	2
124.660	2
124.780	2
124.890	2
124.900	0
125.140	2
125.260	2
125.380	0
125.380	1
125.380	2
125.620	2
125.740	2
125.860	0
125.860	2
125.980	2
126.100	2
126.340	0
126.340	1
126.340	2
126.580	2
126.700	2
126.820	0
127.060	2
127.180	2
127.300	0
127.300	1
127.300	2
127.540	2
127.660	2
127.780	0
127.780	2
127.900	2
128.020	2
128.260	0
128.260	1
128.260	2
128.500	2
128.620	2
128.740	0
128.740	2
128.980	2
129.100	2
129.220	0
129.220	1
129.220	2
129.460	2
129.580	2
129.700	0
129.700	2
129.820	2
130.180	0
130.180	1
130.180	2
130.420	2
130.540	2
130.650	2
130.660	0
130.900	2
131.020	2
131.140	0
131.140	1
131.140	2
131.360	2
131.500	2
131.620	0
131.620	2
131.740	2
131.860	2
132.100	0
132.100	1
132.100	2
132.320	2
132.460	2
132.580	0
132.580	2
132.820	2
132.940	2
133.060	0
133.060	1
133.060	2
133.300	2
133.420	2
133.540	0
133.540	2
133.660	2
133.780	2
134.020	0
134.020	1
134.020	2
134.260	2
134.380	2
134.500	0
134.500	2
134.740	2
134.860	2
134.980	0
134.980	2
135.220	2
135.340	2
135.460	0
135.460	2
135.580	2
135.700	2
135.940	0
135.940	1
135.940	2
136.180	2
136.300	2
136.420	0
136.420	2
136.660	2
136.780	2
136.900	0
136.900	2
137.140	2
137.260	2
137.380	0
137.380	2
137.500	2
137.620	2
137.860	0
137.860	1
137.860	2
138.100	2
138.220	2
138.340	0
138.340	2
138.580	2
138.700	2
138.820	0
138.820	1
138.820	2
139.060	2
139.180	2
139.300	0
139.300	2
139.420	2
139.540	2
139.780	0
139.780	1
139.780	2
140.020	2
140.140	2
140.260	0
140.260	2
140.500	2
140.620	2
140.740	0
140.740	1
140.740	2
140.980	2
141.100	2
141.220	0
141.220	2
141.340	2
141.460	2
141.700	0
141.700	1
141.700	2
141.940	2
142.060	2
142.180	0
142.180	2
142.420	2
142.540	2
142.660	0
142.660	2
142.900	2
143.020	2
143.140	0
143.140	2
143.260	2
143.380	2
143.620	0
143.620	1
143.620	2
143.980	2
144.100	0
144.100	2
144.340	2
144.460	2
144.580	0
144.580	1
144.580	2
144.820	2
144.940	2
145.060	0
145.060	2
145.180	2
145.300	2
145.540	0
145.540	1
145.540	2
145.780	2
145.900	2
146.020	0
146.020	2
146.260	2
146.380	2
146.500	0
146.500	1
146.500	2
146.740	2
146.860	2
146.980	0
146.980	2
147.100	2
147.220	2
147.460	0
147.460	2
147.700	2
147.820	2
147.940	0
147.940	2
148.180	2
148.300	2
148.420	0
148.420	1
148.420	2
148.660	2
148.780	2
148.900	0
148.900	2
149.020	2
149.140	2
149.380	0
149.380	2
149.620	2
149.740	2
149.860	2
150.100	2
150.220	2
150.340	2
150.580	2
150.700	2
150.820	2
150.940	2
151.060	2
151.300	2
151.540	2
151.660	2
151.780	2
152.020	2
152.140	2
152.260	2
152.500	2
152.620	2
152.740	2
152.860	2
152.980	2
153.220	1
153.220	2
153.460	2
153.580	2
153.700	2
153.940	2
154.060	2
154.180	1
154.180	2
154.420	2
154.540	2
154.660	2
154.780	2
154.900	2
155.140	2
155.380	2
155.500	2
155.620	2
155.860	2
155.980	2
156.100	2
156.340	2
156.460	2
156.580	2
156.700	2
156.820	2
157.060	1
157.060	2
157.300	2
157.420	2
157.540	2
157.780	2
157.900	2
158.020	1
158.020	2
158.260	2
158.380	2
158.500	2
158.620	2
158.740	2
158.980	1
158.980	2
159.220	2
159.340	2
159.460	2
159.700	2
159.820	2
159.940	1
159.940	2
160.180	2
160.300	2
160.420	2
160.540	2
160.660	2
160.900	1
160.900	2
161.140	2
161.260	2
161.380	0
161.380	2
161.620	2
161.740	2
161.860	0
161.860	2
162.100	2
162.220	2
162.340	0
162.340	2
162.460	2
162.580	2
162.820	0
162.820	2
163.060	2
163.180	2
163.300	0
163.300	2
163.540	2
163.660	2
163.780	0
163.780	1
163.780	2
164.020	2
164.140	2
164.260	0
164.260	2
164.380	2
164.500	2
164.740	0
164.740	1
164.740	2
164.980	2
165.100	2
165.220	0
165.220	2
165.460	2
165.580	2
165.700	0
165.700	2
165.940	2
166.060	2
166.180	0
166.180	2
166.300	2
166.420	2
166.660	0
166.660	2
166.900	2
167.020	2
167.140	0
167.140	2
167.380	2
167.500	2
167.620	0
167.620	1
167.620	2
167.860	2
167.980	2
168.100	0
168.100	2
168.220	2
168.340	2
168.580	0
168.580	2
168.820	2
168.940	2
169.060	0
169.060	1
169.060	2
169.300	0
169.300	2
170.020	0
170.020	1
170.020	2
170.260	0
170.260	2
170.730	0
170.740	2
171.460	0
171.460	2
172.180	2
172.420	0
172.420	2
172.650	1
172.650	2
172.770	1
172.770	2
172.900	0
172.900	2
173.140	2
173.260	2
173.380	0
173.380	1
173.380	2
173.620	2
173.740	2
173.860	0
173.860	2
173.980	2
174.100	2
174.340	0
174.340	1
174.340	2
174.580	2
174.700	2
174.820	0
174.820	2
175.060	2
175.180	2
175.300	0
175.300	1
175.300	2
175.540	2
175.660	2
175.780	0
175.780	2
175.900	2
176.020	2
176.260	0
176.260	1
176.260	2
176.500	2
176.620	2
176.740	0
176.740	2
176.980	2
177.100	2
177.220	0
177.220	1
177.220	2
177.460	2
177.580	2
177.700	0
177.700	2
177.820	2
177.940	2
178.180	0
178.180	1
178.180	2
178.420	2
178.540	2
178.660	0
178.660	2
178.900	2
179.020	2
179.140	0
179.140	1
179.140	2
179.380	2
179.500	2
179.620	0
179.620	2
179.740	2
179.860	2
180.100	0
180.100	1
180.100	2
180.340	2
180.460	2
180.580	0
180.580	2
180.820	2
180.940	2
181.060	0
181.060	1
181.060	2
181.300	2
181.420	2
181.540	0
181.540	2
181.660	2
181.780	2
182.020	0
182.020	1
182.020	2
182.260	2
182.380	2
182.500	0
182.500	2
182.740	2
182.860	2
182.980	0
182.980	1
182.980	2
183.220	2
183.340	2
183.460	0
183.460	2
183.580	2
183.700	2
183.940	0
183.940	1
183.940	2
184.180	2
184.300	2
184.420	0
184.420	2
184.660	2
184.780	2
184.900	0
184.900	1
184.900	2
185.140	2
185.380	0
185.380	2
185.500	2
185.620	2
185.860	0
185.860	1
185.860	2
186.100	2
186.220	2
186.340	0
186.340	2
186.580	2
186.700	2
186.810	0
186.810	2
187.050	0
187.060	2
187.180	2
187.300	0
187.300	2
187.420	2
187.540	2
187.780	0
187.780	1
187.780	2
188.020	2
188.130	1
188.130	2
188.260	0
188.260	2
188.500	2
188.620	2
188.740	0
188.740	1
188.740	2
188.980	2
189.220	0
189.220	2
189.340	2
189.460	0
189.460	2
189.700	0
189.700	1
189.700	2
189.940	2
190.060	2
190.180	0
190.180	2
190.420	2
190.540	2
190.660	0
190.660	1
190.660	2
190.900	2
191.020	2
191.140	0
191.140	2
191.260	2
191.380	2
191.620	0
191.620	1
191.620	2
191.860	2
191.980	2
192.100	0
192.100	2
192.340	2
192.460	2
192.580	0
192.580	1
192.580	2
192.820	2
192.940	2
193.060	0
193.060	2
193.180	2
193.300	2
193.540	0
193.540	1
193.540	2
193.780	2
193.900	2
194.010	0
194.010	2
194.260	2
194.380	2
194.500	0
194.500	1
194.500	2
194.740	2
194.980	0
194.980	2
195.100	2
195.220	2
195.460	0
195.460	1
195.460	2
195.690	1
195.690	2
195.820	2
195.940	0
195.940	2
196.180	2
196.300	2
196.420	0
196.420	1
196.420	2
196.660	2
196.780	2
196.900	0
196.900	2
197.020	2
197.140	2
197.380	0
197.380	2
197.620	2
197.740	2
197.860	0
197.860	2
198.100	2
198.220	2
198.340	0
198.340	1
198.340	2
198.580	2
198.700	2
198.820	0
198.820	2
198.940	2
199.060	2
199.300	0
199.300	1
199.300	2
199.540	2
199.660	2
199.780	0
199.780	2
200.020	2
200.140	2
200.260	0
200.260	2
200.500	2
200.740	0
200.740	2
200.860	2
200.980	2
201.220	0
201.220	1
201.220	2
201.460	2
201.580	2
201.700	0
201.700	2
201.940	2
202.060	2
202.180	0
202.180	2
202.420	2
202.540	2
202.660	0
202.660	2
202.780	2
202.900	2
203.140	0
203.140	2
203.370	1
203.370	2
203.500	2
203.510	1
203.620	0
203.620	2
203.860	2
203.980	2
204.100	0
204.100	2
204.340	2
204.460	2
204.580	0
204.580	2
204.700	2
204.820	2
205.060	0
205.060	1
205.060	2
205.300	2
205.420	2
205.540	0
205.540	2
205.780	2
205.900	2
206.020	0
206.020	2
206.380	2
206.500	0
206.500	2
206.620	2
206.740	2
206.980	0
206.980	2
207.220	2
207.340	2
207.460	0
207.460	2
207.700	2
207.820	2
207.940	0
207.940	1
207.940	2
208.180	2
208.300	2
208.420	0
208.420	2
208.540	2
208.660	2
208.900	0
208.900	1
208.900	2
209.140	2
209.260	2
209.380	0
209.380	2
209.620	2
209.740	2
209.860	0
209.860	1
209.860	2
210.100	2
210.220	2
210.340	0
210.340	2
210.460	2
210.580	2
210.820	0
210.820	1
210.820	2
211.060	2
211.180	2
211.300	0
211.540	2
211.660	2
211.780	0
211.780	2
212.020	2
212.140	2
212.260	0
212.260	2
212.380	2
212.500	2
212.730	2
212.740	0
212.740	1
213.100	2
213.220	0
213.220	2
213.460	2
213.580	2
213.700	0
213.700	2
213.940	2
214.060	2
214.180	0
214.180	2
214.300	2
214.420	2
214.660	0
214.660	2
214.900	2
215.020	2
215.140	0
215.140	2
215.380	2
215.500	2
215.620	0
215.620	2
215.860	2
215.980	2
216.100	0
216.100	2
216.220	2
216.340	2
216.580	0
216.580	1
216.580	2
216.820	2
216.940	2
217.060	0
217.060	2
217.300	2
217.420	2
217.540	0
217.540	2
217.780	2
217.900	2
218.020	0
218.020	2
218.140	2
218.260	2
218.500	0
218.500	1
218.500	2
218.740	2
218.860	2
218.980	0
218.980	2
219.220	2
219.340	2
219.460	0
219.460	2
219.700	2
219.820	2
219.940	0
219.940	2
220.060	2
220.180	2
220.420	0
220.420	1
220.420	2
220.660	2
220.780	2
220.900	0
220.900	2
221.140	2
221.260	2
221.380	0
221.380	2
221.620	2
221.740	2
221.860	0
221.860	2
221.980	2
222.100	2
222.340	0
222.340	1
222.340	2
222.580	2
222.700	2
222.820	0
222.820	2
223.060	2
223.180	2
223.300	0
223.300	1
223.300	2
223.540	2
223.660	2
223.780	0
223.780	2
223.900	2
224.020	2
224.260	0
224.260	1
224.260	2
224.500	2
224.620	2
224.740	0
224.740	2
224.980	2
225.100	2
225.220	0
225.220	1
225.220	2
225.460	2
225.580	2
225.700	0
225.700	2
225.820	2
225.940	2
226.180	0
226.180	1
226.180	2
226.420	2
226.540	2
226.660	0
226.900	2
227.020	2
227.140	0
227.140	1
227.140	2
227.380	2
227.500	2
227.620	0
227.620	2
227.740	2
227.860	2
228.100	0
228.100	1
228.100	2
228.340	2
228.460	2
228.580	0
228.580	2
228.820	2
228.940	2
229.060	0
229.060	1
229.060	2
229.300	2
229.420	2
229.540	0
229.540	2
229.660	2
229.780	2
230.020	0
230.020	1
230.020	2
230.260	2
230.380	2
230.500	0
230.500	2
230.740	2
230.860	2
230.980	0
230.980	2
231.220	2
231.340	2
231.460	0
231.460	2
231.580	2
231.700	2
231.940	0
231.940	1
231.940	2
232.180	2
232.300	2
232.420	0
232.420	2
232.660	2
232.780	2
232.900	0
232.900	1
232.900	2
233.140	2
233.260	2
233.380	0
233.380	2
233.500	2
233.620	2
233.860	0
233.860	1
233.860	2
234.100	2
234.220	2
234.340	0
234.340	2
234.580	2
234.820	0
234.820	2
235.060	2
235.300	0
235.300	2
235.420	2
235.540	0
235.540	2
235.780	0
235.780	2
236.020	2
236.260	0
236.260	2
236.500	2
236.740	0
236.740	2
236.980	2
237.220	0
237.220	2
237.340	2
237.460	2
237.700	0
237.700	1
237.700	2
237.940	2
238.180	0
238.180	2
238.420	2
238.660	0
238.660	2
238.900	0
238.900	2
239.140	0
239.140	2
239.260	2
239.380	0
239.380	2
239.620	0
239.620	1
239.620	2
239.850	0
239.860	2
240.100	0
240.100	2
240.340	2
240.580	0
240.580	1
240.580	2
240.820	2
241.060	0
241.060	2
241.180	2
241.300	2
241.540	0
241.540	1
241.540	2
241.770	2
241.780	1
242.020	0
242.020	2
242.260	0
242.260	2
