0.070	2
0.680	2
1.300	2
1.910	2
2.410	0
2.510	0
2.510	2
3.130	2
3.630	0
3.740	1
3.740	2
3.940	0
4.050	1
4.050	2
4.250	0
4.360	0
4.360	2
4.550	0
4.550	1
4.550	2
4.660	1
4.660	2
4.860	1
4.860	2
4.960	0
5.270	0
5.270	2
5.580	0
5.580	2
6.090	0
6.190	0
6.190	2
6.390	0
6.500	2
6.700	0
7.110	1
7.110	2
7.410	0
7.720	0
7.720	2
8.030	0
8.030	2
8.540	0
8.640	0
8.640	2
8.840	0
8.950	2
9.150	0
9.250	0
9.560	1
9.860	0
10.170	0
10.470	0
10.980	0
11.090	0
11.090	2
11.290	0
11.400	2
11.590	0
11.700	0
11.700	2
12.010	1
12.010	2
12.310	0
12.620	0
12.620	2
12.930	0
13.430	0
13.430	1
13.430	2
13.740	1
13.740	2
13.840	1
13.840	2
14.960	0
14.960	2
15.070	1
15.260	2
15.270	0
15.370	0
15.370	2
15.680	1
15.680	2
15.980	0
15.980	2
15.990	1
16.290	1
16.290	2
16.560	2
16.820	2
16.900	1
16.900	2
17.110	0
17.210	2
17.410	0
17.410	2
17.510	1
17.720	0
17.720	2
17.800	2
18.120	0
18.120	1
18.120	2
18.430	0
18.430	2
18.740	1
18.740	2
19.070	2
19.170	2
19.270	2
19.350	1
19.350	2
19.550	0
19.660	2
19.860	0
19.860	2
19.960	1
19.960	2
20.170	0
20.170	2
20.270	0
20.270	2
20.580	2
20.590	1
20.880	0
20.880	1
20.880	2
21.190	1
21.190	2
21.520	2
21.620	2
21.800	1
21.800	2
22.010	0
22.310	0
22.310	2
22.410	1
22.620	0
22.620	2
22.710	0
22.710	2
23.020	1
23.020	2
23.330	0
23.330	1
23.330	2
23.640	1
23.640	2
24.250	1
24.250	2
24.450	0
24.450	2
24.560	2
24.760	0
24.760	2
24.860	1
24.860	2
25.070	0
25.070	2
25.170	0
25.170	2
25.470	1
25.470	2
25.780	0
25.780	1
25.780	2
26.080	2
26.090	1
26.420	2
26.620	2
26.700	1
26.900	0
27.210	0
27.210	2
27.310	1
27.310	2
27.510	0
27.510	2
27.620	0
27.620	2
27.920	1
27.920	2
28.160	2
28.230	0
28.230	1
28.230	2
28.530	0
28.530	1
28.530	2
28.860	2
28.960	2
29.070	2
29.150	1
29.150	2
29.350	0
29.350	2
29.660	0
29.660	2
29.760	1
29.760	2
29.970	0
29.970	2
30.060	0
30.070	2
30.370	1
30.370	2
30.680	0
30.680	1
30.680	2
30.980	1
30.980	2
31.410	2
31.510	2
31.600	1
31.800	0
31.800	2
31.910	2
32.110	0
32.110	2
32.210	1
32.210	2
32.410	0
32.410	2
32.510	0
32.510	2
32.820	1
32.820	2
33.130	0
33.130	2
33.430	0
33.430	1
33.430	2
33.740	0
33.740	2
33.940	1
33.940	2
34.050	1
34.350	0
34.350	2
34.960	0
34.960	2
35.270	1
35.580	0
35.580	2
35.880	1
35.880	2
36.090	0
36.190	2
36.390	0
36.490	1
36.490	2
36.800	0
36.800	2
37.110	1
37.110	2
37.410	0
37.410	2
37.720	1
38.030	0
38.030	2
38.330	1
38.330	2
38.530	0
38.640	2
38.840	0
38.940	1
38.940	2
39.230	0
39.230	2
39.550	1
39.550	2
39.860	0
39.860	2
40.170	1
40.170	2
40.360	0
40.480	0
40.480	2
40.670	0
40.780	1
40.780	2
40.980	0
41.290	0
41.390	1
41.390	2
41.700	0
41.700	2
42.000	1
42.000	2
42.310	0
42.310	2
42.620	1
42.620	2
42.820	0
43.120	0
43.230	1
43.230	2
44.140	0
44.140	2
44.450	1
44.450	2
44.740	0
44.740	2
44.970	2
45.070	1
45.370	0
45.370	2
45.570	0
45.680	1
45.680	2
45.880	0
45.880	2
45.990	2
46.190	0
46.190	2
46.290	1
46.290	2
46.600	0
46.600	2
46.900	1
46.900	2
47.120	2
47.210	0
47.420	2
47.510	1
47.510	2
47.820	0
47.820	2
48.130	1
48.130	2
48.330	0
48.640	0
48.640	2
48.740	1
48.740	2
49.050	0
49.050	2
49.350	1
49.350	2
49.650	0
49.650	2
49.960	2
49.970	1
50.270	0
50.270	2
50.580	1
50.780	0
50.780	2
51.080	0
51.190	1
51.190	2
51.490	0
51.490	2
51.800	0
51.800	1
51.800	2
52.100	0
52.100	2
52.410	1
52.410	2
52.720	0
52.720	2
53.020	2
53.030	1
53.220	0
53.220	2
53.340	2
53.540	0
53.540	1
53.540	2
53.640	1
53.940	0
53.940	2
54.250	0
54.250	1
54.250	2
54.560	0
54.860	1
54.860	2
55.170	0
55.170	2
55.370	0
55.480	2
55.680	0
55.790	2
55.990	0
55.990	2
56.090	1
56.090	2
56.390	0
56.390	2
56.700	1
56.700	2
56.910	2
57.000	0
57.220	2
57.310	1
57.310	2
57.510	0
57.620	0
57.620	2
57.810	0
57.920	1
57.920	2
58.120	0
58.440	0
58.440	2
58.540	1
58.840	0
58.840	2
59.150	1
59.450	0
59.450	2
59.760	1
59.760	2
60.070	0
60.070	2
60.370	1
60.570	0
60.880	0
60.980	2
60.990	1
61.290	0
61.290	2
61.600	0
61.600	1
61.600	2
61.900	0
61.900	2
62.180	2
62.210	1
62.400	0
62.490	2
62.820	1
62.820	2
63.020	0
63.020	2
63.330	0
63.330	1
63.330	2
63.740	0
64.050	0
64.360	0
64.860	0
64.960	0
64.960	2
64.970	1
65.170	0
65.270	1
65.270	2
65.480	0
65.580	0
65.880	2
65.890	1
66.190	0
66.490	0
66.810	0
67.310	0
67.410	0
67.410	2
67.420	1
67.630	0
67.720	1
67.720	2
67.930	0
68.030	0
68.030	1
68.030	2
68.330	1
68.330	2
68.640	0
68.950	0
69.250	0
69.760	0
69.860	0
69.860	1
69.860	2
70.080	0
70.170	1
70.170	2
70.380	0
70.480	0
70.780	1
70.780	2
71.090	0
71.400	0
71.700	0
72.210	0
72.310	0
72.310	1
72.310	2
72.520	0
72.620	1
72.620	2
72.830	0
73.230	0
73.230	1
73.230	2
73.740	0
73.840	1
73.840	2
74.050	0
74.150	0
74.150	2
74.450	1
74.660	2
74.760	0
74.760	2
75.070	1
75.070	2
75.290	2
75.400	2
75.500	2
75.600	2
75.680	1
75.880	0
75.880	2
75.990	2
76.190	0
76.190	2
76.290	1
76.290	2
76.490	0
76.490	2
76.600	0
76.600	2
76.900	1
76.900	2
77.060	2
77.210	0
77.210	1
77.210	2
77.510	0
77.510	1
77.510	2
77.840	2
78.050	2
78.130	1
78.330	0
78.430	2
78.640	0
78.640	2
78.720	2
78.740	1
78.940	0
78.940	2
79.000	2
79.050	0
79.350	1
79.350	2
79.660	0
79.660	1
79.660	2
79.960	1
79.960	2
80.300	2
80.390	2
80.580	1
80.580	2
80.780	0
80.890	2
81.090	0
81.090	2
81.190	1
81.190	2
81.390	0
81.390	2
81.490	2
81.500	0
81.800	1
81.800	2
82.100	0
82.100	2
82.310	2
82.410	1
82.410	2
82.730	2
82.840	2
83.020	2
83.030	1
83.230	0
83.230	2
83.340	2
83.540	0
83.540	2
83.640	1
83.640	2
83.840	0
83.840	2
83.940	0
83.940	2
84.250	1
84.250	2
84.550	0
84.860	0
84.860	1
84.860	2
85.190	2
85.400	2
85.480	1
85.680	0
85.790	2
85.980	0
85.980	2
86.090	1
86.290	0
86.290	2
86.390	0
86.390	2
86.700	1
86.700	2
87.010	0
87.010	1
87.010	2
87.310	0
87.310	1
87.310	2
87.640	2
87.740	2
87.920	1
87.920	2
88.120	0
88.120	2
88.430	0
88.430	2
88.540	1
88.740	0
88.740	2
88.840	0
88.840	2
89.150	1
89.150	2
89.300	2
89.450	0
89.450	2
89.760	1
89.760	2
90.370	1
90.510	2
90.570	0
90.880	0
90.880	2
90.980	1
90.980	2
91.190	0
91.290	0
91.290	2
91.590	2
91.600	1
91.900	0
91.900	2
92.210	1
92.210	2
92.520	0
92.520	2
92.720	1
92.720	2
92.820	1
93.130	0
93.130	2
93.740	0
93.740	2
94.020	2
94.050	1
94.350	0
94.350	2
94.660	1
94.660	2
94.860	0
94.970	2
95.170	0
95.270	1
95.270	2
95.580	0
95.580	2
95.880	1
95.880	2
96.190	0
96.190	2
96.460	2
96.500	1
96.690	0
96.700	2
96.800	0
97.110	1
97.110	2
97.310	0
97.310	2
97.420	2
97.620	0
97.720	1
97.720	2
98.020	0
98.020	2
98.330	0
98.330	1
98.330	2
98.640	0
98.640	2
98.940	1
98.940	2
99.140	0
99.250	0
99.250	2
99.550	2
99.560	1
99.740	0
99.740	2
99.870	2
100.070	0
100.170	1
100.170	2
100.470	0
100.470	2
100.780	1
100.780	2
101.080	0
101.080	2
101.390	1
101.390	2
101.590	0
102.000	1
102.920	0
102.920	1
102.920	2
103.230	0
103.230	1
103.230	2
103.530	0
103.530	2
103.840	1
103.840	2
104.150	0
104.150	2
104.460	2
104.660	0
104.970	0
104.970	2
105.060	2
105.070	1
105.370	0
105.370	2
105.680	0
105.680	1
105.680	2
105.890	2
105.980	0
105.980	2
106.200	2
106.290	1
106.290	2
106.600	0
106.600	2
106.900	1
106.900	2
107.100	0
107.100	2
107.410	0
107.420	2
107.510	1
107.510	2
107.820	0
107.820	2
108.120	2
108.130	1
108.430	0
108.430	2
108.740	1
108.740	2
109.050	0
109.050	2
109.180	2
109.350	1
109.550	0
109.550	2
109.860	0
109.960	1
109.960	2
110.270	0
110.270	2
110.570	1
110.570	2
110.880	0
110.880	2
111.190	1
111.190	2
111.490	0
111.490	2
111.690	0
111.800	1
111.800	2
112.000	0
112.310	0
112.310	1
112.310	2
112.410	1
112.710	0
113.020	1
113.020	2
113.320	0
113.320	2
113.540	2
113.640	1
113.940	0
113.940	2
114.140	0
114.140	2
114.260	2
114.450	0
114.560	2
114.760	0
114.760	2
114.860	1
114.860	2
115.170	0
115.170	2
115.470	0
115.470	1
115.470	2
115.690	2
115.780	0
115.780	2
115.990	2
116.090	1
116.090	2
116.390	0
116.390	2
116.700	1
116.700	2
116.900	0
116.900	2
117.210	0
117.210	2
117.310	1
117.310	2
117.620	0
117.620	2
118.230	0
118.230	2
118.530	2
118.540	1
118.730	0
118.840	0
118.840	2
119.040	0
119.140	1
119.350	0
119.350	2
119.660	0
119.760	1
119.760	2
120.060	0
120.060	2
120.370	1
120.370	2
120.670	0
120.670	2
120.970	2
120.980	1
121.250	2
121.290	0
121.290	2
121.600	1
121.600	2
121.800	0
121.800	2
121.910	2
122.110	0
122.110	1
122.110	2
122.210	1
122.510	0
122.820	0
122.820	2
123.130	0
123.130	2
123.640	0
123.740	0
123.740	2
124.050	2
124.240	0
124.660	1
124.660	2
124.960	0
125.270	0
125.270	2
125.590	0
126.080	0
126.190	0
126.190	2
126.500	2
126.700	0
126.810	0
127.110	1
127.110	2
127.410	0
127.720	0
128.030	0
128.520	0
128.640	0
128.640	2
128.840	0
128.950	2
129.150	0
129.250	2
129.560	1
129.560	2
129.860	0
130.170	0
130.170	2
130.480	0
130.980	0
130.980	1
130.980	2
131.290	0
131.290	1
131.290	2
131.400	1
132.510	0
132.620	1
132.820	0
132.820	2
132.920	0
133.230	1
133.230	2
133.530	0
133.540	1
133.540	2
133.840	0
133.840	1
133.840	2
134.450	2
134.460	1
134.660	0
134.760	2
134.960	0
134.960	2
135.070	1
135.270	0
135.270	2
135.360	2
135.370	0
135.680	1
135.680	2
135.980	0
135.980	2
136.290	1
136.290	2
136.720	2
136.900	1
136.900	2
137.110	0
137.410	0
137.510	1
137.510	2
137.720	0
137.720	2
137.820	0
137.820	2
138.130	1
138.130	2
138.430	0
138.430	1
138.430	2
138.740	0
138.740	1
138.740	2
139.170	2
139.270	2
139.350	1
139.350	2
139.560	0
139.620	2
139.860	0
139.860	2
139.910	2
139.960	1
140.170	0
140.170	2
140.270	0
140.270	2
140.570	1
140.570	2
140.880	0
140.880	1
140.880	2
141.190	1
141.190	2
141.500	2
141.620	2
141.800	1
141.800	2
142.000	0
142.000	2
142.110	2
142.310	0
142.310	2
142.410	1
142.410	2
142.610	0
142.610	2
142.720	0
142.720	2
143.020	2
143.030	1
143.330	0
143.330	2
143.640	1
143.640	2
144.170	2
144.250	1
144.450	0
144.560	2
144.760	0
144.760	2
144.860	1
144.860	2
145.060	0
145.060	2
145.170	0
145.470	1
145.470	2
145.780	0
145.780	2
146.080	2
146.090	1
146.410	2
146.620	2
146.700	1
146.700	2
146.900	0
147.210	0
147.210	2
147.260	2
147.310	1
147.440	2
147.510	0
147.620	0
147.920	1
147.920	2
148.230	0
148.230	1
148.230	2
148.540	1
149.130	2
149.150	1
149.350	0
149.460	2
149.660	0
149.660	2
149.760	1
149.760	2
149.960	0
149.960	2
150.070	0
150.070	2
150.370	1
150.370	2
150.680	0
150.680	2
150.980	1
150.980	2
151.290	0
151.290	2
151.500	1
151.600	1
151.900	0
151.900	2
152.220	1
152.220	2
152.510	0
152.510	2
152.820	0
152.820	1
153.130	0
153.130	2
153.430	1
153.430	2
153.640	0
153.740	2
153.950	0
154.050	1
154.050	2
154.350	0
154.350	2
154.660	1
154.660	2
154.960	0
154.960	2
155.270	1
155.370	2
155.460	0
155.580	0
155.580	2
155.880	1
155.880	2
156.090	0
156.190	2
156.390	0
156.490	1
156.490	2
156.790	0
156.790	2
157.100	2
157.110	0
157.110	1
157.410	0
157.410	2
157.720	1
157.720	2
158.030	0
158.030	2
158.330	1
158.330	2
158.540	0
158.540	2
158.640	2
158.840	0
158.840	2
158.940	1
158.940	2
159.250	0
159.250	2
159.560	1
159.560	2
159.860	0
159.860	2
160.170	1
160.170	2
160.370	0
160.670	0
160.780	1
160.780	2
161.700	0
161.700	2
162.000	1
162.000	2
162.310	0
162.310	2
162.620	1
162.620	2
162.920	0
162.920	2
163.240	1
163.240	2
163.430	0
163.740	0
163.740	2
163.840	1
163.840	2
164.150	0
164.150	2
164.450	1
164.450	2
164.670	2
164.750	0
164.970	2
165.070	1
165.070	2
165.370	0
165.370	2
165.570	0
165.680	1
165.680	2
165.880	0
165.880	2
166.190	0
166.190	2
166.290	1
166.600	0
166.600	2
166.900	1
166.900	2
167.210	0
167.510	2
167.520	1
167.820	0
167.820	2
168.020	0
168.120	1
168.330	0
168.330	2
168.620	2
168.630	0
168.740	1
168.740	2
169.040	0
169.040	2
169.350	1
169.350	2
169.660	0
169.660	2
169.940	2
169.970	1
170.260	0
170.260	2
170.460	0
170.580	1
170.580	2
170.780	0
170.890	2
171.090	0
171.090	1
171.090	2
171.190	1
171.490	0
171.490	2
171.800	0
171.800	1
171.800	2
172.090	0
172.090	2
172.410	1
172.410	2
172.720	0
172.720	2
172.920	0
173.030	1
173.030	2
173.220	0
173.540	0
173.540	2
173.640	1
173.940	0
173.940	2
174.250	0
174.250	1
174.250	2
174.550	0
174.550	2
174.770	2
174.860	1
174.860	2
175.170	0
175.170	2
175.360	0
175.470	1
175.470	2
175.680	0
175.680	2
175.790	2
175.990	0
175.990	2
176.090	1
176.090	2
176.390	0
176.390	2
177.000	0
177.000	2
177.310	1
177.310	2
177.620	0
177.620	2
177.920	1
178.130	0
178.430	0
178.430	2
178.540	1
178.840	0
178.840	2
179.150	1
179.150	2
179.450	0
179.450	2
179.660	2
179.740	2
179.760	1
180.040	2
180.070	0
180.370	1
180.370	2
180.570	0
180.570	2
180.880	0
180.880	1
180.880	2
181.210	2
181.290	0
181.600	0
181.910	0
182.410	0
182.510	0
182.510	2
182.520	1
182.720	0
182.820	1
182.820	2
183.030	0
183.130	0
183.130	2
183.430	1
183.430	2
183.740	0
184.050	0
184.360	0
184.860	0
184.960	0
184.960	1
184.960	2
185.270	1
185.270	2
185.480	0
185.580	0
185.580	1
185.580	2
185.880	1
185.880	2
186.190	0
186.500	0
186.500	2
186.810	0
187.310	0
187.310	2
187.410	0
187.410	1
187.410	2
187.630	0
187.720	1
187.720	2
187.930	0
188.030	0
188.030	1
188.330	0
188.330	1
188.330	2
188.640	0
188.950	0
189.250	0
189.750	0
189.860	0
189.860	2
190.170	1
190.170	2
190.380	0
190.480	0
190.780	0
190.780	1
190.780	2
191.090	0
191.090	2
191.390	1
191.390	2
191.700	0
191.700	2
192.000	1
192.000	2
192.310	0
192.310	1
192.310	2
192.620	1
192.620	2
192.820	0
192.930	2
193.130	0
193.230	1
193.230	2
193.530	0
193.530	2
193.840	1
193.840	2
194.150	0
194.150	2
194.450	1
194.450	2
194.760	0
194.760	1
194.760	2
195.060	2
195.070	1
195.270	0
195.270	2
195.380	2
195.580	0
195.680	1
195.680	2
195.980	0
195.980	2
196.290	0
196.290	1
196.290	2
196.590	0
196.600	2
196.900	0
196.900	1
196.900	2
197.210	0
197.210	1
197.210	2
197.510	0
197.510	1
197.510	2
197.720	0
197.720	2
197.830	2
198.030	0
198.130	1
198.130	2
198.430	0
198.430	2
198.740	0
198.740	1
198.740	2
199.040	0
199.040	2
199.350	0
199.350	1
199.350	2
199.660	0
199.660	1
199.660	2
199.960	0
199.960	2
199.970	1
200.270	0
200.270	1
200.270	2
200.580	0
200.580	1
200.580	2
200.880	0
