0.260	0
0.260	2
0.410	2
0.530	2
0.680	2
0.810	1
0.940	2
1.080	2
1.220	2
1.360	0
1.360	2
1.490	2
1.630	2
1.770	2
1.910	1
2.040	2
2.180	2
2.320	2
2.460	0
2.460	2
2.600	2
2.730	2
2.860	2
3.000	1
3.130	2
3.270	2
3.400	2
3.530	0
3.530	2
3.680	2
3.810	1
3.950	2
4.080	1
4.220	2
4.360	2
4.500	2
4.630	0
4.640	2
4.770	2
4.900	2
5.050	2
5.170	1
5.310	2
5.440	2
5.580	2
5.720	0
5.720	2
5.850	2
5.990	2
6.120	2
6.270	1
6.400	2
6.540	2
6.690	2
6.820	0
6.820	2
6.960	2
7.090	2
7.240	2
7.360	1
7.500	2
7.620	2
7.770	2
7.900	0
7.900	2
8.030	2
8.170	1
8.290	2
8.440	1
8.570	2
8.710	2
9.130	2
9.260	2
9.400	2
9.530	1
9.660	2
9.800	2
9.940	2
10.070	0
10.070	2
10.220	2
10.350	2
10.490	2
10.620	1
10.770	2
10.890	2
11.040	2
11.160	0
11.160	2
11.320	2
11.440	2
11.580	2
11.710	1
11.850	2
11.980	2
12.120	2
12.260	0
12.260	2
12.520	1
12.670	2
12.800	1
12.940	2
13.090	2
13.220	2
13.360	0
13.360	2
13.500	2
13.630	2
13.770	2
13.900	1
14.040	2
14.170	2
14.330	2
14.450	0
14.590	2
14.730	2
14.870	2
14.990	1
15.150	2
15.280	2
15.430	2
15.540	0
15.540	2
15.700	2
15.820	2
15.970	2
16.090	1
16.230	2
16.360	2
16.490	2
16.630	0
16.630	2
16.760	2
16.900	1
17.030	2
17.190	1
17.310	2
17.440	2
17.730	0
17.860	2
18.000	2
18.130	2
18.270	1
18.400	2
18.550	2
18.690	2
18.810	0
18.810	2
18.950	2
19.080	2
19.220	2
19.360	1
19.500	2
19.640	2
19.780	2
19.910	0
20.050	2
20.180	2
20.330	2
20.450	1
20.600	2
20.730	2
20.870	2
21.000	0
21.000	2
21.140	2
21.260	1
21.420	2
21.550	1
21.690	2
21.820	2
21.970	2
22.090	0
22.230	2
22.370	2
22.500	2
22.640	1
22.780	2
22.920	2
23.060	2
23.190	0
23.190	2
23.330	2
23.460	2
23.600	2
23.730	1
23.880	2
24.010	2
24.160	2
24.290	0
24.290	2
24.430	2
24.560	2
24.690	2
24.820	1
24.960	2
25.090	2
25.230	2
25.370	0
25.370	2
25.490	2
25.630	1
25.770	2
25.920	1
26.040	2
26.180	2
26.470	0
26.590	2
26.730	2
26.860	2
27.000	1
27.140	2
27.280	2
27.420	2
27.550	0
27.550	2
27.690	2
27.820	2
27.960	2
28.100	1
28.240	2
28.370	2
28.520	2
28.640	0
28.650	2
28.780	2
28.920	2
29.050	2
29.190	1
29.320	2
29.460	2
29.610	2
29.720	0
29.720	2
29.880	2
29.990	1
30.150	2
30.280	1
30.430	2
30.550	2
30.700	2
30.810	0
30.810	2
30.960	2
31.090	2
31.220	2
31.350	1
31.500	2
31.640	2
31.780	2
31.900	0
31.900	2
32.040	2
32.170	2
32.310	2
32.450	1
32.590	2
32.730	2
32.870	2
32.990	0
32.990	2
33.140	2
33.270	2
33.420	2
33.540	1
33.680	2
33.810	2
33.950	2
34.080	0
34.080	2
34.210	2
34.350	1
34.640	1
34.770	2
34.900	1
34.900	2
35.180	0
35.300	2
35.450	2
35.590	2
35.730	1
35.850	2
36.000	2
36.140	2
36.270	0
36.270	2
36.400	2
36.540	1
36.540	2
36.830	1
37.090	1
37.220	2
37.370	0
37.370	2
37.510	2
37.640	2
37.780	2
37.910	1
38.040	2
38.180	2
38.310	2
38.440	0
38.440	2
38.600	2
38.730	1
38.880	2
39.000	1
39.150	2
39.290	2
39.420	2
39.560	0
39.560	2
39.700	2
39.820	2
39.970	2
40.100	1
40.230	2
40.370	2
40.510	2
40.650	0
40.650	2
40.780	2
40.910	2
41.050	2
41.190	1
41.320	2
41.460	2
41.610	2
41.740	0
41.740	2
41.880	2
42.010	2
42.160	2
42.280	1
42.420	2
42.550	2
42.690	2
42.820	0
42.820	2
42.950	2
43.100	1
43.220	2
43.370	1
43.490	2
43.630	2
43.920	0
44.060	2
44.190	2
44.450	1
44.580	2
44.730	2
44.860	2
45.000	0
45.000	2
45.140	2
45.280	2
45.420	2
45.540	1
45.700	2
45.820	2
45.970	2
46.090	0
46.090	2
46.240	2
46.360	2
46.510	2
46.630	1
46.770	2
46.900	2
47.050	2
47.180	0
47.180	2
47.320	2
47.450	1
47.600	2
47.730	1
47.860	2
48.010	2
48.140	2
48.280	0
48.280	2
48.420	2
48.550	2
48.690	2
48.820	1
48.960	2
49.100	2
49.250	2
49.380	0
49.380	2
49.520	2
49.650	2
49.790	2
49.920	1
50.070	2
50.200	2
50.350	2
50.460	0
50.470	2
50.620	2
50.750	2
50.900	2
51.020	1
51.150	2
51.280	2
51.410	2
51.560	0
51.560	2
51.680	2
51.820	1
51.950	2
52.110	1
52.230	2
52.370	2
52.650	2
52.660	0
52.790	2
52.920	2
53.060	2
53.190	1
53.320	2
53.470	2
53.610	2
53.740	0
53.740	2
53.880	2
54.010	2
54.150	2
54.280	1
54.430	2
54.560	2
54.700	2
54.830	0
54.830	2
54.970	2
55.100	2
55.250	2
55.380	1
55.520	2
55.650	2
55.800	2
55.930	0
55.930	2
56.060	2
56.180	1
56.340	2
56.470	1
56.610	2
56.740	2
56.890	2
57.020	0
57.020	2
57.160	2
57.290	2
57.420	2
57.560	1
57.700	2
57.840	2
57.990	2
58.120	0
58.120	2
58.250	2
58.390	2
58.520	2
58.660	1
58.810	2
58.940	2
59.080	2
59.210	0
59.210	2
59.350	2
59.480	2
59.620	2
59.740	1
59.880	2
60.020	2
60.160	2
60.290	0
60.290	2
60.410	2
60.550	1
60.680	2
60.840	1
60.970	2
61.100	2
61.390	0
61.520	2
61.660	2
61.780	2
61.930	1
62.060	2
62.210	2
62.350	2
62.470	0
62.470	2
62.610	2
62.750	2
62.880	2
63.020	1
63.160	2
63.300	2
63.440	2
63.570	0
63.570	2
63.710	2
63.840	2
63.970	2
64.110	1
64.250	2
64.390	2
64.530	2
64.640	0
64.650	2
64.800	2
64.920	1
65.070	2
65.210	1
65.350	2
65.470	2
65.620	2
65.730	0
65.730	2
65.880	2
66.010	2
66.150	2
66.280	1
66.420	2
66.560	2
66.700	2
66.820	0
66.820	2
66.960	2
67.100	2
67.240	2
67.370	1
67.520	2
67.650	2
67.800	2
67.910	0
67.910	2
68.060	2
68.190	2
68.340	2
68.460	1
68.600	2
68.730	2
68.870	2
69.010	0
69.010	2
69.140	2
69.280	1
69.410	2
69.560	1
69.830	2
70.110	0
70.230	2
70.380	2
70.520	2
70.650	1
70.770	2
70.920	2
71.060	2
71.190	2
71.200	0
71.330	2
71.470	2
71.750	0
71.750	1
71.890	1
72.020	1
72.140	2
72.290	0
72.290	2
72.430	2
72.560	2
72.700	2
72.820	1
72.940	2
73.080	2
73.220	2
73.350	0
73.350	2
73.490	2
73.620	1
73.620	2
73.770	2
73.900	1
74.040	2
74.180	2
74.320	2
74.450	0
74.450	2
74.590	2
74.710	2
74.870	2
74.990	1
75.130	2
75.260	2
75.400	2
75.540	0
75.540	2
75.670	2
75.810	2
75.940	2
76.080	1
76.210	2
76.360	2
76.500	2
76.640	0
76.640	2
76.780	2
76.900	2
77.050	2
77.180	1
77.310	2
77.440	2
77.580	2
77.710	0
77.710	2
77.850	2
77.990	1
78.110	2
78.270	1
78.390	2
78.530	2
78.950	2
79.080	2
79.210	2
79.340	1
79.480	2
79.620	2
79.760	2
79.890	0
79.890	2
80.030	2
80.170	2
80.310	2
80.440	1
80.590	2
80.710	2
80.860	2
80.980	0
80.980	2
81.130	2
81.260	2
81.400	2
81.520	1
81.670	2
81.800	2
81.940	2
82.080	0
82.080	2
82.210	2
82.340	1
82.490	2
82.620	1
82.760	2
82.900	2
83.040	2
83.180	0
83.180	2
83.310	2
83.450	2
83.580	2
83.720	1
83.860	2
83.990	2
84.140	2
84.270	0
84.270	2
84.410	2
84.540	2
84.690	2
84.810	1
84.970	2
85.090	2
85.250	2
85.360	0
85.360	2
85.510	2
85.640	2
85.790	2
85.910	1
86.050	2
86.180	2
86.310	2
86.450	0
86.450	2
86.580	2
86.720	1
86.850	2
87.000	1
87.130	2
87.260	2
87.550	0
87.550	2
87.680	2
87.820	2
87.950	2
88.090	1
88.220	2
88.370	2
88.500	2
88.630	0
88.630	2
88.770	2
88.900	2
89.040	2
89.170	1
89.320	2
89.460	2
89.600	2
89.730	0
89.730	2
89.870	2
90.000	2
90.140	2
90.270	1
90.410	2
90.540	2
90.690	2
90.820	0
90.820	2
90.960	2
91.080	1
91.240	2
91.360	1
91.510	2
91.640	2
91.790	2
91.910	0
91.910	2
92.050	2
92.180	2
92.320	2
92.460	1
92.600	2
92.730	2
92.880	2
93.010	0
93.010	2
93.140	2
93.280	2
93.420	2
93.550	1
93.700	2
93.830	2
93.980	2
94.110	0
94.110	2
94.240	2
94.380	2
94.510	2
94.640	1
94.780	2
94.910	2
95.050	2
95.180	2
95.190	0
95.310	2
95.440	1
95.580	2
95.730	1
95.860	2
95.990	1
95.990	2
96.290	0
96.410	2
96.550	2
96.680	2
96.820	1
96.960	2
97.100	2
97.240	2
97.370	0
97.370	2
97.500	2
97.640	2
97.780	2
97.910	1
98.060	2
98.190	2
98.340	2
98.460	0
98.460	2
98.600	2
98.730	2
98.870	2
99.010	1
99.140	2
99.280	2
99.430	2
99.540	0
99.540	2
99.700	2
99.810	1
99.970	2
100.100	1
100.250	2
100.370	2
100.510	2
100.620	0
100.630	2
100.780	2
100.910	2
101.040	2
101.170	1
101.310	2
101.450	2
101.600	2
101.720	0
101.720	2
101.860	2
101.990	2
102.130	2
102.270	1
102.410	2
102.550	2
102.810	0
102.810	2
102.950	2
103.090	2
103.230	2
103.360	1
103.490	2
103.630	2
103.760	2
103.900	0
103.900	2
104.030	2
104.170	1
104.300	2
104.460	1
104.720	2
105.000	0
105.120	2
105.270	2
105.410	2
105.550	1
105.670	2
105.820	2
105.950	2
106.090	0
106.090	2
106.220	2
106.360	1
106.360	2
106.650	1
106.780	1
106.920	1
107.040	2
107.190	0
107.190	2
107.330	2
107.450	2
107.600	2
107.730	1
107.850	2
107.990	2
108.120	2
108.260	0
108.260	2
108.400	2
108.530	1
108.680	2
108.810	1
108.950	2
109.090	2
109.220	2
109.360	0
109.360	2
109.500	2
109.620	2
109.770	2
109.900	1
110.030	2
110.170	2
110.310	2
110.450	0
110.450	2
110.580	2
110.710	2
110.850	2
110.990	1
111.120	2
111.270	2
111.410	2
111.540	0
111.540	2
111.680	2
111.810	2
111.960	2
112.080	1
112.220	2
112.350	2
112.490	2
112.620	0
112.620	2
112.750	2
112.890	1
113.020	2
113.170	1
113.290	2
113.430	2
113.720	0
113.860	2
113.990	2
114.120	2
114.250	1
114.380	2
114.530	2
114.660	2
114.800	0
114.800	2
114.940	2
115.080	2
115.220	2
115.340	1
115.500	2
115.620	2
115.770	2
115.890	0
115.890	2
116.040	2
116.160	2
116.310	2
116.430	1
116.570	2
116.700	2
116.850	2
116.980	0
116.980	2
117.120	2
117.250	1
117.400	2
117.530	1
117.660	2
117.810	2
117.950	2
118.080	0
118.080	2
118.220	2
118.350	2
118.490	2
118.620	1
118.770	2
118.900	2
119.050	2
119.180	0
119.180	2
119.320	2
119.450	2
119.590	2
119.720	1
119.870	2
120.000	2
120.160	2
120.270	0
120.270	2
120.420	2
120.540	2
120.690	2
120.810	1
120.950	2
121.090	2
121.220	2
121.340	0
121.340	2
121.480	2
121.610	2
121.630	0
121.760	2
121.900	1
122.040	2
122.170	2
122.300	0
122.300	2
122.430	0
122.430	2
122.590	2
122.700	0
122.700	2
122.850	2
122.990	1
123.130	2
123.250	2
123.400	2
123.530	0
123.530	2
123.690	2
123.810	2
123.950	2
124.100	1
124.230	2
124.360	2
124.510	2
124.630	0
124.640	2
