0.0116 	 2 
0.6037 	 1 
0.6037 	 2 
0.6037 	 0 
1.2074 	 0 
1.2074 	 1 
1.2190 	 2 
1.5093 	 0 
1.5209 	 1 
1.5209 	 2 
1.6486 	 1 
1.6486 	 0 
1.6486 	 2 
1.8112 	 1 
1.8112 	 2 
1.8112 	 0 
2.1130 	 1 
2.1130 	 2 
2.1130 	 0 
2.4033 	 2 
2.4033 	 0 
2.4033 	 1 
2.7167 	 1 
2.7167 	 0 
2.7167 	 2 
3.0070 	 2 
3.0070 	 0 
3.0070 	 1 
3.1463 	 2 
3.3205 	 1 
3.3205 	 0 
3.3205 	 2 
3.6107 	 1 
3.6107 	 0 
3.6107 	 2 
3.9126 	 0 
3.9242 	 2 
3.9242 	 1 
4.0519 	 1 
4.0519 	 0 
4.0519 	 2 
4.2028 	 1 
4.2028 	 0 
4.2028 	 2 
4.3654 	 2 
4.5047 	 2 
4.5163 	 1 
4.5163 	 0 
4.8065 	 1 
4.8065 	 2 
4.8065 	 0 
5.4102 	 2 
5.4102 	 0 
5.4219 	 1 
5.7121 	 1 
5.7121 	 0 
5.7121 	 2 
6.0024 	 1 
6.0024 	 2 
6.0140 	 0 
6.3158 	 2 
6.3158 	 0 
6.4551 	 2 
6.4551 	 0 
6.4551 	 1 
6.6061 	 2 
6.6061 	 0 
6.6061 	 1 
6.9195 	 0 
6.9195 	 1 
6.9195 	 2 
7.2098 	 1 
7.2098 	 0 
7.2098 	 2 
7.5117 	 2 
7.5117 	 0 
7.5233 	 1 
7.8019 	 2 
7.8019 	 1 
7.8019 	 0 
7.9412 	 2 
8.1154 	 1 
8.1154 	 0 
8.1154 	 2 
8.4056 	 1 
8.4056 	 0 
8.4056 	 2 
8.7191 	 1 
8.7191 	 0 
8.7191 	 2 
8.8584 	 0 
8.8584 	 1 
8.8584 	 2 
9.0093 	 2 
9.0093 	 0 
9.0093 	 1 
9.2996 	 2 
9.3112 	 0 
9.3112 	 1 
9.6015 	 1 
9.6015 	 2 
9.6131 	 0 
10.2052 	 1 
10.2052 	 2 
10.2052 	 0 
10.5070 	 1 
10.5186 	 0 
10.7973 	 2 
10.8089 	 1 
10.8089 	 0 
10.8205 	 2 
11.1107 	 0 
11.1224 	 1 
11.1224 	 2 
11.2501 	 1 
11.2501 	 0 
11.2501 	 2 
11.4010 	 0 
11.4010 	 2 
11.4126 	 1 
11.5403 	 2 
11.7261 	 2 
11.7261 	 1 
12.0047 	 2 
12.0047 	 1 
12.0047 	 0 
12.3066 	 0 
12.3182 	 1 
12.3182 	 2 
12.6084 	 1 
12.6084 	 2 
12.6084 	 0 
12.7478 	 2 
12.9103 	 2 
12.9103 	 1 
12.9103 	 0 
13.0612 	 0 
13.0612 	 2 
13.0612 	 1 
13.2122 	 2 
13.2122 	 0 
13.2122 	 1 
13.5140 	 1 
13.5140 	 2 
13.5140 	 0 
13.6533 	 1 
13.6533 	 0 
13.6533 	 2 
13.8043 	 0 
13.8043 	 1 
13.8043 	 2 
14.1061 	 0 
14.1177 	 1 
14.1177 	 2 
14.2571 	 1 
14.2571 	 0 
14.2571 	 2 
14.4080 	 1 
14.4080 	 0 
14.4080 	 2 
14.7098 	 0 
14.7098 	 1 
14.7098 	 2 
15.0117 	 0 
15.0117 	 1 
15.0117 	 2 
15.1626 	 2 
15.3020 	 0 
15.3020 	 1 
15.3136 	 2 
15.6038 	 2 
15.6038 	 0 
15.6154 	 1 
15.9057 	 0 
15.9173 	 2 
15.9173 	 1 
16.0450 	 2 
16.0450 	 1 
16.0566 	 0 
16.2075 	 1 
16.2075 	 2 
16.2075 	 0 
16.3585 	 2 
16.5094 	 0 
16.5210 	 2 
16.5210 	 1 
16.6487 	 0 
16.6487 	 1 
16.6487 	 2 
16.8112 	 2 
16.8112 	 1 
16.8112 	 0 
17.1131 	 0 
17.1131 	 2 
17.1131 	 1 
17.4150 	 2 
17.4150 	 1 
17.4150 	 0 
17.5427 	 2 
17.7052 	 0 
17.7052 	 1 
17.7168 	 2 
18.0071 	 1 
18.0071 	 0 
18.0187 	 2 
18.3205 	 0 
18.3205 	 1 
18.3205 	 2 
18.4599 	 0 
18.4599 	 1 
18.4599 	 2 
18.6108 	 0 
18.6108 	 1 
18.6108 	 2 
18.7617 	 2 
18.9127 	 1 
18.9127 	 0 
18.9243 	 2 
