0.0116 	 0 
0.0116 	 1 
0.0116 	 2 
0.2438 	 1 
0.2554 	 2 
0.2554 	 0 
0.3715 	 2 
0.3831 	 1 
0.3831 	 0 
0.4992 	 2 
0.5108 	 1 
0.5108 	 0 
0.7430 	 2 
0.7430 	 1 
0.7546 	 0 
1.0101 	 0 
1.0101 	 2 
1.0101 	 1 
1.2539 	 0 
1.2539 	 2 
1.3816 	 2 
1.3816 	 0 
1.3816 	 1 
1.5093 	 2 
1.6254 	 1 
1.6254 	 0 
1.6254 	 2 
1.7531 	 2 
1.7531 	 1 
1.7531 	 0 
2.0085 	 1 
2.0085 	 2 
2.0085 	 0 
2.2523 	 2 
2.2523 	 1 
2.2639 	 0 
2.3800 	 2 
2.3800 	 0 
2.3800 	 1 
2.4961 	 0 
2.5078 	 2 
2.5078 	 1 
2.7516 	 1 
2.7516 	 2 
2.7516 	 0 
3.0070 	 0 
3.0070 	 1 
3.0070 	 2 
3.2508 	 2 
3.2624 	 0 
3.2624 	 1 
3.5062 	 0 
3.5062 	 1 
3.5178 	 2 
3.6107 	 2 
3.6223 	 0 
3.7500 	 0 
3.7616 	 2 
4.0054 	 2 
4.0054 	 0 
4.0054 	 1 
4.2493 	 1 
4.2493 	 2 
4.2609 	 0 
4.3770 	 2 
4.3770 	 1 
4.3770 	 0 
4.5047 	 2 
4.5047 	 0 
4.5047 	 1 
4.7485 	 2 
4.7485 	 1 
4.7485 	 0 
5.0039 	 2 
5.0039 	 1 
5.0039 	 0 
5.2477 	 2 
5.2593 	 1 
5.3870 	 1 
5.3986 	 0 
5.3986 	 2 
5.5031 	 2 
5.6308 	 0 
5.6308 	 2 
5.6308 	 1 
5.7585 	 2 
5.7585 	 1 
5.7585 	 0 
5.8863 	 0 
5.8863 	 1 
5.8863 	 2 
6.0140 	 0 
6.0140 	 1 
6.0140 	 2 
6.1417 	 1 
6.1417 	 0 
6.1533 	 2 
6.2462 	 1 
6.2578 	 2 
6.2578 	 0 
6.3739 	 2 
6.3739 	 1 
6.3855 	 0 
6.5132 	 1 
6.5132 	 0 
6.5132 	 2 
6.6293 	 1 
6.6293 	 2 
6.6293 	 0 
6.7454 	 2 
6.7454 	 1 
6.7570 	 0 
7.0008 	 2 
7.0124 	 0 
7.0124 	 1 
7.2562 	 2 
7.2562 	 0 
7.2562 	 1 
7.5000 	 0 
7.5000 	 2 
7.5000 	 1 
7.6278 	 2 
7.7555 	 0 
7.7555 	 2 
7.7555 	 1 
7.9993 	 2 
7.9993 	 1 
7.9993 	 0 
8.1386 	 2 
8.2547 	 0 
8.2547 	 2 
8.2547 	 1 
8.3824 	 2 
8.3824 	 1 
8.3824 	 0 
8.4985 	 0 
8.5101 	 1 
8.5101 	 2 
8.7423 	 1 
8.7423 	 0 
8.7539 	 2 
8.9977 	 2 
8.9977 	 1 
9.0093 	 0 
9.2532 	 1 
9.2532 	 2 
9.2532 	 0 
9.5086 	 0 
9.5086 	 1 
9.5086 	 2 
9.6247 	 0 
9.6247 	 2 
9.7524 	 2 
9.7524 	 1 
9.7640 	 0 
11.8190 	 2 
