0.0116 	 0 
0.0116 	 1 
0.0116 	 2 
0.4063 	 0 
0.4180 	 1 
0.4180 	 2 
0.5457 	 1 
0.5457 	 2 
0.5457 	 0 
0.8127 	 0 
0.8243 	 1 
0.8243 	 2 
0.9636 	 1 
0.9636 	 2 
0.9636 	 0 
1.1029 	 2 
1.1029 	 1 
1.1029 	 0 
1.5093 	 2 
1.5093 	 0 
1.5209 	 1 
1.6370 	 0 
1.6370 	 2 
1.6370 	 1 
1.9156 	 0 
1.9156 	 2 
1.9156 	 1 
2.0434 	 0 
2.0434 	 2 
2.0434 	 1 
2.1827 	 2 
2.1827 	 1 
2.1827 	 0 
2.6006 	 2 
2.6006 	 0 
2.6006 	 1 
2.7283 	 1 
2.7283 	 2 
2.7283 	 0 
3.0070 	 2 
3.0070 	 0 
3.0186 	 1 
3.1579 	 2 
3.1579 	 0 
3.1579 	 1 
3.2856 	 0 
3.2856 	 2 
3.2856 	 1 
3.6804 	 0 
3.6920 	 2 
3.6920 	 1 
3.8313 	 1 
3.8313 	 0 
3.8313 	 2 
4.0983 	 0 
4.0983 	 2 
4.0983 	 1 
4.2376 	 1 
4.2376 	 2 
4.2376 	 0 
6.3042 	 2 
