0.0116 	 0 
0.0116 	 1 
0.0116 	 2 
0.2670 	 1 
0.2670 	 2 
0.2786 	 0 
0.5457 	 2 
0.5573 	 1 
0.5573 	 0 
0.8127 	 2 
1.0797 	 2 
1.0797 	 1 
1.1029 	 0 
1.3584 	 2 
1.3700 	 0 
1.3700 	 1 
1.6370 	 2 
1.6486 	 1 
1.6486 	 0 
1.9156 	 0 
1.9156 	 2 
1.9156 	 1 
2.0550 	 2 
2.1827 	 2 
2.1827 	 1 
2.1943 	 0 
2.4381 	 2 
2.4497 	 0 
2.4497 	 1 
2.7283 	 2 
2.7283 	 0 
2.7283 	 1 
3.0070 	 0 
3.0070 	 2 
3.0070 	 1 
3.2740 	 0 
3.2740 	 2 
3.2856 	 1 
3.5410 	 2 
3.5527 	 1 
3.5527 	 0 
3.8197 	 2 
3.8313 	 0 
3.8313 	 1 
4.0983 	 1 
4.0983 	 2 
4.1099 	 0 
4.3537 	 1 
4.3654 	 2 
4.3654 	 0 
4.6324 	 2 
4.6440 	 1 
4.6440 	 0 
4.9226 	 1 
4.9226 	 2 
4.9226 	 0 
5.1897 	 2 
5.1897 	 1 
5.2013 	 0 
5.4567 	 1 
5.4567 	 2 
5.4683 	 0 
5.7237 	 2 
5.7353 	 1 
5.7353 	 0 
6.0140 	 0 
6.0140 	 2 
6.0140 	 1 
6.2810 	 2 
6.4203 	 2 
6.5480 	 1 
6.5480 	 2 
6.5596 	 0 
6.8151 	 1 
6.8151 	 2 
6.8267 	 0 
7.0937 	 2 
7.1053 	 0 
7.1053 	 1 
7.3839 	 2 
7.5233 	 2 
7.6278 	 1 
7.6394 	 2 
7.6394 	 0 
7.9064 	 2 
7.9064 	 1 
7.9180 	 0 
8.1850 	 0 
8.1966 	 2 
8.1966 	 1 
8.4637 	 0 
8.4753 	 2 
8.5914 	 2 
8.5914 	 1 
10.7276 	 2 
