0.0116 	 0 
0.1393 	 2 
0.2670 	 2 
0.4063 	 2 
0.5457 	 1 
0.5457 	 2 
0.8243 	 2 
0.9636 	 0 
0.9636 	 1 
0.9752 	 2 
1.1029 	 2 
1.2307 	 0 
1.2423 	 1 
1.3700 	 2 
1.4861 	 0 
1.4977 	 1 
1.6486 	 1 
1.6602 	 2 
1.9156 	 2 
2.0550 	 2 
2.1827 	 2 
2.1827 	 0 
2.3336 	 2 
2.4613 	 2 
2.5890 	 2 
2.7283 	 1 
2.7283 	 2 
3.0070 	 2 
3.1347 	 1 
3.1347 	 0 
3.2740 	 2 
3.4133 	 0 
3.4249 	 1 
3.5527 	 2 
3.6804 	 0 
3.6804 	 1 
3.6920 	 2 
3.8197 	 1 
4.0867 	 2 
4.2376 	 2 
4.3537 	 0 
4.4931 	 2 
4.6440 	 2 
4.7833 	 2 
4.9110 	 1 
4.9110 	 2 
5.1664 	 2 
5.3290 	 1 
5.3290 	 0 
5.4683 	 2 
5.5960 	 1 
5.5960 	 0 
5.6076 	 2 
5.7353 	 2 
5.8630 	 1 
5.8630 	 0 
5.8746 	 2 
6.0024 	 1 
6.2810 	 2 
6.4203 	 2 
6.5364 	 2 
6.5364 	 0 
6.6757 	 2 
6.8151 	 2 
6.9660 	 2 
7.0937 	 2 
7.1053 	 1 
7.3607 	 2 
7.5117 	 0 
7.5117 	 1 
7.6394 	 2 
7.7787 	 1 
7.7787 	 0 
7.7787 	 2 
7.9296 	 2 
8.0341 	 0 
8.0457 	 1 
8.0573 	 2 
8.1850 	 1 
8.1966 	 2 
8.4637 	 2 
8.6030 	 0 
8.6030 	 2 
10.6696 	 0 
