0.0116 	 0 
0.0116 	 2 
0.2786 	 2 
0.2902 	 1 
0.4063 	 1 
0.5457 	 1 
0.5573 	 2 
1.0913 	 0 
1.1029 	 2 
1.1029 	 1 
1.1146 	 0 
1.2307 	 2 
1.3584 	 1 
1.3700 	 2 
1.6486 	 1 
1.6486 	 2 
1.9040 	 2 
2.1827 	 2 
2.6006 	 1 
2.7400 	 0 
2.7400 	 2 
3.0186 	 0 
3.2740 	 2 
3.4249 	 1 
3.5410 	 1 
3.5410 	 2 
3.6920 	 2 
3.6920 	 1 
3.8313 	 1 
3.8313 	 2 
4.2376 	 1 
4.2376 	 0 
4.3654 	 1 
4.3770 	 2 
4.3770 	 0 
4.9110 	 1 
4.9226 	 2 
4.9226 	 0 
5.4683 	 1 
5.4683 	 0 
5.4683 	 2 
5.5844 	 1 
5.5960 	 2 
5.7237 	 1 
5.7353 	 2 
6.0140 	 1 
6.0140 	 2 
6.2694 	 2 
6.5480 	 2 
6.9660 	 1 
7.1053 	 2 
7.1053 	 0 
7.3839 	 0 
7.6394 	 2 
7.6510 	 1 
7.7671 	 1 
7.7787 	 2 
7.7903 	 1 
7.9064 	 2 
7.9180 	 1 
8.0573 	 2 
