0.0116 	 2 
0.0116 	 1 
0.1393 	 2 
0.3831 	 0 
0.3947 	 2 
0.3947 	 1 
0.5108 	 2 
0.5108 	 1 
0.5108 	 0 
0.6385 	 2 
0.6385 	 1 
0.6385 	 0 
0.8707 	 0 
0.8824 	 1 
0.8824 	 2 
1.0101 	 0 
1.0101 	 1 
1.0101 	 2 
1.1378 	 1 
1.1494 	 0 
1.1494 	 2 
1.3816 	 2 
1.3816 	 0 
1.3932 	 1 
1.5093 	 0 
1.5093 	 1 
1.5093 	 2 
1.7531 	 0 
1.7647 	 2 
1.7647 	 1 
1.9969 	 1 
1.9969 	 0 
1.9969 	 2 
2.1246 	 2 
2.1246 	 1 
2.3684 	 2 
2.3800 	 0 
2.3800 	 1 
2.4961 	 1 
2.5078 	 2 
2.5078 	 0 
2.6355 	 1 
2.6471 	 2 
2.6471 	 0 
2.8677 	 0 
2.8793 	 1 
2.8793 	 2 
3.0070 	 2 
3.0070 	 1 
3.0070 	 0 
3.1347 	 2 
3.1347 	 1 
3.1347 	 0 
3.3785 	 2 
3.3785 	 0 
3.3901 	 1 
3.5062 	 2 
3.5062 	 1 
3.5178 	 0 
3.7616 	 0 
3.7616 	 2 
3.7732 	 1 
4.0054 	 0 
4.0054 	 2 
4.0054 	 1 
4.1332 	 2 
4.3770 	 1 
4.3770 	 2 
4.3770 	 0 
4.5163 	 2 
4.5163 	 1 
4.5163 	 0 
4.6324 	 2 
4.6324 	 1 
4.6324 	 0 
4.8762 	 0 
4.8762 	 2 
4.8762 	 1 
5.0039 	 0 
5.0155 	 2 
5.0155 	 1 
5.1316 	 1 
5.1432 	 0 
5.1432 	 2 
5.3754 	 0 
5.3754 	 2 
5.3870 	 1 
5.5147 	 1 
5.5147 	 0 
5.5147 	 2 
5.7585 	 1 
5.7585 	 2 
5.7585 	 0 
8.3127 	 2 
