0.0116 	 0 
0.0116 	 1 
0.2438 	 0 
0.2438 	 1 
0.2438 	 2 
0.4760 	 0 
0.4760 	 1 
0.5921 	 1 
0.7082 	 2 
0.8243 	 1 
0.9404 	 1 
0.9404 	 0 
1.1726 	 1 
1.1726 	 2 
1.4048 	 1 
1.4048 	 0 
1.5209 	 1 
1.6370 	 2 
1.6370 	 1 
1.7531 	 1 
1.8692 	 1 
1.8692 	 0 
2.1014 	 1 
2.1014 	 2 
2.3336 	 1 
2.3336 	 0 
2.4497 	 1 
2.5658 	 2 
2.6819 	 1 
2.8096 	 0 
2.8096 	 1 
3.0302 	 2 
3.0302 	 1 
3.0418 	 0 
3.2624 	 1 
3.2740 	 0 
3.3901 	 1 
3.4946 	 2 
3.4946 	 1 
3.6223 	 1 
3.7384 	 0 
3.7384 	 1 
3.9590 	 2 
3.9590 	 1 
3.9706 	 0 
4.0867 	 1 
4.2028 	 1 
4.2028 	 0 
4.4234 	 1 
4.4234 	 2 
4.4350 	 0 
4.5511 	 1 
4.6672 	 0 
4.6672 	 1 
4.8878 	 1 
4.8994 	 2 
4.8994 	 0 
5.0155 	 1 
5.1200 	 1 
5.1316 	 0 
5.2477 	 1 
5.3522 	 1 
5.3638 	 2 
5.4799 	 1 
5.5960 	 0 
5.5960 	 1 
5.8166 	 1 
5.8282 	 2 
5.8282 	 0 
5.9443 	 1 
6.0604 	 0 
6.0604 	 1 
6.2926 	 0 
6.2926 	 1 
6.2926 	 2 
6.4087 	 1 
6.5248 	 0 
6.5248 	 1 
6.7570 	 1 
6.7570 	 0 
6.7570 	 2 
6.8731 	 1 
6.9892 	 1 
6.9892 	 0 
7.1053 	 1 
7.2214 	 1 
7.2214 	 2 
7.3375 	 1 
7.4536 	 1 
7.6858 	 0 
8.1502 	 0 
8.6146 	 0 
8.6146 	 2 
8.6262 	 1 
8.8932 	 0 
9.0790 	 0 
9.0790 	 1 
9.0790 	 2 
9.2532 	 1 
9.3228 	 1 
9.5434 	 0 
10.0078 	 0 
10.4722 	 2 
10.4722 	 0 
10.4838 	 1 
10.9366 	 0 
10.9366 	 2 
10.9482 	 1 
11.1107 	 1 
11.1804 	 0 
11.4010 	 1 
11.4010 	 2 
11.5287 	 1 
11.5287 	 0 
11.6332 	 0 
11.8654 	 1 
11.8770 	 2 
12.1092 	 1 
12.1092 	 0 
12.2137 	 1 
12.3298 	 1 
12.3414 	 2 
12.4575 	 1 
12.5736 	 0 
12.8058 	 1 
13.0380 	 0 
13.0380 	 1 
13.2702 	 1 
13.2702 	 2 
13.3863 	 1 
13.5024 	 0 
13.7346 	 1 
13.7346 	 2 
13.9668 	 0 
13.9668 	 1 
14.0829 	 1 
14.1990 	 1 
14.1990 	 2 
14.3151 	 1 
14.4312 	 0 
14.6634 	 1 
14.8956 	 0 
14.8956 	 1 
15.3600 	 0 
15.3600 	 2 
15.3716 	 1 
15.8244 	 0 
15.8360 	 1 
16.2888 	 0 
16.2888 	 2 
16.3004 	 1 
16.5210 	 1 
16.7532 	 0 
16.7532 	 1 
17.2176 	 0 
17.2176 	 2 
17.2292 	 1 
17.6936 	 0 
17.6936 	 1 
18.1464 	 2 
18.1580 	 1 
18.1580 	 0 
18.3786 	 1 
18.6224 	 2 
18.6224 	 0 
18.8546 	 1 
19.3190 	 1 
19.5512 	 0 
19.5512 	 1 
19.7834 	 1 
19.7834 	 0 
20.0156 	 0 
20.0156 	 1 
20.2478 	 1 
20.2478 	 0 
20.4800 	 2 
20.4800 	 0 
20.7122 	 1 
21.1766 	 1 
21.4088 	 1 
21.4088 	 0 
21.6410 	 1 
21.6410 	 0 
21.8732 	 0 
21.8732 	 1 
22.1054 	 0 
22.1054 	 1 
22.3376 	 0 
22.3376 	 2 
22.5698 	 2 
22.5698 	 1 
22.8020 	 2 
22.8020 	 0 
23.0342 	 1 
23.0342 	 2 
23.2664 	 2 
23.2664 	 0 
23.4986 	 2 
23.4986 	 1 
23.6147 	 2 
23.6147 	 1 
23.7308 	 0 
23.7308 	 2 
23.9630 	 2 
23.9630 	 1 
24.1952 	 2 
24.1952 	 0 
24.4274 	 1 
24.4274 	 2 
24.6596 	 0 
24.6596 	 2 
24.8918 	 1 
24.8918 	 2 
25.1240 	 0 
25.1240 	 2 
25.3562 	 1 
25.3562 	 2 
25.4723 	 1 
25.4723 	 0 
25.4839 	 2 
25.5884 	 2 
25.5884 	 0 
25.8206 	 1 
25.8206 	 2 
26.0528 	 0 
26.0528 	 2 
26.2850 	 1 
26.2850 	 2 
26.5172 	 2 
26.5288 	 0 
26.7494 	 1 
26.7494 	 2 
26.9932 	 1 
26.9932 	 0 
26.9932 	 2 
27.2138 	 2 
27.2254 	 1 
27.4576 	 1 
27.4576 	 0 
27.4576 	 2 
27.6782 	 2 
27.6898 	 1 
27.9104 	 2 
27.9220 	 0 
28.1426 	 2 
28.1542 	 1 
28.3864 	 0 
28.3864 	 2 
28.6070 	 2 
28.6186 	 1 
28.8508 	 0 
28.8508 	 2 
28.8508 	 1 
29.0714 	 2 
29.0830 	 1 
29.3152 	 2 
29.3152 	 0 
29.3152 	 1 
29.5358 	 2 
29.5474 	 1 
29.5474 	 0 
29.7680 	 1 
29.7796 	 0 
29.8957 	 1 
30.1279 	 1 
30.2440 	 0 
30.3601 	 1 
30.4762 	 1 
30.7084 	 1 
30.7084 	 0 
30.8245 	 1 
31.0567 	 1 
31.1728 	 1 
31.1728 	 0 
31.4050 	 1 
31.6372 	 1 
31.6372 	 0 
31.7533 	 1 
31.9855 	 1 
32.1016 	 0 
32.2177 	 1 
32.3338 	 1 
32.5776 	 1 
32.5776 	 0 
32.6821 	 1 
32.9143 	 1 
33.0304 	 1 
33.0420 	 0 
33.2742 	 1 
33.5064 	 0 
33.5064 	 2 
33.6225 	 1 
33.8547 	 1 
33.9708 	 0 
33.9708 	 2 
34.0753 	 1 
34.4352 	 2 
34.4352 	 0 
34.8299 	 0 
34.8880 	 0 
34.8880 	 2 
34.8996 	 1 
35.0737 	 1 
35.1318 	 1 
35.3640 	 0 
35.3640 	 2 
35.4801 	 1 
35.7123 	 1 
35.8284 	 2 
35.8284 	 0 
35.9445 	 1 
36.0606 	 1 
36.2928 	 0 
36.2928 	 2 
36.3973 	 1 
36.7572 	 0 
36.7572 	 2 
36.7572 	 1 
36.9313 	 1 
36.9894 	 1 
37.2100 	 2 
37.2216 	 0 
37.6860 	 1 
37.6860 	 0 
37.6860 	 2 
38.0343 	 2 
38.1504 	 2 
38.1504 	 1 
38.1504 	 0 
38.6148 	 1 
38.6148 	 2 
38.6264 	 0 
38.9631 	 2 
39.0792 	 2 
39.0792 	 0 
39.0792 	 1 
39.5436 	 1 
39.5436 	 2 
39.5552 	 0 
39.9035 	 2 
40.0080 	 0 
40.0080 	 2 
40.0196 	 1 
40.4724 	 2 
40.4724 	 1 
40.4840 	 0 
40.8323 	 2 
40.9484 	 0 
41.1690 	 1 
41.4128 	 2 
41.6334 	 1 
41.8772 	 0 
41.8772 	 1 
42.3300 	 2 
42.3416 	 1 
42.8060 	 0 
43.0382 	 1 
43.2704 	 2 
43.5026 	 1 
43.7348 	 1 
43.7348 	 0 
44.1992 	 1 
44.1992 	 2 
44.6520 	 2 
44.6636 	 0 
44.6752 	 1 
45.4415 	 1 
46.5212 	 0 
46.5212 	 2 
46.5328 	 1 
48.3788 	 1 
49.3192 	 0 
49.3192 	 2 
50.2480 	 1 
51.1768 	 2 
51.1768 	 0 
52.1056 	 1 
52.2217 	 1 
52.4539 	 1 
52.5700 	 1 
52.8486 	 0 
53.0344 	 2 
53.0460 	 0 
53.0460 	 1 
53.9632 	 1 
54.0793 	 1 
54.3231 	 1 
54.4392 	 1 
54.8920 	 2 
54.9036 	 0 
54.9036 	 1 
