0.0116 	 0 
0.0116 	 1 
0.0116 	 2 
0.7663 	 2 
1.5093 	 0 
1.5093 	 2 
1.5209 	 1 
2.2639 	 2 
2.6355 	 1 
2.6355 	 0 
2.6471 	 2 
3.0070 	 1 
3.0070 	 2 
3.0186 	 0 
3.7616 	 2 
4.1448 	 2 
4.1448 	 1 
4.1448 	 0 
4.5047 	 2 
4.5047 	 0 
4.5163 	 1 
5.2477 	 2 
6.0140 	 2 
6.0140 	 1 
6.0140 	 0 
6.7454 	 2 
7.5117 	 1 
7.5117 	 0 
7.5117 	 2 
8.2663 	 2 
8.6378 	 2 
8.6378 	 1 
8.6378 	 0 
9.0093 	 1 
9.0093 	 2 
9.0093 	 0 
9.7640 	 2 
10.1355 	 1 
10.1355 	 0 
10.1471 	 2 
10.5070 	 0 
10.5070 	 2 
10.5186 	 1 
11.2617 	 2 
11.6100 	 2 
15.9405 	 2 
