0.0116 	 2 
0.0116 	 1 
0.3599 	 1 
0.3599 	 2 
0.3599 	 0 
0.5108 	 1 
0.5108 	 2 
0.5108 	 0 
0.6850 	 2 
0.6850 	 0 
0.6850 	 1 
1.0101 	 2 
1.0101 	 0 
1.0217 	 1 
1.1842 	 2 
1.1842 	 0 
1.1842 	 1 
1.3468 	 1 
1.3468 	 2 
1.3468 	 0 
1.6951 	 1 
1.6951 	 0 
1.6951 	 2 
1.8460 	 1 
1.8460 	 0 
1.8460 	 2 
2.1827 	 1 
2.1827 	 2 
2.1827 	 0 
2.3568 	 2 
2.3568 	 0 
2.3568 	 1 
2.5078 	 0 
2.5194 	 1 
2.5194 	 2 
2.6819 	 0 
2.6819 	 1 
2.6819 	 2 
3.0186 	 0 
3.0302 	 1 
3.0302 	 2 
3.1811 	 2 
3.1811 	 1 
3.1811 	 0 
3.3437 	 2 
3.3437 	 1 
3.3437 	 0 
3.6804 	 1 
3.6804 	 0 
3.6804 	 2 
3.8429 	 1 
3.8429 	 2 
3.8429 	 0 
4.0171 	 0 
4.0171 	 1 
4.0171 	 2 
4.3537 	 2 
4.3537 	 0 
4.3654 	 1 
4.5047 	 2 
4.5047 	 0 
4.5163 	 1 
4.8414 	 0 
4.8414 	 2 
4.8530 	 1 
5.0155 	 2 
5.0155 	 0 
5.0271 	 1 
5.1780 	 2 
5.1780 	 0 
5.1780 	 1 
5.3406 	 2 
5.3522 	 1 
5.3522 	 0 
5.6889 	 1 
5.6889 	 0 
5.6889 	 2 
5.8398 	 0 
5.8514 	 2 
5.8514 	 1 
6.0140 	 0 
6.0140 	 1 
6.0140 	 2 
6.3390 	 0 
6.3507 	 1 
6.3507 	 2 
6.5132 	 2 
6.5132 	 0 
6.5132 	 1 
6.6757 	 2 
6.6873 	 0 
6.6873 	 1 
7.0240 	 2 
7.0240 	 0 
7.0240 	 1 
7.1750 	 1 
7.1750 	 2 
7.1750 	 0 
7.5117 	 2 
7.5117 	 0 
7.5117 	 1 
7.6858 	 0 
7.6858 	 2 
7.6858 	 1 
7.8483 	 2 
7.8483 	 0 
7.8483 	 1 
8.0109 	 0 
8.0109 	 1 
8.0109 	 2 
8.3592 	 0 
8.3592 	 1 
8.3592 	 2 
8.5101 	 2 
8.5101 	 1 
8.5101 	 0 
8.6843 	 0 
8.6843 	 1 
8.6843 	 2 
9.0093 	 2 
9.0093 	 0 
9.0210 	 1 
9.1835 	 2 
9.1835 	 1 
9.1835 	 0 
9.3460 	 2 
9.3460 	 0 
9.3460 	 1 
9.6943 	 1 
9.6943 	 2 
9.6943 	 0 
9.8453 	 2 
9.8453 	 0 
9.8453 	 1 
10.1820 	 1 
10.1820 	 2 
10.1820 	 0 
10.3561 	 0 
10.3561 	 1 
10.3561 	 2 
10.5070 	 0 
10.5186 	 2 
10.5186 	 1 
10.6812 	 2 
