0.0116 	 0 
0.0116 	 1 
0.0116 	 2 
0.1858 	 0 
0.3367 	 2 
0.3483 	 1 
0.6734 	 2 
0.6850 	 1 
0.8359 	 0 
1.0101 	 2 
1.1610 	 0 
1.3351 	 1 
1.3351 	 2 
1.6718 	 2 
1.6834 	 1 
2.0085 	 0 
2.0085 	 1 
2.0085 	 2 
2.1711 	 0 
2.3336 	 2 
2.6703 	 2 
2.6819 	 0 
2.8793 	 2 
2.9605 	 0 
3.0070 	 2 
3.0070 	 1 
3.1347 	 2 
3.3437 	 2 
3.3437 	 1 
3.6688 	 0 
3.6804 	 2 
3.8429 	 0 
4.0054 	 2 
4.0054 	 1 
4.3421 	 2 
4.3421 	 1 
4.6672 	 0 
4.6788 	 2 
4.6788 	 1 
4.8414 	 0 
5.0039 	 2 
5.3406 	 2 
5.3406 	 0 
5.5263 	 0 
5.6657 	 2 
5.6773 	 1 
6.0024 	 2 
6.0140 	 1 
6.1649 	 0 
6.3390 	 2 
6.4900 	 0 
6.6641 	 2 
6.6757 	 1 
7.0008 	 2 
7.0124 	 1 
7.3375 	 0 
7.3375 	 2 
7.3491 	 1 
7.5000 	 0 
7.6742 	 2 
8.0109 	 0 
8.0225 	 2 
8.1966 	 2 
8.2895 	 0 
8.3360 	 2 
8.3360 	 1 
8.4753 	 2 
8.6727 	 2 
8.6727 	 1 
8.9977 	 0 
8.9977 	 2 
9.1835 	 0 
9.3344 	 1 
9.3344 	 2 
9.6711 	 2 
9.6827 	 1 
10.0078 	 1 
10.0078 	 0 
10.0078 	 2 
10.1820 	 0 
10.3329 	 2 
10.3445 	 1 
10.8785 	 2 
