0.0116 	 0 
0.3367 	 2 
0.5224 	 1 
0.6850 	 2 
0.9868 	 2 
0.9985 	 0 
1.3351 	 2 
1.5209 	 1 
1.6718 	 2 
1.9969 	 0 
2.0085 	 2 
2.1827 	 1 
2.3336 	 2 
2.6587 	 2 
2.6703 	 0 
3.0070 	 2 
3.1811 	 1 
3.3437 	 2 
3.6571 	 2 
3.6688 	 0 
4.0171 	 2 
4.1680 	 1 
4.3421 	 2 
4.6672 	 2 
4.6788 	 0 
4.9923 	 0 
4.9923 	 2 
5.1897 	 1 
5.3290 	 2 
5.3406 	 0 
5.6773 	 2 
5.8514 	 1 
6.0024 	 2 
6.3390 	 2 
6.3507 	 0 
6.6757 	 2 
6.8383 	 1 
7.0008 	 2 
7.3375 	 2 
7.3375 	 0 
7.5233 	 1 
7.6626 	 2 
7.9993 	 2 
8.0109 	 0 
8.3360 	 2 
8.5217 	 1 
8.6727 	 2 
8.9977 	 2 
9.0093 	 0 
9.3460 	 2 
9.5202 	 1 
9.6479 	 2 
10.0078 	 2 
10.0194 	 0 
10.3329 	 1 
10.5186 	 1 
10.6696 	 0 
11.0063 	 2 
11.1920 	 1 
11.3313 	 2 
11.6680 	 2 
11.6680 	 0 
11.6796 	 1 
12.0163 	 2 
12.1673 	 1 
12.3414 	 2 
12.6665 	 2 
12.6665 	 0 
12.8406 	 1 
12.9916 	 2 
13.3283 	 2 
13.3283 	 0 
13.6766 	 2 
13.8507 	 1 
14.0016 	 2 
14.3383 	 2 
14.3499 	 0 
14.6634 	 2 
14.8376 	 1 
15.0117 	 2 
15.3368 	 2 
15.3368 	 0 
15.6619 	 2 
15.6735 	 1 
15.9869 	 2 
15.9985 	 0 
16.3468 	 2 
16.5094 	 1 
16.6719 	 2 
17.0086 	 2 
17.0202 	 0 
17.3337 	 2 
17.5078 	 1 
17.6704 	 2 
17.9955 	 2 
18.0071 	 0 
18.3322 	 2 
18.3322 	 1 
18.6688 	 2 
18.6805 	 0 
19.0171 	 2 
19.1797 	 1 
19.3306 	 2 
19.6557 	 2 
19.6673 	 0 
20.0040 	 2 
20.2014 	 1 
20.3175 	 2 
20.6658 	 0 
20.6658 	 2 
21.0024 	 1 
21.0024 	 2 
23.1735 	 0 
