0.0116 	 0 
0.0116 	 2 
0.4760 	 1 
0.4760 	 2 
0.9404 	 2 
0.9404 	 0 
1.8576 	 2 
1.8692 	 1 
2.4729 	 2 
2.4845 	 0 
2.9489 	 1 
2.9489 	 2 
3.4017 	 2 
3.4133 	 0 
4.3305 	 0 
4.4002 	 2 
4.8065 	 1 
4.8065 	 0 
4.8065 	 2 
4.9459 	 2 
4.9575 	 0 
5.4219 	 2 
5.4219 	 1 
5.8863 	 2 
5.8863 	 0 
6.8151 	 2 
6.8151 	 1 
7.4188 	 2 
7.4420 	 0 
7.8948 	 1 
7.8948 	 2 
8.1966 	 2 
8.2431 	 2 
8.3592 	 2 
8.3592 	 1 
8.3708 	 0 
8.5217 	 1 
8.5217 	 0 
8.6030 	 2 
8.6727 	 0 
8.6959 	 2 
8.8468 	 2 
9.2764 	 2 
9.2880 	 1 
9.2996 	 0 
9.5782 	 2 
9.5898 	 0 
9.7408 	 1 
9.7524 	 2 
9.7640 	 0 
14.7447 	 0 
