0.0116 	 2 
0.1509 	 1 
0.1625 	 2 
0.1625 	 0 
0.4412 	 2 
0.4412 	 1 
0.4412 	 0 
0.5921 	 2 
0.7198 	 1 
0.7198 	 0 
0.7314 	 2 
0.8591 	 1 
0.8591 	 2 
0.8591 	 0 
1.7067 	 0 
1.7067 	 1 
1.7067 	 2 
2.1362 	 0 
2.1362 	 2 
2.1478 	 1 
3.1115 	 0 
3.4017 	 0 
3.4017 	 2 
3.9706 	 2 
3.9706 	 0 
3.9706 	 1 
4.2609 	 0 
4.5279 	 2 
4.5395 	 0 
4.5395 	 1 
5.1084 	 2 
5.1084 	 0 
5.1200 	 1 
5.3986 	 1 
5.3986 	 2 
5.3986 	 0 
5.6773 	 1 
5.6773 	 2 
5.6773 	 0 
6.2346 	 2 
6.2346 	 0 
6.2462 	 1 
7.9296 	 0 
7.9296 	 2 
7.9412 	 1 
8.3592 	 2 
8.3592 	 0 
8.3708 	 1 
8.5101 	 1 
8.5101 	 2 
8.5101 	 0 
8.6494 	 0 
8.6494 	 1 
8.6494 	 2 
8.7888 	 0 
8.7888 	 2 
8.7888 	 1 
8.9281 	 2 
