0.0116 	 0 
0.0116 	 1 
0.0116 	 2 
0.6734 	 1 
0.6734 	 0 
0.6734 	 2 
0.8011 	 2 
0.9985 	 2 
0.9985 	 1 
0.9985 	 0 
1.1262 	 2 
1.4977 	 0 
1.4977 	 1 
1.4977 	 2 
1.6718 	 2 
1.6718 	 0 
1.6718 	 1 
1.8228 	 0 
1.8228 	 2 
1.8228 	 1 
1.9853 	 2 
1.9853 	 1 
1.9969 	 0 
2.1595 	 2 
2.3104 	 1 
2.3104 	 2 
2.3220 	 0 
2.4845 	 0 
2.4845 	 2 
2.4845 	 1 
2.8096 	 2 
2.8096 	 1 
2.8096 	 0 
2.9838 	 2 
3.1347 	 2 
3.1463 	 0 
3.3088 	 0 
3.3088 	 2 
3.3205 	 1 
3.4482 	 2 
3.4598 	 0 
3.7965 	 1 
3.7965 	 2 
3.7965 	 0 
3.9590 	 2 
3.9590 	 0 
4.1215 	 1 
4.1332 	 0 
4.1332 	 2 
4.2957 	 0 
4.2957 	 2 
4.2957 	 1 
4.4234 	 2 
8.9629 	 2 
