0.0116 	 0 
0.0116 	 1 
0.0116 	 2 
0.6734 	 0 
0.6734 	 1 
0.6734 	 2 
1.0101 	 0 
1.0101 	 1 
1.1726 	 0 
1.1726 	 1 
1.1726 	 2 
1.3351 	 0 
1.3351 	 1 
1.3351 	 2 
1.4977 	 1 
1.4977 	 2 
1.4977 	 0 
1.6602 	 2 
1.6602 	 0 
1.6602 	 1 
1.8112 	 2 
1.8228 	 0 
1.8228 	 1 
1.9853 	 0 
1.9969 	 1 
1.9969 	 2 
2.3220 	 2 
2.3220 	 1 
2.3220 	 0 
2.9722 	 0 
2.9838 	 1 
2.9838 	 2 
3.1115 	 2 
3.3205 	 2 
3.3205 	 0 
3.3205 	 1 
3.4830 	 2 
3.4830 	 0 
3.4830 	 1 
3.6455 	 1 
3.6455 	 2 
3.6455 	 0 
3.8081 	 2 
3.8081 	 0 
3.8197 	 1 
3.9706 	 0 
3.9706 	 1 
3.9706 	 2 
4.1215 	 2 
4.1332 	 0 
4.1332 	 1 
4.2957 	 0 
4.2957 	 2 
4.3073 	 1 
4.4698 	 2 
4.4698 	 1 
4.4698 	 0 
7.4652 	 2 
