0.0116 	 0 
0.0232 	 1 
0.0232 	 2 
0.3251 	 0 
0.3251 	 2 
0.3367 	 1 
0.6502 	 1 
0.8011 	 1 
0.9520 	 2 
0.9636 	 1 
0.9636 	 0 
1.1146 	 1 
1.2771 	 2 
1.4396 	 1 
1.5906 	 2 
1.6022 	 1 
1.6022 	 0 
1.9040 	 1 
2.0666 	 0 
2.2175 	 1 
2.2175 	 2 
2.5310 	 1 
2.5426 	 0 
2.8444 	 2 
3.0186 	 0 
3.1695 	 1 
3.4830 	 2 
3.6455 	 1 
3.8081 	 0 
4.1099 	 2 
4.1215 	 1 
4.1215 	 0 
4.4350 	 1 
4.5976 	 0 
4.7369 	 2 
4.7485 	 1 
5.0620 	 2 
5.0620 	 0 
5.0736 	 1 
5.3754 	 2 
5.5380 	 0 
5.6889 	 1 
5.8514 	 1 
6.0140 	 2 
6.1649 	 1 
6.3274 	 0 
6.6409 	 0 
6.6409 	 1 
6.6409 	 2 
6.9660 	 1 
7.1169 	 0 
7.2678 	 2 
7.4304 	 1 
7.5929 	 0 
7.8948 	 2 
8.0689 	 0 
8.2199 	 1 
8.5333 	 2 
8.8584 	 1 
8.8584 	 0 
9.1603 	 2 
9.1719 	 0 
9.1719 	 1 
9.4854 	 1 
9.6479 	 0 
9.7988 	 2 
9.8104 	 1 
14.7911 	 2 
