0.0116 	 0 
0.0116 	 1 
0.0116 	 2 
0.6385 	 0 
0.6385 	 2 
0.6502 	 1 
0.9520 	 0 
0.9520 	 1 
0.9520 	 2 
1.2655 	 1 
1.2655 	 2 
1.2771 	 0 
1.5790 	 2 
1.5906 	 0 
1.5906 	 1 
1.9040 	 2 
1.9040 	 0 
1.9156 	 1 
2.2175 	 2 
2.2291 	 0 
2.5426 	 2 
2.8561 	 1 
2.8561 	 2 
2.8561 	 0 
3.0070 	 0 
3.1695 	 1 
3.1695 	 0 
3.1695 	 2 
3.3553 	 2 
3.4830 	 2 
3.6571 	 0 
3.6571 	 2 
3.7965 	 2 
3.7965 	 0 
3.7965 	 1 
4.1099 	 0 
4.1099 	 1 
4.1099 	 2 
4.2609 	 0 
4.4350 	 1 
4.4350 	 2 
4.5859 	 1 
4.5859 	 2 
4.5859 	 0 
4.7485 	 2 
5.0620 	 2 
5.0620 	 1 
5.0620 	 0 
5.6889 	 2 
5.6889 	 0 
5.7005 	 1 
5.8746 	 2 
6.0024 	 0 
6.0024 	 1 
6.0024 	 2 
6.3158 	 2 
6.3274 	 1 
6.3274 	 0 
6.4784 	 1 
6.4784 	 2 
6.4784 	 0 
6.6525 	 2 
6.7918 	 0 
6.7918 	 1 
6.7918 	 2 
6.9428 	 0 
6.9544 	 2 
6.9544 	 1 
7.5813 	 2 
7.5929 	 0 
7.9064 	 1 
7.9064 	 2 
7.9064 	 0 
8.2199 	 2 
8.2199 	 0 
8.2315 	 1 
8.4056 	 2 
8.5333 	 0 
8.5449 	 2 
8.6959 	 2 
8.7075 	 0 
8.8468 	 0 
8.8468 	 2 
8.8468 	 1 
9.1719 	 2 
9.1719 	 1 
9.1719 	 0 
9.3228 	 0 
9.4854 	 0 
9.4854 	 2 
9.4854 	 1 
9.6711 	 2 
9.7988 	 2 
14.7911 	 2 
