0.0116 	 0 
0.0116 	 2 
0.1161 	 2 
0.3251 	 0 
0.6502 	 2 
0.6502 	 1 
0.9520 	 0 
1.2771 	 2 
1.5906 	 0 
1.9040 	 1 
1.9156 	 2 
2.3800 	 1 
2.5310 	 0 
2.5310 	 2 
2.8561 	 0 
3.1695 	 2 
3.1695 	 1 
3.4598 	 2 
3.4830 	 0 
3.8081 	 2 
4.1215 	 0 
4.4350 	 2 
4.4350 	 1 
4.7253 	 2 
4.9110 	 1 
5.0503 	 0 
5.0620 	 2 
5.3754 	 0 
5.7005 	 1 
5.7005 	 2 
6.0140 	 0 
6.3274 	 2 
6.6409 	 0 
6.9660 	 1 
6.9660 	 2 
7.4420 	 1 
7.5813 	 0 
7.5929 	 2 
7.9064 	 0 
8.2199 	 1 
8.2315 	 2 
8.5217 	 2 
8.5333 	 0 
8.8584 	 2 
9.1719 	 0 
9.4854 	 1 
9.4854 	 2 
9.7988 	 1 
9.9498 	 2 
9.9614 	 1 
11.9583 	 0 
