0.0116 	 0 
0.0232 	 2 
0.3251 	 0 
0.6385 	 2 
0.6385 	 1 
0.9636 	 0 
1.2887 	 2 
1.9040 	 2 
1.9040 	 1 
2.0666 	 0 
2.3800 	 1 
2.5310 	 0 
2.5310 	 2 
2.8561 	 0 
3.1579 	 1 
3.1579 	 2 
3.4830 	 0 
3.8197 	 2 
4.4350 	 1 
4.4350 	 2 
4.5859 	 0 
4.8994 	 1 
5.0503 	 2 
5.0620 	 0 
5.3754 	 0 
5.6889 	 2 
5.6889 	 1 
6.0140 	 0 
6.3390 	 2 
6.9544 	 1 
6.9544 	 2 
7.1169 	 0 
7.4304 	 1 
7.5813 	 2 
7.5929 	 0 
7.9064 	 0 
8.2083 	 1 
8.2199 	 2 
8.5449 	 0 
8.8584 	 2 
9.4854 	 2 
9.4854 	 1 
9.4970 	 0 
9.9614 	 1 
12.4575 	 2 
