0.0116 	 2 
0.3251 	 2 
0.3367 	 0 
0.6269 	 2 
0.6502 	 1 
0.9520 	 2 
0.9636 	 0 
1.2771 	 2 
1.5790 	 2 
1.6022 	 0 
1.8924 	 2 
1.9156 	 1 
2.2175 	 2 
2.5310 	 2 
2.5426 	 0 
2.8444 	 2 
2.8561 	 0 
3.1579 	 2 
3.1695 	 1 
3.4714 	 2 
3.4946 	 0 
3.7965 	 2 
4.1099 	 2 
4.1215 	 0 
4.4234 	 2 
4.4350 	 1 
4.7369 	 2 
4.7601 	 0 
5.0620 	 0 
5.3638 	 2 
5.6889 	 1 
6.0024 	 2 
6.0256 	 0 
6.3274 	 0 
6.6293 	 2 
6.9544 	 1 
6.9660 	 2 
7.2795 	 2 
7.5929 	 0 
7.9064 	 2 
8.2199 	 1 
8.5333 	 2 
8.5449 	 0 
8.8584 	 0 
9.1719 	 2 
9.4854 	 2 
9.4854 	 1 
9.7988 	 2 
11.7957 	 2 
