0.0116 	 0 
0.0116 	 2 
0.0116 	 1 
0.2554 	 0 
0.2670 	 2 
0.4992 	 2 
0.4992 	 0 
0.4992 	 1 
0.9752 	 2 
0.9752 	 0 
0.9868 	 1 
1.3468 	 1 
1.3584 	 0 
1.3584 	 2 
1.4745 	 0 
1.4745 	 2 
1.4745 	 1 
1.7183 	 2 
1.7183 	 1 
1.7183 	 0 
1.8344 	 2 
1.9621 	 1 
1.9621 	 0 
1.9621 	 2 
2.2059 	 1 
2.2059 	 0 
2.2059 	 2 
2.4497 	 2 
2.4497 	 1 
2.4497 	 0 
2.9257 	 2 
2.9373 	 1 
2.9373 	 0 
3.0650 	 2 
3.2972 	 2 
3.4133 	 2 
3.4249 	 1 
3.4249 	 0 
3.5527 	 2 
3.6804 	 2 
3.6804 	 0 
3.6804 	 1 
6.1649 	 2 
