0.0116 	 0 
0.0116 	 2 
0.2438 	 2 
0.2438 	 1 
0.2554 	 0 
0.4876 	 1 
0.4992 	 0 
0.4992 	 2 
0.6153 	 1 
0.6269 	 0 
0.6269 	 2 
0.7430 	 1 
0.7546 	 2 
0.8707 	 2 
0.9636 	 1 
0.9636 	 2 
0.9752 	 0 
1.0913 	 2 
1.2307 	 1 
1.2307 	 2 
1.2307 	 0 
1.4629 	 1 
1.4745 	 2 
1.4745 	 0 
1.5906 	 2 
1.5906 	 1 
1.6022 	 0 
1.6602 	 0 
1.7183 	 1 
1.7183 	 0 
1.7299 	 2 
1.7763 	 0 
1.8344 	 0 
1.8460 	 2 
1.9505 	 2 
1.9505 	 1 
1.9505 	 0 
2.0782 	 1 
2.0782 	 2 
2.0898 	 0 
2.2059 	 0 
2.2059 	 2 
2.4381 	 1 
2.4497 	 2 
2.4497 	 0 
2.5774 	 2 
2.5890 	 0 
2.6471 	 0 
2.6935 	 0 
2.7051 	 2 
2.7516 	 0 
2.8096 	 2 
2.8212 	 0 
2.9141 	 2 
2.9141 	 1 
2.9257 	 0 
3.0534 	 1 
3.0534 	 0 
3.0650 	 2 
3.1811 	 0 
3.1811 	 1 
3.1927 	 2 
3.2740 	 2 
3.4249 	 1 
3.4249 	 2 
3.4249 	 0 
3.4714 	 2 
3.5410 	 2 
3.5527 	 0 
3.6688 	 0 
3.6804 	 2 
3.7965 	 2 
3.9010 	 2 
3.9938 	 2 
