0.0116 	 0 
0.0116 	 2 
0.0116 	 1 
0.1509 	 0 
0.1509 	 2 
0.2670 	 0 
0.2670 	 2 
0.3715 	 2 
0.3831 	 0 
0.4992 	 0 
0.4992 	 2 
0.4992 	 1 
0.7314 	 2 
0.8591 	 2 
0.8707 	 0 
0.9868 	 2 
0.9868 	 1 
0.9868 	 0 
1.1262 	 2 
1.2190 	 2 
1.2423 	 2 
1.4745 	 0 
1.4745 	 1 
1.4745 	 2 
1.7183 	 0 
1.7183 	 1 
1.7183 	 2 
1.8344 	 2 
1.8460 	 1 
1.8460 	 0 
1.9505 	 0 
1.9505 	 2 
1.9621 	 1 
2.0782 	 1 
2.0782 	 0 
2.0898 	 2 
2.2059 	 2 
2.2059 	 0 
2.2059 	 1 
2.4497 	 1 
2.4497 	 0 
2.4497 	 2 
2.6935 	 2 
2.6935 	 1 
2.6935 	 0 
2.8212 	 1 
2.8212 	 0 
2.8212 	 2 
2.9373 	 1 
2.9373 	 0 
2.9373 	 2 
3.0766 	 2 
3.1695 	 2 
3.4249 	 1 
3.4249 	 2 
3.4249 	 0 
3.6688 	 0 
3.6688 	 1 
3.6688 	 2 
