0.0116 	 0 
0.0232 	 2 
0.2206 	 2 
0.5573 	 0 
0.5573 	 1 
0.5689 	 2 
0.9288 	 0 
0.9288 	 2 
1.1029 	 0 
1.1029 	 2 
1.1146 	 1 
1.6602 	 0 
1.6602 	 2 
1.8344 	 0 
1.8460 	 2 
1.8460 	 1 
2.0201 	 0 
2.0201 	 2 
2.0317 	 1 
2.2059 	 1 
2.2059 	 2 
2.2175 	 0 
2.5774 	 2 
2.5774 	 0 
2.7516 	 0 
2.7632 	 2 
3.1231 	 2 
3.3088 	 1 
3.3088 	 2 
3.3088 	 0 
3.4946 	 2 
3.4946 	 1 
3.4946 	 0 
3.6571 	 0 
3.6571 	 2 
3.6688 	 1 
4.0287 	 0 
4.0287 	 2 
4.0403 	 1 
4.2144 	 1 
4.2260 	 2 
7.2214 	 2 
