0.0116 	 2 
0.0232 	 0 
0.0580 	 1 
0.1161 	 2 
0.1625 	 1 
0.2670 	 1 
0.2670 	 2 
0.3831 	 1 
0.3831 	 2 
0.3947 	 0 
0.5108 	 0 
0.5108 	 1 
0.5224 	 2 
0.6269 	 0 
0.6385 	 1 
0.6502 	 2 
0.7546 	 2 
0.7546 	 1 
0.8127 	 1 
0.8591 	 2 
1.0101 	 1 
1.0217 	 2 
1.1262 	 0 
1.1262 	 2 
1.1262 	 1 
1.2539 	 1 
1.2655 	 2 
1.2655 	 0 
1.3468 	 1 
1.3584 	 2 
1.4512 	 1 
1.4977 	 2 
1.5557 	 2 
1.5557 	 1 
1.6138 	 2 
1.7647 	 2 
1.7647 	 0 
1.8808 	 1 
1.8924 	 2 
1.9969 	 1 
2.0085 	 2 
2.0201 	 0 
2.0666 	 2 
2.1246 	 2 
2.2639 	 2 
2.2639 	 0 
2.3800 	 2 
2.3800 	 0 
2.5078 	 2 
2.5078 	 1 
2.5194 	 0 
2.6239 	 2 
2.6239 	 1 
2.6355 	 0 
2.7516 	 1 
2.7516 	 2 
2.8096 	 1 
2.8677 	 2 
3.0070 	 0 
3.0186 	 2 
3.0186 	 1 
3.1231 	 2 
3.1231 	 0 
3.1927 	 2 
3.2508 	 1 
3.2624 	 0 
3.2624 	 2 
3.3785 	 2 
3.4598 	 2 
3.5062 	 2 
3.5643 	 2 
3.6223 	 2 
3.7616 	 2 
3.7732 	 0 
3.8197 	 2 
3.8893 	 2 
3.8893 	 1 
4.0054 	 2 
4.1215 	 2 
4.2609 	 2 
4.2609 	 1 
4.2609 	 0 
4.3073 	 2 
4.3770 	 2 
4.4466 	 2 
4.5047 	 1 
4.5163 	 2 
4.5163 	 0 
4.6324 	 2 
4.7020 	 2 
4.7485 	 2 
4.8065 	 2 
4.8646 	 2 
5.0155 	 2 
5.1316 	 2 
5.1316 	 0 
5.1316 	 1 
5.1897 	 2 
5.2593 	 2 
5.2593 	 0 
5.2593 	 1 
5.3754 	 2 
5.4451 	 2 
5.5031 	 2 
5.5031 	 1 
5.5147 	 0 
5.5612 	 2 
5.6192 	 2 
5.7585 	 1 
5.7585 	 0 
5.7702 	 2 
5.8630 	 2 
5.8746 	 0 
6.0024 	 1 
6.0140 	 2 
6.0140 	 0 
6.0720 	 2 
6.1301 	 2 
6.2229 	 2 
6.2578 	 2 
6.2578 	 0 
6.3158 	 2 
6.3739 	 2 
6.5016 	 2 
6.5132 	 0 
6.5712 	 2 
6.6293 	 2 
6.6990 	 2 
6.7570 	 1 
6.7570 	 2 
6.7686 	 0 
6.8731 	 2 
6.9660 	 2 
7.0008 	 2 
7.0705 	 2 
7.1401 	 2 
7.2562 	 2 
7.2678 	 0 
7.3143 	 2 
7.3723 	 2 
7.5117 	 2 
7.5117 	 0 
7.6278 	 2 
7.7555 	 2 
7.7787 	 0 
7.8135 	 2 
7.8832 	 2 
8.0341 	 2 
