0.0116 	 2 
0.0116 	 1 
0.1509 	 1 
0.1625 	 2 
0.1625 	 0 
0.2902 	 0 
0.2902 	 2 
0.4180 	 2 
0.5457 	 1 
0.5457 	 0 
0.5573 	 2 
0.9520 	 2 
0.9636 	 1 
1.0913 	 2 
1.0913 	 1 
1.0913 	 0 
1.4861 	 2 
1.4861 	 0 
1.4977 	 1 
1.6254 	 2 
1.6254 	 1 
1.6254 	 0 
1.7647 	 2 
2.0201 	 0 
2.0201 	 1 
2.0317 	 2 
2.1478 	 1 
2.1595 	 0 
2.1595 	 2 
2.2988 	 2 
2.5542 	 2 
2.5658 	 0 
2.6935 	 1 
2.6935 	 0 
2.7051 	 2 
2.8328 	 2 
2.9605 	 2 
2.9605 	 0 
3.0999 	 2 
3.2276 	 2 
3.2276 	 1 
3.2276 	 0 
3.4946 	 2 
3.6339 	 2 
3.6339 	 0 
3.7616 	 1 
3.7616 	 0 
3.7732 	 2 
3.8893 	 2 
4.0287 	 2 
4.0403 	 0 
4.1680 	 2 
4.1680 	 1 
4.1680 	 0 
4.2957 	 1 
4.3073 	 2 
4.3073 	 0 
4.7020 	 2 
4.8298 	 0 
4.8298 	 1 
4.8414 	 2 
5.2361 	 2 
5.2361 	 0 
5.2477 	 1 
5.3754 	 1 
5.3754 	 0 
5.3754 	 2 
5.7702 	 0 
5.7702 	 2 
5.7818 	 1 
5.9095 	 0 
5.9095 	 1 
5.9095 	 2 
6.0488 	 2 
6.1765 	 2 
6.3042 	 2 
6.4435 	 1 
6.4435 	 0 
6.4435 	 2 
6.8499 	 2 
6.9776 	 1 
6.9776 	 0 
6.9892 	 2 
7.2446 	 2 
7.5117 	 1 
7.5117 	 0 
7.5117 	 2 
7.9180 	 2 
8.0457 	 1 
8.0457 	 0 
8.0573 	 2 
8.1966 	 2 
8.3127 	 2 
8.4521 	 0 
8.4521 	 1 
8.4637 	 2 
