0.0116 	 2 
0.0116 	 1 
0.1277 	 2 
0.1277 	 0 
0.2554 	 2 
0.4992 	 1 
0.4992 	 2 
0.5108 	 0 
0.6269 	 2 
0.6502 	 2 
0.7663 	 2 
0.8824 	 2 
1.0101 	 2 
1.0565 	 2 
1.1958 	 2 
1.2539 	 2 
1.2539 	 1 
1.2655 	 0 
1.3700 	 2 
1.4977 	 1 
1.5093 	 0 
1.5093 	 2 
1.6370 	 2 
1.6834 	 2 
1.7531 	 2 
1.8112 	 2 
1.8808 	 1 
1.8924 	 2 
1.9969 	 1 
2.0085 	 2 
2.0201 	 0 
2.0666 	 2 
2.1246 	 2 
2.2523 	 2 
2.2523 	 1 
2.2756 	 0 
2.3104 	 2 
2.3684 	 2 
2.5078 	 2 
2.5078 	 0 
2.5658 	 2 
2.6935 	 2 
2.7516 	 1 
2.7632 	 0 
2.7632 	 2 
2.7980 	 2 
2.8561 	 2 
2.9489 	 2 
3.0070 	 2 
3.0650 	 2 
3.1463 	 2 
3.1927 	 2 
3.2508 	 2 
3.3088 	 2 
3.3669 	 2 
3.5062 	 1 
3.5062 	 2 
3.5178 	 0 
3.6455 	 2 
3.7500 	 2 
3.7616 	 0 
4.0054 	 1 
4.0054 	 0 
4.0054 	 2 
4.2493 	 2 
4.5047 	 2 
4.5047 	 1 
4.5047 	 0 
4.7601 	 2 
4.8878 	 2 
5.0039 	 2 
5.0155 	 0 
5.2477 	 2 
5.2593 	 0 
5.2593 	 1 
5.3058 	 2 
5.3754 	 2 
5.5031 	 2 
5.5147 	 0 
5.7585 	 2 
5.7585 	 1 
5.7702 	 0 
5.8746 	 2 
5.9559 	 2 
6.0024 	 2 
6.0604 	 2 
6.1301 	 1 
6.1417 	 2 
6.2462 	 1 
6.2578 	 2 
6.2694 	 0 
6.3158 	 2 
6.3739 	 2 
6.5016 	 1 
6.5132 	 2 
6.5132 	 0 
6.6293 	 2 
6.6873 	 2 
6.7570 	 2 
6.8151 	 2 
6.8963 	 2 
7.0008 	 2 
7.0473 	 2 
7.2562 	 2 
7.2678 	 0 
7.3143 	 2 
7.3607 	 2 
7.5000 	 2 
7.5000 	 1 
7.5117 	 0 
7.7090 	 2 
7.7555 	 2 
7.8135 	 2 
7.9412 	 2 
