0.0116 	 0 
0.0116 	 1 
0.0116 	 2 
0.1393 	 2 
0.2786 	 0 
0.2786 	 1 
0.2786 	 2 
0.4180 	 2 
0.4296 	 0 
0.5457 	 2 
0.5573 	 0 
0.5573 	 1 
0.6850 	 0 
0.6850 	 2 
0.6850 	 1 
1.0797 	 2 
1.0797 	 1 
1.0797 	 0 
1.3468 	 2 
1.3584 	 0 
1.3584 	 1 
1.4745 	 2 
1.4861 	 1 
1.4861 	 0 
1.6254 	 1 
1.6254 	 2 
1.6254 	 0 
2.0201 	 1 
2.0201 	 2 
2.0201 	 0 
2.1595 	 1 
2.1595 	 2 
2.1595 	 0 
2.2872 	 2 
2.4265 	 2 
2.4265 	 1 
2.4265 	 0 
2.5658 	 0 
2.7051 	 0 
2.8096 	 2 
2.8212 	 1 
2.8212 	 0 
2.8328 	 2 
2.9605 	 2 
2.9605 	 0 
2.9605 	 1 
3.0999 	 2 
3.0999 	 1 
3.1115 	 0 
3.3669 	 0 
3.3669 	 1 
3.3669 	 2 
3.4946 	 0 
3.4946 	 2 
3.4946 	 1 
3.7616 	 0 
3.7732 	 1 
3.7732 	 2 
3.9010 	 0 
3.9010 	 2 
3.9010 	 1 
4.1680 	 0 
4.1680 	 1 
4.1680 	 2 
4.2957 	 2 
4.2957 	 0 
4.2957 	 1 
4.4350 	 2 
4.5627 	 0 
4.5627 	 2 
4.5627 	 1 
4.7020 	 2 
4.7137 	 0 
4.9575 	 0 
4.9691 	 2 
4.9691 	 1 
5.0968 	 0 
5.1084 	 2 
5.1084 	 1 
5.2361 	 1 
5.2361 	 0 
5.2477 	 2 
5.5031 	 2 
5.5031 	 1 
5.5147 	 0 
5.6308 	 1 
5.6308 	 0 
5.6424 	 2 
5.9095 	 2 
5.9095 	 1 
5.9095 	 0 
6.0488 	 2 
6.3042 	 0 
6.3042 	 2 
6.3158 	 1 
6.4435 	 1 
6.4435 	 2 
6.4435 	 0 
6.5712 	 1 
6.5712 	 2 
6.5829 	 0 
6.7106 	 2 
6.7106 	 0 
6.7106 	 1 
6.8383 	 2 
6.8499 	 1 
6.9776 	 1 
6.9776 	 2 
6.9892 	 0 
7.1053 	 1 
7.1053 	 0 
7.1169 	 2 
7.2446 	 0 
7.2562 	 2 
7.2562 	 1 
7.3956 	 2 
7.6510 	 1 
7.6510 	 0 
7.6510 	 2 
7.7787 	 1 
7.7787 	 0 
7.7787 	 2 
8.0573 	 2 
8.0573 	 1 
8.0573 	 0 
8.1966 	 2 
8.1966 	 1 
8.4521 	 2 
8.4521 	 0 
8.4637 	 1 
11.4474 	 2 
