0.0116 	 0 
0.0116 	 2 
0.2786 	 2 
0.4180 	 2 
0.4180 	 0 
0.4180 	 1 
0.5224 	 2 
0.8127 	 2 
0.8127 	 0 
0.8243 	 1 
0.9172 	 2 
1.0797 	 2 
1.0797 	 1 
1.2074 	 2 
1.2190 	 0 
1.3468 	 2 
1.3468 	 1 
1.3584 	 0 
1.4861 	 2 
1.4861 	 0 
1.6254 	 0 
1.6254 	 2 
1.6254 	 1 
1.7647 	 2 
1.8924 	 2 
2.0201 	 0 
2.0201 	 2 
2.1478 	 2 
2.1478 	 1 
2.1595 	 0 
2.2872 	 1 
2.2872 	 0 
2.2872 	 2 
2.4265 	 0 
2.4265 	 2 
2.5194 	 2 
2.5658 	 2 
2.7167 	 2 
2.8212 	 0 
2.8212 	 2 
2.8328 	 1 
2.9605 	 2 
2.9605 	 1 
3.0883 	 1 
3.0883 	 2 
3.2276 	 2 
3.3553 	 2 
3.3553 	 0 
3.3669 	 1 
3.4946 	 0 
3.4946 	 2 
3.4946 	 1 
3.7500 	 1 
3.7616 	 0 
3.7616 	 2 
3.9126 	 2 
4.0287 	 1 
4.0403 	 2 
4.0403 	 0 
4.1680 	 2 
4.1680 	 0 
4.1680 	 1 
4.2957 	 0 
4.2957 	 2 
4.3073 	 1 
4.5627 	 2 
4.7020 	 2 
4.7020 	 1 
4.7020 	 0 
4.8065 	 2 
4.9691 	 2 
5.0968 	 0 
5.0968 	 2 
5.1084 	 1 
5.2129 	 2 
5.3638 	 2 
5.3638 	 1 
5.4915 	 2 
5.5031 	 0 
5.6308 	 1 
5.6308 	 2 
5.6424 	 0 
5.7702 	 2 
5.9095 	 0 
5.9095 	 2 
5.9095 	 1 
5.9443 	 2 
6.0140 	 2 
6.1649 	 2 
6.1649 	 1 
6.3042 	 0 
6.3042 	 2 
6.4319 	 1 
6.4319 	 2 
6.4435 	 0 
6.5712 	 2 
6.6990 	 2 
6.8383 	 0 
6.8383 	 2 
6.8499 	 1 
7.0008 	 2 
7.1169 	 2 
7.1169 	 0 
7.2330 	 0 
7.2446 	 2 
7.2446 	 1 
7.3839 	 2 
7.6510 	 2 
7.6510 	 1 
7.6510 	 0 
7.7903 	 2 
7.9180 	 0 
7.9180 	 2 
8.0225 	 2 
8.8352 	 2 
11.9467 	 2 
