0.0116 	 0 
0.0116 	 2 
0.2786 	 1 
0.2902 	 2 
0.5457 	 1 
0.6734 	 2 
0.6850 	 0 
0.9520 	 1 
0.9636 	 2 
1.0913 	 0 
1.2190 	 2 
1.3700 	 1 
1.4861 	 2 
1.4977 	 1 
1.7647 	 1 
1.9040 	 1 
1.9156 	 2 
2.1711 	 1 
2.3104 	 0 
2.4265 	 2 
2.5774 	 1 
2.7167 	 0 
2.8328 	 2 
3.1115 	 2 
3.1231 	 1 
3.3901 	 1 
3.5294 	 1 
3.6455 	 2 
3.6571 	 0 
3.9242 	 2 
3.9242 	 1 
4.2028 	 1 
4.3305 	 1 
4.3421 	 2 
4.4582 	 2 
4.4698 	 0 
4.6092 	 1 
4.7253 	 2 
4.7369 	 0 
4.8762 	 1 
5.0155 	 1 
5.1432 	 0 
5.2709 	 2 
5.4102 	 1 
5.5380 	 2 
5.5496 	 1 
5.5496 	 0 
5.8166 	 1 
5.9443 	 2 
5.9559 	 0 
5.9559 	 1 
6.2229 	 1 
6.3623 	 0 
8.8584 	 0 
8.8584 	 2 
