0.0116 	 2 
0.4180 	 2 
0.6734 	 2 
0.6850 	 0 
0.8127 	 2 
1.1378 	 1 
1.2190 	 2 
1.2307 	 0 
1.4861 	 2 
1.4977 	 1 
1.6254 	 2 
1.7647 	 1 
1.9505 	 1 
2.0317 	 2 
2.0434 	 0 
2.1595 	 1 
2.2988 	 2 
2.3104 	 0 
2.4381 	 2 
2.8444 	 2 
2.8444 	 0 
2.9722 	 1 
3.1115 	 2 
3.1231 	 1 
3.2508 	 2 
3.6571 	 2 
3.9242 	 2 
3.9358 	 1 
4.0635 	 2 
4.1912 	 1 
4.4582 	 2 
4.4698 	 0 
4.7253 	 2 
4.7369 	 0 
4.8646 	 2 
5.2709 	 2 
5.2825 	 0 
5.5380 	 2 
5.5496 	 1 
5.6773 	 2 
5.9559 	 1 
6.0836 	 2 
6.3507 	 2 
6.3623 	 0 
