0.0116 	 0 
0.0116 	 2 
0.4063 	 2 
0.6734 	 2 
0.6850 	 0 
0.8127 	 2 
1.2190 	 2 
1.2307 	 0 
1.6254 	 2 
1.8924 	 2 
1.9040 	 0 
1.9040 	 1 
2.4381 	 2 
2.7051 	 2 
2.7167 	 1 
2.7283 	 0 
2.8444 	 2 
2.9838 	 1 
3.1231 	 0 
3.2508 	 2 
3.2624 	 0 
3.5294 	 1 
3.5294 	 0 
3.6455 	 2 
3.7965 	 1 
3.9242 	 0 
3.9242 	 2 
4.0519 	 1 
4.2028 	 1 
4.3421 	 0 
4.4582 	 2 
4.4698 	 0 
4.8646 	 2 
5.1316 	 2 
5.1432 	 1 
5.4219 	 1 
5.4219 	 0 
5.5496 	 0 
5.6773 	 2 
5.8282 	 1 
5.9559 	 0 
6.0836 	 2 
6.2229 	 1 
6.3623 	 0 
9.3576 	 2 
